"panel","pair","mean_log_eta","var_log_eta","n_cells","intercept_se","slope_se","r_squared"
"real","AFG_AUS",-0.771105653804608,1.62192353942051,32,NA,NA,NA
"real","AFG_AUT",-0.183374182757181,1.04189210705253,30,NA,NA,NA
"real","AFG_BGR",-2.70915176111049,5.38520034816799,24,NA,NA,NA
"real","AFG_CHE",-0.380551023486258,2.05974835235474,32,NA,NA,NA
"real","AFG_DEU",0.0229817088343435,0.440304810079151,32,NA,NA,NA
"real","AFG_DNK",-1.18110275274765,2.25123979822303,32,NA,NA,NA
"real","AFG_FIN",-1.3665465185519,3.33070406147756,32,NA,NA,NA
"real","AFG_FRA",-0.601002326369721,1.81841448057982,32,NA,NA,NA
"real","AFG_GBR",-0.184660291221,1.2131601709319,32,NA,NA,NA
"real","AFG_GRC",-1.08635291660816,2.97847405396334,29,NA,NA,NA
"real","AFG_GRD",-1.42105851194519,7.57691378703504,8,NA,NA,NA
"real","AFG_HUN",-1.84490606794951,4.65302949445924,27,NA,NA,NA
"real","AFG_IND",-0.0605903279824052,0.597937796145061,14,NA,NA,NA
"real","AFG_ISL",-0.462899555585408,1.13708694256983,21,NA,NA,NA
"real","AFG_ITA",-0.390707509193418,1.22934537297063,31,NA,NA,NA
"real","AFG_JOR",-0.914223800773415,4.63465834147838,28,NA,NA,NA
"real","AFG_JPN",-0.0916896793825206,0.346431272303739,32,NA,NA,NA
"real","AFG_KOR",-0.715038618662116,2.84059241965051,31,NA,NA,NA
"real","AFG_NLD",-1.23180363002857,4.87645409077916,32,NA,NA,NA
"real","AFG_NOR",-0.30225493800582,1.90136943561894,31,NA,NA,NA
"real","AFG_NZL",-0.0966534756851575,1.55820603344654,32,NA,NA,NA
"real","AFG_PRT",-0.829021065371736,2.96550760167993,26,NA,NA,NA
"real","AFG_SAU",-0.798130389796756,1.4740351482453,30,NA,NA,NA
"real","AFG_SGP",-0.630965712514107,3.07232528962957,32,NA,NA,NA
"real","AFG_SWE",-0.871221339037927,2.21443893634756,32,NA,NA,NA
"real","AFG_THA",-1.41590898561574,4.26094974419501,32,NA,NA,NA
"real","AFG_TUN",-1.07788511172384,7.1503154362489,26,NA,NA,NA
"real","AFG_USA",-0.515408808252394,1.59462760181481,32,NA,NA,NA
"real","AGO_AUT",-2.52855348786666,6.96905469294104,28,NA,NA,NA
"real","AGO_CHE",-2.18941388496882,7.90935102033571,32,NA,NA,NA
"real","AGO_DEU",-0.11107284275637,2.30704761455507,32,NA,NA,NA
"real","AGO_ESP",-0.416707261880685,0.561028838318665,32,NA,NA,NA
"real","AGO_FRA",-1.14937244706108,6.97064596192036,30,NA,NA,NA
"real","AGO_GBR",-1.45156322507869,4.19397917791632,29,NA,NA,NA
"real","AGO_ITA",-1.20576447997471,4.86600649437126,30,NA,NA,NA
"real","AGO_JPN",-0.72244980618304,2.14863163047825,32,NA,NA,NA
"real","AGO_KOR",-0.362068742296547,5.08894457311291,29,NA,NA,NA
"real","AGO_NLD",-2.10197830878863,4.85387113822917,32,NA,NA,NA
"real","AGO_PRT",-1.2282461234967,2.71344663852303,32,NA,NA,NA
"real","ALB_AUS",-1.50721692259814,3.5852558381559,32,NA,NA,NA
"real","ALB_AUT",-0.116830049594604,1.19014016778224,17,NA,NA,NA
"real","ALB_BGR",0.00180625497900891,1.04586213237617,8,NA,NA,NA
"real","ALB_CHE",0.373418118936046,0.787479134697684,21,NA,NA,NA
"real","ALB_DEU",0.0979187109529309,0.184018858652975,17,NA,NA,NA
"real","ALB_DZA",-0.764510767920161,3.1286750685476,26,NA,NA,NA
"real","ALB_EGY",0.310375306682165,2.53073768189978,32,NA,NA,NA
"real","ALB_ESP",-0.454724248076007,1.12212476723587,17,NA,NA,NA
"real","ALB_FRA",-0.150395139817122,0.280529515804262,17,NA,NA,NA
"real","ALB_GRC",-0.128240338504154,0.766223599313197,17,NA,NA,NA
"real","ALB_HUN",0.0423377834896941,2.48710323747249,15,NA,NA,NA
"real","ALB_IND",-2.3797464883179,8.1368291997361,26,NA,NA,NA
"real","ALB_ITA",-1.05915769247512,2.58502656414656,17,NA,NA,NA
"real","ALB_JOR",-0.165999109390593,1.75481380495911,19,NA,NA,NA
"real","ALB_JPN",-0.73109093651368,2.33654961371874,32,NA,NA,NA
"real","ALB_NLD",-0.250020290718078,0.945370149407234,17,NA,NA,NA
"real","ALB_NOR",-0.247288993511335,1.05062768848421,17,NA,NA,NA
"real","ALB_SAU",-0.335352207699424,3.95868074129085,28,NA,NA,NA
"real","ALB_SWE",-1.19273206354454,2.86457559480047,17,NA,NA,NA
"real","ALB_TUR",-0.184150069523898,0.28668661151166,19,NA,NA,NA
"real","ALB_USA",-0.166894361955199,1.14933487769243,32,NA,NA,NA
"real","AND_CHE",-0.412601191409708,0.93403311362947,31,NA,NA,NA
"real","AND_JPN",-1.08793635678403,3.23946323044123,29,NA,NA,NA
"real","AND_KOR",-0.750326212656286,5.46782886212857,27,NA,NA,NA
"real","AND_THA",-0.389148627410721,1.94907461188282,28,NA,NA,NA
"real","ANT_AUS",-1.26226425817968,2.94590641176703,17,NA,NA,NA
"real","ANT_CHE",-0.381807579143529,2.81859923456006,23,NA,NA,NA
"real","ANT_JPN",-0.944076970086494,1.63955392997907,23,NA,NA,NA
"real","ARE_AUS",0.0745777536424843,0.2007268143052,32,NA,NA,NA
"real","ARE_AUT",-1.34697817354679,6.07416605922708,31,NA,NA,NA
"real","ARE_CAN",-0.618731147254066,1.14727173588272,32,NA,NA,NA
"real","ARE_CHE",-1.73955678724134,1.12310208926647,25,NA,NA,NA
"real","ARE_CHN",-0.68305478528463,1.1157321531201,30,NA,NA,NA
"real","ARE_DEU",0.0156746150514537,0.141280545824624,32,NA,NA,NA
"real","ARE_DJI",-1.93195859115305,6.13272223141027,20,NA,NA,NA
"real","ARE_ESP",-0.0115965114391043,0.921214787372613,32,NA,NA,NA
"real","ARE_FIN",-0.124319105216914,1.38900828761923,32,NA,NA,NA
"real","ARE_FRA",-1.03118350209365,3.54433410531661,32,NA,NA,NA
"real","ARE_GBR",-0.357745490348777,2.44674899338696,32,NA,NA,NA
"real","ARE_GRC",-0.473149400688015,0.936580706469191,32,NA,NA,NA
"real","ARE_IDN",-0.947349376559648,1.9824380465273,32,NA,NA,NA
"real","ARE_IND",-0.0599578613069017,0.0875050640157341,32,NA,NA,NA
"real","ARE_ITA",-0.848981609589112,2.2263521461676,32,NA,NA,NA
"real","ARE_JOR",-1.6773398550866,3.90138133559763,8,NA,NA,NA
"real","ARE_JPN",0.0802783604057653,0.0369124618868259,32,NA,NA,NA
"real","ARE_KEN",-1.34689803515825,8.41875308472038,28,NA,NA,NA
"real","ARE_KOR",0.113937934368178,0.124616048609441,32,NA,NA,NA
"real","ARE_LKA",-1.08164932473856,2.9447280486122,32,NA,NA,NA
"real","ARE_MAR",-3.34549454816417,11.763197108322,8,NA,NA,NA
"real","ARE_MYS",-0.942936670063937,1.74293979883681,32,NA,NA,NA
"real","ARE_NLD",-0.827891547210708,3.40755440598313,32,NA,NA,NA
"real","ARE_PHL",-1.27858443071223,6.40616101090976,31,NA,NA,NA
"real","ARE_PRT",-0.204835651414229,1.39441943250527,32,NA,NA,NA
"real","ARE_SGP",-0.161414965897715,1.04867316605854,24,NA,NA,NA
"real","ARE_SWE",-0.716269731283385,2.3104594623512,32,NA,NA,NA
"real","ARE_THA",-0.272014676904377,0.202232581308134,32,NA,NA,NA
"real","ARE_TUN",-1.38980890573789,4.9400361986796,8,NA,NA,NA
"real","ARE_TUR",-0.844267463662969,1.63427386369578,32,NA,NA,NA
"real","ARE_TWN",-1.18436977838431,4.61739978781279,32,NA,NA,NA
"real","ARE_USA",-0.384178479979425,2.92658377706906,32,NA,NA,NA
"real","ARG_AGO",-0.188211998840072,0.448443197149232,32,NA,NA,NA
"real","ARG_ARE",-0.462038928717,1.09479363857947,32,NA,NA,NA
"real","ARG_AUS",-0.25602078087009,0.226320740599732,32,NA,NA,NA
"real","ARG_AUT",-0.446981059409481,0.439482692264636,32,NA,NA,NA
"real","ARG_BGR",-0.190853601181862,0.363297458196628,29,NA,NA,NA
"real","ARG_BHR",-0.513260685948624,2.42808910785629,30,NA,NA,NA
"real","ARG_BHS",-1.40134148788918,3.04098713869801,31,NA,NA,NA
"real","ARG_BRB",-0.297164863133166,0.542306274091396,32,NA,NA,NA
"real","ARG_CAN",-0.456193832022457,0.424134297305894,32,NA,NA,NA
"real","ARG_CHE",-0.499928400687094,0.806160208934793,32,NA,NA,NA
"real","ARG_CHN",0.0668445560952181,0.189808087011553,32,NA,NA,NA
"real","ARG_CIV",-0.602100128285907,0.887752332542722,31,NA,NA,NA
"real","ARG_COD",-0.620270566932578,1.46837367555118,31,NA,NA,NA
"real","ARG_COG",-0.28080054672705,0.784186834475422,32,NA,NA,NA
"real","ARG_CPV",-0.641732394766637,2.1209442765363,29,NA,NA,NA
"real","ARG_CRI",-0.584586257407071,1.65965101065647,32,NA,NA,NA
"real","ARG_CYP",-0.0181837623103072,0.221596814187375,32,NA,NA,NA
"real","ARG_DEU",0.0502375148896885,0.0715823601624313,32,NA,NA,NA
"real","ARG_DNK",0.0756897327544999,0.154053049428263,32,NA,NA,NA
"real","ARG_DOM",-0.460807916667895,1.49280629082949,32,NA,NA,NA
"real","ARG_ESP",-0.0342271942685076,0.0463265538324585,32,NA,NA,NA
"real","ARG_FIN",-0.0377463420999885,0.438860002987934,32,NA,NA,NA
"real","ARG_FRA",0.05090689570312,0.0621986055145123,32,NA,NA,NA
"real","ARG_GAB",0.00932111434000285,0.369602092837793,32,NA,NA,NA
"real","ARG_GBR",-0.0525610434516117,0.0393607192201842,32,NA,NA,NA
"real","ARG_GLP",0.0688929006243605,1.11809162752429,8,NA,NA,NA
"real","ARG_GRC",0.0683163266046121,0.100233231750109,32,NA,NA,NA
"real","ARG_GRD",-0.226602539279321,0.393864715529523,31,NA,NA,NA
"real","ARG_GTM",-0.532503782587469,1.76748832290214,32,NA,NA,NA
"real","ARG_GUF",0.282845904794143,1.87707585020846,10,NA,NA,NA
"real","ARG_HND",-0.540190917760499,1.48081138076701,30,NA,NA,NA
"real","ARG_HTI",-0.774657706985992,2.39260091364666,32,NA,NA,NA
"real","ARG_HUN",-0.230238823145945,1.17946538393573,32,NA,NA,NA
"real","ARG_IRL",-0.462580616566264,0.52687501100701,32,NA,NA,NA
"real","ARG_ISL",-0.7542933865014,0.656264009195851,32,NA,NA,NA
"real","ARG_ISR",-0.0360093498452086,0.146103411479156,20,NA,NA,NA
"real","ARG_ITA",0.00826965889930578,0.046169163770974,32,NA,NA,NA
"real","ARG_JAM",-0.189959210571461,0.712133318342115,30,NA,NA,NA
"real","ARG_JOR",-0.607639269855545,2.90656215669875,32,NA,NA,NA
"real","ARG_JPN",0.0127300260565919,0.145540689819068,32,NA,NA,NA
"real","ARG_KWT",-0.506807584166515,2.09977005679731,32,NA,NA,NA
"real","ARG_LBN",-0.292697529920497,0.428891535199877,32,NA,NA,NA
"real","ARG_MLT",-0.731287160885905,1.62896123705706,32,NA,NA,NA
"real","ARG_MTQ",0.215216478808525,0.784864153797026,8,NA,NA,NA
"real","ARG_MUS",-0.345749290800564,0.967330088136969,30,NA,NA,NA
"real","ARG_NLD",0.0470226559666031,0.0812280705235615,32,NA,NA,NA
"real","ARG_NOR",0.268455274400687,0.585915934955333,32,NA,NA,NA
"real","ARG_NZL",-0.455295978852808,0.616621355714119,32,NA,NA,NA
"real","ARG_PAN",-0.990707572951108,3.56788837070392,23,NA,NA,NA
"real","ARG_POL",-0.582212506585712,0.820835930404447,32,NA,NA,NA
"real","ARG_PRT",-0.00722726636894444,0.319602819460568,32,NA,NA,NA
"real","ARG_REU",-0.520425320357904,3.73909953000882,10,NA,NA,NA
"real","ARG_SAU",-0.712162891600876,0.847178170828355,32,NA,NA,NA
"real","ARG_SEN",-0.845053578751729,2.09066520507317,32,NA,NA,NA
"real","ARG_SLV",-0.438513430380764,1.56635358640952,30,NA,NA,NA
"real","ARG_SUR",-0.530176772115988,0.648758371977177,32,NA,NA,NA
"real","ARG_SWE",0.0346016853380921,0.109616051212343,32,NA,NA,NA
"real","ARG_SYR",-0.124675922502918,0.251726992155786,32,NA,NA,NA
"real","ARG_TGO",-0.434688630676181,1.20032283194282,30,NA,NA,NA
"real","ARG_TUR",-0.0552534426509779,0.71716075410274,32,NA,NA,NA
"real","ARG_TWN",-0.0374614918312498,0.373167460466285,32,NA,NA,NA
"real","ARG_UGA",-1.22721846399695,3.16093365213802,27,NA,NA,NA
"real","ARG_USA",-0.171017299931261,0.297305016314294,32,NA,NA,NA
"real","ARG_ZAF",0.198582032250425,0.469350617320687,27,NA,NA,NA
"real","ARG_ZMB",-0.343842916171782,2.37973541993573,28,NA,NA,NA
"real","ATG_AUT",-0.103864207971379,4.10772110019618,18,NA,NA,NA
"real","ATG_CAN",0.983566315431581,2.96172891777171,32,NA,NA,NA
"real","ATG_CHE",0.718259809923496,4.90425970852617,32,NA,NA,NA
"real","ATG_CHN",1.52727600265404,8.26988598214609,27,NA,NA,NA
"real","ATG_DEU",-2.76934324315121,8.44139804796047,19,NA,NA,NA
"real","ATG_FIN",-0.0811754689309861,3.64243684035594,18,NA,NA,NA
"real","ATG_FRA",-1.02172811333136,2.52767655377871,18,NA,NA,NA
"real","ATG_GBR",0.40296800441458,1.68453442513304,19,NA,NA,NA
"real","ATG_GRC",-0.56546819795435,3.95916413178085,10,NA,NA,NA
"real","ATG_JPN",0.973365515701461,3.39971886389916,29,NA,NA,NA
"real","ATG_NLD",-0.885451377730324,4.63642419773665,19,NA,NA,NA
"real","ATG_PRT",-1.02744212482453,4.56494405225078,19,NA,NA,NA
"real","ATG_SWE",-0.776636532375122,4.55649025750732,17,NA,NA,NA
"real","ATG_USA",1.0270525099817,2.26726464222877,32,NA,NA,NA
"real","AUS_AFG",-0.985685754985746,2.54037194285026,32,NA,NA,NA
"real","AUS_AGO",-0.435925873510942,1.09959174092292,32,NA,NA,NA
"real","AUS_AIA",-0.542692577537832,4.29646195974187,23,NA,NA,NA
"real","AUS_ALB",-0.943474236514164,2.89124597409098,31,NA,NA,NA
"real","AUS_ANT",-0.509951793181218,0.865687357653557,23,NA,NA,NA
"real","AUS_ARE",0.0596230776355533,0.197103858693813,32,NA,NA,NA
"real","AUS_ARG",0.0468808461001906,0.131397342488423,32,NA,NA,NA
"real","AUS_ATG",-0.132224119978739,0.705698495605869,31,NA,NA,NA
"real","AUS_AUT",-0.284439105816433,0.36955850701235,32,NA,NA,NA
"real","AUS_BDI",-0.400619374841386,0.846147783325767,31,NA,NA,NA
"real","AUS_BEN",-1.18562142227877,2.62287953435017,32,NA,NA,NA
"real","AUS_BFA",-1.59751452685939,3.12160852327305,32,NA,NA,NA
"real","AUS_BGD",0.00136547316559314,0.10085061153211,32,NA,NA,NA
"real","AUS_BGR",-0.276482058445057,0.735564064874658,32,NA,NA,NA
"real","AUS_BHR",-0.359472674245447,0.579063007983537,32,NA,NA,NA
"real","AUS_BHS",0.123401356097961,0.817899659555866,32,NA,NA,NA
"real","AUS_BLZ",-0.348764369481761,1.193982869795,31,NA,NA,NA
"real","AUS_BMU",0.192349905701692,1.90526887675129,32,NA,NA,NA
"real","AUS_BOL",-0.377215699237263,0.633311132110577,32,NA,NA,NA
"real","AUS_BRA",0.0809528658041792,0.0873283204445528,32,NA,NA,NA
"real","AUS_BRB",0.17224358196792,0.405228539411103,32,NA,NA,NA
"real","AUS_BRN",-0.00188287902763032,0.18762731448646,21,NA,NA,NA
"real","AUS_BTN",-0.289177595285913,1.41066485426128,32,NA,NA,NA
"real","AUS_BWA",0.0555879797465078,2.77085277024546,27,NA,NA,NA
"real","AUS_CAN",0.127961379699194,0.0897834357588056,30,NA,NA,NA
"real","AUS_CCK",-0.0713248940588168,0.270047290193916,32,NA,NA,NA
"real","AUS_CHE",-0.118841997666953,0.0459137050838544,32,NA,NA,NA
"real","AUS_CHL",-0.0439472583774246,0.0868401474563972,20,NA,NA,NA
"real","AUS_CHN",-0.14920586524022,0.0496098991695464,26,NA,NA,NA
"real","AUS_CIV",-0.961473419262568,1.67999976675721,32,NA,NA,NA
"real","AUS_CMR",-0.738796801526152,2.06884204757193,32,NA,NA,NA
"real","AUS_COD",-2.19419272186655,3.83381045680892,31,NA,NA,NA
"real","AUS_COL",0.284081659389964,0.495623185538707,32,NA,NA,NA
"real","AUS_COM",-1.1740732500612,3.28095965556798,28,NA,NA,NA
"real","AUS_CPV",-1.12595473238653,4.41228192559114,27,NA,NA,NA
"real","AUS_CRI",-0.374907130567937,0.643476164668191,32,NA,NA,NA
"real","AUS_CUB",-0.692722366565636,1.7082945285021,32,NA,NA,NA
"real","AUS_CXR",-0.0345667750597185,0.0409556162294999,32,NA,NA,NA
"real","AUS_CYP",-0.0352669622313812,0.322195256371441,32,NA,NA,NA
"real","AUS_DEU",0.00358365968007324,0.0248554189180811,32,NA,NA,NA
"real","AUS_DJI",-0.17497920521177,0.468841342760875,32,NA,NA,NA
"real","AUS_DMA",-0.427554158263583,1.2610269525451,30,NA,NA,NA
"real","AUS_DNK",-0.203204426162229,0.275650166868895,32,NA,NA,NA
"real","AUS_DOM",-0.35532147159512,1.40221643861525,31,NA,NA,NA
"real","AUS_DZA",0.04957868402217,1.24780601569238,32,NA,NA,NA
"real","AUS_ECU",0.240788279890088,0.819709140514633,32,NA,NA,NA
"real","AUS_EGY",0.248305599124924,0.546756641155219,32,NA,NA,NA
"real","AUS_ESP",0.0655724394585982,0.102620418708289,32,NA,NA,NA
"real","AUS_FIN",-0.176657606747984,0.268460454116902,32,NA,NA,NA
"real","AUS_FRA",0.157586035896695,0.22105752997471,32,NA,NA,NA
"real","AUS_GAB",-0.570903412710741,1.73583452110808,31,NA,NA,NA
"real","AUS_GBR",0.00507637182709306,0.107759544519898,32,NA,NA,NA
"real","AUS_GHA",-0.188686488253362,0.646246722924976,32,NA,NA,NA
"real","AUS_GIB",-2.03232033689368,3.63936750870441,29,NA,NA,NA
"real","AUS_GIN",-0.891536928609353,3.16899992060171,32,NA,NA,NA
"real","AUS_GLP",-1.38766243832789,2.92108984219402,12,NA,NA,NA
"real","AUS_GMB",-1.49026964207896,2.83325525929565,32,NA,NA,NA
"real","AUS_GNB",-0.744455289500892,1.89316384847283,18,NA,NA,NA
"real","AUS_GRC",-0.0323625598597567,0.291232589939837,32,NA,NA,NA
"real","AUS_GRD",-0.566191264361962,1.32667910956004,32,NA,NA,NA
"real","AUS_GTM",-0.358780786668561,0.779004392585841,32,NA,NA,NA
"real","AUS_GUF",-0.961234815581053,1.21004443966549,11,NA,NA,NA
"real","AUS_GUY",-0.511318339497851,1.1035318966507,32,NA,NA,NA
"real","AUS_HUN",-0.132224453812446,0.325953471531492,32,NA,NA,NA
"real","AUS_IDN",0.0423880524835741,0.0292309816431032,23,NA,NA,NA
"real","AUS_IND",0.00737339276222942,0.0417024314738596,32,NA,NA,NA
"real","AUS_IRL",-0.255511508807555,0.150111885772657,32,NA,NA,NA
"real","AUS_IRN",-0.0926309879145827,0.886548682051544,32,NA,NA,NA
"real","AUS_IRQ",-1.46850286642878,6.67634636037768,31,NA,NA,NA
"real","AUS_ISL",-0.227240022045509,2.04467344736748,32,NA,NA,NA
"real","AUS_ISR",0.198217023437392,0.173238985466303,32,NA,NA,NA
"real","AUS_ITA",0.202090433120352,0.334297719812506,32,NA,NA,NA
"real","AUS_JAM",-0.159825729773835,0.573588787747788,32,NA,NA,NA
"real","AUS_JOR",0.0140231241237125,0.205155234153071,32,NA,NA,NA
"real","AUS_JPN",-0.0590748692118021,0.019435723392675,26,NA,NA,NA
"real","AUS_KEN",0.0328518931137076,0.344573705395582,32,NA,NA,NA
"real","AUS_KHM",0.0985298091911077,0.889887411038186,22,NA,NA,NA
"real","AUS_KNA",-0.0829342249019846,0.977708185003991,29,NA,NA,NA
"real","AUS_KOR",0.00204682656996184,0.00991172559814081,25,NA,NA,NA
"real","AUS_KWT",0.0553162930432048,0.261224458888923,32,NA,NA,NA
"real","AUS_LAO",-0.402330593431059,0.952806518020411,22,NA,NA,NA
"real","AUS_LBN",-0.134683867652736,0.413737139419995,32,NA,NA,NA
"real","AUS_LBR",-1.16180374974602,3.15640127655349,30,NA,NA,NA
"real","AUS_LBY",-0.425641118640965,1.46574240808125,32,NA,NA,NA
"real","AUS_LCA",0.502789003114676,0.988615983367087,32,NA,NA,NA
"real","AUS_LKA",0.0521070861492482,0.0986205703705559,32,NA,NA,NA
"real","AUS_MAC",0.149293959178593,0.357406157496934,32,NA,NA,NA
"real","AUS_MAR",-0.15478468930009,0.640499608010604,32,NA,NA,NA
"real","AUS_MDG",-0.186454308451365,0.295675785907822,32,NA,NA,NA
"real","AUS_MDV",-0.252528734261076,0.409336299029275,32,NA,NA,NA
"real","AUS_MEX",0.309297370607322,0.478961390276136,30,NA,NA,NA
"real","AUS_MLI",-0.82581008978736,1.48707435226987,32,NA,NA,NA
"real","AUS_MLT",-0.28515216140173,0.696260833216675,32,NA,NA,NA
"real","AUS_MMR",-0.224198828509148,0.754368373289158,21,NA,NA,NA
"real","AUS_MNG",-1.1356299627641,3.59666216682245,31,NA,NA,NA
"real","AUS_MOZ",-0.33742670688929,0.750393635244828,32,NA,NA,NA
"real","AUS_MRT",-0.856680066570845,1.55524562223658,32,NA,NA,NA
"real","AUS_MSR",-2.34667839983289,9.81164247571424,20,NA,NA,NA
"real","AUS_MUS",0.106168527796867,0.0988652417721498,32,NA,NA,NA
"real","AUS_MWI",-0.681619793248674,1.1378182322678,32,NA,NA,NA
"real","AUS_MYS",0.0796478825455988,0.0892152987061669,21,NA,NA,NA
"real","AUS_NER",0.0225594858923307,1.050560653238,32,NA,NA,NA
"real","AUS_NFK",0.000444106087567682,0.143816358109135,32,NA,NA,NA
"real","AUS_NGA",-0.896130370746186,1.3505530237156,32,NA,NA,NA
"real","AUS_NIC",-0.42715949461879,0.901526282744847,32,NA,NA,NA
"real","AUS_NLD",0.109910257321939,0.171977088638333,32,NA,NA,NA
"real","AUS_NOR",-0.0999535395959584,0.24335615602398,32,NA,NA,NA
"real","AUS_NPL",-0.305732068661988,0.432219214863867,32,NA,NA,NA
"real","AUS_OMN",0.178878146208492,0.211555318644361,32,NA,NA,NA
"real","AUS_PAK",0.195006437013437,0.257816146892196,32,NA,NA,NA
"real","AUS_PAN",-0.898736203498152,1.58058001197374,32,NA,NA,NA
"real","AUS_PCN",-0.991657235841946,5.2513164398133,26,NA,NA,NA
"real","AUS_PER",0.122699640947234,0.216182167806234,32,NA,NA,NA
"real","AUS_PHL",0.199755209830157,0.286576177403622,21,NA,NA,NA
"real","AUS_POL",-0.0793379126241555,0.615008907893853,32,NA,NA,NA
"real","AUS_PRK",-1.83546841360693,7.42970825570678,13,NA,NA,NA
"real","AUS_PRT",0.0140432305999257,0.70913987223207,32,NA,NA,NA
"real","AUS_PRY",-0.315706853784175,1.30581756205467,32,NA,NA,NA
"real","AUS_PYF",0.0828469076945096,0.447310669254049,32,NA,NA,NA
"real","AUS_QAT",-0.0222655241567158,0.231732375338328,32,NA,NA,NA
"real","AUS_REU",0.0807411609516624,0.450049088622332,12,NA,NA,NA
"real","AUS_ROU",0.0694777622856334,0.815277936096417,32,NA,NA,NA
"real","AUS_RWA",-0.876224142638565,1.82790030202476,30,NA,NA,NA
"real","AUS_SAU",-0.0268853207470053,0.409501333547997,32,NA,NA,NA
"real","AUS_SDN",-0.692455777474924,1.47659531644578,32,NA,NA,NA
"real","AUS_SEN",-1.17716654612777,2.63668290879338,32,NA,NA,NA
"real","AUS_SGP",0.0113389952701246,0.148564721836297,14,NA,NA,NA
"real","AUS_SLE",-0.878177487485464,1.10213960025756,32,NA,NA,NA
"real","AUS_SLV",-1.17207418205637,3.15437990930119,32,NA,NA,NA
"real","AUS_SOM",-0.302999932367416,1.69882044688696,31,NA,NA,NA
"real","AUS_STP",-1.32708625900646,4.99265966886518,25,NA,NA,NA
"real","AUS_SWE",-0.0734983466057623,0.0679413821076159,32,NA,NA,NA
"real","AUS_SYC",0.128530683271203,0.341214609897663,32,NA,NA,NA
"real","AUS_SYR",-1.16146164476536,1.75890342518272,32,NA,NA,NA
"real","AUS_TCD",-0.834997766965873,1.9949304708511,32,NA,NA,NA
"real","AUS_TGO",-0.732281860366759,1.38651843938806,32,NA,NA,NA
"real","AUS_THA",-0.0292609186200938,0.0145164845851699,16,NA,NA,NA
"real","AUS_TTO",0.115493833407487,0.580650398264087,32,NA,NA,NA
"real","AUS_TUN",0.01338577944998,0.622701069487518,32,NA,NA,NA
"real","AUS_TUR",0.107052353341258,0.251923604420906,32,NA,NA,NA
"real","AUS_TWN",0.0406484696689774,0.0343205657996243,32,NA,NA,NA
"real","AUS_TZA",-0.250046599254127,1.02086936577899,32,NA,NA,NA
"real","AUS_UGA",-0.250599378823403,1.32779242175351,32,NA,NA,NA
"real","AUS_URY",0.07971340929363,0.57297097402507,32,NA,NA,NA
"real","AUS_USA",0.0310890998810622,0.040892115540074,16,NA,NA,NA
"real","AUS_VCT",-0.539346820144673,1.30387997474992,31,NA,NA,NA
"real","AUS_VEN",0.0289152663457387,0.742016345089573,32,NA,NA,NA
"real","AUS_VNM",0.0414934445179708,0.141075286865309,21,NA,NA,NA
"real","AUS_YEM",-0.728360565218852,1.33515414645088,31,NA,NA,NA
"real","AUS_ZAF",0.239874164901183,0.321512248997941,32,NA,NA,NA
"real","AUS_ZMB",-0.751538397310698,1.01976699695634,32,NA,NA,NA
"real","AUS_ZWE",-0.177655574950384,0.910265423515426,32,NA,NA,NA
"real","AUT_ALB",-0.867823902532028,2.22337467651175,17,NA,NA,NA
"real","AUT_ARE",-0.535995334942797,2.26279446657251,32,NA,NA,NA
"real","AUT_ARG",-0.733108124547953,4.55153289715521,31,NA,NA,NA
"real","AUT_AUS",0.0778585163641983,0.0558161724021989,32,NA,NA,NA
"real","AUT_BRA",-0.247070791490522,1.18673575617389,32,NA,NA,NA
"real","AUT_CAN",-0.0829750512453153,0.704200459801961,28,NA,NA,NA
"real","AUT_CHL",-0.659295581322822,3.5607828297447,14,NA,NA,NA
"real","AUT_CHN",-0.74549431014772,5.11324521014828,32,NA,NA,NA
"real","AUT_COL",-0.375578725791466,1.09782546578867,24,NA,NA,NA
"real","AUT_CPV",-0.249295352496165,1.13199740887876,28,NA,NA,NA
"real","AUT_ECU",-0.175658659840622,0.848242236843039,28,NA,NA,NA
"real","AUT_FJI",-0.400588121399483,2.5165227527933,15,NA,NA,NA
"real","AUT_IDN",-0.0385459207809154,1.40695791455781,32,NA,NA,NA
"real","AUT_IND",0.12898636150512,0.163248972942203,32,NA,NA,NA
"real","AUT_IRN",-0.998846195242693,7.40567106443212,31,NA,NA,NA
"real","AUT_JOR",-2.22418601894578,8.48025054483112,13,NA,NA,NA
"real","AUT_JPN",0.0806051045487318,0.0692865167956555,30,NA,NA,NA
"real","AUT_KOR",0.130070292110504,0.167675465331457,22,NA,NA,NA
"real","AUT_LBY",-0.270435379535279,1.4416118362576,31,NA,NA,NA
"real","AUT_MYS",-0.276642908492414,0.677597932956079,32,NA,NA,NA
"real","AUT_NZL",-0.209789353219579,0.65007412467122,32,NA,NA,NA
"real","AUT_OMN",0.0222130469962423,0.511081591642636,32,NA,NA,NA
"real","AUT_PER",-0.275278392704574,1.90190449322915,20,NA,NA,NA
"real","AUT_PHL",-1.25554778417284,5.13189458879202,32,NA,NA,NA
"real","AUT_PRK",-0.806590864391295,4.91221529760054,27,NA,NA,NA
"real","AUT_SAU",-0.505187070893479,2.85373714733313,32,NA,NA,NA
"real","AUT_SGP",-0.147052891747686,0.688460477300442,30,NA,NA,NA
"real","AUT_THA",0.0519829379863656,0.254239764322957,32,NA,NA,NA
"real","AUT_TWN",-0.846873085015382,3.79566877443737,32,NA,NA,NA
"real","AUT_USA",-0.66482215729639,3.65626518697306,32,NA,NA,NA
"real","AUT_VEN",-0.570482638601455,2.66621170096766,28,NA,NA,NA
"real","AUT_ZAF",-0.406537201989735,0.691395692074633,11,NA,NA,NA
"real","AUT_ZWE",-1.31587147199475,6.65692873266123,21,NA,NA,NA
"real","BDI_AUS",-0.928229421092172,3.28647855051392,21,NA,NA,NA
"real","BDI_AUT",-0.451332706413823,1.65419702885855,32,NA,NA,NA
"real","BDI_CAN",-0.161251901874059,0.867961922336581,30,NA,NA,NA
"real","BDI_CHE",-0.953522171443309,5.42306566624467,32,NA,NA,NA
"real","BDI_DEU",-0.269467802691725,1.29376507155931,32,NA,NA,NA
"real","BDI_DNK",-0.369025123234749,1.95297005046951,32,NA,NA,NA
"real","BDI_ESP",-0.710270498636867,1.90151619987464,31,NA,NA,NA
"real","BDI_FIN",-0.531730908630743,1.85482566574876,32,NA,NA,NA
"real","BDI_FRA",-0.0770993337995224,0.584901801222556,32,NA,NA,NA
"real","BDI_GBR",-0.459389204001197,1.20250633586129,32,NA,NA,NA
"real","BDI_GRC",-0.858386638521918,2.95646250036512,16,NA,NA,NA
"real","BDI_IRL",-0.996648249371545,5.69455296738144,31,NA,NA,NA
"real","BDI_ITA",-0.420710731612557,1.32055044388714,32,NA,NA,NA
"real","BDI_JPN",-0.613313836888723,1.74907409151079,30,NA,NA,NA
"real","BDI_NLD",-0.427169662404005,1.6839155339874,32,NA,NA,NA
"real","BDI_NOR",-1.22329222801796,2.92416927584011,29,NA,NA,NA
"real","BDI_NZL",-2.79737510265315,11.6804640976849,14,NA,NA,NA
"real","BDI_OMN",-0.131564921108296,0.777291626093564,31,NA,NA,NA
"real","BDI_PRT",-1.60962803308514,5.97026782265492,22,NA,NA,NA
"real","BDI_SWE",-0.49786947618841,1.24916070599488,32,NA,NA,NA
"real","BDI_THA",-1.85506134071485,6.8119176808834,30,NA,NA,NA
"real","BDI_USA",-0.152632294354855,0.536914420322737,32,NA,NA,NA
"real","BEN_CHE",-1.7980155312665,4.19028069540681,32,NA,NA,NA
"real","BEN_DEU",-0.224714454024471,0.807771011822535,32,NA,NA,NA
"real","BEN_ESP",-0.318053133927884,1.84648401239806,32,NA,NA,NA
"real","BEN_FRA",-0.000668554269657264,0.467802835578536,32,NA,NA,NA
"real","BEN_GBR",-0.633554609762634,1.47335684421869,31,NA,NA,NA
"real","BEN_GRC",-1.73917680515009,4.55805417120249,22,NA,NA,NA
"real","BEN_ITA",-0.175751542997823,1.25816084923669,32,NA,NA,NA
"real","BEN_JPN",-1.03587017647484,3.40998640270394,32,NA,NA,NA
"real","BEN_NLD",-0.692684898867607,1.65243677844044,32,NA,NA,NA
"real","BEN_PRT",-0.270446744906625,1.09786928166299,32,NA,NA,NA
"real","BEN_SWE",-1.44538223910309,6.83050420472922,28,NA,NA,NA
"real","BEN_TUR",-0.697547076754783,2.8200919089538,25,NA,NA,NA
"real","BEN_TWN",-0.265298289938161,1.63573333427089,31,NA,NA,NA
"real","BFA_AUT",-0.197721452055017,2.45361293216925,30,NA,NA,NA
"real","BFA_CHE",-2.77096651962821,5.83618259668025,32,NA,NA,NA
"real","BFA_COL",-2.16601437056412,18.0063823350541,25,NA,NA,NA
"real","BFA_DEU",-0.616185146891111,0.89556699638787,32,NA,NA,NA
"real","BFA_ESP",-0.450374695828303,1.68471777014408,32,NA,NA,NA
"real","BFA_FRA",0.434297190391833,1.34150887275958,32,NA,NA,NA
"real","BFA_GBR",-0.840345741161246,2.38434901864571,30,NA,NA,NA
"real","BFA_GRC",-2.1807171753921,6.55034326103987,25,NA,NA,NA
"real","BFA_ITA",0.217948234177181,1.57640566968438,32,NA,NA,NA
"real","BFA_JPN",-0.105451728936821,0.334491614773172,32,NA,NA,NA
"real","BFA_KOR",-0.851023902807733,7.96036508086298,27,NA,NA,NA
"real","BFA_MAR",0.189191438780638,1.84378896069385,31,NA,NA,NA
"real","BFA_NLD",-0.432880535983498,0.398490668399651,32,NA,NA,NA
"real","BFA_PRT",-0.143251454935909,3.41462627423461,32,NA,NA,NA
"real","BFA_THA",0.125462768474113,1.51534351479851,32,NA,NA,NA
"real","BFA_TUN",0.110525227069702,2.81449340305439,30,NA,NA,NA
"real","BFA_TWN",-0.547063327541137,9.71329336505359,32,NA,NA,NA
"real","BGD_AUS",-0.401960741602038,0.396038267580836,32,NA,NA,NA
"real","BGD_AUT",-0.802314364568536,1.67171102405816,32,NA,NA,NA
"real","BGD_BGR",0.156481199928993,1.9299435930956,32,NA,NA,NA
"real","BGD_BRB",-0.126752651308166,2.08276593443683,27,NA,NA,NA
"real","BGD_CAN",-0.380549933452066,0.535585083758906,32,NA,NA,NA
"real","BGD_CHE",-0.0829254690597867,0.157853697338001,32,NA,NA,NA
"real","BGD_CHN",0.285314054629978,1.31795802559315,13,NA,NA,NA
"real","BGD_DEU",-0.19171522282861,0.0851402686094742,32,NA,NA,NA
"real","BGD_ESP",-0.751504705077975,0.950986438395957,32,NA,NA,NA
"real","BGD_FIN",-0.275153177849345,0.356914632501712,32,NA,NA,NA
"real","BGD_FJI",-0.784434870823667,1.31280617445341,29,NA,NA,NA
"real","BGD_FRA",-0.129117837956306,0.333873857222581,32,NA,NA,NA
"real","BGD_GBR",0.00699091513260662,0.0264422231417246,32,NA,NA,NA
"real","BGD_GRC",0.0659427937237567,0.187804685475582,32,NA,NA,NA
"real","BGD_GRD",0.282980080220679,1.74363619365837,27,NA,NA,NA
"real","BGD_GTM",0.28941857655567,2.08899828972883,30,NA,NA,NA
"real","BGD_HUN",0.469094139413601,2.11687655182341,32,NA,NA,NA
"real","BGD_IRL",-0.237683278890188,0.537916399732291,32,NA,NA,NA
"real","BGD_ISL",-0.25391767573346,0.766870703817731,32,NA,NA,NA
"real","BGD_ITA",-0.00297621341372981,0.550614518932256,32,NA,NA,NA
"real","BGD_JPN",-0.235464064028102,0.214680473689931,32,NA,NA,NA
"real","BGD_KEN",0.315433842219757,0.912145436481592,31,NA,NA,NA
"real","BGD_MAR",0.124681999153037,1.80505033065782,8,NA,NA,NA
"real","BGD_NLD",-0.016481002891487,0.298531284542905,32,NA,NA,NA
"real","BGD_NZL",-0.382040654772502,0.519517759603777,32,NA,NA,NA
"real","BGD_PRT",-0.290952442794506,0.223380001970507,32,NA,NA,NA
"real","BGD_TWN",-0.0607387551424618,0.129018587715857,32,NA,NA,NA
"real","BGD_USA",0.132820674403557,0.42718749091251,32,NA,NA,NA
"real","BGR_ARE",-0.725030038528585,0.719979423201861,28,NA,NA,NA
"real","BGR_AUS",-0.308556772394027,0.19571606717231,32,NA,NA,NA
"real","BGR_BGD",-0.591102878544503,1.75272145205857,30,NA,NA,NA
"real","BGR_CAN",-0.399899420814944,2.40940640678734,28,NA,NA,NA
"real","BGR_CUB",-0.222834786422556,1.47964176932705,25,NA,NA,NA
"real","BGR_CYP",-0.0414895229410968,0.145442868252325,15,NA,NA,NA
"real","BGR_DZA",-0.164647130641619,0.260381247557011,18,NA,NA,NA
"real","BGR_ECU",-0.358274731093979,0.916268415022779,26,NA,NA,NA
"real","BGR_EGY",-0.522836145887439,2.06203693676738,18,NA,NA,NA
"real","BGR_HUN",0.0899091253802586,0.0773993600957332,8,NA,NA,NA
"real","BGR_IND",0.258376684011055,0.50387506893536,32,NA,NA,NA
"real","BGR_IRN",-0.159148455028891,0.323312351353875,25,NA,NA,NA
"real","BGR_IRQ",-0.801073946839424,1.09644090138394,25,NA,NA,NA
"real","BGR_JOR",-0.0537953525819177,0.451240771953069,18,NA,NA,NA
"real","BGR_JPN",-0.0366297891339976,0.206576043368182,30,NA,NA,NA
"real","BGR_KWT",-0.553956231103869,2.56955560379304,29,NA,NA,NA
"real","BGR_LBN",-0.130457582761812,0.126657740366416,11,NA,NA,NA
"real","BGR_LBY",-0.940616345446776,2.32435089741968,28,NA,NA,NA
"real","BGR_MAR",-0.448783100974135,0.985028678450646,16,NA,NA,NA
"real","BGR_MLT",-1.91636767307102,4.88366122462165,14,NA,NA,NA
"real","BGR_MNG",0.36907849117592,1.11288629573928,25,NA,NA,NA
"real","BGR_MYS",-0.149537570752122,0.378905885421064,32,NA,NA,NA
"real","BGR_NZL",-1.13712474309402,1.6798303156365,32,NA,NA,NA
"real","BGR_ROU",-0.326905020050105,0.790694978911129,10,NA,NA,NA
"real","BGR_SAU",-0.296956906176081,0.318748577440482,31,NA,NA,NA
"real","BGR_SGP",-1.06711752509736,1.86048833104614,30,NA,NA,NA
"real","BGR_SYR",0.173061829015538,0.386166676336537,13,NA,NA,NA
"real","BGR_THA",0.122821047088363,0.858343456234214,32,NA,NA,NA
"real","BGR_TUN",-0.306008390524526,0.465436817597858,18,NA,NA,NA
"real","BGR_USA",-0.15226901661699,0.164053722555093,32,NA,NA,NA
"real","BHR_AUS",-0.309925985437455,0.654429075397366,32,NA,NA,NA
"real","BHR_CHE",0.360547839095591,0.79945785328843,25,NA,NA,NA
"real","BHR_DEU",-0.0194073628629734,0.443186183236659,32,NA,NA,NA
"real","BHR_FIN",-1.38679278417665,4.07694834093663,31,NA,NA,NA
"real","BHR_FRA",-0.925704041078514,3.83720799060665,29,NA,NA,NA
"real","BHR_GBR",-1.02209825525283,5.97941990040902,32,NA,NA,NA
"real","BHR_GRC",-0.548152001546431,1.2861529759267,31,NA,NA,NA
"real","BHR_IND",0.240300760099009,0.40638930142147,32,NA,NA,NA
"real","BHR_ITA",-1.16763580284055,6.35217439221947,31,NA,NA,NA
"real","BHR_JPN",-0.192754294995092,0.241807093223033,32,NA,NA,NA
"real","BHR_KOR",0.124184925438568,0.160337509606215,32,NA,NA,NA
"real","BHR_NLD",-0.657756659051309,1.90608277851688,30,NA,NA,NA
"real","BHR_PRT",-1.19639184387069,4.04400800084468,32,NA,NA,NA
"real","BHR_THA",-0.355059191879086,0.412926212208579,32,NA,NA,NA
"real","BHR_TUR",-0.39157329658423,0.695242796571765,32,NA,NA,NA
"real","BHS_AUS",0.20619835969034,1.00613093056487,32,NA,NA,NA
"real","BHS_CAN",-0.184442787227582,0.901774199694212,32,NA,NA,NA
"real","BHS_CHE",-0.518618856836319,6.4946603212712,32,NA,NA,NA
"real","BHS_DEU",-0.420432647159938,0.827457531386259,19,NA,NA,NA
"real","BHS_DNK",-2.74054822126796,12.4728988880751,19,NA,NA,NA
"real","BHS_ESP",-1.30904141730636,3.65921063555762,19,NA,NA,NA
"real","BHS_FIN",-2.43221332502884,9.14792361192508,19,NA,NA,NA
"real","BHS_FRA",-0.788396103522305,2.54286183361088,18,NA,NA,NA
"real","BHS_GBR",-0.938928533751781,4.56805623709193,18,NA,NA,NA
"real","BHS_GRC",-1.02832059955056,3.51401728329627,19,NA,NA,NA
"real","BHS_IND",-3.38508252079288,11.1663920618627,27,NA,NA,NA
"real","BHS_ITA",-0.65157431991859,3.82163308406955,19,NA,NA,NA
"real","BHS_JOR",0.0530938963492485,2.49292923551452,8,NA,NA,NA
"real","BHS_JPN",-1.15709744733384,4.68274598930142,32,NA,NA,NA
"real","BHS_KOR",-1.37083294954377,3.88522195310452,31,NA,NA,NA
"real","BHS_PRT",-1.78731617110936,3.98975837010443,19,NA,NA,NA
"real","BHS_SWE",-3.46873253687816,5.85072389133508,19,NA,NA,NA
"real","BHS_THA",-2.35582681261026,3.8060289759457,32,NA,NA,NA
"real","BHS_TWN",-0.603657773607357,2.3140181607242,24,NA,NA,NA
"real","BHS_USA",-0.160416514241567,0.780927856742878,32,NA,NA,NA
"real","BLZ_CAN",0.0074629604988813,0.829021033793417,32,NA,NA,NA
"real","BLZ_CHN",-1.46110568746364,4.24000913823734,28,NA,NA,NA
"real","BLZ_DEU",-0.0867174451702647,0.303376484232253,19,NA,NA,NA
"real","BLZ_DNK",-0.999533115757998,3.83915098499157,16,NA,NA,NA
"real","BLZ_FRA",-0.403059880259025,0.640410917059404,16,NA,NA,NA
"real","BLZ_GBR",0.0832467959787762,0.14471395681048,19,NA,NA,NA
"real","BLZ_ITA",-1.14813792956806,3.09398186199052,16,NA,NA,NA
"real","BLZ_JPN",-0.310002349046581,1.17953498463409,32,NA,NA,NA
"real","BLZ_NLD",-0.882131047708338,2.21431818990716,19,NA,NA,NA
"real","BLZ_PRT",-1.00271853074498,3.91918967568181,14,NA,NA,NA
"real","BLZ_SWE",-1.78586404555958,3.77169713917524,16,NA,NA,NA
"real","BLZ_THA",-0.209380156089326,1.54397934679131,32,NA,NA,NA
"real","BLZ_USA",-0.139580498529221,1.19128952183277,32,NA,NA,NA
"real","BMU_AUS",-1.67022964771651,8.68585717602959,28,NA,NA,NA
"real","BMU_CHE",-2.01617648152852,18.3212459358648,32,NA,NA,NA
"real","BMU_ISL",-3.04361398634001,18.0986932383395,20,NA,NA,NA
"real","BMU_JPN",0.249368813286214,12.527783079304,32,NA,NA,NA
"real","BMU_KOR",-4.14625509433151,10.7999628773808,25,NA,NA,NA
"real","BOL_AUS",-1.22228096208905,1.24511041187931,32,NA,NA,NA
"real","BOL_AUT",0.247561688027207,2.09326120254732,32,NA,NA,NA
"real","BOL_CAN",-0.527469107738885,0.543221605118739,32,NA,NA,NA
"real","BOL_CHE",-0.140231316239028,2.76264176242524,32,NA,NA,NA
"real","BOL_DEU",-0.149208538058045,0.249570620172613,32,NA,NA,NA
"real","BOL_DNK",-0.603556426632996,0.944081855398854,32,NA,NA,NA
"real","BOL_ESP",-0.223517507661467,0.271897312977024,32,NA,NA,NA
"real","BOL_FIN",-2.21005531978503,3.33634152480492,32,NA,NA,NA
"real","BOL_FRA",-0.196856525848713,1.24850028496762,32,NA,NA,NA
"real","BOL_GBR",0.150109007450729,0.723438527830444,32,NA,NA,NA
"real","BOL_ITA",-0.178530386509402,0.661406746841774,32,NA,NA,NA
"real","BOL_JPN",-0.621369103239855,1.18433062755056,32,NA,NA,NA
"real","BOL_NLD",0.0414533646127347,0.399581392468415,32,NA,NA,NA
"real","BOL_OMN",-0.358467569483111,6.13426945296236,22,NA,NA,NA
"real","BOL_PAN",-1.96882912741196,4.54099262334602,22,NA,NA,NA
"real","BOL_PRT",-0.122188950953063,0.65397157299165,32,NA,NA,NA
"real","BOL_SAU",0.104167372999412,3.3606016755157,30,NA,NA,NA
"real","BOL_TWN",-0.277231626240077,1.22115885760623,30,NA,NA,NA
"real","BOL_USA",-0.0197573621745748,0.12896840022981,32,NA,NA,NA
"real","BRA_AFG",-1.50833498473483,3.58357538658175,32,NA,NA,NA
"real","BRA_AGO",-0.149372296522648,0.336489008587138,32,NA,NA,NA
"real","BRA_ARE",-0.226135999481649,0.254389551901295,32,NA,NA,NA
"real","BRA_AUS",0.16136990583755,0.163498156016066,32,NA,NA,NA
"real","BRA_AUT",-0.070333081755729,0.11695067653896,32,NA,NA,NA
"real","BRA_BGR",-0.120464680722175,0.731218627455786,32,NA,NA,NA
"real","BRA_BHR",-0.657587686538993,1.838989950411,32,NA,NA,NA
"real","BRA_BLZ",0.0637583941412775,0.475949879482873,32,NA,NA,NA
"real","BRA_BRB",0.0452963262651534,0.281335229992438,32,NA,NA,NA
"real","BRA_CAF",-0.615758396983687,1.52312546991689,32,NA,NA,NA
"real","BRA_CAN",-0.0570716458257274,0.0502397153519684,32,NA,NA,NA
"real","BRA_CHE",0.129036633298851,0.0959507963448569,32,NA,NA,NA
"real","BRA_CHN",-0.469343366758603,0.288518021515182,32,NA,NA,NA
"real","BRA_CIV",-0.0010377488361171,0.445845153413699,32,NA,NA,NA
"real","BRA_COG",-1.07658478809717,1.67517593101621,32,NA,NA,NA
"real","BRA_COM",-0.769064830911798,1.95428955070748,32,NA,NA,NA
"real","BRA_CPV",-0.0794425137394593,0.21766336634002,32,NA,NA,NA
"real","BRA_CRI",-0.0411136403879585,0.593926889195307,32,NA,NA,NA
"real","BRA_CYP",-0.292526870330382,0.560643498720087,32,NA,NA,NA
"real","BRA_DEU",0.00694322778115947,0.0261205787554132,32,NA,NA,NA
"real","BRA_DNK",0.119519855729826,0.0946692744261143,32,NA,NA,NA
"real","BRA_DOM",-0.169878245139564,0.446703564319631,32,NA,NA,NA
"real","BRA_ESP",-0.00658529435575378,0.0306630215498817,32,NA,NA,NA
"real","BRA_FIN",-0.104330553643603,0.0796796587836289,32,NA,NA,NA
"real","BRA_FJI",0.286666894911167,0.59415923283844,32,NA,NA,NA
"real","BRA_FRA",0.0701545546338439,0.0365694535610307,32,NA,NA,NA
"real","BRA_GAB",-0.341993198973625,0.468044808959352,32,NA,NA,NA
"real","BRA_GBR",0.106349631529859,0.0686603031934635,32,NA,NA,NA
"real","BRA_GLP",-0.644613864907398,3.55127044393209,9,NA,NA,NA
"real","BRA_GMB",-0.589447239661524,1.10813984429427,32,NA,NA,NA
"real","BRA_GRC",0.139410904816188,0.290507187607429,32,NA,NA,NA
"real","BRA_GRD",-0.200486344610709,0.347613268116018,32,NA,NA,NA
"real","BRA_GTM",-0.0375116795765471,0.431533816375578,32,NA,NA,NA
"real","BRA_GUF",-0.703675067682435,1.1528887384716,12,NA,NA,NA
"real","BRA_HND",-0.0842472590970091,0.95609604729072,32,NA,NA,NA
"real","BRA_HTI",-0.412003782743266,0.887190848466744,32,NA,NA,NA
"real","BRA_HUN",0.355842839651562,0.787768459568563,32,NA,NA,NA
"real","BRA_IRL",-0.0381141300323719,0.309699523456295,32,NA,NA,NA
"real","BRA_ISL",-1.24306857261179,1.6519032543642,32,NA,NA,NA
"real","BRA_ITA",0.0814811799091316,0.0498885686911924,32,NA,NA,NA
"real","BRA_JAM",-0.370005659344942,2.07396892788979,32,NA,NA,NA
"real","BRA_JOR",-0.162897421402735,0.297398828225085,32,NA,NA,NA
"real","BRA_JPN",-0.0270843157463341,0.0418976280810422,32,NA,NA,NA
"real","BRA_KEN",-0.37181326889978,1.21396865863205,32,NA,NA,NA
"real","BRA_KNA",-0.116802353638956,1.33570849870409,32,NA,NA,NA
"real","BRA_KWT",-0.590731158615404,2.09557359188398,32,NA,NA,NA
"real","BRA_LBN",-0.0417015144793136,0.0606303009438571,32,NA,NA,NA
"real","BRA_LBR",-0.712562466507327,1.33102511330396,32,NA,NA,NA
"real","BRA_LCA",-1.98714358178421,3.38165341199833,32,NA,NA,NA
"real","BRA_MAR",-0.175765250706867,0.34922492103219,8,NA,NA,NA
"real","BRA_MLT",-0.0434487326447923,0.600514430807558,32,NA,NA,NA
"real","BRA_MRT",-0.481129623855979,0.958174088101792,32,NA,NA,NA
"real","BRA_MTQ",-2.126552323472,6.10730057600283,11,NA,NA,NA
"real","BRA_NLD",0.0618718350580707,0.0618465970717579,32,NA,NA,NA
"real","BRA_NOR",-0.181534170165863,0.162634832357643,32,NA,NA,NA
"real","BRA_NZL",0.0713201038262533,0.0648113313942287,32,NA,NA,NA
"real","BRA_OMN",-1.26479803989291,1.7511205606375,32,NA,NA,NA
"real","BRA_PAN",-0.34642639162309,0.655605088906203,23,NA,NA,NA
"real","BRA_PNG",-0.0377893206390249,1.04637921904212,32,NA,NA,NA
"real","BRA_POL",0.153093967994019,0.125071460290773,32,NA,NA,NA
"real","BRA_PRT",-0.107911402018275,0.105809072693202,32,NA,NA,NA
"real","BRA_QAT",-0.183878166451448,1.43361781833618,32,NA,NA,NA
"real","BRA_REU",-0.361135641972055,1.11237624938692,8,NA,NA,NA
"real","BRA_RWA",-0.856127269577059,1.02699970206669,32,NA,NA,NA
"real","BRA_SAU",-0.138569077705315,0.275248795726666,32,NA,NA,NA
"real","BRA_SEN",-0.327287446047589,0.655701601754042,32,NA,NA,NA
"real","BRA_SLV",-0.326851421288855,1.86860515785448,32,NA,NA,NA
"real","BRA_SUR",-0.0246715216732522,0.278312081009338,32,NA,NA,NA
"real","BRA_SWE",0.06385215970587,0.0429121197903209,32,NA,NA,NA
"real","BRA_SYR",-0.221933238021023,0.175796647388944,32,NA,NA,NA
"real","BRA_TWN",-0.0752070625240605,0.143448317374245,32,NA,NA,NA
"real","BRA_USA",0.00261223767887855,0.0328609241201035,32,NA,NA,NA
"real","BRA_VCT",-0.0322525987747834,0.424585902293323,32,NA,NA,NA
"real","BRA_ZAF",0.0629694391292289,0.133112805836766,27,NA,NA,NA
"real","BRB_AUS",-0.0447500604227817,0.59363370279199,32,NA,NA,NA
"real","BRB_AUT",-1.3788589315836,2.81030489154867,17,NA,NA,NA
"real","BRB_CAN",0.177711834103728,0.685166131444004,32,NA,NA,NA
"real","BRB_CHE",-0.411718836671993,1.18129713291571,32,NA,NA,NA
"real","BRB_DEU",-0.231657636416482,1.02904395603496,19,NA,NA,NA
"real","BRB_FIN",0.13702059682372,1.3465267958303,19,NA,NA,NA
"real","BRB_FRA",-0.919135202635016,2.44145554494743,19,NA,NA,NA
"real","BRB_GBR",-0.320822793553062,1.19665781304994,19,NA,NA,NA
"real","BRB_GRC",-1.74790421662808,5.49161022532213,12,NA,NA,NA
"real","BRB_ITA",-0.259047991170932,1.23462769192702,17,NA,NA,NA
"real","BRB_JPN",-2.83785429831301,2.98213194343235,32,NA,NA,NA
"real","BRB_NLD",-0.285304004464059,1.48285867252017,19,NA,NA,NA
"real","BRB_PRT",-1.02487268663829,4.8889856601434,16,NA,NA,NA
"real","BRB_USA",-0.121395738772128,0.995933732203151,32,NA,NA,NA
"real","BRB_VEN",-0.976621980263709,2.39247181037795,27,NA,NA,NA
"real","BRN_AUS",-1.51471721816726,5.05099398654077,21,NA,NA,NA
"real","BRN_AUT",-0.24770958143523,1.21324884448678,28,NA,NA,NA
"real","BRN_CHE",-1.28372268764393,5.4152157072498,32,NA,NA,NA
"real","BRN_DEU",-0.0406348520647693,0.612039413349682,32,NA,NA,NA
"real","BRN_ITA",-2.83650745399773,3.05431574797125,27,NA,NA,NA
"real","BRN_JPN",0.0153397801735171,0.00916312483709479,19,NA,NA,NA
"real","BRN_KOR",-0.00384432280610625,0.0281612717640006,21,NA,NA,NA
"real","BRN_PRT",-2.48229035611359,8.6942235806067,25,NA,NA,NA
"real","BRN_SWE",-0.801602401787816,2.83315062294352,28,NA,NA,NA
"real","BRN_USA",-0.841203244806548,2.88979289459726,31,NA,NA,NA
"real","BTN_AUT",-0.130811750726595,3.10480321302797,28,NA,NA,NA
"real","BTN_CHE",-0.973336877876373,4.89084905422959,26,NA,NA,NA
"real","BTN_DEU",-1.60841696712199,4.94139201306324,31,NA,NA,NA
"real","BTN_KOR",-2.06407956223587,7.46458372032489,27,NA,NA,NA
"real","BTN_NLD",-0.408928802003205,4.33336492061652,28,NA,NA,NA
"real","BTN_SGP",-1.52761687088476,3.52787452759402,21,NA,NA,NA
"real","BTN_USA",-0.112422590168734,1.86247568068213,32,NA,NA,NA
"real","BWA_AUT",0.59451553192744,4.50735804769792,22,NA,NA,NA
"real","BWA_CAN",-0.9183699130032,3.25787371542297,28,NA,NA,NA
"real","BWA_CHE",-4.17433838050824,7.09006259466772,10,NA,NA,NA
"real","BWA_DNK",0.534257103573316,8.26120692284816,20,NA,NA,NA
"real","BWA_ESP",0.531321967389134,1.78298877578995,26,NA,NA,NA
"real","BWA_FRA",1.02983388863447,4.50721622344036,27,NA,NA,NA
"real","BWA_GBR",-1.28304820335917,3.8145597471326,24,NA,NA,NA
"real","BWA_IND",-2.93922287085341,9.61414668542197,22,NA,NA,NA
"real","BWA_ITA",0.569678363320385,3.76105481799382,26,NA,NA,NA
"real","BWA_JPN",-0.40863780966401,4.80005261051665,31,NA,NA,NA
"real","BWA_NLD",1.06082110040141,3.69522138920671,27,NA,NA,NA
"real","BWA_SGP",-2.16483737101945,15.2165153815887,30,NA,NA,NA
"real","BWA_SWE",0.246432469047199,4.1106444558636,18,NA,NA,NA
"real","BWA_THA",-0.47109808126857,4.7873172033336,22,NA,NA,NA
"real","BWA_USA",-0.221066874367283,1.42928325974306,31,NA,NA,NA
"real","CAF_AUT",-0.409649850494684,1.31499137564372,29,NA,NA,NA
"real","CAF_CAN",-0.512903890393575,1.65859267832653,31,NA,NA,NA
"real","CAF_CHE",-0.82368207947185,2.04411430623265,32,NA,NA,NA
"real","CAF_DEU",-0.1648714891647,0.59384405595539,32,NA,NA,NA
"real","CAF_ESP",-0.494745142215107,1.32222269056208,32,NA,NA,NA
"real","CAF_FRA",-0.215014387383017,0.49121036762531,32,NA,NA,NA
"real","CAF_GBR",-1.05500631889397,2.81729637703303,32,NA,NA,NA
"real","CAF_GRC",-1.46033542010398,4.14797601032671,16,NA,NA,NA
"real","CAF_IND",-1.4663075066503,4.30343281039932,26,NA,NA,NA
"real","CAF_ITA",-0.323316602894558,0.881680422642366,32,NA,NA,NA
"real","CAF_JPN",-0.146803043517089,1.35796832515079,31,NA,NA,NA
"real","CAF_KOR",-0.660642997688324,1.90079459183193,30,NA,NA,NA
"real","CAF_MAR",-0.721727228082608,1.82563979152209,30,NA,NA,NA
"real","CAF_NLD",-1.07633275381868,3.84514924250938,32,NA,NA,NA
"real","CAF_PRT",-0.31229048165967,1.44924904659066,32,NA,NA,NA
"real","CAF_SGP",-1.22475103067023,4.30805199965121,14,NA,NA,NA
"real","CAF_SWE",-2.27904373327096,3.97063749943448,23,NA,NA,NA
"real","CAF_THA",-1.14131064550549,5.50710823350971,30,NA,NA,NA
"real","CAF_TWN",-1.16991498503034,3.80018199940851,32,NA,NA,NA
"real","CAF_USA",-0.273741596405218,0.849426005358737,32,NA,NA,NA
"real","CAN_AGO",-0.562582531208291,0.66543914537697,32,NA,NA,NA
"real","CAN_ALB",-0.83888690678228,1.66629602171517,32,NA,NA,NA
"real","CAN_ARE",-0.527551547097047,0.752485099666605,32,NA,NA,NA
"real","CAN_ARG",-0.168893635718534,0.510715604827527,32,NA,NA,NA
"real","CAN_ATG",0.10267484726504,0.647847842667472,32,NA,NA,NA
"real","CAN_AUS",0.0289646676573856,0.0166613084996663,30,NA,NA,NA
"real","CAN_AUT",-0.172559134981383,0.637864366921063,28,NA,NA,NA
"real","CAN_BGD",-0.259650060010572,0.200318200244414,32,NA,NA,NA
"real","CAN_BGR",-0.32366174827055,0.794564972939779,28,NA,NA,NA
"real","CAN_BHR",-0.517968019108114,0.836139010203831,32,NA,NA,NA
"real","CAN_BHS",-0.41855159509803,0.797553587525474,32,NA,NA,NA
"real","CAN_BLZ",0.0679759911656645,0.30460174278997,32,NA,NA,NA
"real","CAN_BOL",-0.051048629277722,0.203739706707231,32,NA,NA,NA
"real","CAN_BRA",-0.0364181540252795,0.397113730519134,32,NA,NA,NA
"real","CAN_BRB",0.0986551098138321,0.139009105342231,32,NA,NA,NA
"real","CAN_CHE",-0.0566146388484037,0.076263037528449,20,NA,NA,NA
"real","CAN_CHL",-0.471336214590378,1.90613177954346,8,NA,NA,NA
"real","CAN_CHN",0.158562483678985,0.145441977803498,32,NA,NA,NA
"real","CAN_CIV",-0.29438847579235,1.3489262195047,32,NA,NA,NA
"real","CAN_CMR",-0.0410156316828569,0.815560050799771,32,NA,NA,NA
"real","CAN_COD",-0.502610253448978,1.18188073187681,32,NA,NA,NA
"real","CAN_COL",-0.0121700066927478,0.0929062118223157,22,NA,NA,NA
"real","CAN_CRI",-0.258199067246622,1.00446816620198,13,NA,NA,NA
"real","CAN_CUB",-0.0391111683192638,0.0316880898055822,32,NA,NA,NA
"real","CAN_CYP",-0.134281919868704,0.368088170826217,28,NA,NA,NA
"real","CAN_DEU",-0.0288026566339968,0.0165266655791864,28,NA,NA,NA
"real","CAN_DMA",-0.112501750480582,0.522570496225613,32,NA,NA,NA
"real","CAN_DNK",-0.186745428723814,0.333593974958307,28,NA,NA,NA
"real","CAN_DOM",-0.0704534441399333,0.274276162593775,32,NA,NA,NA
"real","CAN_DZA",0.070250433168237,0.184486760770009,32,NA,NA,NA
"real","CAN_ECU",-0.0505204412840732,0.12009814073536,32,NA,NA,NA
"real","CAN_EGY",-0.0721140051054731,0.166395813916996,32,NA,NA,NA
"real","CAN_ESP",-0.182892861410386,0.256248492968631,28,NA,NA,NA
"real","CAN_FIN",-0.162964385232178,0.0991885150514125,28,NA,NA,NA
"real","CAN_FJI",-0.244409168473391,0.454809781654556,32,NA,NA,NA
"real","CAN_FRA",-0.146402173174286,0.245894212076808,28,NA,NA,NA
"real","CAN_GAB",-0.272641126449832,1.37994919452056,32,NA,NA,NA
"real","CAN_GBR",-0.0865976933281559,0.122625209017983,28,NA,NA,NA
"real","CAN_GHA",-0.271675151837094,0.220141340775666,32,NA,NA,NA
"real","CAN_GIN",-0.279916549550465,0.910471221689293,32,NA,NA,NA
"real","CAN_GLP",-0.417997409244144,1.07451705019483,12,NA,NA,NA
"real","CAN_GRC",-0.163203250322278,0.108644601732583,28,NA,NA,NA
"real","CAN_GRD",-0.389119443457686,0.382522004136832,32,NA,NA,NA
"real","CAN_GTM",-0.0361459919895378,0.40984630465111,32,NA,NA,NA
"real","CAN_GUF",-1.06985231390107,2.36689994590798,8,NA,NA,NA
"real","CAN_HND",-0.167697291238805,0.334454749274909,25,NA,NA,NA
"real","CAN_HTI",-0.125202318735558,0.418608742921367,32,NA,NA,NA
"real","CAN_HUN",-0.441961337091316,0.444713603545905,28,NA,NA,NA
"real","CAN_IDN",-0.113237275608854,0.103266719456389,32,NA,NA,NA
"real","CAN_IND",-0.096156069448745,0.0685608338070068,32,NA,NA,NA
"real","CAN_IRL",0.063801686046847,0.234086937130148,28,NA,NA,NA
"real","CAN_IRN",-0.0592546713983609,0.450118310909297,32,NA,NA,NA
"real","CAN_IRQ",-0.611799434170865,1.52406650858756,29,NA,NA,NA
"real","CAN_ISL",-0.326844321688523,0.267193547051741,20,NA,NA,NA
"real","CAN_ISR",-0.260651922865755,0.774788666723725,8,NA,NA,NA
"real","CAN_ITA",0.0214546633746796,0.0661838328029094,28,NA,NA,NA
"real","CAN_JAM",0.0137874660554028,0.0951726938666845,32,NA,NA,NA
"real","CAN_JOR",-0.071709115880167,0.107579108472136,23,NA,NA,NA
"real","CAN_JPN",0.0175255337896319,0.0127071686873132,30,NA,NA,NA
"real","CAN_KEN",-0.225276232071796,0.85680569836613,32,NA,NA,NA
"real","CAN_KNA",-0.140763390609293,0.716724357093007,32,NA,NA,NA
"real","CAN_KOR",0.0542993460599697,0.039535875013676,26,NA,NA,NA
"real","CAN_KWT",-0.391966383380802,1.54114579204828,32,NA,NA,NA
"real","CAN_LAO",-1.79110895171476,6.81586229173059,31,NA,NA,NA
"real","CAN_LBN",-0.167754942471477,0.352871546605874,32,NA,NA,NA
"real","CAN_LBY",-0.160825524238091,0.507947273548437,32,NA,NA,NA
"real","CAN_LCA",0.499907520752333,1.02463819878313,32,NA,NA,NA
"real","CAN_LKA",-0.531278691790749,0.808076342578606,32,NA,NA,NA
"real","CAN_LSO",-0.646576973065722,1.65950815255521,22,NA,NA,NA
"real","CAN_MAR",0.00915432396355786,0.204039775546625,32,NA,NA,NA
"real","CAN_MLI",-0.115108258506094,0.887020758860739,32,NA,NA,NA
"real","CAN_MLT",-1.18459029142197,1.24166432151327,28,NA,NA,NA
"real","CAN_MMR",-1.61140513948414,2.80038036090605,32,NA,NA,NA
"real","CAN_MOZ",0.135879443928746,0.627483505752655,32,NA,NA,NA
"real","CAN_MRT",-0.657835080572652,1.96893826397388,32,NA,NA,NA
"real","CAN_MTQ",-0.326290925123317,1.58003991875104,11,NA,NA,NA
"real","CAN_MUS",-0.625211057448084,0.908584115483813,32,NA,NA,NA
"real","CAN_MYS",-0.0392937890274669,0.0333441879287173,32,NA,NA,NA
"real","CAN_NER",0.0349227158257523,0.734144797923208,32,NA,NA,NA
"real","CAN_NGA",-0.379372578608346,1.58781495956497,32,NA,NA,NA
"real","CAN_NIC",0.169141804021872,0.181875030606521,32,NA,NA,NA
"real","CAN_NLD",-0.0185063139895685,0.162928014617745,28,NA,NA,NA
"real","CAN_NOR",-0.138904955089415,0.24624613094527,20,NA,NA,NA
"real","CAN_NPL",-0.842115042410696,0.940053122153887,32,NA,NA,NA
"real","CAN_NZL",-0.111176114794978,0.267430889479923,30,NA,NA,NA
"real","CAN_OMN",-0.449778670855939,1.59096332192729,32,NA,NA,NA
"real","CAN_PAK",-0.305638241158801,0.34464049907323,32,NA,NA,NA
"real","CAN_PAN",-0.110355352046059,0.192890906567785,24,NA,NA,NA
"real","CAN_PER",-0.0769276215081166,0.145092152869742,20,NA,NA,NA
"real","CAN_PHL",-0.0361485750950095,0.236195989819625,32,NA,NA,NA
"real","CAN_POL",-0.177134288192246,0.796753213297145,28,NA,NA,NA
"real","CAN_PRK",-1.02349348122508,3.57637082661066,29,NA,NA,NA
"real","CAN_PRT",-0.0570930964211608,0.110174613896558,28,NA,NA,NA
"real","CAN_PRY",-0.351637140298617,0.962377428657679,32,NA,NA,NA
"real","CAN_PYF",-0.312208611371947,0.727930727627229,32,NA,NA,NA
"real","CAN_QAT",-0.467807626634575,1.31733245140625,32,NA,NA,NA
"real","CAN_REU",-0.249626722301125,3.8419005005178,12,NA,NA,NA
"real","CAN_RWA",-0.234572665219758,0.617550510899346,32,NA,NA,NA
"real","CAN_SAU",-0.145945581408904,0.12781218015313,32,NA,NA,NA
"real","CAN_SDN",-0.472061434415322,0.693318649924003,32,NA,NA,NA
"real","CAN_SEN",-0.0219597016945074,0.191748094203421,32,NA,NA,NA
"real","CAN_SGP",-0.122282592751241,0.156586501681308,30,NA,NA,NA
"real","CAN_SLV",-0.0756651731610308,0.244604601005133,32,NA,NA,NA
"real","CAN_SOM",-0.259977448507776,1.67258913514677,32,NA,NA,NA
"real","CAN_SUR",-0.332219648922486,0.474179920136983,32,NA,NA,NA
"real","CAN_SWE",-0.175769319006824,0.308511362704082,28,NA,NA,NA
"real","CAN_SWZ",-0.299216202696313,1.723862215174,25,NA,NA,NA
"real","CAN_SYR",-0.290263424742625,0.50644540783393,32,NA,NA,NA
"real","CAN_TGO",-0.16877297677558,1.17192882748554,32,NA,NA,NA
"real","CAN_THA",0.0384563557507194,0.0352248960046661,32,NA,NA,NA
"real","CAN_TTO",0.0535971818153001,0.0884100350791565,32,NA,NA,NA
"real","CAN_TUN",0.0179176233020384,0.22166898305591,32,NA,NA,NA
"real","CAN_TUR",-0.27309586456685,0.414919661792716,32,NA,NA,NA
"real","CAN_TWN",0.00516763176025514,0.167635782830811,32,NA,NA,NA
"real","CAN_TZA",-0.16208249402856,1.0116126492682,32,NA,NA,NA
"real","CAN_UGA",-0.201617149551324,0.852413507832611,32,NA,NA,NA
"real","CAN_URY",-0.0702458685330537,0.224182547927963,32,NA,NA,NA
"real","CAN_VCT",-0.0950975183972385,0.282787915087805,32,NA,NA,NA
"real","CAN_VEN",0.0868595316700446,0.185998090685179,32,NA,NA,NA
"real","CAN_VNM",-0.255857190629595,0.729314648566013,30,NA,NA,NA
"real","CAN_VUT",-0.721661261440441,2.79721230536827,31,NA,NA,NA
"real","CAN_ZAF",0.315245665018243,0.476909581644149,32,NA,NA,NA
"real","CAN_ZMB",-0.0595401734673953,0.250601659020165,32,NA,NA,NA
"real","CAN_ZWE",-0.0495347792973522,0.331441466864517,32,NA,NA,NA
"real","CCK_DEU",-1.1604104702228,5.75133393097578,23,NA,NA,NA
"real","CCK_GRC",-0.876777170793843,4.01220164152109,12,NA,NA,NA
"real","CCK_JPN",-0.860663438762866,4.00961936745525,11,NA,NA,NA
"real","CCK_PRT",-0.382191773630639,4.21249197320155,11,NA,NA,NA
"real","CHE_AFG",-0.232939556884891,0.887992591659155,32,NA,NA,NA
"real","CHE_AGO",0.174077806106492,0.570401397997468,32,NA,NA,NA
"real","CHE_ALB",-0.169814129228382,0.236760820586882,21,NA,NA,NA
"real","CHE_AND",0.0765340340360868,0.229979073034341,32,NA,NA,NA
"real","CHE_ANT",0.0823559718739887,0.818449927280019,23,NA,NA,NA
"real","CHE_ARE",-0.0231442508318967,0.0923784085117139,25,NA,NA,NA
"real","CHE_ARG",0.314492393755803,0.38075474222114,32,NA,NA,NA
"real","CHE_ATG",0.236942926751122,0.515911482042775,32,NA,NA,NA
"real","CHE_AUS",0.0305411601111119,0.0347675381106213,32,NA,NA,NA
"real","CHE_BDI",0.03435554623148,0.427229529563184,32,NA,NA,NA
"real","CHE_BEN",-0.423224122401718,0.807712969622014,32,NA,NA,NA
"real","CHE_BFA",0.017194608055275,0.375764255473159,32,NA,NA,NA
"real","CHE_BGD",0.164074489091705,0.152255966230494,32,NA,NA,NA
"real","CHE_BHR",0.282757304863492,0.449483243264055,25,NA,NA,NA
"real","CHE_BHS",0.275289286040813,1.12204793948728,32,NA,NA,NA
"real","CHE_BLZ",-0.0167217738213724,0.264067290099136,32,NA,NA,NA
"real","CHE_BMU",0.405916189308749,3.91472858322865,32,NA,NA,NA
"real","CHE_BOL",-0.0633391732323496,0.31893338883094,32,NA,NA,NA
"real","CHE_BRA",0.24242761443499,0.152553700703601,32,NA,NA,NA
"real","CHE_BRB",-0.030353611778767,0.241865782031602,32,NA,NA,NA
"real","CHE_BRN",-0.608591455488382,1.90670093495288,32,NA,NA,NA
"real","CHE_BTN",-0.335257731370961,0.661046280171218,32,NA,NA,NA
"real","CHE_CAF",-0.221222531557947,0.645850551840305,32,NA,NA,NA
"real","CHE_CAN",0.00996505070124964,0.0241563929326072,20,NA,NA,NA
"real","CHE_CHL",0.0855233319966351,0.162203087724189,15,NA,NA,NA
"real","CHE_CHN",0.284089377983604,0.15925184580552,25,NA,NA,NA
"real","CHE_CIV",0.29155798015559,0.559393963065279,32,NA,NA,NA
"real","CHE_CMR",0.348261930213055,0.690910377371109,32,NA,NA,NA
"real","CHE_COD",-0.00401068549475926,1.24098279558511,32,NA,NA,NA
"real","CHE_COG",-0.148219218573433,0.886127534625852,32,NA,NA,NA
"real","CHE_COL",0.193517693585205,0.190830093073515,22,NA,NA,NA
"real","CHE_COM",-0.0565704198915905,1.32528119051965,32,NA,NA,NA
"real","CHE_CPV",-0.303088561319803,0.582510656245213,32,NA,NA,NA
"real","CHE_CRI",0.0471201644761678,0.118348881040649,25,NA,NA,NA
"real","CHE_CUB",0.106815729659963,0.600981295722022,32,NA,NA,NA
"real","CHE_CYM",0.224182431166626,0.99136721445296,32,NA,NA,NA
"real","CHE_CYP",-0.00868033646737757,0.0700928156458325,15,NA,NA,NA
"real","CHE_DJI",0.367826182779942,2.00800765411884,32,NA,NA,NA
"real","CHE_DMA",-0.0379759981248169,1.1872426940544,32,NA,NA,NA
"real","CHE_DOM",0.156854722937673,0.288285191393482,32,NA,NA,NA
"real","CHE_DZA",0.00429424840752585,0.0814957408610611,32,NA,NA,NA
"real","CHE_ECU",0.377631789517706,0.493567535126157,32,NA,NA,NA
"real","CHE_EGY",-0.0268219814048915,0.0768052822319533,18,NA,NA,NA
"real","CHE_FJI",-0.271719308903323,0.40330577726071,32,NA,NA,NA
"real","CHE_GAB",0.195906693882334,1.02658812917278,32,NA,NA,NA
"real","CHE_GHA",0.345998497545803,0.583842768821044,32,NA,NA,NA
"real","CHE_GIB",0.536532959356241,1.96171599562078,32,NA,NA,NA
"real","CHE_GIN",0.252821669627943,0.854037936441719,32,NA,NA,NA
"real","CHE_GLP",0.269067533594849,0.332621161985706,8,NA,NA,NA
"real","CHE_GMB",-0.466031355612406,0.708514974339365,32,NA,NA,NA
"real","CHE_GNB",-0.311108594653625,1.43695297016475,32,NA,NA,NA
"real","CHE_GNQ",-0.289766711079311,1.18267333331476,32,NA,NA,NA
"real","CHE_GRD",-0.000861731907590042,0.240295469868642,32,NA,NA,NA
"real","CHE_GRL",-0.657922267894015,1.82746876170421,32,NA,NA,NA
"real","CHE_GTM",0.195625803802749,1.13085320125686,32,NA,NA,NA
"real","CHE_GUF",-0.212434855899047,0.490667699584724,8,NA,NA,NA
"real","CHE_GUY",-0.371451361700106,0.638842251924004,32,NA,NA,NA
"real","CHE_HND",0.350320695942319,0.870196789657866,32,NA,NA,NA
"real","CHE_HTI",0.211579279886816,0.894260511470575,32,NA,NA,NA
"real","CHE_IDN",0.18286952875,0.154434603736827,32,NA,NA,NA
"real","CHE_IND",-0.235921681771213,0.487842861451358,32,NA,NA,NA
"real","CHE_IRN",-0.147186890616165,0.223889480053808,32,NA,NA,NA
"real","CHE_IRQ",0.237001655393595,0.50206922374079,32,NA,NA,NA
"real","CHE_JAM",-0.0101052704047562,0.215435735164925,32,NA,NA,NA
"real","CHE_JOR",-0.0297470172232905,0.0554208598931313,13,NA,NA,NA
"real","CHE_JPN",-0.0273553591198682,0.0188466762796413,20,NA,NA,NA
"real","CHE_KEN",0.327982120792684,0.360995261675991,32,NA,NA,NA
"real","CHE_KHM",-0.72692233806948,1.04790235188194,32,NA,NA,NA
"real","CHE_KIR",-1.34417768669103,4.42200197616917,30,NA,NA,NA
"real","CHE_KNA",-0.393101075431084,1.17906534991031,32,NA,NA,NA
"real","CHE_KOR",-0.0510786859522745,0.14826700259844,17,NA,NA,NA
"real","CHE_KWT",0.0227519394183996,0.0439462099196921,25,NA,NA,NA
"real","CHE_LAO",-0.977312919915033,1.24261473326907,32,NA,NA,NA
"real","CHE_LBN",-0.0769324326097917,0.0975990423244796,18,NA,NA,NA
"real","CHE_LBR",0.0405380459522339,0.256304470385436,32,NA,NA,NA
"real","CHE_LBY",0.0908462402026119,0.336518157808569,32,NA,NA,NA
"real","CHE_LCA",0.476046549530712,1.73740178839689,32,NA,NA,NA
"real","CHE_LKA",-0.0924898892524176,0.171582152903092,32,NA,NA,NA
"real","CHE_MAC",-1.28024563283119,1.50941927050132,32,NA,NA,NA
"real","CHE_MAR",0.0676534818684687,0.175584974955982,10,NA,NA,NA
"real","CHE_MDG",0.227103387007728,0.655582769949337,32,NA,NA,NA
"real","CHE_MDV",0.0710138222335294,0.185374445344912,32,NA,NA,NA
"real","CHE_MEX",0.109805257097877,0.145511246633478,12,NA,NA,NA
"real","CHE_MLI",0.0878068544602121,0.52381870098148,32,NA,NA,NA
"real","CHE_MLT",0.130788486444011,0.22118803020053,15,NA,NA,NA
"real","CHE_MMR",0.031894974271395,0.86450077454495,32,NA,NA,NA
"real","CHE_MNG",0.330978477054347,1.02854687943166,32,NA,NA,NA
"real","CHE_MOZ",0.119965160636556,0.56935292814007,32,NA,NA,NA
"real","CHE_MRT",-0.488824362935868,0.912453508982,32,NA,NA,NA
"real","CHE_MSR",-0.983071160347202,4.30132323823056,31,NA,NA,NA
"real","CHE_MTQ",0.329400599169077,0.709248025244122,8,NA,NA,NA
"real","CHE_MUS",0.166383143009786,0.237972239926688,32,NA,NA,NA
"real","CHE_MWI",-0.586954503744783,0.965229240100192,32,NA,NA,NA
"real","CHE_MYS",0.0700199557450767,0.104474931502861,32,NA,NA,NA
"real","CHE_NER",-0.214395300478534,0.82785822388341,32,NA,NA,NA
"real","CHE_NGA",0.352555154255002,0.802501928745318,32,NA,NA,NA
"real","CHE_NIC",0.347683076801738,0.661813516834939,32,NA,NA,NA
"real","CHE_NPL",-0.558805506476367,0.573669592497699,32,NA,NA,NA
"real","CHE_NRU",-0.685618437659165,1.75679242338978,25,NA,NA,NA
"real","CHE_NZL",0.0874260581848197,0.0756198260189009,32,NA,NA,NA
"real","CHE_OMN",0.123001350213699,0.147321498604565,25,NA,NA,NA
"real","CHE_PAK",0.340091458613849,0.487334553341164,32,NA,NA,NA
"real","CHE_PAN",-0.485486323452245,1.58669170605227,25,NA,NA,NA
"real","CHE_PCN",-1.21388741569619,3.11276937738439,24,NA,NA,NA
"real","CHE_PER",0.290575329218354,0.389243247606782,22,NA,NA,NA
"real","CHE_PHL",0.229174036611827,0.27759151410508,29,NA,NA,NA
"real","CHE_PNG",-0.0333913290886559,1.53586518625926,32,NA,NA,NA
"real","CHE_PRK",0.187442593491296,1.28547527840283,32,NA,NA,NA
"real","CHE_PRY",-0.35039403087325,0.951868431084397,32,NA,NA,NA
"real","CHE_QAT",0.246114119018747,0.390075014588199,25,NA,NA,NA
"real","CHE_REU",0.214161554081874,0.152143853476859,8,NA,NA,NA
"real","CHE_RWA",-0.408216212454668,0.707522232619027,32,NA,NA,NA
"real","CHE_SAU",0.195890948990884,0.207766020821284,25,NA,NA,NA
"real","CHE_SDN",0.323972252776149,0.788006828660782,32,NA,NA,NA
"real","CHE_SEN",0.0233319441634827,0.143329815153177,32,NA,NA,NA
"real","CHE_SGP",-0.0464757791641536,0.0592705321816101,14,NA,NA,NA
"real","CHE_SLB",-0.697863918512209,1.39913658810577,32,NA,NA,NA
"real","CHE_SLE",-0.00649099450606669,1.62509180299241,32,NA,NA,NA
"real","CHE_SLV",0.340023193758013,0.467115838556591,32,NA,NA,NA
"real","CHE_SOM",0.100965614722576,2.65946378969357,31,NA,NA,NA
"real","CHE_SPM",-1.27996901195659,5.4866846009699,25,NA,NA,NA
"real","CHE_STP",-0.803656730678307,1.97374344622455,32,NA,NA,NA
"real","CHE_SUR",0.0710713083887979,0.321944915289838,32,NA,NA,NA
"real","CHE_SYC",-0.994022904956068,0.697696508950529,32,NA,NA,NA
"real","CHE_SYR",-0.0501951789883203,0.212671836411022,32,NA,NA,NA
"real","CHE_TCA",-0.329563279330037,1.11041521787741,32,NA,NA,NA
"real","CHE_TCD",0.193825071167941,0.709435074217224,32,NA,NA,NA
"real","CHE_TGO",-0.0076011519632356,0.373213877866874,32,NA,NA,NA
"real","CHE_THA",-0.228762600958301,0.115443492915455,32,NA,NA,NA
"real","CHE_TON",-1.27586525147474,3.12636638744415,31,NA,NA,NA
"real","CHE_TTO",0.270447531589009,0.692482959489788,32,NA,NA,NA
"real","CHE_TUN",-0.0215560361388553,0.0219709944444113,16,NA,NA,NA
"real","CHE_TUV",-0.337009586892095,16.9609747480542,20,NA,NA,NA
"real","CHE_TWN",0.197188460380438,0.15422980438946,32,NA,NA,NA
"real","CHE_TZA",-0.933519074956671,0.736842962729695,32,NA,NA,NA
"real","CHE_UGA",0.399573939433265,0.440123706817127,32,NA,NA,NA
"real","CHE_URY",0.370366897635296,0.668782891881153,32,NA,NA,NA
"real","CHE_USA",-0.0864076106025766,0.0262462036350815,32,NA,NA,NA
"real","CHE_VCT",-1.09532676685107,1.18303906584628,32,NA,NA,NA
"real","CHE_VEN",0.163126739322934,0.346040401972537,32,NA,NA,NA
"real","CHE_VGB",-1.05411932681605,2.98929826127502,32,NA,NA,NA
"real","CHE_VNM",-0.0511316447109507,0.562156734739052,32,NA,NA,NA
"real","CHE_VUT",0.096288224284193,1.34136289805899,32,NA,NA,NA
"real","CHE_WSM",-1.63509455570537,2.66007572040708,32,NA,NA,NA
"real","CHE_YEM",-1.03132766376881,1.63276575314063,31,NA,NA,NA
"real","CHE_ZAF",-1.21956325442657,1.71950775611692,19,NA,NA,NA
"real","CHE_ZMB",0.0086299332179267,0.145798327258161,32,NA,NA,NA
"real","CHE_ZWE",0.0811896528951825,0.356060651833317,32,NA,NA,NA
"real","CHL_AGO",-2.05101443900797,2.89251743874075,31,NA,NA,NA
"real","CHL_ARE",0.326909727958241,0.468673866214543,32,NA,NA,NA
"real","CHL_AUS",-0.130675263847131,0.0992778758208426,20,NA,NA,NA
"real","CHL_AUT",-0.0576351782529608,0.439306119427757,14,NA,NA,NA
"real","CHL_BHR",-1.18054597064597,1.36950141986419,31,NA,NA,NA
"real","CHL_BRB",-0.336874452798398,0.849793222781434,32,NA,NA,NA
"real","CHL_CAN",0.0651220729437968,0.0858117477992156,8,NA,NA,NA
"real","CHL_CHE",-0.0905395419210275,0.185830825959304,15,NA,NA,NA
"real","CHL_CHN",-0.554607874744376,0.779885144395814,17,NA,NA,NA
"real","CHL_CIV",-1.40393767785822,2.32220139784157,31,NA,NA,NA
"real","CHL_CRI",-0.263274634761486,0.772665819114898,13,NA,NA,NA
"real","CHL_DEU",0.0527015613223978,0.125294166532819,14,NA,NA,NA
"real","CHL_DNK",-0.350322980661894,0.687233454381439,14,NA,NA,NA
"real","CHL_DOM",-0.0647994353261608,0.890829474108649,32,NA,NA,NA
"real","CHL_ESP",-0.0633944557734002,0.108222183918464,14,NA,NA,NA
"real","CHL_FIN",-0.0430074686903209,0.252673999912343,14,NA,NA,NA
"real","CHL_FRA",-0.0689228965062009,0.187367852880922,14,NA,NA,NA
"real","CHL_GBR",-0.0790408504376847,0.177984656068062,14,NA,NA,NA
"real","CHL_GRC",0.0117361927857187,0.309805478473634,14,NA,NA,NA
"real","CHL_GRD",-0.348488594849428,0.52432916382859,29,NA,NA,NA
"real","CHL_GTM",-0.757369771282193,1.58142548709536,21,NA,NA,NA
"real","CHL_GUF",-0.431292648911447,1.92776760481293,8,NA,NA,NA
"real","CHL_HND",-0.562416784777891,0.512687645997838,18,NA,NA,NA
"real","CHL_IRL",-0.400930658806953,0.486496271427967,14,NA,NA,NA
"real","CHL_ISL",-1.35658143757073,1.68907559125009,15,NA,NA,NA
"real","CHL_ITA",-0.0926982837799349,0.161089730377294,14,NA,NA,NA
"real","CHL_JAM",-0.391383830498952,0.716532029546273,31,NA,NA,NA
"real","CHL_JOR",-0.454965213741393,0.636958830189967,32,NA,NA,NA
"real","CHL_JPN",-0.00348179377396813,0.0356987342553387,18,NA,NA,NA
"real","CHL_KEN",-1.37478302708505,2.32650513837708,29,NA,NA,NA
"real","CHL_KWT",0.169395038257973,0.729832241819683,32,NA,NA,NA
"real","CHL_LBN",-0.295417056837257,0.624834347218864,32,NA,NA,NA
"real","CHL_MDG",-0.889641240000921,2.21920511852833,29,NA,NA,NA
"real","CHL_MLT",-0.169974790272843,0.679230591127433,14,NA,NA,NA
"real","CHL_MTQ",0.134812131022593,1.17040301258239,9,NA,NA,NA
"real","CHL_NLD",0.0637475796038917,0.0898735726072929,14,NA,NA,NA
"real","CHL_NOR",-0.0824162425785548,0.0847574034393663,15,NA,NA,NA
"real","CHL_NZL",-0.175003948332817,0.211909490309034,17,NA,NA,NA
"real","CHL_PAN",-0.290137306374089,0.362297891783411,19,NA,NA,NA
"real","CHL_PRT",-0.0444348441059553,0.347979038297894,14,NA,NA,NA
"real","CHL_SAU",0.182435322155185,0.242209394841694,32,NA,NA,NA
"real","CHL_SLE",-1.33523168224778,2.52473339492897,23,NA,NA,NA
"real","CHL_SLV",-0.524336128605828,1.91721503829377,13,NA,NA,NA
"real","CHL_SWE",-0.011230727479881,0.0395472898603041,14,NA,NA,NA
"real","CHL_TWN",-0.190441936346446,0.778133464462599,32,NA,NA,NA
"real","CHL_USA",-0.0376299825120203,0.0242885017664666,15,NA,NA,NA
"real","CHL_ZAF",-0.449465955937693,1.43320168144276,31,NA,NA,NA
"real","CHN_AFG",-0.0842029459304361,0.257880343495931,32,NA,NA,NA
"real","CHN_ALB",-0.267136236576255,0.635756649878598,30,NA,NA,NA
"real","CHN_ARE",-0.249934841399461,0.607043310954568,32,NA,NA,NA
"real","CHN_ARG",-0.973469543760478,3.93520195182387,32,NA,NA,NA
"real","CHN_AUS",0.045707674322556,0.0150962560422116,26,NA,NA,NA
"real","CHN_AUT",-0.504737289702015,1.11397788916918,32,NA,NA,NA
"real","CHN_BEN",-0.00391775861928907,0.422379704369407,32,NA,NA,NA
"real","CHN_BFA",-0.301200697596239,0.552169290170948,30,NA,NA,NA
"real","CHN_BGD",-0.165664510086749,0.391370514918716,13,NA,NA,NA
"real","CHN_BGR",-0.28064095502885,0.255040408156613,32,NA,NA,NA
"real","CHN_BHR",-0.709869461128425,1.12319529659081,32,NA,NA,NA
"real","CHN_BOL",-1.41012042740398,5.65661520642171,31,NA,NA,NA
"real","CHN_BRA",-0.655372137819026,0.878457090252079,32,NA,NA,NA
"real","CHN_BRB",-0.352894846998081,0.590846618826276,32,NA,NA,NA
"real","CHN_BRN",-0.560407878333086,2.55602589913134,14,NA,NA,NA
"real","CHN_BWA",-0.429347687113205,2.11300374070589,26,NA,NA,NA
"real","CHN_CAN",-0.110914362856978,0.133848613197146,32,NA,NA,NA
"real","CHN_CHE",0.411619375420211,0.202106956955943,25,NA,NA,NA
"real","CHN_CHL",-0.607356635880323,1.53551127959266,17,NA,NA,NA
"real","CHN_CIV",-0.25738785184282,0.310407892682981,32,NA,NA,NA
"real","CHN_CMR",-0.870818063181055,2.77495669279526,32,NA,NA,NA
"real","CHN_COG",-0.516946103205164,1.16723687344568,30,NA,NA,NA
"real","CHN_COL",-0.98585227840932,2.71500211658324,32,NA,NA,NA
"real","CHN_CUB",0.066755020134191,0.133882719198895,32,NA,NA,NA
"real","CHN_CYP",0.0335602445890991,0.188938939869556,32,NA,NA,NA
"real","CHN_DEU",0.0540737653446758,0.0373226890643647,32,NA,NA,NA
"real","CHN_DJI",-0.912003342030751,1.1197949619884,32,NA,NA,NA
"real","CHN_DNK",0.0908230044379241,0.126405623214558,32,NA,NA,NA
"real","CHN_DZA",-0.635361817529528,0.653549906180731,32,NA,NA,NA
"real","CHN_ECU",-1.1619889051162,2.4936331597079,32,NA,NA,NA
"real","CHN_EGY",-0.52241804987525,0.727161219517564,32,NA,NA,NA
"real","CHN_ESP",-0.049277181089636,0.0423183456332595,32,NA,NA,NA
"real","CHN_FIN",-0.0939983647951409,0.029538044735659,32,NA,NA,NA
"real","CHN_FJI",-0.287177633324946,0.80693633518973,32,NA,NA,NA
"real","CHN_FRA",-0.246665792225726,0.316599424566391,32,NA,NA,NA
"real","CHN_GAB",-1.04149317726437,1.14747977248133,30,NA,NA,NA
"real","CHN_GBR",-0.325801440406996,0.478850704728429,32,NA,NA,NA
"real","CHN_GHA",-0.761981035878142,3.86767642527196,30,NA,NA,NA
"real","CHN_GIN",-0.389453959194382,0.428340611903623,32,NA,NA,NA
"real","CHN_GMB",0.141379682819333,0.604085055094562,32,NA,NA,NA
"real","CHN_GNQ",-0.762500242114568,1.22004739374844,30,NA,NA,NA
"real","CHN_GRC",-0.0614122066640586,0.357409055896232,32,NA,NA,NA
"real","CHN_GTM",-1.06490538378503,1.56805533054682,31,NA,NA,NA
"real","CHN_HND",-1.19172498909489,4.01671759231421,30,NA,NA,NA
"real","CHN_HUN",-0.367130759816958,0.695753916486403,32,NA,NA,NA
"real","CHN_IDN",0.129349951301652,0.168480795123886,16,NA,NA,NA
"real","CHN_IND",-0.37832606283934,0.484014143651071,13,NA,NA,NA
"real","CHN_IRL",-0.0649389491939066,0.640661396219846,32,NA,NA,NA
"real","CHN_IRN",-0.755942206617028,1.29638186246795,32,NA,NA,NA
"real","CHN_IRQ",-1.21311907265564,3.20910806003474,31,NA,NA,NA
"real","CHN_ISL",0.0509070699892931,0.0763778759285358,25,NA,NA,NA
"real","CHN_ITA",-0.144289375749949,0.165952228172464,32,NA,NA,NA
"real","CHN_JAM",-0.222439410107034,0.139853883327908,31,NA,NA,NA
"real","CHN_JOR",-0.282093721118328,0.334896837895177,32,NA,NA,NA
"real","CHN_JPN",0.119928528022619,0.0343740339403463,32,NA,NA,NA
"real","CHN_KEN",-1.12274591815248,3.2593336121427,32,NA,NA,NA
"real","CHN_KOR",-0.214699683490728,0.987868184002929,13,NA,NA,NA
"real","CHN_KWT",-0.727621020972423,1.22268900716104,32,NA,NA,NA
"real","CHN_LAO",-0.946950060525024,2.55807274384963,13,NA,NA,NA
"real","CHN_LBN",-0.115334155337547,0.200342957462455,32,NA,NA,NA
"real","CHN_LBR",-1.25588654146263,2.21671684046438,31,NA,NA,NA
"real","CHN_LBY",-0.383436145404384,0.335691067924821,32,NA,NA,NA
"real","CHN_LKA",0.196556410899829,0.212915098218516,13,NA,NA,NA
"real","CHN_LSO",-1.0533982657427,5.24444396663811,25,NA,NA,NA
"real","CHN_MAC",0.071771795974788,0.0780629612003085,14,NA,NA,NA
"real","CHN_MAR",-0.00500637367892384,0.144102985494503,32,NA,NA,NA
"real","CHN_MEX",-0.349134630431528,0.404822670894846,32,NA,NA,NA
"real","CHN_MLI",-0.260197174696465,0.164742051859632,32,NA,NA,NA
"real","CHN_MLT",-0.358341573178405,0.908845358094621,32,NA,NA,NA
"real","CHN_MMR",-0.93892975446542,2.79403126686405,16,NA,NA,NA
"real","CHN_MNG",-0.0930864195576716,0.275593849617498,32,NA,NA,NA
"real","CHN_MOZ",-0.364073869534012,0.589052344233713,32,NA,NA,NA
"real","CHN_MRT",0.299311639996007,0.640347903636064,32,NA,NA,NA
"real","CHN_MUS",-0.0212788635000009,0.060941260029792,32,NA,NA,NA
"real","CHN_MYS",0.085244873523714,0.221132106569123,16,NA,NA,NA
"real","CHN_NER",-0.261531001492026,0.330747202090573,32,NA,NA,NA
"real","CHN_NGA",-0.605645503607618,1.20256091652935,32,NA,NA,NA
"real","CHN_NLD",-0.263185329980333,0.314909047057733,32,NA,NA,NA
"real","CHN_NOR",-0.5453673309293,2.00655142163215,32,NA,NA,NA
"real","CHN_NPL",-0.20780905940404,0.240961891737845,32,NA,NA,NA
"real","CHN_NZL",-0.147323729911423,0.129202513865806,19,NA,NA,NA
"real","CHN_OMN",-0.48040358334279,0.280053684586931,32,NA,NA,NA
"real","CHN_PAK",-0.236780954028796,0.634686567798846,18,NA,NA,NA
"real","CHN_PAN",-1.77080669546855,6.94926166636602,32,NA,NA,NA
"real","CHN_PER",-1.34488281262348,5.74466921084235,21,NA,NA,NA
"real","CHN_PHL",-0.268086607148176,0.42910693666951,16,NA,NA,NA
"real","CHN_PNG",-0.774664327227498,2.47874893496447,32,NA,NA,NA
"real","CHN_POL",-0.365754641669525,0.909846504621713,32,NA,NA,NA
"real","CHN_PRK",0.128679032631517,0.630648713814846,32,NA,NA,NA
"real","CHN_PRT",-0.146701536213262,0.0579912615860512,32,NA,NA,NA
"real","CHN_PRY",-0.857265122786021,4.1675239251813,30,NA,NA,NA
"real","CHN_PYF",-0.919021538205616,4.27129088060542,31,NA,NA,NA
"real","CHN_QAT",-0.8614627591763,1.31239872473347,32,NA,NA,NA
"real","CHN_REU",-1.01714418430041,2.65867688589388,12,NA,NA,NA
"real","CHN_ROU",-0.259501017862812,0.26133890643983,32,NA,NA,NA
"real","CHN_RWA",-1.24024677259585,3.73904345570921,31,NA,NA,NA
"real","CHN_SAU",-0.442867895400577,0.823157334497446,32,NA,NA,NA
"real","CHN_SDN",-0.462011104447161,1.07390148028339,31,NA,NA,NA
"real","CHN_SEN",-0.0775725429333239,0.163284201672014,32,NA,NA,NA
"real","CHN_SGP",0.0742409786554974,0.0963859682160993,16,NA,NA,NA
"real","CHN_SLE",-0.667745435759967,1.43409028425525,32,NA,NA,NA
"real","CHN_STP",-0.554523333244533,1.2167704414844,31,NA,NA,NA
"real","CHN_SUR",-0.327250469631149,0.538444909832322,29,NA,NA,NA
"real","CHN_SWE",-0.451377113900557,1.14206090467249,32,NA,NA,NA
"real","CHN_SYC",-0.309674146737782,0.580510090916675,31,NA,NA,NA
"real","CHN_SYR",-0.478754182161917,1.41463775180723,32,NA,NA,NA
"real","CHN_TCD",-1.23420653067063,2.20622596919717,31,NA,NA,NA
"real","CHN_TGO",-0.152293268873314,0.606368547610889,32,NA,NA,NA
"real","CHN_THA",0.156562491899006,0.27222445197249,16,NA,NA,NA
"real","CHN_TON",-0.455671036555139,0.832393827713174,29,NA,NA,NA
"real","CHN_TTO",-0.112194968731028,0.0860962952106367,32,NA,NA,NA
"real","CHN_TUN",-0.215624580448825,0.126314193397814,32,NA,NA,NA
"real","CHN_TUR",-0.336647627445572,0.195424279302524,32,NA,NA,NA
"real","CHN_TWN",-0.608699602999157,1.85915469718796,32,NA,NA,NA
"real","CHN_TZA",-0.240943949512749,0.166858379570945,30,NA,NA,NA
"real","CHN_URY",-0.999340597812812,2.87165536110001,32,NA,NA,NA
"real","CHN_USA",-0.256142023253726,1.01112821785379,32,NA,NA,NA
"real","CHN_VEN",-1.19616719134665,3.56613294707209,31,NA,NA,NA
"real","CHN_VUT",-0.974663730698608,1.86295520179636,29,NA,NA,NA
"real","CHN_ZMB",-1.07381103804292,2.19825412793393,31,NA,NA,NA
"real","CHN_ZWE",-0.836078744034288,2.99915910057406,31,NA,NA,NA
"real","CIV_ARG",-1.1719169498362,2.63298058393709,31,NA,NA,NA
"real","CIV_AUS",-0.103972350342106,0.276258411285799,32,NA,NA,NA
"real","CIV_AUT",-0.559632961584284,3.26322327520692,27,NA,NA,NA
"real","CIV_BGR",-0.395491345225075,1.90026863946934,22,NA,NA,NA
"real","CIV_BRA",-0.769435355701538,3.44034257795959,31,NA,NA,NA
"real","CIV_CAN",-0.523730474998855,0.575233261053508,32,NA,NA,NA
"real","CIV_CHE",-0.570599768994567,0.385075763888461,32,NA,NA,NA
"real","CIV_CHN",-0.196266205562634,0.537715953059086,32,NA,NA,NA
"real","CIV_DEU",-0.297325968287673,0.407126826107546,27,NA,NA,NA
"real","CIV_DNK",-0.129719407217126,1.85414245260557,27,NA,NA,NA
"real","CIV_EGY",-0.579513023851509,2.32838970417575,30,NA,NA,NA
"real","CIV_ESP",0.0572697191012569,0.0720962171862998,27,NA,NA,NA
"real","CIV_FIN",-0.0762811784137329,0.713867485301949,27,NA,NA,NA
"real","CIV_FRA",0.104988608975317,0.118546530710583,27,NA,NA,NA
"real","CIV_GBR",0.0516095574211077,0.0821808711706911,27,NA,NA,NA
"real","CIV_GRC",-0.0387966799393385,0.54601624871132,27,NA,NA,NA
"real","CIV_HUN",0.0511192120527258,1.61140535408685,25,NA,NA,NA
"real","CIV_IDN",-0.183244632246993,0.284231190848849,32,NA,NA,NA
"real","CIV_IND",-0.188779739892917,0.522522963171994,32,NA,NA,NA
"real","CIV_IRL",-0.0630707689580547,1.70875118443172,27,NA,NA,NA
"real","CIV_ISL",-3.54385204234264,3.0822126765249,32,NA,NA,NA
"real","CIV_ITA",0.0661559177546995,0.0640894492148125,27,NA,NA,NA
"real","CIV_JPN",-0.0190401157602416,0.255794673780439,32,NA,NA,NA
"real","CIV_KOR",-0.398305885030325,2.30321870716224,32,NA,NA,NA
"real","CIV_LKA",-0.988484551404494,1.80603227828103,23,NA,NA,NA
"real","CIV_MAR",0.124504889210987,0.456568565884035,31,NA,NA,NA
"real","CIV_MLT",-2.21059677492232,3.55329568561934,26,NA,NA,NA
"real","CIV_MYS",-1.08156234200649,2.41843278564867,32,NA,NA,NA
"real","CIV_NLD",0.019345118813873,0.0428996048348402,27,NA,NA,NA
"real","CIV_NOR",-1.15044481088573,1.48719021741553,32,NA,NA,NA
"real","CIV_OMN",-0.565232771833015,1.55680222445114,26,NA,NA,NA
"real","CIV_PHL",-0.428594919949055,2.22884936300538,32,NA,NA,NA
"real","CIV_PRT",-0.0133613565273166,0.156282365634095,27,NA,NA,NA
"real","CIV_SGP",-0.20008151531192,0.536804399873405,32,NA,NA,NA
"real","CIV_SWE",-0.499487940344749,1.19140476505551,27,NA,NA,NA
"real","CIV_THA",-0.120338872922302,1.47863343224046,32,NA,NA,NA
"real","CIV_TUN",-0.0107681985124371,1.17570507433773,32,NA,NA,NA
"real","CIV_TUR",-0.385726470087768,0.374026054673648,32,NA,NA,NA
"real","CIV_TWN",-0.27923723081577,2.77595705561481,32,NA,NA,NA
"real","CIV_USA",-0.105237830061266,0.0959928683479551,32,NA,NA,NA
"real","CMR_AUS",-0.268876210918252,0.67526432963428,32,NA,NA,NA
"real","CMR_AUT",-0.468152552154766,1.57039073147088,25,NA,NA,NA
"real","CMR_BGR",-0.809835509361721,2.78912918119011,20,NA,NA,NA
"real","CMR_CAN",-0.596529354154146,0.894838573389524,32,NA,NA,NA
"real","CMR_CHE",-0.0193664937298057,1.33186302421291,32,NA,NA,NA
"real","CMR_CHN",-0.456019146833845,3.83068859330037,32,NA,NA,NA
"real","CMR_CIV",-0.869767902302725,3.33427027955313,28,NA,NA,NA
"real","CMR_COG",-2.3969586840768,9.5947940402602,9,NA,NA,NA
"real","CMR_DEU",-0.0233279861132861,0.305531629213569,25,NA,NA,NA
"real","CMR_DNK",0.0581239171481948,0.568508776091332,25,NA,NA,NA
"real","CMR_ESP",-0.126384591307479,0.148135574087481,25,NA,NA,NA
"real","CMR_FIN",-0.307973507956908,1.01636643551566,25,NA,NA,NA
"real","CMR_FRA",0.0797938764202166,0.128407369884681,25,NA,NA,NA
"real","CMR_GAB",-0.860476248411355,2.05628784650698,9,NA,NA,NA
"real","CMR_GBR",-0.273574945004514,0.339397977944158,25,NA,NA,NA
"real","CMR_GRC",-0.0341553721514827,0.473037216432125,25,NA,NA,NA
"real","CMR_HUN",-1.23080851239343,5.52819326395643,24,NA,NA,NA
"real","CMR_ISR",-0.5790467621599,4.91233698514987,29,NA,NA,NA
"real","CMR_ITA",-0.219053861249472,0.32384189684545,25,NA,NA,NA
"real","CMR_JPN",-0.319807505715715,0.911592526302038,32,NA,NA,NA
"real","CMR_MAR",-0.721937398228223,0.936038134702202,8,NA,NA,NA
"real","CMR_MUS",-0.337250793270075,0.990392453413048,29,NA,NA,NA
"real","CMR_NLD",0.0459425839649964,0.202096663356426,25,NA,NA,NA
"real","CMR_NOR",-3.34180515123558,3.65486697661054,30,NA,NA,NA
"real","CMR_POL",-0.240760621890399,1.26847058299352,24,NA,NA,NA
"real","CMR_PRT",-0.285935970058459,0.37029613692066,25,NA,NA,NA
"real","CMR_SAU",-0.391130140938383,1.89534164024779,30,NA,NA,NA
"real","CMR_SEN",-0.566373209910413,4.2100633625325,29,NA,NA,NA
"real","CMR_SWE",-1.33710616946901,2.48639510792504,25,NA,NA,NA
"real","CMR_TGO",-0.653379290467682,1.96387706563837,28,NA,NA,NA
"real","CMR_TUR",-0.234559488743821,0.711288383750209,32,NA,NA,NA
"real","CMR_TWN",-0.763664080313841,2.5660757240358,32,NA,NA,NA
"real","CMR_URY",-5.37446443060978,15.9778063242177,20,NA,NA,NA
"real","CMR_USA",-0.271159482813103,0.428674754383145,32,NA,NA,NA
"real","COD_AUS",-1.38758340893699,2.98352868305236,32,NA,NA,NA
"real","COD_AUT",-0.533134576761946,3.20415125151829,32,NA,NA,NA
"real","COD_BRA",-1.58189326574769,4.22173248891962,28,NA,NA,NA
"real","COD_CAN",-1.9102020032251,8.8633812872621,30,NA,NA,NA
"real","COD_CHE",-2.11308852109264,2.3627417971213,32,NA,NA,NA
"real","COD_CHN",-2.34595373659477,7.44059994971342,31,NA,NA,NA
"real","COD_DEU",-0.398757698571737,1.25683112864268,32,NA,NA,NA
"real","COD_DNK",-0.495673349974062,3.00584449798287,32,NA,NA,NA
"real","COD_ESP",-0.879954640566957,1.58927959110256,32,NA,NA,NA
"real","COD_FIN",-2.07970135682381,12.0548023677,32,NA,NA,NA
"real","COD_FRA",-0.0427204825674619,0.858986568663889,32,NA,NA,NA
"real","COD_GBR",-0.36137058769518,1.35079294495469,32,NA,NA,NA
"real","COD_GRC",-0.586081440037026,2.34982227487254,32,NA,NA,NA
"real","COD_IND",-0.444710724388163,3.51631124282469,32,NA,NA,NA
"real","COD_IRL",-0.365684435807059,2.15037451969073,30,NA,NA,NA
"real","COD_ITA",-0.435468030640073,1.03399019664874,32,NA,NA,NA
"real","COD_JPN",-0.787316058614086,3.2135379232752,32,NA,NA,NA
"real","COD_KOR",-2.40575397800128,5.76898065231765,32,NA,NA,NA
"real","COD_MAR",-1.38303586145938,2.63128600404774,28,NA,NA,NA
"real","COD_NLD",-0.48398323801193,1.20476652062286,32,NA,NA,NA
"real","COD_PRT",-0.124711273051574,0.952707031908172,32,NA,NA,NA
"real","COD_SGP",-3.14247358730816,4.36581791208307,21,NA,NA,NA
"real","COD_SWE",-0.573010707052344,2.36908952095088,30,NA,NA,NA
"real","COD_THA",-3.80339361903865,13.7291385678104,29,NA,NA,NA
"real","COD_TTO",-1.07756081165301,4.84911781992139,19,NA,NA,NA
"real","COD_TUR",-1.8780335281555,3.69179769959066,32,NA,NA,NA
"real","COD_TWN",-1.76560749591044,5.59096252528762,23,NA,NA,NA
"real","COD_USA",-0.368020411746178,2.69596727375821,32,NA,NA,NA
"real","COG_BGR",-2.1900515047613,10.2936316021229,16,NA,NA,NA
"real","COG_CHE",-0.992993159533774,2.78031814993061,32,NA,NA,NA
"real","COG_DEU",0.00275273048426408,1.380101869655,32,NA,NA,NA
"real","COG_EGY",-2.47220817568272,4.48660098303524,24,NA,NA,NA
"real","COG_ESP",-0.779976387042313,2.05061068469734,32,NA,NA,NA
"real","COG_FIN",-1.32860381074341,3.32775349742632,29,NA,NA,NA
"real","COG_FRA",-0.802182317890023,2.75654332716223,32,NA,NA,NA
"real","COG_GRC",-1.25702194649312,3.27650954831503,31,NA,NA,NA
"real","COG_IND",-1.45593870247851,3.21172456410629,27,NA,NA,NA
"real","COG_ITA",-1.12140206434948,5.28768485632323,32,NA,NA,NA
"real","COG_JPN",-0.431341894494243,2.35245540548018,32,NA,NA,NA
"real","COG_KOR",-1.36928824176856,7.5080167102735,32,NA,NA,NA
"real","COG_NLD",-0.829719795276641,2.82601139444423,32,NA,NA,NA
"real","COG_PRT",-0.279125078649154,0.71101062365488,32,NA,NA,NA
"real","COG_SGP",-1.5245841719554,4.79870093846131,21,NA,NA,NA
"real","COG_THA",-0.806938284091221,2.33351766297075,32,NA,NA,NA
"real","COG_TWN",-0.932648051292704,5.40671581048731,28,NA,NA,NA
"real","COK_DEU",-0.613453670669719,3.05915190019166,30,NA,NA,NA
"real","COK_GRC",-2.13866976003623,6.10243854819717,12,NA,NA,NA
"real","COK_JPN",-0.218217535535404,0.195272982075188,32,NA,NA,NA
"real","COK_KOR",-1.14705924747377,4.53123442220542,23,NA,NA,NA
"real","COK_THA",-1.53720869299618,3.2362104414409,31,NA,NA,NA
"real","COK_USA",-0.127766458557229,1.2577528152619,32,NA,NA,NA
"real","COL_ARE",-1.06697918389866,1.29250474931027,32,NA,NA,NA
"real","COL_AUS",0.124654427672869,0.0676904173322009,32,NA,NA,NA
"real","COL_AUT",-0.503403836076802,2.49554207723481,24,NA,NA,NA
"real","COL_BGR",-0.87007359005693,2.43152223734414,21,NA,NA,NA
"real","COL_BRB",-0.704022654505046,1.74259482995144,31,NA,NA,NA
"real","COL_CAN",0.00265348881513396,0.0569328793029965,22,NA,NA,NA
"real","COL_CHE",-0.209205895461262,0.229872377135945,22,NA,NA,NA
"real","COL_CHN",-1.212692638303,1.70338367612151,32,NA,NA,NA
"real","COL_CRI",-0.582246496512786,3.79613642158748,27,NA,NA,NA
"real","COL_DEU",-0.0270514422015681,0.330773031267442,24,NA,NA,NA
"real","COL_DNK",0.125260822446303,0.407939239595054,24,NA,NA,NA
"real","COL_DOM",-0.284516331650926,2.5825098079784,31,NA,NA,NA
"real","COL_EGY",-0.568900615909718,1.43677293375133,8,NA,NA,NA
"real","COL_ESP",-0.0081827534638876,0.0441823105906206,24,NA,NA,NA
"real","COL_FIN",0.194527814280517,0.733650731379006,24,NA,NA,NA
"real","COL_FRA",0.228286036231925,0.178096285241844,24,NA,NA,NA
"real","COL_GBR",0.0377426619765851,0.0512080530144086,24,NA,NA,NA
"real","COL_GLP",0.553705629914207,1.33211458474606,12,NA,NA,NA
"real","COL_GRC",0.13083853374214,0.476615547094205,24,NA,NA,NA
"real","COL_GTM",-0.854900287469762,3.08843765010151,20,NA,NA,NA
"real","COL_GUF",-0.183768068668104,1.97076882841289,10,NA,NA,NA
"real","COL_HUN",0.286867799955895,3.11047091874981,24,NA,NA,NA
"real","COL_IND",-0.0749625062823369,0.36688966877554,8,NA,NA,NA
"real","COL_IRL",0.464326608643724,2.26377697190093,24,NA,NA,NA
"real","COL_ISL",-0.0746024154523209,0.763399916068044,22,NA,NA,NA
"real","COL_ISR",-0.169264626501694,1.49860943913411,32,NA,NA,NA
"real","COL_ITA",0.0748021435843422,0.0554399498338799,24,NA,NA,NA
"real","COL_JAM",-0.801933632768858,2.9601258858298,32,NA,NA,NA
"real","COL_JPN",0.146273913342095,0.165595002174663,32,NA,NA,NA
"real","COL_KOR",-0.0757899005081317,0.096778664203257,8,NA,NA,NA
"real","COL_KWT",0.0970498009154833,0.335329398357584,32,NA,NA,NA
"real","COL_MAR",-0.20937715024344,0.147155585481874,8,NA,NA,NA
"real","COL_MLT",-0.0148123263795797,1.59826985118154,23,NA,NA,NA
"real","COL_MTQ",0.566570588719308,1.76525991664748,12,NA,NA,NA
"real","COL_NLD",0.0447749752596452,0.104245554510552,24,NA,NA,NA
"real","COL_NOR",0.310746169783953,0.570970150146683,22,NA,NA,NA
"real","COL_NZL",0.0767483421390684,0.079043497700971,32,NA,NA,NA
"real","COL_PAN",-0.757146020361186,3.30272618503273,23,NA,NA,NA
"real","COL_POL",0.312056747496782,0.882971068782538,24,NA,NA,NA
"real","COL_PRI",0.0173615102479481,0.15873873484991,12,NA,NA,NA
"real","COL_PRT",-0.151016844690381,0.185600117919698,24,NA,NA,NA
"real","COL_SAU",0.328757652580346,1.18728557524554,32,NA,NA,NA
"real","COL_SEN",-0.631195131870984,1.79748749420367,32,NA,NA,NA
"real","COL_SGP",-0.35258657698574,0.998953601175379,8,NA,NA,NA
"real","COL_SWE",0.260247010072088,1.05060203216629,24,NA,NA,NA
"real","COL_THA",0.0417714400281959,0.340230916699516,8,NA,NA,NA
"real","COL_TTO",-1.32644797752618,2.2943049415634,8,NA,NA,NA
"real","COL_TUR",-1.22965962050064,1.81964112437087,32,NA,NA,NA
"real","COL_TWN",-0.498951953815754,1.45717663050273,32,NA,NA,NA
"real","COL_USA",-0.0714454248470497,0.0231438890040985,23,NA,NA,NA
"real","COL_ZAF",0.0607943254707546,1.53324437618747,31,NA,NA,NA
"real","COM_AUS",-0.953347127207628,1.97589377412075,27,NA,NA,NA
"real","COM_AUT",-1.49255179854547,6.98388775602653,27,NA,NA,NA
"real","COM_CAN",-0.584548307633648,2.14642833608784,31,NA,NA,NA
"real","COM_CHE",-1.02758629627991,2.10977139525939,29,NA,NA,NA
"real","COM_DEU",-0.306968362195538,1.14899564890605,31,NA,NA,NA
"real","COM_DNK",-0.887063223939121,3.89948790740456,20,NA,NA,NA
"real","COM_ESP",-0.859640893316337,1.80046374206892,28,NA,NA,NA
"real","COM_FRA",0.0105720368946656,0.128786641911941,32,NA,NA,NA
"real","COM_GBR",-0.568284841369903,1.32703611066774,32,NA,NA,NA
"real","COM_GRC",-1.25070224710504,3.6185554300478,31,NA,NA,NA
"real","COM_IND",-1.31985757114783,2.30559193666214,26,NA,NA,NA
"real","COM_ITA",-0.894626658456905,1.98797152483749,29,NA,NA,NA
"real","COM_JPN",-0.990161721902538,1.96137848826863,32,NA,NA,NA
"real","COM_NLD",-0.618194931266018,1.02036460948632,32,NA,NA,NA
"real","COM_PRT",-1.55275498239735,4.01500546723629,13,NA,NA,NA
"real","COM_SGP",-0.751648045939447,2.78754428600127,31,NA,NA,NA
"real","COM_SWE",-1.4606739826188,4.12535295979858,15,NA,NA,NA
"real","COM_USA",-0.259116007580505,0.838287918979337,32,NA,NA,NA
"real","CPV_AUT",-0.494099882842567,2.73319268987835,25,NA,NA,NA
"real","CPV_CHE",-0.883360499921842,5.95896433987889,26,NA,NA,NA
"real","CPV_DEU",-1.06116281718824,2.25402718600108,32,NA,NA,NA
"real","CPV_NLD",-1.53034663136742,3.09762406717639,29,NA,NA,NA
"real","CPV_PRT",0.162527245979043,0.267377211297248,32,NA,NA,NA
"real","CRI_ALB",-0.370982680794083,2.87441676731641,28,NA,NA,NA
"real","CRI_ARG",-0.157899499195929,1.66804625545717,31,NA,NA,NA
"real","CRI_AUS",-0.5399225214693,0.725310457179232,32,NA,NA,NA
"real","CRI_AUT",0.112946143386243,2.47093946298616,24,NA,NA,NA
"real","CRI_BHR",-0.392128650640912,2.70080783873801,31,NA,NA,NA
"real","CRI_BLZ",-0.144480262120774,1.04127970864802,30,NA,NA,NA
"real","CRI_BOL",0.260247201968522,0.363685423578663,30,NA,NA,NA
"real","CRI_BRA",-0.711016993829149,1.20384953935274,32,NA,NA,NA
"real","CRI_BRB",-0.304849591062771,1.14140503391276,30,NA,NA,NA
"real","CRI_CAF",-1.1657507524409,11.7655837488009,12,NA,NA,NA
"real","CRI_CAN",0.044892997914086,0.0574979263021709,13,NA,NA,NA
"real","CRI_CHE",0.538843207351294,0.56318359830616,25,NA,NA,NA
"real","CRI_CHL",-0.685967185390065,1.62561136156945,13,NA,NA,NA
"real","CRI_CHN",-2.95520838891191,8.20110471964779,22,NA,NA,NA
"real","CRI_COL",0.201213494598144,0.399379208518485,27,NA,NA,NA
"real","CRI_DEU",0.0518760202898988,0.457955940719766,24,NA,NA,NA
"real","CRI_DNK",0.336629368224236,2.07160029231715,24,NA,NA,NA
"real","CRI_DOM",-1.20898241053457,3.04594198779692,12,NA,NA,NA
"real","CRI_ECU",0.0580992311571638,0.389437900449143,32,NA,NA,NA
"real","CRI_EGY",-0.877000854830232,1.44102269326548,28,NA,NA,NA
"real","CRI_ESP",0.0813736553214705,0.470809503981814,24,NA,NA,NA
"real","CRI_FIN",0.108982577885668,2.40062867458474,24,NA,NA,NA
"real","CRI_FRA",0.276565318938329,0.327680582429619,24,NA,NA,NA
"real","CRI_GBR",-0.0913423451518516,0.325836530512222,24,NA,NA,NA
"real","CRI_GLP",0.156288997923934,4.49545561778117,9,NA,NA,NA
"real","CRI_GRC",0.136761668660208,0.815889965024469,24,NA,NA,NA
"real","CRI_HUN",0.0350563740718406,3.08879101528425,23,NA,NA,NA
"real","CRI_IND",-0.927845004643258,2.15040486627593,28,NA,NA,NA
"real","CRI_IRL",0.0147157903806007,1.00197484243043,24,NA,NA,NA
"real","CRI_ISL",0.402279665843789,0.466634565176431,25,NA,NA,NA
"real","CRI_ISR",0.239011727134761,1.40533957826688,31,NA,NA,NA
"real","CRI_ITA",0.408658019413343,0.821478407416128,24,NA,NA,NA
"real","CRI_JOR",0.0146430984975154,1.68122217871694,32,NA,NA,NA
"real","CRI_JPN",-0.16906124327089,0.437904174467365,32,NA,NA,NA
"real","CRI_KOR",-0.281045863495249,0.747585132073984,32,NA,NA,NA
"real","CRI_KWT",-0.422009346289816,2.20926424582786,31,NA,NA,NA
"real","CRI_LBN",0.0348419026176286,0.739615817327894,30,NA,NA,NA
"real","CRI_MAR",0.173422111038349,1.2267963318278,31,NA,NA,NA
"real","CRI_MLT",-0.240865491223135,4.04504209233924,24,NA,NA,NA
"real","CRI_MYS",-2.27801386408143,5.86184067418734,32,NA,NA,NA
"real","CRI_NLD",-0.532976916669891,0.387753299739937,24,NA,NA,NA
"real","CRI_NOR",0.380441455747499,0.499066694333826,25,NA,NA,NA
"real","CRI_NZL",-0.632134409715574,0.866901106103137,32,NA,NA,NA
"real","CRI_OMN",-0.159315678999381,4.29961347510153,32,NA,NA,NA
"real","CRI_PAK",-0.55763476489513,1.66685202443254,31,NA,NA,NA
"real","CRI_PAN",-0.965377070405569,3.02471081159921,19,NA,NA,NA
"real","CRI_PER",-0.205093208635593,1.02036418915758,23,NA,NA,NA
"real","CRI_POL",0.496743992258479,1.39957571408942,22,NA,NA,NA
"real","CRI_PRT",-0.0715515211618409,0.104028166195142,24,NA,NA,NA
"real","CRI_QAT",-0.36478010924314,1.55155888428384,24,NA,NA,NA
"real","CRI_SAU",-0.797835846284673,2.80544695989201,31,NA,NA,NA
"real","CRI_SGP",-1.76232648964784,3.78011624099251,23,NA,NA,NA
"real","CRI_SWE",0.317794095143843,0.717525835880784,24,NA,NA,NA
"real","CRI_SYR",-1.40997369166886,3.27651823050087,27,NA,NA,NA
"real","CRI_THA",-0.225672668184689,0.489890311775177,32,NA,NA,NA
"real","CRI_TTO",-0.671544696840386,2.23657431126103,32,NA,NA,NA
"real","CRI_TUR",-0.433080902544588,0.721273977890841,32,NA,NA,NA
"real","CRI_TWN",-0.817375506013521,1.39629130673582,32,NA,NA,NA
"real","CRI_USA",0.0342027034086537,0.0417662444454874,20,NA,NA,NA
"real","CRI_VEN",-0.367828366968895,3.20589442936854,31,NA,NA,NA
"real","CRI_ZAF",0.555430158825531,1.66358589095507,30,NA,NA,NA
"real","CUB_AUS",-0.304881936050504,0.891475546036072,32,NA,NA,NA
"real","CUB_AUT",-0.114295574888111,0.447832923766654,32,NA,NA,NA
"real","CUB_BGR",-0.771202116171265,2.79536923548961,26,NA,NA,NA
"real","CUB_BRB",-0.0145078813381461,1.06424663974803,31,NA,NA,NA
"real","CUB_CAN",-0.702049234550646,1.87822603847158,32,NA,NA,NA
"real","CUB_CHE",-0.0465711850083205,0.143847820949414,32,NA,NA,NA
"real","CUB_CHN",-0.415824459815602,0.741537709634444,32,NA,NA,NA
"real","CUB_DEU",-0.121639063576893,0.403860787272669,32,NA,NA,NA
"real","CUB_DNK",-2.2790940380862,3.4042186417707,32,NA,NA,NA
"real","CUB_ESP",-0.00838965244855008,0.144301324367048,32,NA,NA,NA
"real","CUB_FIN",-1.22372404239314,5.06091057289273,32,NA,NA,NA
"real","CUB_FRA",-0.0752957782634503,0.181907622091757,32,NA,NA,NA
"real","CUB_GBR",-0.321815446420923,0.451407785081118,32,NA,NA,NA
"real","CUB_GRC",-1.20639784162348,4.06590019668215,31,NA,NA,NA
"real","CUB_HUN",-1.69084963098477,3.50646801689143,30,NA,NA,NA
"real","CUB_ISL",-2.55543771287566,4.86816361024378,28,NA,NA,NA
"real","CUB_ITA",-0.564760738351211,2.22590069209668,32,NA,NA,NA
"real","CUB_JPN",-0.273467700897866,0.491526959623528,32,NA,NA,NA
"real","CUB_NLD",-0.441406511965022,0.710346020607174,32,NA,NA,NA
"real","CUB_NOR",-1.07623723117058,2.68194367467346,32,NA,NA,NA
"real","CUB_PRT",-0.0506213561061064,0.444456626475062,32,NA,NA,NA
"real","CUB_SWE",-0.930380755138379,1.66592895654085,32,NA,NA,NA
"real","CUB_URY",-1.09216720702366,1.6670812236282,10,NA,NA,NA
"real","CUB_VEN",-1.13278985982638,5.72376848648154,9,NA,NA,NA
"real","CYM_AUS",-1.13063486816934,13.2194249103222,31,NA,NA,NA
"real","CYM_CHE",-0.233657044704704,7.23765433336351,32,NA,NA,NA
"real","CYM_JPN",-4.86265063319985,13.2595684910218,28,NA,NA,NA
"real","CYP_AUS",-0.51652010854806,0.429242590132406,32,NA,NA,NA
"real","CYP_CAN",-0.706682167237664,0.932630008698188,28,NA,NA,NA
"real","CYP_CHE",-0.473911819229876,0.621832916278582,15,NA,NA,NA
"real","CYP_CHN",-0.333883107087871,0.621425805872009,32,NA,NA,NA
"real","CYP_DZA",-0.559148026198808,1.42328466817951,15,NA,NA,NA
"real","CYP_EGY",-0.142037298364634,0.276163739059722,15,NA,NA,NA
"real","CYP_GRD",0.12310288944669,3.04440802605747,16,NA,NA,NA
"real","CYP_HUN",0.101468867712256,0.484103834404743,15,NA,NA,NA
"real","CYP_IND",-0.51189531342853,0.865039513111976,32,NA,NA,NA
"real","CYP_ISL",-0.144935992700441,0.749555994789715,15,NA,NA,NA
"real","CYP_JOR",-0.121612374755907,0.365660090416772,15,NA,NA,NA
"real","CYP_JPN",-0.465543805350995,0.51160014901182,30,NA,NA,NA
"real","CYP_KOR",-0.289626854319819,0.987359655995894,22,NA,NA,NA
"real","CYP_LKA",-0.0992350121799451,1.73216045809738,32,NA,NA,NA
"real","CYP_MAR",-0.722137816427722,1.50710822048563,15,NA,NA,NA
"real","CYP_MLT",0.144160547985552,0.522869678946028,15,NA,NA,NA
"real","CYP_MYS",-0.701119664311812,0.796330383112094,32,NA,NA,NA
"real","CYP_NOR",-0.298816884784349,1.0093934290047,15,NA,NA,NA
"real","CYP_NZL",-0.70479812515812,0.903501872809631,32,NA,NA,NA
"real","CYP_OMN",0.0587238268597486,1.53971435545892,32,NA,NA,NA
"real","CYP_SAU",0.401138811613992,1.115208282548,32,NA,NA,NA
"real","CYP_SGP",-0.467480433875345,0.727317628501418,30,NA,NA,NA
"real","CYP_SYR",-0.320481026296988,2.86703937281836,15,NA,NA,NA
"real","CYP_THA",0.177296326754185,0.558397313126428,32,NA,NA,NA
"real","CYP_TUN",-0.11839333380053,0.928671394229512,15,NA,NA,NA
"real","CYP_TUR",-0.0173700531862278,0.215187479475442,15,NA,NA,NA
"real","CYP_USA",-0.723158713850529,1.09982394790212,32,NA,NA,NA
"real","DEU_AFG",-0.219907724035168,0.39299970744436,32,NA,NA,NA
"real","DEU_AGO",0.0594120854607319,0.214496242097115,32,NA,NA,NA
"real","DEU_ALB",0.147992889203771,0.297807012629772,17,NA,NA,NA
"real","DEU_ARE",-0.0181724261330978,0.0202112043950818,32,NA,NA,NA
"real","DEU_ARG",0.0806369595754874,0.0677248694015422,32,NA,NA,NA
"real","DEU_ATG",-0.840025314305626,1.20676609421739,19,NA,NA,NA
"real","DEU_AUS",-0.00526375810595722,0.0102611107236829,32,NA,NA,NA
"real","DEU_BDI",0.0823574188769953,0.439887045868236,32,NA,NA,NA
"real","DEU_BEN",0.0757102152091892,0.297721927065562,32,NA,NA,NA
"real","DEU_BFA",0.0521491877212191,0.16654195298022,32,NA,NA,NA
"real","DEU_BGD",-0.0123298604815801,0.0303927135553305,32,NA,NA,NA
"real","DEU_BHR",0.0995157778204708,0.0583329519026892,32,NA,NA,NA
"real","DEU_BHS",-0.748748061034797,2.44328207851705,19,NA,NA,NA
"real","DEU_BLZ",-0.100826985188374,0.381915240968034,19,NA,NA,NA
"real","DEU_BOL",0.147511859345192,0.21166096092047,32,NA,NA,NA
"real","DEU_BRA",0.0643211944777691,0.0410480166723271,32,NA,NA,NA
"real","DEU_BRB",0.159130600259684,0.212416304196819,19,NA,NA,NA
"real","DEU_BRN",-0.126854334154127,0.128539840174749,32,NA,NA,NA
"real","DEU_BTN",-0.646184480349302,0.620579418274591,32,NA,NA,NA
"real","DEU_CAF",0.060852795761663,0.693883539542789,32,NA,NA,NA
"real","DEU_CAN",-0.0563018100227143,0.0218523830784816,28,NA,NA,NA
"real","DEU_CCK",-0.87737271890183,4.72160159433599,23,NA,NA,NA
"real","DEU_CHL",0.0564390745092583,0.0897744113339758,14,NA,NA,NA
"real","DEU_CHN",0.0391096894961656,0.0185069331036957,32,NA,NA,NA
"real","DEU_CIV",0.105113622557016,0.138375885900203,27,NA,NA,NA
"real","DEU_CMR",0.139880808659952,0.205350178615646,25,NA,NA,NA
"real","DEU_COD",0.16732655728035,0.188811322075592,32,NA,NA,NA
"real","DEU_COG",0.164034515186852,0.649831860101533,32,NA,NA,NA
"real","DEU_COK",-0.434328594393643,1.75375968743033,31,NA,NA,NA
"real","DEU_COL",0.128194568321598,0.0989168551475874,24,NA,NA,NA
"real","DEU_COM",-0.0155852267423581,0.705123998905702,32,NA,NA,NA
"real","DEU_CPV",0.0784850666167106,0.238656501525144,32,NA,NA,NA
"real","DEU_CRI",0.192520966573766,0.246065883554078,24,NA,NA,NA
"real","DEU_CUB",-0.106496786025809,0.170719737877695,32,NA,NA,NA
"real","DEU_DJI",0.29770771390852,0.468451692723724,32,NA,NA,NA
"real","DEU_DMA",0.0362615001879204,0.405917878419995,19,NA,NA,NA
"real","DEU_DOM",0.0297013030376095,0.136768636370086,19,NA,NA,NA
"real","DEU_ECU",0.196587970666624,0.169613928827911,28,NA,NA,NA
"real","DEU_FJI",0.037925968931255,0.268891971613876,20,NA,NA,NA
"real","DEU_GAB",0.0789450771794881,0.2592398150906,32,NA,NA,NA
"real","DEU_GHA",0.17400989334523,0.149496206983183,27,NA,NA,NA
"real","DEU_GIB",-0.214165531896621,1.2462952571559,32,NA,NA,NA
"real","DEU_GIN",-0.0667452165534192,0.365147324854632,32,NA,NA,NA
"real","DEU_GLP",0.258419208586129,0.209857524122896,8,NA,NA,NA
"real","DEU_GMB",-0.149069872075429,0.494415546410722,32,NA,NA,NA
"real","DEU_GNB",-0.0784666428646058,0.297956940113964,32,NA,NA,NA
"real","DEU_GNQ",-0.0978439280588586,0.843134738566966,32,NA,NA,NA
"real","DEU_GRD",-0.0624547070895875,0.246486884872331,19,NA,NA,NA
"real","DEU_GTM",0.267955143052275,0.299230849911241,24,NA,NA,NA
"real","DEU_GUF",-0.277695075062375,1.38815714146965,8,NA,NA,NA
"real","DEU_GUY",0.0757416520849247,0.640530082815488,19,NA,NA,NA
"real","DEU_HND",0.102005921121465,0.177074783162697,24,NA,NA,NA
"real","DEU_HTI",0.0967868581426498,0.397911170437172,32,NA,NA,NA
"real","DEU_IDN",0.0978867213694765,0.0854825485154873,32,NA,NA,NA
"real","DEU_IND",0.056398569707326,0.0236242537420633,32,NA,NA,NA
"real","DEU_IRN",0.000661970388820765,0.0833373973162482,32,NA,NA,NA
"real","DEU_IRQ",-0.12270112479482,0.287356078015144,32,NA,NA,NA
"real","DEU_JAM",0.0751221242995808,0.115122635033409,19,NA,NA,NA
"real","DEU_JOR",-0.0249520928207868,0.0257753408950917,13,NA,NA,NA
"real","DEU_JPN",-0.0355131524913103,0.0353347489874708,30,NA,NA,NA
"real","DEU_KEN",0.184769377960851,0.218708503227321,32,NA,NA,NA
"real","DEU_KHM",-0.218473526618394,0.692464842080207,32,NA,NA,NA
"real","DEU_KIR",-0.251814949064604,2.30643778230166,32,NA,NA,NA
"real","DEU_KNA",-0.234464074062641,0.278623384508171,19,NA,NA,NA
"real","DEU_KOR",-0.0395636589004556,0.0236717729746352,22,NA,NA,NA
"real","DEU_KWT",0.019514924640175,0.0265008723986901,32,NA,NA,NA
"real","DEU_LAO",-0.412253581820123,0.43503622230518,32,NA,NA,NA
"real","DEU_LBR",-0.189637454909481,0.919454103370236,32,NA,NA,NA
"real","DEU_LBY",0.0712536694422898,0.2003508367908,32,NA,NA,NA
"real","DEU_LCA",0.203013030501772,0.626126374180798,19,NA,NA,NA
"real","DEU_LKA",0.0552921856897952,0.0888402215623453,32,NA,NA,NA
"real","DEU_MAC",-0.0304366416597304,0.325820037801988,32,NA,NA,NA
"real","DEU_MDG",0.0699585097762978,0.149859665464768,23,NA,NA,NA
"real","DEU_MDV",-0.0673679239043456,0.142439624808898,32,NA,NA,NA
"real","DEU_MEX",0.0500480394676699,0.154484005948168,11,NA,NA,NA
"real","DEU_MLI",-0.0268074145306516,0.312719162875493,32,NA,NA,NA
"real","DEU_MMR",0.11847147557032,0.336737558577637,32,NA,NA,NA
"real","DEU_MNG",-0.00707967152572284,0.102461967075873,32,NA,NA,NA
"real","DEU_MOZ",0.0989892731913435,0.213645239183228,27,NA,NA,NA
"real","DEU_MRT",0.222937768695932,0.27884293569072,32,NA,NA,NA
"real","DEU_MTQ",-0.298269399056101,4.58516855523682,9,NA,NA,NA
"real","DEU_MUS",0.111912627956554,0.183225132644904,23,NA,NA,NA
"real","DEU_MWI",0.0984201133503538,0.356105630329646,32,NA,NA,NA
"real","DEU_MYS",-0.0306693017895583,0.0223457957916641,32,NA,NA,NA
"real","DEU_NER",0.0897909266225713,0.555212528881015,32,NA,NA,NA
"real","DEU_NGA",0.200652602613406,0.354659186773001,32,NA,NA,NA
"real","DEU_NIC",0.0908672916580264,0.0860368919033331,24,NA,NA,NA
"real","DEU_NPL",0.0621337422356025,0.129094603582587,32,NA,NA,NA
"real","DEU_NRU",-0.207497776832447,3.89296593748957,30,NA,NA,NA
"real","DEU_NZL",-0.0538091109208113,0.0300528042039956,32,NA,NA,NA
"real","DEU_OMN",0.0486758016075129,0.0611160984879785,32,NA,NA,NA
"real","DEU_PAK",0.166495076717276,0.150460295905133,32,NA,NA,NA
"real","DEU_PAN",-0.144622679876867,0.512318728827393,24,NA,NA,NA
"real","DEU_PER",0.137663181071066,0.129665544911397,24,NA,NA,NA
"real","DEU_PHL",0.0713265270762392,0.115743603951697,32,NA,NA,NA
"real","DEU_PNG",-0.104636144613988,0.382656745200269,20,NA,NA,NA
"real","DEU_PRK",-0.0355220858436481,1.65351916825357,32,NA,NA,NA
"real","DEU_PRY",0.0349028704698385,0.0721804410166868,32,NA,NA,NA
"real","DEU_QAT",0.0193200743920137,0.071829954986956,32,NA,NA,NA
"real","DEU_REU",-0.0333515076743772,1.607065552053,9,NA,NA,NA
"real","DEU_RWA",0.157149136258141,0.215794780015797,32,NA,NA,NA
"real","DEU_SAU",0.0144416587241016,0.0131165860230842,32,NA,NA,NA
"real","DEU_SDN",0.114806185848103,0.139572950699249,32,NA,NA,NA
"real","DEU_SEN",0.0652777748836848,0.0947915185151029,32,NA,NA,NA
"real","DEU_SGP",-0.00106435963565431,0.0197341197453292,30,NA,NA,NA
"real","DEU_SLB",-0.0297803040643713,1.02576815053442,32,NA,NA,NA
"real","DEU_SLE",-0.119216775109957,0.698750608704264,32,NA,NA,NA
"real","DEU_SLV",0.159848970938561,0.22245438602286,24,NA,NA,NA
"real","DEU_SOM",-0.160861336823354,1.32267801944603,32,NA,NA,NA
"real","DEU_STP",-0.316689725801584,1.80600819166657,32,NA,NA,NA
"real","DEU_SUR",-0.00824411881668785,0.554669175981608,19,NA,NA,NA
"real","DEU_SYC",-0.421406148211732,0.768150719580992,23,NA,NA,NA
"real","DEU_TCD",-0.0733764564915104,0.490127948728301,32,NA,NA,NA
"real","DEU_TGO",0.127533782662494,0.233720101737001,32,NA,NA,NA
"real","DEU_THA",0.0428812896951303,0.0358292264437199,32,NA,NA,NA
"real","DEU_TON",-0.472914295538364,1.82522395838285,32,NA,NA,NA
"real","DEU_TTO",-0.154902987190032,0.223606225416174,19,NA,NA,NA
"real","DEU_TUV",0.0895306808177647,7.82750264520131,28,NA,NA,NA
"real","DEU_TWN",0.0718265826991258,0.0542023011000625,32,NA,NA,NA
"real","DEU_TZA",0.240195580696904,0.331935151579529,32,NA,NA,NA
"real","DEU_UGA",0.275389224753194,0.390087585108117,32,NA,NA,NA
"real","DEU_URY",-0.00256042058173034,0.136581939961136,32,NA,NA,NA
"real","DEU_USA",-0.0324319943354238,0.0134301931325398,32,NA,NA,NA
"real","DEU_VCT",-0.308844120234805,1.2377532732346,19,NA,NA,NA
"real","DEU_VEN",-0.102782412239484,0.383370134401775,32,NA,NA,NA
"real","DEU_VGB",-1.08423359049903,1.6420268420605,18,NA,NA,NA
"real","DEU_VNM",0.0527246440161174,0.0608975268649872,32,NA,NA,NA
"real","DEU_VUT",-0.57280394077259,1.77883292954756,32,NA,NA,NA
"real","DEU_WSM",-0.00840571528679368,1.43796092471825,32,NA,NA,NA
"real","DEU_YEM",0.014010842008086,0.279073914391535,31,NA,NA,NA
"real","DEU_ZMB",0.0215301012037897,0.21920206822018,32,NA,NA,NA
"real","DEU_ZWE",0.0115894415228087,0.205746686951959,23,NA,NA,NA
"real","DJI_AUT",-1.03995749800111,2.83990129229328,27,NA,NA,NA
"real","DJI_CHE",-0.843200469899628,4.43581624578812,30,NA,NA,NA
"real","DJI_CHN",-1.17359176901364,3.67614714480981,28,NA,NA,NA
"real","DJI_DEU",-0.166683877322368,3.3257293924882,31,NA,NA,NA
"real","DJI_FRA",-0.323630153472495,1.2973378709061,31,NA,NA,NA
"real","DJI_GRC",-0.211703650305166,5.76515101701458,27,NA,NA,NA
"real","DJI_NLD",-0.504319252390189,1.52404324573108,30,NA,NA,NA
"real","DJI_SAU",-1.70594579012472,3.5261569703264,30,NA,NA,NA
"real","DJI_SGP",-0.809113454554539,4.06542024278309,30,NA,NA,NA
"real","DJI_SWE",-1.5341068140926,5.31192085508085,28,NA,NA,NA
"real","DJI_THA",-0.513164804412918,3.15981046089241,25,NA,NA,NA
"real","DMA_CAN",-0.212741400242835,1.27255350159012,32,NA,NA,NA
"real","DMA_CHE",-0.970525542003882,3.44726502039306,26,NA,NA,NA
"real","DMA_DEU",-0.249738889479449,1.63415463570979,19,NA,NA,NA
"real","DMA_ESP",-0.985927760407958,3.07814548396725,18,NA,NA,NA
"real","DMA_FIN",-1.13516354430092,4.08841837488345,19,NA,NA,NA
"real","DMA_FRA",-1.51817388103392,8.57993717011398,19,NA,NA,NA
"real","DMA_GBR",-0.0176335819072464,0.0679367755894433,19,NA,NA,NA
"real","DMA_GLP",-0.0907915835904724,3.04615203982851,8,NA,NA,NA
"real","DMA_GRC",-1.34709244448439,2.81248277222126,14,NA,NA,NA
"real","DMA_ITA",-1.00242017074269,2.20586487003163,19,NA,NA,NA
"real","DMA_JPN",0.0147916026129334,0.79374977665371,32,NA,NA,NA
"real","DMA_KOR",-2.01864470980111,4.69137967780523,32,NA,NA,NA
"real","DMA_MTQ",0.0228285162633491,4.69252219486305,8,NA,NA,NA
"real","DMA_NLD",-1.64050685698363,4.48661710408294,19,NA,NA,NA
"real","DMA_NZL",-0.862295056692296,3.10219411822789,25,NA,NA,NA
"real","DMA_SWE",-0.62741102441918,2.42366866142825,10,NA,NA,NA
"real","DMA_THA",-0.767904309410547,1.60611447171004,32,NA,NA,NA
"real","DMA_USA",-0.281882095595058,1.00316919838939,32,NA,NA,NA
"real","DNK_AGO",0.125042642546255,1.87556398020763,32,NA,NA,NA
"real","DNK_ALB",-0.191049714730828,0.509303733898779,17,NA,NA,NA
"real","DNK_ARE",0.180370268370063,1.07532248245453,32,NA,NA,NA
"real","DNK_ARG",-0.0611880662050461,0.206921762743072,32,NA,NA,NA
"real","DNK_AUS",-0.0379906121732199,0.032406647063918,32,NA,NA,NA
"real","DNK_BGD",0.13441553684006,1.65219051692956,32,NA,NA,NA
"real","DNK_BHR",0.0732776808513987,2.02424289582449,32,NA,NA,NA
"real","DNK_BHS",-1.05499983080472,5.80647226122332,19,NA,NA,NA
"real","DNK_BLZ",0.0653490389350659,1.28201304355231,19,NA,NA,NA
"real","DNK_BOL",0.110041015386621,0.549603613718413,32,NA,NA,NA
"real","DNK_BRA",-0.254655140368699,0.265955200401854,32,NA,NA,NA
"real","DNK_CAN",-0.148523403088554,0.215614785040884,28,NA,NA,NA
"real","DNK_CHL",-0.136575849458254,0.174038484977242,14,NA,NA,NA
"real","DNK_CHN",-0.0686759452478046,0.266460178691953,32,NA,NA,NA
"real","DNK_CIV",0.133945497287853,0.652996870542575,27,NA,NA,NA
"real","DNK_COD",-0.185777594615215,0.649732428092605,31,NA,NA,NA
"real","DNK_COL",0.20125501392052,0.538159587504384,24,NA,NA,NA
"real","DNK_CPV",0.0390881398052481,1.81640629741475,32,NA,NA,NA
"real","DNK_CRI",0.25900697227878,0.644981980275267,24,NA,NA,NA
"real","DNK_CUB",0.146466556582083,0.481482667464776,31,NA,NA,NA
"real","DNK_DOM",-0.296322160108227,2.07612445747096,19,NA,NA,NA
"real","DNK_ECU",0.232359186613823,0.447575811445773,28,NA,NA,NA
"real","DNK_GHA",-0.136230976007975,1.73806772545838,27,NA,NA,NA
"real","DNK_GLP",-0.998590907423277,6.91406886492453,9,NA,NA,NA
"real","DNK_GMB",-0.656370209835273,1.12109233921163,32,NA,NA,NA
"real","DNK_GTM",0.346567561469973,0.835037528133854,24,NA,NA,NA
"real","DNK_HTI",-0.079448783010841,0.74438170097405,32,NA,NA,NA
"real","DNK_IDN",-0.143889296689297,0.676181147639525,32,NA,NA,NA
"real","DNK_IND",-0.0121436047816012,0.0923042185042629,32,NA,NA,NA
"real","DNK_IRN",0.0983382412397864,0.44328503342881,32,NA,NA,NA
"real","DNK_IRQ",0.255355348677757,1.75584594253407,32,NA,NA,NA
"real","DNK_JAM",-0.074289213735152,0.266903975050709,19,NA,NA,NA
"real","DNK_JOR",-0.0636225345251759,0.158694916818954,13,NA,NA,NA
"real","DNK_JPN",0.0882786402056965,0.0607208498473438,30,NA,NA,NA
"real","DNK_KEN",0.153360542413493,0.918535571078135,32,NA,NA,NA
"real","DNK_KOR",-0.0737292994808376,0.051831351011122,22,NA,NA,NA
"real","DNK_KWT",0.0373665318887951,1.52114258395969,32,NA,NA,NA
"real","DNK_LBR",-1.4384619868308,5.24275715760782,32,NA,NA,NA
"real","DNK_LBY",0.0331873516208331,0.539498058763221,32,NA,NA,NA
"real","DNK_LKA",-0.00166213393464361,0.328800531253023,32,NA,NA,NA
"real","DNK_LSO",-0.0286948638370278,4.79674729795592,24,NA,NA,NA
"real","DNK_MEX",-0.335017311702208,1.58637068571822,11,NA,NA,NA
"real","DNK_MOZ",-0.0493197955067383,2.53209733075314,27,NA,NA,NA
"real","DNK_MRT",-0.3289146152916,1.15082811179879,32,NA,NA,NA
"real","DNK_MTQ",-0.389595161968588,3.43109876527114,9,NA,NA,NA
"real","DNK_MWI",-0.339333991165949,1.34411687966204,32,NA,NA,NA
"real","DNK_MYS",-0.0727982841417514,0.206487439508721,32,NA,NA,NA
"real","DNK_NGA",-0.0528634826291396,0.84470736712185,32,NA,NA,NA
"real","DNK_NIC",0.0802183613446664,1.52553962078905,24,NA,NA,NA
"real","DNK_NZL",-0.352850130181091,0.456313979598989,32,NA,NA,NA
"real","DNK_OMN",0.0981760005411058,0.333030304319164,32,NA,NA,NA
"real","DNK_PAK",-0.114962499390256,0.640415097770803,32,NA,NA,NA
"real","DNK_PAN",-0.733111675259138,1.85558836571985,24,NA,NA,NA
"real","DNK_PER",0.325436268791859,0.501007289202277,24,NA,NA,NA
"real","DNK_PHL",-0.00421211602842182,0.273693217324045,32,NA,NA,NA
"real","DNK_PRK",-0.545794938541391,7.62483652525084,31,NA,NA,NA
"real","DNK_QAT",0.0393956941264625,2.33783187193938,32,NA,NA,NA
"real","DNK_REU",-0.570592862571772,3.81948108359149,9,NA,NA,NA
"real","DNK_SAU",0.011806016713207,0.829703261799329,32,NA,NA,NA
"real","DNK_SDN",0.204951736206943,2.23458693588869,32,NA,NA,NA
"real","DNK_SEN",-0.265218791126836,0.470367208590306,32,NA,NA,NA
"real","DNK_SGP",-0.302737745004088,0.244994546417601,30,NA,NA,NA
"real","DNK_SUR",-0.0840587032728604,0.321060564761144,18,NA,NA,NA
"real","DNK_SYC",-0.0068072441950645,1.11832112449664,23,NA,NA,NA
"real","DNK_THA",0.115627010788813,0.109973732481863,32,NA,NA,NA
"real","DNK_TWN",0.0409680435277254,0.47723292584267,32,NA,NA,NA
"real","DNK_TZA",0.187616372689003,1.7052130279658,32,NA,NA,NA
"real","DNK_URY",-0.484705095081201,0.533246716379188,32,NA,NA,NA
"real","DNK_USA",-0.213826846474749,0.247042395190968,32,NA,NA,NA
"real","DNK_VEN",-0.163596788778471,0.678640490397294,32,NA,NA,NA
"real","DNK_ZMB",0.0844593040235929,0.597116278520118,32,NA,NA,NA
"real","DNK_ZWE",-0.242246404869973,1.16837258349743,23,NA,NA,NA
"real","DOM_AUS",-0.500183238454815,0.73389032514819,32,NA,NA,NA
"real","DOM_AUT",-0.558909415385307,0.722600594618509,19,NA,NA,NA
"real","DOM_BRB",0.0127353418503821,0.525104707957547,32,NA,NA,NA
"real","DOM_CAN",-0.17058084997137,0.310243878524125,32,NA,NA,NA
"real","DOM_CHE",-0.478901958213108,0.557689859768786,32,NA,NA,NA
"real","DOM_COL",-0.363805736471471,0.667872311610554,30,NA,NA,NA
"real","DOM_DEU",0.108897046652683,0.499390677772207,19,NA,NA,NA
"real","DOM_DNK",0.0995038595793844,0.919332160741701,19,NA,NA,NA
"real","DOM_ESP",0.167849287107004,0.84005579618537,19,NA,NA,NA
"real","DOM_FIN",-0.0833491263398074,0.839784370208377,19,NA,NA,NA
"real","DOM_FRA",-0.287796263185522,0.797305033777673,19,NA,NA,NA
"real","DOM_GBR",-0.323518976167614,0.368062415097727,19,NA,NA,NA
"real","DOM_GRC",-0.481896394623145,2.10489446592228,19,NA,NA,NA
"real","DOM_GRD",-0.129296953069002,0.201904366069473,28,NA,NA,NA
"real","DOM_GTM",-0.325004106754003,0.512710131695677,8,NA,NA,NA
"real","DOM_IND",-2.32970697143407,4.08039873090157,28,NA,NA,NA
"real","DOM_IRL",-0.0727978158949544,1.94592600337673,19,NA,NA,NA
"real","DOM_ITA",0.213919450700615,0.345655627437858,19,NA,NA,NA
"real","DOM_JAM",-0.301867356597679,0.774314316106761,28,NA,NA,NA
"real","DOM_JPN",0.223173055082967,0.486443751831208,32,NA,NA,NA
"real","DOM_KOR",-0.336010089528826,2.13131010439508,32,NA,NA,NA
"real","DOM_MAR",-0.407594210546173,4.93397467414382,31,NA,NA,NA
"real","DOM_MLT",-0.34870531529083,2.89291147770914,12,NA,NA,NA
"real","DOM_NLD",-0.247698314530113,0.411195741322734,19,NA,NA,NA
"real","DOM_NOR",-0.300171938786152,0.459588663178239,32,NA,NA,NA
"real","DOM_NZL",-0.798742662417627,1.68025672327962,32,NA,NA,NA
"real","DOM_PHL",-1.75287421703394,3.50359132483134,27,NA,NA,NA
"real","DOM_PRT",-0.731992451504916,3.02057580160019,19,NA,NA,NA
"real","DOM_SWE",-0.423545950509786,1.05133177993326,19,NA,NA,NA
"real","DOM_THA",-1.06020203766622,1.90267954529279,31,NA,NA,NA
"real","DOM_TUN",0.467235952190014,2.00343310049838,30,NA,NA,NA
"real","DOM_TUR",-1.03980751769611,2.3904250392037,32,NA,NA,NA
"real","DOM_URY",-0.815831591687442,1.92682162670221,27,NA,NA,NA
"real","DOM_USA",-0.0983520803277264,0.0662041860616293,18,NA,NA,NA
"real","DOM_VEN",-1.06239505805395,3.1418421255063,32,NA,NA,NA
"real","DZA_AUS",-2.43208046105219,9.98658625107627,29,NA,NA,NA
"real","DZA_BGR",-1.27874371975938,9.54494610662666,15,NA,NA,NA
"real","DZA_CAN",-0.496877588354443,1.66306866729976,32,NA,NA,NA
"real","DZA_CHE",0.297686922544204,2.9793289450303,32,NA,NA,NA
"real","DZA_ISL",-5.02969852969964,12.6559255546114,23,NA,NA,NA
"real","DZA_JPN",-0.847960409598782,3.83211765143228,32,NA,NA,NA
"real","DZA_MLT",-3.14933616213029,10.8644952364569,9,NA,NA,NA
"real","DZA_MRT",-0.542092530948791,4.9437738604186,32,NA,NA,NA
"real","DZA_NER",-1.85003817326446,3.1954678636935,31,NA,NA,NA
"real","DZA_SEN",-0.444031171560969,3.06755153910242,32,NA,NA,NA
"real","DZA_SYR",-2.02168700617027,6.97843241677298,17,NA,NA,NA
"real","DZA_USA",-0.717856435744865,3.47730500984061,31,NA,NA,NA
"real","ECU_ALB",-1.19603991282608,5.26988279767576,29,NA,NA,NA
"real","ECU_AUS",-0.162916006202652,0.224077892635274,32,NA,NA,NA
"real","ECU_AUT",0.26299359405276,1.57399656703978,28,NA,NA,NA
"real","ECU_BGR",-0.334808067083612,1.91681900939632,26,NA,NA,NA
"real","ECU_CAN",0.225431351513448,0.290075431212738,32,NA,NA,NA
"real","ECU_CHE",0.116191523569972,0.117674491609343,32,NA,NA,NA
"real","ECU_CHN",-0.661528709263058,0.834716264527014,32,NA,NA,NA
"real","ECU_DEU",3.53954155079946e-05,0.358892686740133,28,NA,NA,NA
"real","ECU_DNK",-0.0300615506208191,0.266090893740393,28,NA,NA,NA
"real","ECU_ESP",0.00603895868768242,0.102929869655833,28,NA,NA,NA
"real","ECU_FIN",0.181448133631515,1.17431265170402,28,NA,NA,NA
"real","ECU_FRA",0.00290265908108605,0.107088458712461,28,NA,NA,NA
"real","ECU_GBR",0.0992062490585418,0.143025814579393,28,NA,NA,NA
"real","ECU_GRC",-0.317166796641238,1.05912364964651,28,NA,NA,NA
"real","ECU_HND",-1.12284689357693,2.44563345229821,31,NA,NA,NA
"real","ECU_HUN",-0.110756336750171,6.65218261203992,28,NA,NA,NA
"real","ECU_IRL",0.196148918359153,3.70758451610085,28,NA,NA,NA
"real","ECU_ISL",-0.974765093127025,1.49672293046609,32,NA,NA,NA
"real","ECU_ISR",0.21525929916763,0.886455559312016,32,NA,NA,NA
"real","ECU_ITA",0.146648990238926,0.0908898760033737,28,NA,NA,NA
"real","ECU_JOR",-0.503732661095921,0.818826072117737,29,NA,NA,NA
"real","ECU_JPN",-0.195010077567535,0.280345337678729,32,NA,NA,NA
"real","ECU_LBN",-0.301412128054498,1.15242658420578,30,NA,NA,NA
"real","ECU_MLT",-0.25315466798992,2.38214746436772,27,NA,NA,NA
"real","ECU_NLD",-0.127422153637856,0.0961689831165988,28,NA,NA,NA
"real","ECU_NOR",-0.161650230951546,0.187644478867862,32,NA,NA,NA
"real","ECU_NZL",0.266258703104002,0.685867362066149,32,NA,NA,NA
"real","ECU_OMN",-0.413685855793172,1.97494008145845,20,NA,NA,NA
"real","ECU_PAN",-1.19603282280814,4.55368368980601,23,NA,NA,NA
"real","ECU_POL",0.258358224012732,0.73431546002419,28,NA,NA,NA
"real","ECU_PRT",0.0759982979723538,0.416770703402678,28,NA,NA,NA
"real","ECU_SAU",-0.143917252792995,1.34714954148336,32,NA,NA,NA
"real","ECU_SWE",0.121554885054801,0.393156457168779,28,NA,NA,NA
"real","ECU_TUR",0.0401647650270406,0.299445321359117,32,NA,NA,NA
"real","ECU_TWN",-0.184778909179204,1.51353435751671,32,NA,NA,NA
"real","ECU_USA",-0.0206680742477627,0.0147145649149696,32,NA,NA,NA
"real","ECU_ZAF",-0.247664641625916,1.37687752382703,31,NA,NA,NA
"real","EGY_AFG",-0.966899667970849,1.87465190356977,24,NA,NA,NA
"real","EGY_ALB",-0.0513799631956997,1.39308555934062,32,NA,NA,NA
"real","EGY_AUS",0.096907129857003,0.161334755614073,32,NA,NA,NA
"real","EGY_BGR",-0.439917462187838,1.98835182955671,18,NA,NA,NA
"real","EGY_BHR",-0.136630420047335,0.334613750552863,9,NA,NA,NA
"real","EGY_CAN",-0.651299333270405,0.84805988995907,32,NA,NA,NA
"real","EGY_CHE",0.0413757834047109,0.401283088245481,18,NA,NA,NA
"real","EGY_CHN",-0.284188019711912,0.740485846359547,31,NA,NA,NA
"real","EGY_CYP",-0.422389442984609,1.07035055228083,15,NA,NA,NA
"real","EGY_FJI",-0.421279497831498,2.40407776328652,25,NA,NA,NA
"real","EGY_HUN",0.0246367433146934,1.99747179473433,15,NA,NA,NA
"real","EGY_ISL",-0.625015008122527,0.514229048264393,18,NA,NA,NA
"real","EGY_JPN",-0.359324727085304,0.462105513703757,32,NA,NA,NA
"real","EGY_KWT",-0.0307194537817056,0.100609336687075,9,NA,NA,NA
"real","EGY_LBN",-0.188956890115133,0.279838118912635,9,NA,NA,NA
"real","EGY_MLT",-0.843178562759896,1.19277767601564,15,NA,NA,NA
"real","EGY_NOR",-0.930863479131523,2.69441197567662,18,NA,NA,NA
"real","EGY_NZL",0.0442670061328147,0.649482494663906,32,NA,NA,NA
"real","EGY_OMN",0.143266122045551,0.673559031076639,9,NA,NA,NA
"real","EGY_POL",-0.765704469760804,2.17574383944669,15,NA,NA,NA
"real","EGY_QAT",0.130765682788001,0.232060815234001,9,NA,NA,NA
"real","EGY_SAU",-0.0542853297737479,0.0327610495522365,9,NA,NA,NA
"real","EGY_TWN",-1.257415389433,5.46565126241918,29,NA,NA,NA
"real","EGY_USA",-0.124499775496315,0.544944055360906,32,NA,NA,NA
"real","EGY_VEN",-2.41688117842692,4.90606632314927,8,NA,NA,NA
"real","ESH_JPN",-0.553360178462556,1.22445597437375,20,NA,NA,NA
"real","ESP_AGO",0.245404664257359,0.458440791662701,32,NA,NA,NA
"real","ESP_ALB",-0.626319878299685,1.74758480223097,17,NA,NA,NA
"real","ESP_ARE",-0.0235474837502599,0.0762153702251822,32,NA,NA,NA
"real","ESP_ARG",0.0780636334276455,0.313788543003493,32,NA,NA,NA
"real","ESP_AUS",-0.116093243115524,0.121997711517515,32,NA,NA,NA
"real","ESP_BHR",0.0412795052487993,0.159871839430427,32,NA,NA,NA
"real","ESP_BOL",-0.178022404108273,0.556898805576538,32,NA,NA,NA
"real","ESP_BRA",-0.143355982701897,0.474988635280672,32,NA,NA,NA
"real","ESP_BRB",-0.189167301579834,0.257661894139708,19,NA,NA,NA
"real","ESP_CAN",-0.06659087228894,0.0291288988652627,28,NA,NA,NA
"real","ESP_CHL",-0.33621475054592,1.36384030712218,14,NA,NA,NA
"real","ESP_CHN",0.126553782542977,0.431445640281515,32,NA,NA,NA
"real","ESP_CIV",0.0189951180691896,0.484709259086042,27,NA,NA,NA
"real","ESP_CMR",-0.0650823092689834,0.52708171030615,25,NA,NA,NA
"real","ESP_COG",-0.666735340041988,1.62280952648911,32,NA,NA,NA
"real","ESP_COL",0.0608900606873921,0.411549957001071,24,NA,NA,NA
"real","ESP_CPV",-0.502854505995669,0.931648832125776,32,NA,NA,NA
"real","ESP_CRI",0.014141796585838,0.304286322075433,24,NA,NA,NA
"real","ESP_CUB",-0.116459290805825,0.672353787270993,32,NA,NA,NA
"real","ESP_DMA",-0.21734155821309,0.678664325208603,19,NA,NA,NA
"real","ESP_DOM",-0.239721907910191,0.623724461358869,19,NA,NA,NA
"real","ESP_ECU",0.00218714720376738,0.459156060059815,28,NA,NA,NA
"real","ESP_FJI",0.124493325412734,0.40133530561017,20,NA,NA,NA
"real","ESP_GAB",-0.0481638290045113,0.576980054148457,32,NA,NA,NA
"real","ESP_GLP",-0.430020508146053,2.26560172525878,9,NA,NA,NA
"real","ESP_GMB",-0.472225166673859,1.69253821000939,32,NA,NA,NA
"real","ESP_GNB",-0.30407700064534,0.795070215514062,32,NA,NA,NA
"real","ESP_GNQ",0.130103500882389,0.24545439628155,32,NA,NA,NA
"real","ESP_GRD",-0.325251632228623,1.04849500268869,19,NA,NA,NA
"real","ESP_GTM",-0.0917238385268184,0.565419146039737,24,NA,NA,NA
"real","ESP_GUF",-0.829122620751024,3.78450315924547,9,NA,NA,NA
"real","ESP_HND",0.0955309964250682,0.202769420020975,24,NA,NA,NA
"real","ESP_HTI",-0.107959241935477,0.341914301525062,30,NA,NA,NA
"real","ESP_IDN",-0.164028106487131,1.94384316223104,32,NA,NA,NA
"real","ESP_IND",0.0212260964155578,0.0918735826965289,32,NA,NA,NA
"real","ESP_IRN",-0.165459040736743,1.61852752156112,32,NA,NA,NA
"real","ESP_JAM",-0.322508174432323,0.629828972742953,19,NA,NA,NA
"real","ESP_JOR",0.0250923759075129,0.048191426332559,13,NA,NA,NA
"real","ESP_JPN",-0.0643012811951766,0.10248357693412,30,NA,NA,NA
"real","ESP_KEN",-0.0259972657563967,0.555517842389337,32,NA,NA,NA
"real","ESP_KNA",-1.66368436188784,2.25272323755692,19,NA,NA,NA
"real","ESP_KOR",0.0954604149725307,0.23759080166535,22,NA,NA,NA
"real","ESP_KWT",0.00990367087971113,0.0678680858612614,32,NA,NA,NA
"real","ESP_LBR",-0.583120463492745,2.17101557581,32,NA,NA,NA
"real","ESP_LBY",-0.171453942642209,0.20154592460051,32,NA,NA,NA
"real","ESP_LKA",-0.274479575365689,0.242131438654089,32,NA,NA,NA
"real","ESP_MEX",-0.222425389321367,0.782496437328573,11,NA,NA,NA
"real","ESP_MOZ",0.2221361225191,0.393233726647339,27,NA,NA,NA
"real","ESP_MRT",0.0289563239994868,0.321439438246147,32,NA,NA,NA
"real","ESP_MTQ",-0.345731146761899,3.67072208263286,9,NA,NA,NA
"real","ESP_MUS",-0.387040437848698,0.510379926229703,23,NA,NA,NA
"real","ESP_MYS",-0.189888901075308,0.198799747284689,32,NA,NA,NA
"real","ESP_NIC",0.103353358943253,0.347417797557629,24,NA,NA,NA
"real","ESP_NZL",-0.164390054394136,0.11835086009332,32,NA,NA,NA
"real","ESP_OMN",-0.183054823927754,0.180231394314502,32,NA,NA,NA
"real","ESP_PAK",-0.00193037091929711,0.961128882461204,32,NA,NA,NA
"real","ESP_PAN",-0.328691744750532,1.00023268906812,24,NA,NA,NA
"real","ESP_PER",0.0433175866592155,0.151992931152559,24,NA,NA,NA
"real","ESP_PHL",-0.19135313928657,0.413653337652537,32,NA,NA,NA
"real","ESP_PRK",-0.768760417795565,3.95761694182755,32,NA,NA,NA
"real","ESP_QAT",-0.0853578536675504,0.356569548098968,32,NA,NA,NA
"real","ESP_REU",0.0809509193707547,1.57076777111537,9,NA,NA,NA
"real","ESP_SAU",0.0428652120235703,0.0391836020784152,32,NA,NA,NA
"real","ESP_SEN",0.0354673806479611,0.066995373224905,32,NA,NA,NA
"real","ESP_SGP",-0.0304288530106818,0.301147811255447,30,NA,NA,NA
"real","ESP_SLE",-0.216308163992032,0.805052646193199,32,NA,NA,NA
"real","ESP_SLV",0.0310662603863548,0.0833737888666369,24,NA,NA,NA
"real","ESP_STP",-0.26183720449677,1.29577500077486,32,NA,NA,NA
"real","ESP_TGO",-0.143602173422685,1.04370111452394,32,NA,NA,NA
"real","ESP_THA",0.0853738052607734,0.110917952596931,32,NA,NA,NA
"real","ESP_TTO",-0.756432935138,0.697186485563603,19,NA,NA,NA
"real","ESP_TWN",0.00298743229764784,0.211382297872464,32,NA,NA,NA
"real","ESP_TZA",0.0647225558210752,0.27755996742111,32,NA,NA,NA
"real","ESP_URY",-0.0476200788203748,0.411591071434582,32,NA,NA,NA
"real","ESP_USA",-0.119016820182531,0.128046200378613,32,NA,NA,NA
"real","ESP_VEN",-0.147841382795983,0.316209342742831,32,NA,NA,NA
"real","ESP_ZAF",-0.25788795178866,0.48962359083918,10,NA,NA,NA
"real","FIN_AFG",-0.643731890162444,2.47114677669182,31,NA,NA,NA
"real","FIN_AGO",-0.586096311138771,1.12017758599719,32,NA,NA,NA
"real","FIN_ALB",-1.28126127136457,2.4603457997062,17,NA,NA,NA
"real","FIN_ARE",-0.149845532257412,0.51742293287625,32,NA,NA,NA
"real","FIN_ARG",-0.00546348594301271,0.0767110943704896,32,NA,NA,NA
"real","FIN_ATG",-1.84074463725815,2.76206308609425,19,NA,NA,NA
"real","FIN_AUS",0.0242577021966791,0.056341293546704,32,NA,NA,NA
"real","FIN_BEN",-1.34975978006992,1.48610087310831,32,NA,NA,NA
"real","FIN_BFA",-1.26685672308764,2.10496622145864,32,NA,NA,NA
"real","FIN_BGD",-0.498447523318423,0.516443305611327,32,NA,NA,NA
"real","FIN_BHR",-0.0142789291078049,0.326347604617519,32,NA,NA,NA
"real","FIN_BHS",-2.203008898208,7.90869176537494,19,NA,NA,NA
"real","FIN_BLZ",-2.08224595849654,4.20994990057633,19,NA,NA,NA
"real","FIN_BOL",-0.1791115702505,0.528955174935182,32,NA,NA,NA
"real","FIN_BRA",-0.0147872237392802,0.0483371458249473,32,NA,NA,NA
"real","FIN_BRB",0.15925662699449,0.8395832085583,19,NA,NA,NA
"real","FIN_BRN",-0.550769621339949,1.13496260853126,32,NA,NA,NA
"real","FIN_BTN",-2.0317427126329,3.65324669394354,28,NA,NA,NA
"real","FIN_CAF",-0.865797779350765,3.72382262836621,31,NA,NA,NA
"real","FIN_CAN",-0.0921506562859793,0.0826353598928074,28,NA,NA,NA
"real","FIN_CHL",0.0551634726429484,0.132295350692107,14,NA,NA,NA
"real","FIN_CHN",0.126327672062244,0.118819910206187,32,NA,NA,NA
"real","FIN_CIV",0.0649729943210742,0.491506248601274,27,NA,NA,NA
"real","FIN_CMR",-0.07152244851564,0.475200363047229,25,NA,NA,NA
"real","FIN_COD",-1.30422458717015,1.82064440381752,32,NA,NA,NA
"real","FIN_COG",-0.168748155043293,0.980118624457116,32,NA,NA,NA
"real","FIN_COL",-0.0914898348817415,0.107141667182426,24,NA,NA,NA
"real","FIN_COM",-2.82277899353013,7.86475920744853,27,NA,NA,NA
"real","FIN_CPV",-1.94154252260072,3.44766305258684,31,NA,NA,NA
"real","FIN_CRI",0.0763864512039323,0.591458858478439,24,NA,NA,NA
"real","FIN_CUB",-0.0627233623304245,0.431127731661742,32,NA,NA,NA
"real","FIN_CXR",-0.357883332339382,8.62521952706757,9,NA,NA,NA
"real","FIN_DJI",-0.371707905545393,1.42414934016243,32,NA,NA,NA
"real","FIN_DMA",-0.989806830091305,2.01219361023853,19,NA,NA,NA
"real","FIN_DOM",-0.29712395235896,0.605171762164069,19,NA,NA,NA
"real","FIN_ECU",-0.540043210126727,0.806212430031407,28,NA,NA,NA
"real","FIN_FJI",-0.671712405246685,2.27811260623685,20,NA,NA,NA
"real","FIN_GAB",-0.712593770136252,1.0077577559091,32,NA,NA,NA
"real","FIN_GHA",-0.119943776883131,0.361669481938136,27,NA,NA,NA
"real","FIN_GIB",-1.08310939664055,2.85944523044578,32,NA,NA,NA
"real","FIN_GIN",-0.788149198816289,2.07844941100688,32,NA,NA,NA
"real","FIN_GMB",-1.16660534828065,2.3495975665156,32,NA,NA,NA
"real","FIN_GNB",-1.40999283384619,5.04997480789895,26,NA,NA,NA
"real","FIN_GNQ",-1.73197193169683,4.76470596605618,24,NA,NA,NA
"real","FIN_GRD",-1.44648804479814,1.44663760208762,18,NA,NA,NA
"real","FIN_GTM",-0.160200050257131,0.503107858485756,24,NA,NA,NA
"real","FIN_GUY",-1.10680926956464,2.90273901992384,19,NA,NA,NA
"real","FIN_HND",-0.904333127860401,2.40329560202536,24,NA,NA,NA
"real","FIN_HTI",-0.887359657934487,1.96631179384198,32,NA,NA,NA
"real","FIN_IDN",-0.172726337334014,0.269177610527871,32,NA,NA,NA
"real","FIN_IND",-0.388525909846092,0.227767624724909,32,NA,NA,NA
"real","FIN_IRN",0.00298670332751595,0.291540274779687,32,NA,NA,NA
"real","FIN_IRQ",-0.831524567545597,1.70072880163217,32,NA,NA,NA
"real","FIN_JAM",-0.279852253508835,0.629356754580526,19,NA,NA,NA
"real","FIN_JOR",0.0495550002129685,0.230219883563554,13,NA,NA,NA
"real","FIN_JPN",-0.137049487153333,0.173684269763828,30,NA,NA,NA
"real","FIN_KEN",0.0246707459201185,0.571226845167675,32,NA,NA,NA
"real","FIN_KNA",-0.319967798283048,1.90855531411691,17,NA,NA,NA
"real","FIN_KOR",0.00549953183240357,0.119955590674931,22,NA,NA,NA
"real","FIN_KWT",-0.0700675109355294,0.4699582982615,32,NA,NA,NA
"real","FIN_LAO",-1.48641384571728,3.22441353483986,32,NA,NA,NA
"real","FIN_LBR",-1.23224127267378,3.680373098759,32,NA,NA,NA
"real","FIN_LBY",-0.225407699646248,1.23424085197164,32,NA,NA,NA
"real","FIN_LCA",-1.22466959267323,2.09197583873261,19,NA,NA,NA
"real","FIN_LKA",-0.0678061935740926,0.311222581160782,32,NA,NA,NA
"real","FIN_MDG",-1.1043291933375,1.2338695765608,23,NA,NA,NA
"real","FIN_MDV",-0.206236496424704,1.32646933039934,32,NA,NA,NA
"real","FIN_MEX",0.0667326532256436,0.134749893017767,11,NA,NA,NA
"real","FIN_MLI",-0.966738091830469,1.7258700242427,32,NA,NA,NA
"real","FIN_MMR",-0.851409013825656,2.55339790452514,32,NA,NA,NA
"real","FIN_MNG",0.167184829150098,0.823537974456535,32,NA,NA,NA
"real","FIN_MOZ",-0.196043220390729,1.27066455506612,27,NA,NA,NA
"real","FIN_MRT",-2.03030192666225,3.30711599470169,32,NA,NA,NA
"real","FIN_MUS",-1.11850809976756,1.52038216940454,23,NA,NA,NA
"real","FIN_MWI",-0.205330394292891,0.737044190776582,32,NA,NA,NA
"real","FIN_MYS",0.0153312152519115,0.113930403455687,32,NA,NA,NA
"real","FIN_NGA",-0.0717337362599177,0.378928967401687,32,NA,NA,NA
"real","FIN_NIC",-0.237897255900362,2.73292213767114,24,NA,NA,NA
"real","FIN_NPL",-0.298483969113317,1.09930199032705,32,NA,NA,NA
"real","FIN_NZL",0.043945381180138,0.0650300323459939,32,NA,NA,NA
"real","FIN_OMN",-0.0850945028727234,0.198899597969053,32,NA,NA,NA
"real","FIN_PAK",-0.350193088866894,0.399743048831382,32,NA,NA,NA
"real","FIN_PAN",-0.765693905300927,1.33120082000443,24,NA,NA,NA
"real","FIN_PER",-0.201582311393656,0.22725373076073,24,NA,NA,NA
"real","FIN_PHL",0.0164509359869832,0.238554796279885,32,NA,NA,NA
"real","FIN_PNG",-1.02987308751879,1.5286060386302,20,NA,NA,NA
"real","FIN_PRK",-1.64326678031551,6.7503926439286,31,NA,NA,NA
"real","FIN_PRY",-0.821095789273545,1.30191612084645,32,NA,NA,NA
"real","FIN_QAT",-0.446762168878093,0.316726688855818,32,NA,NA,NA
"real","FIN_REU",-0.856143791947857,2.08699227014777,8,NA,NA,NA
"real","FIN_RWA",-1.74097107321526,3.06694863113628,32,NA,NA,NA
"real","FIN_SAU",-0.167660251771168,0.198840796640146,32,NA,NA,NA
"real","FIN_SDN",-0.32733131897147,0.986219208794311,32,NA,NA,NA
"real","FIN_SEN",-0.433953203399132,0.668074584760377,32,NA,NA,NA
"real","FIN_SGP",0.0433557414211275,0.0894818347773866,30,NA,NA,NA
"real","FIN_SLB",-2.09792360980817,5.67274272724587,26,NA,NA,NA
"real","FIN_SLE",-0.679754538656005,1.15215939750907,32,NA,NA,NA
"real","FIN_SLV",-0.328408171066602,0.781919102827384,24,NA,NA,NA
"real","FIN_SOM",-1.37772175735003,5.56953337467671,30,NA,NA,NA
"real","FIN_SUR",-1.56115691386787,4.20985067351033,19,NA,NA,NA
"real","FIN_SYC",-1.18112523162451,1.33090876841169,23,NA,NA,NA
"real","FIN_TCD",-2.18818504047841,3.6918475918975,31,NA,NA,NA
"real","FIN_TGO",-2.68807206202017,4.71619282746336,32,NA,NA,NA
"real","FIN_THA",0.0339837059578255,0.153089718392646,32,NA,NA,NA
"real","FIN_TON",-0.813714516632448,3.00787083211907,22,NA,NA,NA
"real","FIN_TTO",-0.227489737657123,0.400668040650148,19,NA,NA,NA
"real","FIN_TWN",0.0381494588093962,0.0866617466967963,32,NA,NA,NA
"real","FIN_TZA",0.00851091062007653,0.442842330220621,32,NA,NA,NA
"real","FIN_UGA",-0.205711212595203,0.528520299102171,32,NA,NA,NA
"real","FIN_URY",-0.573289879357706,0.654541376696305,32,NA,NA,NA
"real","FIN_USA",-0.0156408648439964,0.055948342178448,32,NA,NA,NA
"real","FIN_VCT",-2.74627798935158,5.36747860739924,18,NA,NA,NA
"real","FIN_VEN",0.0712994060588705,0.326508326938971,32,NA,NA,NA
"real","FIN_VNM",0.131538872875206,0.51717385786286,32,NA,NA,NA
"real","FIN_VUT",-0.925879878956854,2.85610047321996,30,NA,NA,NA
"real","FIN_WSM",-2.11880728967502,4.53644731679386,21,NA,NA,NA
"real","FIN_YEM",-0.334768549758213,0.952080625719412,31,NA,NA,NA
"real","FIN_ZMB",-0.0162386166327906,0.244914885582665,32,NA,NA,NA
"real","FIN_ZWE",-0.155657062575736,0.554504596472379,23,NA,NA,NA
"real","FJI_CAN",-0.129245746299881,0.815676224954332,32,NA,NA,NA
"real","FJI_DEU",-0.18272435202528,0.348777081513881,20,NA,NA,NA
"real","FJI_ESP",-0.743260663258078,2.1179392937364,18,NA,NA,NA
"real","FJI_FRA",-1.24951352135207,3.21337292459765,18,NA,NA,NA
"real","FJI_GBR",-0.906914948406375,3.37087256211972,20,NA,NA,NA
"real","FJI_IRL",-0.587794807680114,1.55552173207329,17,NA,NA,NA
"real","FJI_ISL",-2.07566315201091,4.52707612179544,13,NA,NA,NA
"real","FJI_ITA",-0.141452216897239,0.629316357988276,19,NA,NA,NA
"real","FJI_JPN",0.00897115511490203,0.0688152882171585,32,NA,NA,NA
"real","FJI_KOR",-0.193743644520981,0.82965530020277,32,NA,NA,NA
"real","FJI_MYS",-1.30173057121138,4.97272091801057,32,NA,NA,NA
"real","FJI_NLD",-0.654328048437132,1.45802139831748,20,NA,NA,NA
"real","FJI_PYF",-0.725044704248465,3.28670632727757,29,NA,NA,NA
"real","FJI_SAU",-0.554207230956005,1.87607135278053,30,NA,NA,NA
"real","FJI_SGP",-1.24400653210711,1.85624838136101,32,NA,NA,NA
"real","FJI_THA",-1.68942851991715,4.80145981249653,29,NA,NA,NA
"real","FJI_TWN",-1.25114791335661,4.25211063075405,31,NA,NA,NA
"real","FJI_USA",-0.218127736509189,0.405792968561208,32,NA,NA,NA
"real","FLK_CHE",-0.760165505161831,4.98925106645685,21,NA,NA,NA
"real","FLK_ISL",-0.0737047442055582,4.03649250282797,15,NA,NA,NA
"real","FLK_JPN",-0.250853350097496,1.17984877932592,32,NA,NA,NA
"real","FLK_KOR",-2.01051622552313,10.4031693842905,26,NA,NA,NA
"real","FRA_AGO",-0.275117403086552,1.05326499657644,32,NA,NA,NA
"real","FRA_ALB",-0.0474223050868699,0.596774466966596,17,NA,NA,NA
"real","FRA_ARE",-0.188958780078207,1.2381438897702,32,NA,NA,NA
"real","FRA_ARG",-0.56799182633284,2.45405174252263,32,NA,NA,NA
"real","FRA_AUS",0.0619932173249436,0.0685426547651147,32,NA,NA,NA
"real","FRA_BDI",-0.340598916930801,1.39520813213444,32,NA,NA,NA
"real","FRA_BEN",-0.643881172866544,2.5130871762791,32,NA,NA,NA
"real","FRA_BFA",-0.074206301921469,0.507957101918646,32,NA,NA,NA
"real","FRA_BGD",0.252472702143588,0.547180914922567,32,NA,NA,NA
"real","FRA_BHR",-0.725936188580769,3.47285789635118,32,NA,NA,NA
"real","FRA_BOL",-0.565887958146726,1.31699581466258,32,NA,NA,NA
"real","FRA_BRA",-0.0826100371969376,0.363565438112577,32,NA,NA,NA
"real","FRA_BRB",-1.13395676101847,4.6052712510044,19,NA,NA,NA
"real","FRA_BRN",-0.412564952645873,1.36928376996614,29,NA,NA,NA
"real","FRA_CAF",-0.235397338219391,0.995724141471626,32,NA,NA,NA
"real","FRA_CAN",-0.0628861163459489,0.509560701718039,28,NA,NA,NA
"real","FRA_CHL",-0.524090871418248,2.08925485305042,14,NA,NA,NA
"real","FRA_CHN",-0.0179115304357455,0.208348112696787,32,NA,NA,NA
"real","FRA_CIV",-0.180311439727418,0.335277765349097,27,NA,NA,NA
"real","FRA_CMR",-0.396916128113198,0.942440825344946,25,NA,NA,NA
"real","FRA_COD",-0.241316779454789,0.63684444645377,32,NA,NA,NA
"real","FRA_COG",-0.0644360671837977,0.76011123615421,32,NA,NA,NA
"real","FRA_COL",-0.214419024783344,0.44735688578603,24,NA,NA,NA
"real","FRA_COM",-0.812186830023626,3.90482694949036,32,NA,NA,NA
"real","FRA_CPV",-0.125852219020268,0.381634594490448,32,NA,NA,NA
"real","FRA_CRI",-0.947158231247733,3.98663046533744,24,NA,NA,NA
"real","FRA_CUB",-0.00479862297088429,0.243508098744597,32,NA,NA,NA
"real","FRA_DJI",0.0709572951548042,0.771912393982864,32,NA,NA,NA
"real","FRA_DMA",-0.691881240577576,2.81844361695213,16,NA,NA,NA
"real","FRA_DOM",-1.49675919554823,6.60805953571488,19,NA,NA,NA
"real","FRA_ECU",-0.0419012230483364,0.379320088666346,28,NA,NA,NA
"real","FRA_FJI",-1.41352673159772,7.40176527806328,18,NA,NA,NA
"real","FRA_GAB",-0.204531345042014,0.490137890514441,32,NA,NA,NA
"real","FRA_GHA",-1.07122826735953,4.63775343682025,27,NA,NA,NA
"real","FRA_GIN",-0.422822304831515,1.83991239349796,32,NA,NA,NA
"real","FRA_GLP",-0.568267621884751,0.534514478457554,9,NA,NA,NA
"real","FRA_GMB",-0.711900577609229,3.00428338394589,31,NA,NA,NA
"real","FRA_GNB",-0.74676974485369,3.38628760324159,32,NA,NA,NA
"real","FRA_GNQ",-0.450610387122121,1.70819460581175,32,NA,NA,NA
"real","FRA_GRD",-0.232165875164199,1.14460436583088,18,NA,NA,NA
"real","FRA_GTM",-0.761110034612146,3.05788124124839,24,NA,NA,NA
"real","FRA_GUF",-1.20618532260848,2.28717566896922,9,NA,NA,NA
"real","FRA_HND",-0.642815047731603,2.68969203645588,24,NA,NA,NA
"real","FRA_HTI",-0.421826738113666,2.00615172373736,32,NA,NA,NA
"real","FRA_IDN",-0.115106374596536,0.459780234246397,32,NA,NA,NA
"real","FRA_IND",0.125779705468633,0.182874123772267,32,NA,NA,NA
"real","FRA_IRN",-0.733953210175362,4.25152913225812,32,NA,NA,NA
"real","FRA_IRQ",-0.361747913330901,2.28029712061438,31,NA,NA,NA
"real","FRA_JAM",-0.598747702694508,2.01061648822367,18,NA,NA,NA
"real","FRA_JOR",-0.99795347448763,2.11081258977819,13,NA,NA,NA
"real","FRA_JPN",0.0348917576904897,0.0368872554359301,30,NA,NA,NA
"real","FRA_KEN",-0.179876241478454,0.775556949156186,32,NA,NA,NA
"real","FRA_KHM",0.184085225154249,0.685915846070296,30,NA,NA,NA
"real","FRA_KNA",-0.380464782684859,0.981890499863709,17,NA,NA,NA
"real","FRA_KOR",0.14083084262689,0.189070690691168,22,NA,NA,NA
"real","FRA_KWT",-0.667684081650807,2.89113112095226,32,NA,NA,NA
"real","FRA_LBR",-1.76696268703336,5.49191342677501,30,NA,NA,NA
"real","FRA_LBY",-0.0974486327346121,0.189540909596548,32,NA,NA,NA
"real","FRA_LKA",0.0290052908169785,0.0957241378373082,32,NA,NA,NA
"real","FRA_LSO",-0.0195080959620406,3.10939165936574,24,NA,NA,NA
"real","FRA_MDG",0.0434173410865278,0.273581893828655,23,NA,NA,NA
"real","FRA_MEX",-0.562194929077259,2.11651461077069,11,NA,NA,NA
"real","FRA_MLI",-0.236657802352693,0.611089172423107,32,NA,NA,NA
"real","FRA_MMR",-0.860924448024334,2.63281736087004,32,NA,NA,NA
"real","FRA_MOZ",0.156162161635464,0.608947182300255,27,NA,NA,NA
"real","FRA_MRT",-0.117410381028936,0.828457067532356,32,NA,NA,NA
"real","FRA_MTQ",-0.625836355946839,0.609998187806354,9,NA,NA,NA
"real","FRA_MUS",-0.423846705551289,1.00146698044476,23,NA,NA,NA
"real","FRA_MWI",-0.237551546800306,1.54214508951126,32,NA,NA,NA
"real","FRA_MYS",-0.132918995354502,0.307829156263036,32,NA,NA,NA
"real","FRA_NER",-0.384655854298626,0.955294018590869,32,NA,NA,NA
"real","FRA_NGA",-0.991676535113508,3.93501645623289,32,NA,NA,NA
"real","FRA_NIC",0.104500757766904,0.26865649500749,24,NA,NA,NA
"real","FRA_NPL",-0.77735124161655,2.05252373570876,30,NA,NA,NA
"real","FRA_NZL",-0.12330466046418,0.429986192301087,32,NA,NA,NA
"real","FRA_OMN",0.168116072148684,0.276557422553115,32,NA,NA,NA
"real","FRA_PAK",-0.160269476562136,0.885370269987436,32,NA,NA,NA
"real","FRA_PAN",-2.06374399506967,8.59160510964644,24,NA,NA,NA
"real","FRA_PER",-0.420474473541054,1.65246250108926,24,NA,NA,NA
"real","FRA_PHL",-0.831370241274247,2.56412519382863,32,NA,NA,NA
"real","FRA_PNG",-0.950135925150087,4.02613754904165,19,NA,NA,NA
"real","FRA_PRK",-0.265379030384099,3.20297879135605,29,NA,NA,NA
"real","FRA_PRY",-0.0486358039246757,0.502619138584378,32,NA,NA,NA
"real","FRA_QAT",-0.83311228514031,5.38206760975912,32,NA,NA,NA
"real","FRA_REU",-0.884907657024615,0.605838991654924,9,NA,NA,NA
"real","FRA_RWA",-0.000134136289802744,0.45957138863485,32,NA,NA,NA
"real","FRA_SAU",-0.0720180098450964,0.3079920909598,32,NA,NA,NA
"real","FRA_SDN",-0.0618053243689241,1.07327040643017,32,NA,NA,NA
"real","FRA_SEN",-0.0651498863398911,0.184149760820391,32,NA,NA,NA
"real","FRA_SGP",-0.128531933538081,0.446160389200869,30,NA,NA,NA
"real","FRA_SLE",-0.73538724643466,2.58843500864195,32,NA,NA,NA
"real","FRA_SLV",-1.2252598860786,6.47872201943757,22,NA,NA,NA
"real","FRA_SOM",0.0774498545320244,0.873534561810493,31,NA,NA,NA
"real","FRA_STP",-0.632857516028944,2.13744306503672,30,NA,NA,NA
"real","FRA_SUR",-1.01677388045044,4.77256719482521,16,NA,NA,NA
"real","FRA_SYC",-0.844893404812229,2.91758961910864,23,NA,NA,NA
"real","FRA_TCD",-0.410792806990746,1.69454671251633,32,NA,NA,NA
"real","FRA_TGO",-0.316236766417034,1.5855196427584,32,NA,NA,NA
"real","FRA_THA",0.0870610695849205,0.191813207840539,32,NA,NA,NA
"real","FRA_TTO",0.110357723778678,0.235952940270596,19,NA,NA,NA
"real","FRA_TWN",-0.739058389732225,3.18195838206212,32,NA,NA,NA
"real","FRA_TZA",-0.773140284719815,3.29311127695183,32,NA,NA,NA
"real","FRA_UGA",-0.650207013826208,3.00065082655403,32,NA,NA,NA
"real","FRA_URY",-0.513129250722336,1.99368255731813,32,NA,NA,NA
"real","FRA_USA",-0.390010086729665,1.3308972386071,32,NA,NA,NA
"real","FRA_VEN",-0.695897070813465,2.2728812641569,32,NA,NA,NA
"real","FRA_VNM",-0.0914836771469345,1.82702708594638,31,NA,NA,NA
"real","FRA_VUT",-0.389857949055084,3.44939197563159,28,NA,NA,NA
"real","FRA_ZAF",-0.0850609578835972,0.105949105072787,11,NA,NA,NA
"real","FRA_ZMB",-0.479076570132721,2.96198158401412,30,NA,NA,NA
"real","FRA_ZWE",-0.926262332148039,3.32877072675439,23,NA,NA,NA
"real","FRO_USA",-0.468718880694983,2.26615366112355,31,NA,NA,NA
"real","GAB_AUS",-3.08735626383098,12.9938609204388,27,NA,NA,NA
"real","GAB_AUT",-0.193078417347275,1.57232016989903,32,NA,NA,NA
"real","GAB_CAN",-1.00645739464196,1.80329475862806,32,NA,NA,NA
"real","GAB_CHE",-1.31487961485279,5.62623035632502,32,NA,NA,NA
"real","GAB_DEU",-0.322634551295237,0.92532528018272,32,NA,NA,NA
"real","GAB_ESP",-0.515986701660628,0.838238073131633,32,NA,NA,NA
"real","GAB_FIN",-1.30545438735217,4.23608997424061,27,NA,NA,NA
"real","GAB_FRA",-0.637727695272906,3.35833735997492,32,NA,NA,NA
"real","GAB_GRC",0.117283680117929,0.542368445986648,31,NA,NA,NA
"real","GAB_IND",-1.38824901645385,3.20083465715245,32,NA,NA,NA
"real","GAB_JPN",-1.02274325401339,1.71133672326725,32,NA,NA,NA
"real","GAB_KOR",-0.426754463708389,1.43994441847624,32,NA,NA,NA
"real","GAB_NLD",-0.390128583737869,1.22451557946667,32,NA,NA,NA
"real","GAB_PRT",-0.357342210615105,1.83732002791437,32,NA,NA,NA
"real","GAB_SWE",-3.63009352962813,6.48422940105524,32,NA,NA,NA
"real","GAB_THA",-1.89475422853379,4.10132154161511,32,NA,NA,NA
"real","GAB_TUR",-0.0456551077251339,1.4685447985675,32,NA,NA,NA
"real","GBR_AFG",-1.02940682197124,6.34199902578195,31,NA,NA,NA
"real","GBR_AGO",-1.07850635601584,5.99381751522223,32,NA,NA,NA
"real","GBR_ALB",-1.10422438183825,3.57195291197425,17,NA,NA,NA
"real","GBR_ARE",-0.0458272965298795,0.565885995264075,32,NA,NA,NA
"real","GBR_ARG",-0.705890563558107,3.57901869754727,32,NA,NA,NA
"real","GBR_ATG",-0.692580592257903,2.90385649612338,19,NA,NA,NA
"real","GBR_AUS",0.0818540588009544,0.0695648914130497,32,NA,NA,NA
"real","GBR_BFA",-0.782512619532877,1.81857953270606,31,NA,NA,NA
"real","GBR_BGD",0.263165971428846,0.410035772710735,32,NA,NA,NA
"real","GBR_BHR",-0.202285516284476,1.12896270135138,32,NA,NA,NA
"real","GBR_BHS",-0.390174587721738,1.62838755712328,19,NA,NA,NA
"real","GBR_BLZ",-0.335851361268096,1.3787258305589,19,NA,NA,NA
"real","GBR_BOL",-0.680352301169422,4.26330466588066,32,NA,NA,NA
"real","GBR_BRA",-0.0171494666848542,0.348089613649339,32,NA,NA,NA
"real","GBR_BRB",-0.519762719556399,1.5789452710211,19,NA,NA,NA
"real","GBR_BRN",-1.01690239540568,5.21645137879812,32,NA,NA,NA
"real","GBR_BTN",0.0700411186499251,1.19451871392482,28,NA,NA,NA
"real","GBR_BWA",-1.68051947810322,4.67478881228578,24,NA,NA,NA
"real","GBR_CAN",-0.0371554033142402,0.269819638447315,28,NA,NA,NA
"real","GBR_CHL",-0.268596793215484,0.884426097318124,14,NA,NA,NA
"real","GBR_CHN",-0.186324322475124,0.924207345319353,32,NA,NA,NA
"real","GBR_CIV",-0.596924956240594,2.18576114049467,27,NA,NA,NA
"real","GBR_CMR",-0.308099861659902,0.857691917661342,25,NA,NA,NA
"real","GBR_COD",-0.786058708154277,3.04920912339707,31,NA,NA,NA
"real","GBR_COG",-0.956635334213569,3.33024382997303,32,NA,NA,NA
"real","GBR_COL",-0.177178632890791,1.18909471573576,24,NA,NA,NA
"real","GBR_CPV",-0.587624526033606,2.78712857947314,32,NA,NA,NA
"real","GBR_CRI",-0.763523502750704,3.31816794380924,24,NA,NA,NA
"real","GBR_CUB",0.0593932043374797,0.748941409258528,32,NA,NA,NA
"real","GBR_DJI",-0.148678845163815,2.5342655051522,31,NA,NA,NA
"real","GBR_DMA",-0.765473945344144,2.62247300629696,19,NA,NA,NA
"real","GBR_DOM",-0.612028265496524,2.27503588791456,17,NA,NA,NA
"real","GBR_ECU",-0.320447878864714,0.815314226998462,28,NA,NA,NA
"real","GBR_FJI",-0.7015185831479,4.28218321602833,20,NA,NA,NA
"real","GBR_GAB",-0.731156724189205,3.89460544532603,32,NA,NA,NA
"real","GBR_GHA",-0.483610107358557,2.01069272474432,27,NA,NA,NA
"real","GBR_GIN",-1.1147954214762,6.35518545826217,31,NA,NA,NA
"real","GBR_GLP",-1.96751086653374,6.86199157744591,8,NA,NA,NA
"real","GBR_GMB",-0.574527642477649,2.03025096981745,32,NA,NA,NA
"real","GBR_GRD",-0.285983085585809,0.827604159939332,19,NA,NA,NA
"real","GBR_GTM",-0.452751483557341,3.59762734052144,24,NA,NA,NA
"real","GBR_GUF",-2.22037092754532,5.19703980013508,8,NA,NA,NA
"real","GBR_GUY",-0.523719434928865,2.20900554490982,19,NA,NA,NA
"real","GBR_HND",-0.352348418589679,1.57184986851102,24,NA,NA,NA
"real","GBR_HTI",-0.161843266740603,1.38769076470687,29,NA,NA,NA
"real","GBR_IDN",0.0616280631964726,0.268719505663473,32,NA,NA,NA
"real","GBR_IND",0.352076410935076,0.348236814497409,32,NA,NA,NA
"real","GBR_IRN",-0.431612182491491,1.72397557746595,32,NA,NA,NA
"real","GBR_IRQ",-0.123488857309699,1.32418070729785,31,NA,NA,NA
"real","GBR_JAM",-0.300635284195003,1.16934512870186,19,NA,NA,NA
"real","GBR_JOR",-0.947697919416467,2.56846310280637,13,NA,NA,NA
"real","GBR_JPN",-0.00777384328175209,0.0685640046216106,30,NA,NA,NA
"real","GBR_KEN",-0.0694396587862484,0.927035987032518,32,NA,NA,NA
"real","GBR_KNA",-0.704364250920917,2.42693338188643,19,NA,NA,NA
"real","GBR_KOR",0.210487072512499,0.16213124269495,22,NA,NA,NA
"real","GBR_KWT",-0.239478910336982,1.1640023579623,32,NA,NA,NA
"real","GBR_LAO",-0.556004788443184,3.05048041358258,29,NA,NA,NA
"real","GBR_LBR",-0.436671063765318,2.04811452289657,32,NA,NA,NA
"real","GBR_LBY",-0.398860942738406,1.95496118981816,32,NA,NA,NA
"real","GBR_LCA",-0.218389277810206,0.734995947513573,19,NA,NA,NA
"real","GBR_LKA",-0.101366724737611,1.00907287744914,32,NA,NA,NA
"real","GBR_MDG",-0.0418441952031794,1.91493657919344,22,NA,NA,NA
"real","GBR_MEX",-0.547025375644172,1.97970249696624,11,NA,NA,NA
"real","GBR_MLI",-0.448306570015112,2.66787367424209,32,NA,NA,NA
"real","GBR_MMR",-0.356532535205968,1.45915111345855,32,NA,NA,NA
"real","GBR_MOZ",-0.909313642754814,3.47074103433155,25,NA,NA,NA
"real","GBR_MUS",-0.637651971874089,2.34351660887397,23,NA,NA,NA
"real","GBR_MWI",-0.202175741590114,1.07852999969391,32,NA,NA,NA
"real","GBR_MYS",0.0735141174830121,0.504378841415888,32,NA,NA,NA
"real","GBR_NER",-0.682719720613354,3.16846007563115,31,NA,NA,NA
"real","GBR_NGA",-0.440662089378618,2.00065512231722,32,NA,NA,NA
"real","GBR_NIC",-0.200391299320364,1.32385180991807,24,NA,NA,NA
"real","GBR_NPL",-0.793142581423366,4.02807738504138,32,NA,NA,NA
"real","GBR_NRU",-0.217763640441968,4.4329241516063,30,NA,NA,NA
"real","GBR_NZL",0.0277947824840641,0.229460540538328,32,NA,NA,NA
"real","GBR_OMN",0.24695508895434,0.489779691146166,32,NA,NA,NA
"real","GBR_PAK",-0.358059298852032,1.87876016845833,32,NA,NA,NA
"real","GBR_PAN",-1.1872019243648,4.52038042251677,24,NA,NA,NA
"real","GBR_PER",-0.359178149558703,1.71442422134511,24,NA,NA,NA
"real","GBR_PHL",-0.452117403645399,1.69323195301632,32,NA,NA,NA
"real","GBR_PNG",-0.746618769766549,3.86475787241527,18,NA,NA,NA
"real","GBR_PRK",-1.52169264443916,7.63027114210473,31,NA,NA,NA
"real","GBR_PRY",0.109516278035576,1.00356899626317,32,NA,NA,NA
"real","GBR_QAT",-0.163063046277387,0.905027072630836,32,NA,NA,NA
"real","GBR_RWA",-0.300547863038742,2.59569446768762,30,NA,NA,NA
"real","GBR_SAU",-0.044207612316268,0.540709874443878,32,NA,NA,NA
"real","GBR_SDN",-0.272923396894462,1.74433270479596,32,NA,NA,NA
"real","GBR_SEN",-0.773600582237816,2.42895370259832,32,NA,NA,NA
"real","GBR_SGP",-0.0635727197271364,0.308190911366451,30,NA,NA,NA
"real","GBR_SLB",-0.380289463666581,2.64415992646078,29,NA,NA,NA
"real","GBR_SLE",-0.49935156474243,2.0790689722382,32,NA,NA,NA
"real","GBR_SUR",-0.712019366741096,2.24133383251167,19,NA,NA,NA
"real","GBR_SWZ",-0.958510797297837,2.24062598083366,24,NA,NA,NA
"real","GBR_SYC",-0.725476440346763,3.4805006085885,23,NA,NA,NA
"real","GBR_TCD",-0.267365600123053,0.647403262999599,29,NA,NA,NA
"real","GBR_TGO",-1.11471738176138,3.49340842383812,32,NA,NA,NA
"real","GBR_THA",0.143196051697293,0.224380473974033,32,NA,NA,NA
"real","GBR_TTO",-0.13564882166165,0.557564748982247,19,NA,NA,NA
"real","GBR_TWN",-0.475689774178605,1.88722210796036,32,NA,NA,NA
"real","GBR_TZA",-0.439882001989493,2.7651161752851,32,NA,NA,NA
"real","GBR_UGA",-0.201502715444443,2.10254276216385,32,NA,NA,NA
"real","GBR_URY",-0.401105614385572,1.38877728975463,32,NA,NA,NA
"real","GBR_USA",-0.51859569551012,1.95109853890314,32,NA,NA,NA
"real","GBR_VCT",-0.605157594653619,1.80160417767975,19,NA,NA,NA
"real","GBR_VEN",-0.393007788570368,1.95281852309074,32,NA,NA,NA
"real","GBR_ZAF",-0.260444710089705,2.41732613913644,11,NA,NA,NA
"real","GBR_ZMB",-0.468672188336656,2.85046124933283,32,NA,NA,NA
"real","GBR_ZWE",-0.751356422560553,2.56319208143675,23,NA,NA,NA
"real","GHA_AUS",-0.559823229503272,1.10134209133731,32,NA,NA,NA
"real","GHA_AUT",-0.229701430509725,2.98059335997045,27,NA,NA,NA
"real","GHA_BGR",-0.700809020798516,1.13563838365055,21,NA,NA,NA
"real","GHA_CAN",-0.424291507737487,0.528271484607677,32,NA,NA,NA
"real","GHA_CHE",-0.83478182041645,0.673178985339666,32,NA,NA,NA
"real","GHA_CHN",-0.858582206204602,0.903950009471141,32,NA,NA,NA
"real","GHA_DEU",0.151770102798474,0.489166211028682,27,NA,NA,NA
"real","GHA_DNK",0.154283760467044,0.350852651634086,27,NA,NA,NA
"real","GHA_ESP",-0.000837098153773966,0.167925422581576,27,NA,NA,NA
"real","GHA_FIN",0.0420139735704146,1.18104832372502,27,NA,NA,NA
"real","GHA_FRA",-0.625720931462446,0.644525807092316,27,NA,NA,NA
"real","GHA_GBR",0.242834630077183,0.279279704439869,27,NA,NA,NA
"real","GHA_GRC",-0.431640947357635,2.27240792549203,27,NA,NA,NA
"real","GHA_IRL",0.476844406622125,2.14646346302502,27,NA,NA,NA
"real","GHA_ISL",-0.248447881304342,1.35226652023715,32,NA,NA,NA
"real","GHA_ITA",-0.66482924442304,0.910275028976289,27,NA,NA,NA
"real","GHA_JPN",0.106799615485015,0.153526993940304,32,NA,NA,NA
"real","GHA_NLD",-0.354329067467743,0.873825017489742,27,NA,NA,NA
"real","GHA_NOR",0.127407582376792,1.30667042740263,32,NA,NA,NA
"real","GHA_NZL",-0.336641553358651,0.454845337079623,32,NA,NA,NA
"real","GHA_PRT",-1.0533049242035,0.829942132551292,27,NA,NA,NA
"real","GHA_SWE",-0.36697302783915,0.982323167627196,27,NA,NA,NA
"real","GHA_TUR",-0.499811500160036,1.69780048956566,32,NA,NA,NA
"real","GHA_TWN",-2.78888452801569,5.56035564142952,31,NA,NA,NA
"real","GHA_USA",0.0647604141480541,0.175560273974668,32,NA,NA,NA
"real","GIB_AUS",-1.22313984767608,5.10372852816523,24,NA,NA,NA
"real","GIB_CHE",-1.02912260827531,11.4629685988098,31,NA,NA,NA
"real","GIB_DEU",-1.44453866773192,4.9806527128263,32,NA,NA,NA
"real","GIB_GRC",-2.27783473368537,7.04827380919741,31,NA,NA,NA
"real","GIB_PRT",-0.797694913303302,2.7057292201575,32,NA,NA,NA
"real","GIN_AUS",-2.44181804725576,6.47637493139259,26,NA,NA,NA
"real","GIN_AUT",-0.610969463004904,4.44712252708786,32,NA,NA,NA
"real","GIN_CAN",-0.1365459623914,0.542794518714495,32,NA,NA,NA
"real","GIN_CHE",-1.49195319578743,4.35923248758631,32,NA,NA,NA
"real","GIN_DEU",-0.00955858592690206,0.349291676945667,32,NA,NA,NA
"real","GIN_DNK",-3.00241855061955,6.44693406252993,31,NA,NA,NA
"real","GIN_ESP",0.00561494307393044,0.272292501118112,32,NA,NA,NA
"real","GIN_FIN",-4.01798043999315,9.07542947019016,32,NA,NA,NA
"real","GIN_FRA",-0.286771010636552,0.866269907242201,32,NA,NA,NA
"real","GIN_GBR",-0.941727583064795,3.30101087635545,32,NA,NA,NA
"real","GIN_GRC",-1.27657441417133,6.24294416734217,28,NA,NA,NA
"real","GIN_HUN",-1.9859191723149,9.44206349256208,29,NA,NA,NA
"real","GIN_ISL",-4.0515658503577,6.40457158630856,12,NA,NA,NA
"real","GIN_ITA",-0.706995969563047,3.22760662691433,32,NA,NA,NA
"real","GIN_JPN",-0.719012452421325,1.96692361982532,32,NA,NA,NA
"real","GIN_NLD",-0.461474481056899,1.16306484679213,32,NA,NA,NA
"real","GIN_NOR",-2.82425153081682,8.83846872605739,28,NA,NA,NA
"real","GIN_PRT",-0.519337066382857,2.44747369561777,32,NA,NA,NA
"real","GIN_SWE",-1.50088593318742,4.62644403416435,31,NA,NA,NA
"real","GIN_TWN",-0.461225108107039,2.91454836638553,32,NA,NA,NA
"real","GIN_USA",-0.268619921190283,2.15606807150269,32,NA,NA,NA
"real","GLP_CHE",-0.550739561269161,2.5825232416512,12,NA,NA,NA
"real","GLP_DEU",-0.838678740403547,3.69071172688989,9,NA,NA,NA
"real","GLP_ESP",-1.09411871946035,5.55713839395701,9,NA,NA,NA
"real","GLP_FRA",-0.0056836866181966,0.0134269677049474,9,NA,NA,NA
"real","GLP_ITA",-1.34706603589332,4.53053447194274,8,NA,NA,NA
"real","GLP_JPN",-0.627621477468557,3.78934596987517,8,NA,NA,NA
"real","GLP_NLD",-1.52663765082399,3.77521254274019,9,NA,NA,NA
"real","GLP_PRT",-2.03917147381571,8.70160352900451,8,NA,NA,NA
"real","GLP_USA",-1.23424944283231,3.24671626104932,10,NA,NA,NA
"real","GMB_AUT",-0.579058824261165,2.9544094763254,30,NA,NA,NA
"real","GMB_CHE",-2.38527203293212,4.33522846383636,31,NA,NA,NA
"real","GMB_DEU",-0.236768448661592,1.3199794001529,32,NA,NA,NA
"real","GMB_GBR",-0.0130972633451656,0.504830567069526,32,NA,NA,NA
"real","GMB_GRC",-1.38597537286161,4.21596778967387,21,NA,NA,NA
"real","GMB_ITA",-1.65403029512466,6.7684315310694,32,NA,NA,NA
"real","GMB_JPN",-2.34343929272516,7.70715435046608,30,NA,NA,NA
"real","GMB_NLD",-0.528720033575675,3.23363996532731,32,NA,NA,NA
"real","GMB_PRT",-0.661081807758926,3.47581931817984,28,NA,NA,NA
"real","GMB_SGP",-0.983545475169045,3.71740827440441,16,NA,NA,NA
"real","GMB_SWE",-0.235686108292221,1.04791686178231,32,NA,NA,NA
"real","GMB_THA",-0.577448346103843,3.56373442628997,32,NA,NA,NA
"real","GNB_AUT",-1.37533183251081,9.64177314087971,16,NA,NA,NA
"real","GNB_CHE",-4.29881017674793,8.46776458096608,13,NA,NA,NA
"real","GNB_CHN",-1.90541566962079,11.7395254353234,23,NA,NA,NA
"real","GNB_DEU",-0.813754771471494,3.16827265932014,24,NA,NA,NA
"real","GNB_FRA",-1.36096711600037,5.79227703860848,28,NA,NA,NA
"real","GNB_IND",-0.181671584729205,0.175719675548658,32,NA,NA,NA
"real","GNB_JPN",-0.775866823044147,2.68501196382156,21,NA,NA,NA
"real","GNB_NLD",-1.29857770574822,3.52042505137408,27,NA,NA,NA
"real","GNB_PRT",-0.448501501681052,1.70505265707654,32,NA,NA,NA
"real","GNB_SWE",-1.69541630614819,5.86825099418685,18,NA,NA,NA
"real","GNQ_CHE",-0.584173716162536,14.4025376885241,25,NA,NA,NA
"real","GNQ_DEU",0.0790290294906448,1.94564935831187,32,NA,NA,NA
"real","GNQ_EGY",-2.21371343789738,13.1543195088964,10,NA,NA,NA
"real","GNQ_ESP",0.306979679712013,0.34750429114855,32,NA,NA,NA
"real","GNQ_FIN",-2.26637459619131,12.9162514789176,9,NA,NA,NA
"real","GNQ_FRA",-1.26156855026122,2.39783160980366,32,NA,NA,NA
"real","GNQ_GRC",-2.02387571325568,12.0060378325459,18,NA,NA,NA
"real","GNQ_ITA",-1.63602623640615,3.96705117342939,31,NA,NA,NA
"real","GNQ_JPN",-1.08840216806436,3.52846553074303,29,NA,NA,NA
"real","GNQ_NLD",-0.610566113339068,3.07486567959111,32,NA,NA,NA
"real","GNQ_NOR",-3.13704511583835,11.2470381247561,23,NA,NA,NA
"real","GNQ_PRT",-0.831323009175289,1.92384321858365,32,NA,NA,NA
"real","GNQ_TUR",-0.69190589939754,6.62958035588185,29,NA,NA,NA
"real","GRC_AFG",-0.402278761751914,1.69150942633895,31,NA,NA,NA
"real","GRC_AGO",-0.528072180780668,1.43289463046579,31,NA,NA,NA
"real","GRC_ALB",-0.0299133234038341,0.643412992367045,17,NA,NA,NA
"real","GRC_ARE",0.449092052571997,0.635525875926065,32,NA,NA,NA
"real","GRC_ARG",-0.668229712001376,0.958881431408676,32,NA,NA,NA
"real","GRC_ATG",-0.21142111346906,0.885783257516231,18,NA,NA,NA
"real","GRC_AUS",-0.224902831353674,0.302153436823474,32,NA,NA,NA
"real","GRC_BDI",0.221466640599284,1.42478380344565,31,NA,NA,NA
"real","GRC_BGD",-0.131415240861277,0.914112489725618,32,NA,NA,NA
"real","GRC_BHR",0.23527016805546,1.09057005608544,32,NA,NA,NA
"real","GRC_BHS",0.494617314272745,1.92649244362783,19,NA,NA,NA
"real","GRC_BLZ",-0.818509011644234,3.73986496218065,17,NA,NA,NA
"real","GRC_BRA",-0.705657293039697,1.48595508334162,32,NA,NA,NA
"real","GRC_BRB",-0.070113676435766,0.7399642979226,19,NA,NA,NA
"real","GRC_BRN",-0.693983467540299,2.18466232805769,29,NA,NA,NA
"real","GRC_CAF",-0.114245182476248,2.40294691974822,30,NA,NA,NA
"real","GRC_CAN",0.0588425781781703,0.111043874022618,28,NA,NA,NA
"real","GRC_CCK",-0.280362021443668,1.69217484060514,12,NA,NA,NA
"real","GRC_CHL",-0.182402466576873,1.10798328159657,14,NA,NA,NA
"real","GRC_CHN",0.034102804381438,0.701660445070059,32,NA,NA,NA
"real","GRC_CIV",-0.158020015806087,1.52053509516161,27,NA,NA,NA
"real","GRC_CMR",-0.671735279744303,2.18389329857819,25,NA,NA,NA
"real","GRC_COD",0.304052638218009,1.97680098109646,32,NA,NA,NA
"real","GRC_COG",-0.207134318188609,1.45351321042688,32,NA,NA,NA
"real","GRC_COL",-0.691376992456593,2.75089115896101,24,NA,NA,NA
"real","GRC_CPV",-1.33867555919933,3.06086292347885,30,NA,NA,NA
"real","GRC_CRI",-0.10307763921232,0.900671560482997,23,NA,NA,NA
"real","GRC_CUB",-0.486124905719811,1.62950108794976,31,NA,NA,NA
"real","GRC_DJI",0.126470617498166,3.54566562567372,29,NA,NA,NA
"real","GRC_DMA",-0.506891677786638,2.21880135696387,17,NA,NA,NA
"real","GRC_DOM",-0.247067154000952,3.56671915690629,18,NA,NA,NA
"real","GRC_GAB",-1.0852407711482,2.42302212807321,30,NA,NA,NA
"real","GRC_GHA",-1.02857018313964,1.69346423555866,26,NA,NA,NA
"real","GRC_GIB",-1.7089209469054,4.85711150322124,31,NA,NA,NA
"real","GRC_GIN",0.0300522668769671,1.81338234862538,31,NA,NA,NA
"real","GRC_GLP",-0.240772384620407,0.702377746102662,8,NA,NA,NA
"real","GRC_GMB",-0.765920232011057,3.30481672549166,31,NA,NA,NA
"real","GRC_GRD",-0.166760339684885,2.49170418641639,17,NA,NA,NA
"real","GRC_GTM",0.104008365900827,1.36992542119701,23,NA,NA,NA
"real","GRC_HND",0.389663803268678,2.87057437827241,24,NA,NA,NA
"real","GRC_HTI",-0.596219743407072,5.99121821205801,31,NA,NA,NA
"real","GRC_IDN",-0.379216411918014,0.797071328175936,32,NA,NA,NA
"real","GRC_IND",-0.314859217018348,0.441143287872831,32,NA,NA,NA
"real","GRC_IRN",-0.0103133556074673,2.65994318991784,32,NA,NA,NA
"real","GRC_IRQ",-0.230638335098766,1.60125157431833,32,NA,NA,NA
"real","GRC_JAM",0.162248188271511,1.61651183869179,19,NA,NA,NA
"real","GRC_JOR",-0.276677109272552,1.79099756979304,13,NA,NA,NA
"real","GRC_JPN",0.161503908647051,0.181018049529232,30,NA,NA,NA
"real","GRC_KEN",0.0104607145243124,1.49062003388511,32,NA,NA,NA
"real","GRC_KNA",-0.456666486414714,2.1286446746322,16,NA,NA,NA
"real","GRC_KOR",-0.330397326423808,0.451108868226893,22,NA,NA,NA
"real","GRC_KWT",0.321598663443824,1.38946811377109,32,NA,NA,NA
"real","GRC_LBR",-0.591647868989238,1.65585953349227,32,NA,NA,NA
"real","GRC_LBY",-0.209726222048357,0.563119828644938,32,NA,NA,NA
"real","GRC_LKA",-0.0140378771851955,1.21506899370528,32,NA,NA,NA
"real","GRC_MDV",-0.160092485482319,1.71198827022938,31,NA,NA,NA
"real","GRC_MEX",-0.387617228601632,1.19702529583669,11,NA,NA,NA
"real","GRC_MLI",-0.407785634395609,1.54308970302919,32,NA,NA,NA
"real","GRC_MMR",-1.26552529133963,4.64672062024279,29,NA,NA,NA
"real","GRC_MOZ",-1.53595577303606,4.08729463644308,26,NA,NA,NA
"real","GRC_MRT",-0.480941433166118,1.24446123644293,32,NA,NA,NA
"real","GRC_MTQ",0.288188203597828,0.593143391838595,9,NA,NA,NA
"real","GRC_MUS",-0.0170394653900624,2.11443270849824,23,NA,NA,NA
"real","GRC_MWI",-1.0702530249847,2.48664567401075,32,NA,NA,NA
"real","GRC_MYS",-0.321814542235971,0.483996690482676,32,NA,NA,NA
"real","GRC_NER",0.0745999467426899,2.25763435996713,31,NA,NA,NA
"real","GRC_NGA",0.0825457837936606,0.814347430296265,31,NA,NA,NA
"real","GRC_NZL",-0.217361221893642,0.394525964461082,32,NA,NA,NA
"real","GRC_OMN",0.0211547655862837,0.745751968029633,32,NA,NA,NA
"real","GRC_PAK",0.0412236270898131,0.72381003412416,32,NA,NA,NA
"real","GRC_PAN",-0.160933298605206,1.04946117406946,24,NA,NA,NA
"real","GRC_PER",0.0949474822873595,0.404464598884789,23,NA,NA,NA
"real","GRC_PHL",-0.173925174296703,0.630758719295949,32,NA,NA,NA
"real","GRC_PNG",-0.787686312984641,5.09828863055373,18,NA,NA,NA
"real","GRC_PRK",-0.269294682825053,4.08318192667335,31,NA,NA,NA
"real","GRC_QAT",0.190952348836656,1.47009080814929,32,NA,NA,NA
"real","GRC_RWA",0.193882426135813,1.9166791302949,31,NA,NA,NA
"real","GRC_SAU",0.0350816223259351,1.033016432458,32,NA,NA,NA
"real","GRC_SDN",0.388652517491146,2.7430948099447,32,NA,NA,NA
"real","GRC_SEN",0.149698294916715,0.871002747908237,32,NA,NA,NA
"real","GRC_SGP",-0.575507273814287,0.621282400800678,30,NA,NA,NA
"real","GRC_SLE",-0.149713904700651,1.57853478891344,31,NA,NA,NA
"real","GRC_SOM",0.0085414061620791,2.47020446798282,25,NA,NA,NA
"real","GRC_SYC",-0.201290081460906,1.99293004387097,22,NA,NA,NA
"real","GRC_TCD",-0.00418243181249875,4.73728610953582,30,NA,NA,NA
"real","GRC_TGO",-0.810024630324922,2.4385402866097,31,NA,NA,NA
"real","GRC_THA",0.0948414105035502,0.369059703686756,32,NA,NA,NA
"real","GRC_TTO",0.0917685398226655,0.746109719351168,19,NA,NA,NA
"real","GRC_TWN",-0.182166071021517,0.946050797382785,32,NA,NA,NA
"real","GRC_TZA",0.109031208166666,1.36049392176328,31,NA,NA,NA
"real","GRC_UGA",-0.0094239008741623,1.38257370863818,31,NA,NA,NA
"real","GRC_URY",-0.158206086730392,0.358757745418084,32,NA,NA,NA
"real","GRC_USA",-0.273642774873244,0.191390858953942,32,NA,NA,NA
"real","GRC_VCT",-0.10805870001086,0.863776558318803,19,NA,NA,NA
"real","GRC_VEN",-0.748029202598372,2.27970017400675,31,NA,NA,NA
"real","GRC_VUT",-0.452029356421059,4.38781716690003,31,NA,NA,NA
"real","GRC_YEM",0.244260174937809,2.23781685866739,31,NA,NA,NA
"real","GRC_ZAF",-0.298631293811482,1.47467236819752,10,NA,NA,NA
"real","GRC_ZMB",-0.802896649604317,2.0922937449947,31,NA,NA,NA
"real","GRC_ZWE",-0.194284036147325,1.20397187296881,22,NA,NA,NA
"real","GRD_ARG",-0.204764985734798,2.11329219979816,25,NA,NA,NA
"real","GRD_AUT",-0.76445399411797,4.5846519019054,18,NA,NA,NA
"real","GRD_CAN",-0.124666051277508,0.562185692058354,32,NA,NA,NA
"real","GRD_CHE",-0.607518687952399,2.64502771459852,32,NA,NA,NA
"real","GRD_COL",-1.42527428352205,7.27783283369093,26,NA,NA,NA
"real","GRD_DEU",-0.370418432513626,1.70375864995586,19,NA,NA,NA
"real","GRD_DNK",-0.767715514804417,2.83282325245331,14,NA,NA,NA
"real","GRD_ESP",-1.05749105138343,3.64501958084531,18,NA,NA,NA
"real","GRD_FIN",-0.824824750799246,2.3086396227516,13,NA,NA,NA
"real","GRD_FRA",-0.479550213223365,1.01796302615892,19,NA,NA,NA
"real","GRD_GBR",-0.237935169999786,1.5938527800242,19,NA,NA,NA
"real","GRD_ITA",-0.591469721164245,1.2807649873983,18,NA,NA,NA
"real","GRD_JPN",-1.09381785832392,2.7168039531275,30,NA,NA,NA
"real","GRD_NLD",-0.132937182926181,0.466479889196713,19,NA,NA,NA
"real","GRD_NOR",-0.141951415631139,0.580369819988362,31,NA,NA,NA
"real","GRD_PRT",-1.83207717485344,8.34719410449732,9,NA,NA,NA
"real","GRD_SWE",-2.02401939707705,3.26487216889062,15,NA,NA,NA
"real","GRD_TWN",-1.26556529879308,6.38070367510267,21,NA,NA,NA
"real","GRD_USA",-0.140378754965921,0.340908534729059,32,NA,NA,NA
"real","GRL_CHE",-2.9203885370695,4.92508581603092,28,NA,NA,NA
"real","GRL_ISL",-0.738206474047859,2.95964929426844,32,NA,NA,NA
"real","GRL_JPN",-0.0052945153455729,0.0650285634392971,32,NA,NA,NA
"real","GRL_KOR",-0.533765199393306,2.56034607556529,32,NA,NA,NA
"real","GTM_AFG",-0.624806138794517,1.92679068436659,23,NA,NA,NA
"real","GTM_AUS",-0.243171913740906,0.196762479493028,32,NA,NA,NA
"real","GTM_AUT",0.00534624819364681,1.91280695292808,24,NA,NA,NA
"real","GTM_BGR",-1.9525739904108,9.40081363361671,18,NA,NA,NA
"real","GTM_BLZ",-0.472028892085332,1.35166130404224,31,NA,NA,NA
"real","GTM_BRA",-0.670379715248583,1.23755749953111,31,NA,NA,NA
"real","GTM_BRB",-0.260618664651104,1.33874869451911,28,NA,NA,NA
"real","GTM_CAN",-0.16474299590441,0.0884298378371339,32,NA,NA,NA
"real","GTM_CHE",0.456068752940291,0.513757637227066,32,NA,NA,NA
"real","GTM_CHL",-0.817332319280911,2.17002876515811,20,NA,NA,NA
"real","GTM_CHN",-1.1772830100379,2.67208831310127,31,NA,NA,NA
"real","GTM_COL",0.0307195262144743,0.15664898613736,20,NA,NA,NA
"real","GTM_CYP",-1.40395193581507,6.19310528917986,24,NA,NA,NA
"real","GTM_DEU",-0.18364561642347,0.724834811254938,24,NA,NA,NA
"real","GTM_DNK",0.126042484761719,1.16412316069059,24,NA,NA,NA
"real","GTM_DOM",-0.652235682407381,1.84954967620214,9,NA,NA,NA
"real","GTM_ECU",-0.404965972855833,1.63402423060831,32,NA,NA,NA
"real","GTM_EGY",-0.781623722426804,1.26279019854034,32,NA,NA,NA
"real","GTM_ESP",-0.229816106194612,0.204331432928619,24,NA,NA,NA
"real","GTM_FIN",0.0474144177049806,0.5827624189401,24,NA,NA,NA
"real","GTM_FRA",0.175249776000614,0.367466511483317,24,NA,NA,NA
"real","GTM_FRO",-0.984803830240712,7.66692301684845,16,NA,NA,NA
"real","GTM_GBR",0.183598585500312,0.306589897698071,24,NA,NA,NA
"real","GTM_GRC",-0.233056900748365,1.42191786705615,24,NA,NA,NA
"real","GTM_HTI",-0.367913130798982,2.24951818721657,28,NA,NA,NA
"real","GTM_HUN",-0.710426044784779,6.18904783969093,22,NA,NA,NA
"real","GTM_IDN",-1.38593927075223,4.09127933310482,32,NA,NA,NA
"real","GTM_IND",-0.479875395917353,0.824165644779201,31,NA,NA,NA
"real","GTM_IRL",-0.019757892022644,1.90291961143162,24,NA,NA,NA
"real","GTM_IRN",-2.0616726804917,6.67465197064598,14,NA,NA,NA
"real","GTM_ISL",-0.0115562460801566,0.698607847775073,32,NA,NA,NA
"real","GTM_ISR",0.103549067493282,0.729725018424462,32,NA,NA,NA
"real","GTM_ITA",0.187188135168527,0.652351065019048,24,NA,NA,NA
"real","GTM_JAM",-0.532076838463499,1.31196401189444,31,NA,NA,NA
"real","GTM_JOR",-0.0625829374189661,0.453340922146841,32,NA,NA,NA
"real","GTM_JPN",-0.0592477298844537,0.0569709929251603,32,NA,NA,NA
"real","GTM_KOR",-0.509069761406379,1.28023607458812,32,NA,NA,NA
"real","GTM_KWT",-0.236163218153964,2.03276642866101,31,NA,NA,NA
"real","GTM_LBN",0.0184124793821836,0.775260598382844,31,NA,NA,NA
"real","GTM_MAR",-0.655353465755789,2.26539443639546,31,NA,NA,NA
"real","GTM_MEX",0.130215903324549,0.173803584777788,12,NA,NA,NA
"real","GTM_MLT",-0.638668924530909,4.75492665934929,20,NA,NA,NA
"real","GTM_MYS",-0.966383018732782,3.14334625568394,31,NA,NA,NA
"real","GTM_NLD",0.0550621731658994,0.0806016019723617,24,NA,NA,NA
"real","GTM_NOR",0.0810960909653939,0.257328670294296,32,NA,NA,NA
"real","GTM_NZL",-0.96684906066649,0.901925903998718,32,NA,NA,NA
"real","GTM_OMN",0.216936793331876,1.65695902366216,32,NA,NA,NA
"real","GTM_PAK",-0.20989392239372,0.568787964215341,32,NA,NA,NA
"real","GTM_PAN",-1.12564203406098,4.90643064303152,20,NA,NA,NA
"real","GTM_POL",-0.0523484607470147,1.66291904488621,22,NA,NA,NA
"real","GTM_PRT",-0.159945334227372,0.506220484393878,24,NA,NA,NA
"real","GTM_QAT",0.133244675976868,0.656555814217372,29,NA,NA,NA
"real","GTM_ROU",-0.718230947011257,1.83610032654871,21,NA,NA,NA
"real","GTM_SAU",0.0490764669287912,1.09215901846641,32,NA,NA,NA
"real","GTM_SGP",0.206090746116012,0.474747058235922,32,NA,NA,NA
"real","GTM_SUR",-0.33377800322274,0.682434471123733,28,NA,NA,NA
"real","GTM_SWE",0.0243662098063158,1.00948331503426,24,NA,NA,NA
"real","GTM_SYR",-0.731537930116401,1.51988286585198,31,NA,NA,NA
"real","GTM_THA",-0.79598416207045,2.04132754311032,32,NA,NA,NA
"real","GTM_TTO",-0.241913187439954,0.566269614376265,32,NA,NA,NA
"real","GTM_TUR",-0.499123778012687,1.88065417554078,32,NA,NA,NA
"real","GTM_TWN",-0.988424811252652,3.95832236676653,17,NA,NA,NA
"real","GTM_USA",-0.046080678045159,0.0204919730253588,17,NA,NA,NA
"real","GTM_VEN",-0.50988190293086,1.64546994918879,32,NA,NA,NA
"real","GTM_ZAF",0.421053157675487,2.05246109080149,29,NA,NA,NA
"real","GUF_CHE",-2.92493473226855,4.70969295926621,9,NA,NA,NA
"real","GUF_DEU",-0.913094753441686,2.20037604844119,8,NA,NA,NA
"real","GUF_ESP",-0.517750886694059,4.16272619373952,8,NA,NA,NA
"real","GUF_FRA",-1.59008805434443,5.0699283277895,9,NA,NA,NA
"real","GUF_JPN",-2.59521681980277,9.10216559252068,8,NA,NA,NA
"real","GUF_NLD",-0.173638113138212,1.56625274993426,9,NA,NA,NA
"real","GUY_AUS",0.200094130138741,1.44928037048843,32,NA,NA,NA
"real","GUY_AUT",-1.2313565492523,2.72383764719934,18,NA,NA,NA
"real","GUY_CAN",-0.224118302161432,1.16420047035141,32,NA,NA,NA
"real","GUY_CHE",-1.35034267924759,2.32493477741142,32,NA,NA,NA
"real","GUY_DEU",-0.0445712506661689,0.895136710618519,19,NA,NA,NA
"real","GUY_ESP",-0.209912636756075,0.859128503974678,19,NA,NA,NA
"real","GUY_FRA",-0.392208162461605,1.33090533995743,18,NA,NA,NA
"real","GUY_GBR",-0.476284082986094,1.28731118328709,19,NA,NA,NA
"real","GUY_GRC",-1.69101872101263,7.44595854208425,15,NA,NA,NA
"real","GUY_ITA",-0.268945974895319,0.571356152128109,17,NA,NA,NA
"real","GUY_JPN",0.0618551555769578,0.91014084160924,32,NA,NA,NA
"real","GUY_NLD",0.144924988489445,0.426829552605829,19,NA,NA,NA
"real","GUY_PRT",-1.81654900660519,9.98337404631643,19,NA,NA,NA
"real","GUY_SWE",-1.42105206267675,4.13098023082267,18,NA,NA,NA
"real","GUY_USA",-0.18314360939377,0.506454737534226,32,NA,NA,NA
"real","HND_ALB",-0.891692722254061,5.39616516419898,24,NA,NA,NA
"real","HND_ARE",-2.18893970861171,8.12377470414223,27,NA,NA,NA
"real","HND_ARG",-1.32073380994957,2.78785485539748,29,NA,NA,NA
"real","HND_AUS",-1.15195802292639,2.71836735722327,32,NA,NA,NA
"real","HND_AUT",0.00915160281794419,2.16090883321914,24,NA,NA,NA
"real","HND_BGR",-1.79446047214974,12.1337944524348,20,NA,NA,NA
"real","HND_BLZ",-0.77296102655526,1.99449987942249,31,NA,NA,NA
"real","HND_BRA",-1.29311208672722,2.39385897538298,30,NA,NA,NA
"real","HND_CAN",-0.131264608929607,0.135712949272646,25,NA,NA,NA
"real","HND_CHE",0.33188361227997,0.70165965967248,32,NA,NA,NA
"real","HND_CHN",-1.44232520316037,2.38726272775773,30,NA,NA,NA
"real","HND_DEU",-0.184474462789258,0.342612696080094,24,NA,NA,NA
"real","HND_DNK",0.166314609368306,0.559674952525934,24,NA,NA,NA
"real","HND_DOM",-1.37483018148927,4.51440986291159,10,NA,NA,NA
"real","HND_EGY",-0.82712103212748,2.72921974635902,21,NA,NA,NA
"real","HND_ESP",0.0951296591510444,0.227410620960712,24,NA,NA,NA
"real","HND_FIN",0.0739972115954613,0.478353207501637,24,NA,NA,NA
"real","HND_FRA",-0.00557970573556948,0.160365587598125,24,NA,NA,NA
"real","HND_GBR",-0.0316912609391107,0.119725888186899,24,NA,NA,NA
"real","HND_GRC",-0.30959480933086,2.62004164646795,24,NA,NA,NA
"real","HND_HTI",-1.22094895305747,2.88552016931223,26,NA,NA,NA
"real","HND_HUN",-0.151955516047567,4.4527081004292,23,NA,NA,NA
"real","HND_IND",-1.92094610598328,4.82173486053741,31,NA,NA,NA
"real","HND_IRL",-0.0663464610564241,1.91498226493002,24,NA,NA,NA
"real","HND_ISL",0.0382702031757072,1.20279016043228,32,NA,NA,NA
"real","HND_ISR",-0.0165122518902552,1.0739332632279,31,NA,NA,NA
"real","HND_ITA",0.167463311285465,0.8888576003385,24,NA,NA,NA
"real","HND_JOR",-0.345515257571614,2.73159690527644,31,NA,NA,NA
"real","HND_JPN",-0.0785377056937169,0.742245507722338,32,NA,NA,NA
"real","HND_KOR",0.0491818355620967,0.30441429505819,32,NA,NA,NA
"real","HND_KWT",-0.364605572088018,1.07029017743762,23,NA,NA,NA
"real","HND_LBN",-0.0863756163758304,1.96402867901448,27,NA,NA,NA
"real","HND_MAR",-1.70878356400881,4.31561159990714,31,NA,NA,NA
"real","HND_MEX",-0.110632900728668,0.910231528060461,12,NA,NA,NA
"real","HND_MLT",-1.83753401312372,10.3570429457826,18,NA,NA,NA
"real","HND_NLD",0.0439194288017656,0.103504022564099,24,NA,NA,NA
"real","HND_NOR",0.0301561512784546,1.22276439017628,32,NA,NA,NA
"real","HND_NZL",-0.846014291880072,2.34305690982436,32,NA,NA,NA
"real","HND_OMN",-0.509991068303765,4.92337780986492,19,NA,NA,NA
"real","HND_PAK",-0.681131028910007,2.30531104122087,23,NA,NA,NA
"real","HND_PAN",-1.42367459239715,5.87285543025457,20,NA,NA,NA
"real","HND_POL",-0.446177832192088,2.53658277221091,23,NA,NA,NA
"real","HND_PRK",-0.612299315978862,3.39459590533881,30,NA,NA,NA
"real","HND_PRT",-0.0578542465653131,0.427569641457085,24,NA,NA,NA
"real","HND_QAT",-0.27305920637776,1.91598956410969,20,NA,NA,NA
"real","HND_SAU",-0.287321445287216,1.57909448426068,30,NA,NA,NA
"real","HND_SGP",-0.370413894151347,2.19311300671516,32,NA,NA,NA
"real","HND_SWE",-0.12522661709555,1.39545126554759,24,NA,NA,NA
"real","HND_THA",-1.5315244646257,2.03251261123715,32,NA,NA,NA
"real","HND_TUR",-0.252666964333917,2.04672972407284,32,NA,NA,NA
"real","HND_TWN",-0.514412284999836,1.24715077966455,17,NA,NA,NA
"real","HND_USA",-0.102493969354095,0.0377550922618062,17,NA,NA,NA
"real","HND_VEN",-1.6696191868247,2.95634267055584,32,NA,NA,NA
"real","HND_ZAF",-0.00944699477892621,2.20621150281459,26,NA,NA,NA
"real","HTI_ANT",-0.217986046193921,2.4596352550798,15,NA,NA,NA
"real","HTI_ARG",-0.325565998518627,0.6604429555253,28,NA,NA,NA
"real","HTI_AUS",-0.916317412456329,2.66724788311453,32,NA,NA,NA
"real","HTI_AUT",-0.402458815647244,1.42836888895462,32,NA,NA,NA
"real","HTI_BRA",-0.564323157368569,0.979775925906408,29,NA,NA,NA
"real","HTI_BRB",-0.137620608772689,0.28536084816221,11,NA,NA,NA
"real","HTI_CAN",-0.396862246821005,0.541007335046693,32,NA,NA,NA
"real","HTI_CHE",0.402098770966794,0.622574535416556,32,NA,NA,NA
"real","HTI_CHL",-1.37437423061197,3.42285128573513,25,NA,NA,NA
"real","HTI_CHN",-1.71841605521391,3.75847678955685,27,NA,NA,NA
"real","HTI_CRI",-0.961941300840924,3.5905099987469,24,NA,NA,NA
"real","HTI_DEU",0.0770038711149395,0.795057569361407,32,NA,NA,NA
"real","HTI_DNK",-1.06088770134522,5.34458142233956,31,NA,NA,NA
"real","HTI_DOM",-1.60266821757383,4.9055347026961,29,NA,NA,NA
"real","HTI_ESP",-0.351733705755416,1.05215940125743,32,NA,NA,NA
"real","HTI_FIN",-0.319923453857631,1.10577339394558,30,NA,NA,NA
"real","HTI_FRA",0.167919208426704,0.434196193657194,32,NA,NA,NA
"real","HTI_GBR",-0.150112864233024,0.254454296424252,32,NA,NA,NA
"real","HTI_ITA",-0.231261884597307,2.69685213362654,32,NA,NA,NA
"real","HTI_JAM",-0.481631865311909,1.43106933680801,11,NA,NA,NA
"real","HTI_JPN",-0.186375973665349,0.383934436218953,32,NA,NA,NA
"real","HTI_KNA",-0.368247731924929,1.59987226999782,10,NA,NA,NA
"real","HTI_LBN",-0.451080194973249,2.28152525715834,24,NA,NA,NA
"real","HTI_MEX",-0.457443038180849,0.515533133233332,32,NA,NA,NA
"real","HTI_NLD",0.126066694830572,0.855127357597369,32,NA,NA,NA
"real","HTI_NOR",-0.560309811137999,2.02810147066223,29,NA,NA,NA
"real","HTI_PAN",-0.800205481311249,2.74851991927489,25,NA,NA,NA
"real","HTI_SWE",-0.0121780557984732,0.768297751689646,32,NA,NA,NA
"real","HTI_TCA",0.31618924525905,1.4836767510272,12,NA,NA,NA
"real","HTI_TTO",-0.571511950583903,2.62570445646457,12,NA,NA,NA
"real","HTI_USA",-0.0229310530191141,0.00504964320705237,32,NA,NA,NA
"real","HTI_VEN",-0.586563134748333,2.37882366874065,20,NA,NA,NA
"real","HUN_ALB",0.171564574528584,0.583117067895389,15,NA,NA,NA
"real","HUN_ARE",-0.781640494243832,2.29360503081711,30,NA,NA,NA
"real","HUN_ARG",-0.669087513823471,1.41438659542347,31,NA,NA,NA
"real","HUN_AUS",-0.240902019842216,0.136725225211913,32,NA,NA,NA
"real","HUN_BGR",-0.14410278126002,0.553924035639236,8,NA,NA,NA
"real","HUN_BOL",-1.36049128958832,1.37972801564513,32,NA,NA,NA
"real","HUN_BRA",-0.0329242623554815,0.156423618392775,32,NA,NA,NA
"real","HUN_CAN",-0.281255920774836,0.258330105215823,28,NA,NA,NA
"real","HUN_CHL",-0.382252182462214,1.92358457884512,15,NA,NA,NA
"real","HUN_CHN",-0.761589328781328,1.36484773415418,30,NA,NA,NA
"real","HUN_CMR",-1.04069649079378,2.55461823528507,25,NA,NA,NA
"real","HUN_CUB",-0.295630063755756,2.31976466289561,30,NA,NA,NA
"real","HUN_CYP",0.0293106642310554,0.532112419100631,15,NA,NA,NA
"real","HUN_DZA",0.0292783305534149,0.32206447057877,15,NA,NA,NA
"real","HUN_EGY",-0.808890671655247,2.60783220330931,15,NA,NA,NA
"real","HUN_GTM",-0.158881394855969,0.628384688682329,22,NA,NA,NA
"real","HUN_IND",0.02591486511022,0.895123120114779,32,NA,NA,NA
"real","HUN_IRN",0.00612054574651708,1.05111072622355,30,NA,NA,NA
"real","HUN_IRQ",-0.980968792147588,2.8798058226655,27,NA,NA,NA
"real","HUN_ISR",-0.349007609727253,1.033579779977,8,NA,NA,NA
"real","HUN_JOR",-0.129759145856569,0.323107806540206,15,NA,NA,NA
"real","HUN_JPN",-0.247234414672017,0.229271803796848,30,NA,NA,NA
"real","HUN_KWT",-0.265861021969005,1.23841051731518,30,NA,NA,NA
"real","HUN_LBN",-0.00538181518980092,1.12068571577465,13,NA,NA,NA
"real","HUN_LBY",0.00400546149625168,0.875883304244045,32,NA,NA,NA
"real","HUN_MAR",-0.99937369004767,3.00723298261587,14,NA,NA,NA
"real","HUN_MLT",0.0307516392622293,0.273023676613657,14,NA,NA,NA
"real","HUN_MNG",0.066943752173586,0.564710345581353,29,NA,NA,NA
"real","HUN_MYS",-0.358294965221997,0.86565628190412,32,NA,NA,NA
"real","HUN_NGA",-0.0842318419698027,0.756281002507055,30,NA,NA,NA
"real","HUN_NZL",-0.51312183945373,0.517954491299174,32,NA,NA,NA
"real","HUN_OMN",-0.324833011648488,0.479713500900321,32,NA,NA,NA
"real","HUN_PAK",-0.122436632710076,0.997097192637902,32,NA,NA,NA
"real","HUN_ROU",-0.295499269635147,0.689342831488227,8,NA,NA,NA
"real","HUN_SAU",-0.290936075422965,0.413852748490874,31,NA,NA,NA
"real","HUN_SGP",-0.621309968874971,1.79106378482598,30,NA,NA,NA
"real","HUN_SYR",-0.62144628672917,2.84507231964659,14,NA,NA,NA
"real","HUN_THA",0.0409079252672683,0.708663663969518,32,NA,NA,NA
"real","HUN_TTO",-0.27957939603909,0.530633916917043,18,NA,NA,NA
"real","HUN_TUN",-0.900020569219484,4.64669694779597,14,NA,NA,NA
"real","HUN_TUR",-0.0208360877933997,0.355438707568501,9,NA,NA,NA
"real","HUN_TWN",-0.345984767595849,0.668890255356674,32,NA,NA,NA
"real","HUN_URY",-0.0500397315850183,0.448802419280929,32,NA,NA,NA
"real","HUN_USA",-0.343789133618428,0.857704648853296,32,NA,NA,NA
"real","HUN_VEN",-0.694408847282558,1.62353778879169,31,NA,NA,NA
"real","IDN_AFG",-0.419626774978291,1.49249005378865,32,NA,NA,NA
"real","IDN_ARE",0.133519311775115,0.253234781659878,32,NA,NA,NA
"real","IDN_AUS",-0.148349158642958,0.14530372627056,23,NA,NA,NA
"real","IDN_AUT",-0.0879964563889916,0.0429389042847163,32,NA,NA,NA
"real","IDN_BGR",-0.0603050358539923,0.703247287023187,32,NA,NA,NA
"real","IDN_BHR",-0.210544851467954,0.749489451497425,32,NA,NA,NA
"real","IDN_BRB",-1.09501653944179,4.42552824814668,32,NA,NA,NA
"real","IDN_CAF",-0.107004746126894,0.609036354310847,31,NA,NA,NA
"real","IDN_CAN",-0.0433044561405787,0.045030290593654,32,NA,NA,NA
"real","IDN_CHE",-0.205347342515995,0.228064842513565,32,NA,NA,NA
"real","IDN_CHN",0.102115728206008,0.156125651012579,16,NA,NA,NA
"real","IDN_COL",-0.20210343484743,0.837774905521938,8,NA,NA,NA
"real","IDN_CRI",-0.641918909783456,1.17664019127,32,NA,NA,NA
"real","IDN_DEU",-0.0417084362266924,0.0380057949374308,32,NA,NA,NA
"real","IDN_DNK",0.0760192845809821,0.077573412101748,32,NA,NA,NA
"real","IDN_ESP",-0.113451523756548,0.180946797577903,32,NA,NA,NA
"real","IDN_FIN",-0.136402857346158,0.22755106655045,32,NA,NA,NA
"real","IDN_FJI",-0.547613276308001,2.5235497144537,28,NA,NA,NA
"real","IDN_FRA",0.0415235300382259,0.0166126289522774,32,NA,NA,NA
"real","IDN_GBR",0.0842251513926353,0.147039678392681,32,NA,NA,NA
"real","IDN_GRC",-0.114246903207278,0.234149416845915,32,NA,NA,NA
"real","IDN_GTM",-0.488365502930058,0.492908936325119,32,NA,NA,NA
"real","IDN_HND",-0.458679087690211,0.65851869892925,32,NA,NA,NA
"real","IDN_HUN",0.148687114616054,0.402609893967737,32,NA,NA,NA
"real","IDN_IRL",0.322307475432988,0.471282491785169,32,NA,NA,NA
"real","IDN_ISL",-0.0325167169017835,0.316907036944369,32,NA,NA,NA
"real","IDN_ITA",-0.0510527350002683,0.0377835861326874,32,NA,NA,NA
"real","IDN_JAM",-0.133093042100677,0.19713739069418,28,NA,NA,NA
"real","IDN_JOR",0.0223603729651577,0.262018305073906,32,NA,NA,NA
"real","IDN_JPN",0.00415524544042303,0.0111394561788302,19,NA,NA,NA
"real","IDN_KEN",-0.44175312414372,0.705842154409143,32,NA,NA,NA
"real","IDN_KWT",-0.196218245081179,1.43209049525934,32,NA,NA,NA
"real","IDN_LBN",-0.0530445343433792,0.106184078995191,32,NA,NA,NA
"real","IDN_MAR",0.136048568558182,0.340153070320822,8,NA,NA,NA
"real","IDN_MLT",-0.415708875004822,1.62169317872529,31,NA,NA,NA
"real","IDN_MRT",0.080030340740404,0.53262535417146,32,NA,NA,NA
"real","IDN_NLD",0.0493568397125412,0.0363959504448074,32,NA,NA,NA
"real","IDN_NOR",-0.052856907407447,0.0749585953750958,32,NA,NA,NA
"real","IDN_NZL",-0.258883431821083,0.186308014963525,23,NA,NA,NA
"real","IDN_OMN",-0.369594191646891,0.360602476269003,32,NA,NA,NA
"real","IDN_PNG",-0.338016277171458,1.6832799648365,32,NA,NA,NA
"real","IDN_POL",0.0163806342977982,0.0331232156216069,32,NA,NA,NA
"real","IDN_PRT",-0.0863665110537401,0.141354921837565,32,NA,NA,NA
"real","IDN_REU",-2.27390824434133,6.37180199308981,8,NA,NA,NA
"real","IDN_SAU",-0.127340513307918,0.302942955993408,32,NA,NA,NA
"real","IDN_SEN",-0.39158258792822,0.844685095637219,32,NA,NA,NA
"real","IDN_SUR",-0.07987431451639,0.218609606278547,32,NA,NA,NA
"real","IDN_SWE",-0.0223650108305388,0.0912063987314701,32,NA,NA,NA
"real","IDN_SYR",-0.297960904012772,0.514265153605666,32,NA,NA,NA
"real","IDN_TUR",-0.517015736510567,0.755271574206023,32,NA,NA,NA
"real","IDN_TWN",-0.0889633111297961,0.122859748847189,32,NA,NA,NA
"real","IDN_UGA",-1.40672564227347,2.07879579839268,32,NA,NA,NA
"real","IDN_URY",-0.650704356755991,1.21173221248236,32,NA,NA,NA
"real","IDN_USA",0.00181122287167435,0.0190886787854034,32,NA,NA,NA
"real","IDN_VEN",0.053734542057782,0.45273759569532,10,NA,NA,NA
"real","IDN_ZAF",0.0768675414538979,0.683800484296216,29,NA,NA,NA
"real","IND_AFG",-0.0694039196879621,0.131601925957833,14,NA,NA,NA
"real","IND_AGO",-0.621345243229632,0.836491695258844,32,NA,NA,NA
"real","IND_ALB",-0.634837951387387,1.39329537032056,31,NA,NA,NA
"real","IND_AND",-0.464959226128659,0.743262346935088,32,NA,NA,NA
"real","IND_ANT",-0.364702165291852,1.15085486794085,23,NA,NA,NA
"real","IND_ARE",0.0375475253141087,0.0547830812343047,32,NA,NA,NA
"real","IND_AUS",-0.0254288350687568,0.0371142074865795,32,NA,NA,NA
"real","IND_AUT",0.0386466348512811,0.0224470034535283,32,NA,NA,NA
"real","IND_BDI",-0.571425666451828,1.08890069956293,32,NA,NA,NA
"real","IND_BFA",-0.721216476333513,1.98011901306702,32,NA,NA,NA
"real","IND_BGR",-0.159331665023165,0.249042348230685,32,NA,NA,NA
"real","IND_BHR",0.21457869341677,0.140325988581755,32,NA,NA,NA
"real","IND_BHS",-3.33953323583187,4.51112128322155,32,NA,NA,NA
"real","IND_BLZ",-1.09246094218657,1.50567857962588,32,NA,NA,NA
"real","IND_BMU",0.590456244655359,1.44266789166629,32,NA,NA,NA
"real","IND_BRB",-0.17158173582949,0.406486814087433,32,NA,NA,NA
"real","IND_BRN",-0.267641265138476,0.63164472490647,21,NA,NA,NA
"real","IND_CAF",-0.562472893577928,1.4386317011637,32,NA,NA,NA
"real","IND_CAN",-0.0405236017628669,0.0443045071887624,32,NA,NA,NA
"real","IND_CHE",0.273858830735694,0.152367505334689,32,NA,NA,NA
"real","IND_CHN",-0.319905193170485,0.263220160087508,13,NA,NA,NA
"real","IND_CIV",-0.499332530201299,0.708544600006227,32,NA,NA,NA
"real","IND_COD",-0.905716562501869,1.56516423651673,32,NA,NA,NA
"real","IND_COG",-0.526238853033953,2.66196869364905,32,NA,NA,NA
"real","IND_COL",-0.451599308134389,0.532375649649138,8,NA,NA,NA
"real","IND_COM",-0.270393331263566,1.33601296466435,32,NA,NA,NA
"real","IND_CRI",-0.799169920833441,0.811494963634036,32,NA,NA,NA
"real","IND_CYM",-0.651910575570524,1.7069555771781,31,NA,NA,NA
"real","IND_CYP",-0.0563117561998641,0.243720037215094,32,NA,NA,NA
"real","IND_DEU",0.0568187721617611,0.0154816688769743,32,NA,NA,NA
"real","IND_DJI",-0.464742023571624,1.02906417944702,32,NA,NA,NA
"real","IND_DMA",-0.136812420623796,0.498875167185606,32,NA,NA,NA
"real","IND_DNK",-0.0162537456593056,0.0208564619634509,32,NA,NA,NA
"real","IND_DOM",-0.831091930843808,1.23618930114087,32,NA,NA,NA
"real","IND_ESP",-0.0592175482254381,0.0428017427368423,32,NA,NA,NA
"real","IND_FIN",-0.480546824536137,0.405377408148411,32,NA,NA,NA
"real","IND_FJI",-0.659831671394482,2.25635606749225,32,NA,NA,NA
"real","IND_FRA",-0.00283104504820339,0.0204624790548652,32,NA,NA,NA
"real","IND_GAB",-0.679967657981417,1.69451057459168,32,NA,NA,NA
"real","IND_GBR",0.116276962565722,0.0760899916602265,32,NA,NA,NA
"real","IND_GIB",-2.78409496519966,5.37926329331136,32,NA,NA,NA
"real","IND_GLP",-0.428690784452704,0.695569802097901,10,NA,NA,NA
"real","IND_GMB",-0.423686379554143,1.00057788335881,32,NA,NA,NA
"real","IND_GNB",-0.965145782505479,3.35911250097209,32,NA,NA,NA
"real","IND_GNQ",-0.961347107284292,2.34142982111462,30,NA,NA,NA
"real","IND_GRC",-0.0758749666189191,0.123117532850585,32,NA,NA,NA
"real","IND_GRD",-0.294783011238434,0.646228011259693,32,NA,NA,NA
"real","IND_GTM",-0.772176504764809,0.743758264130813,32,NA,NA,NA
"real","IND_GUF",-0.495370196137872,4.73255946876577,8,NA,NA,NA
"real","IND_HND",-0.567504411413996,0.637300766787814,32,NA,NA,NA
"real","IND_HTI",-0.988705926127866,1.82659033610091,32,NA,NA,NA
"real","IND_HUN",0.137121461449804,0.406983873061549,32,NA,NA,NA
"real","IND_IRL",0.0653274598906412,0.153182967682709,32,NA,NA,NA
"real","IND_ISL",-0.096066627814526,0.328471520363804,32,NA,NA,NA
"real","IND_ISR",0.0758192040910276,0.0765637116901783,32,NA,NA,NA
"real","IND_ITA",0.113264029788617,0.0416883333968493,32,NA,NA,NA
"real","IND_JAM",-0.404428452059469,0.498517976446694,32,NA,NA,NA
"real","IND_JOR",-0.0286599230067841,0.167679634468441,32,NA,NA,NA
"real","IND_JPN",0.104315381355659,0.073030105894822,22,NA,NA,NA
"real","IND_KEN",-0.267779929136189,0.144881491414859,32,NA,NA,NA
"real","IND_KHM",-0.573124431173291,1.21111341086389,21,NA,NA,NA
"real","IND_KWT",0.108069408018657,0.0805553574375315,32,NA,NA,NA
"real","IND_LBN",-0.358717776826886,0.512982450395589,32,NA,NA,NA
"real","IND_LBR",-0.783399062058964,1.20354642421757,32,NA,NA,NA
"real","IND_MAC",0.0730754679610676,1.42770854456894,32,NA,NA,NA
"real","IND_MAR",0.0496719534499021,0.115022758372649,8,NA,NA,NA
"real","IND_MDG",-0.483564281216634,0.627651323777507,32,NA,NA,NA
"real","IND_MLI",-0.051991693258361,0.276108619136834,32,NA,NA,NA
"real","IND_MLT",-0.10080072303785,0.27408205373973,32,NA,NA,NA
"real","IND_MMR",-0.493639008214087,0.767644925935021,8,NA,NA,NA
"real","IND_MNG",-0.443553167330262,0.702505422856872,32,NA,NA,NA
"real","IND_MRT",-0.316205101620398,1.15209324291122,32,NA,NA,NA
"real","IND_MTQ",0.327139220776797,0.744237748640151,9,NA,NA,NA
"real","IND_MUS",-0.158725680938594,0.0926914818109568,32,NA,NA,NA
"real","IND_MWI",-0.255443472858013,0.554596111167133,32,NA,NA,NA
"real","IND_NER",-0.539759311779342,1.79438675534554,32,NA,NA,NA
"real","IND_NLD",-0.000585383936499706,0.0123860936593444,32,NA,NA,NA
"real","IND_NOR",0.121300514184079,0.0531271846905758,32,NA,NA,NA
"real","IND_NRU",-0.446077283172231,3.5553221692889,31,NA,NA,NA
"real","IND_NZL",-0.00358709762809968,0.0336260803840434,32,NA,NA,NA
"real","IND_OMN",0.0498785270819602,0.0541221903042761,32,NA,NA,NA
"real","IND_PAN",-0.465130891929886,0.691099618233216,32,NA,NA,NA
"real","IND_PCN",-0.56230143519988,2.44390011685034,29,NA,NA,NA
"real","IND_PNG",-0.121471882331698,0.812279595292178,32,NA,NA,NA
"real","IND_POL",0.162574933452933,0.195718261888345,32,NA,NA,NA
"real","IND_PRT",-0.0955671556457508,0.109031315950271,32,NA,NA,NA
"real","IND_PRY",-0.246300310040279,0.558236372743138,20,NA,NA,NA
"real","IND_QAT",0.0189072440120773,0.119526635385176,32,NA,NA,NA
"real","IND_REU",-0.0199269907286674,0.301986444873855,11,NA,NA,NA
"real","IND_RWA",-0.732322329308169,0.775637374943539,32,NA,NA,NA
"real","IND_SAU",0.133661189269778,0.0642615704785883,32,NA,NA,NA
"real","IND_SEN",-0.53071134597523,0.939538659839414,32,NA,NA,NA
"real","IND_SLB",-0.633364429728231,1.98003452315518,32,NA,NA,NA
"real","IND_SLE",-0.422138196330639,0.689966317149891,32,NA,NA,NA
"real","IND_SLV",-1.14800961756817,2.50888464248971,32,NA,NA,NA
"real","IND_SOM",-0.508688649620676,1.54004905371024,32,NA,NA,NA
"real","IND_SUR",-0.246521969801269,0.438589567157054,32,NA,NA,NA
"real","IND_SWE",-0.0816583228549559,0.0280674382219706,32,NA,NA,NA
"real","IND_SWZ",-1.12837568611364,2.8468490231118,32,NA,NA,NA
"real","IND_SYC",-0.0230917293275238,0.226473822209976,32,NA,NA,NA
"real","IND_SYR",-0.265045166200804,0.264386118121111,32,NA,NA,NA
"real","IND_TCA",-1.7084422642063,5.26042889028241,27,NA,NA,NA
"real","IND_TCD",-0.364017034014774,0.618583948496922,32,NA,NA,NA
"real","IND_TGO",-0.188427850943562,0.264562354321393,32,NA,NA,NA
"real","IND_TON",0.0739269570374569,0.96747059604626,32,NA,NA,NA
"real","IND_TUR",-0.394794100562395,0.29378123977063,32,NA,NA,NA
"real","IND_TWN",-0.00486074243670026,0.0421044565058204,32,NA,NA,NA
"real","IND_UGA",-0.132712896451706,0.0565815433785338,32,NA,NA,NA
"real","IND_URY",-0.286679785468534,0.367449464008051,20,NA,NA,NA
"real","IND_USA",-0.123747617318709,0.0269684596047703,32,NA,NA,NA
"real","IND_VCT",-0.568056951252506,2.1650615172522,29,NA,NA,NA
"real","IND_VEN",-0.0786117517336308,0.256163228918506,10,NA,NA,NA
"real","IND_VGB",-2.20568406347938,2.02864945389916,31,NA,NA,NA
"real","IND_YEM",-0.124307551787786,0.125100408208525,31,NA,NA,NA
"real","IND_ZMB",0.0463582069514869,0.0685427095836575,32,NA,NA,NA
"real","IRL_ARG",-0.429160986516245,2.32947944469921,31,NA,NA,NA
"real","IRL_ATG",-0.479162042410675,2.84504570498711,17,NA,NA,NA
"real","IRL_AUS",0.194184981733223,0.155881146137985,32,NA,NA,NA
"real","IRL_BHS",0.0585784369795357,2.26382668116179,19,NA,NA,NA
"real","IRL_BRA",0.113259159777359,0.389908957318354,32,NA,NA,NA
"real","IRL_BRB",0.106368591497185,0.716926434562526,18,NA,NA,NA
"real","IRL_CAN",-0.0299359565924224,1.0292682285722,28,NA,NA,NA
"real","IRL_CHL",-0.31439510525346,1.60376876453125,14,NA,NA,NA
"real","IRL_CHN",-0.60378973362812,0.794963782064052,32,NA,NA,NA
"real","IRL_CIV",0.0252994812712943,0.679974370435493,27,NA,NA,NA
"real","IRL_CMR",-0.114099895146875,0.899571043408913,25,NA,NA,NA
"real","IRL_CRI",-1.17829007000481,1.98530978797304,22,NA,NA,NA
"real","IRL_ECU",-0.0260712470307562,0.700642402433371,27,NA,NA,NA
"real","IRL_GMB",-0.367124746845958,0.899561726158202,32,NA,NA,NA
"real","IRL_IDN",-0.229969544377335,0.59567681023311,32,NA,NA,NA
"real","IRL_IND",-0.13100463653076,0.137281778636438,32,NA,NA,NA
"real","IRL_JAM",-0.435858350985761,1.86634829383404,19,NA,NA,NA
"real","IRL_JPN",0.166324598669009,0.118978932527769,30,NA,NA,NA
"real","IRL_KEN",-0.190725703194902,1.13065340155568,29,NA,NA,NA
"real","IRL_KOR",0.100793104166681,0.195994970674781,22,NA,NA,NA
"real","IRL_LBY",0.198110865532559,1.45854826032051,31,NA,NA,NA
"real","IRL_LCA",-0.0894630530901977,1.60616481473284,17,NA,NA,NA
"real","IRL_LKA",0.294992167003305,0.920268575933575,31,NA,NA,NA
"real","IRL_MAC",-0.562371993618562,1.1286232194318,32,NA,NA,NA
"real","IRL_MYS",-0.014484312806325,0.863593937677419,32,NA,NA,NA
"real","IRL_NZL",0.125553301473674,0.306587885438106,32,NA,NA,NA
"real","IRL_OMN",0.348002419129496,0.702439175648683,32,NA,NA,NA
"real","IRL_PAK",0.0274203952850571,2.2655821474968,30,NA,NA,NA
"real","IRL_PAN",-0.230689870535437,1.15017020497701,22,NA,NA,NA
"real","IRL_PER",-0.148532738203839,2.86925172690766,22,NA,NA,NA
"real","IRL_SAU",0.00524122980968542,0.429235966180314,32,NA,NA,NA
"real","IRL_SGP",-0.122241978056873,1.0684741984253,30,NA,NA,NA
"real","IRL_SLE",0.157309211245824,1.55542121945467,32,NA,NA,NA
"real","IRL_SYC",0.115472610062153,0.790831756755549,23,NA,NA,NA
"real","IRL_THA",0.165303514657749,0.216208574954108,32,NA,NA,NA
"real","IRL_TTO",0.148279772842589,0.714665979684108,19,NA,NA,NA
"real","IRL_TWN",-0.541292656971309,3.46858550688033,31,NA,NA,NA
"real","IRL_URY",0.0741731701504308,0.23990487939093,29,NA,NA,NA
"real","IRL_USA",-0.466090941383307,1.35665172796514,32,NA,NA,NA
"real","IRL_VEN",-0.229361121135025,0.89099172944206,29,NA,NA,NA
"real","IRL_ZAF",0.19648874212018,1.16130560963062,11,NA,NA,NA
"real","IRN_AUS",-0.0382010959797336,0.255722294219823,32,NA,NA,NA
"real","IRN_AUT",-0.510879199796326,0.573570535904402,32,NA,NA,NA
"real","IRN_BRB",-0.575749096283862,2.64953466435632,31,NA,NA,NA
"real","IRN_CAN",-0.00650046632653975,1.0712285043698,32,NA,NA,NA
"real","IRN_CHE",0.272171043985513,1.71527346517495,32,NA,NA,NA
"real","IRN_CHN",-1.10329916659883,3.3783740727105,32,NA,NA,NA
"real","IRN_DEU",0.194996971708593,0.583216274546993,32,NA,NA,NA
"real","IRN_DNK",0.28624058336857,0.633147094432886,32,NA,NA,NA
"real","IRN_ESP",-0.2295267824357,0.628878689876884,32,NA,NA,NA
"real","IRN_FIN",-0.340672655981871,1.65558170955394,32,NA,NA,NA
"real","IRN_FJI",-0.94384308107169,2.42815626822354,26,NA,NA,NA
"real","IRN_FRA",-0.622976475915648,1.60453043348365,32,NA,NA,NA
"real","IRN_GBR",-0.0978244405885819,0.694933644548831,32,NA,NA,NA
"real","IRN_GRC",-0.563479267479467,2.37504272432029,32,NA,NA,NA
"real","IRN_HUN",-0.295096442678507,1.48658477180537,30,NA,NA,NA
"real","IRN_IRL",-0.0294484013653425,0.744057561139288,32,NA,NA,NA
"real","IRN_ISL",-0.378692983571159,1.19961695371738,32,NA,NA,NA
"real","IRN_ITA",-0.637358929832271,1.45215972660226,32,NA,NA,NA
"real","IRN_JAM",-1.30719711757127,2.43983141308995,21,NA,NA,NA
"real","IRN_JOR",-0.454466057458584,1.25169326541816,32,NA,NA,NA
"real","IRN_JPN",-0.0705903470875065,0.045484336291434,32,NA,NA,NA
"real","IRN_MLT",-1.73709323093318,2.70658140367035,31,NA,NA,NA
"real","IRN_NLD",-0.589493902991075,2.76592269061861,32,NA,NA,NA
"real","IRN_NZL",-0.5899311703137,1.6471631744245,32,NA,NA,NA
"real","IRN_OMN",-1.28514217520947,3.9608824245912,31,NA,NA,NA
"real","IRN_PRT",-0.473579636827826,2.26582929406394,32,NA,NA,NA
"real","IRN_SAU",-1.10213191987078,5.17102050905736,30,NA,NA,NA
"real","IRN_SWE",-0.810391555746865,3.46232225003117,32,NA,NA,NA
"real","IRN_SYR",-0.189892166949567,1.71275949274152,23,NA,NA,NA
"real","IRN_TWN",-1.40286805002874,4.63720777582329,32,NA,NA,NA
"real","IRN_USA",-1.72698079907997,7.02037306490141,29,NA,NA,NA
"real","IRN_VEN",-0.356009432214024,1.06306164312812,10,NA,NA,NA
"real","IRQ_AUS",-2.8644658801807,14.4084460952828,22,NA,NA,NA
"real","IRQ_AUT",-0.984412138713119,4.74797341408,27,NA,NA,NA
"real","IRQ_CAN",-1.71774603693187,9.2166979348025,30,NA,NA,NA
"real","IRQ_CHE",-2.95005115090563,10.994751413822,21,NA,NA,NA
"real","IRQ_CHN",-1.4984010435015,3.33664766787552,31,NA,NA,NA
"real","IRQ_DEU",-1.16634860405862,4.31633360102784,32,NA,NA,NA
"real","IRQ_DNK",0.20963051301848,10.678445275354,26,NA,NA,NA
"real","IRQ_ESP",-0.186253064279139,1.79991306917978,27,NA,NA,NA
"real","IRQ_FIN",-0.439165853942002,4.84743805205941,21,NA,NA,NA
"real","IRQ_FJI",-0.955098189208612,13.7909164608526,13,NA,NA,NA
"real","IRQ_FRA",-0.512222563244831,2.7787888243073,27,NA,NA,NA
"real","IRQ_GBR",-0.863398211958341,4.46807537649428,26,NA,NA,NA
"real","IRQ_GRC",-1.61858224372362,7.02061881866646,30,NA,NA,NA
"real","IRQ_ITA",-1.23724384263157,4.64024640986447,31,NA,NA,NA
"real","IRQ_JPN",-0.249340292344886,0.575003797146448,27,NA,NA,NA
"real","IRQ_MLT",-3.97799944603983,16.3422561221455,13,NA,NA,NA
"real","IRQ_NLD",-1.2749662322108,6.11390145020681,32,NA,NA,NA
"real","IRQ_NZL",-5.83316946057591,16.0328085393226,19,NA,NA,NA
"real","IRQ_PRT",-1.03541956237102,11.8257376351006,29,NA,NA,NA
"real","IRQ_SEN",-0.29477256511554,2.99775453981657,16,NA,NA,NA
"real","IRQ_SWE",-3.09829408678988,9.96958249534161,25,NA,NA,NA
"real","IRQ_TUR",-0.463095907220924,4.23665441300177,26,NA,NA,NA
"real","IRQ_USA",-0.740449532328901,4.73822632259002,27,NA,NA,NA
"real","ISL_ANT",-0.598416182554506,2.50638648300336,12,NA,NA,NA
"real","ISL_ARE",-2.20102255112901,4.17166831455415,24,NA,NA,NA
"real","ISL_ARG",-0.503807216774487,1.28614380959458,31,NA,NA,NA
"real","ISL_AUS",-0.551019793646307,0.692592237957004,32,NA,NA,NA
"real","ISL_BHR",-0.932507969877833,4.95814139653716,16,NA,NA,NA
"real","ISL_BHS",-1.79810269141244,5.26387821780193,24,NA,NA,NA
"real","ISL_BMU",-0.74545919708785,2.16146848847892,17,NA,NA,NA
"real","ISL_BRA",0.0895852573123807,0.272693656127356,32,NA,NA,NA
"real","ISL_BRB",-0.27553688169714,1.16590315282906,25,NA,NA,NA
"real","ISL_CAN",-0.233285938367911,0.496362132346025,20,NA,NA,NA
"real","ISL_CHL",-0.208483781043605,0.735753639044615,15,NA,NA,NA
"real","ISL_CHN",-0.610860167079616,1.21631706030346,25,NA,NA,NA
"real","ISL_CMR",-2.42079185179722,4.61492166672605,29,NA,NA,NA
"real","ISL_COL",-0.136004326079416,0.378815965819933,22,NA,NA,NA
"real","ISL_CYM",-3.25951189518575,17.5190891470593,17,NA,NA,NA
"real","ISL_CYP",-0.949221024578564,2.47825323026464,15,NA,NA,NA
"real","ISL_DZA",-1.13875565652732,6.21844858228499,26,NA,NA,NA
"real","ISL_EGY",-0.833262883303842,4.39495379718943,17,NA,NA,NA
"real","ISL_GAB",-0.607277782960024,3.21465891643659,29,NA,NA,NA
"real","ISL_GIB",-1.35640417272232,6.65975327772739,20,NA,NA,NA
"real","ISL_GRL",-0.43126467323349,0.993187559864513,32,NA,NA,NA
"real","ISL_IDN",-0.803063577653549,1.52933385551266,31,NA,NA,NA
"real","ISL_JAM",-1.28742587841921,4.02536288681776,28,NA,NA,NA
"real","ISL_JPN",0.0329610095464132,0.129432267908145,32,NA,NA,NA
"real","ISL_KEN",-1.24639148842357,2.47438150490815,31,NA,NA,NA
"real","ISL_KOR",-0.145321454737294,0.269442008228326,17,NA,NA,NA
"real","ISL_MEX",-1.00698664866688,3.53333235598065,12,NA,NA,NA
"real","ISL_MLT",-1.23182785009156,1.94092786763505,13,NA,NA,NA
"real","ISL_MUS",-0.562472640407802,1.21012050494681,31,NA,NA,NA
"real","ISL_NFK",-0.796019988658378,1.50669145665562,9,NA,NA,NA
"real","ISL_NGA",-0.146124883737555,0.205993302817718,32,NA,NA,NA
"real","ISL_NZL",-0.541143541215486,1.17450995377195,32,NA,NA,NA
"real","ISL_PAN",-0.40122915718522,1.49228010694861,18,NA,NA,NA
"real","ISL_PHL",-0.846799152363529,1.73245400633414,28,NA,NA,NA
"real","ISL_PNG",-3.47170112627004,7.89875579561477,17,NA,NA,NA
"real","ISL_SAU",-0.476481538553122,1.26512928284833,25,NA,NA,NA
"real","ISL_SEN",-1.74705866220589,3.32338345615829,26,NA,NA,NA
"real","ISL_SGP",-0.0649297405464501,0.733988072001693,14,NA,NA,NA
"real","ISL_THA",-0.0760323604586416,0.748102332013795,32,NA,NA,NA
"real","ISL_TWN",0.120953889425711,0.603304092127465,32,NA,NA,NA
"real","ISL_USA",-0.0720227838060408,0.0745028637510668,32,NA,NA,NA
"real","ISR_ARG",-0.96801004114721,3.14824803902507,20,NA,NA,NA
"real","ISR_AUS",0.0284711676227559,0.0181548195269694,32,NA,NA,NA
"real","ISR_BOL",-0.366837839375358,2.62510241215455,31,NA,NA,NA
"real","ISR_BRB",-0.463087171892949,1.12790388944258,28,NA,NA,NA
"real","ISR_CAN",-0.225928634717685,0.544692119734013,8,NA,NA,NA
"real","ISR_CMR",-0.424015876361794,2.07876526513422,30,NA,NA,NA
"real","ISR_COL",-0.0263840785362277,0.468126869477368,32,NA,NA,NA
"real","ISR_CRI",-0.506909095251889,0.922624135862476,30,NA,NA,NA
"real","ISR_ECU",0.00498082412547554,0.310010690757324,32,NA,NA,NA
"real","ISR_HND",-0.553828307295932,1.77522306766018,28,NA,NA,NA
"real","ISR_HUN",-0.590275661366282,0.986368229246077,8,NA,NA,NA
"real","ISR_IND",0.0269250530476075,0.077643401574414,32,NA,NA,NA
"real","ISR_JPN",0.0471841081746015,0.129133658870626,32,NA,NA,NA
"real","ISR_KEN",-0.239528349186496,0.683214289141586,31,NA,NA,NA
"real","ISR_MTQ",-1.32846001698074,3.75817072732207,8,NA,NA,NA
"real","ISR_NZL",-0.137324265285266,0.625102502414087,32,NA,NA,NA
"real","ISR_PAN",-0.795863112785477,2.87346510575614,32,NA,NA,NA
"real","ISR_REU",0.453366524680931,0.648228267983547,8,NA,NA,NA
"real","ISR_SGP",-0.0964755082408747,0.164466016151661,32,NA,NA,NA
"real","ISR_THA",0.0664869905968627,0.0931806958792392,32,NA,NA,NA
"real","ISR_TWN",-1.12636241324834,5.5163814802074,32,NA,NA,NA
"real","ITA_AFG",-0.678398765481578,2.44390311804989,30,NA,NA,NA
"real","ITA_AGO",-0.300750331942786,1.01812326520217,32,NA,NA,NA
"real","ITA_ALB",-0.778588294057784,1.52634073776893,17,NA,NA,NA
"real","ITA_ARE",-0.497122685085752,2.82225195105906,32,NA,NA,NA
"real","ITA_ARG",-0.496461467007997,1.76481974642892,32,NA,NA,NA
"real","ITA_AUS",0.0118680378978107,0.0713653297949765,32,NA,NA,NA
"real","ITA_BDI",-0.771580855040323,2.67747121089623,32,NA,NA,NA
"real","ITA_BEN",-0.633006063680094,2.41363836573493,32,NA,NA,NA
"real","ITA_BFA",-0.118248979330196,0.17430310739463,32,NA,NA,NA
"real","ITA_BGD",-0.289128843117915,1.01339324330717,32,NA,NA,NA
"real","ITA_BHR",-1.05355743114127,5.58327777168568,32,NA,NA,NA
"real","ITA_BHS",-1.8318811720899,12.0212131555471,15,NA,NA,NA
"real","ITA_BLZ",-0.489405332305277,1.72053402940295,16,NA,NA,NA
"real","ITA_BOL",-0.267030855544454,0.472397327083581,32,NA,NA,NA
"real","ITA_BRA",-0.0666871929989186,0.473282105224961,32,NA,NA,NA
"real","ITA_BRB",-0.749443070670443,2.13860027953754,16,NA,NA,NA
"real","ITA_BRN",-0.278164428400798,1.00570186958819,29,NA,NA,NA
"real","ITA_BTN",-0.734958621531184,1.61700340939696,29,NA,NA,NA
"real","ITA_CAF",-0.694525931703356,1.21601456909156,32,NA,NA,NA
"real","ITA_CAN",-0.104996661334898,0.432230268479354,28,NA,NA,NA
"real","ITA_CHL",-0.449725379615556,1.79527618297694,14,NA,NA,NA
"real","ITA_CHN",-0.506374359135546,3.60415420587904,32,NA,NA,NA
"real","ITA_CIV",-0.297462180631237,0.538864000477601,27,NA,NA,NA
"real","ITA_CMR",-1.2053363327072,4.86244922707055,25,NA,NA,NA
"real","ITA_COD",-0.699258100017827,3.39978634125156,32,NA,NA,NA
"real","ITA_COG",-0.491750348767389,2.2883563318434,32,NA,NA,NA
"real","ITA_COL",-0.394218140282598,1.77037917273287,24,NA,NA,NA
"real","ITA_COM",-0.3631407446874,1.72921417660051,30,NA,NA,NA
"real","ITA_CPV",-0.0544670034376435,0.42259655873379,31,NA,NA,NA
"real","ITA_CRI",-1.06389282767711,4.80741399000593,24,NA,NA,NA
"real","ITA_CUB",-0.471259652505562,1.10386498131789,32,NA,NA,NA
"real","ITA_DJI",-0.301910329464181,2.67122429091853,31,NA,NA,NA
"real","ITA_DOM",-1.13379318639897,5.52470970462055,18,NA,NA,NA
"real","ITA_ECU",-0.368181471743701,2.26342250033736,28,NA,NA,NA
"real","ITA_GAB",-0.660587424654031,2.91072978073472,31,NA,NA,NA
"real","ITA_GHA",-0.595925182176022,2.12182940765179,27,NA,NA,NA
"real","ITA_GIN",-0.239332348514982,1.21721903340604,30,NA,NA,NA
"real","ITA_GLP",-2.36736421681274,2.71207502377532,9,NA,NA,NA
"real","ITA_GMB",-0.874983950213122,3.08608481616352,32,NA,NA,NA
"real","ITA_GNB",-0.969558736784764,3.54939007571874,29,NA,NA,NA
"real","ITA_GTM",-0.881097351626443,5.17267508248833,23,NA,NA,NA
"real","ITA_GUF",-3.27675024348839,8.21197948483947,8,NA,NA,NA
"real","ITA_HND",-0.814061525270112,2.94513595045312,24,NA,NA,NA
"real","ITA_HTI",-0.470664345259814,1.56223788078014,31,NA,NA,NA
"real","ITA_IDN",-0.0962384995669047,0.561590258543511,32,NA,NA,NA
"real","ITA_IND",0.0566010169214606,0.0686576644101569,32,NA,NA,NA
"real","ITA_IRN",-0.946049481026611,4.55117089707447,32,NA,NA,NA
"real","ITA_IRQ",-0.96888686980815,3.43634634078905,30,NA,NA,NA
"real","ITA_JAM",-0.14884520956644,0.477328965959465,19,NA,NA,NA
"real","ITA_JOR",-1.26755995935838,2.9712667961838,13,NA,NA,NA
"real","ITA_JPN",0.04441318792955,0.0512557800798979,30,NA,NA,NA
"real","ITA_KEN",-0.360793518684004,1.2316829968121,32,NA,NA,NA
"real","ITA_KNA",-1.48163863034989,1.63803895412901,15,NA,NA,NA
"real","ITA_KOR",0.159100046465277,0.185268285475813,22,NA,NA,NA
"real","ITA_KWT",-1.12725412827616,6.12259553026161,32,NA,NA,NA
"real","ITA_LAO",-0.253125273198829,0.737822693991536,27,NA,NA,NA
"real","ITA_LBR",-1.45100695891269,4.89388496444603,31,NA,NA,NA
"real","ITA_LBY",-0.204831295549178,0.363128679075991,32,NA,NA,NA
"real","ITA_LCA",-0.937252903843391,1.22495370909531,16,NA,NA,NA
"real","ITA_LKA",-0.435993496292394,1.56304300899238,32,NA,NA,NA
"real","ITA_MDG",-0.268162551420247,1.16514877724618,23,NA,NA,NA
"real","ITA_MEX",-0.897088262930642,4.4531719521172,11,NA,NA,NA
"real","ITA_MLI",-0.865078708778988,3.47185641523213,32,NA,NA,NA
"real","ITA_MMR",-1.15656808340964,4.02375937062912,32,NA,NA,NA
"real","ITA_MOZ",-0.12775224633627,2.78703014020381,27,NA,NA,NA
"real","ITA_MRT",-0.46063995172556,2.19022618304529,31,NA,NA,NA
"real","ITA_MTQ",-2.29801590987453,2.23468722192152,9,NA,NA,NA
"real","ITA_MUS",-0.912035452314438,3.74166790343245,23,NA,NA,NA
"real","ITA_MWI",-0.0748646405352398,0.308952936728664,32,NA,NA,NA
"real","ITA_MYS",-0.0807928165524426,0.483537313545361,32,NA,NA,NA
"real","ITA_NER",-0.584933549658451,4.01497886442901,31,NA,NA,NA
"real","ITA_NGA",-1.12179150298688,5.22438907956732,32,NA,NA,NA
"real","ITA_NIC",-0.0817442674104483,0.715212070807274,24,NA,NA,NA
"real","ITA_NZL",-0.0995348075214853,0.508189948768155,32,NA,NA,NA
"real","ITA_OMN",-0.181976478271167,0.745039307335354,32,NA,NA,NA
"real","ITA_PAK",-0.649540374021395,2.9618020603524,32,NA,NA,NA
"real","ITA_PAN",-1.96101156032785,11.1558120773555,24,NA,NA,NA
"real","ITA_PER",-0.959752013386078,4.72170296629223,24,NA,NA,NA
"real","ITA_PHL",-0.81496846932995,2.94290489794125,32,NA,NA,NA
"real","ITA_PNG",-0.20484033477985,0.741118185661926,18,NA,NA,NA
"real","ITA_PRK",-1.1840627116231,5.21149339759086,32,NA,NA,NA
"real","ITA_PRY",0.011436861641516,0.253582854448392,32,NA,NA,NA
"real","ITA_QAT",-1.32116126535152,8.12820440727337,32,NA,NA,NA
"real","ITA_REU",-2.62073339233375,7.69815440211305,9,NA,NA,NA
"real","ITA_RWA",-0.464034312532305,2.72207406152321,30,NA,NA,NA
"real","ITA_SAU",-0.233444710403565,0.737637447337698,32,NA,NA,NA
"real","ITA_SDN",-0.866248539821355,4.19117505186353,32,NA,NA,NA
"real","ITA_SEN",-0.146545507942531,0.274894735552191,32,NA,NA,NA
"real","ITA_SGP",-0.0512265795409794,0.469881740970489,30,NA,NA,NA
"real","ITA_SLB",-0.267119773857773,1.19836068512684,30,NA,NA,NA
"real","ITA_SLE",-0.0665543801786983,0.814641431531447,32,NA,NA,NA
"real","ITA_SLV",-0.868519815399183,3.8479856589149,24,NA,NA,NA
"real","ITA_SOM",-0.0410365515880777,0.807370099926377,32,NA,NA,NA
"real","ITA_STP",-0.294827189341865,0.794985421230106,30,NA,NA,NA
"real","ITA_SYC",-0.714683781230353,3.0076755632529,20,NA,NA,NA
"real","ITA_TCD",-1.15859753639341,2.84828624767072,32,NA,NA,NA
"real","ITA_TGO",-0.965463029000458,5.47435083667266,32,NA,NA,NA
"real","ITA_THA",0.0576665839414198,0.132357246225475,32,NA,NA,NA
"real","ITA_TWN",-0.683436754298016,2.68391249351382,32,NA,NA,NA
"real","ITA_TZA",-0.641333253148868,4.18036281989738,32,NA,NA,NA
"real","ITA_UGA",-0.507277084377721,2.19411193658697,32,NA,NA,NA
"real","ITA_URY",-0.476134786466256,1.58744327298507,32,NA,NA,NA
"real","ITA_USA",-0.385736935013941,1.44274725335321,32,NA,NA,NA
"real","ITA_VEN",-0.858568738113503,3.26096337608008,32,NA,NA,NA
"real","ITA_ZAF",0.170549339551053,1.24581340033494,11,NA,NA,NA
"real","ITA_ZMB",-0.840090235401961,3.75453919306536,32,NA,NA,NA
"real","ITA_ZWE",-1.03206335644122,4.54874641231439,22,NA,NA,NA
"real","JAM_AUS",-0.0825429559562597,0.404137298851573,32,NA,NA,NA
"real","JAM_AUT",-0.263549445629553,0.573240197329721,19,NA,NA,NA
"real","JAM_CAN",-0.0598311102146107,0.20934995125714,32,NA,NA,NA
"real","JAM_CHE",-0.0252059504465983,0.253223395315048,32,NA,NA,NA
"real","JAM_DEU",0.0473416994543115,0.289462771229134,19,NA,NA,NA
"real","JAM_DNK",-0.431640602870076,1.81081717595546,19,NA,NA,NA
"real","JAM_DOM",-0.129508626720894,0.693784988321398,28,NA,NA,NA
"real","JAM_ESP",-0.539973833401246,1.46658416865221,19,NA,NA,NA
"real","JAM_FIN",-0.937474799957358,1.51923105065791,19,NA,NA,NA
"real","JAM_FRA",-0.677882392068574,1.83488605113652,19,NA,NA,NA
"real","JAM_GBR",0.111111428700625,0.161089527948448,19,NA,NA,NA
"real","JAM_GRC",-0.917150710052291,3.86519186209083,18,NA,NA,NA
"real","JAM_IRL",-1.52407861448413,2.16314463689464,18,NA,NA,NA
"real","JAM_ISL",-2.67935338227206,9.8576183046617,32,NA,NA,NA
"real","JAM_ITA",-0.637314078874703,1.47699340577531,19,NA,NA,NA
"real","JAM_JPN",0.0142658010671684,0.111158676106007,32,NA,NA,NA
"real","JAM_KOR",-0.718261640430783,1.90069605836165,32,NA,NA,NA
"real","JAM_MLT",-0.147346836647766,1.13912836442217,9,NA,NA,NA
"real","JAM_NLD",-0.364962600173212,0.928486254530202,19,NA,NA,NA
"real","JAM_NOR",-1.46231925525897,7.53934484683892,32,NA,NA,NA
"real","JAM_NZL",-0.0626552845657941,0.309410826126945,32,NA,NA,NA
"real","JAM_PRT",-2.49971331642115,7.61535872495441,19,NA,NA,NA
"real","JAM_SWE",-0.491100122257186,1.39102670082774,19,NA,NA,NA
"real","JAM_THA",-1.1660520404062,3.31563507865773,32,NA,NA,NA
"real","JAM_USA",-0.239557443169975,0.546057954511988,32,NA,NA,NA
"real","JOR_ARE",-0.0766348235090674,0.558986117388847,9,NA,NA,NA
"real","JOR_AUS",-0.320418621179231,0.878451488629073,32,NA,NA,NA
"real","JOR_AUT",-0.27818803067335,0.352013613130391,13,NA,NA,NA
"real","JOR_BHR",-0.307731340543227,0.389218331174422,9,NA,NA,NA
"real","JOR_CHE",-0.230134685221294,0.483740464297547,13,NA,NA,NA
"real","JOR_CYP",-0.223078227275627,0.401183875492579,15,NA,NA,NA
"real","JOR_DEU",-0.0533674614296602,0.262385981231963,13,NA,NA,NA
"real","JOR_DNK",-0.479299020244647,0.960322034272021,13,NA,NA,NA
"real","JOR_ESP",-0.702592648108206,2.2344812817065,13,NA,NA,NA
"real","JOR_FIN",-2.5257372388033,6.62388971267608,13,NA,NA,NA
"real","JOR_FRA",-0.607927991457955,0.79788579162719,13,NA,NA,NA
"real","JOR_GBR",-0.67664544453141,1.50378419450596,13,NA,NA,NA
"real","JOR_GRC",-0.524357941693615,3.34129652055467,13,NA,NA,NA
"real","JOR_HUN",-0.494048750480645,1.02176110751084,14,NA,NA,NA
"real","JOR_IDN",-0.396966169193786,0.615429001852302,32,NA,NA,NA
"real","JOR_IND",0.117805947359635,0.0637661904336938,32,NA,NA,NA
"real","JOR_IRN",-0.675607357246392,2.91767458739339,29,NA,NA,NA
"real","JOR_ITA",-1.24339469622533,3.71944582508744,12,NA,NA,NA
"real","JOR_JPN",-0.179637041192405,0.281009959111296,32,NA,NA,NA
"real","JOR_KEN",-0.605275694644815,3.09606446913423,28,NA,NA,NA
"real","JOR_KOR",-0.0437742479952922,0.236266218740176,32,NA,NA,NA
"real","JOR_LBN",-0.326437496010928,0.48345289389707,9,NA,NA,NA
"real","JOR_LKA",-0.554814451099776,1.61012699017248,32,NA,NA,NA
"real","JOR_MYS",-0.263860671519868,0.802329242117275,32,NA,NA,NA
"real","JOR_NLD",-1.19476793582188,4.37893041147484,13,NA,NA,NA
"real","JOR_OMN",-0.502696949322674,2.41413560205222,9,NA,NA,NA
"real","JOR_QAT",-0.0834502460814012,0.296836408211423,9,NA,NA,NA
"real","JOR_SAU",-0.169410702869257,0.498435919984057,9,NA,NA,NA
"real","JOR_SDN",-1.70692507631886,5.50154787927032,8,NA,NA,NA
"real","JOR_SGP",-0.52067132631472,1.53414099807723,16,NA,NA,NA
"real","JOR_SWE",-0.256393810289036,0.451320393404602,13,NA,NA,NA
"real","JOR_THA",-0.150417208475458,0.779196472094514,32,NA,NA,NA
"real","JOR_TUR",0.0475625888504942,0.402619111734334,22,NA,NA,NA
"real","JOR_TWN",-0.365198039612392,1.28659399280431,26,NA,NA,NA
"real","JOR_USA",-1.32370524778937,5.35868950728813,12,NA,NA,NA
"real","JPN_AFG",0.0897771526580286,0.496354736045021,32,NA,NA,NA
"real","JPN_AGO",-0.486005324895208,0.435420925194407,32,NA,NA,NA
"real","JPN_AIA",-0.0952612602355998,1.32981945433029,32,NA,NA,NA
"real","JPN_ALB",-0.65506025554962,1.3166690721114,32,NA,NA,NA
"real","JPN_AND",-0.35259821457999,0.739592405034811,32,NA,NA,NA
"real","JPN_ANT",0.0393250039624169,0.34747300787218,23,NA,NA,NA
"real","JPN_ARE",-0.105259751104946,0.0754439772785021,32,NA,NA,NA
"real","JPN_ARG",0.0243403571009629,0.0416627957079314,32,NA,NA,NA
"real","JPN_ATG",0.0868162388739304,0.734211255456899,32,NA,NA,NA
"real","JPN_AUS",-0.0229407771716876,0.0235612415717083,26,NA,NA,NA
"real","JPN_AUT",0.0525300314566184,0.0655207622878636,30,NA,NA,NA
"real","JPN_BDI",-0.118741771558609,0.255817608792474,32,NA,NA,NA
"real","JPN_BEN",-0.00425221497755773,0.352063702705017,32,NA,NA,NA
"real","JPN_BFA",-0.0798587533576963,0.269485715376543,32,NA,NA,NA
"real","JPN_BGD",-0.0931794770317157,0.0655464875200377,32,NA,NA,NA
"real","JPN_BGR",-0.219196698088636,0.396646229214693,30,NA,NA,NA
"real","JPN_BHR",-0.123323896409897,0.128466516947373,32,NA,NA,NA
"real","JPN_BHS",-0.260959202839507,0.959033618086296,32,NA,NA,NA
"real","JPN_BLZ",-0.0353415926810873,0.53311143231224,32,NA,NA,NA
"real","JPN_BMU",-0.682424833915407,4.30429086592206,32,NA,NA,NA
"real","JPN_BOL",-0.111694459416776,0.122100063534589,32,NA,NA,NA
"real","JPN_BRA",-0.0363653466401311,0.0370028208517381,32,NA,NA,NA
"real","JPN_BRB",-0.057788368388409,0.258727076440686,32,NA,NA,NA
"real","JPN_BRN",0.0387546709932977,0.223169906889988,19,NA,NA,NA
"real","JPN_BTN",0.0912270470941171,0.272168819228686,32,NA,NA,NA
"real","JPN_CAF",-0.242484169296388,0.811755905375297,32,NA,NA,NA
"real","JPN_CAN",0.000193267578630518,0.0103458894820812,30,NA,NA,NA
"real","JPN_CCK",-0.128214106969237,0.357430472689706,12,NA,NA,NA
"real","JPN_CHE",0.00384881912181521,0.0136212965712206,20,NA,NA,NA
"real","JPN_CHL",0.0375915389881024,0.0904429060072613,18,NA,NA,NA
"real","JPN_CHN",0.0350991633551744,0.0100450414553789,32,NA,NA,NA
"real","JPN_CIV",-0.0310756899668328,0.104638844333511,32,NA,NA,NA
"real","JPN_CMR",-0.0216018635553203,0.172003898777546,32,NA,NA,NA
"real","JPN_COD",-0.330005991928331,0.353326437580775,32,NA,NA,NA
"real","JPN_COG",-1.05240920067361,1.64295063634723,32,NA,NA,NA
"real","JPN_COK",0.0249646562749728,0.5728677099406,32,NA,NA,NA
"real","JPN_COL",0.0945872596271919,0.0814986842114159,32,NA,NA,NA
"real","JPN_COM",-0.352670357902156,1.29574287709831,32,NA,NA,NA
"real","JPN_CPV",-0.283651267212886,0.53500112096799,32,NA,NA,NA
"real","JPN_CRI",-0.0487843398844294,0.0949651153083585,32,NA,NA,NA
"real","JPN_CUB",-0.256990470917331,0.336106076326886,32,NA,NA,NA
"real","JPN_CYM",-1.60490589958396,2.65191732774286,32,NA,NA,NA
"real","JPN_CYP",-0.0698629891882116,0.436345277951124,30,NA,NA,NA
"real","JPN_DEU",-0.00593788378888581,0.0207237392598399,30,NA,NA,NA
"real","JPN_DJI",0.0511178237281239,0.291176069216544,32,NA,NA,NA
"real","JPN_DMA",-0.0177618425546415,0.139679938150578,32,NA,NA,NA
"real","JPN_DNK",0.021122980932594,0.0851246593904276,30,NA,NA,NA
"real","JPN_DOM",0.0240654775390606,0.140071364108252,32,NA,NA,NA
"real","JPN_DZA",-0.159234329039788,0.241501139826002,32,NA,NA,NA
"real","JPN_ECU",-0.0225322458771398,0.0622924868766428,32,NA,NA,NA
"real","JPN_EGY",-0.104398291197904,0.0890633377713277,32,NA,NA,NA
"real","JPN_ESP",0.00084990520840457,0.0344672387908089,30,NA,NA,NA
"real","JPN_FIN",0.0197853336074698,0.115905090548651,30,NA,NA,NA
"real","JPN_FJI",0.0663867398880074,0.259417811586745,32,NA,NA,NA
"real","JPN_FLK",-0.434583337946998,1.54988594384503,32,NA,NA,NA
"real","JPN_FRA",0.0394996057192592,0.0207459151050936,30,NA,NA,NA
"real","JPN_GAB",0.0365696238583332,0.211711384750494,32,NA,NA,NA
"real","JPN_GBR",0.0162819191814911,0.0340136646243572,30,NA,NA,NA
"real","JPN_GHA",0.0449194535497923,0.1011516052893,32,NA,NA,NA
"real","JPN_GIB",0.238617987384343,0.313921214474512,32,NA,NA,NA
"real","JPN_GIN",-0.150267766424451,0.583383623601931,32,NA,NA,NA
"real","JPN_GLP",0.261684065270322,0.60236221258444,8,NA,NA,NA
"real","JPN_GMB",-0.250614762461753,0.619065741182822,32,NA,NA,NA
"real","JPN_GNB",-0.649242484082033,1.66857033633107,32,NA,NA,NA
"real","JPN_GNQ",-0.371845477358416,0.778866319835447,32,NA,NA,NA
"real","JPN_GRC",-0.0952388709468594,0.489862490091131,30,NA,NA,NA
"real","JPN_GRD",-0.000103768824175385,0.123587926986743,32,NA,NA,NA
"real","JPN_GRL",-0.453996058041433,1.46007518160808,32,NA,NA,NA
"real","JPN_GTM",0.0380715767752868,0.0381551287938202,32,NA,NA,NA
"real","JPN_GUF",-0.319949112307856,1.29461598366715,9,NA,NA,NA
"real","JPN_GUY",-0.038041665427912,0.10497742997988,32,NA,NA,NA
"real","JPN_HND",0.0828396843942822,0.13539026307222,32,NA,NA,NA
"real","JPN_HTI",-0.149827002913235,0.378963011725469,32,NA,NA,NA
"real","JPN_HUN",-0.157913898864182,0.133463783676485,30,NA,NA,NA
"real","JPN_IDN",-0.0233034833416848,0.0350815258195046,19,NA,NA,NA
"real","JPN_IND",-0.0393131977662629,0.0259125216834544,22,NA,NA,NA
"real","JPN_IRL",0.251028963252342,0.404264713275354,30,NA,NA,NA
"real","JPN_IRN",-0.215459931325122,0.467737903614098,32,NA,NA,NA
"real","JPN_IRQ",-0.958648046203642,2.2351774079554,32,NA,NA,NA
"real","JPN_ISL",-0.00300087591907966,0.237875778933029,32,NA,NA,NA
"real","JPN_ISR",0.0141270044170093,0.072411453786416,32,NA,NA,NA
"real","JPN_ITA",0.0287513322504792,0.0327140848631009,30,NA,NA,NA
"real","JPN_JAM",-0.0480061190397313,0.109655068326269,32,NA,NA,NA
"real","JPN_JOR",-0.0775833557092182,0.0656104002060319,32,NA,NA,NA
"real","JPN_KEN",-0.111975618341397,0.114022909151424,32,NA,NA,NA
"real","JPN_KHM",0.0284866980720867,0.238109772366956,19,NA,NA,NA
"real","JPN_KIR",-0.211244515694336,0.366418016817499,32,NA,NA,NA
"real","JPN_KNA",0.0875213710467949,0.214057550993814,32,NA,NA,NA
"real","JPN_KOR",-0.0532914946090616,0.0255755380902495,32,NA,NA,NA
"real","JPN_KWT",-0.127260756164206,0.115089495807923,32,NA,NA,NA
"real","JPN_LAO",0.0104753139441313,0.208563331886776,19,NA,NA,NA
"real","JPN_LBN",-0.0648132702474539,0.0429060567972132,32,NA,NA,NA
"real","JPN_LBR",-0.0419251686241014,0.0889024924081401,32,NA,NA,NA
"real","JPN_LBY",-0.369297763588636,0.85134343857007,32,NA,NA,NA
"real","JPN_LCA",0.392928111982038,0.791550959645618,32,NA,NA,NA
"real","JPN_LKA",-0.0661891660601281,0.097471813969609,32,NA,NA,NA
"real","JPN_MAC",-0.0261655492852015,0.301154597500524,32,NA,NA,NA
"real","JPN_MAR",-0.0894118461177566,0.0721109388822949,32,NA,NA,NA
"real","JPN_MDG",-0.0183478626670396,0.153529082314464,32,NA,NA,NA
"real","JPN_MDV",0.0445905236015275,0.138698999635764,32,NA,NA,NA
"real","JPN_MEX",0.0252132458875228,0.202483459465652,16,NA,NA,NA
"real","JPN_MLI",-0.273104003086996,0.500165205974535,32,NA,NA,NA
"real","JPN_MLT",-0.164105151819785,0.363889651354088,30,NA,NA,NA
"real","JPN_MMR",-0.0354465205275742,0.230032599168245,19,NA,NA,NA
"real","JPN_MNG",-0.221165474329474,0.189901369405676,27,NA,NA,NA
"real","JPN_MOZ",-0.175594311738019,0.230162934003831,32,NA,NA,NA
"real","JPN_MRT",-0.217796067165233,0.307419407208814,32,NA,NA,NA
"real","JPN_MSR",-0.0113059842584903,0.300858798538536,32,NA,NA,NA
"real","JPN_MUS",-0.000329437719988349,0.0769927605085482,32,NA,NA,NA
"real","JPN_MWI",-0.0852115485229084,0.15016659706696,32,NA,NA,NA
"real","JPN_MYS",-0.0254767692635459,0.025596856397268,17,NA,NA,NA
"real","JPN_NER",-0.109272880370502,0.162241983041122,32,NA,NA,NA
"real","JPN_NGA",0.0266138640077966,0.132513197064297,32,NA,NA,NA
"real","JPN_NIC",-0.00509409733351442,0.0766222944185822,32,NA,NA,NA
"real","JPN_NLD",-0.0129806284291358,0.022220238739047,30,NA,NA,NA
"real","JPN_NOR",0.06128067581804,0.0532378382000499,32,NA,NA,NA
"real","JPN_NPL",-0.0238709462170897,0.148622591602223,32,NA,NA,NA
"real","JPN_NRU",0.10224566480813,2.00827110461516,32,NA,NA,NA
"real","JPN_NZL",-0.00265032725786979,0.0187547027645667,30,NA,NA,NA
"real","JPN_OMN",-0.139452420812174,0.280854243154618,32,NA,NA,NA
"real","JPN_PAK",0.0150480571003546,0.0639786072590007,32,NA,NA,NA
"real","JPN_PAN",-0.579071718139482,1.59494854919394,32,NA,NA,NA
"real","JPN_PCN",-0.374779749312502,2.57213898619692,19,NA,NA,NA
"real","JPN_PER",-0.0592661597246029,0.0315047311460328,23,NA,NA,NA
"real","JPN_PHL",0.00787660396660914,0.00619385963685669,19,NA,NA,NA
"real","JPN_PNG",0.0328590955542507,0.119055256639837,32,NA,NA,NA
"real","JPN_POL",-0.194940821981029,0.108421148272409,30,NA,NA,NA
"real","JPN_PRK",-0.486585559405789,3.55882272901151,22,NA,NA,NA
"real","JPN_PRT",-0.0468154033421044,0.157345825541334,30,NA,NA,NA
"real","JPN_PRY",-0.0324572932733224,0.0640519028628199,32,NA,NA,NA
"real","JPN_PYF",0.0560049958210954,0.106559157869445,32,NA,NA,NA
"real","JPN_QAT",-0.0751168606669121,0.148365961320454,32,NA,NA,NA
"real","JPN_REU",-1.05648350391491,8.84120408628453,10,NA,NA,NA
"real","JPN_ROU",-0.202846728250853,0.498066044273548,30,NA,NA,NA
"real","JPN_RWA",-0.0620066450678632,0.201345810686637,32,NA,NA,NA
"real","JPN_SAU",-0.0293722971809306,0.0373055179014557,32,NA,NA,NA
"real","JPN_SDN",-0.326586892332337,0.358058689980865,32,NA,NA,NA
"real","JPN_SEN",-0.0790867822189057,0.0741916633700441,32,NA,NA,NA
"real","JPN_SGP",-0.0160067981083416,0.0387054395338798,13,NA,NA,NA
"real","JPN_SLB",-0.106887380394621,0.467399866521271,32,NA,NA,NA
"real","JPN_SLE",-0.248399871106839,0.563584754677863,32,NA,NA,NA
"real","JPN_SLV",0.0224673598666462,0.0498242871079506,32,NA,NA,NA
"real","JPN_SOM",-0.517889772216175,1.74041598442924,32,NA,NA,NA
"real","JPN_SPM",-1.70885954433123,5.54876463922695,19,NA,NA,NA
"real","JPN_STP",-0.588369117380303,1.88430046409929,32,NA,NA,NA
"real","JPN_SUR",-0.0985602192492814,0.26876720208474,32,NA,NA,NA
"real","JPN_SWE",0.0366960451099035,0.0386720449914504,30,NA,NA,NA
"real","JPN_SYC",0.0138467792877232,0.437922246465836,32,NA,NA,NA
"real","JPN_SYR",-0.32692294037747,0.779450817134892,32,NA,NA,NA
"real","JPN_TCA",-0.449162884630469,1.22425482139541,32,NA,NA,NA
"real","JPN_TCD",-0.105103138839439,1.32459282513182,32,NA,NA,NA
"real","JPN_TGO",-0.12809496542661,0.310148188382742,32,NA,NA,NA
"real","JPN_THA",-0.0496577444454313,0.0340970719947956,18,NA,NA,NA
"real","JPN_TON",-0.163873647242743,0.225109615153898,32,NA,NA,NA
"real","JPN_TTO",-0.0367759544519825,0.07247606551121,32,NA,NA,NA
"real","JPN_TUN",-0.0556886619558808,0.118155229250696,32,NA,NA,NA
"real","JPN_TUR",-0.0305600145789214,0.0589937361604057,32,NA,NA,NA
"real","JPN_TUV",-0.383367361577103,2.32998166939726,32,NA,NA,NA
"real","JPN_TWN",-0.010803656213151,0.012640175972242,32,NA,NA,NA
"real","JPN_TZA",-0.0466501709106918,0.0675109312794054,32,NA,NA,NA
"real","JPN_UGA",-0.120953325059202,0.0630585305421155,32,NA,NA,NA
"real","JPN_URY",0.0433854132715266,0.157029855187989,32,NA,NA,NA
"real","JPN_USA",0.0183287284306801,0.00996606677454935,32,NA,NA,NA
"real","JPN_VCT",-0.0961302424206486,0.260297224122457,32,NA,NA,NA
"real","JPN_VEN",-0.104442814641074,0.522698745590333,32,NA,NA,NA
"real","JPN_VGB",0.182436238408716,1.26431310117579,32,NA,NA,NA
"real","JPN_VNM",-0.0125089187828332,0.0267121350274127,19,NA,NA,NA
"real","JPN_VUT",-0.108008176354077,0.511479523476813,32,NA,NA,NA
"real","JPN_WSM",-0.0896798014412145,0.425881667950708,32,NA,NA,NA
"real","JPN_YEM",-0.255000661884922,0.291039098712171,31,NA,NA,NA
"real","JPN_ZAF",-1.69844711299794,5.06950029539464,32,NA,NA,NA
"real","JPN_ZMB",-0.154992665883378,0.12295107875576,32,NA,NA,NA
"real","JPN_ZWE",-0.160562250201351,0.438349532708792,32,NA,NA,NA
"real","KEN_ARE",-0.536536662731652,0.570326514842221,28,NA,NA,NA
"real","KEN_AUS",-0.0297967667905333,0.103599022872574,32,NA,NA,NA
"real","KEN_AUT",0.0678795790244869,0.769240419107398,32,NA,NA,NA
"real","KEN_BGD",-0.700828630615751,1.58627982406517,30,NA,NA,NA
"real","KEN_BHR",-0.256213790716174,0.692220988762835,29,NA,NA,NA
"real","KEN_BRA",-0.278939942935088,0.877356102357937,32,NA,NA,NA
"real","KEN_CAN",-0.030839534742313,0.123856977829427,32,NA,NA,NA
"real","KEN_CHE",0.183324353487317,0.142891289598874,32,NA,NA,NA
"real","KEN_CHN",-0.737887170939792,1.321847477705,32,NA,NA,NA
"real","KEN_DEU",-0.0361244217103546,0.23866729298816,32,NA,NA,NA
"real","KEN_DNK",0.0935261960230803,0.412407642216203,32,NA,NA,NA
"real","KEN_EGY",-0.0960789619408237,0.16057108732992,10,NA,NA,NA
"real","KEN_ESP",-0.0221646321768235,0.104494993257995,32,NA,NA,NA
"real","KEN_FIN",-0.00196854392668358,0.208972672783988,32,NA,NA,NA
"real","KEN_FJI",-0.400250744308501,1.20392977776009,19,NA,NA,NA
"real","KEN_FRA",0.0737714854106378,0.06461155219303,32,NA,NA,NA
"real","KEN_GBR",0.11621274653517,0.145998076629461,32,NA,NA,NA
"real","KEN_GRC",0.0110658050696683,0.342499549467264,32,NA,NA,NA
"real","KEN_IND",0.0733672397505139,0.151581671457953,32,NA,NA,NA
"real","KEN_IRL",0.377114636105369,0.876172598888157,32,NA,NA,NA
"real","KEN_ISL",-0.496691011792021,0.799493019090959,32,NA,NA,NA
"real","KEN_ISR",-0.219905603090632,1.20348101175447,31,NA,NA,NA
"real","KEN_ITA",-0.03225252610285,0.125972617152348,32,NA,NA,NA
"real","KEN_JOR",-0.347220480122465,0.396492478641068,31,NA,NA,NA
"real","KEN_JPN",-0.097419693609123,0.12044543045099,32,NA,NA,NA
"real","KEN_KOR",-0.849293168013272,0.837534543663546,32,NA,NA,NA
"real","KEN_LKA",-0.291462485093799,0.985894561586833,32,NA,NA,NA
"real","KEN_MAR",-1.33656823267615,3.02378860131802,32,NA,NA,NA
"real","KEN_MLT",-0.440321753171332,1.15087110048995,31,NA,NA,NA
"real","KEN_MYS",-0.168250385685986,0.624077456285208,32,NA,NA,NA
"real","KEN_NGA",-0.693344315355004,3.28400453944235,26,NA,NA,NA
"real","KEN_NLD",-0.169518413467517,0.115835998582809,32,NA,NA,NA
"real","KEN_NOR",-0.413479406992311,0.505896691858527,32,NA,NA,NA
"real","KEN_NZL",0.0565423050974038,0.123181474142238,32,NA,NA,NA
"real","KEN_OMN",-0.842863704231877,0.982310860107645,32,NA,NA,NA
"real","KEN_PAK",0.0197767142227268,0.159403547870255,32,NA,NA,NA
"real","KEN_POL",-0.234227362875789,0.693881012877937,31,NA,NA,NA
"real","KEN_PRT",-0.0460760657309635,0.182651574443501,32,NA,NA,NA
"real","KEN_REU",-0.358314447702847,1.57141114182832,11,NA,NA,NA
"real","KEN_SAU",-0.406835512004246,0.428509555717132,32,NA,NA,NA
"real","KEN_SGP",0.0018024587500186,0.456208634829149,32,NA,NA,NA
"real","KEN_SOM",-0.516513791984631,1.87885731304569,23,NA,NA,NA
"real","KEN_SWE",0.0530141490117524,0.235787048556914,32,NA,NA,NA
"real","KEN_THA",-0.0290030196771532,0.176945221958187,32,NA,NA,NA
"real","KEN_TTO",-1.29946411438328,5.6708763806103,32,NA,NA,NA
"real","KEN_TUN",-0.535607251557731,2.09325317804832,29,NA,NA,NA
"real","KEN_TUR",-0.470128782827063,0.732162490749721,32,NA,NA,NA
"real","KEN_TWN",-1.68841963687951,3.05095299043349,31,NA,NA,NA
"real","KEN_USA",-0.147702443959398,0.106240249733824,32,NA,NA,NA
"real","KHM_AUS",-0.45702692603409,1.37806546413656,20,NA,NA,NA
"real","KHM_BGR",-1.47947935170744,4.59068398665599,21,NA,NA,NA
"real","KHM_CAN",-0.956867905385057,1.3498516381065,30,NA,NA,NA
"real","KHM_CHE",-0.696367529038932,1.02839174451077,31,NA,NA,NA
"real","KHM_CHN",0.0533530213732431,1.6402888423228,16,NA,NA,NA
"real","KHM_DEU",-0.503277687668335,3.41742249936497,32,NA,NA,NA
"real","KHM_ESP",-0.992714906986605,1.75954896285228,32,NA,NA,NA
"real","KHM_JPN",0.236488665672621,0.186880725873624,19,NA,NA,NA
"real","KHM_MYS",0.445564114508993,2.989532945305,10,NA,NA,NA
"real","KHM_NLD",-0.331343799785545,0.776891806526479,29,NA,NA,NA
"real","KHM_THA",-0.759208230035503,2.56713602432398,10,NA,NA,NA
"real","KHM_VEN",0.0932230446248848,4.30764419048754,24,NA,NA,NA
"real","KIR_AUT",-1.73434499948876,8.43696834147368,18,NA,NA,NA
"real","KIR_NLD",-2.24232522583951,11.6162759457668,16,NA,NA,NA
"real","KIR_SWE",-1.69912479690117,9.74204591961618,26,NA,NA,NA
"real","KIR_USA",0.302204029878392,0.956776205476193,32,NA,NA,NA
"real","KNA_AUT",-0.441581788433557,4.94964564874846,15,NA,NA,NA
"real","KNA_CAN",-0.166957143230324,0.702528460100807,30,NA,NA,NA
"real","KNA_CHE",-0.399765257730607,3.96785383642038,29,NA,NA,NA
"real","KNA_DEU",-0.765990974646869,2.93211677379285,18,NA,NA,NA
"real","KNA_USA",-0.0415925628514618,0.218873850571577,32,NA,NA,NA
"real","KOR_AFG",0.36116176448267,0.735608088630204,32,NA,NA,NA
"real","KOR_AGO",-0.776116926757687,1.40997046034529,32,NA,NA,NA
"real","KOR_AND",-0.818137182568006,1.72365101655764,32,NA,NA,NA
"real","KOR_ANT",-0.403545335396885,1.65337216440179,19,NA,NA,NA
"real","KOR_ARE",0.180592924317509,0.123905872231965,32,NA,NA,NA
"real","KOR_ATG",-0.890453344211161,1.94777071941458,32,NA,NA,NA
"real","KOR_AUS",-0.0160945120693503,0.0637000741463557,25,NA,NA,NA
"real","KOR_AUT",0.0346889860088335,0.107617928982744,22,NA,NA,NA
"real","KOR_BDI",0.0606054433904852,0.542324234150787,32,NA,NA,NA
"real","KOR_BFA",-0.876903224149874,0.715908346196336,32,NA,NA,NA
"real","KOR_BHR",-0.121508362072246,0.112597570154232,32,NA,NA,NA
"real","KOR_BHS",-0.74565419014391,2.31352872595304,31,NA,NA,NA
"real","KOR_BLZ",-0.0364316634252875,0.312085585321797,32,NA,NA,NA
"real","KOR_BMU",-0.750151338911765,2.056461718712,32,NA,NA,NA
"real","KOR_BRB",0.110547857690258,0.369467430148694,32,NA,NA,NA
"real","KOR_BRN",-0.252276968350106,0.674541968594527,21,NA,NA,NA
"real","KOR_BTN",-1.14300965171659,1.63748078455034,31,NA,NA,NA
"real","KOR_BWA",-0.351178261820291,2.18273084593848,23,NA,NA,NA
"real","KOR_CAF",-2.1277261093762,2.33758159475129,32,NA,NA,NA
"real","KOR_CAN",0.0775765660109845,0.0348671734491526,26,NA,NA,NA
"real","KOR_CHE",0.0441382028265784,0.0482182070029557,17,NA,NA,NA
"real","KOR_CHN",-0.865456375128304,6.06877086100586,13,NA,NA,NA
"real","KOR_CIV",-0.292631285166858,0.190179179484572,32,NA,NA,NA
"real","KOR_COD",-0.181330475577959,0.506963678143956,32,NA,NA,NA
"real","KOR_COG",-1.52925329288759,1.04215762478767,32,NA,NA,NA
"real","KOR_COK",-0.191983974267398,1.92074822884769,32,NA,NA,NA
"real","KOR_COL",-0.203237834149514,0.260309359021041,8,NA,NA,NA
"real","KOR_COM",-0.338079553156304,1.44837647947695,32,NA,NA,NA
"real","KOR_CRI",0.112497020668606,0.275156276744838,32,NA,NA,NA
"real","KOR_CYM",-1.60747701197692,4.43044048402243,30,NA,NA,NA
"real","KOR_CYP",-0.282818998063356,0.552149582599509,22,NA,NA,NA
"real","KOR_DEU",-0.0650856457640448,0.0392542304560316,22,NA,NA,NA
"real","KOR_DJI",0.281465392809559,0.524234117134273,32,NA,NA,NA
"real","KOR_DMA",-0.11757614157971,0.764879067580529,32,NA,NA,NA
"real","KOR_DNK",0.0860972219112567,0.0953951202872602,22,NA,NA,NA
"real","KOR_DOM",0.156219420728963,0.455676772450571,32,NA,NA,NA
"real","KOR_ESP",-0.0818218973502619,0.0889404735855614,22,NA,NA,NA
"real","KOR_FIN",-0.240529315272666,0.12858790593642,22,NA,NA,NA
"real","KOR_FJI",0.0572080590911832,0.433219010656801,32,NA,NA,NA
"real","KOR_FLK",-0.467881609412064,3.91208233977986,31,NA,NA,NA
"real","KOR_FRA",0.0321450173622232,0.067401105363595,22,NA,NA,NA
"real","KOR_FRO",-1.01051263307727,3.18833981187562,30,NA,NA,NA
"real","KOR_GAB",-0.0596587696653856,0.479921597071651,32,NA,NA,NA
"real","KOR_GBR",0.143744337317442,0.123703908315868,22,NA,NA,NA
"real","KOR_GIB",-2.54163772339302,4.30900699774978,32,NA,NA,NA
"real","KOR_GLP",-0.494899013501177,1.61623169573737,8,NA,NA,NA
"real","KOR_GMB",-0.343920432638488,0.682294468240191,32,NA,NA,NA
"real","KOR_GNQ",-1.79917861530709,3.69149560213603,29,NA,NA,NA
"real","KOR_GRC",-0.244999027446365,0.29076775987405,22,NA,NA,NA
"real","KOR_GRD",0.134608321476648,0.220686370512605,32,NA,NA,NA
"real","KOR_GRL",-1.09145669039884,4.85837459960459,29,NA,NA,NA
"real","KOR_GTM",-0.141783756395658,0.321980560279778,32,NA,NA,NA
"real","KOR_GUF",-0.989339513630087,1.84499417780017,8,NA,NA,NA
"real","KOR_HND",0.0593973875086941,0.646491828330991,32,NA,NA,NA
"real","KOR_HTI",-0.137406470078547,0.240521795023758,32,NA,NA,NA
"real","KOR_IRL",0.136524663756281,0.232797847197986,22,NA,NA,NA
"real","KOR_ISL",-0.119112232763414,0.218486176756071,17,NA,NA,NA
"real","KOR_ITA",-0.0322306773768757,0.0460678411840508,22,NA,NA,NA
"real","KOR_JAM",0.134298902138015,0.367113843069191,32,NA,NA,NA
"real","KOR_JOR",-0.00921460491321131,0.0492575940784489,32,NA,NA,NA
"real","KOR_JPN",-0.0520652419091351,0.0331333556578936,32,NA,NA,NA
"real","KOR_KEN",-0.0522884937332726,0.113013545527978,32,NA,NA,NA
"real","KOR_KIR",-1.10707926287474,2.03592505556837,32,NA,NA,NA
"real","KOR_KNA",-1.24060850860185,1.81488665258037,31,NA,NA,NA
"real","KOR_KWT",-0.133887210381595,0.228325395460798,32,NA,NA,NA
"real","KOR_LBN",0.116818417879457,0.180127446514936,32,NA,NA,NA
"real","KOR_LBR",-0.0699122300219519,0.107796643461714,32,NA,NA,NA
"real","KOR_LCA",0.534737267266399,1.70868392630331,32,NA,NA,NA
"real","KOR_MAC",0.200488389517735,0.531146806769136,32,NA,NA,NA
"real","KOR_MAR",0.0165868194321344,0.167225733268806,8,NA,NA,NA
"real","KOR_MDG",-0.243823524941194,0.201030964154256,32,NA,NA,NA
"real","KOR_MDV",-0.505784084950547,0.778736796690022,32,NA,NA,NA
"real","KOR_MLI",-0.758626222182911,0.694051760230532,32,NA,NA,NA
"real","KOR_MLT",-0.258107249184237,0.52045310372429,22,NA,NA,NA
"real","KOR_MMR",0.00602071690809808,0.027992814390322,8,NA,NA,NA
"real","KOR_MRT",-1.83545269849932,1.07661832813811,32,NA,NA,NA
"real","KOR_MSR",-1.04578744404144,4.1069997827579,28,NA,NA,NA
"real","KOR_MUS",0.0153034995455089,0.122945286884142,32,NA,NA,NA
"real","KOR_MWI",-0.152320544822106,0.219166498031076,32,NA,NA,NA
"real","KOR_NER",0.268421092126405,0.708309368263774,32,NA,NA,NA
"real","KOR_NLD",0.0705217674635921,0.0584357953263148,22,NA,NA,NA
"real","KOR_NOR",-0.00566119856578459,0.13161563891473,17,NA,NA,NA
"real","KOR_NPL",0.00217553548939284,0.0623682521693237,32,NA,NA,NA
"real","KOR_NRU",-2.22787339315186,6.58313061501221,26,NA,NA,NA
"real","KOR_NZL",-0.117900531695838,0.0681068067910505,26,NA,NA,NA
"real","KOR_OMN",-0.232374541120324,0.271449371378438,32,NA,NA,NA
"real","KOR_PAN",-0.606286111807772,1.52763948863517,32,NA,NA,NA
"real","KOR_PNG",-0.098937075818325,0.258788839956791,32,NA,NA,NA
"real","KOR_PRT",-0.12545845887125,0.319126973640098,22,NA,NA,NA
"real","KOR_PYF",-0.817190595886664,1.09565832531256,32,NA,NA,NA
"real","KOR_QAT",-0.212124386228024,0.303301638755483,32,NA,NA,NA
"real","KOR_REU",-0.353973285747527,1.22197730098798,8,NA,NA,NA
"real","KOR_RWA",-0.520061758018085,0.5045814961328,32,NA,NA,NA
"real","KOR_SAU",-0.107913802015001,0.0637929100821,32,NA,NA,NA
"real","KOR_SEN",-0.0418743900914873,0.131943701736912,32,NA,NA,NA
"real","KOR_SLB",-0.424732675543295,0.773908442377542,32,NA,NA,NA
"real","KOR_SLE",0.00258213054020135,0.341697409445711,32,NA,NA,NA
"real","KOR_SLV",-0.0420530798446854,0.0687022049262658,32,NA,NA,NA
"real","KOR_SOM",-0.382869814168279,2.49408135843537,31,NA,NA,NA
"real","KOR_STP",-1.43945912323236,2.33191134809272,30,NA,NA,NA
"real","KOR_SUR",0.0966593743301882,0.574925658334261,32,NA,NA,NA
"real","KOR_SWE",0.0592659844862072,0.156272023286458,22,NA,NA,NA
"real","KOR_SWZ",-0.739364498183028,2.48184150561759,25,NA,NA,NA
"real","KOR_SYC",-0.975929815151649,1.5235159934302,32,NA,NA,NA
"real","KOR_SYR",-0.244977143626164,0.484276649803652,32,NA,NA,NA
"real","KOR_TCD",-0.31389433768514,0.750971416811278,32,NA,NA,NA
"real","KOR_TGO",0.126739030312142,0.356662589671513,32,NA,NA,NA
"real","KOR_TON",-0.0497399074225324,1.16647790533856,32,NA,NA,NA
"real","KOR_TUV",0.348835154973739,3.83929101625392,32,NA,NA,NA
"real","KOR_TWN",-0.270307619404,0.843179838707395,32,NA,NA,NA
"real","KOR_UGA",-0.12170365127319,0.234970779158585,32,NA,NA,NA
"real","KOR_USA",0.0805275482060385,0.0536668625936504,23,NA,NA,NA
"real","KOR_VCT",-0.904699394281358,2.56161542191939,32,NA,NA,NA
"real","KOR_VEN",-0.267902131144642,0.400133178901682,10,NA,NA,NA
"real","KOR_VUT",-1.79042715047072,1.34309774425528,32,NA,NA,NA
"real","KOR_WSM",-0.0458936325499555,0.781444851317396,32,NA,NA,NA
"real","KOR_YEM",-0.0719280885397566,0.211385385517374,31,NA,NA,NA
"real","KOR_ZMB",-0.223733832337133,0.22038797114417,32,NA,NA,NA
"real","KWT_AUS",-0.378068852344319,4.22274666686057,31,NA,NA,NA
"real","KWT_CHE",-0.131464129124169,0.832520165445224,25,NA,NA,NA
"real","KWT_DEU",0.0545791550008439,1.79190108616925,32,NA,NA,NA
"real","KWT_DNK",-1.75301364199817,8.56436679144513,31,NA,NA,NA
"real","KWT_ESP",-0.481094330853059,2.18832960404125,32,NA,NA,NA
"real","KWT_FIN",-1.97858988061429,4.18346483580445,32,NA,NA,NA
"real","KWT_GBR",-0.724528125358536,2.96437054208246,32,NA,NA,NA
"real","KWT_GRC",-0.47125725781971,3.30362172721728,31,NA,NA,NA
"real","KWT_IDN",-1.66768518743862,7.20751491426675,32,NA,NA,NA
"real","KWT_IND",-0.160196106118449,1.11157732409689,32,NA,NA,NA
"real","KWT_ITA",-0.890043578745839,1.86775454125704,32,NA,NA,NA
"real","KWT_JPN",-0.0390600788862952,0.0526597653717292,32,NA,NA,NA
"real","KWT_KOR",-0.155319830577849,0.0679285901724589,32,NA,NA,NA
"real","KWT_PRT",-1.46513668541497,5.71942388642651,32,NA,NA,NA
"real","KWT_SGP",-0.738369043628166,5.42424868098733,24,NA,NA,NA
"real","KWT_THA",-0.223186899244518,1.74452700374542,31,NA,NA,NA
"real","KWT_TUR",0.233332209620824,1.12753078998083,32,NA,NA,NA
"real","KWT_TWN",-0.425302342713832,2.31685316975723,24,NA,NA,NA
"real","LAO_AUS",-1.48633070674015,2.44210060811804,22,NA,NA,NA
"real","LAO_AUT",-0.0315200425259309,0.372628966884206,30,NA,NA,NA
"real","LAO_BGR",-2.12690649805859,4.76911425951477,22,NA,NA,NA
"real","LAO_CHE",-0.786668635393896,0.957277116592209,32,NA,NA,NA
"real","LAO_CHN",0.443956857628814,0.654515707774244,13,NA,NA,NA
"real","LAO_DEU",-0.257045606097513,0.724987884566358,32,NA,NA,NA
"real","LAO_FIN",-0.470134498726275,3.33377980812982,32,NA,NA,NA
"real","LAO_FRA",-0.317936507630226,1.80984221719606,32,NA,NA,NA
"real","LAO_GRC",-0.330772549105868,3.2094931285985,30,NA,NA,NA
"real","LAO_HUN",-1.12275586716728,9.89815422903455,26,NA,NA,NA
"real","LAO_JPN",0.034048824038472,0.396751662923269,19,NA,NA,NA
"real","LAO_NLD",-0.0183100790381206,0.68056809528055,30,NA,NA,NA
"real","LAO_NOR",-0.00649450918817235,1.33948714880304,28,NA,NA,NA
"real","LAO_PRT",-1.10231513075215,1.90338180793723,30,NA,NA,NA
"real","LAO_USA",-0.568177594069639,1.00697615790129,32,NA,NA,NA
"real","LBN_ARG",-0.62473001987619,1.39865220308993,29,NA,NA,NA
"real","LBN_AUS",0.18748338816104,0.138710273005811,32,NA,NA,NA
"real","LBN_CAN",-0.0255483580757114,0.381571455619392,32,NA,NA,NA
"real","LBN_CHE",0.00477704034378624,0.0522644614395684,18,NA,NA,NA
"real","LBN_EGY",-1.19978780005399,4.9645662063065,9,NA,NA,NA
"real","LBN_IND",-0.964842367989415,5.00443851535729,30,NA,NA,NA
"real","LBN_ISL",-0.698434997656894,1.29665215035613,17,NA,NA,NA
"real","LBN_JOR",-0.265529199085694,0.258525663143093,9,NA,NA,NA
"real","LBN_JPN",-1.03800352484233,1.77494431665368,32,NA,NA,NA
"real","LBN_KOR",-2.96212595049865,3.91266532637663,32,NA,NA,NA
"real","LBN_MYS",-0.82036163134828,1.13394083318107,32,NA,NA,NA
"real","LBN_NOR",-1.74665629478764,3.78621011223985,18,NA,NA,NA
"real","LBN_OMN",-0.464803062076238,1.9867260024448,9,NA,NA,NA
"real","LBN_SAU",0.0608474756195814,0.0699615360075659,8,NA,NA,NA
"real","LBN_SEN",-0.744597713659681,2.12185705904886,31,NA,NA,NA
"real","LBN_SGP",-0.175301947076066,0.583474297257022,32,NA,NA,NA
"real","LBN_THA",-0.602303372755922,2.86183419069033,31,NA,NA,NA
"real","LBN_TUN",-1.3910114410224,7.68527179474956,8,NA,NA,NA
"real","LBN_USA",0.000975916218616965,0.729039523352733,32,NA,NA,NA
"real","LBN_VEN",-0.864389242486907,2.53986986649109,31,NA,NA,NA
"real","LBR_ARG",-1.83479441345495,11.0053455776114,10,NA,NA,NA
"real","LBR_AUT",-1.60224359276145,4.31666989073662,30,NA,NA,NA
"real","LBR_BRA",-1.50794221281126,6.64087248852674,28,NA,NA,NA
"real","LBR_CAN",-1.27045208738907,4.80768926682114,31,NA,NA,NA
"real","LBR_CHE",-2.44245310281131,5.11018458469722,32,NA,NA,NA
"real","LBR_DEU",-1.22131192378607,4.163570026571,32,NA,NA,NA
"real","LBR_DNK",-3.43600071818751,13.3235314341556,30,NA,NA,NA
"real","LBR_ESP",-0.982665161245116,3.47401362132209,32,NA,NA,NA
"real","LBR_FRA",-0.7586801406931,2.40250779942261,32,NA,NA,NA
"real","LBR_GBR",-0.81364304012353,1.5859283526148,32,NA,NA,NA
"real","LBR_GRC",-0.775222621618801,3.15027346910801,31,NA,NA,NA
"real","LBR_IND",-0.828064464364391,1.85108225949626,26,NA,NA,NA
"real","LBR_IRL",-1.27566045321123,6.38550676626779,29,NA,NA,NA
"real","LBR_ITA",-0.493320342886278,1.33630050556791,32,NA,NA,NA
"real","LBR_JPN",-3.13158577252757,7.50516075971091,32,NA,NA,NA
"real","LBR_KOR",-1.45341037283836,5.19745098204873,30,NA,NA,NA
"real","LBR_MAR",-2.09113175035129,8.76842528146623,16,NA,NA,NA
"real","LBR_MYS",-1.40664264043068,4.58301852344199,32,NA,NA,NA
"real","LBR_NLD",-0.894580207613978,2.15918109271647,32,NA,NA,NA
"real","LBR_PRT",-2.28131288821969,7.55578586552622,32,NA,NA,NA
"real","LBR_SGP",-3.3471442435163,12.1815673402555,32,NA,NA,NA
"real","LBR_SWE",-2.12052917148145,6.41912037050672,27,NA,NA,NA
"real","LBR_THA",-2.50148019503153,5.93920431374566,32,NA,NA,NA
"real","LBR_TUN",-1.23291434257863,6.32979026821695,15,NA,NA,NA
"real","LBR_USA",-0.341811541022584,0.936042829937713,32,NA,NA,NA
"real","LBY_CHE",0.00882869743400624,0.938751136440942,32,NA,NA,NA
"real","LBY_DEU",0.105986376310435,0.12602904523497,32,NA,NA,NA
"real","LBY_ESP",-0.155881960156985,2.2121899856993,32,NA,NA,NA
"real","LBY_FIN",-3.82761145002505,17.7084879375972,26,NA,NA,NA
"real","LBY_GRC",-0.351091230951772,1.69730910570001,32,NA,NA,NA
"real","LBY_ITA",-1.57900409236291,11.706730337932,32,NA,NA,NA
"real","LBY_JPN",-2.23509833570121,5.25076190420387,32,NA,NA,NA
"real","LBY_PRT",-1.14012621888992,3.2821624620693,32,NA,NA,NA
"real","LBY_TUR",-0.00241138855284637,1.62512844135205,32,NA,NA,NA
"real","LCA_CAN",-0.40084678506715,0.846545884692655,32,NA,NA,NA
"real","LCA_CHE",-0.0828611598985389,0.669785601530228,30,NA,NA,NA
"real","LCA_DEU",-0.125908761930464,0.605498093818362,19,NA,NA,NA
"real","LCA_FRA",-1.91888274472585,2.57646681156783,17,NA,NA,NA
"real","LCA_GBR",-0.0510222806972972,0.190597861473903,19,NA,NA,NA
"real","LCA_GRC",-2.53099852853277,7.34310956432532,10,NA,NA,NA
"real","LCA_ITA",-1.89482371426858,6.49004104184674,19,NA,NA,NA
"real","LCA_JPN",-1.0136648649194,2.66881579095728,32,NA,NA,NA
"real","LCA_NLD",-0.321975889435494,0.562502000789516,19,NA,NA,NA
"real","LCA_USA",-0.349069078557939,2.65828302631116,32,NA,NA,NA
"real","LKA_AFG",-0.246226415135322,1.02847148589452,21,NA,NA,NA
"real","LKA_ARE",0.164237371124192,0.223975726975898,32,NA,NA,NA
"real","LKA_AUS",-0.0164553718748698,0.0262502781926115,32,NA,NA,NA
"real","LKA_AUT",-0.182801236901902,0.157824482332427,32,NA,NA,NA
"real","LKA_BGR",-0.152501322817703,0.843660915798563,32,NA,NA,NA
"real","LKA_BHR",-0.308373341990109,0.602832774194978,32,NA,NA,NA
"real","LKA_BRB",-0.18117508987636,1.02567223924412,31,NA,NA,NA
"real","LKA_CAN",-0.128774625896406,0.085284520282781,32,NA,NA,NA
"real","LKA_CHE",0.00332475769161909,0.033777031287573,32,NA,NA,NA
"real","LKA_CHN",0.076805193214499,2.10458518113505,13,NA,NA,NA
"real","LKA_CIV",-0.561892388574232,1.04045225934714,32,NA,NA,NA
"real","LKA_COK",-2.19420191214971,7.85981875003297,14,NA,NA,NA
"real","LKA_COL",0.27863203837326,0.807505065332182,8,NA,NA,NA
"real","LKA_CRI",-0.681151131709868,1.00165541489119,32,NA,NA,NA
"real","LKA_CYP",-0.0964889161259034,0.320383257608075,32,NA,NA,NA
"real","LKA_DEU",-0.0126712295723123,0.0630960990133714,32,NA,NA,NA
"real","LKA_DJI",-0.206716839730544,2.40126466573484,30,NA,NA,NA
"real","LKA_DNK",0.099013596511042,0.185906242795671,32,NA,NA,NA
"real","LKA_ESP",-0.13488021178708,0.133335372072904,32,NA,NA,NA
"real","LKA_FIN",-0.254150940829604,0.281419168400006,32,NA,NA,NA
"real","LKA_FJI",0.130373405300871,0.30389753170971,32,NA,NA,NA
"real","LKA_FRA",-0.00655311599086345,0.0468014700661554,32,NA,NA,NA
"real","LKA_GBR",-0.0877205976853738,0.0696231964532725,32,NA,NA,NA
"real","LKA_GLP",0.539419636798184,0.827079733930529,8,NA,NA,NA
"real","LKA_GRC",0.0991559971271875,0.21162934869784,32,NA,NA,NA
"real","LKA_GTM",-0.211934518168229,0.582020137783419,32,NA,NA,NA
"real","LKA_HND",-0.673058306177058,1.26435532972505,31,NA,NA,NA
"real","LKA_HUN",-0.330763310731609,0.852864077093091,32,NA,NA,NA
"real","LKA_IRL",0.0680844592305173,0.110049354831716,32,NA,NA,NA
"real","LKA_ISL",-0.0906546610674658,0.17587239308017,32,NA,NA,NA
"real","LKA_ISR",-0.139356783542806,0.171368048899135,32,NA,NA,NA
"real","LKA_ITA",-0.320984005044996,0.325738608563197,32,NA,NA,NA
"real","LKA_JAM",-0.722093205522547,2.4328568048717,30,NA,NA,NA
"real","LKA_JOR",0.0799067471900317,0.997391300389469,32,NA,NA,NA
"real","LKA_JPN",0.00880767204737554,0.0358875943046615,32,NA,NA,NA
"real","LKA_KEN",-0.218697775821902,0.342800416526486,32,NA,NA,NA
"real","LKA_KHM",-0.655211947173612,2.89196477574845,28,NA,NA,NA
"real","LKA_KIR",-0.227986952402451,2.25425655766416,27,NA,NA,NA
"real","LKA_KNA",-0.23676532713265,2.89183918077765,30,NA,NA,NA
"real","LKA_KWT",-0.043169316638652,0.237740558183173,32,NA,NA,NA
"real","LKA_LBN",-0.0531447256271399,0.236244077873396,32,NA,NA,NA
"real","LKA_LBR",-0.688803654403791,2.27591113435876,30,NA,NA,NA
"real","LKA_MAR",0.160835129893139,1.14522819992408,8,NA,NA,NA
"real","LKA_MLI",-0.974160217940735,2.09256376910704,30,NA,NA,NA
"real","LKA_MLT",-0.0761914219224948,0.578767934405891,32,NA,NA,NA
"real","LKA_MUS",-0.0842756254575147,0.203469684397725,32,NA,NA,NA
"real","LKA_NLD",0.0675184062508205,0.145288945363299,32,NA,NA,NA
"real","LKA_NOR",-0.191581511241873,0.164449458453982,32,NA,NA,NA
"real","LKA_NZL",-0.175315624328171,0.129465525620748,32,NA,NA,NA
"real","LKA_OMN",0.0901281114950334,0.150710282791651,32,NA,NA,NA
"real","LKA_PAN",-0.459356618646429,1.27312701604189,31,NA,NA,NA
"real","LKA_PNG",-0.639526587564672,2.301302422708,30,NA,NA,NA
"real","LKA_POL",0.133209490794562,0.156308204013295,32,NA,NA,NA
"real","LKA_PRT",-0.0289411677094661,0.106658974140547,32,NA,NA,NA
"real","LKA_QAT",-0.311502983895396,0.51289485382168,32,NA,NA,NA
"real","LKA_REU",0.28380766041494,1.16965059115525,12,NA,NA,NA
"real","LKA_SAU",0.114506626156886,0.271074850360198,32,NA,NA,NA
"real","LKA_SEN",-1.74994339549251,2.7267921016416,32,NA,NA,NA
"real","LKA_SLE",-0.758862582016809,1.09861985750865,32,NA,NA,NA
"real","LKA_SLV",-0.166848905239193,0.961652774750423,32,NA,NA,NA
"real","LKA_SOM",-0.61784383009152,2.47070603561734,26,NA,NA,NA
"real","LKA_SWE",0.0260628709632427,0.106408398838021,32,NA,NA,NA
"real","LKA_SYC",-0.61522625013359,1.02469657801164,32,NA,NA,NA
"real","LKA_SYR",0.0179133076951746,0.365461450734681,31,NA,NA,NA
"real","LKA_TUR",-0.507648172495012,0.508081550827399,32,NA,NA,NA
"real","LKA_TWN",-0.0737090574795549,0.231197570068414,32,NA,NA,NA
"real","LKA_URY",0.120173055532435,0.357136680309866,32,NA,NA,NA
"real","LKA_USA",-0.0912995008127253,0.225295416785869,32,NA,NA,NA
"real","LKA_VUT",-1.85354496752059,3.73927520295027,18,NA,NA,NA
"real","LKA_WSM",-0.332040893084944,3.22075302896163,19,NA,NA,NA
"real","LKA_ZAF",0.935249374080803,2.36349408191323,32,NA,NA,NA
"real","LSO_AUS",-0.722650988398911,2.78036135231471,26,NA,NA,NA
"real","LSO_AUT",-1.79945794985382,8.9416414214871,14,NA,NA,NA
"real","LSO_FRA",-0.709784767085115,4.61363410439507,19,NA,NA,NA
"real","LSO_GBR",-0.15098388566632,0.523100366490719,19,NA,NA,NA
"real","LSO_IND",-0.666260977444035,6.96107713843504,20,NA,NA,NA
"real","LSO_NLD",-0.0923170869915193,3.99310633882697,19,NA,NA,NA
"real","LSO_SGP",-1.57367551578658,6.23855430887338,16,NA,NA,NA
"real","LSO_SWE",-0.900762972124679,3.71701961368093,12,NA,NA,NA
"real","LSO_USA",-0.250313246556475,1.01157708025761,23,NA,NA,NA
"real","MAC_AUS",-0.125284539467583,1.17683042137339,32,NA,NA,NA
"real","MAC_AUT",-0.481631712135674,1.94430255157139,30,NA,NA,NA
"real","MAC_CAN",-0.272641913064091,0.738498424476213,32,NA,NA,NA
"real","MAC_CHE",-0.226099353383685,0.675109022416278,32,NA,NA,NA
"real","MAC_CHN",-0.519898682839226,1.66492592392135,14,NA,NA,NA
"real","MAC_DEU",-0.121693880667609,0.376062389790966,32,NA,NA,NA
"real","MAC_ESP",-0.447288717357392,2.02916694692991,32,NA,NA,NA
"real","MAC_FIN",-0.350390260592862,0.763445149240713,32,NA,NA,NA
"real","MAC_FRA",-0.563674474687838,2.1834969430462,30,NA,NA,NA
"real","MAC_GBR",-1.01211483839766,3.32200169950152,32,NA,NA,NA
"real","MAC_GRC",-0.64592947299877,1.66088881418559,32,NA,NA,NA
"real","MAC_ISL",-0.459872790580092,1.45085889834482,29,NA,NA,NA
"real","MAC_JPN",0.086362567857922,0.542311501027662,32,NA,NA,NA
"real","MAC_KOR",-0.189295208663485,0.868812645832652,32,NA,NA,NA
"real","MAC_PHL",-1.06866549208524,5.6402224946332,32,NA,NA,NA
"real","MAC_PRT",-0.335278827777372,0.828598290764228,32,NA,NA,NA
"real","MAC_SGP",-0.197448124006847,1.28541599279284,32,NA,NA,NA
"real","MAC_SWE",-0.321151953011696,2.25749739728159,31,NA,NA,NA
"real","MAC_THA",-0.359519324291807,1.93595811940407,32,NA,NA,NA
"real","MAC_TWN",-0.56628242987255,3.20974048055512,32,NA,NA,NA
"real","MAC_USA",-1.01815575064214,4.47689256635374,32,NA,NA,NA
"real","MAR_ARE",-0.840995803116573,1.3524819922299,8,NA,NA,NA
"real","MAR_AUS",-0.100320385213799,0.357296790156997,32,NA,NA,NA
"real","MAR_BGR",-0.317167742698345,1.03524299223404,16,NA,NA,NA
"real","MAR_BRA",-0.470867546317837,2.07542853689939,8,NA,NA,NA
"real","MAR_CAN",-0.0440480042615295,0.076332250120382,32,NA,NA,NA
"real","MAR_CHE",-0.00934924441389797,0.0582482849022196,10,NA,NA,NA
"real","MAR_CHN",-0.0127781071178556,0.225751813116563,30,NA,NA,NA
"real","MAR_CIV",-0.914377304740316,2.10728743109326,31,NA,NA,NA
"real","MAR_COG",-0.353544698925017,3.08857123953267,30,NA,NA,NA
"real","MAR_CRI",-1.19833291523519,4.02654303856972,32,NA,NA,NA
"real","MAR_CYP",-0.417699721128703,1.37530220335399,15,NA,NA,NA
"real","MAR_GAB",-0.477106035598503,1.02593452230334,31,NA,NA,NA
"real","MAR_GLP",-0.62593405738029,0.861551609852233,8,NA,NA,NA
"real","MAR_GTM",-1.19863899618666,2.07798442155177,26,NA,NA,NA
"real","MAR_HUN",-0.438496982268298,0.968792280353987,14,NA,NA,NA
"real","MAR_IDN",-0.9491906272911,6.29810224610457,8,NA,NA,NA
"real","MAR_IND",-0.0451849414934765,0.0949174374952231,8,NA,NA,NA
"real","MAR_ISL",-0.0198377199663335,0.216560817201993,10,NA,NA,NA
"real","MAR_JPN",0.0627189385365703,0.195870451507082,32,NA,NA,NA
"real","MAR_KOR",-0.291808001882574,0.479790601861027,8,NA,NA,NA
"real","MAR_KWT",-1.67412509529929,6.00508928997832,8,NA,NA,NA
"real","MAR_LBY",-1.24617345192367,2.6752848186784,8,NA,NA,NA
"real","MAR_MLT",-0.92542720462289,3.74200110397802,12,NA,NA,NA
"real","MAR_MRT",-1.05496465683509,2.18060378365287,31,NA,NA,NA
"real","MAR_MYS",-0.830843110491,3.37267761582828,8,NA,NA,NA
"real","MAR_NER",-0.573997849566855,1.83492307650542,29,NA,NA,NA
"real","MAR_NOR",0.176249134665134,0.309416438918065,10,NA,NA,NA
"real","MAR_NZL",-0.204737434850823,0.748992990265065,32,NA,NA,NA
"real","MAR_POL",-1.00514348861671,4.97100009447914,14,NA,NA,NA
"real","MAR_ROU",-0.352303115581224,1.03383036459987,8,NA,NA,NA
"real","MAR_SAU",-0.191515979171042,0.415887365344102,8,NA,NA,NA
"real","MAR_SEN",-0.489890280125476,0.53744560830999,32,NA,NA,NA
"real","MAR_SGP",-0.510328918096089,1.89428726556959,8,NA,NA,NA
"real","MAR_TGO",-0.649830266067517,1.52597266945218,28,NA,NA,NA
"real","MAR_THA",-1.08694216431262,2.3716844340114,8,NA,NA,NA
"real","MAR_TTO",-0.867561161514743,5.67583369226294,8,NA,NA,NA
"real","MAR_TUN",-0.303872018509762,0.709115444947014,8,NA,NA,NA
"real","MAR_TUR",-0.354855314865749,2.08423397672942,17,NA,NA,NA
"real","MAR_TWN",-0.85193882406913,3.71139352665977,30,NA,NA,NA
"real","MAR_USA",-0.410416052095235,0.939478115548371,17,NA,NA,NA
"real","MAR_VEN",-1.69607557720367,5.93794933222931,10,NA,NA,NA
"real","MDG_AUS",-0.671075333489817,0.582269574824928,32,NA,NA,NA
"real","MDG_AUT",-0.0538272151950029,1.36584740524055,23,NA,NA,NA
"real","MDG_BRA",-0.488690200266691,0.399868545036547,31,NA,NA,NA
"real","MDG_BRB",-0.243671172979034,2.29545220474747,32,NA,NA,NA
"real","MDG_CAN",-0.505608787298692,0.603926965045728,32,NA,NA,NA
"real","MDG_CHE",-0.0316909786616414,0.171750708563947,32,NA,NA,NA
"real","MDG_CHL",-0.306964097932282,0.887983086621853,32,NA,NA,NA
"real","MDG_CHN",-0.272707176195448,0.325677446010371,32,NA,NA,NA
"real","MDG_CMR",-0.432481417509525,2.24253435435985,26,NA,NA,NA
"real","MDG_DEU",-0.0506260521139784,0.149345086688986,23,NA,NA,NA
"real","MDG_DNK",-0.041945087648869,0.84836536259465,23,NA,NA,NA
"real","MDG_DZA",-0.655865037281479,3.59058816713204,32,NA,NA,NA
"real","MDG_ESP",-0.059665519553896,0.132146513606224,23,NA,NA,NA
"real","MDG_FIN",-0.352003469043166,1.002456447011,23,NA,NA,NA
"real","MDG_FJI",0.247825699090376,1.03340599684901,25,NA,NA,NA
"real","MDG_FRA",0.0461340524224499,0.0235292634615941,23,NA,NA,NA
"real","MDG_GBR",-0.168817862351485,0.406849346513406,23,NA,NA,NA
"real","MDG_GLP",0.30366912644327,0.362265621594136,10,NA,NA,NA
"real","MDG_GRC",-0.0340905739058316,0.605655692461263,23,NA,NA,NA
"real","MDG_IND",-0.656065796420173,0.587706717584199,32,NA,NA,NA
"real","MDG_ISL",-0.238843350989497,0.530174545973765,32,NA,NA,NA
"real","MDG_ITA",0.0348539712009955,0.0662824101175387,23,NA,NA,NA
"real","MDG_JPN",-0.176782769028627,0.284098949503191,32,NA,NA,NA
"real","MDG_KOR",-2.04535247030273,2.39280137385581,32,NA,NA,NA
"real","MDG_MAR",-0.73107098811913,0.782162334970245,32,NA,NA,NA
"real","MDG_MLT",-0.286329211731791,1.63237408831981,22,NA,NA,NA
"real","MDG_MTQ",0.188401742566964,0.894118416196354,8,NA,NA,NA
"real","MDG_MYS",-0.711072507187767,1.0567139110379,32,NA,NA,NA
"real","MDG_NLD",-0.246236904967946,0.369337630438152,23,NA,NA,NA
"real","MDG_NOR",-0.0639304948059425,0.296805069265622,32,NA,NA,NA
"real","MDG_NZL",-0.556199114044022,0.663202578775456,32,NA,NA,NA
"real","MDG_OMN",-2.15279979300013,5.31181362044132,22,NA,NA,NA
"real","MDG_PRT",-0.196250889340616,0.728869664613706,23,NA,NA,NA
"real","MDG_REU",0.304350982859716,0.272383368129362,11,NA,NA,NA
"real","MDG_SGP",0.0971624558323418,0.444126402505624,32,NA,NA,NA
"real","MDG_SWE",-0.710603804750952,2.29471398717523,23,NA,NA,NA
"real","MDG_THA",-0.128368693683193,1.37047234618337,32,NA,NA,NA
"real","MDG_TUN",-0.216666446510391,1.98792523161552,29,NA,NA,NA
"real","MDG_TUR",-0.496892986801289,0.788194961320366,32,NA,NA,NA
"real","MDG_TWN",-1.15978072316426,1.08053133408,32,NA,NA,NA
"real","MDG_USA",-0.134462279828285,0.257464084281049,32,NA,NA,NA
"real","MDV_AUT",-0.754213407693265,1.73297548075546,28,NA,NA,NA
"real","MDV_CHE",-1.55239690669436,3.62059905975585,32,NA,NA,NA
"real","MDV_DEU",-0.246715532694019,0.729227040930352,32,NA,NA,NA
"real","MDV_ITA",-1.25791634320585,4.27700275987177,30,NA,NA,NA
"real","MDV_JPN",-0.281150860161388,0.631967063947083,32,NA,NA,NA
"real","MDV_SGP",-0.28447059042133,1.53034240544487,32,NA,NA,NA
"real","MDV_THA",-0.253250275322998,0.655388716826009,32,NA,NA,NA
"real","MDV_USA",-0.664739805666668,2.26749519921326,31,NA,NA,NA
"real","MEX_ARE",-0.86278655155785,2.24647332917486,32,NA,NA,NA
"real","MEX_AUS",-0.229075042872289,0.176498448789584,30,NA,NA,NA
"real","MEX_AUT",0.0365164060575076,0.158917524620429,11,NA,NA,NA
"real","MEX_BGR",-0.571277280818957,1.46901245293185,17,NA,NA,NA
"real","MEX_BHR",-1.37019008899278,2.8641924288099,32,NA,NA,NA
"real","MEX_BHS",0.0503026920217886,1.63074031894651,32,NA,NA,NA
"real","MEX_BLZ",0.0198719696097357,0.303389496636274,32,NA,NA,NA
"real","MEX_BRB",-0.47928848768891,1.17543632156356,32,NA,NA,NA
"real","MEX_CHE",-0.0357818909646901,0.31850802709394,12,NA,NA,NA
"real","MEX_CHN",-0.331038274810353,0.483752000169427,32,NA,NA,NA
"real","MEX_DEU",0.111729173531436,0.242500486671257,11,NA,NA,NA
"real","MEX_DNK",0.0691606755116085,0.44218120346934,11,NA,NA,NA
"real","MEX_DOM",-0.00476469950992384,0.993890892717559,32,NA,NA,NA
"real","MEX_ESP",-0.0213079795479493,0.216065535144563,11,NA,NA,NA
"real","MEX_FIN",-0.0185019597854314,0.520272016277387,11,NA,NA,NA
"real","MEX_FJI",0.0101264572146355,0.57575305996994,32,NA,NA,NA
"real","MEX_FRA",0.0228887384256697,0.158251801251345,11,NA,NA,NA
"real","MEX_GBR",-0.208241758197663,0.20367089960733,11,NA,NA,NA
"real","MEX_GLP",0.284101321969217,1.44069163490702,9,NA,NA,NA
"real","MEX_GRC",-0.175038740563298,0.380798309419399,11,NA,NA,NA
"real","MEX_GRD",-0.0947676451834299,0.51424996399549,31,NA,NA,NA
"real","MEX_GTM",-0.635390122333001,2.47590818959566,12,NA,NA,NA
"real","MEX_GUF",0.710781804242528,4.67094529374878,10,NA,NA,NA
"real","MEX_HND",-0.491164174998164,1.43219318101243,12,NA,NA,NA
"real","MEX_HTI",-0.340911611767607,1.51775328198,32,NA,NA,NA
"real","MEX_HUN",-0.864487152680379,1.50066079919899,15,NA,NA,NA
"real","MEX_IRL",-0.98206967339046,1.72322320355222,11,NA,NA,NA
"real","MEX_ISL",-0.219026408166868,0.441951166304498,12,NA,NA,NA
"real","MEX_ITA",-0.121812361205745,0.140977207318789,11,NA,NA,NA
"real","MEX_JAM",0.0849928612125148,0.345473808484712,31,NA,NA,NA
"real","MEX_JOR",-1.30666108036577,1.16123461748974,32,NA,NA,NA
"real","MEX_JPN",0.0906686081969062,0.234389751116978,16,NA,NA,NA
"real","MEX_KWT",-0.706563031266112,1.93816454645404,32,NA,NA,NA
"real","MEX_LBN",-0.359164502058999,0.506703547432378,32,NA,NA,NA
"real","MEX_LBR",-1.13291474871038,4.23397349564184,29,NA,NA,NA
"real","MEX_MAR",-0.516841239372531,0.900487980525089,8,NA,NA,NA
"real","MEX_MLT",-0.266875467983939,2.81540746316817,15,NA,NA,NA
"real","MEX_MTQ",0.285141157908292,0.812950649374405,8,NA,NA,NA
"real","MEX_NLD",-0.219517389377836,0.389199723586148,11,NA,NA,NA
"real","MEX_NOR",-0.0267218683396679,0.408701892518765,12,NA,NA,NA
"real","MEX_NZL",-0.122960074022222,0.256908811051805,30,NA,NA,NA
"real","MEX_OMN",-0.693354442765809,0.960160231237038,32,NA,NA,NA
"real","MEX_PAN",-0.139850675747894,0.139493191885027,23,NA,NA,NA
"real","MEX_POL",-0.217976475737569,0.464541054274038,15,NA,NA,NA
"real","MEX_PRT",0.0965534239973975,0.271197433696475,11,NA,NA,NA
"real","MEX_SAU",-0.585729883305755,1.78195191865301,32,NA,NA,NA
"real","MEX_SLV",-0.790797466886664,3.97201511327278,12,NA,NA,NA
"real","MEX_SWE",0.00680158556449969,0.136291775634635,11,NA,NA,NA
"real","MEX_SYR",-0.876254274886015,3.83474972537822,31,NA,NA,NA
"real","MEX_TWN",-0.472732154354364,0.979637186692019,32,NA,NA,NA
"real","MEX_ZAF",-0.400721244068748,0.899236882626065,28,NA,NA,NA
"real","MLI_AUS",-1.49592802166184,5.89662760678428,32,NA,NA,NA
"real","MLI_AUT",-0.480394909367467,2.77688575012128,31,NA,NA,NA
"real","MLI_CAN",-0.438814701617353,2.35188992113057,32,NA,NA,NA
"real","MLI_CHE",-2.06732234443895,5.26501832647705,32,NA,NA,NA
"real","MLI_CHN",-0.0166562768857513,2.46185155979218,30,NA,NA,NA
"real","MLI_DEU",-0.468389911089376,1.73263613770495,32,NA,NA,NA
"real","MLI_ESP",0.103711678522305,1.05511303266556,32,NA,NA,NA
"real","MLI_FIN",-1.38400109411048,3.83952757549451,32,NA,NA,NA
"real","MLI_FRA",0.250513351782546,0.876579507144672,32,NA,NA,NA
"real","MLI_GBR",-0.346319654796553,2.79633318763692,32,NA,NA,NA
"real","MLI_GRC",-1.09193706562525,4.80772363812812,26,NA,NA,NA
"real","MLI_IDN",-0.332602021259657,1.07826944985768,32,NA,NA,NA
"real","MLI_IND",-1.82666693558229,7.23997610477847,30,NA,NA,NA
"real","MLI_IRL",-0.84153143538486,6.64856910212263,32,NA,NA,NA
"real","MLI_ISL",-0.306128352225393,1.69420067576314,30,NA,NA,NA
"real","MLI_ITA",-0.0394770497931335,0.799421239122656,32,NA,NA,NA
"real","MLI_JPN",-0.277963010773873,1.61439172350458,32,NA,NA,NA
"real","MLI_KOR",-1.08211575466555,5.28572476467655,32,NA,NA,NA
"real","MLI_NLD",-0.368793051464527,0.841519491002305,32,NA,NA,NA
"real","MLI_NOR",-0.250896885406295,1.42590691583563,29,NA,NA,NA
"real","MLI_NZL",-1.36723717991902,3.97248924163543,30,NA,NA,NA
"real","MLI_PRT",-0.240151201163419,1.22431195230096,32,NA,NA,NA
"real","MLI_SWE",-0.652955245526361,1.68221129439983,32,NA,NA,NA
"real","MLI_THA",0.187478769881489,0.809499706526032,32,NA,NA,NA
"real","MLI_TTO",-0.261968741572859,2.67408467836395,19,NA,NA,NA
"real","MLI_TUN",-0.136332509295418,3.22166345220245,32,NA,NA,NA
"real","MLI_TWN",-0.136233292021853,2.43788446038604,32,NA,NA,NA
"real","MLI_USA",-0.182069145958404,1.2135831659171,32,NA,NA,NA
"real","MLT_ARE",-0.192696951279303,0.957075090892045,30,NA,NA,NA
"real","MLT_AUS",-0.0972429215448594,0.419828038775757,32,NA,NA,NA
"real","MLT_BHR",-0.361216754510233,0.34929205793796,27,NA,NA,NA
"real","MLT_BRB",-1.17611479699392,4.88803274222267,12,NA,NA,NA
"real","MLT_CAN",-0.0246317390791325,0.855686425051805,28,NA,NA,NA
"real","MLT_CHE",0.316891737578468,1.56946906887662,15,NA,NA,NA
"real","MLT_ISL",-0.0081836481231505,0.637047094255566,15,NA,NA,NA
"real","MLT_JAM",-0.185682833538261,2.1532221652723,14,NA,NA,NA
"real","MLT_JPN",-0.614815670329144,0.933504129390564,30,NA,NA,NA
"real","MLT_KOR",-1.05380202317492,3.05171554715539,22,NA,NA,NA
"real","MLT_LBY",-0.631221516437438,1.53586322621863,32,NA,NA,NA
"real","MLT_QAT",-0.531940048785675,1.24788896572009,30,NA,NA,NA
"real","MLT_SAU",-0.342876563344482,0.4141781362215,30,NA,NA,NA
"real","MLT_THA",-0.508296935820383,1.00550793421176,32,NA,NA,NA
"real","MMR_AUS",-0.089456019789577,0.277824859139011,21,NA,NA,NA
"real","MMR_AUT",-1.20990103261446,2.86062947448668,32,NA,NA,NA
"real","MMR_CHE",-0.687515188054235,1.02258946174754,32,NA,NA,NA
"real","MMR_CHN",0.49235928460128,0.962424616503163,16,NA,NA,NA
"real","MMR_DEU",-0.449377240460749,0.258418713133264,32,NA,NA,NA
"real","MMR_FIN",-0.872441739820261,1.01255908664377,32,NA,NA,NA
"real","MMR_FRA",-0.761458066735286,1.75822305452781,30,NA,NA,NA
"real","MMR_GBR",-0.783819017443785,3.69594896548335,32,NA,NA,NA
"real","MMR_IDN",-1.74047453195783,3.90881730020974,8,NA,NA,NA
"real","MMR_IND",-0.0173585607036159,0.0562071969347537,8,NA,NA,NA
"real","MMR_IRL",-1.49575143945988,2.10909182130965,29,NA,NA,NA
"real","MMR_ISL",-0.374974938465499,0.553589477063212,32,NA,NA,NA
"real","MMR_ITA",-1.20189390816981,3.55308107911141,32,NA,NA,NA
"real","MMR_JPN",-0.0109575410666999,0.0978968607913201,19,NA,NA,NA
"real","MMR_KOR",-0.0479292596334324,0.119611336262209,8,NA,NA,NA
"real","MMR_MYS",0.189811783596346,0.22052385370028,8,NA,NA,NA
"real","MMR_NLD",-0.453085373247548,0.483825999074703,32,NA,NA,NA
"real","MMR_SEN",-0.475292083567761,9.70976268481484,16,NA,NA,NA
"real","MMR_SGP",-0.119532603655434,0.103722040684113,8,NA,NA,NA
"real","MMR_THA",0.0984201624958237,0.116182333515506,8,NA,NA,NA
"real","MMR_TWN",-0.0308409859916598,0.807315897292202,32,NA,NA,NA
"real","MMR_USA",-0.90358671346034,5.00490326625844,26,NA,NA,NA
"real","MNG_AUT",-1.23655790871705,2.35786484585934,31,NA,NA,NA
"real","MNG_CHE",-2.34726312590678,3.02134015967229,32,NA,NA,NA
"real","MNG_CHN",-0.451923291056972,0.710027679436676,32,NA,NA,NA
"real","MNG_DEU",0.00592213236002209,0.217046238557323,32,NA,NA,NA
"real","MNG_ESP",-0.416806621390411,1.68547239939581,32,NA,NA,NA
"real","MNG_FIN",-1.77920300535475,6.8153943392756,29,NA,NA,NA
"real","MNG_FRA",0.0949368283060998,1.13933430822014,32,NA,NA,NA
"real","MNG_GBR",-1.51182670823033,2.08788280654636,32,NA,NA,NA
"real","MNG_HUN",-0.887024705021556,7.19689047539599,26,NA,NA,NA
"real","MNG_IND",-0.602637110493447,2.27571135034817,31,NA,NA,NA
"real","MNG_ITA",-0.578298198659736,1.03659955346518,30,NA,NA,NA
"real","MNG_JPN",-0.225038611608228,2.17443325393993,27,NA,NA,NA
"real","MNG_NLD",0.118766576185704,2.02395185159684,32,NA,NA,NA
"real","MNG_SGP",-1.73263020400363,3.47765483603084,26,NA,NA,NA
"real","MNG_SWE",-0.290797567446087,0.614162202451513,29,NA,NA,NA
"real","MNG_USA",-0.480697826805774,2.39298714829394,32,NA,NA,NA
"real","MOZ_AUS",-1.44340539525463,4.36696678965066,31,NA,NA,NA
"real","MOZ_AUT",-0.829142690555667,2.12393580066744,27,NA,NA,NA
"real","MOZ_CAN",-0.0308397769682713,2.70288822602791,32,NA,NA,NA
"real","MOZ_CHE",-1.07256289346366,2.16465334219128,32,NA,NA,NA
"real","MOZ_DEU",-0.505652127171845,0.551399289058731,27,NA,NA,NA
"real","MOZ_DNK",-0.511967160339387,3.78189851275892,26,NA,NA,NA
"real","MOZ_ESP",-0.0985448863817595,1.81678211638328,27,NA,NA,NA
"real","MOZ_FIN",-2.14647189399356,6.69394781258081,22,NA,NA,NA
"real","MOZ_FRA",-0.459587025540751,0.455386412715207,27,NA,NA,NA
"real","MOZ_GBR",-0.429349923338763,0.374783454234445,27,NA,NA,NA
"real","MOZ_IRL",-0.429909796416491,7.64060060112721,27,NA,NA,NA
"real","MOZ_ISL",-0.179160164784924,8.46674814449115,17,NA,NA,NA
"real","MOZ_ITA",-1.1919884612125,3.28516738750151,26,NA,NA,NA
"real","MOZ_JPN",-0.00384542672419046,0.98883361779064,32,NA,NA,NA
"real","MOZ_NLD",-1.51639946675359,1.56939993613269,27,NA,NA,NA
"real","MOZ_NOR",-1.34066011594779,5.17175747190803,32,NA,NA,NA
"real","MOZ_PRT",0.335849237747934,0.601808436688695,27,NA,NA,NA
"real","MOZ_SWE",-0.574917772756291,3.93618200251094,27,NA,NA,NA
"real","MOZ_TUR",-1.31531188867533,3.38955021380218,30,NA,NA,NA
"real","MOZ_TWN",-1.30937234343703,1.78284366510815,25,NA,NA,NA
"real","MOZ_USA",0.177348862152038,1.12680493738852,32,NA,NA,NA
"real","MRT_CHE",-3.89179339100666,12.251842552372,32,NA,NA,NA
"real","MRT_DEU",-0.376496191842676,0.670618175474904,32,NA,NA,NA
"real","MRT_DNK",-3.43478464755357,11.5033337603777,26,NA,NA,NA
"real","MRT_FIN",-2.67183885978356,9.69333226361644,31,NA,NA,NA
"real","MRT_FRA",-0.655938106518601,4.45617128342106,30,NA,NA,NA
"real","MRT_GBR",-0.899796983368624,4.29039234864891,30,NA,NA,NA
"real","MRT_GRC",-0.00190306475605852,0.42009814148364,31,NA,NA,NA
"real","MRT_IDN",-0.893971456507176,3.189417809574,28,NA,NA,NA
"real","MRT_ISL",-0.135020143084084,1.13927096024225,31,NA,NA,NA
"real","MRT_ITA",-0.59354907540243,3.17773173734231,30,NA,NA,NA
"real","MRT_JPN",0.0452032199172009,0.254162509653238,32,NA,NA,NA
"real","MRT_NLD",-1.05216854191371,2.35481545041286,30,NA,NA,NA
"real","MRT_PRT",-0.307785419340075,1.40247323123702,32,NA,NA,NA
"real","MRT_SGP",-1.64474647958502,2.49752693238151,15,NA,NA,NA
"real","MRT_SWE",-1.98934079034716,8.53388512023048,31,NA,NA,NA
"real","MSR_CHE",-0.66201460298573,2.93185527486075,16,NA,NA,NA
"real","MSR_JPN",-0.826217236440524,2.06145925182024,23,NA,NA,NA
"real","MTQ_BRB",-0.387735234487559,1.082287478712,8,NA,NA,NA
"real","MTQ_CAN",-0.424178916727902,2.27873175017545,8,NA,NA,NA
"real","MTQ_CHE",0.121096618592897,1.88902803368564,11,NA,NA,NA
"real","MTQ_DEU",-1.46622235467475,4.21048766124644,9,NA,NA,NA
"real","MTQ_FRA",0.00672304445951225,0.0107312109664589,9,NA,NA,NA
"real","MTQ_ITA",-0.708144797662269,1.96963762531305,9,NA,NA,NA
"real","MTQ_USA",-1.18360742693197,4.07607978017448,9,NA,NA,NA
"real","MUS_AUS",-0.172852107720351,0.378193990047179,32,NA,NA,NA
"real","MUS_AUT",-0.68710299095409,1.99161964207763,22,NA,NA,NA
"real","MUS_CAN",-0.0475495513823318,0.457374499777673,32,NA,NA,NA
"real","MUS_CHE",0.161149745036816,0.124047540103291,32,NA,NA,NA
"real","MUS_DEU",0.0715281527418791,0.789147485756222,23,NA,NA,NA
"real","MUS_DNK",-0.0851682959492192,1.1493303441665,23,NA,NA,NA
"real","MUS_ESP",-0.250706135896717,0.648516217640699,23,NA,NA,NA
"real","MUS_FIN",-0.400482683769398,1.25562124981762,23,NA,NA,NA
"real","MUS_FRA",-0.626176436857981,1.72646286674987,23,NA,NA,NA
"real","MUS_GBR",-0.520436204724356,1.27358421748694,23,NA,NA,NA
"real","MUS_GRC",-0.562267943280243,0.735363892201062,23,NA,NA,NA
"real","MUS_IND",-0.678265901417076,1.66402269078621,32,NA,NA,NA
"real","MUS_IRL",-0.156663769198267,0.492018118442894,23,NA,NA,NA
"real","MUS_ISL",-0.169093325265612,0.375748349304794,32,NA,NA,NA
"real","MUS_ITA",-0.360090875002597,0.554215990230575,23,NA,NA,NA
"real","MUS_JPN",-0.130479576260055,0.203356506254582,32,NA,NA,NA
"real","MUS_KOR",-0.64673439120914,1.18745032993594,32,NA,NA,NA
"real","MUS_MYS",-0.514747503582719,1.05565974551269,32,NA,NA,NA
"real","MUS_NLD",-0.453270560326566,1.44911346255493,23,NA,NA,NA
"real","MUS_NZL",-0.433697409622343,0.602776078170594,32,NA,NA,NA
"real","MUS_PRT",-0.0913620693287447,0.453040996298386,23,NA,NA,NA
"real","MUS_REU",-0.358586135770656,0.675289198157396,12,NA,NA,NA
"real","MUS_SGP",-0.055252831152055,0.697916935455955,32,NA,NA,NA
"real","MUS_SWE",-0.938793451446085,3.65701654422799,23,NA,NA,NA
"real","MUS_THA",-0.522945299617979,1.90809038501315,32,NA,NA,NA
"real","MUS_USA",-0.274924629092896,1.10207249753357,32,NA,NA,NA
"real","MWI_AUS",-0.70190180214808,3.90756269041465,32,NA,NA,NA
"real","MWI_AUT",-0.586095660513213,3.01734048603315,32,NA,NA,NA
"real","MWI_BWA",0.00400944666626545,0.399682967417397,11,NA,NA,NA
"real","MWI_CAN",-1.94722954483675,2.19699862291874,32,NA,NA,NA
"real","MWI_CHE",0.064520807052397,0.854760363656969,32,NA,NA,NA
"real","MWI_CIV",-3.94198719443433,11.2476454685896,21,NA,NA,NA
"real","MWI_CMR",-0.999070477415699,2.48114562173412,27,NA,NA,NA
"real","MWI_DEU",-0.406648687757076,2.03594542883541,32,NA,NA,NA
"real","MWI_DNK",0.0384547557010599,0.0857114748356361,32,NA,NA,NA
"real","MWI_EGY",-0.0651743485090246,0.405856013535207,9,NA,NA,NA
"real","MWI_ESP",-0.12629130760831,0.336558677024625,32,NA,NA,NA
"real","MWI_FIN",-0.236892124414061,0.55494620409846,32,NA,NA,NA
"real","MWI_FJI",-0.330727346621647,1.5965254894558,26,NA,NA,NA
"real","MWI_FRA",-0.0522369811958544,0.520340384253557,32,NA,NA,NA
"real","MWI_GBR",0.0302220991342103,0.268827310571542,32,NA,NA,NA
"real","MWI_GMB",-1.69567504690161,5.60227869850173,21,NA,NA,NA
"real","MWI_GRC",-0.228081729591825,0.411633227021043,32,NA,NA,NA
"real","MWI_IDN",-1.23090795974343,4.4602954252825,32,NA,NA,NA
"real","MWI_IND",-0.824413614660675,2.83232124695478,28,NA,NA,NA
"real","MWI_IRL",-0.854370604467257,2.22002504704873,32,NA,NA,NA
"real","MWI_ISR",-1.31569058186636,3.3419785394068,27,NA,NA,NA
"real","MWI_ITA",-0.258337036048178,0.474166016123536,32,NA,NA,NA
"real","MWI_JOR",-0.392246543816889,2.40613980491512,29,NA,NA,NA
"real","MWI_JPN",-0.0937062549660564,0.205176162609098,32,NA,NA,NA
"real","MWI_LBN",-2.93675391230447,11.0152213474753,19,NA,NA,NA
"real","MWI_LBR",-1.52782853835821,7.02944775150395,17,NA,NA,NA
"real","MWI_MLT",-1.87830438242044,6.97835791916696,20,NA,NA,NA
"real","MWI_MYS",-0.572253172939468,1.4769644905857,32,NA,NA,NA
"real","MWI_NGA",-2.07421560114882,6.25594677206755,31,NA,NA,NA
"real","MWI_NLD",0.00108242711085532,0.209113887301746,32,NA,NA,NA
"real","MWI_NOR",-0.505509851178537,2.58754110984736,32,NA,NA,NA
"real","MWI_NZL",-0.24559630640585,1.3839277975467,32,NA,NA,NA
"real","MWI_PAK",-0.190398381448253,1.16526169306276,32,NA,NA,NA
"real","MWI_PER",-2.85114563033783,15.6170495165001,24,NA,NA,NA
"real","MWI_PNG",-1.2423743074225,5.83573807161542,12,NA,NA,NA
"real","MWI_PRT",-0.301538730764167,0.853123400404206,32,NA,NA,NA
"real","MWI_SEN",-0.348399554571343,1.40030506517299,30,NA,NA,NA
"real","MWI_SGP",-1.48351114146573,6.97042151822337,31,NA,NA,NA
"real","MWI_SLE",-0.979185050376594,4.29185402001539,21,NA,NA,NA
"real","MWI_SWE",-0.123905526496263,0.541606328391341,32,NA,NA,NA
"real","MWI_SYC",0.0756884865410617,0.254710629900907,9,NA,NA,NA
"real","MWI_TTO",-0.733639370455018,2.88197383968549,22,NA,NA,NA
"real","MWI_TUN",-0.696741620134349,2.20629427039141,23,NA,NA,NA
"real","MWI_TWN",-0.142171357065548,0.581048702203641,31,NA,NA,NA
"real","MWI_URY",-0.796876558240325,10.0035975420342,18,NA,NA,NA
"real","MWI_USA",0.0124632479690626,0.0694906969609976,32,NA,NA,NA
"real","MWI_ZAF",-0.169933085211293,1.05983584124502,9,NA,NA,NA
"real","MYS_AGO",-1.45608515433497,2.90033010088166,32,NA,NA,NA
"real","MYS_ARE",-0.0693280352501982,0.390175262663203,32,NA,NA,NA
"real","MYS_AUS",-0.179842603209562,0.0963665696447354,21,NA,NA,NA
"real","MYS_AUT",-0.207969669520752,0.142124981271138,32,NA,NA,NA
"real","MYS_BGR",-0.504076038878022,0.619073502546165,32,NA,NA,NA
"real","MYS_BHR",-0.0533027797165104,0.32177517274208,32,NA,NA,NA
"real","MYS_BRB",-0.284895501074494,0.604663303640465,32,NA,NA,NA
"real","MYS_CAN",-0.0300028521508333,0.0649297427805191,32,NA,NA,NA
"real","MYS_CHE",-0.0822130814811216,0.0678572871139161,32,NA,NA,NA
"real","MYS_CHN",-0.0245668829640037,0.158721502259859,16,NA,NA,NA
"real","MYS_COL",-0.0356661138551599,0.758796499516403,8,NA,NA,NA
"real","MYS_CYP",-0.0170915763622248,0.377233172796475,32,NA,NA,NA
"real","MYS_DEU",-0.0481689219931269,0.0350668594769992,32,NA,NA,NA
"real","MYS_DNK",-0.0287465504050494,0.145838214974366,32,NA,NA,NA
"real","MYS_ESP",0.0588058423207505,0.0575393105977974,32,NA,NA,NA
"real","MYS_FIN",-0.0713893473998628,0.111068189334314,32,NA,NA,NA
"real","MYS_FJI",-0.18034989013532,0.353897778517545,32,NA,NA,NA
"real","MYS_FRA",0.0757512841062764,0.0446439402088802,32,NA,NA,NA
"real","MYS_GBR",0.141272174089995,0.236181836380072,32,NA,NA,NA
"real","MYS_GRC",0.0762864891578888,0.0980339775523741,32,NA,NA,NA
"real","MYS_GTM",-0.417616253055369,0.833347206539829,31,NA,NA,NA
"real","MYS_HND",-0.774489468923804,1.39135505667134,32,NA,NA,NA
"real","MYS_HUN",-0.309279547729706,0.501718163181793,32,NA,NA,NA
"real","MYS_IRL",0.214153220865496,0.468123701500125,32,NA,NA,NA
"real","MYS_ISL",-0.174324333550942,0.230528711985131,32,NA,NA,NA
"real","MYS_ITA",0.113602330687494,0.12232762285518,32,NA,NA,NA
"real","MYS_JAM",0.0106667782389823,0.289675139233139,32,NA,NA,NA
"real","MYS_JOR",0.103327846040096,0.513737977363854,32,NA,NA,NA
"real","MYS_JPN",0.00800406755501841,0.0162991634497814,17,NA,NA,NA
"real","MYS_KEN",-0.391800769099141,0.447142932595422,32,NA,NA,NA
"real","MYS_KWT",-0.180345726158935,0.379026975369873,32,NA,NA,NA
"real","MYS_LBN",-0.206683444840028,0.344198504091494,32,NA,NA,NA
"real","MYS_MAR",0.0762187711571234,0.0607288137509523,8,NA,NA,NA
"real","MYS_MDV",-0.503276599159176,1.7800847311531,32,NA,NA,NA
"real","MYS_MLT",-0.283829916618199,0.61956288348452,32,NA,NA,NA
"real","MYS_MMR",-1.05445854185914,8.12327951628978,8,NA,NA,NA
"real","MYS_MNG",-0.891194160892354,1.13568427082728,32,NA,NA,NA
"real","MYS_MUS",-0.110562349825962,0.365330568306971,32,NA,NA,NA
"real","MYS_NLD",-0.151835954226083,0.123254027485914,32,NA,NA,NA
"real","MYS_NOR",-0.0895890566265534,0.0529571814543638,32,NA,NA,NA
"real","MYS_NPL",-0.551917988436201,0.834890147546923,32,NA,NA,NA
"real","MYS_NZL",-0.265684599857309,0.214177877441291,21,NA,NA,NA
"real","MYS_OMN",-0.0728555837231677,0.210560108685837,32,NA,NA,NA
"real","MYS_PAN",-0.419036844324599,1.16206172695114,32,NA,NA,NA
"real","MYS_PNG",-0.48690272305206,0.795975521382462,32,NA,NA,NA
"real","MYS_POL",-0.207824496201341,0.290104825117657,32,NA,NA,NA
"real","MYS_PRT",-0.0158441559522296,0.109702814153431,32,NA,NA,NA
"real","MYS_QAT",-0.447151118083348,0.914376947730877,32,NA,NA,NA
"real","MYS_REU",-1.60900102976394,4.21766414001831,11,NA,NA,NA
"real","MYS_SAU",-0.123766874704958,0.26135390443091,32,NA,NA,NA
"real","MYS_SEN",-0.883208053683045,1.51448913463936,32,NA,NA,NA
"real","MYS_SWE",-0.0547332507402143,0.0664952263977464,32,NA,NA,NA
"real","MYS_SYR",-0.22391021919661,0.193753823614768,32,NA,NA,NA
"real","MYS_TUR",-0.094140316965426,0.129937678074149,26,NA,NA,NA
"real","MYS_TWN",-0.0457779313354661,0.0257744735108052,32,NA,NA,NA
"real","MYS_URY",-0.175920138154445,0.40889117815111,32,NA,NA,NA
"real","MYS_USA",-0.0277926992151716,0.116579664412495,32,NA,NA,NA
"real","MYS_VEN",-0.0512872554062657,0.247033698241059,10,NA,NA,NA
"real","MYS_ZAF",-0.144992038003313,0.906384341043435,29,NA,NA,NA
"real","MYS_ZMB",-0.524090158832825,0.747616516569519,32,NA,NA,NA
"real","NER_AUT",-0.766337663400776,3.5048247263336,30,NA,NA,NA
"real","NER_CAN",0.0434818326426976,3.29228195259157,32,NA,NA,NA
"real","NER_CHE",-1.18344430566564,3.81321102913746,32,NA,NA,NA
"real","NER_DEU",-0.480379696286072,1.39776821842259,32,NA,NA,NA
"real","NER_ESP",-0.504720996644968,2.27588457621975,32,NA,NA,NA
"real","NER_FRA",-0.830349462401136,2.36980845448737,32,NA,NA,NA
"real","NER_GBR",-0.339812893115665,2.93441645921676,29,NA,NA,NA
"real","NER_GRC",-2.41026185359766,6.40586200795844,27,NA,NA,NA
"real","NER_ITA",-1.03534996552318,1.97527479384848,32,NA,NA,NA
"real","NER_KOR",-1.97556465069583,7.13330921935263,31,NA,NA,NA
"real","NER_NLD",-0.860100934942434,2.5753551777863,31,NA,NA,NA
"real","NER_PRT",-1.39786532240894,9.43947130488672,28,NA,NA,NA
"real","NER_SWE",-0.898980772731188,4.05306281845819,31,NA,NA,NA
"real","NER_THA",-1.75492169223798,2.06003726772277,32,NA,NA,NA
"real","NER_TWN",-1.24054797443381,7.12440509274881,29,NA,NA,NA
"real","NER_USA",-1.00762227135399,2.15301226951608,32,NA,NA,NA
"real","NGA_AUS",-4.02758179154981,13.9572110918253,32,NA,NA,NA
"real","NGA_AUT",-0.759943591113762,2.56349605931402,32,NA,NA,NA
"real","NGA_CAN",-0.0382318711103293,0.921205236902335,32,NA,NA,NA
"real","NGA_CHE",0.278125433002595,0.596731263853446,32,NA,NA,NA
"real","NGA_CHN",-0.555617801415934,1.74817154758146,32,NA,NA,NA
"real","NGA_DEU",0.0219021798599995,0.333533563271488,32,NA,NA,NA
"real","NGA_DNK",-1.48808046970839,4.64671896524816,32,NA,NA,NA
"real","NGA_ESP",-0.0136890249500444,0.188631484128742,32,NA,NA,NA
"real","NGA_FIN",-3.21410156189662,8.50791175775518,32,NA,NA,NA
"real","NGA_FRA",-0.651388654214732,2.31547829690616,32,NA,NA,NA
"real","NGA_GBR",-0.493498197324382,0.757006560168003,32,NA,NA,NA
"real","NGA_GRC",-1.19083551999784,2.22876368735677,32,NA,NA,NA
"real","NGA_HUN",-0.0374528822735955,2.73486798719913,30,NA,NA,NA
"real","NGA_IRL",-1.40307054828483,3.63173834929915,32,NA,NA,NA
"real","NGA_ISL",-3.23445148517672,7.97047649800213,23,NA,NA,NA
"real","NGA_ITA",-0.474191128991701,1.06911367579065,32,NA,NA,NA
"real","NGA_JPN",-1.19208356134105,3.75295309047513,32,NA,NA,NA
"real","NGA_KEN",-0.638669705343718,2.44559967064131,28,NA,NA,NA
"real","NGA_NLD",-0.377940513085267,0.767068521995531,32,NA,NA,NA
"real","NGA_OMN",-2.92670331984198,3.31582987589324,22,NA,NA,NA
"real","NGA_PRT",-0.0363685792671636,0.422314282522314,32,NA,NA,NA
"real","NGA_SAU",-0.60092879542391,1.91183483237255,30,NA,NA,NA
"real","NGA_SWE",-1.26493317425759,3.16522915128375,32,NA,NA,NA
"real","NGA_TUR",-1.23591840784474,2.01922294012584,32,NA,NA,NA
"real","NGA_TWN",-1.22001596866405,5.67854295761655,32,NA,NA,NA
"real","NGA_USA",-0.348373678127471,1.09456294793395,32,NA,NA,NA
"real","NIC_AUS",-0.780525048039214,1.34525107425355,32,NA,NA,NA
"real","NIC_AUT",0.0499879051486251,2.1749656882931,24,NA,NA,NA
"real","NIC_BGR",-2.42469784064026,8.30446327298663,17,NA,NA,NA
"real","NIC_CAN",-0.367692563896492,0.650076387721088,32,NA,NA,NA
"real","NIC_CHE",-0.0294454403745182,1.01940906676413,32,NA,NA,NA
"real","NIC_DEU",-0.193330828956516,1.40912410518687,24,NA,NA,NA
"real","NIC_DNK",0.0785057336926655,1.69245610490208,24,NA,NA,NA
"real","NIC_ESP",-0.057638630779202,0.316310758920654,24,NA,NA,NA
"real","NIC_FIN",-0.252091892701574,0.313574504928767,24,NA,NA,NA
"real","NIC_FRA",0.152175055679773,0.538277448617363,24,NA,NA,NA
"real","NIC_GBR",-0.207880313838871,0.412435181238025,24,NA,NA,NA
"real","NIC_GRC",-1.48965391935717,2.81628127443637,24,NA,NA,NA
"real","NIC_HUN",-0.744009396834367,6.51226228187307,17,NA,NA,NA
"real","NIC_IRL",-0.0927396169177072,0.835325793785798,23,NA,NA,NA
"real","NIC_ISL",-0.700311944528289,1.43985539275736,32,NA,NA,NA
"real","NIC_ITA",0.0584753727943372,0.333816565714684,24,NA,NA,NA
"real","NIC_JPN",-0.0681021106514565,0.629154399681276,32,NA,NA,NA
"real","NIC_NLD",-0.0360941928290754,0.510603582896444,24,NA,NA,NA
"real","NIC_NOR",-0.186480030624486,0.579047938736138,32,NA,NA,NA
"real","NIC_NZL",-1.05901438333115,1.3216877324824,32,NA,NA,NA
"real","NIC_PAN",-1.01891640312807,4.31976716510598,20,NA,NA,NA
"real","NIC_PRT",-0.310345113526558,1.31086146345091,24,NA,NA,NA
"real","NIC_SWE",-0.477452616025798,0.53068753592266,24,NA,NA,NA
"real","NIC_TUR",-0.379728617275358,2.16707144909046,32,NA,NA,NA
"real","NIC_TWN",-0.685424382195898,3.99125035354474,19,NA,NA,NA
"real","NIC_USA",-0.804913164569196,3.70605651416883,16,NA,NA,NA
"real","NLD_AFG",-0.873823364122399,3.02821332485992,32,NA,NA,NA
"real","NLD_AGO",-0.309801432731723,0.694949651763978,32,NA,NA,NA
"real","NLD_ALB",0.0108058395763485,0.543878043803369,17,NA,NA,NA
"real","NLD_ARE",0.138075066093248,0.365000314345953,32,NA,NA,NA
"real","NLD_ARG",-0.376651514388087,0.73602821232146,32,NA,NA,NA
"real","NLD_ATG",-0.243047181314629,0.711310643615203,19,NA,NA,NA
"real","NLD_AUS",0.0368363017523164,0.0800131195155639,32,NA,NA,NA
"real","NLD_BDI",-0.331019006026833,1.39611056468498,32,NA,NA,NA
"real","NLD_BEN",-0.662090449182244,3.15335518847507,32,NA,NA,NA
"real","NLD_BFA",-0.937952471247357,3.50441939364851,32,NA,NA,NA
"real","NLD_BGD",0.178571145466767,0.443763741084217,32,NA,NA,NA
"real","NLD_BHR",0.105344606518259,0.310115894801198,32,NA,NA,NA
"real","NLD_BHS",-0.792465948029355,2.4417461845945,19,NA,NA,NA
"real","NLD_BOL",-0.430658155501076,0.605239816087279,32,NA,NA,NA
"real","NLD_BRA",-0.0445177106117314,0.171116140769981,32,NA,NA,NA
"real","NLD_BRB",0.027294314409316,0.318631624704452,19,NA,NA,NA
"real","NLD_BRN",-0.577454241325004,2.6176553596687,31,NA,NA,NA
"real","NLD_BWA",-0.550627053850626,2.79858272853188,25,NA,NA,NA
"real","NLD_CAF",-1.0726994594798,2.40829744731638,32,NA,NA,NA
"real","NLD_CAN",-0.050614438775531,0.0779562584123599,28,NA,NA,NA
"real","NLD_CHL",-0.135856291358594,0.267393098642106,14,NA,NA,NA
"real","NLD_CHN",-0.115813020148844,0.558704071306187,32,NA,NA,NA
"real","NLD_CIV",0.0684976703787525,0.232290851851788,27,NA,NA,NA
"real","NLD_CMR",-0.281158391951046,0.626552095278278,25,NA,NA,NA
"real","NLD_COD",-0.0556344637118523,1.29694515227733,32,NA,NA,NA
"real","NLD_COG",-0.221517915758936,0.763648029528683,32,NA,NA,NA
"real","NLD_COL",-0.131290195257152,0.253338448049858,24,NA,NA,NA
"real","NLD_COM",-0.238440720480984,1.42089973828339,31,NA,NA,NA
"real","NLD_CPV",-0.424727444458601,0.721762616421045,32,NA,NA,NA
"real","NLD_CRI",-0.22562229372732,0.472534004486242,24,NA,NA,NA
"real","NLD_CUB",-0.0804942704821872,0.338350975109063,32,NA,NA,NA
"real","NLD_DJI",0.213467159810543,0.647041541201555,32,NA,NA,NA
"real","NLD_DMA",-0.211996946061048,0.378281375789945,19,NA,NA,NA
"real","NLD_DOM",-0.419718035946236,1.19509573379472,19,NA,NA,NA
"real","NLD_ECU",-0.131199018069939,0.199833999091913,28,NA,NA,NA
"real","NLD_FJI",-0.613375189631643,2.2989691928736,20,NA,NA,NA
"real","NLD_GAB",-0.150969188911888,0.400664686578152,32,NA,NA,NA
"real","NLD_GHA",-0.254303592593761,1.12596747196798,27,NA,NA,NA
"real","NLD_GIN",-0.794488691913655,0.991744814429821,32,NA,NA,NA
"real","NLD_GLP",-0.238031182468135,0.662593867667652,9,NA,NA,NA
"real","NLD_GMB",-0.083197740439073,0.178416827619104,32,NA,NA,NA
"real","NLD_GNB",-0.399219581798624,1.20356689324569,32,NA,NA,NA
"real","NLD_GNQ",-0.121069341759234,0.958682749558366,32,NA,NA,NA
"real","NLD_GRD",0.179416050816793,0.339294391676474,19,NA,NA,NA
"real","NLD_GTM",-0.096845745631451,0.579609146822501,24,NA,NA,NA
"real","NLD_GUF",-0.945351414872996,2.75483449291507,9,NA,NA,NA
"real","NLD_GUY",-0.217301201711095,0.509046092434067,19,NA,NA,NA
"real","NLD_HND",-0.341702487056176,1.39125294267246,24,NA,NA,NA
"real","NLD_HTI",-0.304457308926066,1.64916948718421,32,NA,NA,NA
"real","NLD_IDN",0.106299498707447,0.273561283209734,32,NA,NA,NA
"real","NLD_IND",0.23515034663364,0.216784425278239,32,NA,NA,NA
"real","NLD_IRN",-0.320097729127727,0.885401177627303,32,NA,NA,NA
"real","NLD_IRQ",-0.195376002690343,0.847240919126785,32,NA,NA,NA
"real","NLD_JAM",-0.09721077265173,0.392561791142462,19,NA,NA,NA
"real","NLD_JOR",-0.108326958998603,0.227646261785305,13,NA,NA,NA
"real","NLD_JPN",-0.0711118504339919,0.0756075740630185,30,NA,NA,NA
"real","NLD_KEN",-0.12024555605727,0.660816035064389,32,NA,NA,NA
"real","NLD_KNA",0.0323495585454466,0.774192880825118,19,NA,NA,NA
"real","NLD_KOR",0.0868888796033444,0.111433388868402,22,NA,NA,NA
"real","NLD_KWT",-0.0258297266225079,0.163919366763251,32,NA,NA,NA
"real","NLD_LBR",-0.244993965316041,0.650326630666532,32,NA,NA,NA
"real","NLD_LBY",-0.0345581507425284,0.217120307623649,32,NA,NA,NA
"real","NLD_LCA",0.00419488944474272,0.247186473189009,19,NA,NA,NA
"real","NLD_LKA",0.175698127426121,0.235244457052601,32,NA,NA,NA
"real","NLD_MDG",-0.220818405304533,0.895370782810335,23,NA,NA,NA
"real","NLD_MDV",-0.0624751623483775,1.53483151338917,29,NA,NA,NA
"real","NLD_MEX",-0.199300934146914,0.548647182453538,11,NA,NA,NA
"real","NLD_MLI",-0.487439300900227,1.9186662506461,32,NA,NA,NA
"real","NLD_MMR",-0.171678941585928,0.685404161457924,30,NA,NA,NA
"real","NLD_MOZ",-1.56506521071216,2.41117994522319,27,NA,NA,NA
"real","NLD_MRT",-0.321036823976556,0.422732297772729,32,NA,NA,NA
"real","NLD_MTQ",-0.0250183417014082,0.768132928861941,9,NA,NA,NA
"real","NLD_MUS",-0.371559076093957,1.24718871181271,23,NA,NA,NA
"real","NLD_MWI",-0.209884494644048,0.572474824912858,32,NA,NA,NA
"real","NLD_MYS",-0.0469423891780656,0.110868504969603,32,NA,NA,NA
"real","NLD_NER",-0.341913658652972,2.28541282169692,32,NA,NA,NA
"real","NLD_NGA",-0.711263969415459,2.57373694712974,32,NA,NA,NA
"real","NLD_NIC",-0.200310420695854,0.772458293432091,24,NA,NA,NA
"real","NLD_NPL",-0.500784756383643,1.55891385657701,32,NA,NA,NA
"real","NLD_NZL",0.00261685718607492,0.140550391793272,32,NA,NA,NA
"real","NLD_OMN",0.251854475247504,0.324241819009027,32,NA,NA,NA
"real","NLD_PAK",-0.0878309630807488,0.55329725517541,32,NA,NA,NA
"real","NLD_PAN",-0.454424361279792,0.952486220593595,24,NA,NA,NA
"real","NLD_PER",-0.135501790711506,0.924880737912279,24,NA,NA,NA
"real","NLD_PHL",-0.248965093559555,0.522485440385181,32,NA,NA,NA
"real","NLD_PNG",-0.697320493505026,1.9112654764683,19,NA,NA,NA
"real","NLD_PRK",-0.199827984333639,2.64741940892256,32,NA,NA,NA
"real","NLD_PRY",-1.03022424793301,1.27542974614371,32,NA,NA,NA
"real","NLD_QAT",0.072888975021057,0.452329141926572,32,NA,NA,NA
"real","NLD_REU",-0.378473618527823,0.970078276001926,9,NA,NA,NA
"real","NLD_RWA",-0.0872219976063533,1.42239187158403,32,NA,NA,NA
"real","NLD_SAU",0.184629214297899,0.104696829660799,32,NA,NA,NA
"real","NLD_SDN",0.134953419261959,0.246267252596718,32,NA,NA,NA
"real","NLD_SEN",-0.253639615315298,0.191522361509821,32,NA,NA,NA
"real","NLD_SGP",-0.208968732071331,0.199641605045735,30,NA,NA,NA
"real","NLD_SLB",-0.0889814396272268,1.84285842269777,32,NA,NA,NA
"real","NLD_SLE",0.0780274807553611,0.138954658089792,32,NA,NA,NA
"real","NLD_SLV",-0.172060988896818,0.886788448332037,24,NA,NA,NA
"real","NLD_SOM",-0.0373874951534428,0.983993081925661,31,NA,NA,NA
"real","NLD_STP",-0.126723841535117,0.796081388805173,32,NA,NA,NA
"real","NLD_SUR",-0.156387282857825,0.309770972489336,19,NA,NA,NA
"real","NLD_SWZ",-0.376234258533859,1.27006779524065,20,NA,NA,NA
"real","NLD_SYC",0.157121478507574,0.30470014843349,23,NA,NA,NA
"real","NLD_TGO",-0.479568347667956,1.57501689668003,32,NA,NA,NA
"real","NLD_THA",0.183882950844562,0.178265305280324,32,NA,NA,NA
"real","NLD_TTO",0.194876250561953,0.229676974731381,19,NA,NA,NA
"real","NLD_TUV",0.358977901147101,7.61037351113195,24,NA,NA,NA
"real","NLD_TWN",-0.362686248335,0.988400488983191,32,NA,NA,NA
"real","NLD_TZA",-0.133698044389085,0.808721624721989,32,NA,NA,NA
"real","NLD_UGA",-0.142398819121908,0.616301764650997,32,NA,NA,NA
"real","NLD_URY",-0.556297513110305,1.10692216502268,32,NA,NA,NA
"real","NLD_USA",-0.190164353861149,0.218253095482544,32,NA,NA,NA
"real","NLD_VCT",-0.28015800964938,0.950006982009235,19,NA,NA,NA
"real","NLD_VEN",-0.156094988676818,0.53139068520934,32,NA,NA,NA
"real","NLD_VNM",-0.483441353721309,2.31104707740543,32,NA,NA,NA
"real","NLD_ZAF",0.0694938743548006,0.328308812591623,11,NA,NA,NA
"real","NLD_ZMB",-0.239910357390387,1.08629099651376,32,NA,NA,NA
"real","NLD_ZWE",-0.359675956565452,0.780670123884966,23,NA,NA,NA
"real","NOR_ARE",-0.153553510874063,1.0381415882568,23,NA,NA,NA
"real","NOR_ARG",-0.936361948620441,3.19851085287803,31,NA,NA,NA
"real","NOR_AUS",-0.0834732986814234,0.169499756372344,32,NA,NA,NA
"real","NOR_BRA",-0.0995392725036761,0.439148211251289,32,NA,NA,NA
"real","NOR_CAN",-0.276350610331249,2.7924528383997,20,NA,NA,NA
"real","NOR_CHL",-0.184477761431224,0.710018320442517,15,NA,NA,NA
"real","NOR_CHN",-0.662867495619866,3.35009658921208,32,NA,NA,NA
"real","NOR_COL",-0.14271341027118,0.688437812174772,22,NA,NA,NA
"real","NOR_CRI",-0.75830190060736,2.90356083026776,24,NA,NA,NA
"real","NOR_CUB",-0.259199608698509,0.574482790108454,29,NA,NA,NA
"real","NOR_DZA",-0.200839559649268,0.847373708183028,29,NA,NA,NA
"real","NOR_ECU",-0.288790813930332,0.553891332913543,30,NA,NA,NA
"real","NOR_EGY",-1.30818889103075,6.21178691733388,18,NA,NA,NA
"real","NOR_GTM",-0.718989634708055,1.43317061039403,29,NA,NA,NA
"real","NOR_HND",-0.450139156436948,0.965861310733303,29,NA,NA,NA
"real","NOR_IDN",-0.343132399133794,1.92083464943817,32,NA,NA,NA
"real","NOR_IND",-0.263575041958883,0.28149711044885,32,NA,NA,NA
"real","NOR_JAM",-0.146132247874823,0.677507171315215,31,NA,NA,NA
"real","NOR_JPN",0.0601166765396491,0.0612819465340295,32,NA,NA,NA
"real","NOR_KOR",0.0774618887606345,0.228259762661881,17,NA,NA,NA
"real","NOR_LBN",-0.397244705102965,2.72551700973819,14,NA,NA,NA
"real","NOR_LKA",-0.202889452552684,0.964681565826219,32,NA,NA,NA
"real","NOR_MAR",-2.02264935216663,6.85506762110423,9,NA,NA,NA
"real","NOR_MEX",-0.418863443540549,1.34752897026689,12,NA,NA,NA
"real","NOR_MLT",-2.1778112962961,10.1959831818698,14,NA,NA,NA
"real","NOR_MYS",-0.236296032836882,0.644662870767569,32,NA,NA,NA
"real","NOR_NGA",-0.576353450398324,1.01854072919816,30,NA,NA,NA
"real","NOR_NZL",-0.0813984181806475,1.41069701165692,32,NA,NA,NA
"real","NOR_OMN",-0.164722698368944,0.894036358041544,25,NA,NA,NA
"real","NOR_PAK",-0.304956030182288,1.5088074238107,30,NA,NA,NA
"real","NOR_PER",-0.119681589235188,0.511137541936236,20,NA,NA,NA
"real","NOR_PHL",-0.590947483312067,2.06474093119097,26,NA,NA,NA
"real","NOR_SAU",-0.364796687857858,1.3625315104692,23,NA,NA,NA
"real","NOR_SGP",-0.208688680084477,1.43886137712524,14,NA,NA,NA
"real","NOR_THA",0.122482515571503,0.460773361828074,32,NA,NA,NA
"real","NOR_TTO",-1.46943795285072,1.70814977966431,30,NA,NA,NA
"real","NOR_TUN",-1.37494073874145,3.49209068516952,15,NA,NA,NA
"real","NOR_TWN",-0.70547069533364,3.3897571462347,32,NA,NA,NA
"real","NOR_URY",-1.33158872926481,2.09669423932948,32,NA,NA,NA
"real","NOR_USA",-0.646137507786251,3.38194441809539,32,NA,NA,NA
"real","NOR_VEN",-0.649666714428308,2.40696633815324,30,NA,NA,NA
"real","NPL_AUS",-0.413445967509243,0.881597997890248,32,NA,NA,NA
"real","NPL_AUT",-0.64797117953554,3.94293651969989,29,NA,NA,NA
"real","NPL_CHE",0.00935254806877227,0.424151249124299,32,NA,NA,NA
"real","NPL_CHN",-0.280662342767406,0.759099379541369,32,NA,NA,NA
"real","NPL_DEU",-0.134560134108109,0.29524338118399,32,NA,NA,NA
"real","NPL_ESP",-0.137387271877311,0.36696292357009,32,NA,NA,NA
"real","NPL_FIN",-0.138141271838853,0.494588218294453,32,NA,NA,NA
"real","NPL_FRA",-0.841499094105989,5.4382035617433,30,NA,NA,NA
"real","NPL_GBR",-0.648469760441445,2.53620303312521,32,NA,NA,NA
"real","NPL_ITA",-0.51576084843125,1.94543456541178,32,NA,NA,NA
"real","NPL_JPN",-0.27881784566634,1.16560854742478,32,NA,NA,NA
"real","NPL_KOR",-0.174298409220409,0.523549536883392,32,NA,NA,NA
"real","NPL_MYS",-0.60200734993407,1.89869547026051,32,NA,NA,NA
"real","NPL_NLD",-0.151801603301271,0.406200119896641,30,NA,NA,NA
"real","NPL_NZL",-0.338647504028855,0.952529512773573,32,NA,NA,NA
"real","NPL_PRT",-1.55305570099592,4.52094096391863,31,NA,NA,NA
"real","NPL_SGP",-0.132454551189124,0.691060848496703,32,NA,NA,NA
"real","NPL_THA",-0.748242463703473,1.91339633174874,32,NA,NA,NA
"real","NPL_USA",-0.501188944055756,2.84187248436103,32,NA,NA,NA
"real","NRU_CHE",-0.577026223108133,3.46532447222653,22,NA,NA,NA
"real","NRU_FRA",-0.852765488807932,4.66549502700674,26,NA,NA,NA
"real","NRU_GRC",-2.41455193909368,5.0683317912718,13,NA,NA,NA
"real","NRU_ITA",-0.89973468028337,3.07564723659642,15,NA,NA,NA
"real","NRU_KOR",-0.538213831186566,0.986117966282265,32,NA,NA,NA
"real","NRU_THA",-1.93836983606283,6.19523386574132,32,NA,NA,NA
"real","NZL_AFG",-0.849346214441474,2.46646034966661,28,NA,NA,NA
"real","NZL_ARE",-0.334339022568813,0.364964359129392,32,NA,NA,NA
"real","NZL_ARG",0.0169620071087389,0.537801525992093,32,NA,NA,NA
"real","NZL_ATG",-0.377415947155853,1.05940271598198,32,NA,NA,NA
"real","NZL_AUT",-0.347425279180375,0.317838746481266,32,NA,NA,NA
"real","NZL_BFA",-0.963893633329466,3.01681387593171,27,NA,NA,NA
"real","NZL_BGD",-0.618150046947614,1.36493759338351,32,NA,NA,NA
"real","NZL_BGR",-0.605941948371472,0.893390809687561,32,NA,NA,NA
"real","NZL_BHR",-0.187937280577767,0.226991213897157,32,NA,NA,NA
"real","NZL_BHS",-0.288268808544505,1.21912737029628,32,NA,NA,NA
"real","NZL_BOL",-0.136806531004708,1.26582444587852,32,NA,NA,NA
"real","NZL_BRA",-0.160038533918092,0.187455646914014,32,NA,NA,NA
"real","NZL_BRB",0.0590363133777015,0.200410765778441,32,NA,NA,NA
"real","NZL_BRN",-0.661125221914317,2.39871234966854,17,NA,NA,NA
"real","NZL_BTN",-1.19176924804901,3.64786927626514,28,NA,NA,NA
"real","NZL_CAN",-0.0282262078867862,0.0152392139616473,30,NA,NA,NA
"real","NZL_CHE",0.135606893777305,0.125310344334037,32,NA,NA,NA
"real","NZL_CHL",-0.169977966332668,0.266801499601315,17,NA,NA,NA
"real","NZL_CHN",0.160405124783281,0.120566902389151,19,NA,NA,NA
"real","NZL_CMR",-1.98247711831113,5.00388890214594,31,NA,NA,NA
"real","NZL_COG",-1.02137716083927,3.59141242926184,28,NA,NA,NA
"real","NZL_COL",-0.117595881999538,0.900112576193573,32,NA,NA,NA
"real","NZL_CRI",-0.670149588231596,1.37039259533593,32,NA,NA,NA
"real","NZL_CYP",-0.17435949135135,0.345638794423005,32,NA,NA,NA
"real","NZL_DEU",-0.0994816501436381,0.0742026249051219,32,NA,NA,NA
"real","NZL_DMA",-0.797187494889182,2.79830985927836,29,NA,NA,NA
"real","NZL_DNK",-0.268370740008892,0.256440562402906,32,NA,NA,NA
"real","NZL_ECU",-0.106661690180708,0.882420811978747,32,NA,NA,NA
"real","NZL_EGY",-0.353970666977103,0.375494206800099,32,NA,NA,NA
"real","NZL_ESP",0.0225680531738964,0.0202656725437685,32,NA,NA,NA
"real","NZL_FIN",-0.0540620456310581,0.097336959631912,32,NA,NA,NA
"real","NZL_FRA",0.0488524014536337,0.0917014332654067,32,NA,NA,NA
"real","NZL_GBR",0.0224171996597498,0.0767105108655473,32,NA,NA,NA
"real","NZL_GLP",-0.472911333266072,1.33167912089657,12,NA,NA,NA
"real","NZL_GMB",-1.34227510432551,4.51883292609579,30,NA,NA,NA
"real","NZL_GRC",0.129118207411203,0.258513457791266,32,NA,NA,NA
"real","NZL_GRD",-0.0735784091462801,0.952162625167753,32,NA,NA,NA
"real","NZL_GUF",-0.357902087940898,0.432260524775565,10,NA,NA,NA
"real","NZL_GUY",-0.528047209393566,1.8078648296427,32,NA,NA,NA
"real","NZL_HUN",-0.254731750743206,0.329632177107333,32,NA,NA,NA
"real","NZL_IDN",-0.178684911288297,0.132402899320847,23,NA,NA,NA
"real","NZL_IND",-0.199809797354788,0.107732576003062,32,NA,NA,NA
"real","NZL_IRL",0.10149772649731,0.278984553564456,32,NA,NA,NA
"real","NZL_IRN",-0.238340076451163,1.01044653189359,32,NA,NA,NA
"real","NZL_ISL",-0.156339102496024,0.357584348105267,32,NA,NA,NA
"real","NZL_ISR",-0.164366566348099,0.130666034514172,32,NA,NA,NA
"real","NZL_ITA",0.10123188488131,0.0945273275101919,32,NA,NA,NA
"real","NZL_JAM",-0.0910431649325398,0.531426732042855,32,NA,NA,NA
"real","NZL_JOR",-0.0123275176871164,0.37501195604973,32,NA,NA,NA
"real","NZL_JPN",0.0092070822222832,0.0146164850896198,30,NA,NA,NA
"real","NZL_KEN",-0.441038419440823,1.18611976595973,32,NA,NA,NA
"real","NZL_KOR",0.0495175289974649,0.0253589412743336,26,NA,NA,NA
"real","NZL_KWT",-0.206402075100248,0.236737324500703,32,NA,NA,NA
"real","NZL_LBN",-0.408340549592484,0.955552644745263,32,NA,NA,NA
"real","NZL_LBY",-0.876884849509229,1.40903472331084,32,NA,NA,NA
"real","NZL_LCA",0.363177106707148,0.662076699926529,32,NA,NA,NA
"real","NZL_LKA",-0.314723658743275,0.976560437108807,32,NA,NA,NA
"real","NZL_MAC",-0.146634266743636,0.538698326398818,32,NA,NA,NA
"real","NZL_MAR",-0.226068693884528,0.857818261043599,32,NA,NA,NA
"real","NZL_MEX",0.331551674967224,0.861424995602738,30,NA,NA,NA
"real","NZL_MLT",-0.0466906525943757,0.442260110841261,32,NA,NA,NA
"real","NZL_MMR",-0.735660382416691,2.33406283075896,21,NA,NA,NA
"real","NZL_MTQ",0.00934260068858021,0.739797872130927,12,NA,NA,NA
"real","NZL_MUS",-0.130946685708442,0.188909989162577,32,NA,NA,NA
"real","NZL_MYS",-0.0517316178240162,0.0735816236204032,21,NA,NA,NA
"real","NZL_NIC",-0.218541720572645,1.39075619957157,32,NA,NA,NA
"real","NZL_NLD",-0.144418173816724,0.126206782283825,32,NA,NA,NA
"real","NZL_NOR",-0.0820708595492847,0.138460098179005,32,NA,NA,NA
"real","NZL_NPL",-0.151335993725872,1.51354221272459,32,NA,NA,NA
"real","NZL_OMN",-0.058429804364606,0.146847774506358,32,NA,NA,NA
"real","NZL_PAK",-0.0502837549556295,0.116499742655658,32,NA,NA,NA
"real","NZL_PAN",-0.268257055122631,1.37584977602782,32,NA,NA,NA
"real","NZL_PER",0.0562407222961579,0.603661651103608,32,NA,NA,NA
"real","NZL_PHL",-0.0824445693275486,0.345731142166065,21,NA,NA,NA
"real","NZL_POL",-0.221666528449359,0.441422321477937,32,NA,NA,NA
"real","NZL_PRI",-1.3604430494825,6.45025740683598,12,NA,NA,NA
"real","NZL_PRT",0.00835676107343405,0.0719261878974033,32,NA,NA,NA
"real","NZL_PRY",-0.738779392957633,1.92742854829828,32,NA,NA,NA
"real","NZL_PYF",0.0302292942572822,0.108640248168144,32,NA,NA,NA
"real","NZL_QAT",-0.110882788981079,0.2904222541666,32,NA,NA,NA
"real","NZL_REU",0.0639989512901208,0.433070751762425,12,NA,NA,NA
"real","NZL_ROU",-0.485374005430508,1.2115750241404,32,NA,NA,NA
"real","NZL_SAU",-0.125684660548887,0.0947234582725821,32,NA,NA,NA
"real","NZL_SGP",-0.0420661175619819,0.053339698582291,12,NA,NA,NA
"real","NZL_SLE",-1.00191748322993,2.65638007349593,26,NA,NA,NA
"real","NZL_SUR",-0.709536802762539,2.20094918680353,29,NA,NA,NA
"real","NZL_SWE",0.0483053747265405,0.070073054904447,32,NA,NA,NA
"real","NZL_THA",0.0140405002348044,0.0291710417845648,16,NA,NA,NA
"real","NZL_TTO",-0.109101481110257,0.435184242780565,32,NA,NA,NA
"real","NZL_TUR",0.152664552955892,0.753710834063748,32,NA,NA,NA
"real","NZL_TWN",-0.0937343362958921,0.437869797164106,24,NA,NA,NA
"real","NZL_URY",-0.157479750629841,0.433405674597301,32,NA,NA,NA
"real","NZL_USA",-0.0565741936569005,0.0568834977053196,32,NA,NA,NA
"real","NZL_VCT",-0.880222252315424,1.73395285535714,32,NA,NA,NA
"real","NZL_VEN",-0.519977498033639,2.56231639550319,32,NA,NA,NA
"real","NZL_ZAF",0.0559825796309558,0.160196108265143,32,NA,NA,NA
"real","NZL_ZWE",-0.559903013511472,1.58786666630213,32,NA,NA,NA
"real","OMN_AUS",-0.535061268411847,1.85823233601918,32,NA,NA,NA
"real","OMN_CHE",-0.578702504760618,1.27347169599041,25,NA,NA,NA
"real","OMN_DEU",-0.378185707231053,0.488957632508043,32,NA,NA,NA
"real","OMN_EGY",-0.344303024657886,0.739633402695748,9,NA,NA,NA
"real","OMN_GBR",0.0292446835761383,0.778475043730347,32,NA,NA,NA
"real","OMN_GRC",-0.720826115009652,1.05867844581985,32,NA,NA,NA
"real","OMN_IND",-1.33597114963875,2.1992612255353,32,NA,NA,NA
"real","OMN_JOR",-1.22454087072079,5.71157148412499,9,NA,NA,NA
"real","OMN_JPN",0.00156661925083543,0.0471564307242626,32,NA,NA,NA
"real","OMN_KEN",-0.813016373387302,2.72814868099611,32,NA,NA,NA
"real","OMN_KOR",0.0994702264983018,0.111025101477739,32,NA,NA,NA
"real","OMN_MAR",-0.125573236817746,0.750788369494096,9,NA,NA,NA
"real","OMN_NLD",-0.786985357481507,1.50823375801906,32,NA,NA,NA
"real","OMN_PRT",-0.895252384682077,1.53994405978595,32,NA,NA,NA
"real","OMN_SGP",-0.370096933197707,2.99482937418708,24,NA,NA,NA
"real","OMN_THA",-0.242836638899169,1.0323009319087,32,NA,NA,NA
"real","OMN_TZA",-0.478921019539946,1.70329844426848,32,NA,NA,NA
"real","PAK_AUS",0.133656170605918,0.105481546840929,32,NA,NA,NA
"real","PAK_AUT",-0.637778954117296,1.69819743098131,32,NA,NA,NA
"real","PAK_BGR",-0.751599266528085,2.71612783781085,31,NA,NA,NA
"real","PAK_BRB",-0.38322579845985,1.23818034574097,29,NA,NA,NA
"real","PAK_CAN",-0.0160031509050773,0.242350560962436,32,NA,NA,NA
"real","PAK_CHE",0.202871643662652,0.208237725375267,32,NA,NA,NA
"real","PAK_CHN",0.108197312741222,0.254822461093285,18,NA,NA,NA
"real","PAK_DEU",0.00959224076503115,0.0726494946595301,32,NA,NA,NA
"real","PAK_DJI",-1.10673234609754,1.82873944519712,32,NA,NA,NA
"real","PAK_DNK",-0.00574625656774488,0.329395904576977,32,NA,NA,NA
"real","PAK_ESP",-0.16817176563792,0.103028535845699,32,NA,NA,NA
"real","PAK_FIN",-0.0148964910976099,0.0950249336132244,32,NA,NA,NA
"real","PAK_FJI",-0.986084367415344,2.7556744078747,28,NA,NA,NA
"real","PAK_FRA",-0.437886552202233,0.96523546631569,32,NA,NA,NA
"real","PAK_GBR",-0.302928040499859,0.666958011075118,32,NA,NA,NA
"real","PAK_GRC",-0.0146693943541276,0.169666280349557,32,NA,NA,NA
"real","PAK_HUN",0.0566429240960038,1.91416315321825,32,NA,NA,NA
"real","PAK_IRL",0.0526507431894731,0.239993908760447,32,NA,NA,NA
"real","PAK_ISL",0.0256054493998515,0.107921364402829,32,NA,NA,NA
"real","PAK_ITA",-0.199543969274629,0.305135482695797,32,NA,NA,NA
"real","PAK_JOR",-0.305027989343968,0.87079445824644,32,NA,NA,NA
"real","PAK_JPN",-0.0174315394695577,0.483008873396643,32,NA,NA,NA
"real","PAK_MAR",-0.00532620721760714,0.0305280445940676,8,NA,NA,NA
"real","PAK_MLT",-0.13892785873492,0.693581179405571,30,NA,NA,NA
"real","PAK_NLD",-0.197526795661332,0.64470909935442,32,NA,NA,NA
"real","PAK_NOR",-0.296255776893067,0.794606723522381,32,NA,NA,NA
"real","PAK_NZL",0.0391561391854393,0.303243566584228,32,NA,NA,NA
"real","PAK_OMN",-0.00206355130096647,0.0958182543277444,32,NA,NA,NA
"real","PAK_PRT",0.022229529785966,0.0445467497617641,32,NA,NA,NA
"real","PAK_REU",-1.22371042412274,2.22929296847188,11,NA,NA,NA
"real","PAK_SAU",0.018633268233565,0.0973381353469987,32,NA,NA,NA
"real","PAK_SEN",-0.610199778281125,2.17996411090717,31,NA,NA,NA
"real","PAK_SWE",-0.136608098003048,0.622424229262009,32,NA,NA,NA
"real","PAK_SYR",-0.900631164630316,3.17559226133261,32,NA,NA,NA
"real","PAK_TWN",-0.129603050886956,0.443340100448954,32,NA,NA,NA
"real","PAK_USA",-0.262238769674193,0.676703242491122,32,NA,NA,NA
"real","PAN_AUS",-0.599727625600326,1.19981258556978,32,NA,NA,NA
"real","PAN_AUT",-0.62553309941556,4.55955213384605,24,NA,NA,NA
"real","PAN_BGR",-0.833974717827855,2.64574868883596,19,NA,NA,NA
"real","PAN_BLZ",-0.953052568655171,2.03172121495373,31,NA,NA,NA
"real","PAN_BRA",-0.556549647976144,2.39431828443518,23,NA,NA,NA
"real","PAN_BRB",-0.359702837692318,2.13570430018241,25,NA,NA,NA
"real","PAN_CAN",-0.216358594060428,0.712873306936577,24,NA,NA,NA
"real","PAN_CHE",0.143897433736725,0.779589697392245,25,NA,NA,NA
"real","PAN_CHL",-0.580970328442653,1.22056135045379,18,NA,NA,NA
"real","PAN_COL",-0.34750663676157,0.493437165545878,23,NA,NA,NA
"real","PAN_CRI",-0.683812485132216,1.86805826764247,19,NA,NA,NA
"real","PAN_CUB",-1.79330847413571,8.84961775387405,19,NA,NA,NA
"real","PAN_DEU",-0.141624260513464,0.648691691614895,24,NA,NA,NA
"real","PAN_DNK",-0.938185365253954,3.11731939171164,24,NA,NA,NA
"real","PAN_ECU",-0.743109394284768,1.97026644674256,23,NA,NA,NA
"real","PAN_EGY",-1.14993006441533,2.71046476908974,27,NA,NA,NA
"real","PAN_ESP",-0.347854476770838,0.99893626409428,24,NA,NA,NA
"real","PAN_FIN",-0.856453217898286,4.6745626131433,24,NA,NA,NA
"real","PAN_FRA",-0.785076409615428,1.62037440759899,24,NA,NA,NA
"real","PAN_GBR",-0.120574649026548,0.527922647812131,24,NA,NA,NA
"real","PAN_GRC",-0.442446967010066,0.690349519463176,24,NA,NA,NA
"real","PAN_GTM",-1.35673753895971,7.70917492108083,19,NA,NA,NA
"real","PAN_HND",-1.36900342139561,5.45709660609174,20,NA,NA,NA
"real","PAN_HUN",-0.800396662540412,3.52274942972792,23,NA,NA,NA
"real","PAN_IRL",0.096020731604244,2.59045843964763,24,NA,NA,NA
"real","PAN_ISL",0.092646622921588,0.95415103690498,25,NA,NA,NA
"real","PAN_ISR",-0.566816089789776,1.42408197903118,29,NA,NA,NA
"real","PAN_ITA",0.149444561927791,0.339210912259467,24,NA,NA,NA
"real","PAN_JOR",-0.916022890250843,2.81995703236027,25,NA,NA,NA
"real","PAN_JPN",-0.327183805036412,0.823153493188776,32,NA,NA,NA
"real","PAN_KOR",-0.161342870400578,0.666168367760898,32,NA,NA,NA
"real","PAN_KWT",-1.95444531579283,6.68241741062063,22,NA,NA,NA
"real","PAN_MAR",-0.959505724513117,4.3254927395194,29,NA,NA,NA
"real","PAN_MEX",-0.249133634435016,1.9352822916988,23,NA,NA,NA
"real","PAN_NIC",-1.3147975507866,5.91588454388318,20,NA,NA,NA
"real","PAN_NLD",-0.207892466584617,0.540892018992356,24,NA,NA,NA
"real","PAN_NOR",-0.0851462489812905,1.72582989425649,25,NA,NA,NA
"real","PAN_NZL",-1.20046723679298,3.61649839725445,32,NA,NA,NA
"real","PAN_PER",-0.892650282130056,1.84946588183265,23,NA,NA,NA
"real","PAN_POL",-1.27912684572455,4.50047833250202,19,NA,NA,NA
"real","PAN_PRI",-1.63383782153864,7.90932541861237,8,NA,NA,NA
"real","PAN_PRT",-0.050215986441032,0.648873588287166,24,NA,NA,NA
"real","PAN_SAU",-2.05084965906114,6.69281212338731,31,NA,NA,NA
"real","PAN_SEN",-0.950989047893445,1.93166757899492,17,NA,NA,NA
"real","PAN_SLV",-2.29750326288177,9.15274219891163,14,NA,NA,NA
"real","PAN_SWE",0.168118199639208,0.867695741231368,24,NA,NA,NA
"real","PAN_THA",-0.648251393459978,2.18596147253201,32,NA,NA,NA
"real","PAN_TUR",-0.111710490564824,1.57374742792373,32,NA,NA,NA
"real","PAN_USA",-0.347379838183343,0.276922338032188,23,NA,NA,NA
"real","PAN_VEN",-1.63574884884663,8.68878034524725,23,NA,NA,NA
"real","PAN_ZAF",-1.49619526592799,2.30428709217731,26,NA,NA,NA
"real","PCN_CHE",-2.49778163137176,7.65145234960896,18,NA,NA,NA
"real","PCN_JPN",0.621663429041538,1.39561101701235,20,NA,NA,NA
"real","PER_AUS",-0.0785035683977146,0.180930635168745,32,NA,NA,NA
"real","PER_AUT",0.368552941092664,0.782808097016003,24,NA,NA,NA
"real","PER_BHS",-0.608000475379478,1.04495170142269,30,NA,NA,NA
"real","PER_BRB",-0.156328355551594,0.449053066955972,29,NA,NA,NA
"real","PER_CAN",-0.597501704127185,0.328975566151555,20,NA,NA,NA
"real","PER_CHE",-0.488701655111659,1.77292443902895,22,NA,NA,NA
"real","PER_CHN",-0.705158874184983,2.95080872377167,21,NA,NA,NA
"real","PER_CRI",-0.336340961585809,1.17879184239193,24,NA,NA,NA
"real","PER_DEU",0.0862860429330123,0.179580764133054,24,NA,NA,NA
"real","PER_DNK",0.0670184363996962,0.297956870366406,24,NA,NA,NA
"real","PER_ESP",-0.293252536148612,0.170307349795138,24,NA,NA,NA
"real","PER_FIN",-1.01949021179533,1.13304385794135,24,NA,NA,NA
"real","PER_FRA",-0.0371736539523438,0.364659850294706,24,NA,NA,NA
"real","PER_GBR",-0.281322456020943,1.54976074227409,24,NA,NA,NA
"real","PER_GRC",-0.33738139802014,1.24280629658841,24,NA,NA,NA
"real","PER_HUN",0.0632904019859676,4.29696232804137,23,NA,NA,NA
"real","PER_IRL",0.350059522923716,0.827846093873648,24,NA,NA,NA
"real","PER_ISL",-0.525819715854272,0.462914509794455,22,NA,NA,NA
"real","PER_ITA",-0.254536318982238,0.465457069665495,24,NA,NA,NA
"real","PER_JOR",0.217943625619208,0.764592059517346,31,NA,NA,NA
"real","PER_JPN",-0.0240471125052926,0.169025056499198,23,NA,NA,NA
"real","PER_KWT",-0.421825814469419,1.55737338668899,29,NA,NA,NA
"real","PER_MLT",0.207803868001817,1.3821515461234,23,NA,NA,NA
"real","PER_NLD",-0.201923903438897,0.799680182575504,24,NA,NA,NA
"real","PER_NOR",-0.856671968399391,3.07574818804851,22,NA,NA,NA
"real","PER_NZL",-0.154590398206518,0.171712349531156,32,NA,NA,NA
"real","PER_PAN",-0.977209633025818,2.63648453013502,23,NA,NA,NA
"real","PER_PNG",-0.736024692795561,4.16794827187782,22,NA,NA,NA
"real","PER_POL",0.118638287340095,2.10606136640362,23,NA,NA,NA
"real","PER_PRT",-0.0778225301002896,0.719716788345962,24,NA,NA,NA
"real","PER_SAU",-0.205275358981576,1.28283495624178,32,NA,NA,NA
"real","PER_SWE",-0.949363612705141,1.34963139138358,24,NA,NA,NA
"real","PER_TWN",-0.34679058251499,1.76954218907731,32,NA,NA,NA
"real","PER_USA",-0.223487956499152,0.248867686389959,20,NA,NA,NA
"real","PER_ZAF",-0.576301636424635,2.5188515981416,29,NA,NA,NA
"real","PHL_ARE",-0.095754790260652,0.207347044076184,32,NA,NA,NA
"real","PHL_AUS",0.0355285524028185,0.0729959309490173,21,NA,NA,NA
"real","PHL_AUT",-0.636286298197825,0.955025841604455,32,NA,NA,NA
"real","PHL_BHR",-0.257100628451639,0.395787874566449,32,NA,NA,NA
"real","PHL_BHS",-0.282571296885762,0.672949335892109,25,NA,NA,NA
"real","PHL_CAN",-0.0117052895336159,0.117598831734922,32,NA,NA,NA
"real","PHL_CHE",-0.0873557489345127,0.170085796492775,29,NA,NA,NA
"real","PHL_CHN",-0.924812925298342,1.05101569371541,16,NA,NA,NA
"real","PHL_CYP",-1.5611399910528,2.71098544911914,32,NA,NA,NA
"real","PHL_DEU",0.0020023355592122,0.0479970163145614,32,NA,NA,NA
"real","PHL_DNK",-0.0530215468286781,0.0969307027407007,32,NA,NA,NA
"real","PHL_ESP",0.0468379303120554,0.0712157008188518,32,NA,NA,NA
"real","PHL_FIN",-0.0521531379812105,0.261508612979727,32,NA,NA,NA
"real","PHL_FJI",-0.291023557103443,1.28615763334901,29,NA,NA,NA
"real","PHL_FRA",-0.278763107510659,0.388600974161622,32,NA,NA,NA
"real","PHL_GBR",-0.19121167831659,0.490666628022818,32,NA,NA,NA
"real","PHL_GRC",-0.622900372647621,1.2819609240858,32,NA,NA,NA
"real","PHL_HUN",-0.66461916658307,1.27815379376567,31,NA,NA,NA
"real","PHL_IRL",-0.124016976531125,0.562737868622171,32,NA,NA,NA
"real","PHL_ISL",0.106699856296269,0.270079171973085,29,NA,NA,NA
"real","PHL_ITA",-0.358424188621051,0.891315127504564,32,NA,NA,NA
"real","PHL_JPN",-0.00107892299401761,0.0466747600005265,19,NA,NA,NA
"real","PHL_KWT",-0.208436074462306,0.178556918761853,32,NA,NA,NA
"real","PHL_LBN",-0.609075983940972,1.66676109679687,32,NA,NA,NA
"real","PHL_MLT",-1.92633814332541,3.748381178965,31,NA,NA,NA
"real","PHL_MUS",-0.704899730079424,1.88865790504194,31,NA,NA,NA
"real","PHL_NLD",-0.315574448111198,0.607612126666463,32,NA,NA,NA
"real","PHL_NOR",-0.312480916164991,0.538011786300734,29,NA,NA,NA
"real","PHL_NRU",-0.112747311739844,2.30985903180264,16,NA,NA,NA
"real","PHL_NZL",-0.0768054210564965,0.141184075471883,21,NA,NA,NA
"real","PHL_OMN",-0.0228008159059066,0.501493946331249,32,NA,NA,NA
"real","PHL_PNG",-0.920279352116447,3.93598140070571,28,NA,NA,NA
"real","PHL_PRI",-0.0311300929760683,0.195206069851394,8,NA,NA,NA
"real","PHL_PRT",-0.440554797934016,0.37420103214321,32,NA,NA,NA
"real","PHL_PYF",-1.69930425884756,3.7201743605863,31,NA,NA,NA
"real","PHL_QAT",-0.817522911702329,3.40650438981196,31,NA,NA,NA
"real","PHL_SAU",-0.0963998914457821,0.155956693160105,32,NA,NA,NA
"real","PHL_STP",-2.11047647540391,9.99128817008729,12,NA,NA,NA
"real","PHL_SWE",-0.285722764044539,0.421201715905491,32,NA,NA,NA
"real","PHL_TCD",-0.260553197098584,6.65903976625374,12,NA,NA,NA
"real","PHL_TON",-0.518350284954005,1.04321725791956,23,NA,NA,NA
"real","PHL_TWN",-0.832755808262557,2.86439854841641,32,NA,NA,NA
"real","PHL_USA",-0.145592237407372,0.494896461385885,32,NA,NA,NA
"real","PNG_AUT",-0.136993177130045,1.14723884504344,20,NA,NA,NA
"real","PNG_CAN",-0.225031122497063,1.03684569599827,32,NA,NA,NA
"real","PNG_CHE",-1.16886848752365,5.23548277893911,32,NA,NA,NA
"real","PNG_CHN",-0.611563519316926,4.66209492901003,32,NA,NA,NA
"real","PNG_COL",-2.07099786956839,13.0431235708475,16,NA,NA,NA
"real","PNG_DEU",0.00773965053337609,0.0944648496668055,20,NA,NA,NA
"real","PNG_DNK",-0.357462154376774,0.630415807361914,20,NA,NA,NA
"real","PNG_ESP",-1.00813908566534,1.83310399657725,20,NA,NA,NA
"real","PNG_FIN",-1.82471029189154,8.58706542255188,20,NA,NA,NA
"real","PNG_FRA",-0.00791599747361158,0.466658110045934,20,NA,NA,NA
"real","PNG_GBR",-0.0987576222278831,0.330398096011654,20,NA,NA,NA
"real","PNG_GRC",-1.31392679730857,4.42745743554136,16,NA,NA,NA
"real","PNG_IDN",-0.621823419720905,3.02055395841249,32,NA,NA,NA
"real","PNG_IND",-0.743007595192608,2.06683115300007,32,NA,NA,NA
"real","PNG_IRL",0.26953813814368,0.414861785772497,20,NA,NA,NA
"real","PNG_ITA",-0.866226066616582,2.20364272096206,20,NA,NA,NA
"real","PNG_JOR",-1.70493260103396,15.4610041151421,9,NA,NA,NA
"real","PNG_JPN",-0.14123837468415,0.0700675183126537,32,NA,NA,NA
"real","PNG_KEN",-0.891869568196878,10.7790429116042,13,NA,NA,NA
"real","PNG_KOR",0.250162838221801,0.545621711481085,32,NA,NA,NA
"real","PNG_LKA",-0.413016858157944,1.23707002459705,30,NA,NA,NA
"real","PNG_MYS",-0.522561353706168,0.705801302330638,32,NA,NA,NA
"real","PNG_NLD",-0.295321382682324,0.90860367530543,20,NA,NA,NA
"real","PNG_NOR",-0.943569418494515,4.90453157694336,27,NA,NA,NA
"real","PNG_PAK",-0.120116064882651,2.3087613016349,29,NA,NA,NA
"real","PNG_PHL",-0.969498574930082,4.2145107635473,32,NA,NA,NA
"real","PNG_PRT",-0.305287581068439,0.757476832499164,19,NA,NA,NA
"real","PNG_PYF",-0.402826818055348,3.98046877954412,29,NA,NA,NA
"real","PNG_SGP",-0.167252068690521,0.867091311856116,32,NA,NA,NA
"real","PNG_SWE",-0.486678805870582,2.10144229497105,20,NA,NA,NA
"real","PNG_THA",-0.335548478925723,0.858414352718713,32,NA,NA,NA
"real","PNG_TUR",-0.84135616019806,4.17033292979373,20,NA,NA,NA
"real","PNG_TWN",-2.34755928406004,5.47226964716807,31,NA,NA,NA
"real","PNG_USA",0.194617002618256,0.405567599399023,32,NA,NA,NA
"real","POL_ARG",-0.593562834882345,3.60143176074977,30,NA,NA,NA
"real","POL_AUS",-0.40450760290926,0.267186943547154,32,NA,NA,NA
"real","POL_BRA",0.170428997314843,1.01170379634949,32,NA,NA,NA
"real","POL_CAN",-0.463983523009582,1.20873731705357,28,NA,NA,NA
"real","POL_CHL",-0.506514046200682,1.02873076903161,15,NA,NA,NA
"real","POL_DZA",-1.06704788031112,4.68320455737558,15,NA,NA,NA
"real","POL_EGY",-1.29412561804443,4.73003079292407,15,NA,NA,NA
"real","POL_IND",0.240711829537907,0.340777701397973,32,NA,NA,NA
"real","POL_JOR",-0.52772991413458,3.13741137137232,15,NA,NA,NA
"real","POL_JPN",-0.245029579189344,0.304604924084521,30,NA,NA,NA
"real","POL_KEN",-0.624396237710575,0.745284787867926,28,NA,NA,NA
"real","POL_LBY",-0.333407252762992,0.715451270324186,30,NA,NA,NA
"real","POL_MAR",-1.01040070374015,4.84043836076356,14,NA,NA,NA
"real","POL_SAU",-0.445087957981287,0.535294733549971,31,NA,NA,NA
"real","POL_THA",0.287178596221313,0.583063583099779,32,NA,NA,NA
"real","POL_TUN",-0.365485848150578,0.869869915973375,15,NA,NA,NA
"real","POL_TUR",-0.131492956378478,0.566288919025146,11,NA,NA,NA
"real","POL_TWN",-0.545585914173398,2.19227973475629,32,NA,NA,NA
"real","POL_URY",-0.0176013730244174,0.724519008999,29,NA,NA,NA
"real","POL_USA",-0.468724875964313,0.874745144919705,32,NA,NA,NA
"real","PRI_CHE",-0.160599045718452,0.513424471524968,12,NA,NA,NA
"real","PRI_ISL",-0.113711438270328,0.724197282822247,8,NA,NA,NA
"real","PRI_NOR",-0.0195495076113463,1.5285311118749,12,NA,NA,NA
"real","PRI_PAN",-0.505620900419097,3.2260318727074,10,NA,NA,NA
"real","PRI_THA",-0.754305559969101,3.98179753640218,9,NA,NA,NA
"real","PRI_TTO",-0.476816888806697,4.29928419585949,8,NA,NA,NA
"real","PRI_TUR",-0.000944264475470839,1.18872138004231e-05,12,NA,NA,NA
"real","PRK_AUS",-0.757663541968594,3.82196824738792,26,NA,NA,NA
"real","PRK_BGR",-1.46644211023942,9.49256883639756,23,NA,NA,NA
"real","PRK_CAN",-0.35600948159715,1.86490157955305,31,NA,NA,NA
"real","PRK_CHE",0.0823541520329617,2.80492752067175,29,NA,NA,NA
"real","PRK_CHN",-0.412649487499846,0.408729475947531,32,NA,NA,NA
"real","PRK_DEU",-0.230528178597045,2.03671213620542,32,NA,NA,NA
"real","PRK_DNK",-0.938394052299852,6.18940631020507,31,NA,NA,NA
"real","PRK_FIN",-0.906864848171693,4.09857022749652,31,NA,NA,NA
"real","PRK_FRA",-0.679736087251987,8.92360127873852,28,NA,NA,NA
"real","PRK_GRC",-2.46826794040165,5.31882911312069,28,NA,NA,NA
"real","PRK_ITA",-0.623127882803605,2.22561129450824,32,NA,NA,NA
"real","PRK_JPN",-0.241918340994478,3.34658741607281,20,NA,NA,NA
"real","PRK_NLD",-1.32791493975461,3.81346903839993,32,NA,NA,NA
"real","PRK_NZL",-0.309419723052135,2.29610373770414,11,NA,NA,NA
"real","PRK_PRT",-0.694296897892426,3.04681275522592,25,NA,NA,NA
"real","PRK_SWE",-0.89355262322438,3.12149118058575,32,NA,NA,NA
"real","PRT_AFG",-0.321353792860682,1.7809755830149,30,NA,NA,NA
"real","PRT_AGO",0.0958889304878197,0.0770717449734182,32,NA,NA,NA
"real","PRT_ALB",-0.197365122137674,1.24290894104145,16,NA,NA,NA
"real","PRT_ARE",-0.173480602217339,0.139735708316379,32,NA,NA,NA
"real","PRT_ARG",-0.0613856260481378,0.168803842701115,32,NA,NA,NA
"real","PRT_ATG",-1.72645456665338,3.29689100501574,19,NA,NA,NA
"real","PRT_AUS",0.140281265236407,0.194887607060369,32,NA,NA,NA
"real","PRT_BDI",-0.257469279286723,1.15158775627538,32,NA,NA,NA
"real","PRT_BEN",-0.514321561330151,0.55171079715433,32,NA,NA,NA
"real","PRT_BFA",-0.178424963675624,0.262362654182217,32,NA,NA,NA
"real","PRT_BGD",-0.533591852844983,0.661751209674485,32,NA,NA,NA
"real","PRT_BHR",-0.18728943226581,0.172498045166559,32,NA,NA,NA
"real","PRT_BHS",-0.342323283965245,0.619254754519278,19,NA,NA,NA
"real","PRT_BLZ",-0.265958474039094,1.28553322902058,16,NA,NA,NA
"real","PRT_BOL",-0.375154733368989,0.335388731431506,32,NA,NA,NA
"real","PRT_BRA",-0.302002571859957,0.339746443197054,32,NA,NA,NA
"real","PRT_BRB",-0.149381095674507,0.499069025105801,19,NA,NA,NA
"real","PRT_BRN",-1.15742081013529,2.15303665764297,29,NA,NA,NA
"real","PRT_CAF",-0.422859317493175,1.8002542287662,32,NA,NA,NA
"real","PRT_CAN",0.100068392951505,0.0947765432568108,28,NA,NA,NA
"real","PRT_CCK",-0.96575275282579,2.91244308268422,16,NA,NA,NA
"real","PRT_CHL",-0.230206270658869,0.352135463589076,14,NA,NA,NA
"real","PRT_CHN",-0.252535429895517,0.259671748359212,32,NA,NA,NA
"real","PRT_CIV",-0.17940141386906,0.224993492209788,27,NA,NA,NA
"real","PRT_CMR",-0.350959903608931,0.344370871393242,25,NA,NA,NA
"real","PRT_COD",-0.0620944016927269,0.408142960706781,32,NA,NA,NA
"real","PRT_COG",-0.82374356387389,0.547264159756518,32,NA,NA,NA
"real","PRT_COL",-0.29902574783139,0.280115728889572,24,NA,NA,NA
"real","PRT_COM",-0.583745510497172,2.10662959941049,31,NA,NA,NA
"real","PRT_CPV",0.0108870439429433,0.0128591951200738,32,NA,NA,NA
"real","PRT_CRI",-0.0991940434923673,0.238323561400624,24,NA,NA,NA
"real","PRT_CUB",-0.552381060083845,0.844139132650809,32,NA,NA,NA
"real","PRT_DJI",-0.49523083506042,1.29560139942211,32,NA,NA,NA
"real","PRT_DMA",-0.649138929753119,1.55123641602405,19,NA,NA,NA
"real","PRT_DOM",0.0882841037797393,0.5978293346655,19,NA,NA,NA
"real","PRT_ECU",-0.225931287445843,0.384418584726144,28,NA,NA,NA
"real","PRT_FJI",-0.605964261728115,1.9265527505433,20,NA,NA,NA
"real","PRT_GAB",-0.324035314826788,0.567133250504908,32,NA,NA,NA
"real","PRT_GHA",-0.166358288635271,0.375397919257822,27,NA,NA,NA
"real","PRT_GIB",-1.24667649502712,2.11626171808194,32,NA,NA,NA
"real","PRT_GIN",-0.310686273278732,0.486627481420031,32,NA,NA,NA
"real","PRT_GLP",0.0761282279861418,0.402845283692288,8,NA,NA,NA
"real","PRT_GMB",-0.550958595501252,0.983151342135591,32,NA,NA,NA
"real","PRT_GNB",-0.0400632331572473,0.0402031729034397,32,NA,NA,NA
"real","PRT_GNQ",-1.29948048183951,3.9815258093065,31,NA,NA,NA
"real","PRT_GRD",0.150107137000936,0.853231827643116,19,NA,NA,NA
"real","PRT_GTM",0.112092924033466,0.34710205321901,24,NA,NA,NA
"real","PRT_GUF",-0.371622869088162,0.890808850094352,8,NA,NA,NA
"real","PRT_GUY",-0.555685132233761,2.44498362672781,19,NA,NA,NA
"real","PRT_HND",0.0403988408678018,0.538166983072619,24,NA,NA,NA
"real","PRT_HTI",-0.618464788087243,1.12036085569156,32,NA,NA,NA
"real","PRT_IDN",-0.443486839410209,0.430641899405815,32,NA,NA,NA
"real","PRT_IND",-0.0748553052478791,0.176697588799724,32,NA,NA,NA
"real","PRT_IRN",-0.104136847694072,0.32715914535815,32,NA,NA,NA
"real","PRT_IRQ",-0.794941059292845,1.89078300650854,32,NA,NA,NA
"real","PRT_JAM",-0.0574447637804723,0.508370034478624,19,NA,NA,NA
"real","PRT_JOR",-0.585318472681371,1.20448644410429,13,NA,NA,NA
"real","PRT_JPN",0.0433198095190816,0.0993932810000477,30,NA,NA,NA
"real","PRT_KEN",0.0431659450781321,0.405586096113769,32,NA,NA,NA
"real","PRT_KNA",-0.24466754786522,2.03287970248847,19,NA,NA,NA
"real","PRT_KOR",-0.0311387266196228,0.217381112164927,22,NA,NA,NA
"real","PRT_KWT",-0.182662776780083,0.24886800470443,32,NA,NA,NA
"real","PRT_LBR",-1.83493695724836,4.21341161639712,32,NA,NA,NA
"real","PRT_LBY",-0.456274684124389,0.610537669494765,32,NA,NA,NA
"real","PRT_LCA",0.0392205849630893,0.684649490804001,19,NA,NA,NA
"real","PRT_LKA",-0.50851673222612,0.556450228517382,32,NA,NA,NA
"real","PRT_MAC",0.451859876907026,0.864079163440451,32,NA,NA,NA
"real","PRT_MDG",-0.172896190192042,0.333921044283824,23,NA,NA,NA
"real","PRT_MDV",-1.05204667159912,1.97671691534442,32,NA,NA,NA
"real","PRT_MEX",-0.170997534850437,0.303830528151483,11,NA,NA,NA
"real","PRT_MLI",-0.352656365848709,0.471071262010341,32,NA,NA,NA
"real","PRT_MMR",-0.928731489302735,1.46479255660619,28,NA,NA,NA
"real","PRT_MOZ",0.100698172871247,0.126212413393255,27,NA,NA,NA
"real","PRT_MRT",-0.205374187012595,0.531864464250215,32,NA,NA,NA
"real","PRT_MTQ",0.0544277404615729,0.773109120584696,8,NA,NA,NA
"real","PRT_MUS",-0.0423242749568984,0.127358745278015,23,NA,NA,NA
"real","PRT_MWI",-0.737375579870483,1.08080884837091,32,NA,NA,NA
"real","PRT_MYS",-0.315362362773298,0.663462236530466,32,NA,NA,NA
"real","PRT_NER",0.0404371271823898,0.83878612894583,32,NA,NA,NA
"real","PRT_NGA",0.0479614893828598,0.280903843041531,32,NA,NA,NA
"real","PRT_NIC",-0.408587740365976,0.882137879490932,24,NA,NA,NA
"real","PRT_NPL",-0.995508064692259,2.55702278044997,29,NA,NA,NA
"real","PRT_NZL",0.174510935633657,0.218069279933636,32,NA,NA,NA
"real","PRT_OMN",-0.626532658855291,0.670945490546612,32,NA,NA,NA
"real","PRT_PAK",-0.0363501304806073,0.25185715189931,32,NA,NA,NA
"real","PRT_PAN",-0.180209032161221,0.619094326011717,24,NA,NA,NA
"real","PRT_PER",-0.143121248229645,0.166371475976089,24,NA,NA,NA
"real","PRT_PHL",0.141479835748933,0.385866283876225,32,NA,NA,NA
"real","PRT_PNG",-0.569709047390728,1.76531002412424,19,NA,NA,NA
"real","PRT_PRK",-0.633592872048775,4.80726299434658,25,NA,NA,NA
"real","PRT_PRY",-0.960712768408493,1.17556582536738,32,NA,NA,NA
"real","PRT_QAT",-0.551804333771679,0.439419694629062,32,NA,NA,NA
"real","PRT_REU",0.2184868295205,0.25323033537186,8,NA,NA,NA
"real","PRT_RWA",-0.727894258341721,1.58245276834767,32,NA,NA,NA
"real","PRT_SAU",-0.083935197888509,0.0453124225422495,32,NA,NA,NA
"real","PRT_SDN",-0.536890235724584,0.841429385870443,31,NA,NA,NA
"real","PRT_SEN",-0.153299153180375,0.198474035875034,32,NA,NA,NA
"real","PRT_SGP",-0.169398044121432,0.290704505999295,30,NA,NA,NA
"real","PRT_SLB",-1.74545052405398,10.2901586599519,24,NA,NA,NA
"real","PRT_SLE",-0.77307544671338,0.849693220606699,32,NA,NA,NA
"real","PRT_SLV",-0.198109671349547,0.232496236864472,24,NA,NA,NA
"real","PRT_SOM",-0.777378577569129,4.88303020152124,29,NA,NA,NA
"real","PRT_STP",-0.129134837497893,0.07209703140877,32,NA,NA,NA
"real","PRT_SUR",-0.366505583880947,2.01006956452303,18,NA,NA,NA
"real","PRT_SYC",-0.39266471914089,1.33950959176618,23,NA,NA,NA
"real","PRT_TCD",-1.0952731963207,4.33995285366112,32,NA,NA,NA
"real","PRT_TGO",-0.676903989586882,0.87096687518847,32,NA,NA,NA
"real","PRT_THA",0.0782872620389265,0.133962937370704,32,NA,NA,NA
"real","PRT_TON",-1.30416132128477,7.98952609521055,13,NA,NA,NA
"real","PRT_TTO",0.113207470943914,0.423519329091257,19,NA,NA,NA
"real","PRT_TWN",0.0674563262115509,0.12890405443456,32,NA,NA,NA
"real","PRT_TZA",0.10668877701266,1.37832624199549,32,NA,NA,NA
"real","PRT_UGA",-0.0231344853128806,0.739896877780604,32,NA,NA,NA
"real","PRT_URY",-0.150944859679155,0.237287472648903,32,NA,NA,NA
"real","PRT_USA",-0.0354083322822872,0.0192216114782134,32,NA,NA,NA
"real","PRT_VCT",-0.690940540404364,1.17261385083576,19,NA,NA,NA
"real","PRT_VEN",-0.540761869287499,0.617021047203126,32,NA,NA,NA
"real","PRT_VNM",-0.462200097790061,0.549585134334818,31,NA,NA,NA
"real","PRT_VUT",-1.3511712451747,6.70016905049753,24,NA,NA,NA
"real","PRT_YEM",-0.335757835841616,0.882794228509919,31,NA,NA,NA
"real","PRT_ZAF",-0.880851956462774,3.14187308326404,11,NA,NA,NA
"real","PRT_ZMB",-0.79215630652197,1.88881966368377,32,NA,NA,NA
"real","PRT_ZWE",-0.367252073433897,1.31707518789782,23,NA,NA,NA
"real","PRY_AUS",-0.725308172284499,1.07598066827451,31,NA,NA,NA
"real","PRY_AUT",-0.457443451644864,1.31119481553574,32,NA,NA,NA
"real","PRY_CAN",-0.247752166385086,1.22601445833134,32,NA,NA,NA
"real","PRY_CHE",0.138693014163333,1.28233985757739,32,NA,NA,NA
"real","PRY_DEU",-0.420556699741299,0.864389624308706,32,NA,NA,NA
"real","PRY_DNK",-0.839551060224522,1.48314654187182,32,NA,NA,NA
"real","PRY_DZA",-1.08340244316836,4.49796208480326,21,NA,NA,NA
"real","PRY_ESP",-0.105163343504186,0.422842592445667,32,NA,NA,NA
"real","PRY_FIN",-0.358219620722052,1.95778765723048,32,NA,NA,NA
"real","PRY_FRA",0.0669290131135396,0.365655169921286,32,NA,NA,NA
"real","PRY_GBR",-0.508850011823084,1.15849615076288,32,NA,NA,NA
"real","PRY_GRC",-1.72610397876548,5.01161200490874,32,NA,NA,NA
"real","PRY_IDN",-1.29218864540646,2.58588267190988,32,NA,NA,NA
"real","PRY_IND",-1.61801487780686,3.71432860571623,20,NA,NA,NA
"real","PRY_ISL",-0.352511530224197,3.50353964186367,29,NA,NA,NA
"real","PRY_ITA",-0.123084230207781,0.111313995883591,32,NA,NA,NA
"real","PRY_JOR",-1.17363318812355,2.16756549393803,24,NA,NA,NA
"real","PRY_JPN",-0.0478401756617184,0.56555796323554,32,NA,NA,NA
"real","PRY_MAR",-1.17659158596347,4.0598978613772,28,NA,NA,NA
"real","PRY_MYS",-1.43011951935584,3.5090258236873,31,NA,NA,NA
"real","PRY_NLD",0.0777919213278486,0.50563676690942,32,NA,NA,NA
"real","PRY_NOR",-0.954724802629615,3.24878519083751,31,NA,NA,NA
"real","PRY_OMN",-1.15863159237544,4.63851763887627,15,NA,NA,NA
"real","PRY_PRT",-0.512381815893006,1.39268662324611,32,NA,NA,NA
"real","PRY_SGP",-0.431893483709393,1.7034803155131,32,NA,NA,NA
"real","PRY_SWE",-1.68381791476153,2.95380538628337,31,NA,NA,NA
"real","PRY_SYR",-1.68130314087866,2.40169060331101,16,NA,NA,NA
"real","PRY_THA",-1.22797539978675,4.21849633291408,32,NA,NA,NA
"real","PRY_TWN",0.0529409556612357,0.941885906620562,32,NA,NA,NA
"real","PRY_USA",0.0631670126837294,0.233244694167112,32,NA,NA,NA
"real","PYF_AUS",-0.301434091695323,0.640440420448267,32,NA,NA,NA
"real","PYF_FJI",-0.75164078614019,1.86466287212277,24,NA,NA,NA
"real","PYF_JPN",-0.0865571599462667,0.127358224802973,32,NA,NA,NA
"real","PYF_KOR",-0.353920548876335,0.896225183451758,31,NA,NA,NA
"real","PYF_NZL",-1.05688128949898,3.05377072208881,32,NA,NA,NA
"real","PYF_SGP",-1.00382678313082,2.37712638095755,32,NA,NA,NA
"real","PYF_TWN",-0.30780029512047,1.16115250181559,30,NA,NA,NA
"real","PYF_USA",-0.246547093481441,0.681054176882441,32,NA,NA,NA
"real","QAT_AUS",0.191287668737507,0.950700767332921,32,NA,NA,NA
"real","QAT_CHE",-1.66480834014312,4.49201305984655,25,NA,NA,NA
"real","QAT_CHN",-0.381483520777905,2.65154654234148,29,NA,NA,NA
"real","QAT_COL",-0.658735151974414,1.99838611404993,26,NA,NA,NA
"real","QAT_DEU",-0.408135146940583,1.12389258593486,32,NA,NA,NA
"real","QAT_FRA",-1.65144759428467,4.08564170241139,29,NA,NA,NA
"real","QAT_GBR",-1.93820553354429,6.51338831677914,30,NA,NA,NA
"real","QAT_GRC",-1.80437612096851,7.48849379054083,30,NA,NA,NA
"real","QAT_GTM",-1.1219580621083,7.97816262485497,13,NA,NA,NA
"real","QAT_IND",-0.380704793647026,0.267770850091188,32,NA,NA,NA
"real","QAT_ITA",-2.51675634395991,7.58437513313552,31,NA,NA,NA
"real","QAT_JPN",0.115086180754318,0.0433139610650784,32,NA,NA,NA
"real","QAT_KOR",-0.198083464806111,0.184992561282839,32,NA,NA,NA
"real","QAT_PRT",-2.2936227640203,7.00033007799772,29,NA,NA,NA
"real","QAT_SGP",-0.464583729757034,2.1467684245299,24,NA,NA,NA
"real","QAT_THA",-0.132572350086837,0.726635467691889,32,NA,NA,NA
"real","QAT_TUR",-0.959979305476634,1.0533682869943,32,NA,NA,NA
"real","REU_AUS",0.184466337970051,0.990309861192333,8,NA,NA,NA
"real","REU_AUT",-0.0802774249536685,1.15054170162239,8,NA,NA,NA
"real","REU_CAN",0.446572280497472,2.03574799816419,12,NA,NA,NA
"real","REU_CHE",-0.398406917491558,2.0056639422497,11,NA,NA,NA
"real","REU_DEU",0.250482429475879,1.01990985387018,9,NA,NA,NA
"real","REU_ESP",-0.405367111167504,1.35167572846054,9,NA,NA,NA
"real","REU_FRA",-0.633795636383814,0.470176264327063,9,NA,NA,NA
"real","REU_JPN",0.0158127564532291,0.696726644959004,12,NA,NA,NA
"real","REU_MUS",-0.848399602880555,0.974185587139504,11,NA,NA,NA
"real","REU_NLD",-1.98222196383663,4.08528081966541,8,NA,NA,NA
"real","REU_USA",-0.152621594549544,1.62327580071067,12,NA,NA,NA
"real","ROU_AUS",-0.339484798829871,0.277953785180927,32,NA,NA,NA
"real","ROU_BGR",-0.125299283671171,0.605994729337119,10,NA,NA,NA
"real","ROU_CAN",-0.561048857004367,3.07704153276361,28,NA,NA,NA
"real","ROU_HUN",-0.425227470491896,1.62853347761464,8,NA,NA,NA
"real","ROU_JOR",-0.094814281719364,0.541490295048343,18,NA,NA,NA
"real","ROU_JPN",-0.200222986695319,0.159669739048139,30,NA,NA,NA
"real","ROU_MLT",-1.43015754633877,6.89819369460906,15,NA,NA,NA
"real","ROU_NZL",-0.553544797229569,0.521603176466464,32,NA,NA,NA
"real","ROU_USA",-0.371750689347012,1.01191081654273,32,NA,NA,NA
"real","RWA_AUS",-0.971119524538205,3.84420856296569,22,NA,NA,NA
"real","RWA_AUT",-2.49291171906654,5.56374598275168,32,NA,NA,NA
"real","RWA_CAN",-0.931118976291143,3.28693326270176,32,NA,NA,NA
"real","RWA_CHE",-1.79523888852778,4.04581115722532,32,NA,NA,NA
"real","RWA_CHN",-1.03913176027284,4.44972166813049,30,NA,NA,NA
"real","RWA_DEU",-0.267980899956362,2.74476849543875,32,NA,NA,NA
"real","RWA_DNK",-0.19738992725207,2.16985712817526,32,NA,NA,NA
"real","RWA_ESP",-0.198529413705261,1.9162109972909,32,NA,NA,NA
"real","RWA_FIN",-1.47747730212629,6.31965550889178,30,NA,NA,NA
"real","RWA_FRA",-0.347458777160642,0.824137605298138,32,NA,NA,NA
"real","RWA_GBR",-0.0287888594039925,0.290084815223858,32,NA,NA,NA
"real","RWA_IRL",-1.0875676084699,7.35508431035501,31,NA,NA,NA
"real","RWA_ITA",-0.405386704744303,2.2323280859583,31,NA,NA,NA
"real","RWA_JPN",-0.731216777214195,2.23094212505923,32,NA,NA,NA
"real","RWA_KOR",-1.54009405907953,4.01615118422155,24,NA,NA,NA
"real","RWA_NLD",-0.16063679022344,1.98470445373742,32,NA,NA,NA
"real","RWA_NOR",-1.07478025604094,3.18767206646915,23,NA,NA,NA
"real","RWA_OMN",-0.881576261155892,3.9530920670541,19,NA,NA,NA
"real","RWA_SWE",-0.507713619477078,2.08037407467109,30,NA,NA,NA
"real","RWA_USA",-0.286223775818612,0.504243579892051,32,NA,NA,NA
"real","SAU_AUS",0.235129942193003,0.872156337794792,32,NA,NA,NA
"real","SAU_AUT",-0.819409050932953,3.30066023636363,32,NA,NA,NA
"real","SAU_CAN",-0.303606901253229,2.14263368019335,32,NA,NA,NA
"real","SAU_CHE",0.434003168482026,1.16088739036524,25,NA,NA,NA
"real","SAU_CHN",-0.885518495950032,3.61551067735086,32,NA,NA,NA
"real","SAU_DEU",0.236812662255761,0.481350297011745,32,NA,NA,NA
"real","SAU_DJI",-0.599109579563846,1.26996395427767,30,NA,NA,NA
"real","SAU_EGY",-1.33302908858218,4.63780377340532,9,NA,NA,NA
"real","SAU_FIN",-0.366955446981007,2.21998962057989,32,NA,NA,NA
"real","SAU_FRA",-0.613172990499568,3.00899609346066,32,NA,NA,NA
"real","SAU_GBR",-0.298162114760835,1.73750261239085,32,NA,NA,NA
"real","SAU_GRC",-0.159833436784991,0.352891716183124,32,NA,NA,NA
"real","SAU_GTM",-1.61140226469921,4.20691742572161,26,NA,NA,NA
"real","SAU_IDN",-0.163140591085056,0.293813120597266,32,NA,NA,NA
"real","SAU_IND",-0.221174351371232,0.413874874529322,32,NA,NA,NA
"real","SAU_ITA",-0.57302004580192,1.92206307090831,32,NA,NA,NA
"real","SAU_JOR",-0.465504257444267,2.16457816907035,9,NA,NA,NA
"real","SAU_JPN",-0.101391026965138,0.117112153284006,32,NA,NA,NA
"real","SAU_KEN",-0.529612828188319,2.81617543442515,31,NA,NA,NA
"real","SAU_KOR",-0.0287724634940716,0.0426171963992614,32,NA,NA,NA
"real","SAU_LKA",-0.59208907273606,2.54234405970542,32,NA,NA,NA
"real","SAU_MLT",-0.834133133503218,2.7343954731119,31,NA,NA,NA
"real","SAU_MYS",-0.327390931386816,0.327146200157737,32,NA,NA,NA
"real","SAU_NLD",-0.548176947124288,4.93811023435813,32,NA,NA,NA
"real","SAU_NOR",-0.498987305817677,2.52636761104233,25,NA,NA,NA
"real","SAU_NZL",-0.0260133691562364,1.47327024554568,32,NA,NA,NA
"real","SAU_PRT",0.0345414641056109,0.0934494394783209,32,NA,NA,NA
"real","SAU_SEN",-1.02896306881975,2.77840363680108,32,NA,NA,NA
"real","SAU_SGP",-0.0495102415735674,0.535022625122578,24,NA,NA,NA
"real","SAU_SWE",-0.306967013854343,2.22722165309624,32,NA,NA,NA
"real","SAU_SYR",0.0718849103697893,0.213489868263619,8,NA,NA,NA
"real","SAU_THA",-0.23157113554167,0.24439913617061,32,NA,NA,NA
"real","SAU_TUR",0.228450866681792,0.75135836397299,32,NA,NA,NA
"real","SAU_TWN",-0.85297687962681,6.37432371835108,31,NA,NA,NA
"real","SAU_USA",-0.960841542669836,9.25226844438975,32,NA,NA,NA
"real","SDN_AUS",-1.56818004077713,4.7338001850503,31,NA,NA,NA
"real","SDN_AUT",0.339130785233024,2.38412796546823,32,NA,NA,NA
"real","SDN_CAN",-2.03837477449833,4.16597098843461,32,NA,NA,NA
"real","SDN_CHE",0.00973964886193648,2.63336942105195,32,NA,NA,NA
"real","SDN_CHN",-0.517883590594333,1.88344482671751,32,NA,NA,NA
"real","SDN_DEU",0.604883795045677,1.46189695893181,32,NA,NA,NA
"real","SDN_DNK",-0.628663841947469,9.40933319628736,32,NA,NA,NA
"real","SDN_ESP",0.397822614947906,2.70835273173686,32,NA,NA,NA
"real","SDN_FIN",-0.266849470156707,3.95666848697127,32,NA,NA,NA
"real","SDN_FRA",0.456637469314125,1.82877459407488,32,NA,NA,NA
"real","SDN_GBR",0.362686534951936,1.61642619219624,32,NA,NA,NA
"real","SDN_GRC",0.652001976394397,2.07137066011653,32,NA,NA,NA
"real","SDN_HND",-0.455833533669608,4.11116251285197,16,NA,NA,NA
"real","SDN_HUN",-0.543659901734003,5.32236867020151,25,NA,NA,NA
"real","SDN_IRL",0.0279512890284172,4.95103684121576,29,NA,NA,NA
"real","SDN_ISL",0.620953963449698,1.31836841666047,30,NA,NA,NA
"real","SDN_ITA",0.4938689328821,2.39868026946283,32,NA,NA,NA
"real","SDN_JOR",-0.625466629885859,1.14684740691131,9,NA,NA,NA
"real","SDN_JPN",-0.886549150563679,0.937054804348623,32,NA,NA,NA
"real","SDN_NLD",0.24238691940873,1.92114057823076,32,NA,NA,NA
"real","SDN_NOR",-0.171543992032112,4.10445063184911,29,NA,NA,NA
"real","SDN_PRT",-0.895523942893813,7.78094277487428,30,NA,NA,NA
"real","SDN_SAU",-0.429257110740749,1.73187005643342,8,NA,NA,NA
"real","SDN_SWE",0.134883526294356,2.6147976155183,31,NA,NA,NA
"real","SDN_TUR",0.326840018659122,2.83907259646807,32,NA,NA,NA
"real","SDN_TWN",-1.07792599776981,3.17237365315708,32,NA,NA,NA
"real","SDN_USA",0.272258086183778,3.65590552014259,32,NA,NA,NA
"real","SEN_AUS",-0.978650358139068,3.78934796169726,27,NA,NA,NA
"real","SEN_AUT",-0.351496552519568,1.56599233608768,32,NA,NA,NA
"real","SEN_CAN",-0.448694471363961,1.08198927964113,32,NA,NA,NA
"real","SEN_CHE",-1.43345307604484,1.80519052215871,32,NA,NA,NA
"real","SEN_CHN",-1.64748819156173,2.73702068446182,32,NA,NA,NA
"real","SEN_DEU",0.0793617685164337,0.42077101074832,32,NA,NA,NA
"real","SEN_DNK",-0.55002039916223,1.07299687913848,32,NA,NA,NA
"real","SEN_ESP",-0.118784840241588,0.170301532805956,32,NA,NA,NA
"real","SEN_FIN",-1.44898220577113,2.88550451081136,32,NA,NA,NA
"real","SEN_FRA",-0.118219931407942,0.466254337916706,32,NA,NA,NA
"real","SEN_GAB",-0.150530894739315,0.898232000961319,27,NA,NA,NA
"real","SEN_GBR",-0.330047524431552,0.481589103186655,32,NA,NA,NA
"real","SEN_GRC",-0.179371297946372,1.06888066753282,31,NA,NA,NA
"real","SEN_IDN",-0.268741167257071,0.812761237774338,32,NA,NA,NA
"real","SEN_IND",0.131078147276072,0.383766791830685,32,NA,NA,NA
"real","SEN_IRL",-0.1398804122419,2.52639019723119,30,NA,NA,NA
"real","SEN_ISL",-1.76765049626103,3.93001943297249,27,NA,NA,NA
"real","SEN_ITA",-0.30598947447881,0.74535982826083,32,NA,NA,NA
"real","SEN_JPN",-0.0445124434628353,0.19609404767705,32,NA,NA,NA
"real","SEN_KOR",-1.03321983883007,1.71534460430445,32,NA,NA,NA
"real","SEN_MAR",-0.687954211357427,1.9840136629468,32,NA,NA,NA
"real","SEN_NLD",-0.18833471865136,0.305220455929505,32,NA,NA,NA
"real","SEN_NOR",-2.7576012675964,5.70584264783614,31,NA,NA,NA
"real","SEN_PRT",-0.0384681384906069,0.134743772728262,32,NA,NA,NA
"real","SEN_ROU",-1.59925555211899,4.02977762858002,22,NA,NA,NA
"real","SEN_SWE",-0.625820324899873,1.53403130818874,32,NA,NA,NA
"real","SEN_THA",-0.394335563086357,2.24574956148939,32,NA,NA,NA
"real","SEN_TUN",0.0137520674099161,1.22599982882775,32,NA,NA,NA
"real","SEN_TWN",-0.163232112789885,1.75536627951124,32,NA,NA,NA
"real","SEN_USA",-0.615647237116268,0.688171161964146,32,NA,NA,NA
"real","SEN_ZMB",-0.035378585045474,1.65383406316997,24,NA,NA,NA
"real","SGP_AFG",-0.138285586671023,1.74527916914208,32,NA,NA,NA
"real","SGP_ARE",-0.0319007264844353,0.123293348626209,24,NA,NA,NA
"real","SGP_ATG",-1.57048961856056,5.79299077536295,26,NA,NA,NA
"real","SGP_AUS",-0.0461206273530775,0.23404223470236,14,NA,NA,NA
"real","SGP_AUT",0.0123216024278734,0.292771405476134,30,NA,NA,NA
"real","SGP_BGR",-0.0811255795319656,0.693545150373298,30,NA,NA,NA
"real","SGP_BHR",0.102635838937168,0.305158215288713,24,NA,NA,NA
"real","SGP_BLZ",-0.397845090169213,1.44135617734721,28,NA,NA,NA
"real","SGP_BRB",-0.207560090016318,0.875339245793614,32,NA,NA,NA
"real","SGP_CAN",-0.154615823379411,0.226112997185727,30,NA,NA,NA
"real","SGP_CHE",0.0691337425077321,0.167955577787376,14,NA,NA,NA
"real","SGP_CHN",-0.130185031482258,0.138478781089483,16,NA,NA,NA
"real","SGP_CIV",-0.893085248737502,1.33199866049315,32,NA,NA,NA
"real","SGP_COG",-1.50293665831292,3.62990073810968,22,NA,NA,NA
"real","SGP_COL",0.196728583624522,1.07757274164007,8,NA,NA,NA
"real","SGP_COM",-0.104561170473139,0.912471881320462,32,NA,NA,NA
"real","SGP_CRI",-0.819423386831469,2.72357527908902,24,NA,NA,NA
"real","SGP_CYP",-0.0444287244209463,0.297040438019827,30,NA,NA,NA
"real","SGP_DEU",-0.0537989749296797,0.104727014313318,30,NA,NA,NA
"real","SGP_DJI",0.381539596097032,0.641175136909072,32,NA,NA,NA
"real","SGP_DNK",-0.762559658555984,1.20454512141215,30,NA,NA,NA
"real","SGP_DOM",-0.131116236846503,0.655520846898453,26,NA,NA,NA
"real","SGP_ESP",-0.0013331346561367,0.0884388703352888,30,NA,NA,NA
"real","SGP_FIN",-0.107259251069799,0.151137612210635,30,NA,NA,NA
"real","SGP_FJI",-0.477715416160355,0.601774181699562,32,NA,NA,NA
"real","SGP_FRA",-0.119919271064743,0.187405017391933,30,NA,NA,NA
"real","SGP_GAB",-0.60340371406307,1.26852678505132,32,NA,NA,NA
"real","SGP_GBR",-0.0526842721122528,0.344374948885606,30,NA,NA,NA
"real","SGP_GRC",-0.0957239057797647,0.368771496198961,30,NA,NA,NA
"real","SGP_GTM",-0.54328423089212,0.812666783980181,32,NA,NA,NA
"real","SGP_HND",-0.517796468704886,0.829749228390366,32,NA,NA,NA
"real","SGP_HTI",-0.0261245935626598,0.634818608815654,14,NA,NA,NA
"real","SGP_HUN",-0.286083137404686,0.431360754643032,30,NA,NA,NA
"real","SGP_IRL",0.0490420438757643,0.82902608501424,30,NA,NA,NA
"real","SGP_ISL",0.0311053353219854,0.306657533381069,14,NA,NA,NA
"real","SGP_ISR",-0.126211667256953,0.116205946995141,32,NA,NA,NA
"real","SGP_ITA",0.055140542642608,0.294301091599354,30,NA,NA,NA
"real","SGP_JAM",-0.0991679262530899,0.615905000715803,32,NA,NA,NA
"real","SGP_JOR",-0.158554269368399,0.756097176815382,16,NA,NA,NA
"real","SGP_JPN",-0.105080754411672,0.224146556598112,13,NA,NA,NA
"real","SGP_KEN",-0.159400450220764,0.585456816643482,32,NA,NA,NA
"real","SGP_KWT",0.0538286613358772,0.1371394468533,24,NA,NA,NA
"real","SGP_LBN",0.129486255920486,0.4460178295279,32,NA,NA,NA
"real","SGP_LBR",-1.43564087514293,4.36140692907529,32,NA,NA,NA
"real","SGP_LCA",0.214815087722423,0.969789628770946,29,NA,NA,NA
"real","SGP_MAC",-0.208847804838922,0.978033013669447,32,NA,NA,NA
"real","SGP_MAR",0.217958574109658,0.333225176223429,8,NA,NA,NA
"real","SGP_MDV",0.0525904890591343,0.223641743980622,32,NA,NA,NA
"real","SGP_MLT",-0.100333281316709,0.613552458238799,30,NA,NA,NA
"real","SGP_MMR",-0.514208161656913,2.20455435882713,8,NA,NA,NA
"real","SGP_MNG",0.0637981616694148,0.193008982094829,26,NA,NA,NA
"real","SGP_MUS",0.0532492662724204,0.484732194969517,32,NA,NA,NA
"real","SGP_MWI",-1.20232715368268,4.20171251435939,29,NA,NA,NA
"real","SGP_NLD",-0.110950036777121,0.267858880662698,30,NA,NA,NA
"real","SGP_NOR",-0.266776466760054,0.682676040212817,14,NA,NA,NA
"real","SGP_NPL",0.106309153122918,0.594873619346884,32,NA,NA,NA
"real","SGP_NZL",-0.11727455903826,0.192071157974902,12,NA,NA,NA
"real","SGP_OMN",-0.282355713098014,0.338949326542366,24,NA,NA,NA
"real","SGP_PAN",-0.269965220609314,0.751411712945253,17,NA,NA,NA
"real","SGP_PNG",-0.184917845508749,0.622599940623572,32,NA,NA,NA
"real","SGP_POL",-0.0574840902393746,0.13189365485101,30,NA,NA,NA
"real","SGP_PRI",-0.893743404450209,3.4108352527781,12,NA,NA,NA
"real","SGP_PRT",-0.152214698911064,0.321344521873772,30,NA,NA,NA
"real","SGP_PRY",-0.372259496665578,0.683954140366126,32,NA,NA,NA
"real","SGP_PYF",-0.67366122820425,1.2650478414846,32,NA,NA,NA
"real","SGP_QAT",-0.12528780803106,0.264583772135009,24,NA,NA,NA
"real","SGP_REU",-0.369005238470676,2.19108660382376,12,NA,NA,NA
"real","SGP_SAU",-0.127048419225167,0.189068263560096,24,NA,NA,NA
"real","SGP_SEN",-1.75065190634802,4.27077128185624,30,NA,NA,NA
"real","SGP_SLB",-0.246380825591025,1.17039536134063,32,NA,NA,NA
"real","SGP_SLV",-0.442371680728133,1.65664764593551,29,NA,NA,NA
"real","SGP_SOM",-0.232773438709666,2.9923884734774,23,NA,NA,NA
"real","SGP_SWE",-0.108218388412251,0.346871368751309,30,NA,NA,NA
"real","SGP_SYC",0.0988809741225257,0.259292408086488,32,NA,NA,NA
"real","SGP_SYR",0.0437140243022359,0.49010274734184,32,NA,NA,NA
"real","SGP_TCD",-0.531364274136471,1.34034158090133,14,NA,NA,NA
"real","SGP_TUR",0.0363379603779689,0.16121553158446,28,NA,NA,NA
"real","SGP_TWN",-0.0258720295053728,0.0896833753824361,25,NA,NA,NA
"real","SGP_URY",-0.0312359990249176,0.453117537033033,32,NA,NA,NA
"real","SGP_USA",-0.0656097509748162,0.427022490751992,32,NA,NA,NA
"real","SGP_VEN",-0.0152777808312063,0.0897875428676923,10,NA,NA,NA
"real","SGP_VUT",-0.52049362558175,1.16906123955525,26,NA,NA,NA
"real","SGP_WSM",-1.00299016786563,2.41886606280487,26,NA,NA,NA
"real","SGP_ZMB",-0.850515529990442,0.975735367741337,32,NA,NA,NA
"real","SHN_CHE",-1.35943375496998,3.78830194656665,22,NA,NA,NA
"real","SHN_JPN",0.0372374285466541,0.207878505630241,32,NA,NA,NA
"real","SLB_CHN",-1.44192786452949,6.32346087684137,28,NA,NA,NA
"real","SLB_DEU",-0.916264160858882,2.50239817842159,32,NA,NA,NA
"real","SLB_ESP",-2.05961573882108,8.68504110370169,26,NA,NA,NA
"real","SLB_FIN",-3.26665748932103,10.8662841312408,13,NA,NA,NA
"real","SLB_FRA",-0.932870406041383,3.65321966893848,30,NA,NA,NA
"real","SLB_GBR",-1.21639382373602,4.00638126479687,30,NA,NA,NA
"real","SLB_GRC",-0.823384553120579,3.6123746807793,17,NA,NA,NA
"real","SLB_IND",-1.18654121368344,3.34198946088538,30,NA,NA,NA
"real","SLB_ITA",-1.47097685996747,4.50997515278817,26,NA,NA,NA
"real","SLB_JPN",-0.466215675133589,1.22421746885328,32,NA,NA,NA
"real","SLB_KOR",0.0190701022350631,0.633794128878334,32,NA,NA,NA
"real","SLB_NLD",-1.2417380918271,5.72289008095123,29,NA,NA,NA
"real","SLB_SGP",-0.137048029308347,1.17674485245966,32,NA,NA,NA
"real","SLB_SWE",-3.3574269884422,12.8227397480339,16,NA,NA,NA
"real","SLB_THA",-0.0306439815492326,0.331271770231146,31,NA,NA,NA
"real","SLB_TUR",-2.89313683415937,12.6046017673359,14,NA,NA,NA
"real","SLB_TWN",-2.13030556479123,4.46105972195496,31,NA,NA,NA
"real","SLB_USA",-0.313852964657298,0.681935665120216,32,NA,NA,NA
"real","SLE_AUT",-2.09621538419558,10.241238943792,32,NA,NA,NA
"real","SLE_CAN",-0.101005772025175,1.05293058400231,32,NA,NA,NA
"real","SLE_CHE",-0.376865875588772,2.7532195573349,32,NA,NA,NA
"real","SLE_DEU",-0.28051017571235,1.61428438993823,32,NA,NA,NA
"real","SLE_DNK",-0.956132504025775,4.14806267263249,32,NA,NA,NA
"real","SLE_ESP",-0.733967706927082,2.51154308680273,32,NA,NA,NA
"real","SLE_FIN",-0.966154307035052,2.45370305555387,32,NA,NA,NA
"real","SLE_FRA",-0.582474786681762,2.83180578163791,32,NA,NA,NA
"real","SLE_GBR",-0.0629253460512321,1.01642916682789,32,NA,NA,NA
"real","SLE_GRC",-2.18783216250273,8.74403268781512,30,NA,NA,NA
"real","SLE_HUN",-1.72625499508067,8.74374524930373,24,NA,NA,NA
"real","SLE_IND",-0.953159232255286,3.03411105292729,24,NA,NA,NA
"real","SLE_ISL",-0.539327602214562,2.4508177795097,10,NA,NA,NA
"real","SLE_ITA",-0.399981955822366,1.56343468146375,31,NA,NA,NA
"real","SLE_JPN",-0.818301265453137,1.71180939044335,32,NA,NA,NA
"real","SLE_NLD",-0.558296628290696,1.2581975023872,32,NA,NA,NA
"real","SLE_NOR",-1.44668410066457,10.2004319082513,18,NA,NA,NA
"real","SLE_PRT",-1.47782336109161,4.75969854968882,31,NA,NA,NA
"real","SLE_SWE",-0.931315562475457,4.77102167125546,32,NA,NA,NA
"real","SLE_THA",-0.298427918950212,1.81831932894683,32,NA,NA,NA
"real","SLE_TUN",-0.567425081918417,2.22688783241384,28,NA,NA,NA
"real","SLE_USA",-0.261347525868977,1.29410665013585,32,NA,NA,NA
"real","SLV_AUS",-0.760503759053106,1.11415716668828,32,NA,NA,NA
"real","SLV_AUT",-0.0675869593352434,2.80714059343802,24,NA,NA,NA
"real","SLV_CAN",0.0401412891976839,0.260665026211026,32,NA,NA,NA
"real","SLV_CHE",0.463380291231774,1.41987228529839,32,NA,NA,NA
"real","SLV_DEU",-0.180478102929917,0.637064456029797,24,NA,NA,NA
"real","SLV_DNK",-0.323795706414654,2.78045950173088,24,NA,NA,NA
"real","SLV_ESP",-0.486054548826007,0.801543042389323,24,NA,NA,NA
"real","SLV_FIN",-0.0919946649338352,0.419581514342331,24,NA,NA,NA
"real","SLV_FRA",0.209904766014688,0.793288489743057,24,NA,NA,NA
"real","SLV_GBR",-0.169416016755889,0.511206883636049,24,NA,NA,NA
"real","SLV_GRC",-0.219941649474419,1.37724315602716,24,NA,NA,NA
"real","SLV_ISL",-0.428392543446102,1.52594586573643,32,NA,NA,NA
"real","SLV_ITA",0.108431720039332,0.369682874970718,24,NA,NA,NA
"real","SLV_JPN",0.0167997542257947,0.251729398974829,32,NA,NA,NA
"real","SLV_NLD",0.0387198871890215,1.61304820433587,24,NA,NA,NA
"real","SLV_NOR",-0.263427472790206,0.712712895675529,31,NA,NA,NA
"real","SLV_NZL",-1.93084013334256,3.20704785298714,32,NA,NA,NA
"real","SLV_PAN",-2.05999521771146,8.38198081247787,14,NA,NA,NA
"real","SLV_PRT",-0.471548538367322,1.48881314392881,24,NA,NA,NA
"real","SLV_SWE",-0.442011948118089,1.09504063550098,24,NA,NA,NA
"real","SLV_USA",-0.0768603993436952,0.0205994612606001,17,NA,NA,NA
"real","SOM_AUS",-0.952903737498261,2.17332712892359,26,NA,NA,NA
"real","SOM_AUT",-0.291712539896526,1.43030332200857,28,NA,NA,NA
"real","SOM_CHE",-0.260796425465491,4.413172117218,32,NA,NA,NA
"real","SOM_CHN",0.00858593091669551,2.22565474759933,32,NA,NA,NA
"real","SOM_DEU",-0.029140156086949,0.672091594716133,32,NA,NA,NA
"real","SOM_EGY",0.0271949186862698,2.03188791132002,29,NA,NA,NA
"real","SOM_FIN",-2.13953714338066,8.11003169609362,18,NA,NA,NA
"real","SOM_FRA",-0.424336056773795,0.816005309743961,31,NA,NA,NA
"real","SOM_GBR",-0.707129132772532,3.18841408487398,30,NA,NA,NA
"real","SOM_GRC",-1.83579417466665,7.63004108422258,20,NA,NA,NA
"real","SOM_IND",-0.357760573960328,1.80182872641608,32,NA,NA,NA
"real","SOM_ITA",-1.11268919899834,4.94577642857567,31,NA,NA,NA
"real","SOM_JPN",-1.98596802203476,4.14892625931761,27,NA,NA,NA
"real","SOM_KOR",-2.00665498056199,5.96349482035803,21,NA,NA,NA
"real","SOM_NLD",-0.573863167930781,3.84952621842367,24,NA,NA,NA
"real","SOM_NZL",-0.824198624942126,2.55091587956718,19,NA,NA,NA
"real","SOM_PRT",-1.35459020089398,6.3811066637818,12,NA,NA,NA
"real","SOM_SAU",-0.677236027671682,0.80200865561006,30,NA,NA,NA
"real","SOM_TTO",-0.584960862559162,11.71456133267,9,NA,NA,NA
"real","SOM_TUR",-0.111453392651531,1.67037689421516,32,NA,NA,NA
"real","SOM_USA",-0.281190874186351,2.61882135917112,31,NA,NA,NA
"real","SPM_CHE",-0.843672428316736,3.35859023887477,16,NA,NA,NA
"real","SPM_JPN",-1.83813100677364,4.03818290125858,21,NA,NA,NA
"real","STP_AUT",-0.456811704578893,1.56786174736752,30,NA,NA,NA
"real","STP_CHE",-1.10555870333554,3.24462692376108,31,NA,NA,NA
"real","STP_CHN",-1.59657671411606,8.96669985593921,17,NA,NA,NA
"real","STP_FRA",-0.282792902945669,0.689710000783162,32,NA,NA,NA
"real","STP_ITA",-0.35446980102536,1.45055132890111,32,NA,NA,NA
"real","STP_JPN",-0.754554338511515,1.88290070401821,24,NA,NA,NA
"real","STP_NLD",-0.0468698215505045,0.171830777585408,32,NA,NA,NA
"real","STP_PRT",-0.478833570370562,0.570024954844283,32,NA,NA,NA
"real","STP_SWE",-1.18564988572432,3.87992032436479,22,NA,NA,NA
"real","STP_THA",-1.13710417399605,2.93477000916878,30,NA,NA,NA
"real","STP_USA",-0.346604213273726,1.32213502770062,30,NA,NA,NA
"real","SUR_AUT",-0.597015069282221,1.67394016347007,18,NA,NA,NA
"real","SUR_BRA",-0.611928748016416,3.65638863080227,31,NA,NA,NA
"real","SUR_CHE",-4.20904054066797,8.31001337928707,32,NA,NA,NA
"real","SUR_DEU",-0.655551528705769,3.42257103440604,19,NA,NA,NA
"real","SUR_ESP",-0.79619582720931,2.56868128459415,19,NA,NA,NA
"real","SUR_FRA",-0.30588907290617,0.727137736521197,19,NA,NA,NA
"real","SUR_GBR",-0.260430655693395,2.93730411699913,19,NA,NA,NA
"real","SUR_GRC",-2.67428889316254,8.72625717519517,13,NA,NA,NA
"real","SUR_GUF",-0.313938418814747,1.20176941915515,8,NA,NA,NA
"real","SUR_ITA",-1.92162556611957,6.26350726216425,17,NA,NA,NA
"real","SUR_JPN",-0.195503754676074,1.07030350586734,32,NA,NA,NA
"real","SUR_MTQ",0.494386105840732,0.535251313473008,8,NA,NA,NA
"real","SUR_NLD",-0.0294667267495482,0.509595708768293,19,NA,NA,NA
"real","SUR_NOR",-1.58899040832127,12.4801725581453,28,NA,NA,NA
"real","SUR_SWE",-1.23701747151563,3.4906509860723,18,NA,NA,NA
"real","SUR_THA",-0.862100279439761,3.16958428585278,31,NA,NA,NA
"real","SUR_TWN",-1.37958169232156,3.82925527522542,25,NA,NA,NA
"real","SUR_USA",-0.420228395693621,1.85167438972315,32,NA,NA,NA
"real","SWE_ARE",-0.538194646594767,2.65510706606582,32,NA,NA,NA
"real","SWE_ARG",-0.949552787380462,6.2489742703915,32,NA,NA,NA
"real","SWE_AUS",0.101126347189773,0.107688827802425,32,NA,NA,NA
"real","SWE_BEN",-0.827881166116116,1.44799251348512,29,NA,NA,NA
"real","SWE_BHR",-0.643346724498067,3.63782148684716,32,NA,NA,NA
"real","SWE_BHS",-1.01249210555364,2.71911297525321,16,NA,NA,NA
"real","SWE_BRA",-0.130836273546503,0.584600194972641,32,NA,NA,NA
"real","SWE_CAN",-0.158358886266512,0.811042967087447,28,NA,NA,NA
"real","SWE_CHL",-0.701987412694257,3.21524302089437,14,NA,NA,NA
"real","SWE_CHN",-0.631147103645857,5.22653921332798,31,NA,NA,NA
"real","SWE_COL",-0.266207072766689,3.06336359576671,22,NA,NA,NA
"real","SWE_CRI",-0.473497779134837,2.22250487157839,22,NA,NA,NA
"real","SWE_CUB",-0.322416918342082,1.84522826169227,32,NA,NA,NA
"real","SWE_FJI",-0.36184359605376,1.11888756495407,17,NA,NA,NA
"real","SWE_GHA",-0.415676612701999,0.707750438289817,24,NA,NA,NA
"real","SWE_GMB",-0.399740846028601,2.07166629759297,30,NA,NA,NA
"real","SWE_IDN",-0.24266301493118,1.02739847019607,32,NA,NA,NA
"real","SWE_IND",-0.0297971915055671,0.0934330806493133,32,NA,NA,NA
"real","SWE_IRQ",-1.00753351315536,3.79471773281998,31,NA,NA,NA
"real","SWE_JAM",-0.536102288680242,1.09490773096574,17,NA,NA,NA
"real","SWE_JPN",0.0452600956966473,0.0480369204809435,30,NA,NA,NA
"real","SWE_KEN",-0.668845542372244,3.01939239036667,32,NA,NA,NA
"real","SWE_KOR",0.116765552927805,0.110236454553142,22,NA,NA,NA
"real","SWE_KWT",-0.463520524698789,2.31423803523882,31,NA,NA,NA
"real","SWE_LBR",-1.86840901356392,5.01832452857364,30,NA,NA,NA
"real","SWE_LBY",-0.187186338337882,0.469123776040514,32,NA,NA,NA
"real","SWE_LKA",-0.254156357037567,1.05406108845602,32,NA,NA,NA
"real","SWE_MEX",-1.16511007290555,8.13498046962892,11,NA,NA,NA
"real","SWE_MOZ",-0.494125287270225,2.42674631700108,24,NA,NA,NA
"real","SWE_MYS",-0.0736068043248229,0.687529100816557,32,NA,NA,NA
"real","SWE_NZL",-0.0661938020431749,0.591546228837735,32,NA,NA,NA
"real","SWE_OMN",-0.0662315600993347,0.254495254244174,32,NA,NA,NA
"real","SWE_PAK",-0.388311785385917,2.55770343004116,29,NA,NA,NA
"real","SWE_PAN",-0.419537432351051,1.57781023171737,21,NA,NA,NA
"real","SWE_PER",-0.345401333819713,1.73089257484486,22,NA,NA,NA
"real","SWE_PHL",-0.562540268466962,3.90255869737351,30,NA,NA,NA
"real","SWE_QAT",-0.779522001231813,3.9393613659308,31,NA,NA,NA
"real","SWE_SAU",-0.273851404543477,1.93127630879602,30,NA,NA,NA
"real","SWE_SDN",-0.361315423932306,1.18742426550337,30,NA,NA,NA
"real","SWE_SGP",-0.0952193863369942,0.533608934791483,30,NA,NA,NA
"real","SWE_THA",0.0731083304538847,0.208656274774509,32,NA,NA,NA
"real","SWE_TTO",-0.31916965597487,0.655659488047899,17,NA,NA,NA
"real","SWE_TWN",-0.453786303862395,2.27103867245565,32,NA,NA,NA
"real","SWE_TZA",-0.507110956041678,3.37017675726739,30,NA,NA,NA
"real","SWE_URY",-0.59868033515655,1.81943849160103,32,NA,NA,NA
"real","SWE_USA",-0.34881752000774,1.07289338858077,32,NA,NA,NA
"real","SWE_VNM",-0.0986474230553909,2.10574100470519,30,NA,NA,NA
"real","SWE_ZAF",-2.21186316977059,5.3483728527479,8,NA,NA,NA
"real","SWE_ZWE",-0.491599242436274,2.25425018380541,21,NA,NA,NA
"real","SWZ_AUT",-0.280636634262207,4.72098871550573,27,NA,NA,NA
"real","SWZ_CAN",0.106503083375888,0.541039128344653,29,NA,NA,NA
"real","SWZ_CHE",0.143833437895066,0.926944587492532,19,NA,NA,NA
"real","SWZ_DNK",-0.609572994318681,3.88643874110086,24,NA,NA,NA
"real","SWZ_FIN",-1.07952290597692,7.53513991509934,23,NA,NA,NA
"real","SWZ_FRA",-0.0825417891446736,0.293971332979352,27,NA,NA,NA
"real","SWZ_GBR",-0.107531533307402,0.320982937364259,27,NA,NA,NA
"real","SWZ_GRC",-1.65304844806876,4.17612689847885,19,NA,NA,NA
"real","SWZ_IRL",0.174060349376236,2.04142026230181,22,NA,NA,NA
"real","SWZ_ISL",-1.06137528128688,12.8258382149708,9,NA,NA,NA
"real","SWZ_ITA",-0.366038317588941,0.792051160125182,27,NA,NA,NA
"real","SWZ_JPN",-0.128744536430467,3.2022506082506,32,NA,NA,NA
"real","SWZ_KOR",-1.3349347610123,4.08324699871866,30,NA,NA,NA
"real","SWZ_MLT",-1.97310553098386,12.6897561171747,18,NA,NA,NA
"real","SWZ_NLD",-0.0609936006927861,0.527676410052613,27,NA,NA,NA
"real","SWZ_NOR",-1.38391673209619,9.8139628417426,17,NA,NA,NA
"real","SWZ_NZL",-2.11504411706875,7.15324536893971,23,NA,NA,NA
"real","SWZ_SAU",-1.00710760306372,3.58904321685704,24,NA,NA,NA
"real","SWZ_SWE",-1.22099660696845,7.71073391770541,21,NA,NA,NA
"real","SWZ_USA",-1.33649037264425,5.09521872529247,29,NA,NA,NA
"real","SYC_AUS",-0.867536331471464,1.3303608562205,31,NA,NA,NA
"real","SYC_BRA",-1.44459408229384,5.0502811273782,23,NA,NA,NA
"real","SYC_CAN",-0.655647868170301,1.43692300295276,32,NA,NA,NA
"real","SYC_CHE",-1.17878373470162,1.88850217615239,32,NA,NA,NA
"real","SYC_DEU",-0.527708281018663,1.18833040549764,23,NA,NA,NA
"real","SYC_FRA",-1.68586771678688,8.36263256199975,22,NA,NA,NA
"real","SYC_GBR",-1.27422914728964,7.38573059122628,23,NA,NA,NA
"real","SYC_GRC",-0.797123139842541,2.96635696394766,18,NA,NA,NA
"real","SYC_JPN",-0.977382724252486,3.11014567516354,32,NA,NA,NA
"real","SYC_THA",-0.140758983941322,2.43639501978695,32,NA,NA,NA
"real","SYC_TUN",-2.2483806777152,10.6723254984334,22,NA,NA,NA
"real","SYC_TUR",-1.45793195268541,4.66165180855369,27,NA,NA,NA
"real","SYR_AUS",-0.745593987169281,2.68450181391877,32,NA,NA,NA
"real","SYR_BGR",-0.753083543570278,1.26046929442486,12,NA,NA,NA
"real","SYR_BOL",-0.370499458098121,2.94560043261604,24,NA,NA,NA
"real","SYR_CAN",-0.928606081635988,2.46278679619483,32,NA,NA,NA
"real","SYR_CHE",-1.37880433712403,1.97448604403074,32,NA,NA,NA
"real","SYR_CYP",-0.811616130333309,2.02705358962151,15,NA,NA,NA
"real","SYR_DZA",-0.204650940595625,0.600298101260825,20,NA,NA,NA
"real","SYR_IND",-0.447221184198784,2.25705387799991,31,NA,NA,NA
"real","SYR_JPN",-0.759785518536138,0.72429337222783,32,NA,NA,NA
"real","SYR_KWT",-0.559870540161264,1.40142945534167,8,NA,NA,NA
"real","SYR_MYS",-2.39312942244953,1.63694124045785,32,NA,NA,NA
"real","SYR_NOR",-0.449049880797101,1.36973118468108,31,NA,NA,NA
"real","SYR_OMN",-0.844357005555879,2.77711686679689,9,NA,NA,NA
"real","SYR_PAK",-0.863628453657098,3.21146476265083,30,NA,NA,NA
"real","SYR_ROU",-0.288693859972033,1.23670890894277,18,NA,NA,NA
"real","SYR_SAU",-0.000576510127378804,0.631255941167392,8,NA,NA,NA
"real","SYR_SGP",-2.36137703622845,4.91884443872071,32,NA,NA,NA
"real","SYR_SOM",-0.312094164684025,0.772502383301668,8,NA,NA,NA
"real","SYR_TTO",-1.4619230651857,3.49565226911221,26,NA,NA,NA
"real","SYR_TUN",-0.173297739022325,0.338725795252225,9,NA,NA,NA
"real","SYR_TUR",-0.264854714727463,0.586498514295118,18,NA,NA,NA
"real","SYR_TWN",-1.79760197413611,6.35886734800474,29,NA,NA,NA
"real","SYR_USA",-0.796650253097337,1.13144873019508,32,NA,NA,NA
"real","TCD_AUT",-1.11304872900383,21.1361963996831,31,NA,NA,NA
"real","TCD_CHE",-0.639573637426488,9.8747978719705,29,NA,NA,NA
"real","TCD_DEU",0.0776811796471662,6.08176946171535,32,NA,NA,NA
"real","TCD_ESP",0.281945896134556,8.35158916744853,32,NA,NA,NA
"real","TCD_FRA",0.295160796426453,1.57801937091599,32,NA,NA,NA
"real","TCD_GBR",-1.49746267657287,4.96554394564689,32,NA,NA,NA
"real","TCD_GRC",0.156152498616408,3.44863911203192,15,NA,NA,NA
"real","TCD_ITA",-0.584450172883992,8.3894675718349,32,NA,NA,NA
"real","TCD_JPN",-1.84788635008526,7.7398688195043,32,NA,NA,NA
"real","TCD_MAR",-0.288208655678757,14.8738372793971,31,NA,NA,NA
"real","TCD_NLD",-3.71220960619877,6.99875406658145,29,NA,NA,NA
"real","TCD_NOR",-1.16664770521882,6.94355183214272,14,NA,NA,NA
"real","TCD_NZL",-1.48448491350869,7.00440661782175,11,NA,NA,NA
"real","TCD_PRT",0.42013391559644,4.74780288987091,32,NA,NA,NA
"real","TCD_THA",-0.137524227244933,6.99314030392223,32,NA,NA,NA
"real","TCD_TUN",-1.21238133822024,15.7251308081215,23,NA,NA,NA
"real","TCD_USA",-1.83300132073798,5.16874473372605,31,NA,NA,NA
"real","TGO_AUS",-1.21930958823557,5.60507894605695,30,NA,NA,NA
"real","TGO_AUT",-0.828027889706102,3.56353603594731,32,NA,NA,NA
"real","TGO_BGR",-2.58341296034488,8.95811379628704,15,NA,NA,NA
"real","TGO_CAN",-0.900194923473682,4.23879567430635,32,NA,NA,NA
"real","TGO_CHE",-1.304856628098,3.01720614225321,32,NA,NA,NA
"real","TGO_DEU",-1.17659570845347,2.25381898210114,32,NA,NA,NA
"real","TGO_DNK",-1.15767904576679,4.59434918988671,32,NA,NA,NA
"real","TGO_ESP",-0.0491957422434461,0.454739625305508,32,NA,NA,NA
"real","TGO_FIN",-2.26662726369654,5.87456601602725,28,NA,NA,NA
"real","TGO_FRA",-0.112107925532877,0.273332913700075,32,NA,NA,NA
"real","TGO_GBR",0.0456413881804707,0.722796419858217,32,NA,NA,NA
"real","TGO_GRC",-0.712742855465402,3.91494620563301,31,NA,NA,NA
"real","TGO_IND",-0.307395080106233,0.620827982872192,32,NA,NA,NA
"real","TGO_ITA",0.126768549408509,0.237456267007761,32,NA,NA,NA
"real","TGO_JPN",-0.78401483587748,1.74443304876256,32,NA,NA,NA
"real","TGO_MAR",-0.161907181316738,0.428105657699356,31,NA,NA,NA
"real","TGO_NLD",-0.240893198127943,0.72092643024588,32,NA,NA,NA
"real","TGO_NOR",-1.9824780389578,4.70475110492909,30,NA,NA,NA
"real","TGO_PHL",-2.30165187174444,12.6301644588689,29,NA,NA,NA
"real","TGO_PRT",-0.161278805465292,0.866225223101182,32,NA,NA,NA
"real","TGO_SWE",-1.07716557550248,4.60392052082306,32,NA,NA,NA
"real","TGO_THA",0.0172923432795524,1.37547443953249,32,NA,NA,NA
"real","TGO_TUN",-1.20126543615954,6.28718614054485,28,NA,NA,NA
"real","TGO_TWN",-0.301200676981375,2.84708914818478,32,NA,NA,NA
"real","TGO_USA",-0.26268071856551,0.596571030236351,32,NA,NA,NA
"real","THA_AGO",-0.228169696072329,0.521959532613332,32,NA,NA,NA
"real","THA_ARE",0.171719696944822,0.169053144884334,32,NA,NA,NA
"real","THA_AUS",-0.122567172809574,0.108166500938447,16,NA,NA,NA
"real","THA_AUT",-0.166053059897039,0.124644455003693,32,NA,NA,NA
"real","THA_BGR",-0.215722878523243,0.599587600097858,32,NA,NA,NA
"real","THA_BHR",-0.0778036393789543,0.125357769547437,32,NA,NA,NA
"real","THA_BRB",-0.275899807730054,0.571641080837101,32,NA,NA,NA
"real","THA_BWA",-0.223964496049552,2.73670161205389,24,NA,NA,NA
"real","THA_CAF",-0.614223132655745,1.42953239981015,32,NA,NA,NA
"real","THA_CAN",-0.0792383326736671,0.0934058329871778,32,NA,NA,NA
"real","THA_CHE",-0.0811081718515084,0.12796992219895,32,NA,NA,NA
"real","THA_CHN",-0.0509684666078163,0.243245330144636,16,NA,NA,NA
"real","THA_CIV",-0.317837563859095,0.515676182108412,32,NA,NA,NA
"real","THA_COD",-1.19136352600962,5.93462796433517,31,NA,NA,NA
"real","THA_COG",0.289839110461419,1.03675255394102,32,NA,NA,NA
"real","THA_COL",-1.03043979784801,3.38787337010069,8,NA,NA,NA
"real","THA_CRI",-0.737461902475299,1.24855111557716,32,NA,NA,NA
"real","THA_CYP",-0.0909252471573744,0.407209170430455,32,NA,NA,NA
"real","THA_DEU",-0.031112287406911,0.0224668270841521,32,NA,NA,NA
"real","THA_DJI",0.160791758894927,1.0568252355142,32,NA,NA,NA
"real","THA_DMA",-0.418752988476847,0.954791758899883,32,NA,NA,NA
"real","THA_DNK",-0.0923338783192204,0.127016838496053,32,NA,NA,NA
"real","THA_DOM",-0.307457795600699,0.851791447576861,32,NA,NA,NA
"real","THA_ESP",0.0330628081290364,0.0816119781716764,32,NA,NA,NA
"real","THA_FIN",-0.0803491718035324,0.0753670301090076,32,NA,NA,NA
"real","THA_FJI",0.202222525971301,0.169288848379481,32,NA,NA,NA
"real","THA_FRA",0.0594675403037927,0.0447276391217355,32,NA,NA,NA
"real","THA_GAB",-0.0359619084620257,0.349494129258167,32,NA,NA,NA
"real","THA_GBR",0.00899642548829878,0.141237123083433,32,NA,NA,NA
"real","THA_GLP",0.250950769969375,0.581507677980198,11,NA,NA,NA
"real","THA_GMB",-0.0751081681040558,0.642047048553451,32,NA,NA,NA
"real","THA_GNB",-0.521737597845802,2.2328561852804,32,NA,NA,NA
"real","THA_GRC",-0.0655401397240418,0.114898853882688,32,NA,NA,NA
"real","THA_GRD",-0.277007828639636,1.49311572126321,32,NA,NA,NA
"real","THA_GTM",-1.02027433664693,1.97221947589987,32,NA,NA,NA
"real","THA_GUF",0.62835569286491,2.36079496834515,12,NA,NA,NA
"real","THA_HND",-1.08648713766978,1.71539083009368,32,NA,NA,NA
"real","THA_HTI",-0.707049735641808,1.44984893559022,32,NA,NA,NA
"real","THA_HUN",-0.216793923790862,0.304928967692391,32,NA,NA,NA
"real","THA_IRL",-0.0281047295826024,0.499769337629838,32,NA,NA,NA
"real","THA_ISL",0.0266170702205996,0.12372687282294,32,NA,NA,NA
"real","THA_ISR",0.0717721408926841,0.0376177183443816,32,NA,NA,NA
"real","THA_ITA",-0.00891736423497121,0.0655651525784389,32,NA,NA,NA
"real","THA_JAM",-0.508364390629916,1.07037380314806,32,NA,NA,NA
"real","THA_JOR",0.0529950678776701,0.255909923444907,32,NA,NA,NA
"real","THA_JPN",-0.0539255441775476,0.0376769352021359,18,NA,NA,NA
"real","THA_KEN",-0.119966922549771,0.278310961642964,32,NA,NA,NA
"real","THA_KWT",-0.0853570852363317,0.180521441471448,32,NA,NA,NA
"real","THA_LBN",-0.0859854034578426,0.477717683844973,32,NA,NA,NA
"real","THA_LBR",-0.632693688388847,1.34178285099259,32,NA,NA,NA
"real","THA_MAC",-0.0268488535153118,0.50192918359594,32,NA,NA,NA
"real","THA_MAR",-0.495881061172291,1.44419330738473,8,NA,NA,NA
"real","THA_MDG",-0.587633810510019,1.11469448240036,32,NA,NA,NA
"real","THA_MDV",-0.0866356507775818,0.0681475337294574,32,NA,NA,NA
"real","THA_MLI",-0.172071340880382,0.769497867053832,32,NA,NA,NA
"real","THA_MLT",0.108325969453952,0.431522502798441,32,NA,NA,NA
"real","THA_MMR",-0.81191219493636,2.69844392177854,8,NA,NA,NA
"real","THA_MRT",-0.0736541204726163,1.32036649115881,32,NA,NA,NA
"real","THA_MTQ",-0.272290425464094,0.916931001463331,11,NA,NA,NA
"real","THA_MUS",-0.191922879458648,0.250163675883099,32,NA,NA,NA
"real","THA_NER",-1.25928493055887,1.86642960245611,32,NA,NA,NA
"real","THA_NLD",0.119086339844706,0.160159616823636,32,NA,NA,NA
"real","THA_NOR",-0.109955154316392,0.0887546546146276,32,NA,NA,NA
"real","THA_NPL",-0.101822383972028,0.612600669766603,32,NA,NA,NA
"real","THA_NZL",-0.199497313416486,0.209387916349162,16,NA,NA,NA
"real","THA_OMN",-0.407738688623909,0.357646542338013,32,NA,NA,NA
"real","THA_PNG",-0.358062787928377,0.747612303334276,32,NA,NA,NA
"real","THA_POL",0.105560944176706,0.513525649755085,32,NA,NA,NA
"real","THA_PRI",-0.230492043632013,0.526641714399429,12,NA,NA,NA
"real","THA_PRT",0.0880431371934934,0.157516381152722,32,NA,NA,NA
"real","THA_QAT",-0.354218694720963,0.321796421849421,32,NA,NA,NA
"real","THA_REU",0.42621842361577,0.58687977081542,12,NA,NA,NA
"real","THA_SAU",-0.206517126217942,0.176310394951924,32,NA,NA,NA
"real","THA_SEN",0.0853837331497657,0.324850680536018,32,NA,NA,NA
"real","THA_SLE",-0.297254365260409,0.554971655342755,32,NA,NA,NA
"real","THA_SOM",0.38690490324209,1.99290641368815,32,NA,NA,NA
"real","THA_STP",-0.648110094915956,3.12361386556641,32,NA,NA,NA
"real","THA_SUR",-0.415896420379958,0.978092190682786,32,NA,NA,NA
"real","THA_SWE",-0.280610486219595,0.276396787069668,32,NA,NA,NA
"real","THA_SWZ",-0.805049494259515,1.78519364070747,29,NA,NA,NA
"real","THA_SYC",-0.0756964704562999,0.262635003384345,32,NA,NA,NA
"real","THA_SYR",0.0535406514904464,0.251541806432161,32,NA,NA,NA
"real","THA_TGO",-0.183475290373243,0.917373551921324,32,NA,NA,NA
"real","THA_TUR",-0.514997664788402,0.608388300027278,32,NA,NA,NA
"real","THA_TWN",-0.00869064386296373,0.0458723464754348,32,NA,NA,NA
"real","THA_URY",-0.431704662196127,0.424171026317909,32,NA,NA,NA
"real","THA_USA",-0.00662330561169658,0.091193148639303,32,NA,NA,NA
"real","THA_VEN",-0.384710444822816,0.76302828327554,10,NA,NA,NA
"real","THA_ZMB",-0.474268673950757,1.1916830916444,32,NA,NA,NA
"real","TKL_CAN",-0.316939143161363,0.631474007551606,13,NA,NA,NA
"real","TKL_KOR",-0.442915713909944,2.13352531491947,28,NA,NA,NA
"real","TKL_USA",-0.200770347884055,1.00063979169012,32,NA,NA,NA
"real","TON_AUT",-1.07819529533395,6.40703999909666,19,NA,NA,NA
"real","TON_DEU",-1.422833771175,3.8354017098238,32,NA,NA,NA
"real","TON_GBR",-0.41254428375006,1.16881946738557,28,NA,NA,NA
"real","TON_GRC",-1.81666390278798,7.75866419541559,9,NA,NA,NA
"real","TON_ITA",-0.862123693633279,2.79659445554477,27,NA,NA,NA
"real","TON_JPN",-0.186876750215593,0.19497975253926,32,NA,NA,NA
"real","TON_KOR",-1.65918361420964,7.57695186991231,29,NA,NA,NA
"real","TON_NOR",-0.722164898760911,7.69196522601182,8,NA,NA,NA
"real","TON_SWE",-0.951614226500972,4.14865115235676,12,NA,NA,NA
"real","TON_TWN",-1.41017640660683,4.21373118224076,26,NA,NA,NA
"real","TON_USA",-0.0361358231279167,0.149869444715048,32,NA,NA,NA
"real","TTO_AUS",0.127668557959235,1.05847804901984,32,NA,NA,NA
"real","TTO_CAN",-0.182321521521426,0.395587138622806,32,NA,NA,NA
"real","TTO_CHE",-1.10531270021439,3.83936361353883,32,NA,NA,NA
"real","TTO_DEU",0.512155210728961,2.39836499766076,19,NA,NA,NA
"real","TTO_DNK",-0.402173495230656,6.98804541215799,19,NA,NA,NA
"real","TTO_ESP",-0.274349026212646,1.61760669029518,19,NA,NA,NA
"real","TTO_FIN",-2.14194783908474,6.38670573963007,18,NA,NA,NA
"real","TTO_FRA",-0.0962294329503591,0.457408739045645,19,NA,NA,NA
"real","TTO_GBR",0.228032249260289,0.615569129285935,19,NA,NA,NA
"real","TTO_GRC",-0.229820260230193,3.10854535790875,19,NA,NA,NA
"real","TTO_ITA",-0.507851673547668,2.3272224547636,19,NA,NA,NA
"real","TTO_JPN",-0.308340387406174,1.63706960631517,32,NA,NA,NA
"real","TTO_LBR",-4.66040708441435,24.5996539484871,22,NA,NA,NA
"real","TTO_NLD",-0.0278287212274431,1.47162419673241,19,NA,NA,NA
"real","TTO_PRT",-0.598878318014902,3.24864956778891,19,NA,NA,NA
"real","TTO_SWE",-0.438609540314543,3.63622370633395,17,NA,NA,NA
"real","TTO_USA",-0.255379409989822,0.59624144210093,32,NA,NA,NA
"real","TTO_VEN",-0.857590751413243,4.24768030047236,9,NA,NA,NA
"real","TUN_ARE",0.0168265116034044,0.0746664977211662,9,NA,NA,NA
"real","TUN_AUS",-0.386760170986998,0.99104173519821,32,NA,NA,NA
"real","TUN_BFA",-0.0617602239998193,0.261153347520806,28,NA,NA,NA
"real","TUN_BGR",-0.828466596432073,3.17657270563046,16,NA,NA,NA
"real","TUN_BHR",-0.954693088627223,2.03279224690743,9,NA,NA,NA
"real","TUN_CAN",-0.420595094564556,0.37355264640579,32,NA,NA,NA
"real","TUN_CHE",-0.102218031193474,0.317298833456332,16,NA,NA,NA
"real","TUN_CHN",0.413555958900381,1.28809059967549,30,NA,NA,NA
"real","TUN_CIV",-0.115482742794962,1.22114434363602,30,NA,NA,NA
"real","TUN_HUN",-0.705650644109725,1.04360825500821,13,NA,NA,NA
"real","TUN_ISL",0.0672977993979486,1.45052161396101,16,NA,NA,NA
"real","TUN_JOR",-1.29949721057034,3.03536982621719,9,NA,NA,NA
"real","TUN_JPN",-0.0255348877304823,0.0897614174463145,32,NA,NA,NA
"real","TUN_KWT",-0.410050872868976,0.943719511049534,9,NA,NA,NA
"real","TUN_MAR",-0.537128855195815,0.803686059965529,8,NA,NA,NA
"real","TUN_MLT",-0.0493479467213278,0.42040984056443,15,NA,NA,NA
"real","TUN_NOR",-0.722975964248905,2.04255858827591,16,NA,NA,NA
"real","TUN_NZL",-0.61338830049666,3.30575987910046,32,NA,NA,NA
"real","TUN_QAT",0.250364016488712,0.50424504173048,9,NA,NA,NA
"real","TUN_SAU",-0.623369825163764,1.07090102511417,9,NA,NA,NA
"real","TUN_SEN",-0.151072655661416,0.334536103090275,32,NA,NA,NA
"real","TUN_USA",-0.381788017896076,0.827956618316431,32,NA,NA,NA
"real","TUR_ALB",-0.00740403431348294,0.1611346123639,19,NA,NA,NA
"real","TUR_ARE",-0.256014637640827,0.136212065913616,32,NA,NA,NA
"real","TUR_ARG",-0.486294094171521,0.409539390976981,32,NA,NA,NA
"real","TUR_ATG",-0.906330121559782,2.54586544391672,32,NA,NA,NA
"real","TUR_AUS",-0.201355898601439,0.120419072593284,32,NA,NA,NA
"real","TUR_BGR",-0.269841808834325,0.51852424869183,10,NA,NA,NA
"real","TUR_BHR",-0.397029925911159,0.254861524753888,32,NA,NA,NA
"real","TUR_BOL",-1.09944834721022,1.41775573542524,32,NA,NA,NA
"real","TUR_BRB",-0.756828643269878,1.27000502980566,32,NA,NA,NA
"real","TUR_CAF",-1.08074017602725,1.51016439657115,30,NA,NA,NA
"real","TUR_CAN",-0.249479797029521,0.151933565475137,32,NA,NA,NA
"real","TUR_CHN",0.0616833707976853,0.378360915646973,32,NA,NA,NA
"real","TUR_CMR",-0.512103617724239,0.942567661262467,32,NA,NA,NA
"real","TUR_COL",-0.508783553620121,0.362717044990272,32,NA,NA,NA
"real","TUR_CRI",-0.696403681020013,1.01304707317582,32,NA,NA,NA
"real","TUR_CYP",-0.115606234647443,0.235474949155758,15,NA,NA,NA
"real","TUR_DJI",-0.962021172854791,1.3292362602124,32,NA,NA,NA
"real","TUR_DZA",-0.0128457277159345,0.0728818975958225,32,NA,NA,NA
"real","TUR_FJI",-0.358753353905063,0.850875795248615,31,NA,NA,NA
"real","TUR_GRD",-0.861519933946917,1.1156822168019,32,NA,NA,NA
"real","TUR_GTM",-0.519067812405495,0.802281178151507,32,NA,NA,NA
"real","TUR_GUF",-0.758072427699692,1.9735041617988,8,NA,NA,NA
"real","TUR_HND",-0.546475972996618,1.46588387875115,31,NA,NA,NA
"real","TUR_HUN",0.205619897838016,0.420439750495689,9,NA,NA,NA
"real","TUR_IDN",-0.524266668467534,0.489294131820704,32,NA,NA,NA
"real","TUR_IND",-0.0811327671898447,0.309214089454698,32,NA,NA,NA
"real","TUR_IRQ",-0.178007972165289,0.738238290464175,28,NA,NA,NA
"real","TUR_JAM",-0.207627558745777,0.822243287988557,32,NA,NA,NA
"real","TUR_JOR",0.216627330916371,0.184160583183996,22,NA,NA,NA
"real","TUR_JPN",0.0353929218871189,0.140080358219397,32,NA,NA,NA
"real","TUR_KWT",0.144648931819773,0.333585060976337,32,NA,NA,NA
"real","TUR_LBN",0.129113475242916,0.113989060132379,32,NA,NA,NA
"real","TUR_LBY",-0.280016833379647,0.25528612346806,32,NA,NA,NA
"real","TUR_LKA",0.103592203096978,0.383291470059287,32,NA,NA,NA
"real","TUR_MAR",-0.332703170112576,0.536753289772251,17,NA,NA,NA
"real","TUR_MLT",0.0870781449477244,0.204874626013798,15,NA,NA,NA
"real","TUR_MUS",-0.694361576924511,0.970927309904145,24,NA,NA,NA
"real","TUR_MYS",0.00735802488105922,0.262241824731939,26,NA,NA,NA
"real","TUR_NGA",-0.391601757314182,0.552523164144129,32,NA,NA,NA
"real","TUR_NZL",-0.20517518947857,0.152122115901642,32,NA,NA,NA
"real","TUR_PAN",-0.625128876931719,1.40265988020973,32,NA,NA,NA
"real","TUR_PNG",-0.788694095133636,2.28759130807925,27,NA,NA,NA
"real","TUR_POL",0.144337912499449,0.634193352688833,11,NA,NA,NA
"real","TUR_PRI",-0.00171702607258117,0.000331762021287707,12,NA,NA,NA
"real","TUR_PRK",-0.955789458977983,5.80306021235165,30,NA,NA,NA
"real","TUR_QAT",-0.488738217815594,0.394623755020915,32,NA,NA,NA
"real","TUR_REU",-0.790461019679993,1.85944676535568,8,NA,NA,NA
"real","TUR_SAU",0.116436781287195,0.134762909964201,32,NA,NA,NA
"real","TUR_SDN",-0.122549170714883,0.240430018610135,32,NA,NA,NA
"real","TUR_SGP",-0.0654761511504355,0.339373815405647,28,NA,NA,NA
"real","TUR_SLV",-0.688395674098955,1.60517012660706,31,NA,NA,NA
"real","TUR_SOM",-1.69360765378244,2.4439224638606,28,NA,NA,NA
"real","TUR_SYR",0.19152473500401,0.137982190711138,18,NA,NA,NA
"real","TUR_THA",-0.0455700937707416,0.202745666398282,32,NA,NA,NA
"real","TUR_TTO",-0.386488862368681,0.465153068243586,32,NA,NA,NA
"real","TUR_TWN",0.157907006864823,0.697173437390952,32,NA,NA,NA
"real","TUR_TZA",-0.65096734744201,0.668850588963488,32,NA,NA,NA
"real","TUR_USA",0.0325260435933064,0.0503784441596053,32,NA,NA,NA
"real","TUR_VEN",-0.195800891586299,0.515750898087563,32,NA,NA,NA
"real","TUV_CHE",0.0331933728220581,8.18290952105505,17,NA,NA,NA
"real","TUV_FIN",-0.698411594046823,8.04925620016996,14,NA,NA,NA
"real","TUV_FRA",0.337979358724893,3.54408597151535,26,NA,NA,NA
"real","TUV_GRC",0.688654064762917,8.15691879251058,8,NA,NA,NA
"real","TWN_AFG",-0.622090232871065,1.20709655304712,24,NA,NA,NA
"real","TWN_ARE",-1.32248009289027,10.6218880307132,32,NA,NA,NA
"real","TWN_ARG",-0.718622983373568,5.25301724285739,30,NA,NA,NA
"real","TWN_AUS",0.130984171219864,0.135662866916113,32,NA,NA,NA
"real","TWN_AUT",-1.07026366372056,5.90100618665538,32,NA,NA,NA
"real","TWN_BGD",-0.432346595464438,3.206843502004,32,NA,NA,NA
"real","TWN_BHR",-1.95006409226856,11.1073812992494,32,NA,NA,NA
"real","TWN_BLZ",-0.260187828257814,0.812285364673626,29,NA,NA,NA
"real","TWN_BOL",-0.540073198819654,3.41607973252884,31,NA,NA,NA
"real","TWN_BRA",-0.409820319753784,1.65141804073077,32,NA,NA,NA
"real","TWN_BRB",-1.09693765452123,5.87186962848987,31,NA,NA,NA
"real","TWN_BRN",-0.987351655935121,6.72858441895142,32,NA,NA,NA
"real","TWN_CAF",-0.588292022237958,1.65273576133073,29,NA,NA,NA
"real","TWN_CAN",-0.0648757073762061,0.6442107769702,32,NA,NA,NA
"real","TWN_CHE",0.288154947748833,0.328597799113697,32,NA,NA,NA
"real","TWN_CHL",-0.37565194902828,2.54592330376686,32,NA,NA,NA
"real","TWN_CHN",-0.487777683519051,1.9769838827299,32,NA,NA,NA
"real","TWN_CIV",-0.380367968807679,2.00785012976318,28,NA,NA,NA
"real","TWN_CMR",-0.589175705055399,2.50619208345567,29,NA,NA,NA
"real","TWN_COL",-0.442101782550594,3.23598680146562,31,NA,NA,NA
"real","TWN_CRI",-0.672390646810773,3.75053869181019,32,NA,NA,NA
"real","TWN_CYP",-0.102458356381844,1.44179642079189,32,NA,NA,NA
"real","TWN_DEU",0.0580500325867002,0.0912338360348223,32,NA,NA,NA
"real","TWN_DNK",-0.0301203006724477,0.680816936793902,32,NA,NA,NA
"real","TWN_DOM",-1.58025330228441,9.32154949651524,32,NA,NA,NA
"real","TWN_ECU",-0.384070493167726,1.61807793853022,32,NA,NA,NA
"real","TWN_EGY",-1.48024593915554,11.3161069920312,32,NA,NA,NA
"real","TWN_ESP",-0.0803128999209614,0.710693383972451,32,NA,NA,NA
"real","TWN_FIN",0.037351606346118,0.0716755070404794,32,NA,NA,NA
"real","TWN_FJI",-0.876106394125389,2.77037371239816,32,NA,NA,NA
"real","TWN_FRA",-0.834157456198032,3.63755467092373,32,NA,NA,NA
"real","TWN_GBR",-0.698664876268985,3.39282376034169,32,NA,NA,NA
"real","TWN_GHA",-1.13037678924941,6.2898171347855,27,NA,NA,NA
"real","TWN_GIN",-0.544946334754864,3.92242176294849,28,NA,NA,NA
"real","TWN_GMB",-0.82972517831607,4.08568969149897,29,NA,NA,NA
"real","TWN_GRC",-0.0598886041205312,1.54724604527724,32,NA,NA,NA
"real","TWN_GTM",-0.426413789020847,0.948668530920611,15,NA,NA,NA
"real","TWN_HND",-1.35478319095671,6.72989730279762,18,NA,NA,NA
"real","TWN_IDN",-0.122555063540816,0.499087113334075,32,NA,NA,NA
"real","TWN_IND",-0.077015235431246,0.100875420029075,32,NA,NA,NA
"real","TWN_IRL",-0.647933866114402,4.50633143372251,32,NA,NA,NA
"real","TWN_ISL",0.152887192138294,0.237965656761639,32,NA,NA,NA
"real","TWN_ISR",-1.2777293282502,7.14868443884827,32,NA,NA,NA
"real","TWN_ITA",-0.726873893021615,2.68502324902394,32,NA,NA,NA
"real","TWN_JAM",-0.127759434677634,0.434592393610692,28,NA,NA,NA
"real","TWN_JOR",-1.11065899541416,4.55700700837142,32,NA,NA,NA
"real","TWN_JPN",-0.0108364233935335,0.0631328451474052,32,NA,NA,NA
"real","TWN_KEN",-1.10563054806743,4.82435310465896,30,NA,NA,NA
"real","TWN_KOR",-0.383333339314031,0.790626061640336,32,NA,NA,NA
"real","TWN_KWT",-1.47797137159751,7.09096826523995,32,NA,NA,NA
"real","TWN_LBR",-1.92301992422826,3.8341014240768,27,NA,NA,NA
"real","TWN_LBY",-0.837059362214451,3.87122026664769,28,NA,NA,NA
"real","TWN_LKA",-0.393199012195596,1.82851232631994,32,NA,NA,NA
"real","TWN_MAR",-0.947054617232115,7.18597188117572,31,NA,NA,NA
"real","TWN_MEX",-0.995757223219701,6.51940760706242,32,NA,NA,NA
"real","TWN_MLT",-1.05139398197994,6.16445358706605,31,NA,NA,NA
"real","TWN_MUS",-0.85802285917803,4.51046338009066,32,NA,NA,NA
"real","TWN_MWI",-0.216626272808948,3.76669009209065,27,NA,NA,NA
"real","TWN_MYS",-0.149343144677692,0.207530777741069,32,NA,NA,NA
"real","TWN_NGA",-1.92145811766286,12.6110479656795,32,NA,NA,NA
"real","TWN_NLD",-0.520105882497701,2.74407107366601,32,NA,NA,NA
"real","TWN_NOR",-0.908412501392217,5.39259697616832,32,NA,NA,NA
"real","TWN_NRU",-2.66386695275715,6.29422854673175,25,NA,NA,NA
"real","TWN_NZL",-0.224948019495957,1.81204105922984,24,NA,NA,NA
"real","TWN_OMN",-1.74941182611619,10.4033597995848,31,NA,NA,NA
"real","TWN_PAK",-1.99096768460896,12.9438684696319,32,NA,NA,NA
"real","TWN_PAN",-2.25868388823367,7.55321031899159,15,NA,NA,NA
"real","TWN_PER",-0.952860325005331,5.61788400361326,32,NA,NA,NA
"real","TWN_PHL",-1.11523017677199,4.4290739343048,32,NA,NA,NA
"real","TWN_PNG",-1.96571545873827,8.97788425674996,28,NA,NA,NA
"real","TWN_PRT",-0.0511737701104457,0.127749886453445,32,NA,NA,NA
"real","TWN_PRY",-0.275081409841581,1.90965637772564,32,NA,NA,NA
"real","TWN_PYF",-0.66025317171715,1.94916345047435,32,NA,NA,NA
"real","TWN_SAU",-0.420997163124804,1.63264192693252,32,NA,NA,NA
"real","TWN_SGP",-0.209068935067842,0.334175471572472,25,NA,NA,NA
"real","TWN_SLB",-1.26333647050445,3.39258951763029,27,NA,NA,NA
"real","TWN_SLV",-1.29795915606206,5.72373236538457,18,NA,NA,NA
"real","TWN_SUR",-0.405944947339464,1.54142037626762,30,NA,NA,NA
"real","TWN_SWE",-0.623890561120668,3.51662313853996,32,NA,NA,NA
"real","TWN_SYC",-0.362539793199411,1.45329198407575,28,NA,NA,NA
"real","TWN_TGO",-0.3886918282738,0.809132842256799,31,NA,NA,NA
"real","TWN_THA",0.0191668023048703,0.0524364077528373,32,NA,NA,NA
"real","TWN_TTO",-0.371218008591888,1.6345922534096,32,NA,NA,NA
"real","TWN_TUR",-0.246847636262625,0.667218879356256,32,NA,NA,NA
"real","TWN_URY",-0.791919951465907,3.43337179177668,31,NA,NA,NA
"real","TWN_USA",-0.376287950094,1.89664843691543,32,NA,NA,NA
"real","TWN_VCT",-0.565585942355206,1.6690848646689,30,NA,NA,NA
"real","TWN_VEN",-0.621966772470505,2.44568356606279,32,NA,NA,NA
"real","TWN_ZAF",-0.917488259784839,2.05650711132889,30,NA,NA,NA
"real","TZA_AUS",-0.0895533456357943,0.371065258587938,32,NA,NA,NA
"real","TZA_AUT",0.0841897960038375,1.74112181335957,32,NA,NA,NA
"real","TZA_BGR",-1.41099834323806,3.78028297838071,25,NA,NA,NA
"real","TZA_CAN",-0.741352373854604,0.884841407283684,32,NA,NA,NA
"real","TZA_CHE",-1.26681555005332,2.31169567310279,32,NA,NA,NA
"real","TZA_CHN",-0.616544587751677,0.938085778700096,32,NA,NA,NA
"real","TZA_DEU",-0.0481390711001101,0.313653795015473,32,NA,NA,NA
"real","TZA_DNK",0.0908688394804019,0.736459527229966,32,NA,NA,NA
"real","TZA_ESP",-0.0921052364656901,0.326586662930452,32,NA,NA,NA
"real","TZA_FIN",0.04266417435685,0.536422926145569,32,NA,NA,NA
"real","TZA_FJI",-3.33894934333656,9.84054412188572,8,NA,NA,NA
"real","TZA_FRA",-0.0365451415183902,0.302675717757347,32,NA,NA,NA
"real","TZA_GBR",-0.118050136729,1.02857095785289,32,NA,NA,NA
"real","TZA_GRC",-0.118811810159508,0.328850551111191,32,NA,NA,NA
"real","TZA_HUN",-0.483222075694019,3.75061538433489,30,NA,NA,NA
"real","TZA_IRL",-0.826146026757402,4.17197851915033,32,NA,NA,NA
"real","TZA_ISL",-1.81190784498779,4.05565488683827,31,NA,NA,NA
"real","TZA_ITA",0.0122136304151726,0.338946308290768,32,NA,NA,NA
"real","TZA_JPN",-0.116014892014574,0.128553149976481,32,NA,NA,NA
"real","TZA_NLD",0.16378239105989,0.205822584533201,32,NA,NA,NA
"real","TZA_NOR",-0.230939747082542,1.0074687889049,32,NA,NA,NA
"real","TZA_NZL",-0.667401163149016,1.00077008841557,32,NA,NA,NA
"real","TZA_OMN",-0.880849068844241,1.34958846264336,32,NA,NA,NA
"real","TZA_PRT",0.0736427040927831,0.307944806103926,32,NA,NA,NA
"real","TZA_SAU",-0.0578123781992514,0.770567952188555,31,NA,NA,NA
"real","TZA_SWE",-0.250891091618957,0.612614011991055,32,NA,NA,NA
"real","TZA_TUR",-0.312088135250493,0.647226788603596,32,NA,NA,NA
"real","TZA_TWN",0.056263594866685,1.57796116687655,32,NA,NA,NA
"real","TZA_USA",-0.0644965835507185,0.111901184614955,32,NA,NA,NA
"real","UGA_AUS",-0.166247319613174,1.12002460080785,32,NA,NA,NA
"real","UGA_AUT",-0.0921080036700358,1.18456974770659,32,NA,NA,NA
"real","UGA_CAN",-0.0795247163978744,0.316685878715595,32,NA,NA,NA
"real","UGA_CHE",-0.118623184996864,1.53800201679536,32,NA,NA,NA
"real","UGA_CHN",-0.887012552240013,3.18073902200359,29,NA,NA,NA
"real","UGA_DEU",-0.575908897758682,3.43033998148377,32,NA,NA,NA
"real","UGA_DNK",0.054697724981178,0.604244287757116,32,NA,NA,NA
"real","UGA_DZA",-0.217760942946842,1.03148927584956,26,NA,NA,NA
"real","UGA_EGY",-0.757305685706016,4.54354867370262,10,NA,NA,NA
"real","UGA_ESP",-0.00172994519197099,0.328207063248544,32,NA,NA,NA
"real","UGA_FIN",-0.494057597047841,1.38402283702841,31,NA,NA,NA
"real","UGA_FRA",-0.00650494891511874,0.650308736211051,32,NA,NA,NA
"real","UGA_GBR",0.111355608242063,0.505141265185877,32,NA,NA,NA
"real","UGA_GRC",-0.0648318193809547,0.211041819197825,32,NA,NA,NA
"real","UGA_HUN",-0.769589059318169,3.23583705292472,30,NA,NA,NA
"real","UGA_IND",-0.728433861969405,1.61622664228152,32,NA,NA,NA
"real","UGA_IRL",-0.0220789524653882,0.985954773975027,30,NA,NA,NA
"real","UGA_ITA",-0.298984563092097,0.3284518575855,32,NA,NA,NA
"real","UGA_JPN",-0.0607847820604229,0.239271725141421,32,NA,NA,NA
"real","UGA_KOR",-0.8255646444334,3.46766227922181,32,NA,NA,NA
"real","UGA_NLD",0.0677861594758117,0.164978956577248,32,NA,NA,NA
"real","UGA_NOR",-0.158403799367703,0.657307173904616,32,NA,NA,NA
"real","UGA_PRT",0.00133310798383902,0.177880905068599,32,NA,NA,NA
"real","UGA_SGP",-0.688749594182209,2.73416161594265,32,NA,NA,NA
"real","UGA_SWE",-0.901697132546922,3.09540346919536,32,NA,NA,NA
"real","UGA_TWN",-0.921268707593739,3.24585926021394,31,NA,NA,NA
"real","UGA_USA",0.0191894179084599,0.210645297676713,32,NA,NA,NA
"real","URY_AUS",0.00236403849674472,0.162714224811349,32,NA,NA,NA
"real","URY_AUT",-1.0202654881511,1.07648862820516,32,NA,NA,NA
"real","URY_BGR",-0.568112200919296,1.29850213663194,27,NA,NA,NA
"real","URY_BRB",-0.715019359225917,1.60794486587922,28,NA,NA,NA
"real","URY_CAN",0.0339553988495279,0.52226690892806,32,NA,NA,NA
"real","URY_CHE",0.0240254871758555,0.333237996792897,32,NA,NA,NA
"real","URY_CHN",-0.361913687714223,0.234715848003386,32,NA,NA,NA
"real","URY_CIV",-1.55073456233182,5.08953315276347,27,NA,NA,NA
"real","URY_CMR",-0.930528199920946,4.17569520158091,24,NA,NA,NA
"real","URY_COD",-0.462009570091462,3.35409270655197,19,NA,NA,NA
"real","URY_COG",-1.27796190604778,1.55952507569512,31,NA,NA,NA
"real","URY_CYP",-0.219286313877035,0.556448020681602,32,NA,NA,NA
"real","URY_DEU",-0.00160710280483095,0.0495252649203555,32,NA,NA,NA
"real","URY_DNK",-0.470273075302774,0.617434670162332,32,NA,NA,NA
"real","URY_ESP",-0.0829036312420321,0.229630200057038,32,NA,NA,NA
"real","URY_FIN",-0.466657315115389,1.07421350674024,32,NA,NA,NA
"real","URY_FRA",-0.0994147930644652,0.182349756223573,32,NA,NA,NA
"real","URY_GAB",-0.571791794500376,1.28475580151112,32,NA,NA,NA
"real","URY_GBR",0.111478316704468,0.32201934134791,32,NA,NA,NA
"real","URY_GRC",-0.230734430054903,1.07534113683023,32,NA,NA,NA
"real","URY_HUN",-0.402459038560545,0.770344045220762,30,NA,NA,NA
"real","URY_IND",-0.211363922173107,0.947330050730476,20,NA,NA,NA
"real","URY_IRL",-0.323264844108113,0.713071162587196,32,NA,NA,NA
"real","URY_IRQ",-1.55690193644398,7.09032052413281,20,NA,NA,NA
"real","URY_ISL",-0.22196157308456,1.85054799383783,32,NA,NA,NA
"real","URY_ITA",-0.244363357143735,0.398152704595648,32,NA,NA,NA
"real","URY_JOR",-1.07737221495613,2.78566204112854,31,NA,NA,NA
"real","URY_JPN",-0.0390649367416612,0.218068721568327,32,NA,NA,NA
"real","URY_KWT",-0.187260175433897,0.558182757868577,32,NA,NA,NA
"real","URY_LBN",-1.69662528477159,3.35861406429474,32,NA,NA,NA
"real","URY_LBY",-0.805856157319082,2.69684664994262,21,NA,NA,NA
"real","URY_MAR",-0.494460176284075,1.57714353771841,28,NA,NA,NA
"real","URY_MLT",-1.19641243049556,2.23909026477167,31,NA,NA,NA
"real","URY_MYS",-0.835592766874222,3.20479410865807,32,NA,NA,NA
"real","URY_NLD",-0.18785399008924,0.202646969645156,32,NA,NA,NA
"real","URY_NOR",-0.454987566396302,1.20341584950576,32,NA,NA,NA
"real","URY_NZL",-0.693385143385831,0.838521194893725,32,NA,NA,NA
"real","URY_POL",-0.0603656222362739,0.468409770674203,32,NA,NA,NA
"real","URY_PRT",-0.46595712927856,0.516796862919206,32,NA,NA,NA
"real","URY_SAU",0.215140922556335,0.939142681310749,32,NA,NA,NA
"real","URY_SWE",-0.0532843338859213,0.25907498750971,32,NA,NA,NA
"real","URY_THA",-0.510980332184869,1.37799129007802,32,NA,NA,NA
"real","URY_TWN",-0.183731845534417,1.19330299624646,30,NA,NA,NA
"real","URY_USA",-0.0628965564765089,0.458229566913045,32,NA,NA,NA
"real","URY_ZAF",-0.106465360981634,1.52629851729086,27,NA,NA,NA
"real","USA_AGO",-0.155653582427898,0.421769709613584,32,NA,NA,NA
"real","USA_ARE",-0.382842975377416,0.642356602367219,32,NA,NA,NA
"real","USA_ARG",-0.270316346502163,0.713689378414156,32,NA,NA,NA
"real","USA_ATG",-0.0390230045696731,0.421182661253857,32,NA,NA,NA
"real","USA_AUS",0.0407780579658827,0.0269991699189963,16,NA,NA,NA
"real","USA_AUT",-0.20190326487258,0.485717037223723,32,NA,NA,NA
"real","USA_BEN",-0.165656461205703,0.288759106663269,32,NA,NA,NA
"real","USA_BFA",-0.312551479515767,0.277254795204045,32,NA,NA,NA
"real","USA_BGD",0.0740134084577889,0.138019619411983,32,NA,NA,NA
"real","USA_BGR",-0.0591193817409438,0.179832905129181,32,NA,NA,NA
"real","USA_BHR",-0.599478927202585,2.05014244696434,17,NA,NA,NA
"real","USA_BHS",-0.180475744517296,0.487174986968575,32,NA,NA,NA
"real","USA_BLZ",-0.0806248904225002,0.21905193011455,32,NA,NA,NA
"real","USA_BOL",0.111084078507094,0.0948088914054756,32,NA,NA,NA
"real","USA_BRA",-0.118014883566127,0.154305448183775,32,NA,NA,NA
"real","USA_BRB",-0.0466110744589675,0.178782009454164,32,NA,NA,NA
"real","USA_BRN",-0.645711713435503,3.88547584585226,32,NA,NA,NA
"real","USA_BTN",-0.519862757581009,1.02628244564873,30,NA,NA,NA
"real","USA_BWA",-0.187690922478787,1.31659076663464,32,NA,NA,NA
"real","USA_CHE",-0.0713677500105473,0.0202934257482173,32,NA,NA,NA
"real","USA_CHL",-0.326800176767625,0.827111112736208,15,NA,NA,NA
"real","USA_CHN",0.0506632384724675,0.0362943866541137,32,NA,NA,NA
"real","USA_CIV",0.015155458583519,0.173391806803381,32,NA,NA,NA
"real","USA_CMR",-0.0224593128722755,0.292740482353205,32,NA,NA,NA
"real","USA_COD",-0.836339458086265,0.514882551443643,32,NA,NA,NA
"real","USA_COG",-0.283132103229437,1.47685019177183,32,NA,NA,NA
"real","USA_COK",-0.295696741248372,1.29242408374111,31,NA,NA,NA
"real","USA_COL",-0.229698354006407,0.293338580942327,23,NA,NA,NA
"real","USA_CPV",-0.165490126363673,0.437722939945277,32,NA,NA,NA
"real","USA_CRI",-0.0883545616904867,0.0855298073465025,20,NA,NA,NA
"real","USA_CYP",0.0355094986265502,0.217776527606938,32,NA,NA,NA
"real","USA_DEU",-0.0259959200518133,0.024902408838165,32,NA,NA,NA
"real","USA_DJI",-0.307475955277578,0.490403648907526,32,NA,NA,NA
"real","USA_DMA",-0.382553042305231,1.12713964307685,32,NA,NA,NA
"real","USA_DNK",-0.120053818386686,0.0665655992181082,32,NA,NA,NA
"real","USA_DOM",-0.0868187602591165,0.073248735490248,18,NA,NA,NA
"real","USA_DZA",0.106045664616965,0.142388013889688,32,NA,NA,NA
"real","USA_ECU",-0.0750697437930237,0.0396347054348404,32,NA,NA,NA
"real","USA_EGY",0.0943327045621586,0.0660296409602041,32,NA,NA,NA
"real","USA_ESP",-0.00210462848949663,0.0279762494605775,32,NA,NA,NA
"real","USA_FIN",0.00714559875196291,0.0307008844883903,32,NA,NA,NA
"real","USA_FJI",0.0422146537091529,0.436570556947523,32,NA,NA,NA
"real","USA_FRA",-0.16165232594665,0.35676620815759,32,NA,NA,NA
"real","USA_FRO",-0.390204785617733,1.01218464518479,32,NA,NA,NA
"real","USA_GAB",-0.190677468167134,0.533607072274566,32,NA,NA,NA
"real","USA_GBR",-0.240562883714639,0.418969080828404,32,NA,NA,NA
"real","USA_GHA",-0.121662114126361,0.0898677881626393,32,NA,NA,NA
"real","USA_GIN",0.0727611281214246,0.301216488057387,32,NA,NA,NA
"real","USA_GLP",-0.206989325462564,0.744512855780463,12,NA,NA,NA
"real","USA_GMB",-0.21004975756979,0.375202122527932,32,NA,NA,NA
"real","USA_GNB",-0.777247565018548,1.99980408350536,32,NA,NA,NA
"real","USA_GNQ",-0.201200902324059,1.05510833739365,30,NA,NA,NA
"real","USA_GRC",-0.0819556315429152,0.146852023703197,32,NA,NA,NA
"real","USA_GRD",-0.0853754221750161,0.115588180889712,32,NA,NA,NA
"real","USA_GTM",-0.202256304086614,0.276888116391225,17,NA,NA,NA
"real","USA_GUF",-1.34245759583849,3.82795507518673,12,NA,NA,NA
"real","USA_GUY",-0.0485870942162987,0.0519012445282309,32,NA,NA,NA
"real","USA_HND",-0.18484619544751,0.250339658083496,17,NA,NA,NA
"real","USA_HTI",0.00930994743782466,0.0388339906942447,32,NA,NA,NA
"real","USA_HUN",-0.318126186457443,0.634559218929251,32,NA,NA,NA
"real","USA_IDN",-0.00594889289548606,0.0333838007143897,32,NA,NA,NA
"real","USA_IND",-0.0971843224574697,0.0379138021125462,32,NA,NA,NA
"real","USA_IRL",-0.27828370611701,0.244991697363109,32,NA,NA,NA
"real","USA_IRQ",-0.748927677281488,2.61016043100907,30,NA,NA,NA
"real","USA_ISL",0.0162834916903047,0.0569338794536617,32,NA,NA,NA
"real","USA_ITA",-0.0854989280954255,0.140791928123745,32,NA,NA,NA
"real","USA_JAM",-0.0455887268784045,0.0816259241823199,32,NA,NA,NA
"real","USA_JOR",0.0405978744056913,0.0753688681577938,12,NA,NA,NA
"real","USA_JPN",-0.00134111295061334,0.00654181354505504,32,NA,NA,NA
"real","USA_KEN",-0.0881896348076193,0.267875983929683,32,NA,NA,NA
"real","USA_KIR",-0.291849851485078,0.90633701709407,32,NA,NA,NA
"real","USA_KNA",-0.151051974322169,0.461299094951143,32,NA,NA,NA
"real","USA_KOR",0.132411137868793,0.102599168985994,23,NA,NA,NA
"real","USA_KWT",-0.200963654999941,0.715877902894473,32,NA,NA,NA
"real","USA_LBN",-0.189938978170565,0.292916078176773,32,NA,NA,NA
"real","USA_LBR",-0.115743477999827,0.247566174584823,32,NA,NA,NA
"real","USA_LCA",0.254503495662318,0.550110017774068,32,NA,NA,NA
"real","USA_LKA",0.0728199904430689,0.145446482478866,32,NA,NA,NA
"real","USA_MAC",-0.053267515369417,0.67703153177468,32,NA,NA,NA
"real","USA_MAR",0.0673101123451703,0.129896253204165,17,NA,NA,NA
"real","USA_MDG",-0.213181557013136,0.602544082707844,32,NA,NA,NA
"real","USA_MLI",-0.178007363602554,0.339588786823602,32,NA,NA,NA
"real","USA_MLT",-0.0868943968568812,0.496712829397867,32,NA,NA,NA
"real","USA_MMR",-1.0887367699849,3.0283593096346,32,NA,NA,NA
"real","USA_MOZ",0.157427460719253,0.235677988889111,32,NA,NA,NA
"real","USA_MRT",-0.542858174524799,0.510157918928129,32,NA,NA,NA
"real","USA_MTQ",0.0925463061445423,0.821527683028194,12,NA,NA,NA
"real","USA_MUS",-0.257049917566084,0.689659653695478,32,NA,NA,NA
"real","USA_MWI",0.00855694419627806,0.311595286771986,32,NA,NA,NA
"real","USA_MYS",0.0303036641026632,0.0991025871639172,32,NA,NA,NA
"real","USA_NER",-0.27126869444875,0.420866152327112,32,NA,NA,NA
"real","USA_NGA",-0.383967630262641,0.715743122464393,32,NA,NA,NA
"real","USA_NIC",-0.625496896351165,4.75475656985752,16,NA,NA,NA
"real","USA_NLD",-0.102531021933817,0.128549764054448,32,NA,NA,NA
"real","USA_NOR",-0.189589630462616,0.187300399993175,32,NA,NA,NA
"real","USA_NPL",-0.578155956052998,1.91276094185399,32,NA,NA,NA
"real","USA_NZL",-0.0283478154610115,0.12187721050732,32,NA,NA,NA
"real","USA_OMN",-0.0725192315011413,0.292489530710175,20,NA,NA,NA
"real","USA_PAK",0.0961519519023166,0.108033556660466,32,NA,NA,NA
"real","USA_PAN",-0.464274013541704,0.842070791958459,23,NA,NA,NA
"real","USA_PER",-0.0529136694655066,0.0234411488567481,20,NA,NA,NA
"real","USA_PHL",-0.008631824178087,0.0833626275372334,32,NA,NA,NA
"real","USA_PNG",-0.157421960050988,1.19018776829668,32,NA,NA,NA
"real","USA_POL",-0.103773825881251,0.199096248646561,32,NA,NA,NA
"real","USA_PRT",-0.00726642145960335,0.0298893098802199,32,NA,NA,NA
"real","USA_PRY",-0.244646605391769,0.541707255491316,32,NA,NA,NA
"real","USA_PYF",-0.0947068256223963,0.231778537274422,32,NA,NA,NA
"real","USA_QAT",-0.496027907001227,1.33689061097706,32,NA,NA,NA
"real","USA_REU",-2.03200787494249,3.06258842544396,12,NA,NA,NA
"real","USA_ROU",-0.130044317262889,0.122395245028055,32,NA,NA,NA
"real","USA_RWA",0.014002872152563,0.907163062381107,30,NA,NA,NA
"real","USA_SAU",-0.167718167630582,0.248929451156397,32,NA,NA,NA
"real","USA_SDN",0.123993124253939,0.599727764026772,32,NA,NA,NA
"real","USA_SEN",0.167554272724401,0.259505504718049,32,NA,NA,NA
"real","USA_SGP",-0.0342429110294625,0.205076798850548,32,NA,NA,NA
"real","USA_SLB",-0.230709113830979,0.725201823176329,32,NA,NA,NA
"real","USA_SLE",0.0101699800780586,0.144328320136886,32,NA,NA,NA
"real","USA_SLV",-0.0947001688099338,0.125777822908166,17,NA,NA,NA
"real","USA_SOM",-0.306896606663475,2.14400070689028,32,NA,NA,NA
"real","USA_SUR",-0.0425904171313573,0.0373448425326182,32,NA,NA,NA
"real","USA_SWE",-0.18644774170477,0.413200063327766,32,NA,NA,NA
"real","USA_SWZ",-0.4276123574766,3.07068429149105,29,NA,NA,NA
"real","USA_SYC",-0.55890122854766,1.08519256811527,32,NA,NA,NA
"real","USA_SYR",-0.839843841853817,3.48077779544608,32,NA,NA,NA
"real","USA_TGO",-0.228171977270304,0.226316136834628,32,NA,NA,NA
"real","USA_THA",0.0768468363436562,0.0601080911699785,32,NA,NA,NA
"real","USA_TON",-0.168437673183659,0.503779863725128,32,NA,NA,NA
"real","USA_TTO",0.0256592547728425,0.0522411979384496,32,NA,NA,NA
"real","USA_TUN",0.115024271731305,0.090453487069043,32,NA,NA,NA
"real","USA_TUR",-0.0583466705425587,0.0764524387220728,32,NA,NA,NA
"real","USA_TWN",0.0051095426153257,0.047184522642763,32,NA,NA,NA
"real","USA_TZA",-0.41631847307855,2.42578214891951,32,NA,NA,NA
"real","USA_URY",-0.195753179116324,0.47992386284571,32,NA,NA,NA
"real","USA_VCT",-0.0296197902926108,0.0785668146989041,32,NA,NA,NA
"real","USA_VEN",-0.0805725934168882,0.0992393125230348,32,NA,NA,NA
"real","USA_WSM",-0.46469111954754,2.04236253465985,32,NA,NA,NA
"real","USA_ZAF",0.123292939827754,0.0758650356121779,32,NA,NA,NA
"real","USA_ZMB",-0.250969027658857,0.511655909866375,32,NA,NA,NA
"real","USA_ZWE",-0.516886502426889,1.26081858063427,32,NA,NA,NA
"real","VCT_AUT",-0.912162473661445,1.60366090683313,14,NA,NA,NA
"real","VCT_CAN",-0.198344016136962,0.716752621903605,32,NA,NA,NA
"real","VCT_CHE",-2.53377338081905,6.65186051163424,27,NA,NA,NA
"real","VCT_DEU",-1.81247597053994,4.73244163961082,19,NA,NA,NA
"real","VCT_FIN",-1.67168412163904,2.81888005491081,14,NA,NA,NA
"real","VCT_GBR",-0.0335699671133901,0.558733391438134,19,NA,NA,NA
"real","VCT_GRC",-1.50015616833378,4.89744424577217,19,NA,NA,NA
"real","VCT_ITA",-1.41018860078102,2.78538730733907,19,NA,NA,NA
"real","VCT_JPN",-1.77102427893565,6.88005846217637,31,NA,NA,NA
"real","VCT_USA",-0.390633514857116,1.29924664968246,32,NA,NA,NA
"real","VEN_AUS",0.176020918194217,2.0556184904793,32,NA,NA,NA
"real","VEN_AUT",-1.29864254040981,1.42761315980767,32,NA,NA,NA
"real","VEN_CAN",-0.333602465767708,2.2444616647442,32,NA,NA,NA
"real","VEN_CHE",-1.6643229255313,2.31720312874162,32,NA,NA,NA
"real","VEN_CHN",-1.34031334905526,3.04038871071168,29,NA,NA,NA
"real","VEN_DEU",0.222162832749186,0.899837728639629,32,NA,NA,NA
"real","VEN_DNK",-0.351151789802121,1.12386757382342,32,NA,NA,NA
"real","VEN_ESP",-0.205066994257402,0.511412782680505,32,NA,NA,NA
"real","VEN_FIN",-0.438204065669583,4.32077052174002,32,NA,NA,NA
"real","VEN_FRA",-0.282261207096005,1.09861482020126,32,NA,NA,NA
"real","VEN_GBR",-0.279997528688783,0.724874862444338,32,NA,NA,NA
"real","VEN_GLP",-1.89877227067708,2.22673158729528,10,NA,NA,NA
"real","VEN_GRC",-0.23185902169658,1.01701932052129,32,NA,NA,NA
"real","VEN_GUY",-0.515247829318658,2.68809134997136,10,NA,NA,NA
"real","VEN_HUN",-0.28308651423543,3.46668856939679,29,NA,NA,NA
"real","VEN_IDN",-0.243137323678548,0.668840373104807,10,NA,NA,NA
"real","VEN_IND",-0.125161787986544,1.4554645416944,10,NA,NA,NA
"real","VEN_IRL",-0.695576224123039,3.35992659599978,32,NA,NA,NA
"real","VEN_ISL",-2.17008755289563,6.95024233709988,31,NA,NA,NA
"real","VEN_ITA",-0.458565936593537,1.8682522481486,32,NA,NA,NA
"real","VEN_JPN",0.0598893066607249,1.54205796259124,32,NA,NA,NA
"real","VEN_KOR",-0.0319636366697923,0.126540366826664,10,NA,NA,NA
"real","VEN_MAR",-0.0675520488205921,0.105194505996189,8,NA,NA,NA
"real","VEN_MLT",-3.39878683652355,11.8016540860553,24,NA,NA,NA
"real","VEN_MTQ",-2.21293282095519,2.71052192371402,10,NA,NA,NA
"real","VEN_MYS",-0.534704698377924,1.62956181671246,10,NA,NA,NA
"real","VEN_NLD",-0.350065736317264,1.176329343975,32,NA,NA,NA
"real","VEN_NOR",-0.616811136235727,3.58453568789219,32,NA,NA,NA
"real","VEN_POL",-0.545623317199053,1.62852855121892,28,NA,NA,NA
"real","VEN_PRI",-2.36819507174134,6.34198983987273,8,NA,NA,NA
"real","VEN_PRT",-0.365837570162623,1.1487475491455,32,NA,NA,NA
"real","VEN_SUR",-0.386841288320793,1.41457063002844,31,NA,NA,NA
"real","VEN_SWE",-0.674081630081051,4.40005104435474,32,NA,NA,NA
"real","VEN_THA",-0.00137358844835627,1.46673293330006,10,NA,NA,NA
"real","VEN_TTO",-1.80122352844816,6.68282334881899,10,NA,NA,NA
"real","VEN_TWN",-4.33361932877636,9.31734195715443,32,NA,NA,NA
"real","VEN_USA",-0.355798563387839,1.22063838720309,32,NA,NA,NA
"real","VGB_AUS",-0.764728367972203,3.17665869948821,30,NA,NA,NA
"real","VGB_DEU",-0.422254476812493,3.2240124612804,17,NA,NA,NA
"real","VGB_JPN",-0.571313652836134,2.55940409923409,29,NA,NA,NA
"real","VGB_KOR",-2.18457239937327,9.03173784495585,24,NA,NA,NA
"real","VGB_THA",-1.15890128641072,4.17007399875421,28,NA,NA,NA
"real","VNM_AUS",-0.360471322516437,0.42996614474261,21,NA,NA,NA
"real","VNM_AUT",0.217222307118949,0.125344958030025,32,NA,NA,NA
"real","VNM_BGR",0.576164055985835,1.07224263052521,26,NA,NA,NA
"real","VNM_CAN",-0.348608550014137,0.495378119288202,30,NA,NA,NA
"real","VNM_CHE",0.27213765005737,0.39133369528472,32,NA,NA,NA
"real","VNM_CHN",-0.388633049265941,0.678541353442197,16,NA,NA,NA
"real","VNM_DEU",0.0962685124135702,0.187605136411621,32,NA,NA,NA
"real","VNM_DNK",0.228303514275286,0.392668250468343,32,NA,NA,NA
"real","VNM_ESP",-0.137352403150146,0.357014126465786,32,NA,NA,NA
"real","VNM_FIN",-0.366598458942856,1.15475172502044,32,NA,NA,NA
"real","VNM_FRA",0.0600079382391593,0.33969401518754,32,NA,NA,NA
"real","VNM_GBR",-0.313842418152266,1.45348392653531,32,NA,NA,NA
"real","VNM_GRC",-0.314324522570519,1.71612012028379,32,NA,NA,NA
"real","VNM_HUN",0.289971325982354,1.1848932658854,30,NA,NA,NA
"real","VNM_IRL",0.597891466290589,0.478531961333969,30,NA,NA,NA
"real","VNM_ISL",-0.0928412621954004,1.66859155391694,31,NA,NA,NA
"real","VNM_ITA",-0.338498154433946,0.793984006661326,32,NA,NA,NA
"real","VNM_JPN",0.180710996015876,0.0827565917867883,19,NA,NA,NA
"real","VNM_NLD",-0.241284425936736,0.468354209868924,32,NA,NA,NA
"real","VNM_NOR",-0.453933223976736,2.36198412024253,32,NA,NA,NA
"real","VNM_NZL",-0.783896308024811,1.75229625490177,21,NA,NA,NA
"real","VNM_PRT",-0.526789525413673,0.456899357827182,32,NA,NA,NA
"real","VNM_SWE",-0.834278865113443,4.82183588099909,32,NA,NA,NA
"real","VNM_TUR",-1.2016729208203,3.52080314130009,32,NA,NA,NA
"real","VUT_CHE",-2.21346486415635,11.6687104728224,24,NA,NA,NA
"real","VUT_DEU",-1.25026342471593,6.86188858053816,28,NA,NA,NA
"real","VUT_FRA",-0.287980942705575,4.24070641223837,32,NA,NA,NA
"real","VUT_ITA",-0.9273128845755,8.10653356454638,25,NA,NA,NA
"real","VUT_JPN",-0.196706190399838,0.583171568286712,32,NA,NA,NA
"real","VUT_KOR",-0.607257081814746,3.20009627181461,32,NA,NA,NA
"real","VUT_SGP",-0.0915946373383225,1.28229715140907,26,NA,NA,NA
"real","VUT_USA",-0.229180854141466,2.25019154233582,31,NA,NA,NA
"real","WSM_CHE",-0.437973310387252,3.19579283146359,25,NA,NA,NA
"real","WSM_DEU",-0.652830582078392,2.41581173385447,32,NA,NA,NA
"real","WSM_FRA",-1.03704702794395,4.05144645652988,23,NA,NA,NA
"real","WSM_ITA",-2.02465891254284,7.64782844493059,21,NA,NA,NA
"real","WSM_JPN",-0.349969811154853,1.55554397342141,32,NA,NA,NA
"real","WSM_KOR",-1.42141418870201,4.36779831085767,28,NA,NA,NA
"real","WSM_THA",-0.982652663661109,3.14880038182698,26,NA,NA,NA
"real","WSM_USA",-0.370292125781928,0.925924926665979,32,NA,NA,NA
"real","YEM_CHE",-2.95853890188098,6.81171709302852,31,NA,NA,NA
"real","YEM_DEU",-1.05216519225486,4.24653985708685,31,NA,NA,NA
"real","YEM_GRC",-1.7223602392607,5.16569305786686,28,NA,NA,NA
"real","YEM_IND",-1.50683039237218,5.73483745015811,31,NA,NA,NA
"real","YEM_JPN",-0.356220264018199,0.938175900110414,31,NA,NA,NA
"real","YEM_KOR",-0.563471086847479,1.70323557879604,31,NA,NA,NA
"real","YEM_PRT",-0.376310001625215,2.27159722469639,25,NA,NA,NA
"real","ZAF_ARG",-0.0408933370150168,0.612923959289803,26,NA,NA,NA
"real","ZAF_AUS",-0.944016420065089,2.70280807766387,32,NA,NA,NA
"real","ZAF_AUT",-0.24952728605902,1.58385460358078,11,NA,NA,NA
"real","ZAF_BRA",-0.118704742682315,0.651891823753489,26,NA,NA,NA
"real","ZAF_CAN",-0.274379401174016,2.77496700116669,31,NA,NA,NA
"real","ZAF_CHE",0.447567992022767,0.256303999238649,19,NA,NA,NA
"real","ZAF_CHL",-0.90372361860919,2.92887114556601,32,NA,NA,NA
"real","ZAF_COL",-0.271839676933335,3.51164415688691,31,NA,NA,NA
"real","ZAF_CRI",0.122972299956932,2.88418250591065,28,NA,NA,NA
"real","ZAF_ECU",-0.57150163747821,1.97829414741756,29,NA,NA,NA
"real","ZAF_EGY",-0.0384286059654837,0.557553523182907,30,NA,NA,NA
"real","ZAF_ESP",-0.12117035405633,0.463473220500086,10,NA,NA,NA
"real","ZAF_FIN",-1.15542914183323,7.49835479207609,9,NA,NA,NA
"real","ZAF_FRA",0.0673073676096512,0.576706646101051,11,NA,NA,NA
"real","ZAF_GBR",-0.566428942661653,4.78725000450396,11,NA,NA,NA
"real","ZAF_GRC",-0.0438791951104314,0.236325213148893,10,NA,NA,NA
"real","ZAF_GTM",0.022726328050504,0.716107438484199,25,NA,NA,NA
"real","ZAF_IDN",0.0433372332351245,0.681546274575154,28,NA,NA,NA
"real","ZAF_IRL",0.0379648001657428,0.533905763130494,11,NA,NA,NA
"real","ZAF_ISL",0.727229152369428,1.64685937651015,16,NA,NA,NA
"real","ZAF_ITA",0.0532028700183751,0.375855070757661,11,NA,NA,NA
"real","ZAF_JPN",-0.0845238504881127,0.125798960497253,32,NA,NA,NA
"real","ZAF_LKA",0.0564037140041466,1.25458073297954,31,NA,NA,NA
"real","ZAF_MWI",-0.424618826702131,1.01788954562457,8,NA,NA,NA
"real","ZAF_NLD",-0.210842925306555,0.263615165177965,11,NA,NA,NA
"real","ZAF_PER",-0.323715406957164,1.34387572660161,29,NA,NA,NA
"real","ZAF_PRT",-0.0726178477678564,0.185996755632157,11,NA,NA,NA
"real","ZAF_REU",0.605219386797092,0.977821661857004,10,NA,NA,NA
"real","ZAF_SWE",-2.72098399266812,12.9704680800542,11,NA,NA,NA
"real","ZAF_TWN",-0.0687639681988889,0.249951906457371,30,NA,NA,NA
"real","ZAF_URY",-1.19998468896993,1.96466160110119,27,NA,NA,NA
"real","ZAF_USA",-0.668294329889112,1.40583582301735,32,NA,NA,NA
"real","ZMB_AUS",-2.15533651186468,3.54765036050589,32,NA,NA,NA
"real","ZMB_AUT",-0.534075482295115,3.66443278771074,30,NA,NA,NA
"real","ZMB_CHE",-2.1202001914462,3.95087183590502,32,NA,NA,NA
"real","ZMB_DEU",0.101515746865519,0.331525349058347,32,NA,NA,NA
"real","ZMB_DNK",-0.550440943884298,1.99441703838478,32,NA,NA,NA
"real","ZMB_ESP",-0.561138475107663,1.65467952820949,32,NA,NA,NA
"real","ZMB_FIN",-1.27527544132735,4.81284366812019,32,NA,NA,NA
"real","ZMB_FRA",-0.407566583799311,1.79343936082719,32,NA,NA,NA
"real","ZMB_FRO",-1.42430705331977,7.40426571056122,8,NA,NA,NA
"real","ZMB_GBR",-0.362945661104753,1.02061713396181,32,NA,NA,NA
"real","ZMB_GRC",-1.64575821961208,5.70670820225694,31,NA,NA,NA
"real","ZMB_IDN",-0.25274399275934,1.66310732732692,32,NA,NA,NA
"real","ZMB_IND",0.00600725965078978,0.641753503168544,32,NA,NA,NA
"real","ZMB_IRL",0.00759799118478398,4.59194433578928,32,NA,NA,NA
"real","ZMB_ISL",-1.76955367746462,5.0016448225123,30,NA,NA,NA
"real","ZMB_ITA",-1.01675188669978,2.16444254007288,32,NA,NA,NA
"real","ZMB_JPN",-0.142862340274532,1.14634130180739,32,NA,NA,NA
"real","ZMB_KOR",-1.10786085100415,2.56941871156024,32,NA,NA,NA
"real","ZMB_NLD",0.0822635272393149,0.657964355665703,32,NA,NA,NA
"real","ZMB_NOR",-0.112256583748001,1.60012680651824,32,NA,NA,NA
"real","ZMB_OMN",-2.37976842585373,10.7224930746282,20,NA,NA,NA
"real","ZMB_PRT",-0.432147421265107,2.18262751239174,32,NA,NA,NA
"real","ZMB_SAU",-0.134452840336291,2.50163387083709,31,NA,NA,NA
"real","ZMB_SWE",-0.133155738590571,0.768517603638739,32,NA,NA,NA
"real","ZMB_THA",0.188880802425131,0.964011264005233,32,NA,NA,NA
"real","ZMB_USA",-0.422713141875196,3.22740787152519,32,NA,NA,NA
"real","ZWE_AUS",-0.460575784526545,2.51459990767141,32,NA,NA,NA
"real","ZWE_AUT",-0.151719219282934,0.524570262080124,23,NA,NA,NA
"real","ZWE_BGR",-0.53544826628835,2.7487401364191,20,NA,NA,NA
"real","ZWE_CAN",-0.252137655925597,0.587797550883766,32,NA,NA,NA
"real","ZWE_CHE",-0.0923395950596872,1.7378943676691,32,NA,NA,NA
"real","ZWE_CHN",-0.132666532184781,0.292903827899479,32,NA,NA,NA
"real","ZWE_DEU",-0.0563452210775181,0.0855745595136803,23,NA,NA,NA
"real","ZWE_DNK",-0.194783602040248,0.747192705115941,23,NA,NA,NA
"real","ZWE_ESP",-0.0783524435784986,0.179068876024457,23,NA,NA,NA
"real","ZWE_FIN",-0.490920867808686,0.963604398028739,23,NA,NA,NA
"real","ZWE_FRA",-0.119082038879813,0.172398146031786,23,NA,NA,NA
"real","ZWE_GBR",-0.057606518102939,0.171736315784123,23,NA,NA,NA
"real","ZWE_GRC",-0.267989129327892,0.539590884444683,23,NA,NA,NA
"real","ZWE_GTM",-3.15471700176598,11.4427526168521,12,NA,NA,NA
"real","ZWE_HUN",-0.507144814212158,1.8243195155956,22,NA,NA,NA
"real","ZWE_IRL",-0.398130137357753,2.85098396138214,23,NA,NA,NA
"real","ZWE_ISL",-0.0850121026087485,0.398279934231646,32,NA,NA,NA
"real","ZWE_ITA",-0.264543284882755,0.671037637982131,23,NA,NA,NA
"real","ZWE_JOR",-0.736372047088939,2.93988168696774,29,NA,NA,NA
"real","ZWE_JPN",-0.27227969235789,0.893519286171446,32,NA,NA,NA
"real","ZWE_NLD",-0.0473476663874558,0.0796429687527421,23,NA,NA,NA
"real","ZWE_NOR",-0.209933935189049,1.15864719938788,32,NA,NA,NA
"real","ZWE_NZL",-0.0726967948975577,0.574057159428994,32,NA,NA,NA
"real","ZWE_OMN",-1.51805909840092,7.76029698776216,27,NA,NA,NA
"real","ZWE_PRT",-0.0447515364404642,0.28372822440007,23,NA,NA,NA
"real","ZWE_REU",-1.52846605540516,4.68740643899485,11,NA,NA,NA
"real","ZWE_SWE",-0.359984350206886,1.0145215405907,23,NA,NA,NA
"real","ZWE_TWN",-0.550825167319845,2.40513812734867,32,NA,NA,NA
"real","ZWE_USA",-0.168438522198151,0.519542789135036,32,NA,NA,NA
"real","AFG_BRA",-0.536745931860462,3.71196352381941,26,NA,NA,NA
"real","AFG_CAN",-0.476084885792195,1.12511495929034,31,NA,NA,NA
"real","AFG_CYP",-1.72497299375283,8.07073531059915,27,NA,NA,NA
"real","AFG_EGY",-0.430473455537889,4.33155910721585,28,NA,NA,NA
"real","AFG_ESP",-0.377008775166913,1.54206285726988,31,NA,NA,NA
"real","AFG_MAR",-3.86399735423747,8.56253100754472,18,NA,NA,NA
"real","AFG_MYS",-1.18000528868041,4.50971098763583,30,NA,NA,NA
"real","AGO_BRA",-0.758865477335232,7.60370794770272,31,NA,NA,NA
"real","AGO_CAN",-2.26307787289861,12.5740843880735,30,NA,NA,NA
"real","AGO_CHN",-0.883608756471281,3.19721044696846,30,NA,NA,NA
"real","AGO_DNK",-3.20320537165181,8.12552374725583,28,NA,NA,NA
"real","AGO_GRC",-2.85944092798354,13.2152766628383,18,NA,NA,NA
"real","AGO_IDN",-3.73824046554956,16.7119012678031,25,NA,NA,NA
"real","AGO_THA",-2.04134037377261,10.9728811248191,30,NA,NA,NA
"real","AGO_TUR",-1.73903948078553,4.69992770717539,22,NA,NA,NA
"real","AGO_USA",-0.547152501237512,6.14050065619219,31,NA,NA,NA
"real","ALB_CAN",-1.22233695716534,3.95504657091724,31,NA,NA,NA
"real","ALB_DNK",-0.855267805362976,2.78772412599162,16,NA,NA,NA
"real","ALB_FIN",-1.02542181206036,1.7840472984448,16,NA,NA,NA
"real","ALB_ISL",-0.490113353624846,2.18825427850697,15,NA,NA,NA
"real","ALB_NZL",-1.50415089138405,2.85914007393911,31,NA,NA,NA
"real","ALB_ROU",-2.08095515675745,3.8847887693738,14,NA,NA,NA
"real","ALB_THA",-0.277642706813313,2.79192078157442,31,NA,NA,NA
"real","AND_BRA",-1.1672786640046,6.33672729626496,29,NA,NA,NA
"real","ANT_BRA",-0.218468845076613,3.13749456056658,22,NA,NA,NA
"real","ANT_CAN",-0.483246006541639,3.41332393317322,22,NA,NA,NA
"real","ANT_KOR",-1.95849638351428,3.25207434802538,15,NA,NA,NA
"real","ANT_MYS",-1.57096888234214,4.5977376370355,19,NA,NA,NA
"real","ANT_SGP",-2.09289986065705,6.98856609976506,22,NA,NA,NA
"real","ANT_THA",-1.07541107339923,2.93587299871943,22,NA,NA,NA
"real","ANT_TUR",-0.490156804524643,1.61778150006151,20,NA,NA,NA
"real","ARE_BGD",-0.204493712752308,1.42374652145932,28,NA,NA,NA
"real","ARE_BRA",-0.00693556319684722,0.957416088790126,31,NA,NA,NA
"real","ARE_CYP",-0.392504793976024,0.610211539023716,31,NA,NA,NA
"real","ARE_DNK",-0.664981088772893,1.04989959494449,31,NA,NA,NA
"real","ARE_DZA",-0.904238640112271,2.65670979516802,18,NA,NA,NA
"real","ARE_FJI",-0.572535971704966,1.01979931625887,19,NA,NA,NA
"real","ARE_MEX",-0.946000267328591,1.65046145524646,31,NA,NA,NA
"real","ARE_NOR",-1.27120096461595,3.94306267761063,24,NA,NA,NA
"real","ARE_NZL",-0.151083688544129,0.223344622393582,31,NA,NA,NA
"real","ARE_PAK",-1.9717998170366,5.42081762679966,31,NA,NA,NA
"real","ARG_BRN",-1.25907861674395,2.72661417068286,31,NA,NA,NA
"real","ARG_DJI",-0.88245821152981,3.63330753995643,30,NA,NA,NA
"real","ARG_FRO",-0.761091216824094,2.01373643815551,16,NA,NA,NA
"real","ARG_MAC",-0.44373635797686,0.887667599666557,29,NA,NA,NA
"real","ARG_OMN",-0.0665142496516321,0.303567692894862,31,NA,NA,NA
"real","ARG_PRI",-0.251063904909445,0.673510066908803,10,NA,NA,NA
"real","ATG_DNK",-1.17094840167504,7.49496961756409,17,NA,NA,NA
"real","ATG_ESP",-2.0877767891576,7.73679342682912,17,NA,NA,NA
"real","ATG_NZL",-0.960265467694184,5.71601752918709,22,NA,NA,NA
"real","ATG_TUR",-0.977110261260859,11.8772610306215,27,NA,NA,NA
"real","AUS_ATF",0.0626761704386611,5.42345333807854,16,NA,NA,NA
"real","AUS_CAF",-0.743590157461873,1.96567735154101,31,NA,NA,NA
"real","AUS_CYM",-0.148922606405636,1.28680092776635,31,NA,NA,NA
"real","AUS_FLK",-1.19540720942737,1.81568526732179,31,NA,NA,NA
"real","AUS_HND",-0.505114434316537,1.40116734160344,31,NA,NA,NA
"real","AUS_HTI",-0.476147931538829,0.702349395110579,31,NA,NA,NA
"real","AUS_SUR",-0.867486280928887,3.13982515635248,29,NA,NA,NA
"real","AUS_WLF",-0.130625486103923,0.356299852282489,31,NA,NA,NA
"real","AUT_BGD",-0.0748421193521433,0.173132204216335,31,NA,NA,NA
"real","AUT_GTM",-0.129342192797633,1.37790304824387,20,NA,NA,NA
"real","AUT_IRQ",-0.647921566034185,3.13207821396414,27,NA,NA,NA
"real","AUT_LKA",-0.372183648003237,0.575208123037138,31,NA,NA,NA
"real","AUT_MEX",-0.560957860154931,3.17981790045309,10,NA,NA,NA
"real","AUT_PAK",-0.93229666857099,4.60553436888785,31,NA,NA,NA
"real","AUT_PRY",-0.233678506583847,0.214955279831809,31,NA,NA,NA
"real","AUT_RWA",-0.0804892747313736,0.984631911714098,30,NA,NA,NA
"real","AUT_URY",-0.617628616162994,1.36317403633802,28,NA,NA,NA
"real","BDI_IND",-1.29662070234994,3.05019294915288,25,NA,NA,NA
"real","BDI_PAK",-0.271555713981867,0.846729850349565,31,NA,NA,NA
"real","BEN_AUS",-4.45374603534649,10.9981993328059,17,NA,NA,NA
"real","BEN_CHN",-0.813856629823271,3.60321717091577,30,NA,NA,NA
"real","BEN_DNK",-1.10276959115018,2.72142320205682,30,NA,NA,NA
"real","BEN_USA",-0.747850905691744,1.95821042150847,31,NA,NA,NA
"real","BFA_CAN",-2.08653341567824,4.34530447936276,31,NA,NA,NA
"real","BFA_CHN",-0.952834025457516,8.81426963817698,29,NA,NA,NA
"real","BFA_CYP",-1.1429543424563,2.05164530002678,10,NA,NA,NA
"real","BFA_DNK",-1.56519624638623,4.66443344567202,31,NA,NA,NA
"real","BFA_IDN",-0.242739427188651,1.17170366863968,31,NA,NA,NA
"real","BFA_SWE",-0.537069743115029,2.97693326357264,31,NA,NA,NA
"real","BFA_TUR",-1.29036319057432,2.20917293002025,29,NA,NA,NA
"real","BFA_USA",-0.594102734063061,1.09302345691021,30,NA,NA,NA
"real","BGD_AFG",-0.378209950907933,1.9796305674522,20,NA,NA,NA
"real","BGD_AGO",-0.439210112052282,2.48252691413111,27,NA,NA,NA
"real","BGD_ALB",-1.45629740234123,3.95092257152943,24,NA,NA,NA
"real","BGD_ARE",-0.0428171682372143,0.370397716286613,30,NA,NA,NA
"real","BGD_BHR",-0.931590993022241,1.03328182015605,30,NA,NA,NA
"real","BGD_BHS",-0.644970016815233,5.11108128612664,17,NA,NA,NA
"real","BGD_COG",-1.46594303611471,4.60933010826523,28,NA,NA,NA
"real","BGD_CYP",-0.0660288290058117,0.21041649498372,31,NA,NA,NA
"real","BGD_DNK",-0.143020442338089,0.118885440188976,31,NA,NA,NA
"real","BGD_DOM",-0.918479902566559,1.04606407929091,26,NA,NA,NA
"real","BGD_GAB",-0.590243403216998,3.32115931859653,20,NA,NA,NA
"real","BGD_GIB",-0.961276649750512,15.9162082726429,17,NA,NA,NA
"real","BGD_HND",-0.361198728158847,0.949038402936919,31,NA,NA,NA
"real","BGD_JAM",-0.478530681361065,0.717544296295067,31,NA,NA,NA
"real","BGD_JOR",-0.046054009035201,0.582938667898344,31,NA,NA,NA
"real","BGD_KWT",-0.433805458521786,0.423367646170017,31,NA,NA,NA
"real","BGD_LBN",-0.68687640353028,0.715221979978161,31,NA,NA,NA
"real","BGD_LBR",-0.991701346838132,3.54669677468844,21,NA,NA,NA
"real","BGD_MLI",-2.09757577874051,3.11087239900557,23,NA,NA,NA
"real","BGD_MLT",0.0938412771115372,1.01989383999513,31,NA,NA,NA
"real","BGD_MWI",-0.439769032001183,4.00907746667358,28,NA,NA,NA
"real","BGD_NOR",-0.0281061941034043,0.0453886531385421,31,NA,NA,NA
"real","BGD_OMN",0.224394166798891,0.585934502938128,30,NA,NA,NA
"real","BGD_PAN",-0.857010915402078,1.5692340365588,28,NA,NA,NA
"real","BGD_PNG",0.481338378078478,1.34578920033775,25,NA,NA,NA
"real","BGD_POL",-0.772542566216632,0.73523019832567,31,NA,NA,NA
"real","BGD_QAT",-0.222790452310636,0.436680716545482,30,NA,NA,NA
"real","BGD_RWA",-0.776589523475188,3.47017033482011,25,NA,NA,NA
"real","BGD_SAU",-0.662610220505142,0.661597629032912,31,NA,NA,NA
"real","BGD_SEN",-0.416653747858644,3.62607217631694,28,NA,NA,NA
"real","BGD_SLE",-0.560259823538652,1.77281938269246,28,NA,NA,NA
"real","BGD_SWE",-0.0973594058779243,0.0812448858119406,31,NA,NA,NA
"real","BGD_SYR",0.0581279456405355,0.969455652193517,25,NA,NA,NA
"real","BGD_TGO",-0.106354527477204,1.64786845957178,31,NA,NA,NA
"real","BGD_UGA",0.0827013234012874,1.51420543045587,30,NA,NA,NA
"real","BGD_YEM",0.0582168315151163,1.80509648281877,27,NA,NA,NA
"real","BGD_ZMB",-0.433647687577183,2.44737877691904,30,NA,NA,NA
"real","BGR_BRA",-0.199388058263266,0.91800916520058,31,NA,NA,NA
"real","BGR_CHN",-0.702821407674432,2.60131288563177,30,NA,NA,NA
"real","BGR_CRI",-0.439482943410591,1.09833133239616,19,NA,NA,NA
"real","BGR_FRO",0.156997829974101,0.825352614208645,12,NA,NA,NA
"real","BGR_IDN",-0.177602816956249,0.321151436834043,31,NA,NA,NA
"real","BGR_OMN",-0.931030821061678,1.98224020264604,31,NA,NA,NA
"real","BGR_PAK",-0.657160634882213,2.25388453483868,25,NA,NA,NA
"real","BGR_PRY",-0.681471932021147,1.25652302503163,29,NA,NA,NA
"real","BGR_TUR",-0.499642948771073,1.61039423456732,9,NA,NA,NA
"real","BHR_BGD",-0.768291964390323,2.90494805097439,29,NA,NA,NA
"real","BHR_CAN",-0.489724281328947,0.840256138188744,31,NA,NA,NA
"real","BHR_CHN",-0.133398580833188,0.304854548457523,29,NA,NA,NA
"real","BHR_CYP",-0.415290809522427,0.999429524791237,31,NA,NA,NA
"real","BHR_DNK",-1.44722276606793,4.1978273616988,31,NA,NA,NA
"real","BHR_ESP",-0.590774341325123,1.27898831516646,31,NA,NA,NA
"real","BHR_IDN",-0.161270082252722,0.431828542639629,31,NA,NA,NA
"real","BHR_MEX",-1.20598274755827,3.4656172415724,31,NA,NA,NA
"real","BHR_MYS",-0.210958823092192,0.154582347124946,31,NA,NA,NA
"real","BHR_PAK",-1.30714875406197,5.36381168381903,28,NA,NA,NA
"real","BHR_SGP",-0.199492476854387,0.357449285680618,23,NA,NA,NA
"real","BHR_TTO",-4.15450269942516,5.43588571141676,18,NA,NA,NA
"real","BHS_AUT",-0.795535990831201,1.98819201345827,16,NA,NA,NA
"real","BHS_BRA",-0.218092689064273,1.3685097588422,31,NA,NA,NA
"real","BHS_CYP",-0.928680781681698,2.84767978248907,17,NA,NA,NA
"real","BHS_FRO",-0.90424031102492,4.49709158189707,10,NA,NA,NA
"real","BHS_IDN",-2.93575685111655,6.81005225411305,29,NA,NA,NA
"real","BHS_MYS",-2.65601015299635,5.86898982914697,30,NA,NA,NA
"real","BHS_NLD",-1.00534802095336,3.37659331151678,17,NA,NA,NA
"real","BHS_NZL",-0.928441348036355,4.8007956523271,31,NA,NA,NA
"real","BHS_OMN",-0.585074053001266,1.54626307468716,10,NA,NA,NA
"real","BHS_SGP",-1.52759239504759,4.49109253511889,31,NA,NA,NA
"real","BHS_TUR",-1.28789865759083,2.47633509961431,31,NA,NA,NA
"real","BLZ_CHE",-0.77616792948366,2.69582312199071,30,NA,NA,NA
"real","BLZ_KOR",-0.345943832226863,1.49411876827885,30,NA,NA,NA
"real","BLZ_MEX",0.0816189238520164,1.66926320438738,31,NA,NA,NA
"real","BLZ_SAU",-0.436872965397988,2.99836806026319,17,NA,NA,NA
"real","BMU_BRA",-1.94734722657399,31.7935949915907,29,NA,NA,NA
"real","BMU_CAN",-0.00593397610160686,7.96712333344523,31,NA,NA,NA
"real","BMU_NZL",-0.790307506208097,22.870420332991,31,NA,NA,NA
"real","BMU_SGP",-2.55648527636828,15.554714259553,28,NA,NA,NA
"real","BMU_THA",-1.32378032634457,10.0536706283655,27,NA,NA,NA
"real","BOL_ARE",-3.41067334817753,4.98459037172864,27,NA,NA,NA
"real","BOL_CRI",-0.846646945119928,1.97570457953443,29,NA,NA,NA
"real","BOL_JOR",-0.0524244452374475,3.12708684388142,22,NA,NA,NA
"real","BOL_NOR",-0.741802483199084,1.57078536377652,29,NA,NA,NA
"real","BOL_NZL",-0.810976473419711,2.41895981599371,31,NA,NA,NA
"real","BOL_SWE",-0.124878071673086,0.879020283219615,30,NA,NA,NA
"real","BOL_TUR",-2.3557143410421,3.86281188835439,29,NA,NA,NA
"real","BRA_AIA",-1.19993600344305,3.76593214500168,27,NA,NA,NA
"real","BRA_ALB",-0.831817108939018,2.20756124932143,28,NA,NA,NA
"real","BRA_AND",-0.748786573372499,2.04228867451439,30,NA,NA,NA
"real","BRA_ANT",-0.960405880265776,1.56305653549501,22,NA,NA,NA
"real","BRA_ATG",-0.019640453109822,0.640277981424337,31,NA,NA,NA
"real","BRA_BDI",-0.209999253572237,1.62538865917564,31,NA,NA,NA
"real","BRA_BFA",-0.322246124272784,0.52222324491989,31,NA,NA,NA
"real","BRA_BHS",-1.09335109047162,2.17094710892834,31,NA,NA,NA
"real","BRA_BMU",-1.046312175366,2.35921253401663,31,NA,NA,NA
"real","BRA_BRN",-0.867948263472255,2.46963983904258,31,NA,NA,NA
"real","BRA_BTN",-0.376825361573196,3.07378788320744,12,NA,NA,NA
"real","BRA_COD",-0.0913712669191287,0.38156255875378,31,NA,NA,NA
"real","BRA_CYM",-0.289421265162205,1.80848329136748,31,NA,NA,NA
"real","BRA_DJI",-0.82610849765831,2.96285813245482,31,NA,NA,NA
"real","BRA_DMA",-0.0450540906273699,0.198303601566421,31,NA,NA,NA
"real","BRA_FRO",-1.29202566997495,3.45074381151933,27,NA,NA,NA
"real","BRA_GIB",-0.605724666330008,6.809875209128,31,NA,NA,NA
"real","BRA_GNB",-1.01467543710498,1.68389682072952,31,NA,NA,NA
"real","BRA_GNQ",-1.39615644912442,3.28932543603594,31,NA,NA,NA
"real","BRA_LAO",-1.27694068311631,4.38732739943269,27,NA,NA,NA
"real","BRA_MAC",-0.458212590188291,1.19016661526139,31,NA,NA,NA
"real","BRA_MDG",-0.113717412850987,0.175855764876423,31,NA,NA,NA
"real","BRA_MLI",-0.380581458851142,0.860879122296893,31,NA,NA,NA
"real","BRA_MSR",-0.856117389927195,1.01254235836323,31,NA,NA,NA
"real","BRA_MUS",-0.28737107686077,0.448137996774003,31,NA,NA,NA
"real","BRA_MWI",0.0413264494548602,0.864077803029465,31,NA,NA,NA
"real","BRA_NER",-0.649924658350666,2.19835497579518,31,NA,NA,NA
"real","BRA_NFK",-0.845648955768659,1.98284756086511,20,NA,NA,NA
"real","BRA_NPL",-1.66753696717378,3.35185027851467,31,NA,NA,NA
"real","BRA_PYF",-0.0448048922680721,0.253382036916502,31,NA,NA,NA
"real","BRA_SLB",-0.256124615531294,0.99021019884984,23,NA,NA,NA
"real","BRA_SLE",-0.812167414328179,0.892228462317552,31,NA,NA,NA
"real","BRA_SOM",0.170623877152377,1.54311008869531,30,NA,NA,NA
"real","BRA_STP",-0.929295392141798,1.67241843842043,29,NA,NA,NA
"real","BRA_SYC",-1.11167417690287,1.42884359068451,31,NA,NA,NA
"real","BRA_TCA",-0.613416474089433,2.40341170680329,30,NA,NA,NA
"real","BRA_TCD",-0.659962663592081,1.4011449295589,30,NA,NA,NA
"real","BRA_TGO",-0.36434355895954,0.72984073639464,31,NA,NA,NA
"real","BRA_UGA",-0.212004376940928,0.412860655109964,31,NA,NA,NA
"real","BRA_VGB",-0.466437037042604,1.37545951358635,31,NA,NA,NA
"real","BRA_VUT",-0.458688048807095,1.75741640507471,25,NA,NA,NA
"real","BRA_YEM",-0.18074825584627,0.294140819177616,30,NA,NA,NA
"real","BRA_ZMB",-0.158569952795898,0.422764758854229,31,NA,NA,NA
"real","BRB_BRA",-1.26624704730934,3.70071892467536,30,NA,NA,NA
"real","BRB_DNK",0.0410334202379112,2.0691221206243,18,NA,NA,NA
"real","BRB_ESP",-1.51643827954484,1.98830890068367,18,NA,NA,NA
"real","BRB_KOR",-0.440705041581037,2.59994941754516,30,NA,NA,NA
"real","BRB_MEX",0.0899417996691697,1.04173365194212,31,NA,NA,NA
"real","BRB_POL",-2.56109781778278,4.25760066211516,8,NA,NA,NA
"real","BRB_SWE",-0.376770124591755,1.18084411799896,18,NA,NA,NA
"real","BRN_BGD",-2.40530735749139,9.47857664982972,23,NA,NA,NA
"real","BRN_CAN",-2.14396678954307,3.92154858562722,31,NA,NA,NA
"real","BRN_CYP",-5.2507364111858,11.3232874561739,19,NA,NA,NA
"real","BRN_DNK",-0.62054085358296,3.0784722317692,31,NA,NA,NA
"real","BRN_ESP",-1.78841556302001,4.00412143334457,31,NA,NA,NA
"real","BRN_FRA",-0.196920123709321,1.48005987495232,27,NA,NA,NA
"real","BRN_GBR",-1.00785407493632,4.79412223047874,30,NA,NA,NA
"real","BRN_GRC",-2.01586879591283,9.38872874276211,17,NA,NA,NA
"real","BRN_MEX",-0.20793358723066,2.15162818381254,30,NA,NA,NA
"real","BRN_PAK",-0.804149613183848,2.02342039932242,29,NA,NA,NA
"real","BTN_CAN",-0.495188433907947,2.45096464947208,25,NA,NA,NA
"real","BTN_FIN",-0.736278237747184,5.63141962007891,14,NA,NA,NA
"real","BTN_GRC",-0.908239575429906,10.7329559259798,9,NA,NA,NA
"real","BTN_JPN",-0.413202883859474,2.64037377604867,31,NA,NA,NA
"real","BTN_MYS",-0.394174848494173,2.5004409379455,24,NA,NA,NA
"real","BTN_THA",-2.37232316791975,2.29352123212038,29,NA,NA,NA
"real","BWA_AUS",-0.828075154492927,1.06111367877961,21,NA,NA,NA
"real","BWA_SAU",0.2323177981504,5.20089708554744,21,NA,NA,NA
"real","CAF_BGD",-3.13700106530402,12.4062402601961,22,NA,NA,NA
"real","CAF_CHN",-1.27080608988298,3.40507078674147,29,NA,NA,NA
"real","CAF_DNK",-0.868138012086185,3.13545627628909,28,NA,NA,NA
"real","CAF_IDN",-0.823599270872615,2.95363603281769,31,NA,NA,NA
"real","CAF_IRL",-0.910815680482497,4.15986156439331,30,NA,NA,NA
"real","CAF_NOR",-1.32477044819235,4.03930496161067,13,NA,NA,NA
"real","CAF_PAK",-2.82451384940669,5.96406061150359,19,NA,NA,NA
"real","CAF_PER",-1.00343102172635,3.18003763577296,18,NA,NA,NA
"real","CAF_ROU",-1.65862757052822,7.03264746879002,19,NA,NA,NA
"real","CAF_TUN",-1.22538324041684,3.70959784716801,29,NA,NA,NA
"real","CAF_TUR",-0.719777885535349,2.60444915829311,27,NA,NA,NA
"real","CAN_AFG",-1.46495688830525,5.09599303944096,31,NA,NA,NA
"real","CAN_AIA",-0.0168115403880697,1.15373755431146,31,NA,NA,NA
"real","CAN_ANT",-0.0489778742441254,0.558085795650559,22,NA,NA,NA
"real","CAN_ATF",-1.33392923882401,1.2658309872027,25,NA,NA,NA
"real","CAN_BDI",-0.35754784417743,0.610903862210424,31,NA,NA,NA
"real","CAN_BEN",-0.128881200661918,0.259958212828142,31,NA,NA,NA
"real","CAN_BFA",-0.42938788092785,0.715796883771577,31,NA,NA,NA
"real","CAN_BMU",0.336896567096711,0.435610404619654,31,NA,NA,NA
"real","CAN_BRN",-0.343782343226718,0.888170105171172,31,NA,NA,NA
"real","CAN_BTN",-0.620825414872673,1.28797976247109,26,NA,NA,NA
"real","CAN_CAF",-0.289786109040561,1.31014476387769,31,NA,NA,NA
"real","CAN_COG",-0.467658474523852,0.537507385155118,31,NA,NA,NA
"real","CAN_COK",-0.76693429534276,3.08873720327243,28,NA,NA,NA
"real","CAN_COM",-0.997319127520512,2.69480807616839,29,NA,NA,NA
"real","CAN_CYM",-0.0684823660841036,0.811805277121058,31,NA,NA,NA
"real","CAN_DJI",-0.616987594033659,2.07297179207663,31,NA,NA,NA
"real","CAN_ESH",0.638553344233744,4.51490527006955,17,NA,NA,NA
"real","CAN_GIB",-2.50561042098522,5.51763581272851,30,NA,NA,NA
"real","CAN_GMB",-0.68797810899243,1.29686561518196,31,NA,NA,NA
"real","CAN_GNB",-0.585318879341834,1.42013285302609,31,NA,NA,NA
"real","CAN_GNQ",-0.946704928472945,4.44608319614651,25,NA,NA,NA
"real","CAN_GRL",-0.210566673522263,0.531322506845599,31,NA,NA,NA
"real","CAN_GUY",-0.0270843495292397,0.165794889917854,31,NA,NA,NA
"real","CAN_KHM",-1.14532315015229,1.71898213387036,31,NA,NA,NA
"real","CAN_LBR",-0.580962935859225,1.50087116100734,31,NA,NA,NA
"real","CAN_MAC",-0.0423774156832422,0.22668363525471,31,NA,NA,NA
"real","CAN_MDG",-0.848429518315356,0.897306558188924,31,NA,NA,NA
"real","CAN_MDV",-0.612193403505906,2.48658684454119,29,NA,NA,NA
"real","CAN_MSR",-0.108156589780917,0.356189550757989,31,NA,NA,NA
"real","CAN_MWI",-0.371226994503744,0.950583733474797,31,NA,NA,NA
"real","CAN_NRU",-0.034635198327339,3.35217651618858,23,NA,NA,NA
"real","CAN_PCN",-0.394468329302665,1.77047857689544,24,NA,NA,NA
"real","CAN_PNG",-0.22277412902036,0.490102931228433,31,NA,NA,NA
"real","CAN_ROU",-0.353581922753991,0.524791376726431,27,NA,NA,NA
"real","CAN_SHN",-0.913936694163033,3.5736256087277,24,NA,NA,NA
"real","CAN_SLE",-0.286438608626991,0.573056724575277,31,NA,NA,NA
"real","CAN_SPM",-0.0274708922263471,0.0466848956480537,31,NA,NA,NA
"real","CAN_STP",-0.676424956073486,2.07400270860208,31,NA,NA,NA
"real","CAN_SYC",-0.428440618824772,0.91279647524932,31,NA,NA,NA
"real","CAN_TCA",-0.238873574873698,0.547797891544906,31,NA,NA,NA
"real","CAN_TCD",-1.07894918191237,2.35501861666318,30,NA,NA,NA
"real","CAN_TON",-0.797701262719457,2.10023666692035,31,NA,NA,NA
"real","CAN_VGB",-0.557175308195263,1.40253968400813,31,NA,NA,NA
"real","CAN_WLF",-1.4782318808104,2.9237628628942,20,NA,NA,NA
"real","CAN_WSM",-0.0975206458702937,0.900303106047489,31,NA,NA,NA
"real","CCK_DNK",-1.51835279121693,5.87009019511536,20,NA,NA,NA
"real","CHE_FLK",-0.753087667974309,1.47537919000628,26,NA,NA,NA
"real","CHE_SHN",-1.29705605377659,5.21849438672342,28,NA,NA,NA
"real","CHL_ALB",-0.378617938862484,2.3697704555517,28,NA,NA,NA
"real","CHL_BDI",-0.770817258447969,0.924726712418556,13,NA,NA,NA
"real","CHL_BLZ",-0.998394545994328,2.67254402274774,30,NA,NA,NA
"real","CHL_CYP",-0.500872280988967,1.01291763703871,14,NA,NA,NA
"real","CHL_DMA",-0.743513705138334,1.1525402982483,31,NA,NA,NA
"real","CHL_FRO",-2.07991033997404,2.70166865990424,16,NA,NA,NA
"real","CHL_GMB",-0.727441746146408,1.9126976484138,16,NA,NA,NA
"real","CHL_HUN",0.147467295661729,0.598848139250861,14,NA,NA,NA
"real","CHL_KHM",-1.19479437164321,1.83046822486629,27,NA,NA,NA
"real","CHL_MAC",-0.55562830146076,1.47150445440993,31,NA,NA,NA
"real","CHL_NPL",-0.73878687916909,2.03027660393166,28,NA,NA,NA
"real","CHL_OMN",-0.0390047069590333,0.597582406672674,31,NA,NA,NA
"real","CHL_POL",-0.564642101422122,3.27277323265844,14,NA,NA,NA
"real","CHL_PYF",0.0348525542119819,0.891322213993274,27,NA,NA,NA
"real","CHL_SEN",-0.244395588318671,0.765593033243167,30,NA,NA,NA
"real","CHL_SUR",-1.08965852479712,1.86663349822306,29,NA,NA,NA
"real","CHL_SYC",-0.732582123845416,3.04938696423117,23,NA,NA,NA
"real","CHN_AGO",-0.754610573211625,0.897870454168988,31,NA,NA,NA
"real","CHN_BTN",-0.500345857589177,1.12100126859068,29,NA,NA,NA
"real","CHN_CAF",-0.724012128478025,2.08853587259066,31,NA,NA,NA
"real","CHN_COD",-0.72038812319859,2.80631789914296,29,NA,NA,NA
"real","CHN_COK",-0.986768388234919,0.995792178819703,29,NA,NA,NA
"real","CHN_FRO",-0.632102941817564,1.7100288511079,26,NA,NA,NA
"real","CHN_GNB",-0.152921576545334,0.566704407722816,29,NA,NA,NA
"real","CHN_MWI",-0.936992279976132,2.40701573866072,30,NA,NA,NA
"real","CHN_NIC",-1.08742057938394,1.85818026134181,31,NA,NA,NA
"real","CHN_WSM",-0.654799074422217,1.65067358062235,30,NA,NA,NA
"real","CIV_CYP",-0.399838733181885,1.43176197663767,26,NA,NA,NA
"real","CIV_ISR",-0.127522864286537,0.644077696764887,26,NA,NA,NA
"real","CMR_CAF",-1.4745375024742,6.39450041994709,8,NA,NA,NA
"real","CMR_CYP",-0.238549775886473,0.44869355893824,22,NA,NA,NA
"real","CMR_IRL",-0.364114453123396,1.03468646411894,23,NA,NA,NA
"real","CMR_LBR",-1.62757062501496,12.0496033409436,18,NA,NA,NA
"real","CMR_NZL",-0.674119261420904,1.07308259367997,30,NA,NA,NA
"real","CMR_SLE",-2.27975602022881,10.5492396823949,17,NA,NA,NA
"real","COD_CYP",-0.831942857120279,2.78331254615285,30,NA,NA,NA
"real","COD_MYS",-1.52056203317847,4.11552855940717,31,NA,NA,NA
"real","COD_PAK",-0.93509492188352,2.42763338315819,30,NA,NA,NA
"real","COD_ROU",-0.511873521761667,1.21045990987715,28,NA,NA,NA
"real","COD_TUN",-2.78510368944933,10.6152783991512,23,NA,NA,NA
"real","COG_AUS",-3.35813407258795,10.7640195802875,29,NA,NA,NA
"real","COG_CHN",-1.00245205510534,2.87397684432975,29,NA,NA,NA
"real","COG_CYP",-0.214902332713525,1.60658100903819,22,NA,NA,NA
"real","COG_DNK",-0.598382093356249,1.57248735980368,31,NA,NA,NA
"real","COG_NZL",-1.25917182703096,2.87322293762949,23,NA,NA,NA
"real","COG_TUR",-0.14365421335532,0.652982674676636,31,NA,NA,NA
"real","COK_CAN",-0.0150829752090004,0.88516221315774,27,NA,NA,NA
"real","COK_CYP",-0.279176174126144,1.1798442468688,10,NA,NA,NA
"real","COK_DNK",-0.751766021302893,6.90050103315313,23,NA,NA,NA
"real","COK_PRT",-2.38115834469449,17.4942217353458,9,NA,NA,NA
"real","COL_AFG",-1.53737949696277,6.21473573124864,19,NA,NA,NA
"real","COL_BHR",-0.199414282560576,1.28825881590289,26,NA,NA,NA
"real","COL_CYP",-3.46411949681542,6.01192774113095,23,NA,NA,NA
"real","COL_HND",-0.707674771025339,3.84542628838043,20,NA,NA,NA
"real","COM_KOR",-1.61813776771811,8.18403299506983,23,NA,NA,NA
"real","COM_PAK",-1.21792475262989,2.38543951817734,21,NA,NA,NA
"real","COM_TUR",-2.74434829124451,10.3646698225412,16,NA,NA,NA
"real","CPV_CAN",-1.13035378507105,2.61670846789592,27,NA,NA,NA
"real","CPV_DNK",-0.907748159023982,3.40421461126215,27,NA,NA,NA
"real","CPV_ESP",-1.51723958038905,3.94485977668807,31,NA,NA,NA
"real","CPV_ITA",-1.16336559646511,2.65060917323799,28,NA,NA,NA
"real","CPV_JPN",-0.394263928228469,3.00362772347039,29,NA,NA,NA
"real","CRI_CUB",-0.438939875968554,1.31430035892908,27,NA,NA,NA
"real","CRI_CYP",-0.613356939192365,3.08987772955542,22,NA,NA,NA
"real","CRI_DMA",0.0398327923714668,0.533654135943094,28,NA,NA,NA
"real","CRI_FJI",-1.05044076742641,6.36281135770075,18,NA,NA,NA
"real","CRI_FRO",-1.27439644487682,12.0544187225039,15,NA,NA,NA
"real","CRI_GRD",-0.49469401219458,1.33930463915137,28,NA,NA,NA
"real","CRI_LKA",-2.13195154701789,10.9011156820842,25,NA,NA,NA
"real","CRI_PRY",-0.733999139294861,3.54245820635391,31,NA,NA,NA
"real","CRI_URY",-0.110863096666383,0.878700312280876,28,NA,NA,NA
"real","CUB_CYP",-0.980808804650954,4.26759836988899,31,NA,NA,NA
"real","CUB_NZL",-1.04609429493903,3.03147145976187,31,NA,NA,NA
"real","CUB_OMN",-0.943522321368937,2.77126374116565,25,NA,NA,NA
"real","CXR_FIN",-0.881154610755711,4.78538356980379,9,NA,NA,NA
"real","CXR_MYS",-0.0257666437465687,0.108376573453304,29,NA,NA,NA
"real","CYM_BRA",-0.227340142885404,6.41759171146926,31,NA,NA,NA
"real","CYP_AFG",-0.0670381347889718,1.37993742361302,18,NA,NA,NA
"real","CYP_AGO",-1.34266256510313,2.70313538474033,31,NA,NA,NA
"real","CYP_ALB",-0.808773803067944,3.77656037247059,16,NA,NA,NA
"real","CYP_ARE",0.755010513888991,2.15556141747066,31,NA,NA,NA
"real","CYP_ARG",-1.23289812645607,1.54047734383863,31,NA,NA,NA
"real","CYP_BDI",-1.20612115150843,1.7307054512408,29,NA,NA,NA
"real","CYP_BEN",-0.903218103140415,3.31119033474006,27,NA,NA,NA
"real","CYP_BGD",0.0487717090464399,1.67478697509819,31,NA,NA,NA
"real","CYP_BGR",-0.519284109115371,1.47800790727189,14,NA,NA,NA
"real","CYP_BHR",0.137841990913547,0.977404807627537,31,NA,NA,NA
"real","CYP_BHS",-0.0841255789338595,1.81665489476479,15,NA,NA,NA
"real","CYP_BMU",-0.673782575024608,1.96407584669664,9,NA,NA,NA
"real","CYP_BRA",-0.335229324997447,1.67741852980781,31,NA,NA,NA
"real","CYP_BRB",-0.381935542991281,1.20914015506117,18,NA,NA,NA
"real","CYP_CAF",-0.205030674348352,3.49186745384453,21,NA,NA,NA
"real","CYP_CHL",-0.440836510014517,1.58229361581143,13,NA,NA,NA
"real","CYP_CIV",-0.695254717449349,2.77967474335248,22,NA,NA,NA
"real","CYP_CMR",-1.63029677086801,4.5122438985273,24,NA,NA,NA
"real","CYP_COD",-1.07250869323875,3.1834753543816,29,NA,NA,NA
"real","CYP_CUB",-2.98058048105536,9.96164181451547,27,NA,NA,NA
"real","CYP_DJI",0.266828567876655,4.4990688456859,31,NA,NA,NA
"real","CYP_DOM",-1.1980598659515,3.0351448165132,10,NA,NA,NA
"real","CYP_FRO",-2.96118266459326,3.72853370319644,9,NA,NA,NA
"real","CYP_GAB",-0.934143034512544,2.35017641801897,28,NA,NA,NA
"real","CYP_GHA",-0.524886460698404,2.36768002572821,26,NA,NA,NA
"real","CYP_GIB",-1.85965132246684,7.94961321478374,30,NA,NA,NA
"real","CYP_GIN",-1.4193015976108,5.06312996369723,29,NA,NA,NA
"real","CYP_HTI",0.0349745683089551,2.65069825076502,31,NA,NA,NA
"real","CYP_IDN",-1.3529997650426,2.10598238332152,31,NA,NA,NA
"real","CYP_IRN",-0.849631365423871,1.66084287658379,31,NA,NA,NA
"real","CYP_IRQ",0.631503273153604,1.37150631732022,31,NA,NA,NA
"real","CYP_ISR",-0.0304486934600382,0.0870804579758489,14,NA,NA,NA
"real","CYP_KEN",0.201272681128533,0.97080822011009,31,NA,NA,NA
"real","CYP_KWT",0.463797544120038,0.697545134445975,31,NA,NA,NA
"real","CYP_LBN",-0.220967081756132,1.38587810110986,14,NA,NA,NA
"real","CYP_LBR",-3.74768591155721,9.3924743388273,25,NA,NA,NA
"real","CYP_LBY",-0.901067269146246,1.81466324997313,31,NA,NA,NA
"real","CYP_MDG",-0.0419813733662745,0.980531668984286,18,NA,NA,NA
"real","CYP_MEX",-1.19491365753332,2.23348438257857,14,NA,NA,NA
"real","CYP_MLI",-0.0285744465655821,1.69375129384732,31,NA,NA,NA
"real","CYP_MOZ",-0.676841194741523,3.21194630972749,22,NA,NA,NA
"real","CYP_MRT",-1.36069038975062,3.1064676044008,28,NA,NA,NA
"real","CYP_MWI",0.212257391649232,1.45536014014979,31,NA,NA,NA
"real","CYP_NER",-0.099969233382363,4.38757161844823,28,NA,NA,NA
"real","CYP_NGA",-0.110036967514226,0.833990933407959,31,NA,NA,NA
"real","CYP_PAK",-0.174276487632306,0.871130124740166,31,NA,NA,NA
"real","CYP_PAN",-0.648055539462483,4.24109262904877,21,NA,NA,NA
"real","CYP_PHL",-0.646864962635875,1.05606574543626,30,NA,NA,NA
"real","CYP_PNG",-0.581994552742464,7.49794156808782,10,NA,NA,NA
"real","CYP_POL",-0.884556908022805,1.29435821999012,14,NA,NA,NA
"real","CYP_PRK",-0.750348988815472,4.56719444812423,21,NA,NA,NA
"real","CYP_QAT",0.110860448154074,3.14378483999908,31,NA,NA,NA
"real","CYP_ROU",-0.145174526998193,1.67276411310318,14,NA,NA,NA
"real","CYP_RWA",-0.608171277871572,2.13722789320648,26,NA,NA,NA
"real","CYP_SDN",0.474870459450033,0.745785531832758,31,NA,NA,NA
"real","CYP_SEN",-0.788487126159137,3.01091987609022,31,NA,NA,NA
"real","CYP_SLE",-0.162671528803626,2.16734671620317,29,NA,NA,NA
"real","CYP_SOM",-0.19594818773687,1.71714680064099,26,NA,NA,NA
"real","CYP_TWN",-1.04490282211225,0.994303600453682,31,NA,NA,NA
"real","CYP_TZA",0.247025399923253,0.897733205853498,31,NA,NA,NA
"real","CYP_UGA",-0.143008902855238,0.653265624037719,31,NA,NA,NA
"real","CYP_VEN",-1.77671546957446,7.36997907775743,31,NA,NA,NA
"real","CYP_YEM",0.216888850622537,2.09753586669686,30,NA,NA,NA
"real","CYP_ZMB",0.0508047680828621,1.32502570711311,31,NA,NA,NA
"real","CYP_ZWE",-0.551916423768942,1.31921346169753,22,NA,NA,NA
"real","DJI_CAN",-0.976024754655875,3.64205609935875,25,NA,NA,NA
"real","DJI_ESP",-1.29798498428255,6.43215891392557,31,NA,NA,NA
"real","DJI_FIN",-3.3440157675078,7.42148374040606,22,NA,NA,NA
"real","DJI_JPN",-1.30541801513421,3.42060126076514,21,NA,NA,NA
"real","DJI_KOR",-0.773658827062151,3.67506329721183,26,NA,NA,NA
"real","DJI_MYS",-1.25347623766955,4.18045061881266,20,NA,NA,NA
"real","DJI_PRT",-0.545477697265842,5.14954672269123,20,NA,NA,NA
"real","DJI_USA",-0.569847024102306,1.08796356392173,28,NA,NA,NA
"real","DMA_AUT",-0.426161834971252,2.69268716812273,14,NA,NA,NA
"real","DMA_CYP",-1.0847542300614,1.4478351769863,16,NA,NA,NA
"real","DMA_DNK",-1.4759781548028,3.71509420674324,15,NA,NA,NA
"real","DMA_IND",-0.344000399861763,0.97959469345349,18,NA,NA,NA
"real","DMA_PRT",-2.46402107692528,6.57217392430716,14,NA,NA,NA
"real","DMA_TUR",-1.18304648674198,2.64879807060474,27,NA,NA,NA
"real","DNK_AFG",-0.342306306517264,0.908731971835238,31,NA,NA,NA
"real","DNK_ATG",-0.352754998353275,0.993839682432441,17,NA,NA,NA
"real","DNK_BDI",-0.421830348608454,0.367290289824758,31,NA,NA,NA
"real","DNK_BEN",-0.201483446635241,0.55227684746134,31,NA,NA,NA
"real","DNK_BFA",0.280377552974802,0.579691690268146,31,NA,NA,NA
"real","DNK_BRB",-0.10430656355965,0.226129516001509,18,NA,NA,NA
"real","DNK_BRN",-0.225310075641762,0.50065466431355,31,NA,NA,NA
"real","DNK_BTN",0.0237448048730442,1.65780302098407,30,NA,NA,NA
"real","DNK_BWA",0.738812461192377,2.94243764337538,22,NA,NA,NA
"real","DNK_CAF",-0.423739808342197,0.508525495804529,31,NA,NA,NA
"real","DNK_CCK",-0.711755095399047,5.59963619745506,16,NA,NA,NA
"real","DNK_CMR",0.26218431722831,0.541445199688535,24,NA,NA,NA
"real","DNK_COG",-1.03595878064217,0.880678704271818,30,NA,NA,NA
"real","DNK_COK",-1.88024937271554,7.77032611748282,26,NA,NA,NA
"real","DNK_COM",-0.199283648847722,0.681840377694946,31,NA,NA,NA
"real","DNK_DJI",0.0829995740382482,2.34217557212765,31,NA,NA,NA
"real","DNK_DMA",0.0610782141558378,0.36693622350054,18,NA,NA,NA
"real","DNK_FJI",-0.0538888570284501,0.41919965124498,18,NA,NA,NA
"real","DNK_GAB",-0.0344263363154866,0.331744144137764,31,NA,NA,NA
"real","DNK_GIB",-0.0323444827824497,2.31322287157257,30,NA,NA,NA
"real","DNK_GIN",0.0316502499681253,0.667605271456913,31,NA,NA,NA
"real","DNK_GNB",-0.0319725250412937,0.806723127035235,30,NA,NA,NA
"real","DNK_GNQ",0.154381420701771,1.2790252904776,29,NA,NA,NA
"real","DNK_GRD",0.297162686848649,0.546642034891729,18,NA,NA,NA
"real","DNK_GUY",0.00301086539381436,0.332575160829662,18,NA,NA,NA
"real","DNK_HND",0.2673188310975,0.431423597557896,23,NA,NA,NA
"real","DNK_KHM",-0.274906284472294,0.821192734340988,30,NA,NA,NA
"real","DNK_KIR",-0.882036505491514,6.01382203504756,29,NA,NA,NA
"real","DNK_KNA",-0.358114262322306,0.742489953426885,18,NA,NA,NA
"real","DNK_LAO",-0.716990782117731,1.32979244346092,30,NA,NA,NA
"real","DNK_LCA",0.333642727464784,0.946947111750586,18,NA,NA,NA
"real","DNK_MAC",0.202525067549747,1.58418126370953,31,NA,NA,NA
"real","DNK_MDG",0.232461426917397,0.21337526983943,22,NA,NA,NA
"real","DNK_MDV",0.183468171102644,0.984205009363125,31,NA,NA,NA
"real","DNK_MLI",0.0858829968086788,0.488267146586151,31,NA,NA,NA
"real","DNK_MMR",-0.555647626175607,1.29655290249409,30,NA,NA,NA
"real","DNK_MNG",0.055644055414586,1.05648828856751,31,NA,NA,NA
"real","DNK_MUS",-0.0997550510923846,0.5510684294999,22,NA,NA,NA
"real","DNK_NER",0.182290921383645,0.370954202976785,31,NA,NA,NA
"real","DNK_NPL",-0.0370895674197839,1.28456600604513,31,NA,NA,NA
"real","DNK_NRU",0.423138512383388,3.94776566123633,18,NA,NA,NA
"real","DNK_PNG",0.0635974930304843,0.644741640767543,18,NA,NA,NA
"real","DNK_PRY",0.0713210711518351,0.260299175601028,31,NA,NA,NA
"real","DNK_RWA",0.127739313863227,0.880359295445606,31,NA,NA,NA
"real","DNK_SLB",-0.38299803313021,1.07622115781526,29,NA,NA,NA
"real","DNK_SLE",-0.114016887727808,0.989821405843633,31,NA,NA,NA
"real","DNK_SLV",0.253209988155151,0.50780052619533,23,NA,NA,NA
"real","DNK_SOM",-0.384271755663277,3.30154925307045,30,NA,NA,NA
"real","DNK_STP",-0.385600011009698,1.07206202080297,30,NA,NA,NA
"real","DNK_SWZ",0.0169406583360989,1.15348409103736,20,NA,NA,NA
"real","DNK_TCD",0.0727692049273954,0.517584930664946,30,NA,NA,NA
"real","DNK_TGO",0.129552647283037,0.545619082109099,31,NA,NA,NA
"real","DNK_TON",-0.605649969545017,1.63817125453044,27,NA,NA,NA
"real","DNK_TTO",0.0730560762941884,0.471145529887167,18,NA,NA,NA
"real","DNK_TUV",-0.169551843758377,13.327500206963,20,NA,NA,NA
"real","DNK_UGA",0.358699548949579,0.556721265822167,31,NA,NA,NA
"real","DNK_VCT",-0.660108230388941,1.06903469507783,18,NA,NA,NA
"real","DNK_VGB",-1.20611320121139,3.09534334892114,16,NA,NA,NA
"real","DNK_VNM",0.279768297854633,1.08459051115059,31,NA,NA,NA
"real","DNK_VUT",-0.878280556526527,2.48925891294003,28,NA,NA,NA
"real","DNK_WSM",-1.7475036047616,3.66987818061948,30,NA,NA,NA
"real","DNK_YEM",0.153979680931972,0.463587888084393,30,NA,NA,NA
"real","DOM_BRA",0.377370785251501,1.02116887746443,31,NA,NA,NA
"real","DOM_CYP",-0.717308079870193,1.81645036768224,17,NA,NA,NA
"real","DOM_MYS",-1.33698336977198,4.5001733336566,30,NA,NA,NA
"real","DOM_PAK",-0.123129338989281,1.2500697938775,21,NA,NA,NA
"real","DZA_BDI",-4.18693935625228,15.6190590154669,13,NA,NA,NA
"real","DZA_CYP",-0.650015062607766,5.27580013672213,13,NA,NA,NA
"real","DZA_JOR",-0.688176801056801,4.17961653565628,16,NA,NA,NA
"real","DZA_OMN",-0.432688824561551,6.58090738490537,16,NA,NA,NA
"real","DZA_PRY",-1.99378619328296,30.2306556712456,17,NA,NA,NA
"real","DZA_TUR",0.196612735367309,0.639264300813789,31,NA,NA,NA
"real","ECU_CYP",-1.20320625259836,2.55319397125994,25,NA,NA,NA
"real","ECU_FRO",-1.00851168999567,7.32090833124769,18,NA,NA,NA
"real","ECU_PYF",-0.168773129268366,0.672438532371966,25,NA,NA,NA
"real","EGY_CIV",-0.560550736297755,2.22114755614787,28,NA,NA,NA
"real","EGY_CRI",-0.507447544034782,0.676493078438831,28,NA,NA,NA
"real","EGY_DJI",-1.3851012355865,3.39851511441716,9,NA,NA,NA
"real","EGY_FRO",-0.638040860313566,1.08605992718401,15,NA,NA,NA
"real","EGY_GTM",-0.915373536510038,1.96905254996659,28,NA,NA,NA
"real","EGY_TCD",-0.891689697788102,1.51481010544547,27,NA,NA,NA
"real","EGY_UGA",-1.55664877913159,5.52939521297632,8,NA,NA,NA
"real","ESP_AFG",-0.44288708921719,2.18847540575406,31,NA,NA,NA
"real","ESP_ATG",-1.45606338499624,2.15055955413341,18,NA,NA,NA
"real","ESP_BDI",0.0520962993639307,0.469912851266481,31,NA,NA,NA
"real","ESP_BEN",-0.0465238257993099,0.108245083802719,31,NA,NA,NA
"real","ESP_BFA",0.0995043300582265,0.182630078133431,31,NA,NA,NA
"real","ESP_BGD",-0.170396030857574,0.159897315217853,31,NA,NA,NA
"real","ESP_BHS",-0.571320743959646,1.18597850025446,18,NA,NA,NA
"real","ESP_BLZ",-0.785827027098315,0.971372933119756,18,NA,NA,NA
"real","ESP_BRN",-0.311233578050979,0.762032919491551,31,NA,NA,NA
"real","ESP_CAF",-0.160237388677563,0.448120411357049,31,NA,NA,NA
"real","ESP_CCK",-1.75304872843565,7.57910531079532,11,NA,NA,NA
"real","ESP_COD",0.174185413990914,0.158834503418209,31,NA,NA,NA
"real","ESP_COK",-0.982205951272241,3.01383003166819,28,NA,NA,NA
"real","ESP_COM",-0.255194826339054,0.687576308573816,31,NA,NA,NA
"real","ESP_DJI",-0.224847216510458,0.274343349640491,31,NA,NA,NA
"real","ESP_GHA",-0.0275631935551561,0.186904491547046,26,NA,NA,NA
"real","ESP_GIB",0.00238956835170034,0.274742484241586,31,NA,NA,NA
"real","ESP_GIN",0.109909934677012,0.174908558412529,31,NA,NA,NA
"real","ESP_GUY",0.0834532041876305,0.433929864259845,18,NA,NA,NA
"real","ESP_IRQ",0.0881616045802698,0.372976785857449,25,NA,NA,NA
"real","ESP_KHM",-0.455616715224497,0.886170772461848,28,NA,NA,NA
"real","ESP_KIR",-2.21200349554918,5.28982413688595,28,NA,NA,NA
"real","ESP_LCA",-0.10244267605252,0.664476314765793,18,NA,NA,NA
"real","ESP_MAC",-0.119071746103965,0.327279174734175,31,NA,NA,NA
"real","ESP_MDG",-0.0631439498823377,0.193711214302318,22,NA,NA,NA
"real","ESP_MDV",-1.40804447108518,1.95245250890027,31,NA,NA,NA
"real","ESP_MLI",0.178847634299561,0.348645674083571,31,NA,NA,NA
"real","ESP_MMR",-1.19760685978692,3.66971236253352,31,NA,NA,NA
"real","ESP_MNG",-0.880743996323902,1.5619902522835,29,NA,NA,NA
"real","ESP_MWI",-0.112515613166119,0.499816736350351,31,NA,NA,NA
"real","ESP_NER",0.227339255260838,0.419397542210897,31,NA,NA,NA
"real","ESP_NGA",0.0363579277128817,0.378628131852316,31,NA,NA,NA
"real","ESP_NPL",-0.0725309075002919,0.212157056771825,31,NA,NA,NA
"real","ESP_PNG",-1.06396577896199,1.4902175554725,19,NA,NA,NA
"real","ESP_PRY",-0.0876838743711076,0.355880958292367,31,NA,NA,NA
"real","ESP_RWA",0.0879341957580113,0.565411573293107,31,NA,NA,NA
"real","ESP_SDN",0.0974257554455073,0.121827633754637,31,NA,NA,NA
"real","ESP_SLB",-1.08976107573152,1.66390345985065,26,NA,NA,NA
"real","ESP_SOM",-1.44048432992997,3.1769089713086,29,NA,NA,NA
"real","ESP_SUR",-1.22208993723896,2.03299392665054,18,NA,NA,NA
"real","ESP_SYC",-0.72410326120903,1.59947811960296,22,NA,NA,NA
"real","ESP_TCD",-0.219097561309266,0.3489369031254,31,NA,NA,NA
"real","ESP_UGA",0.21104204638579,0.773532328054025,31,NA,NA,NA
"real","ESP_VCT",-0.885403896037042,1.71365181030898,18,NA,NA,NA
"real","ESP_VGB",-0.421332227527131,0.932461692733062,17,NA,NA,NA
"real","ESP_VNM",-0.124460940877208,0.317742587849868,31,NA,NA,NA
"real","ESP_VUT",-1.64900563511761,3.40480344112085,31,NA,NA,NA
"real","ESP_YEM",0.0473996944336179,0.168621765496387,30,NA,NA,NA
"real","ESP_ZMB",-0.787247640368036,0.456446405698989,31,NA,NA,NA
"real","ESP_ZWE",-0.185669745962148,0.733044534729032,22,NA,NA,NA
"real","FIN_BDI",-0.557467959209381,1.20269079936246,31,NA,NA,NA
"real","FIN_COK",-1.08832451583578,3.141443389207,17,NA,NA,NA
"real","FIN_KHM",-0.386994319425145,2.41542747165281,30,NA,NA,NA
"real","FIN_KIR",-0.81020446218083,2.16992688747672,18,NA,NA,NA
"real","FIN_MAC",-0.69441130476582,2.07901582021121,31,NA,NA,NA
"real","FIN_NER",-0.0331352240668893,1.57295257404703,31,NA,NA,NA
"real","FIN_STP",-0.717360996535066,2.71657073689071,20,NA,NA,NA
"real","FIN_TUV",0.257895340461163,4.50837061353564,15,NA,NA,NA
"real","FJI_ARE",-1.56014416171501,5.86271185358185,19,NA,NA,NA
"real","FJI_AUT",-0.958986230264004,2.08465128474345,16,NA,NA,NA
"real","FJI_CHE",-0.167494429205071,0.717601899432613,30,NA,NA,NA
"real","FJI_CYP",-0.670704433717558,3.45417231484369,9,NA,NA,NA
"real","FJI_IND",-1.41429258281779,3.41891994179747,23,NA,NA,NA
"real","FJI_LKA",-1.20510653671524,4.34940541798751,24,NA,NA,NA
"real","FJI_PRK",-1.94303283562105,5.49102195510071,19,NA,NA,NA
"real","FLK_NZL",-1.44812839906577,5.43609431363754,17,NA,NA,NA
"real","FRA_ATG",-0.700841837320135,3.21383381163532,15,NA,NA,NA
"real","FRA_LCA",-0.363973560987593,2.11282595350782,17,NA,NA,NA
"real","FRA_MAC",-0.787619166570361,3.07574482275748,31,NA,NA,NA
"real","FRA_SLB",-0.910106845184254,2.30538321232054,28,NA,NA,NA
"real","FRA_SWZ",0.597473643360693,2.40607124634988,25,NA,NA,NA
"real","FRO_CYP",-1.09935683316063,4.48684876189725,14,NA,NA,NA
"real","FRO_MYS",-1.18301781094613,3.84850138676401,14,NA,NA,NA
"real","FRO_THA",-0.487915998848538,2.49522408994286,28,NA,NA,NA
"real","GAB_BRA",-4.03155126543615,16.1561203450445,30,NA,NA,NA
"real","GAB_CYP",-0.157982151735846,1.03905065213035,27,NA,NA,NA
"real","GAB_DNK",-0.453275152204626,1.80911949862874,30,NA,NA,NA
"real","GAB_GBR",-1.42602508764805,4.5379813277839,31,NA,NA,NA
"real","GAB_IDN",-2.77683346671967,4.60137666979044,31,NA,NA,NA
"real","GAB_ITA",-0.917835499043634,3.39100376237588,30,NA,NA,NA
"real","GAB_ROU",-1.5987360703818,5.80484919157055,25,NA,NA,NA
"real","GAB_SGP",-0.675701243348901,2.23893909364146,31,NA,NA,NA
"real","GAB_USA",-0.423418311707306,2.14565696071617,30,NA,NA,NA
"real","GBR_BDI",-0.38835986679966,2.22571711014936,29,NA,NA,NA
"real","GBR_BEN",-0.228004506851239,1.14562738236992,28,NA,NA,NA
"real","GBR_LSO",-0.255938000299591,1.5237277798886,18,NA,NA,NA
"real","GBR_MAC",0.0543395396461437,0.275719103371627,31,NA,NA,NA
"real","GBR_MNG",-0.204266900752345,0.916792095270707,28,NA,NA,NA
"real","GBR_MRT",-0.725099671302701,1.94929166552001,31,NA,NA,NA
"real","GBR_STP",-0.552040404592326,2.45523641152519,29,NA,NA,NA
"real","GBR_TON",-0.273808403760104,2.73066577304448,28,NA,NA,NA
"real","GBR_TUV",0.480930442534766,9.11696359247498,24,NA,NA,NA
"real","GBR_VNM",-0.326894908099397,2.94680557400146,30,NA,NA,NA
"real","GBR_VUT",-0.42294919871653,1.8558430417061,28,NA,NA,NA
"real","GBR_WSM",-0.463041959480828,1.82207351864405,28,NA,NA,NA
"real","GHA_CYP",-1.92825222075509,5.62079217588729,24,NA,NA,NA
"real","GIB_BGD",-0.399156616497958,1.96812151027731,18,NA,NA,NA
"real","GIB_CYP",-4.59434818416681,10.1456762091283,21,NA,NA,NA
"real","GIB_DNK",-2.88400459432935,7.21676115911514,31,NA,NA,NA
"real","GIB_ESP",-0.945324498282149,1.30432463302222,31,NA,NA,NA
"real","GIB_JPN",-4.98343331425737,7.82852251761784,25,NA,NA,NA
"real","GIB_MYS",-0.308361932408025,4.08055830173196,14,NA,NA,NA
"real","GIN_CHN",-2.3053490803967,4.29843980692655,29,NA,NA,NA
"real","GIN_IRL",-0.223875731930331,3.96751867258629,30,NA,NA,NA
"real","GIN_TUR",-1.79862427228634,3.60695071414074,30,NA,NA,NA
"real","GLP_CAN",-0.923629509538027,2.48058263317853,10,NA,NA,NA
"real","GMB_CAN",-0.573739365872571,1.63075194730889,31,NA,NA,NA
"real","GMB_DNK",-2.15909376793926,8.37165698870867,29,NA,NA,NA
"real","GMB_ESP",-0.152748960295967,0.765407659217968,31,NA,NA,NA
"real","GMB_FIN",-0.42478221099551,2.21129608686211,28,NA,NA,NA
"real","GMB_KOR",-1.57415340143406,3.58321647052211,30,NA,NA,NA
"real","GMB_NZL",-1.21026323492476,2.61406071907163,22,NA,NA,NA
"real","GNB_CAN",-1.30181361889941,4.67579321662894,22,NA,NA,NA
"real","GNB_EGY",-1.08006618116682,3.98715034588976,17,NA,NA,NA
"real","GNB_ESP",-2.1281470458808,7.85904278589683,31,NA,NA,NA
"real","GNB_ITA",-1.50133117022317,5.62290700864802,26,NA,NA,NA
"real","GNB_MEX",-0.521126738721717,2.78816844593685,20,NA,NA,NA
"real","GNB_TUN",-1.9974768571494,7.56329257663328,19,NA,NA,NA
"real","GNQ_CHN",-0.177593269282692,2.20434821496889,29,NA,NA,NA
"real","GNQ_DNK",-3.93827277097899,9.96704366920886,17,NA,NA,NA
"real","GNQ_TUN",-1.84419934906096,12.9343454622331,18,NA,NA,NA
"real","GRC_BOL",-0.855912931369454,1.31534327437295,30,NA,NA,NA
"real","GRC_BTN",-4.81835652989142,8.60790974138169,10,NA,NA,NA
"real","GRC_COM",-0.788702092514816,2.11495108255182,26,NA,NA,NA
"real","GRC_ECU",-0.279963449356807,1.03706422276615,26,NA,NA,NA
"real","GRC_MDG",-0.777647587434371,2.0030250450739,22,NA,NA,NA
"real","GRC_NIC",-0.206154522868155,2.81579253868136,22,NA,NA,NA
"real","GRC_PRY",-0.460391551641482,1.94311274002213,31,NA,NA,NA
"real","GRC_SLV",0.205450339595319,0.886932358551141,22,NA,NA,NA
"real","GRC_VGB",-0.721459774626262,2.55778110546664,15,NA,NA,NA
"real","GRD_AUS",-1.11117871616929,3.51554424646086,21,NA,NA,NA
"real","GRD_IND",-0.812396924666752,2.62456047625769,21,NA,NA,NA
"real","GRD_KOR",-1.20000595170335,2.60881577959688,26,NA,NA,NA
"real","GRL_CAN",-1.28602433873022,2.70095206456497,31,NA,NA,NA
"real","GRL_MYS",-2.44305682728867,4.78518188341854,20,NA,NA,NA
"real","GRL_TUR",-0.74223978122901,3.08097774107846,22,NA,NA,NA
"real","GTM_BGD",-1.97916782212561,10.0343743939495,28,NA,NA,NA
"real","GTM_FJI",-0.963151805116839,2.43277579289298,24,NA,NA,NA
"real","GTM_PHL",-1.33810994295595,2.55632561774508,27,NA,NA,NA
"real","GUY_DNK",-0.633374317650978,1.35166605470017,16,NA,NA,NA
"real","GUY_FIN",-1.60319751350239,2.92427591783864,16,NA,NA,NA
"real","GUY_IRL",-0.805671334864937,3.26875188973167,16,NA,NA,NA
"real","GUY_NZL",-0.126567772641318,0.860835479248665,31,NA,NA,NA
"real","GUY_OMN",-0.369931516044671,4.0223967858267,17,NA,NA,NA
"real","GUY_TUR",-0.920922802174456,2.35841944169611,28,NA,NA,NA
"real","HND_BGD",-1.90282130014949,5.26822605067894,25,NA,NA,NA
"real","HND_COL",-0.38249691237122,0.863112466552989,20,NA,NA,NA
"real","HND_CYP",-0.56414546515715,1.72507263994293,22,NA,NA,NA
"real","HND_FRO",-1.18970115793109,8.09314813963869,14,NA,NA,NA
"real","HND_IDN",-1.38211252050745,2.94199600013845,30,NA,NA,NA
"real","HND_MYS",-1.36024802744348,4.57268640131899,25,NA,NA,NA
"real","HND_PRY",-1.26998317208887,2.73223029371355,23,NA,NA,NA
"real","HND_ROU",-1.28927558186451,4.17798192604816,22,NA,NA,NA
"real","HTI_CYP",-2.30517517856822,6.54569549383879,19,NA,NA,NA
"real","HTI_EGY",-0.97727513151468,4.62356545554209,12,NA,NA,NA
"real","HTI_GRC",-0.58667369237619,3.99139465042179,23,NA,NA,NA
"real","HTI_GRD",-0.166106323662375,1.621001778777,11,NA,NA,NA
"real","HTI_IRL",-0.394188909964779,1.8618055884133,29,NA,NA,NA
"real","HTI_NZL",-1.58398608003779,4.63556328087419,27,NA,NA,NA
"real","HTI_PAK",-1.65179020069435,2.40557329887394,17,NA,NA,NA
"real","HTI_PRT",-1.80555728513199,5.9127205358503,26,NA,NA,NA
"real","HTI_SLV",-0.820208233338678,2.7195466619694,26,NA,NA,NA
"real","HUN_BGD",0.233953847420921,0.886088496117372,31,NA,NA,NA
"real","HUN_BRB",-0.211890661443237,0.681375948079899,17,NA,NA,NA
"real","HUN_COL",-0.252147911762491,0.972116633443151,23,NA,NA,NA
"real","HUN_GRD",-0.203315961703048,1.14465175496055,16,NA,NA,NA
"real","HUN_HND",-0.065512947385906,0.485592720506261,21,NA,NA,NA
"real","HUN_IDN",-0.225939984554459,0.568817700715632,31,NA,NA,NA
"real","HUN_LKA",-0.14550363511588,1.35201689889296,31,NA,NA,NA
"real","HUN_MEX",-0.487235272202204,0.72970510114538,14,NA,NA,NA
"real","HUN_PRY",-0.560133685309979,0.69770946133569,31,NA,NA,NA
"real","HUN_SEN",-0.42838403137469,0.670320845751947,29,NA,NA,NA
"real","IDN_AGO",-0.55406560104536,1.0458816257946,31,NA,NA,NA
"real","IDN_ANT",-0.139195257272053,1.22716442224691,22,NA,NA,NA
"real","IDN_CIV",-0.518873720557718,0.767448027498972,31,NA,NA,NA
"real","IDN_COG",-0.918397676507189,1.2441446166526,31,NA,NA,NA
"real","IDN_CYP",0.0760270006030112,0.270118349404877,31,NA,NA,NA
"real","IDN_GAB",-0.458252866309544,0.892424969875129,31,NA,NA,NA
"real","IDN_GNB",-1.03175698888239,2.37760002195023,30,NA,NA,NA
"real","IDN_KHM",0.303509049047249,0.572048788759128,9,NA,NA,NA
"real","IDN_LBR",-0.731484776066406,1.52530068617348,31,NA,NA,NA
"real","IDN_MAC",0.0646801686174506,0.832069841083454,31,NA,NA,NA
"real","IDN_MDG",-0.471236865560452,1.21349726097926,31,NA,NA,NA
"real","IDN_MDV",-0.321479961512149,1.79867174834535,27,NA,NA,NA
"real","IDN_NER",-0.394182634471509,1.31081466583151,30,NA,NA,NA
"real","IDN_PAN",-0.334155079401154,0.992685715135488,31,NA,NA,NA
"real","IDN_PRY",-0.349101755041324,0.769755373470425,31,NA,NA,NA
"real","IDN_QAT",-0.096492835296542,0.16474573189644,31,NA,NA,NA
"real","IDN_SOM",-1.25822683983076,3.3973755804067,30,NA,NA,NA
"real","IDN_YEM",-0.0647334287317871,0.135467175838209,30,NA,NA,NA
"real","IND_COK",-0.211619473399914,1.65657510957108,27,NA,NA,NA
"real","IND_FRO",-0.291030258114132,1.67827689590327,29,NA,NA,NA
"real","IND_LCA",0.397447081925172,0.987427924882475,31,NA,NA,NA
"real","IND_NFK",-0.369185257214291,1.08085901639711,30,NA,NA,NA
"real","IND_PYF",-0.596474847884486,1.87025122129332,29,NA,NA,NA
"real","IND_TKL",-1.57515343756575,8.82705266465699,29,NA,NA,NA
"real","IRL_ARE",0.171744285270138,1.10528067386581,31,NA,NA,NA
"real","IRL_BGD",0.41294380031995,1.54668321048026,31,NA,NA,NA
"real","IRL_BHR",-0.0539538440179082,1.85569585441978,31,NA,NA,NA
"real","IRL_COL",-0.269354658242316,2.75033310113887,23,NA,NA,NA
"real","IRL_FJI",-0.472826529025981,0.995147856517867,19,NA,NA,NA
"real","IRL_GHA",-0.0237601048029838,0.477430587978602,26,NA,NA,NA
"real","IRL_IRN",-0.379041435569615,3.07841185115924,31,NA,NA,NA
"real","IRL_IRQ",-0.646288140003658,2.57786308686831,29,NA,NA,NA
"real","IRL_MEX",-0.465329586087684,3.76077206796693,10,NA,NA,NA
"real","IRL_MUS",0.0158413575776483,1.05846057406841,20,NA,NA,NA
"real","IRL_NGA",0.00156075382334541,1.15913942726628,29,NA,NA,NA
"real","IRL_PHL",-0.579664876273092,3.81272603218638,31,NA,NA,NA
"real","IRL_PRY",0.20921249699351,0.473837288519226,31,NA,NA,NA
"real","IRN_CYP",-0.0217005995298984,0.911143875497184,31,NA,NA,NA
"real","IRN_FRO",-0.447445673471834,3.43934701884092,16,NA,NA,NA
"real","IRN_PRY",-0.980862969162466,2.84819643584109,23,NA,NA,NA
"real","IRN_SEN",-1.79438156643981,5.15127095980836,30,NA,NA,NA
"real","IRQ_CYP",-4.93736612994974,24.9640621753603,25,NA,NA,NA
"real","IRQ_NOR",-0.350042906505868,3.20256429836583,18,NA,NA,NA
"real","ISL_ATG",-1.46563277231785,9.4767553789787,21,NA,NA,NA
"real","ISL_BGD",-1.72935949955737,3.68880904154427,29,NA,NA,NA
"real","ISL_BOL",-0.54562873607237,1.9905703468428,25,NA,NA,NA
"real","ISL_COD",-1.98950470844937,3.47608083952348,8,NA,NA,NA
"real","ISL_IND",-0.334178403270968,1.7084041767859,30,NA,NA,NA
"real","ISL_LBR",-1.10956317308406,3.28885417615234,15,NA,NA,NA
"real","ISL_LBY",-2.25659576671001,6.31336979361299,10,NA,NA,NA
"real","ISL_MWI",-1.2251885116438,4.86270183391916,27,NA,NA,NA
"real","ISL_MYS",-1.85656706406667,3.0580597279583,31,NA,NA,NA
"real","ISL_OMN",-0.810904801641891,3.25697780380875,19,NA,NA,NA
"real","ISL_PER",-0.611377636197146,2.11619739659108,20,NA,NA,NA
"real","ISL_TUN",-0.625009260598415,1.7090438963316,13,NA,NA,NA
"real","ISL_ZMB",-0.772663297245539,2.23087275124252,23,NA,NA,NA
"real","ISR_BGR",-0.777587230687874,3.02968597526034,8,NA,NA,NA
"real","ISR_CAF",-1.94073492541429,5.28118343368005,27,NA,NA,NA
"real","ISR_CIV",-0.113148572699761,0.278606427769619,26,NA,NA,NA
"real","ISR_CYP",-0.301095840229191,0.382275464594817,14,NA,NA,NA
"real","ISR_DOM",-0.201417627156502,0.219282002393269,26,NA,NA,NA
"real","ISR_FRO",-1.05515053991606,3.76389515077412,22,NA,NA,NA
"real","ISR_GHA",-0.749552214579296,1.34679983703122,26,NA,NA,NA
"real","ISR_IDN",-0.457509107291259,1.03701164260433,26,NA,NA,NA
"real","ISR_JAM",-0.423458832261973,1.37560277006151,29,NA,NA,NA
"real","ISR_MWI",-0.361168384527899,1.25729205602995,30,NA,NA,NA
"real","ISR_NGA",-0.364575686716634,0.87760955140522,26,NA,NA,NA
"real","ISR_ZAF",-0.0177983957297935,0.154957754523823,28,NA,NA,NA
"real","ISR_ZWE",-0.633900379398729,3.13801719494359,30,NA,NA,NA
"real","ITA_FJI",-0.933022041350502,5.28381381727274,17,NA,NA,NA
"real","ITA_GRD",-0.477988457688192,0.474102874736336,16,NA,NA,NA
"real","ITA_MAC",-1.13801892322544,3.26193281156966,31,NA,NA,NA
"real","ITA_MNG",-0.523236635829544,1.73862921260712,29,NA,NA,NA
"real","ITA_NPL",-0.40664192993283,1.58206451025847,28,NA,NA,NA
"real","ITA_NRU",-0.245109069635152,2.78523778167489,20,NA,NA,NA
"real","ITA_VNM",-0.253046073450907,1.14530437504084,28,NA,NA,NA
"real","JAM_BGD",-4.26326151147273,7.06651875299002,20,NA,NA,NA
"real","JAM_BRA",-1.11249006833949,3.84220585465248,31,NA,NA,NA
"real","JAM_CYP",-1.64869571550036,3.55066442675879,18,NA,NA,NA
"real","JAM_MAR",-0.734564101128599,2.524481572544,19,NA,NA,NA
"real","JAM_MYS",-0.954611926182608,3.38950960668188,31,NA,NA,NA
"real","JAM_OMN",-1.50509535105474,7.38483979090387,17,NA,NA,NA
"real","JAM_PRY",-0.950196756217897,2.64562596264989,16,NA,NA,NA
"real","JAM_SGP",-0.109960840107926,0.412563637782994,31,NA,NA,NA
"real","JAM_VEN",-0.975407145946103,3.89267746064679,30,NA,NA,NA
"real","JOR_BGD",-0.441562957909003,1.19749800132115,31,NA,NA,NA
"real","JOR_CAN",-0.85591516189147,1.3746877893302,22,NA,NA,NA
"real","JOR_GTM",-0.495081962378192,0.919034530263848,26,NA,NA,NA
"real","JOR_NZL",-0.637449389229506,2.24427933177154,31,NA,NA,NA
"real","JOR_PAK",-0.739988878107456,4.91662816124168,29,NA,NA,NA
"real","JOR_ROU",-0.145033058340299,0.471168637177179,17,NA,NA,NA
"real","JOR_TUN",-1.13338776467328,5.65461830994169,8,NA,NA,NA
"real","JPN_ESH",-0.325103735823688,3.76372100737922,27,NA,NA,NA
"real","JPN_NIU",-1.33543628946247,5.99657417407693,29,NA,NA,NA
"real","JPN_SHN",-0.728391082526874,1.73889039883873,26,NA,NA,NA
"real","KEN_BRB",-1.02983550610644,4.21579271545384,27,NA,NA,NA
"real","KEN_CMR",-0.149019551069525,1.18522213471985,29,NA,NA,NA
"real","KEN_IDN",-0.0599645906790646,0.237301810142403,31,NA,NA,NA
"real","KEN_ROU",-0.664295340094701,1.73459871150947,31,NA,NA,NA
"real","KEN_SEN",-0.746482793534324,1.3386847194831,30,NA,NA,NA
"real","KHM_FRA",-0.633608349118987,1.09429374908667,29,NA,NA,NA
"real","KHM_IDN",-1.38839883019156,2.64371209332415,9,NA,NA,NA
"real","KHM_ITA",-0.856710389937765,1.37800633147667,28,NA,NA,NA
"real","KHM_JOR",-0.833653280945435,2.51476755422939,19,NA,NA,NA
"real","KHM_PAK",0.469044969538714,2.76863554869939,31,NA,NA,NA
"real","KIR_CHE",-1.25114437723862,9.51997015752836,11,NA,NA,NA
"real","KIR_DNK",-0.806648710645331,13.4733731326331,23,NA,NA,NA
"real","KIR_JPN",-0.813514213210897,5.05684739158302,31,NA,NA,NA
"real","KNA_BGD",-2.27655261604509,6.64866975501354,14,NA,NA,NA
"real","KNA_ESP",-1.02299680754713,3.96529899261563,15,NA,NA,NA
"real","KNA_JPN",-0.738322354407711,2.2524301672799,31,NA,NA,NA
"real","KNA_SWE",-0.744403012993447,2.85695367285316,16,NA,NA,NA
"real","KOR_CPV",-0.887744872847604,1.52862900851452,30,NA,NA,NA
"real","KOR_GNB",-0.605841756883181,2.55945854971989,29,NA,NA,NA
"real","KOR_TKL",-1.03598314065941,4.81347759602121,28,NA,NA,NA
"real","KOR_VGB",-4.10892671544155,13.5303378205029,29,NA,NA,NA
"real","KWT_BGD",-2.30502677638754,8.29509120120009,30,NA,NA,NA
"real","KWT_BRA",-0.27607630119487,4.00144088679701,26,NA,NA,NA
"real","KWT_CAN",-1.01207770906813,3.05692995781937,31,NA,NA,NA
"real","KWT_CYP",-1.40535660105347,2.52365340273522,31,NA,NA,NA
"real","KWT_FRA",-0.71699688247872,6.06968115432522,28,NA,NA,NA
"real","KWT_MYS",-0.934994886756197,3.40431490473583,31,NA,NA,NA
"real","KWT_NLD",-0.533994736265075,6.4269366454779,31,NA,NA,NA
"real","KWT_PAK",-2.90502451308413,17.7915629345339,29,NA,NA,NA
"real","KWT_PRY",-1.03708515929553,3.9395920004215,12,NA,NA,NA
"real","KWT_ROU",-2.9155837779204,5.28379402195138,31,NA,NA,NA
"real","KWT_USA",-0.516091155032778,4.10697849189575,31,NA,NA,NA
"real","LAO_CAN",-0.449971740192751,0.508776270887171,31,NA,NA,NA
"real","LAO_DNK",-0.494349902977419,0.863181574593995,31,NA,NA,NA
"real","LAO_ESP",-0.21053508833535,0.843849008295819,31,NA,NA,NA
"real","LAO_ITA",-0.460857902776732,1.47197086501942,29,NA,NA,NA
"real","LBN_BGD",-2.33999707792723,6.14724023925412,25,NA,NA,NA
"real","LBN_CYP",0.0464182350669352,0.172963209743629,14,NA,NA,NA
"real","LBN_IDN",-0.936342471042164,1.93348005148612,31,NA,NA,NA
"real","LBN_LKA",-0.154708828756652,0.831275329771877,30,NA,NA,NA
"real","LBN_NZL",-0.538484731051814,1.34920243406182,31,NA,NA,NA
"real","LBN_PRY",-0.522299707846598,1.06610876400932,31,NA,NA,NA
"real","LBN_TUR",-0.125736932992688,0.281585483990874,31,NA,NA,NA
"real","LBR_BGD",-1.85970957958494,6.28756505341328,21,NA,NA,NA
"real","LBR_CYP",-6.47525377044593,33.6194239201418,17,NA,NA,NA
"real","LBR_IDN",-2.43814881373307,9.87732442181851,29,NA,NA,NA
"real","LBR_MEX",-0.877092623651182,4.84281591015374,24,NA,NA,NA
"real","LBR_NOR",-2.38400224298468,11.5863799377746,28,NA,NA,NA
"real","LBR_ROU",-2.37928795827264,10.3310796343325,25,NA,NA,NA
"real","LBR_TUR",-0.501471544520268,1.53648389501213,31,NA,NA,NA
"real","LBY_AUS",-5.12411659198768,27.1544582971217,20,NA,NA,NA
"real","LBY_AUT",-0.991194329146998,6.75536792498655,30,NA,NA,NA
"real","LBY_CYP",-1.71208034721069,9.71632305878421,29,NA,NA,NA
"real","LBY_DNK",-3.87515731741566,20.4937433192015,27,NA,NA,NA
"real","LBY_FRA",-1.45924420331799,8.30509857710719,31,NA,NA,NA
"real","LBY_NLD",-1.52976926090442,5.74154059023059,31,NA,NA,NA
"real","LBY_NOR",-4.356545594039,19.1755847701345,27,NA,NA,NA
"real","LKA_FRO",-0.226149561521286,1.15161556992434,20,NA,NA,NA
"real","LKA_GMB",-0.716928411135404,1.51329191081442,31,NA,NA,NA
"real","LKA_LCA",0.362315136679812,1.5112512093651,30,NA,NA,NA
"real","LKA_MAC",-0.00783028522396627,0.522549988953549,31,NA,NA,NA
"real","LKA_MDG",-1.15580413053713,3.8165299225317,31,NA,NA,NA
"real","LKA_MRT",-0.44674643645904,1.07526120404648,31,NA,NA,NA
"real","LKA_PRY",-0.471300250058201,1.27060890616566,31,NA,NA,NA
"real","LKA_SUR",-0.462975576330435,0.931374268935658,28,NA,NA,NA
"real","LKA_SWZ",-2.12496677911198,10.1509875670249,25,NA,NA,NA
"real","LKA_ZMB",-0.435025715369155,1.04272414604469,30,NA,NA,NA
"real","LSO_DNK",-2.27527531016097,13.3099671587101,13,NA,NA,NA
"real","LSO_ITA",-1.26280431001048,5.79618216809638,15,NA,NA,NA
"real","LSO_PAK",-0.639537944161697,7.57272737260605,22,NA,NA,NA
"real","MAC_BGD",-1.59745915519141,1.95759127263134,26,NA,NA,NA
"real","MAC_BRA",-0.814671934287909,3.56774271903465,31,NA,NA,NA
"real","MAC_CYP",-0.428668185920013,1.02176011514776,30,NA,NA,NA
"real","MAC_DNK",-0.707103981710839,2.02364195202561,31,NA,NA,NA
"real","MAC_MYS",-0.553929112408524,3.05917070461107,31,NA,NA,NA
"real","MAC_NLD",-0.580739653472916,3.03533270355967,31,NA,NA,NA
"real","MAC_NZL",-0.124390546792135,0.233444494331342,31,NA,NA,NA
"real","MAC_OMN",-0.441785115564313,2.07585244833416,14,NA,NA,NA
"real","MAR_FJI",-1.17344268441383,4.17139222431599,17,NA,NA,NA
"real","MAR_FRO",0.00325461181931713,0.343999189510998,16,NA,NA,NA
"real","MAR_OMN",-0.0573598763692977,0.122445333254325,8,NA,NA,NA
"real","MCO_THA",-0.636918418061243,6.69245238950253,8,NA,NA,NA
"real","MDG_CYP",-0.772019655855148,1.7463255933738,21,NA,NA,NA
"real","MDG_FRO",-0.455758116418015,3.0982882944689,17,NA,NA,NA
"real","MDG_PAK",-0.342029181394834,0.591895163451066,31,NA,NA,NA
"real","MDG_SAU",-0.533777781350672,0.983417388786875,30,NA,NA,NA
"real","MDG_SEN",-0.224743347798322,1.68261186206335,31,NA,NA,NA
"real","MDV_AUS",-1.45339831185962,3.58034311141097,30,NA,NA,NA
"real","MDV_CAN",-0.794905556641818,1.59900751803277,31,NA,NA,NA
"real","MDV_DNK",-1.42336768249754,5.61846364385297,30,NA,NA,NA
"real","MDV_ESP",-1.15342227425796,2.72970586859264,31,NA,NA,NA
"real","MDV_MYS",-0.574407533241879,1.11289942095621,30,NA,NA,NA
"real","MDV_NLD",-0.303069150392894,1.13794899075996,29,NA,NA,NA
"real","MDV_NZL",-0.744836758549241,2.8375693335304,26,NA,NA,NA
"real","MEX_BFA",-1.21448456774761,2.74421022152421,29,NA,NA,NA
"real","MEX_BWA",-1.01277727344346,4.41520528460628,20,NA,NA,NA
"real","MEX_CYP",-0.452380890517338,1.26011814381525,14,NA,NA,NA
"real","MEX_GAB",-0.375670101209133,2.1091645435726,28,NA,NA,NA
"real","MEX_SEN",-0.420479912839964,1.11326214491776,30,NA,NA,NA
"real","MEX_SUR",-0.19434822021049,0.333436355197556,31,NA,NA,NA
"real","MLI_BGD",-1.82524094373884,9.20716250390724,21,NA,NA,NA
"real","MLI_DNK",-2.81782041975483,7.44594242052119,29,NA,NA,NA
"real","MLI_PNG",0.0179931675354652,2.93219121908391,9,NA,NA,NA
"real","MLI_TUR",-1.71317186356103,5.51719499827646,26,NA,NA,NA
"real","MLT_CYP",-1.01572512211533,1.36421334564815,14,NA,NA,NA
"real","MLT_MYS",-0.968467246778327,2.70981420350378,31,NA,NA,NA
"real","MLT_NZL",-0.626099143031297,1.15488746578504,31,NA,NA,NA
"real","MLT_OMN",-0.378757685963855,0.921551385647567,31,NA,NA,NA
"real","MLT_SGP",0.0201551129218072,0.39411682375125,29,NA,NA,NA
"real","MLT_TUR",-0.163534734555055,0.277482106599655,14,NA,NA,NA
"real","MLT_USA",-0.334154216521148,2.11301355718463,31,NA,NA,NA
"real","MMR_CAN",-0.838611758527453,3.67094976414202,31,NA,NA,NA
"real","MMR_DNK",-0.492240485362514,0.956210252689498,31,NA,NA,NA
"real","MMR_ESP",-0.941328895136392,1.24457199042238,31,NA,NA,NA
"real","MMR_GRC",-0.807527600497371,1.58680799597928,31,NA,NA,NA
"real","MMR_NZL",-0.232053977775239,0.434513794534579,20,NA,NA,NA
"real","MMR_OMN",0.104640517179469,2.06395265024165,27,NA,NA,NA
"real","MMR_SWE",-0.527702169920472,0.474431394101981,30,NA,NA,NA
"real","MMR_TUR",-0.420094804124814,1.19211467860518,31,NA,NA,NA
"real","MNG_AUS",-1.44885291099562,4.48134074873334,27,NA,NA,NA
"real","MNG_BGD",-1.15252324627486,2.03626758985809,16,NA,NA,NA
"real","MNG_IRL",-1.13766236264982,3.94887575878372,27,NA,NA,NA
"real","MNG_MYS",-0.597381277144775,1.79427213141742,29,NA,NA,NA
"real","MNG_PRT",-1.08161547140735,6.63283795815783,21,NA,NA,NA
"real","MNG_ROU",-1.52757055293967,8.01215772685594,25,NA,NA,NA
"real","MNG_THA",-2.84257814915066,4.42727343360538,29,NA,NA,NA
"real","MOZ_CYP",-3.53463394527255,19.7561487317226,16,NA,NA,NA
"real","MOZ_GRC",-1.76625656814135,4.00721346601614,19,NA,NA,NA
"real","MOZ_NZL",-1.72970231872913,4.45884400365302,25,NA,NA,NA
"real","MOZ_SAU",-1.46967827207807,4.67093020950071,26,NA,NA,NA
"real","MOZ_SEN",-1.72837392778842,3.67573121296733,17,NA,NA,NA
"real","MRT_CAN",-0.284676867156204,1.53405275006712,29,NA,NA,NA
"real","MRT_CYP",-0.279669504009585,1.02848474898581,27,NA,NA,NA
"real","MRT_ESP",0.0239317480665656,0.150706265430057,31,NA,NA,NA
"real","MRT_KOR",-1.2013240027271,1.90856687181302,31,NA,NA,NA
"real","MRT_PAK",-2.3010371476758,10.5193749526604,22,NA,NA,NA
"real","MRT_SAU",-1.34744800393281,2.76640313715955,26,NA,NA,NA
"real","MRT_TUR",-1.75405358986276,3.62526239773712,27,NA,NA,NA
"real","MSR_CAN",-0.267846239537088,1.78183120234808,31,NA,NA,NA
"real","MSR_NZL",-1.78441361765819,7.05152739536247,19,NA,NA,NA
"real","MTQ_ESP",-1.72872582506814,10.8491830477234,8,NA,NA,NA
"real","MUS_CYP",-0.357628767482659,1.15124795509425,22,NA,NA,NA
"real","MUS_PAK",-0.777430795107552,3.11715198775661,17,NA,NA,NA
"real","MUS_TTO",-0.957436590983735,4.25754893442051,22,NA,NA,NA
"real","MUS_TWN",-0.536740755144408,1.02782652887698,31,NA,NA,NA
"real","MWI_ARG",-0.599143159957363,3.72117547294959,25,NA,NA,NA
"real","MWI_BRB",-0.276055867274565,2.23702324422163,17,NA,NA,NA
"real","MWI_CYP",-1.36195827596769,3.56521923218635,19,NA,NA,NA
"real","MWI_GAB",-1.09776788463114,4.77595286295814,18,NA,NA,NA
"real","MWI_HUN",-0.921476922009883,3.1787637247591,28,NA,NA,NA
"real","MWI_LKA",-1.95662730438933,5.47551962978065,24,NA,NA,NA
"real","MWI_MEX",-1.05355520946393,5.41231631090255,30,NA,NA,NA
"real","MWI_OMN",-0.941528929964473,4.93608786112024,16,NA,NA,NA
"real","MWI_SAU",-0.730647795584912,2.12525014197517,23,NA,NA,NA
"real","MYS_AFG",-1.05863297819062,1.466533811814,31,NA,NA,NA
"real","MYS_ANT",-0.824451618471287,2.03290615944765,22,NA,NA,NA
"real","MYS_BHS",-1.65405616792113,3.88044529654465,30,NA,NA,NA
"real","MYS_BLZ",-0.358449376267216,0.750138559924839,30,NA,NA,NA
"real","MYS_BTN",-0.860053226985835,2.35404642755237,29,NA,NA,NA
"real","MYS_CIV",-0.355253186803802,0.321016118489393,31,NA,NA,NA
"real","MYS_COD",-0.641761343431081,1.09915028837047,31,NA,NA,NA
"real","MYS_CRI",-0.75039219858874,1.21581726304616,31,NA,NA,NA
"real","MYS_CXR",-0.227183638134377,0.619726229231048,27,NA,NA,NA
"real","MYS_DJI",-1.06589565495229,2.03850452439333,31,NA,NA,NA
"real","MYS_DOM",-0.751491604626138,0.839356579752902,31,NA,NA,NA
"real","MYS_FRO",-0.732790121902684,3.3692732847235,24,NA,NA,NA
"real","MYS_GIB",-3.53370253576895,9.04326862957717,30,NA,NA,NA
"real","MYS_GRL",-0.524744061395139,2.34415889836457,23,NA,NA,NA
"real","MYS_KHM",-1.06884787146168,2.46141691670728,9,NA,NA,NA
"real","MYS_LBR",-1.0752911317621,2.76732098241594,31,NA,NA,NA
"real","MYS_MAC",-0.120229235127647,0.451142058613132,31,NA,NA,NA
"real","MYS_MDG",-0.196187513446952,0.170086318499353,31,NA,NA,NA
"real","MYS_MWI",-0.461553842571545,0.61065840797637,31,NA,NA,NA
"real","MYS_NER",-1.13813088577849,2.49373351369685,31,NA,NA,NA
"real","MYS_PRY",-0.442289886982653,1.27798104803662,31,NA,NA,NA
"real","MYS_SLB",-0.702453862924661,0.756668123848533,31,NA,NA,NA
"real","MYS_SLE",-0.975184310601443,1.62980411651359,31,NA,NA,NA
"real","MYS_SPM",-0.762383784003416,3.00330632764353,9,NA,NA,NA
"real","MYS_SYC",-0.180438530027898,0.254486536939438,31,NA,NA,NA
"real","MYS_TGO",-1.43343175261186,2.92588615218755,31,NA,NA,NA
"real","MYS_UGA",-0.521634666472163,1.78039765561041,31,NA,NA,NA
"real","MYS_WSM",-0.788790340414456,1.7519067866976,31,NA,NA,NA
"real","MYS_YEM",-0.0544105326942828,0.147917296464452,30,NA,NA,NA
"real","NER_AUS",-1.21866499858992,3.55044085293874,26,NA,NA,NA
"real","NER_CHN",-2.11573546448531,3.31383623862167,27,NA,NA,NA
"real","NER_DNK",-0.568869645524093,3.42087865832266,29,NA,NA,NA
"real","NER_EGY",-1.06605410989707,3.96990574688718,23,NA,NA,NA
"real","NER_FIN",-2.8611215273361,5.4717955056887,28,NA,NA,NA
"real","NER_IDN",-1.50958524188519,1.87802648707943,29,NA,NA,NA
"real","NER_NOR",-0.511014576350482,2.76042225808684,22,NA,NA,NA
"real","NER_NZL",-1.88512302777081,6.8034935853078,25,NA,NA,NA
"real","NER_TUR",-1.61558950345751,3.94389102488969,30,NA,NA,NA
"real","NGA_CYP",-0.968312185399533,2.39669377551777,28,NA,NA,NA
"real","NGA_NOR",-2.08395835896392,5.49416911803274,30,NA,NA,NA
"real","NGA_NZL",-2.82589249320546,12.3127279492326,26,NA,NA,NA
"real","NGA_PRY",-4.95601220554202,10.8309255015396,12,NA,NA,NA
"real","NGA_SYR",-1.07761852827178,3.77311584094123,15,NA,NA,NA
"real","NIC_CHN",-1.28604238646994,3.87799811003518,30,NA,NA,NA
"real","NIC_FRO",-1.01215349859884,7.63126197460027,14,NA,NA,NA
"real","NLD_BLZ",-0.502046581556595,2.13673026358438,17,NA,NA,NA
"real","NLD_LSO",-0.553027869747691,2.67837652957022,18,NA,NA,NA
"real","NLD_MAC",-0.375454126580554,0.460766120834071,31,NA,NA,NA
"real","NLD_NRU",-1.03402411980298,3.76525799980171,23,NA,NA,NA
"real","NLD_TCD",-0.403990475467284,1.27402699020618,31,NA,NA,NA
"real","NOR_BGD",-0.35560517759725,0.801965189909688,31,NA,NA,NA
"real","NOR_CMR",-0.515509909870148,1.34613351564666,28,NA,NA,NA
"real","NOR_CYP",-0.145381749239638,0.364015572393838,14,NA,NA,NA
"real","NOR_JOR",-1.28204765626955,4.0317795246692,10,NA,NA,NA
"real","NOR_NPL",-0.823329818544052,2.38343250717016,29,NA,NA,NA
"real","NOR_PRY",-0.619033888695757,0.93076565121724,31,NA,NA,NA
"real","NOR_ZWE",-0.429271489492243,1.45746481958133,29,NA,NA,NA
"real","NPL_CAN",-0.186371189640632,0.520863148923167,31,NA,NA,NA
"real","NPL_DNK",-0.348147311417627,0.829954963537102,31,NA,NA,NA
"real","NPL_ISL",-1.17501185633456,3.68728125983532,29,NA,NA,NA
"real","NPL_OMN",-1.15130555979291,2.3706386172253,24,NA,NA,NA
"real","NPL_TWN",-0.640168356400962,3.48378920770576,28,NA,NA,NA
"real","NRU_CAN",-0.452026973696121,1.94298496888062,29,NA,NA,NA
"real","NRU_DEU",-2.01538228638209,4.75368345332944,27,NA,NA,NA
"real","NRU_NLD",-1.65563711930944,4.10980969137675,18,NA,NA,NA
"real","NRU_SGP",-1.15854920861495,2.8109664475057,16,NA,NA,NA
"real","NRU_USA",-0.592742395995372,2.05848605335759,30,NA,NA,NA
"real","NZL_AGO",-0.987326804293658,1.97370851806206,29,NA,NA,NA
"real","NZL_ANT",0.0887884133176964,0.396468408479633,21,NA,NA,NA
"real","NZL_BLZ",-0.160878396634942,1.01953983465173,31,NA,NA,NA
"real","NZL_BMU",0.243065682322147,1.71699948725695,31,NA,NA,NA
"real","NZL_CIV",-1.06240981762306,2.97841959092314,30,NA,NA,NA
"real","NZL_COD",-1.26873748801515,5.02850820201956,26,NA,NA,NA
"real","NZL_CUB",-0.429902609288834,2.78050566705605,31,NA,NA,NA
"real","NZL_DOM",0.181423186359764,0.393640980130465,31,NA,NA,NA
"real","NZL_DZA",-0.316700421519351,0.677498244447178,31,NA,NA,NA
"real","NZL_FLK",-0.0285965881694773,1.58958996075755,29,NA,NA,NA
"real","NZL_FRO",-0.0524595098783424,0.801016801832563,30,NA,NA,NA
"real","NZL_GAB",-0.245001471213164,0.343956187482207,28,NA,NA,NA
"real","NZL_GHA",-0.869230141576677,1.667067139227,31,NA,NA,NA
"real","NZL_GIB",0.14337026678866,0.303789385586403,31,NA,NA,NA
"real","NZL_GTM",0.00190442320692153,0.193851798251037,31,NA,NA,NA
"real","NZL_HND",-0.231623643218642,2.09688745064631,31,NA,NA,NA
"real","NZL_HTI",-0.257809832839749,1.04445218148191,30,NA,NA,NA
"real","NZL_IRQ",-0.558595773672962,2.81483546938304,21,NA,NA,NA
"real","NZL_KNA",-0.385436230897214,1.0950106604484,31,NA,NA,NA
"real","NZL_MDV",-0.387901295025664,0.888050906055515,31,NA,NA,NA
"real","NZL_MLI",-1.70800220959364,4.7628887809755,24,NA,NA,NA
"real","NZL_MNG",-1.19588672367947,2.67514406656397,26,NA,NA,NA
"real","NZL_MOZ",-0.563543228687196,2.17385160032783,31,NA,NA,NA
"real","NZL_MRT",-0.616132061593856,2.72655267620087,21,NA,NA,NA
"real","NZL_MWI",-0.0800269383753327,1.38749209041512,31,NA,NA,NA
"real","NZL_NER",-0.926373439523768,3.50076274134212,26,NA,NA,NA
"real","NZL_NFK",-0.0440378811659914,0.165040768181127,31,NA,NA,NA
"real","NZL_NGA",-1.35621676324563,2.6519032878319,31,NA,NA,NA
"real","NZL_PCN",-0.336762819056494,1.97607637889279,31,NA,NA,NA
"real","NZL_RWA",-0.991759196097575,2.20598326230672,28,NA,NA,NA
"real","NZL_SDN",-1.39019255206707,4.39065903205998,30,NA,NA,NA
"real","NZL_SEN",-1.15942065594411,3.53871792911247,31,NA,NA,NA
"real","NZL_SLV",0.111350528607903,0.311853957876258,31,NA,NA,NA
"real","NZL_SYC",-0.501842483921398,0.927799514847409,31,NA,NA,NA
"real","NZL_SYR",-0.533859600727425,0.796949388872377,31,NA,NA,NA
"real","NZL_TGO",-0.837241310252126,1.95439753905076,25,NA,NA,NA
"real","NZL_TKL",-1.80080507248256,2.3594199451664,20,NA,NA,NA
"real","NZL_TUN",0.0987020935832758,0.266721512375179,31,NA,NA,NA
"real","NZL_TZA",-0.0561266152927808,0.702964921549826,31,NA,NA,NA
"real","NZL_VNM",-0.213363685728745,0.391737323546175,20,NA,NA,NA
"real","NZL_WLF",-0.0188318768515496,0.205772895865215,31,NA,NA,NA
"real","NZL_YEM",-0.0557209253381395,0.0915921589317566,30,NA,NA,NA
"real","NZL_ZMB",-0.442568307863998,1.58300698697159,31,NA,NA,NA
"real","OMN_AUT",-1.1590047807914,2.19970083536069,31,NA,NA,NA
"real","OMN_BDI",-1.13893942116941,2.58110060586782,31,NA,NA,NA
"real","OMN_BGD",-2.16893159577091,7.62321465577048,30,NA,NA,NA
"real","OMN_BGR",-1.91895821762325,8.50510271528896,24,NA,NA,NA
"real","OMN_BRA",-2.33348582031429,9.45917508270522,30,NA,NA,NA
"real","OMN_BRN",-1.30518537696741,2.77673618621036,31,NA,NA,NA
"real","OMN_CAN",-0.783285006171674,1.17667346548786,31,NA,NA,NA
"real","OMN_CHN",-0.928352866345408,7.73064136444999,31,NA,NA,NA
"real","OMN_COD",-2.47494478041178,11.0124839226403,21,NA,NA,NA
"real","OMN_CYP",-0.211723965575055,0.69211894941463,31,NA,NA,NA
"real","OMN_DJI",-1.4625184437408,3.52494660035714,30,NA,NA,NA
"real","OMN_DNK",-1.38496226145191,1.86338713593427,31,NA,NA,NA
"real","OMN_DZA",-1.25127098815726,3.28764391706844,18,NA,NA,NA
"real","OMN_ESP",-0.981554334079482,2.74925481301486,31,NA,NA,NA
"real","OMN_FIN",-3.15786081149142,7.1462964900273,30,NA,NA,NA
"real","OMN_FRA",-0.299859261950611,0.731058831117812,31,NA,NA,NA
"real","OMN_GAB",-0.697581051714787,1.17862487568986,18,NA,NA,NA
"real","OMN_GHA",-1.33023867172202,2.23170068514716,29,NA,NA,NA
"real","OMN_IDN",-2.47539176544484,6.96096987612935,31,NA,NA,NA
"real","OMN_IRL",-0.539166726186018,1.92605472676963,31,NA,NA,NA
"real","OMN_IRN",-0.125691095336273,0.513281410706555,30,NA,NA,NA
"real","OMN_ITA",-0.675705935288306,0.827198201021128,31,NA,NA,NA
"real","OMN_LBN",-0.131918248617479,0.178415743869865,8,NA,NA,NA
"real","OMN_LKA",-1.77595123817037,2.76283094638172,31,NA,NA,NA
"real","OMN_MYS",-1.27018701892834,4.91877849130603,31,NA,NA,NA
"real","OMN_NGA",-0.509006249803063,1.66548899911389,30,NA,NA,NA
"real","OMN_NZL",-1.03821982357219,4.13062134770656,31,NA,NA,NA
"real","OMN_PAK",-1.89581370209164,3.67830417891222,31,NA,NA,NA
"real","OMN_PHL",-1.93245736475787,7.67955703987068,31,NA,NA,NA
"real","OMN_ROU",-1.94529588191623,5.75525084896361,28,NA,NA,NA
"real","OMN_SDN",-0.221539711591216,0.598547570549707,8,NA,NA,NA
"real","OMN_SWE",-0.886047163214042,1.95178225357115,31,NA,NA,NA
"real","OMN_SYR",-1.35074931963088,5.13842324171148,8,NA,NA,NA
"real","OMN_TUN",-0.412674171695653,0.939692339331294,8,NA,NA,NA
"real","OMN_TUR",-2.11565361873204,4.90374368785336,31,NA,NA,NA
"real","OMN_TWN",-0.431567318866303,0.935501679311227,29,NA,NA,NA
"real","OMN_UGA",-1.68161667033751,3.23372624833413,27,NA,NA,NA
"real","OMN_USA",-0.252293326894635,0.462342214423561,19,NA,NA,NA
"real","PAK_ARE",-0.226025465086838,0.395244112119475,31,NA,NA,NA
"real","PAK_BHR",-0.230680703387596,0.449854170597582,31,NA,NA,NA
"real","PAK_BHS",-1.01395221850887,2.8358860031056,24,NA,NA,NA
"real","PAK_CYP",0.0812204190179467,0.569496749970878,31,NA,NA,NA
"real","PAK_FRO",-0.434042581199456,1.39764520857244,17,NA,NA,NA
"real","PAK_KEN",-0.794960427475556,2.80659239403072,31,NA,NA,NA
"real","PAK_KWT",-0.261966981193129,0.571396523656687,31,NA,NA,NA
"real","PAK_MUS",-0.206273224304635,0.362506679899436,17,NA,NA,NA
"real","PAK_POL",-1.06287578366281,3.07761484340936,31,NA,NA,NA
"real","PAK_QAT",-0.0236697030779582,0.303253531182991,31,NA,NA,NA
"real","PAK_SOM",-2.16111430287834,6.41037652232146,31,NA,NA,NA
"real","PAN_BGD",-1.39322925885458,5.85080731074416,24,NA,NA,NA
"real","PAN_CYP",-0.937932125679358,3.34199791764891,22,NA,NA,NA
"real","PAN_FRO",-1.44639069375682,7.77368320578165,12,NA,NA,NA
"real","PAN_IDN",-1.20112180183179,3.96358610244077,31,NA,NA,NA
"real","PAN_MYS",-0.768671082055573,2.56956219126951,31,NA,NA,NA
"real","PAN_PRY",-0.385550541086508,1.14119102367516,22,NA,NA,NA
"real","PAN_SGP",-0.603944382942091,2.0291221192583,16,NA,NA,NA
"real","PAN_TTO",-1.46895049421842,2.82758872362178,28,NA,NA,NA
"real","PCN_BGD",-1.68562107618684,10.5859292998507,10,NA,NA,NA
"real","PER_BLZ",-0.971032780221415,3.98027817213875,27,NA,NA,NA
"real","PER_CYP",-0.293864658256862,1.93463274485111,23,NA,NA,NA
"real","PER_HND",-0.851912037451786,1.54529322904409,26,NA,NA,NA
"real","PER_HTI",-1.06971993215875,3.66105260877658,28,NA,NA,NA
"real","PER_LBN",-0.172501762478814,0.77711649428643,30,NA,NA,NA
"real","PER_OMN",-0.99541285632764,3.69163075017146,24,NA,NA,NA
"real","PER_SLV",-0.593411762976088,2.681774871018,31,NA,NA,NA
"real","PHL_COG",-1.1652710472204,3.39564110218588,23,NA,NA,NA
"real","PHL_CRI",-1.09432427214978,4.01677338958042,28,NA,NA,NA
"real","PHL_FRO",-0.458011871458705,1.67123630045812,19,NA,NA,NA
"real","PHL_MAC",-0.017393996396215,0.37005308235264,31,NA,NA,NA
"real","PHL_SYR",-0.411779608472159,1.99571559810052,31,NA,NA,NA
"real","PNG_ARE",-0.360153888674598,3.76275978920101,15,NA,NA,NA
"real","PNG_BHR",-0.505066806676247,4.09372730567853,11,NA,NA,NA
"real","PNG_HUN",-1.13587466019181,5.35946164084265,14,NA,NA,NA
"real","PNG_KWT",-1.05621395014712,6.56562498835157,12,NA,NA,NA
"real","PNG_POL",-0.429953267206379,2.49769371350404,16,NA,NA,NA
"real","PNG_PRK",-1.98148120539327,6.61703687118691,9,NA,NA,NA
"real","POL_BGD",0.0373062894468604,1.01981989820496,31,NA,NA,NA
"real","POL_CHN",-0.0537544936000082,0.348052493739753,29,NA,NA,NA
"real","POL_CYP",-0.433145200138011,0.767755659193648,14,NA,NA,NA
"real","POL_IDN",0.0878242030613125,0.259452425411126,31,NA,NA,NA
"real","POL_MEX",0.0385322192746622,0.440688037707775,14,NA,NA,NA
"real","POL_MYS",0.0690715860157078,0.133662009110276,31,NA,NA,NA
"real","POL_NZL",-0.442817207827874,0.557424479118622,31,NA,NA,NA
"real","POL_OMN",-0.924803551860951,1.36999943500588,31,NA,NA,NA
"real","POL_PRY",-0.613621421133469,0.570992433063936,31,NA,NA,NA
"real","POL_SEN",-0.670257513195076,0.777585841190014,28,NA,NA,NA
"real","POL_SGP",-0.13348434408225,0.196337902021277,29,NA,NA,NA
"real","POL_SYR",-0.295181654547869,0.637006523535449,12,NA,NA,NA
"real","POL_TTO",-0.0912211276757235,0.591380385246958,17,NA,NA,NA
"real","PRI_JPN",-0.605000205388334,2.80827135878431,10,NA,NA,NA
"real","PRK_CYP",-1.9052411651173,6.67290471934548,21,NA,NA,NA
"real","PRK_ESP",-0.382102675162429,1.98587927170668,31,NA,NA,NA
"real","PRK_TUR",-0.493548976166307,2.31055392660466,27,NA,NA,NA
"real","PRT_VGB",-1.07504423411417,2.76131307728228,14,NA,NA,NA
"real","PRT_WSM",-1.70590869198176,8.25488426821314,19,NA,NA,NA
"real","PRY_AGO",-0.437693744338412,1.9999897558799,22,NA,NA,NA
"real","PRY_ALB",-0.150989038413753,0.976868153752428,22,NA,NA,NA
"real","PRY_BHS",-4.24118586154695,21.1540437217577,28,NA,NA,NA
"real","PRY_BMU",-2.89413412088938,31.4483835569565,17,NA,NA,NA
"real","PRY_CHN",0.380606699305689,1.74016437684163,31,NA,NA,NA
"real","PRY_COG",-1.12009934392315,2.0861192008537,24,NA,NA,NA
"real","PRY_CPV",-2.46216273576974,6.83528171033468,20,NA,NA,NA
"real","PRY_CRI",-2.42155371207562,4.07758744156475,31,NA,NA,NA
"real","PRY_GAB",-2.08954465649001,6.79776297876566,28,NA,NA,NA
"real","PRY_GTM",-0.482026773485169,0.958928300348777,31,NA,NA,NA
"real","PRY_GUY",-2.19823869097304,7.52712387257753,9,NA,NA,NA
"real","PRY_IRL",-1.08536718435152,3.13905444187817,31,NA,NA,NA
"real","PRY_JAM",-1.13398728378995,3.29116579880461,23,NA,NA,NA
"real","PRY_LBN",-1.2259376698014,3.34137785976868,30,NA,NA,NA
"real","PRY_MLI",-1.13592986869514,8.05960030085325,11,NA,NA,NA
"real","PRY_MRT",-0.24998830955952,3.76841651116634,13,NA,NA,NA
"real","PRY_PAN",-1.07410223566109,2.5677010451619,22,NA,NA,NA
"real","PRY_POL",-1.9440259011492,3.78205742373055,30,NA,NA,NA
"real","PRY_PRI",0.110224644761831,0.774254017195461,9,NA,NA,NA
"real","PRY_QAT",-1.13283350343652,2.65929052234808,17,NA,NA,NA
"real","PRY_SAU",-1.13517000822286,2.77766842500228,31,NA,NA,NA
"real","PRY_SEN",-1.07548647528927,1.63752772049815,30,NA,NA,NA
"real","PRY_TTO",-0.811228151976249,1.44692249509705,28,NA,NA,NA
"real","PYF_CAN",-0.805459340007367,2.82220218931344,31,NA,NA,NA
"real","PYF_CHN",-1.00016401685269,4.01228161951912,29,NA,NA,NA
"real","PYF_PHL",-1.64920788234653,2.68252591218304,23,NA,NA,NA
"real","QAT_BGD",-1.15048650832896,3.43351676399187,27,NA,NA,NA
"real","QAT_BRA",-1.80478228620895,17.5240308535082,31,NA,NA,NA
"real","QAT_DJI",-2.73714166218913,14.5025745738061,10,NA,NA,NA
"real","QAT_DNK",-3.05207878382344,7.13660300699937,31,NA,NA,NA
"real","QAT_ESP",-1.17772198164692,3.927122011298,31,NA,NA,NA
"real","QAT_IDN",-1.02394647844315,1.12405690915862,31,NA,NA,NA
"real","QAT_MYS",-0.717629487441802,0.600069990081076,31,NA,NA,NA
"real","QAT_NLD",-1.75535081816107,3.69028854375349,30,NA,NA,NA
"real","QAT_NZL",-1.13708262415353,2.60048685177927,31,NA,NA,NA
"real","REU_MDG",-0.820120041516422,2.49365664210535,8,NA,NA,NA
"real","ROU_AFG",-0.972249210100408,2.94005437885982,28,NA,NA,NA
"real","ROU_AGO",-0.833426480862079,2.19910708811865,28,NA,NA,NA
"real","ROU_ALB",-0.279783678800953,0.690746127601531,14,NA,NA,NA
"real","ROU_AND",-0.835796612612371,2.37562378208156,15,NA,NA,NA
"real","ROU_ARE",0.0628633335714557,0.187996418753485,31,NA,NA,NA
"real","ROU_BDI",-0.397878481415548,3.66562376645529,30,NA,NA,NA
"real","ROU_BFA",-0.179298907965289,1.62139036032542,26,NA,NA,NA
"real","ROU_BHR",-0.267582089460191,1.72523010476217,31,NA,NA,NA
"real","ROU_BHS",-1.97791420494806,6.41228673363201,18,NA,NA,NA
"real","ROU_CAF",-1.18584559130777,3.47420644059213,28,NA,NA,NA
"real","ROU_CHN",0.466364820352881,0.983728922711004,31,NA,NA,NA
"real","ROU_CIV",-0.328322130569334,1.16900950633738,26,NA,NA,NA
"real","ROU_COD",-1.14756708876027,2.70278269649688,28,NA,NA,NA
"real","ROU_COG",-1.73208428914368,2.75695527658408,29,NA,NA,NA
"real","ROU_CPV",-0.558386140590956,6.79598850365747,29,NA,NA,NA
"real","ROU_CRI",-0.227940521269919,1.67286391119368,23,NA,NA,NA
"real","ROU_CYP",-0.0408561134479309,0.340409566062202,14,NA,NA,NA
"real","ROU_DJI",-1.78092548839956,3.33206775186712,26,NA,NA,NA
"real","ROU_DMA",-2.39036811115955,6.74434837987193,15,NA,NA,NA
"real","ROU_GAB",-0.720522993669806,0.8684825415143,31,NA,NA,NA
"real","ROU_GIB",-0.0334590962417292,3.7490447002599,30,NA,NA,NA
"real","ROU_GMB",-1.37239155040338,6.39152941848817,31,NA,NA,NA
"real","ROU_GTM",-0.491051622483024,2.03422131926094,23,NA,NA,NA
"real","ROU_HND",-0.416158682568899,2.81982101465088,23,NA,NA,NA
"real","ROU_HTI",-1.43282815508987,3.13428273111829,24,NA,NA,NA
"real","ROU_JAM",-0.925604556310658,2.21129368922453,18,NA,NA,NA
"real","ROU_KEN",0.0281044902460778,0.76764377636403,31,NA,NA,NA
"real","ROU_KWT",-0.0432507634211414,0.446355740568736,31,NA,NA,NA
"real","ROU_LBN",-0.0251729634679352,0.1580928115008,17,NA,NA,NA
"real","ROU_LBR",-2.58141956469368,8.13016392135558,31,NA,NA,NA
"real","ROU_MLI",-0.255684828250525,1.62288881249496,29,NA,NA,NA
"real","ROU_MNG",-0.407865207680792,2.66789237033674,31,NA,NA,NA
"real","ROU_MRT",-0.524267493068213,3.06996473279687,30,NA,NA,NA
"real","ROU_MWI",-1.26688964386333,5.12386550439668,31,NA,NA,NA
"real","ROU_NER",-0.644145933552025,2.67627617870197,29,NA,NA,NA
"real","ROU_NPL",-1.22789880564838,4.8358089371003,26,NA,NA,NA
"real","ROU_OMN",-0.79921170595362,0.91644220706504,31,NA,NA,NA
"real","ROU_PAN",-1.67439256597952,3.5293475588066,23,NA,NA,NA
"real","ROU_QAT",-0.354060357570614,1.05837689515746,30,NA,NA,NA
"real","ROU_SAU",-0.0420662066351509,0.222003309599857,31,NA,NA,NA
"real","ROU_SEN",-0.512366398917671,1.90237391264109,31,NA,NA,NA
"real","ROU_SLV",-0.840346407583771,5.52022843839782,23,NA,NA,NA
"real","ROU_SYR",-0.000739088200256856,0.224735122998005,17,NA,NA,NA
"real","ROU_UGA",-0.291743514352094,1.75583433341134,31,NA,NA,NA
"real","ROU_YEM",-0.225305699836736,1.45416155015445,30,NA,NA,NA
"real","ROU_ZMB",-0.867035621350421,2.48330406421417,29,NA,NA,NA
"real","RWA_PAK",-0.000827431461073332,0.479123451073104,31,NA,NA,NA
"real","RWA_PRT",-1.23620920207173,5.05100034988216,27,NA,NA,NA
"real","SAU_BGD",-0.00542164869571743,0.321344219880587,30,NA,NA,NA
"real","SAU_BRA",0.333250976505612,0.443161252922768,31,NA,NA,NA
"real","SAU_CYP",0.0697635144057713,0.51517278456783,31,NA,NA,NA
"real","SAU_DNK",-0.622138476387875,1.50617401530217,31,NA,NA,NA
"real","SAU_DZA",-0.385375284174759,1.33023206930665,19,NA,NA,NA
"real","SAU_ESP",-0.0269362209150784,0.0483380083850398,31,NA,NA,NA
"real","SAU_PAK",-1.37535912596571,6.60979594844498,31,NA,NA,NA
"real","SAU_PHL",-0.546463753800866,1.63426317081907,30,NA,NA,NA
"real","SAU_ROU",-1.47217079301399,3.52510316364248,31,NA,NA,NA
"real","SDN_CYP",-0.687942460855297,5.27184928727772,28,NA,NA,NA
"real","SDN_NZL",-0.872559826552629,4.74229596612275,29,NA,NA,NA
"real","SDN_OMN",-2.04865295655903,4.8125393499683,8,NA,NA,NA
"real","SEN_BHR",-1.34861549633166,3.14228726399245,17,NA,NA,NA
"real","SEN_BRA",-0.751635574261859,1.87100764855386,31,NA,NA,NA
"real","SEN_CYP",-1.79873150237933,6.34676936387913,27,NA,NA,NA
"real","SEN_EGY",-0.919859843631148,2.31043768744567,26,NA,NA,NA
"real","SEN_MYS",-1.1234542692457,3.15082906730243,31,NA,NA,NA
"real","SEN_PRK",-0.741052943723261,2.91499940766415,20,NA,NA,NA
"real","SGP_ANT",-0.103152844136164,0.96449067828281,22,NA,NA,NA
"real","SGP_BHS",-1.12985788033218,2.7766205019373,31,NA,NA,NA
"real","SGP_BMU",-0.591449545880662,3.62333005298074,31,NA,NA,NA
"real","SGP_GIB",-1.15680491832924,6.16986426328733,19,NA,NA,NA
"real","SGP_MDG",-0.296812366361032,0.503902641137497,31,NA,NA,NA
"real","SGP_NRU",-0.0993510048731224,4.08995227397466,17,NA,NA,NA
"real","SGP_UGA",-0.182581103798106,0.442554633033162,31,NA,NA,NA
"real","SGP_VCT",-0.817553405144459,1.53104932297065,31,NA,NA,NA
"real","SGP_YEM",-0.0697294215918417,0.481451562936938,30,NA,NA,NA
"real","SHN_CAN",-0.742126443924348,1.73081685088235,28,NA,NA,NA
"real","SLB_CAN",-0.478286784726597,1.19329375525622,30,NA,NA,NA
"real","SLB_CHE",-2.81574260518545,8.2786723269748,22,NA,NA,NA
"real","SLB_MYS",-0.871914120516062,3.58121199694851,30,NA,NA,NA
"real","SLE_BRA",-2.11012411986741,5.65707045254277,24,NA,NA,NA
"real","SLE_CYP",-2.05857955947605,5.83442567104613,12,NA,NA,NA
"real","SLE_IRL",-0.187320558054296,2.20809014780933,31,NA,NA,NA
"real","SLE_JOR",-0.793511895702261,3.99044668673055,11,NA,NA,NA
"real","SLE_MYS",-0.470493428560885,2.34634382299479,31,NA,NA,NA
"real","SLE_NZL",-0.910251130561126,3.68555380725167,24,NA,NA,NA
"real","SLV_BRA",-0.703569536017751,1.96303971506676,29,NA,NA,NA
"real","SLV_CYP",-1.28066404976544,2.58144972853468,21,NA,NA,NA
"real","SLV_IND",-0.371046423146567,1.48023125721686,29,NA,NA,NA
"real","SLV_KOR",-1.10305523131075,1.76498041061938,31,NA,NA,NA
"real","SLV_MAR",-1.41398624137325,3.35357674913311,26,NA,NA,NA
"real","SLV_MEX",-0.248106905064092,1.55537309575076,11,NA,NA,NA
"real","SLV_PRY",0.0741637173321082,0.408903530891305,31,NA,NA,NA
"real","SLV_SYR",-0.232330876815283,3.15701593037585,8,NA,NA,NA
"real","SLV_TUR",-0.651201334125893,1.49446817402808,28,NA,NA,NA
"real","SLV_TWN",-1.01107577997847,2.33982400638487,14,NA,NA,NA
"real","SOM_BRA",-2.70238233187494,6.92150691476954,19,NA,NA,NA
"real","SOM_CAN",-0.246172548452648,1.01420603984578,28,NA,NA,NA
"real","SOM_DNK",-0.938211349658638,3.59222884862504,18,NA,NA,NA
"real","SOM_ESP",-0.57163796426798,1.51804127135876,29,NA,NA,NA
"real","SOM_OMN",-1.49065171201911,3.69583886372835,30,NA,NA,NA
"real","SOM_SGP",-0.37538367413867,3.59900266704635,22,NA,NA,NA
"real","SOM_SWE",-1.26553298344639,6.46967440301523,27,NA,NA,NA
"real","SOM_THA",-1.27876346396362,5.49133123366549,28,NA,NA,NA
"real","SPM_CAN",-0.604439025592014,2.74463121871197,31,NA,NA,NA
"real","SPM_CYP",-1.01735453159883,5.01802917155691,10,NA,NA,NA
"real","SPM_KOR",-2.14646185553591,6.70746170751083,9,NA,NA,NA
"real","STP_CAN",-1.15783803239811,2.47268344176891,26,NA,NA,NA
"real","STP_DEU",-0.613898941412886,2.80253820740255,30,NA,NA,NA
"real","STP_ESP",-0.8669632185932,2.46554310504887,30,NA,NA,NA
"real","SUR_CAN",-1.59664029412198,5.67638060034234,30,NA,NA,NA
"real","SUR_DNK",-0.734416134571058,3.00192333574163,11,NA,NA,NA
"real","SUR_MAR",-2.83031101583802,7.38257280742037,26,NA,NA,NA
"real","SUR_PRT",-0.495408867891243,1.75823405106818,17,NA,NA,NA
"real","SUR_SEN",-1.83882917677645,9.49391296200384,14,NA,NA,NA
"real","SUR_ZAF",-0.699094569554718,4.79313314957893,26,NA,NA,NA
"real","SWE_BGD",-0.273026021576962,0.568876585915201,31,NA,NA,NA
"real","SWE_BRB",-0.733140786105874,2.25966408812388,16,NA,NA,NA
"real","SWE_CMR",-0.646007165978557,2.76306133640216,23,NA,NA,NA
"real","SWE_MNG",-1.04110917038801,2.33084827949841,29,NA,NA,NA
"real","SWE_PRY",-0.174945133171179,0.294382272325602,31,NA,NA,NA
"real","SWZ_AUS",-1.27764064452496,4.44643877207709,22,NA,NA,NA
"real","SWZ_ESP",-1.05596147917177,3.40529215690002,22,NA,NA,NA
"real","SWZ_FRO",-0.764155925042487,4.67784121098946,13,NA,NA,NA
"real","SWZ_GRD",-1.40800044729527,5.18238621171977,20,NA,NA,NA
"real","SWZ_PAK",-1.65546695093834,5.48195221906685,28,NA,NA,NA
"real","SWZ_PRT",-1.1370893727782,4.72739145732138,18,NA,NA,NA
"real","SWZ_SEN",-1.24903054171376,4.063399180421,17,NA,NA,NA
"real","SYC_DNK",-0.490071977718946,2.6357191430112,21,NA,NA,NA
"real","SYC_ESP",-0.877846013186244,1.76858839621825,22,NA,NA,NA
"real","SYC_IND",-1.6036429233788,2.91019948792007,27,NA,NA,NA
"real","SYC_MYS",-1.49877464403172,2.43649092844908,30,NA,NA,NA
"real","SYC_NLD",-0.728527766336973,4.06106608834428,21,NA,NA,NA
"real","SYC_PAK",-0.95579468052884,5.73911204825105,24,NA,NA,NA
"real","SYC_PRT",-1.34249430812343,5.42323551769887,16,NA,NA,NA
"real","SYC_SGP",-0.0543581616196699,1.20245775228196,31,NA,NA,NA
"real","SYC_USA",-0.398527325095216,1.29633009474147,31,NA,NA,NA
"real","SYR_BGD",-2.21771824113183,7.18360294072295,23,NA,NA,NA
"real","SYR_COL",-0.796090558174578,3.28838060913291,31,NA,NA,NA
"real","SYR_HUN",0.464037463046372,2.03106599214119,13,NA,NA,NA
"real","SYR_IDN",-0.889037740537408,3.85740812045068,30,NA,NA,NA
"real","SYR_IRN",-0.323950019910598,3.62893762722861,22,NA,NA,NA
"real","SYR_KOR",-1.2530442176268,2.69319644929972,31,NA,NA,NA
"real","SYR_LKA",-1.62201890555877,6.13623152003495,29,NA,NA,NA
"real","SYR_THA",-0.901339805103944,3.94469382961121,31,NA,NA,NA
"real","TCD_DNK",-1.86217528311983,13.9994180784524,22,NA,NA,NA
"real","TCD_FIN",-1.30459638337366,6.19285239101573,18,NA,NA,NA
"real","TCD_IDN",-0.0431939161250119,2.62607542259913,25,NA,NA,NA
"real","TCD_PAK",-0.0722027567409507,1.76238969024503,28,NA,NA,NA
"real","TCD_TUR",-1.99995952070591,13.4413914515095,25,NA,NA,NA
"real","TCD_TWN",-1.06459434787286,10.1612530604684,31,NA,NA,NA
"real","TGO_CHN",-0.588400235430431,1.46723631462097,31,NA,NA,NA
"real","TGO_CMR",-2.92805705436334,6.90281282150921,30,NA,NA,NA
"real","TGO_IDN",-0.295402673623322,2.55471190779663,31,NA,NA,NA
"real","TGO_IRL",-0.57748165334583,4.71833677444054,31,NA,NA,NA
"real","TGO_MYS",-0.432149007573451,1.08210617189763,31,NA,NA,NA
"real","TGO_NZL",-2.32088349442571,12.6461060049692,20,NA,NA,NA
"real","TGO_TUR",-0.927329151776631,3.07552082873516,26,NA,NA,NA
"real","THA_AFG",-0.399540162087199,0.723485380693018,31,NA,NA,NA
"real","THA_ALB",-0.596148378713425,1.00325578975217,31,NA,NA,NA
"real","THA_AND",-0.232108061281191,0.73532029369365,31,NA,NA,NA
"real","THA_ANT",0.0835689867655081,0.805651799589437,22,NA,NA,NA
"real","THA_ATF",-0.0522528011614153,2.08896185243821,29,NA,NA,NA
"real","THA_BDI",-0.0194144050804974,0.427410719686761,31,NA,NA,NA
"real","THA_BFA",-0.710270499772988,1.61425378820298,31,NA,NA,NA
"real","THA_BHS",-0.0955881036777464,0.493662196877413,31,NA,NA,NA
"real","THA_BLZ",-0.0279376838312985,0.289331539792725,31,NA,NA,NA
"real","THA_BMU",0.414870769052493,0.875350224633045,31,NA,NA,NA
"real","THA_BTN",-1.12266847948295,2.92335807159049,31,NA,NA,NA
"real","THA_COK",-0.206816301258647,0.736685704425524,31,NA,NA,NA
"real","THA_CPV",-0.951457398604727,3.03869650075142,31,NA,NA,NA
"real","THA_FLK",-0.563716636887954,3.56123173144849,24,NA,NA,NA
"real","THA_GIB",-0.26289088064796,2.63062724806119,31,NA,NA,NA
"real","THA_GRL",-0.564358891616689,1.69077496556504,31,NA,NA,NA
"real","THA_KHM",-0.969047961280503,2.89945946712808,9,NA,NA,NA
"real","THA_MNG",-1.01554559830476,1.72731753914418,31,NA,NA,NA
"real","THA_MWI",-0.525665449010106,0.950195379601372,31,NA,NA,NA
"real","THA_NRU",-0.099907444327366,3.15589451472892,29,NA,NA,NA
"real","THA_PAN",-0.367705697996448,1.33668653690278,31,NA,NA,NA
"real","THA_PRY",-0.626025003442928,1.33133178197519,31,NA,NA,NA
"real","THA_RWA",-1.0252617477626,0.874028918164505,31,NA,NA,NA
"real","THA_SLB",-0.080784105236513,0.577088449704579,31,NA,NA,NA
"real","THA_SLV",-0.882577446766908,1.49788163341836,31,NA,NA,NA
"real","THA_TCD",-1.03907881393934,2.62402070933412,31,NA,NA,NA
"real","THA_TON",-0.168410296640366,0.683011453439724,31,NA,NA,NA
"real","THA_UGA",-0.462302872175257,0.612167839042139,31,NA,NA,NA
"real","THA_VGB",-0.611584551825761,2.2998973200381,30,NA,NA,NA
"real","THA_WSM",-0.23211776083143,0.343075116319222,31,NA,NA,NA
"real","THA_YEM",-0.0217532267297084,0.124338910633474,30,NA,NA,NA
"real","TTO_GLP",-2.82823630528991,8.23858100327806,8,NA,NA,NA
"real","TTO_MTQ",-1.3493116917697,5.77786357799616,10,NA,NA,NA
"real","TTO_NZL",0.0527302712162189,1.17495971040373,31,NA,NA,NA
"real","TUN_COG",-0.531947228908244,1.69855431476909,30,NA,NA,NA
"real","TUN_CYP",-0.226836425650728,0.474911048147008,14,NA,NA,NA
"real","TUN_JAM",-1.16250557260261,7.34703289855534,27,NA,NA,NA
"real","TUN_OMN",0.158451709518975,0.405368561337588,8,NA,NA,NA
"real","TUR_AGO",-1.097386719318,1.84587481166495,31,NA,NA,NA
"real","TUR_AND",-0.710711983435339,2.02462092782984,30,NA,NA,NA
"real","TUR_ANT",-0.736812938784982,2.4710364565924,20,NA,NA,NA
"real","TUR_BDI",-0.728395757680951,0.845007495563623,31,NA,NA,NA
"real","TUR_BEN",-0.755145379707677,0.872408068683086,31,NA,NA,NA
"real","TUR_BFA",-0.885609827301166,1.5205795487697,31,NA,NA,NA
"real","TUR_BMU",-1.6975038934303,2.78322931049933,31,NA,NA,NA
"real","TUR_CIV",-0.539492561757861,0.491068578657709,31,NA,NA,NA
"real","TUR_COD",-0.939256363454943,1.44002476579735,29,NA,NA,NA
"real","TUR_COG",-0.764387939832473,1.04685819532416,31,NA,NA,NA
"real","TUR_DMA",-0.475905798031273,1.98966071512893,30,NA,NA,NA
"real","TUR_DOM",-0.544967076632575,1.2918599016987,30,NA,NA,NA
"real","TUR_ECU",-0.214827478072376,0.617517713353897,31,NA,NA,NA
"real","TUR_FRO",-1.58844713595355,1.38801798440952,22,NA,NA,NA
"real","TUR_GAB",-0.975063913374378,1.26211580309298,31,NA,NA,NA
"real","TUR_GHA",-0.692485546247855,0.752056501929319,31,NA,NA,NA
"real","TUR_GIB",-1.150961013779,5.529727449385,26,NA,NA,NA
"real","TUR_GIN",-0.972689831569058,1.44848571106121,31,NA,NA,NA
"real","TUR_GMB",-0.956027264998733,2.01906456581388,31,NA,NA,NA
"real","TUR_HTI",-1.16943602163562,2.65109426088678,31,NA,NA,NA
"real","TUR_KEN",-0.638202308673766,0.784892442765121,31,NA,NA,NA
"real","TUR_LBR",-0.717857831093973,1.77176324912869,31,NA,NA,NA
"real","TUR_LCA",-0.123863758456086,0.873417829196901,29,NA,NA,NA
"real","TUR_MAC",-0.359232335200754,2.38448596500297,30,NA,NA,NA
"real","TUR_MDG",-0.819357438509023,1.08877830468665,31,NA,NA,NA
"real","TUR_MLI",-0.773517561798472,1.38104444609079,31,NA,NA,NA
"real","TUR_MRT",-1.40260750801403,3.7086003313884,31,NA,NA,NA
"real","TUR_NER",-0.788143426109077,0.651045418957157,31,NA,NA,NA
"real","TUR_NIC",-0.39109809077924,0.608627178331722,31,NA,NA,NA
"real","TUR_NPL",-1.44933885007077,4.1746743135408,29,NA,NA,NA
"real","TUR_OMN",-0.287977269578635,0.243696677105946,31,NA,NA,NA
"real","TUR_RWA",-1.32100669478615,2.64684067918751,28,NA,NA,NA
"real","TUR_SEN",-0.818019476437371,0.888264376054037,31,NA,NA,NA
"real","TUR_SLE",-1.11204463472352,1.76089794109925,31,NA,NA,NA
"real","TUR_SUR",-0.665198412685491,1.49917344505186,28,NA,NA,NA
"real","TUR_SYC",-0.717391253878709,2.93248028937122,27,NA,NA,NA
"real","TUR_TGO",-0.502448376718399,1.14573561779244,31,NA,NA,NA
"real","TUR_UGA",-0.432051647089835,0.744097024620596,31,NA,NA,NA
"real","TUR_VCT",-1.01358004970029,2.31742730505074,29,NA,NA,NA
"real","TUR_VGB",-1.01735378809777,3.37507452160817,24,NA,NA,NA
"real","TUR_VNM",-0.0653621646325722,0.599638351109408,28,NA,NA,NA
"real","TUR_YEM",-0.0792215102737283,0.245921792093729,30,NA,NA,NA
"real","TUR_ZMB",-1.13640786357693,1.29704131085203,31,NA,NA,NA
"real","TUR_ZWE",-0.708087936018758,2.45373762554164,31,NA,NA,NA
"real","TUV_DEU",0.110083472510565,8.51498744306488,23,NA,NA,NA
"real","TUV_ESP",0.57313410661717,8.63513379691791,21,NA,NA,NA
"real","TWN_BFA",-0.208330400402609,0.663977730141772,28,NA,NA,NA
"real","TWN_BHS",-2.78702227992801,8.13653981923053,26,NA,NA,NA
"real","TWN_DMA",-0.459387566024208,1.71654647689933,28,NA,NA,NA
"real","TWN_FRO",-0.667831687722612,1.99518308031248,25,NA,NA,NA
"real","TWN_GUY",-0.156654866750266,1.15248605047949,26,NA,NA,NA
"real","TWN_HUN",-0.531270720301149,2.41154951589064,29,NA,NA,NA
"real","TWN_MAC",-0.0683123107388183,1.66888336382393,31,NA,NA,NA
"real","TWN_MMR",-0.705433762819459,7.17108414527253,27,NA,NA,NA
"real","TWN_SDN",-0.0434603815582603,0.282735933592237,26,NA,NA,NA
"real","TWN_SEN",-0.406602137287262,2.59357995747898,31,NA,NA,NA
"real","TWN_TUN",-0.429597767693379,2.19375488210485,30,NA,NA,NA
"real","TZA_CYP",-0.507066649890243,2.27680935394519,30,NA,NA,NA
"real","TZA_FRO",-1.00084245980249,8.16118760717178,13,NA,NA,NA
"real","TZA_MAC",-1.43270536589968,3.75355750184805,22,NA,NA,NA
"real","UGA_IDN",-0.717487995225698,2.79666932030853,31,NA,NA,NA
"real","UGA_ISL",-0.528489921026894,2.08394650983316,24,NA,NA,NA
"real","UGA_JOR",-0.0242357528249809,0.672403618413691,29,NA,NA,NA
"real","UGA_MAR",-0.808712805675982,2.29384563401566,26,NA,NA,NA
"real","UGA_MYS",-1.12333913276411,2.29235453926686,31,NA,NA,NA
"real","UGA_PAK",-0.406555681709324,0.776128282721862,31,NA,NA,NA
"real","UGA_SAU",-0.789861515775999,1.86892367136728,29,NA,NA,NA
"real","UGA_THA",-0.518996669387305,1.24502899892148,30,NA,NA,NA
"real","UGA_TUR",-0.85457293344352,0.866933733770225,31,NA,NA,NA
"real","URY_ARE",-0.392913973560328,0.698230101951338,31,NA,NA,NA
"real","URY_FJI",-1.25696009250825,7.64564328983287,23,NA,NA,NA
"real","URY_IDN",-0.722057756851136,1.54651762574325,31,NA,NA,NA
"real","URY_IRN",-0.391013121854856,1.437173510186,30,NA,NA,NA
"real","URY_MAC",-0.227336487401673,2.61481997777222,29,NA,NA,NA
"real","URY_PAN",-1.34798523308987,3.96116539681365,20,NA,NA,NA
"real","URY_SEN",-0.760149336993331,4.03679595438444,28,NA,NA,NA
"real","URY_SGP",0.197752001834115,0.278933402345642,31,NA,NA,NA
"real","URY_TGO",-0.699308331504626,3.09438778199598,19,NA,NA,NA
"real","USA_AFG",-1.25338046760649,3.52054074150054,30,NA,NA,NA
"real","USA_CAF",-0.424925715875038,0.59570915556569,30,NA,NA,NA
"real","USA_IRN",-0.608755610821518,2.36986625510705,31,NA,NA,NA
"real","USA_LBY",-1.44745565253718,6.84495973074961,23,NA,NA,NA
"real","USA_LSO",-0.293765522092854,0.91912963536808,31,NA,NA,NA
"real","USA_NIU",-1.17841435826869,3.78122149838347,30,NA,NA,NA
"real","USA_NRU",-0.66200478370456,1.90711857158784,30,NA,NA,NA
"real","USA_STP",-0.364455938898527,1.11845554848639,31,NA,NA,NA
"real","USA_UGA",0.0072722237288627,0.566201840078896,30,NA,NA,NA
"real","USA_VNM",-1.10741505114812,3.85183222255843,30,NA,NA,NA
"real","VCT_AUS",-3.27778965721029,11.2280745397968,27,NA,NA,NA
"real","VCT_DNK",-3.92025118484281,16.0337809811677,14,NA,NA,NA
"real","VCT_ESP",-0.607998193223241,1.28328103833857,18,NA,NA,NA
"real","VCT_NLD",-1.27635538004161,2.99356130535794,17,NA,NA,NA
"real","VCT_PRT",-1.46428217641836,6.70493016211198,14,NA,NA,NA
"real","VEN_CYP",-3.48122543375765,13.0251966937829,29,NA,NA,NA
"real","VEN_DOM",-1.0134617654612,3.38938390734651,31,NA,NA,NA
"real","VEN_JOR",-1.46824413734686,4.52812216191592,29,NA,NA,NA
"real","VEN_NZL",-0.620669051516543,3.24557006551828,31,NA,NA,NA
"real","VEN_OMN",-2.97725782171111,6.31256829077551,28,NA,NA,NA
"real","VEN_SGP",-0.521324357890821,1.54327079919899,9,NA,NA,NA
"real","VEN_SLV",-0.536072682739385,2.54470681595089,29,NA,NA,NA
"real","VEN_TUR",-0.524051935352295,0.870720525743156,31,NA,NA,NA
"real","VGB_CAN",-1.04648736823079,4.04305814002994,29,NA,NA,NA
"real","VGB_CHE",-0.907908820662949,4.93268491336731,31,NA,NA,NA
"real","VGB_NZL",-0.249040594371417,3.18612697569738,18,NA,NA,NA
"real","VNM_CYP",-0.404638570347046,1.32819908898792,30,NA,NA,NA
"real","VNM_SEN",0.556398404198904,3.77229469656136,30,NA,NA,NA
"real","VUT_CHN",-1.05628186836178,2.04680875107318,26,NA,NA,NA
"real","VUT_DNK",-2.22508266160418,15.0872943869256,17,NA,NA,NA
"real","VUT_ESP",-1.54594202535853,9.55368566284437,30,NA,NA,NA
"real","VUT_PRT",-1.35816130401771,6.06756865363271,8,NA,NA,NA
"real","VUT_TWN",-0.432298836684834,2.83716336828994,29,NA,NA,NA
"real","WSM_CAN",-0.645002550106153,2.43800563754566,25,NA,NA,NA
"real","WSM_NLD",-1.45061050930483,4.20348721441376,24,NA,NA,NA
"real","YEM_ESP",-0.56629004793864,1.86163759227005,30,NA,NA,NA
"real","YEM_FIN",-1.30804709542682,2.3315398355436,24,NA,NA,NA
"real","YEM_IDN",-1.10490426777078,3.46279940419409,30,NA,NA,NA
"real","YEM_MYS",-1.63236282165016,8.60670010409175,29,NA,NA,NA
"real","YEM_SGP",-0.511244876946126,1.40081658591284,30,NA,NA,NA
"real","YEM_TUR",-0.914151076662271,2.06497319791463,30,NA,NA,NA
"real","ZAF_ISR",-0.192209216810931,0.860069539060636,28,NA,NA,NA
"real","ZAF_MAC",-0.0557367272556235,3.15959527052759,29,NA,NA,NA
"real","ZAF_MAR",-0.684112682953193,1.97260549177569,28,NA,NA,NA
"real","ZAF_MEX",-0.203444197626794,2.18106774613414,30,NA,NA,NA
"real","ZMB_BRA",-0.845765200569375,3.19981124608038,28,NA,NA,NA
"real","ZMB_CAN",-1.21517193738144,3.70394183510396,31,NA,NA,NA
"real","ZMB_CYP",-1.78069979558047,9.02754939337997,28,NA,NA,NA
"real","ZMB_MYS",-0.0422432107101235,1.35247504070686,31,NA,NA,NA
"real","ZMB_NZL",-0.312134730678144,1.39976263094524,28,NA,NA,NA
"real","ZMB_SGP",-0.378804417927351,1.38766904269163,31,NA,NA,NA
"real","ZMB_TUR",-1.33687014438084,3.44443210899267,27,NA,NA,NA
"real","ZMB_TWN",-0.434483249774321,1.9923584312407,30,NA,NA,NA
"real","ZWE_CYP",-1.12005176303719,3.52504119633044,22,NA,NA,NA
"real","ZWE_SEN",-1.50353384489416,8.6419447043507,31,NA,NA,NA
"real","ZWE_TUR",-0.242603558157679,0.927625900590206,31,NA,NA,NA
"real","AFG_ARG",-1.10871897891318,6.42092423706416,20,NA,NA,NA
"real","AFG_IDN",-0.877260194062095,5.96192608406799,27,NA,NA,NA
"real","AFG_IRL",-0.369302756057919,2.41194376129131,30,NA,NA,NA
"real","AFG_LKA",-0.54338413179281,2.5116975539396,18,NA,NA,NA
"real","AFG_MDG",-1.19099622930523,3.51681471475918,17,NA,NA,NA
"real","AFG_MEX",-0.094565653080923,2.44887804080331,30,NA,NA,NA
"real","AGO_AUS",-3.21867302731593,8.25174751952186,25,NA,NA,NA
"real","AGO_BGD",-1.44416478005166,8.15400374954357,10,NA,NA,NA
"real","AGO_CHL",-2.02727231631989,13.5420939948495,27,NA,NA,NA
"real","AGO_CYP",-1.65871265870642,6.81578401273119,12,NA,NA,NA
"real","AGO_MEX",-2.86871794867885,6.29094017802351,30,NA,NA,NA
"real","AGO_MYS",-4.45312695053168,19.4638189962616,21,NA,NA,NA
"real","ALB_BRA",-0.287578459742153,3.08870242055194,26,NA,NA,NA
"real","ALB_CHL",-1.34142630024813,5.54573939820654,28,NA,NA,NA
"real","ALB_GBR",-0.329459170359324,1.20468483797601,13,NA,NA,NA
"real","ALB_IDN",-0.515461234245628,2.31806187350781,28,NA,NA,NA
"real","ALB_MEX",0.594927535910803,1.66328741525006,30,NA,NA,NA
"real","ALB_MYS",-1.27682754506055,4.07630915238232,25,NA,NA,NA
"real","ALB_PRT",-0.24725225761637,0.727815490497225,14,NA,NA,NA
"real","ALB_VEN",-0.132227256243374,2.0696482989603,21,NA,NA,NA
"real","AND_MDG",-1.04492072750578,5.57631190739098,18,NA,NA,NA
"real","AND_MEX",-0.537927572070174,3.19136536339693,27,NA,NA,NA
"real","AND_MYS",-1.06189917727667,7.43613137265712,27,NA,NA,NA
"real","ANT_CHL",-1.68036991361575,4.01785670178984,17,NA,NA,NA
"real","ANT_LKA",-0.760335973931348,6.70615967359032,14,NA,NA,NA
"real","ANT_MEX",-0.787058421049209,2.12686044520867,21,NA,NA,NA
"real","ARE_CHL",-1.33765326845245,4.25477184822698,30,NA,NA,NA
"real","ARE_COL",-1.35352189567904,1.82098239284168,30,NA,NA,NA
"real","ARE_MDG",-1.61117963820178,4.26235350873852,30,NA,NA,NA
"real","ARE_ROU",-0.211938752479147,0.809225181415236,30,NA,NA,NA
"real","ARG_KEN",-0.207266762480842,1.05615216106851,30,NA,NA,NA
"real","ARG_LAO",-1.27930873342772,4.44485757442485,15,NA,NA,NA
"real","ARG_LBR",-0.490106980163384,1.98360911119443,29,NA,NA,NA
"real","ARG_MDG",-1.02043950633795,3.25258354438972,30,NA,NA,NA
"real","ARG_MWI",-0.521090171194939,1.69359330758489,29,NA,NA,NA
"real","ARG_QAT",0.0731958670692801,0.41352824935168,30,NA,NA,NA
"real","ARG_VCT",-0.269819542647422,0.643067395319157,28,NA,NA,NA
"real","ATF_CAN",-2.24675295691814,5.9909468940281,20,NA,NA,NA
"real","ATF_MDG",-1.85753778179406,4.88539382487911,10,NA,NA,NA
"real","ATG_ITA",-2.00491710985255,6.53976021132368,13,NA,NA,NA
"real","ATG_LKA",0.273099960649349,3.58059933999561,23,NA,NA,NA
"real","ATG_MDG",-0.61099744677266,13.4972707657013,17,NA,NA,NA
"real","ATG_MEX",0.947415324850735,3.7902628061969,28,NA,NA,NA
"real","ATG_MYS",0.0925302527266855,4.75554316535094,25,NA,NA,NA
"real","ATG_NOR",-0.693005648216663,11.5429393351947,19,NA,NA,NA
"real","AUS_COG",-0.83789177342136,1.65647546279696,29,NA,NA,NA
"real","AUS_NAM",-0.612810786496118,2.72911910152898,26,NA,NA,NA
"real","AUS_VGB",-2.50275001350125,5.09442231765923,29,NA,NA,NA
"real","AUT_ATG",-0.945743980733806,3.72995059261552,14,NA,NA,NA
"real","AUT_BRB",-0.807112908295035,1.95121854697818,17,NA,NA,NA
"real","AUT_CRI",-0.367378964800743,1.83320700642917,19,NA,NA,NA
"real","AUT_KWT",-0.947362312272123,5.90234988218034,30,NA,NA,NA
"real","AUT_MAC",-0.268048533549519,1.01323689606141,30,NA,NA,NA
"real","AUT_MDG",0.0547729641365023,0.567802847357598,21,NA,NA,NA
"real","AUT_MMR",-0.117472322476225,0.678545193957139,28,NA,NA,NA
"real","AUT_MWI",-0.62933573641798,2.24904959342059,29,NA,NA,NA
"real","AUT_NGA",-0.241322165712173,1.19769547935725,28,NA,NA,NA
"real","AUT_SYC",-0.134880671106079,0.460457201398851,20,NA,NA,NA
"real","BDI_CHL",-1.08593778030756,3.97243076919096,23,NA,NA,NA
"real","BEN_AUT",-1.92603032239841,6.51379752222557,30,NA,NA,NA
"real","BEN_MDG",-1.18654656129807,3.69168061612374,22,NA,NA,NA
"real","BFA_LBY",-0.279980066948313,2.56091237595036,18,NA,NA,NA
"real","BFA_MEX",-0.348955036541305,4.83372049684223,28,NA,NA,NA
"real","BFA_MYS",-0.945303756349693,6.62637002497456,28,NA,NA,NA
"real","BGD_ANT",-0.738201740283101,3.62346668422754,13,NA,NA,NA
"real","BGD_BMU",-0.343663145589534,1.63730318055319,21,NA,NA,NA
"real","BGD_COD",-0.711975385555098,1.69607703653583,17,NA,NA,NA
"real","BGD_COM",0.0127078111654434,1.12303104262566,18,NA,NA,NA
"real","BGD_GMB",-0.665704464222166,2.15403638087674,25,NA,NA,NA
"real","BGD_KHM",-0.187018685958135,0.408924546574861,23,NA,NA,NA
"real","BGD_MDG",0.175266770204163,0.909955912140124,30,NA,NA,NA
"real","BGD_MNG",-1.0433729732589,2.48584277414385,23,NA,NA,NA
"real","BGD_MSR",-0.935681797346851,4.92845610644911,9,NA,NA,NA
"real","BGD_MUS",-1.55150161319601,3.31347825744591,29,NA,NA,NA
"real","BGD_SOM",-1.33025408653922,3.11560808971062,17,NA,NA,NA
"real","BGR_CHL",-0.471838922330598,0.913588563548241,16,NA,NA,NA
"real","BGR_FJI",-0.292265202588641,0.883986280826953,10,NA,NA,NA
"real","BGR_LKA",0.0217717123808258,0.306219320984178,30,NA,NA,NA
"real","BGR_MDG",-2.23386209354503,2.3474788612423,19,NA,NA,NA
"real","BGR_MEX",-0.0101674178907563,0.517977200392987,16,NA,NA,NA
"real","BGR_MUS",-0.213318845273246,0.279828674762502,21,NA,NA,NA
"real","BGR_SEN",-0.584503701702254,2.28853221243616,25,NA,NA,NA
"real","BGR_ZWE",-1.8843653193379,4.90093025978482,20,NA,NA,NA
"real","BHR_CHL",-0.895493426054277,3.5816370304044,22,NA,NA,NA
"real","BHR_LKA",-0.515406814268639,2.51507457050865,26,NA,NA,NA
"real","BHR_MDG",-1.99081185902797,12.293187832443,28,NA,NA,NA
"real","BHR_NZL",-0.928098280308287,0.969244251859769,30,NA,NA,NA
"real","BHS_CHL",-0.683917667373388,2.49202294410298,30,NA,NA,NA
"real","BHS_MDG",-1.22856119476282,3.34476129089658,10,NA,NA,NA
"real","BHS_MEX",-0.81934362987387,7.12589132157495,29,NA,NA,NA
"real","BHS_PAK",-1.61522969308698,3.78085421460392,21,NA,NA,NA
"real","BHS_PHL",-2.73952022069712,7.26323253269966,18,NA,NA,NA
"real","BLZ_CHL",-0.646645327662834,3.28505270239293,25,NA,NA,NA
"real","BLZ_MDG",-1.05075747730579,5.67838538316773,10,NA,NA,NA
"real","BLZ_MYS",-0.919322604176916,3.25622504227368,29,NA,NA,NA
"real","BMU_IND",-3.47428632215194,20.5196848156068,19,NA,NA,NA
"real","BMU_MEX",-1.91224212907297,30.0075701474297,29,NA,NA,NA
"real","BMU_MYS",-0.220570780250842,7.93323841921849,24,NA,NA,NA
"real","BMU_TUR",-2.10734058599415,18.3453530642236,27,NA,NA,NA
"real","BOL_CYP",-0.648698886903705,4.86565047466711,20,NA,NA,NA
"real","BOL_GRC",-0.835540873458274,2.57458374733901,28,NA,NA,NA
"real","BOL_ISR",-0.250729370607118,0.50167263389081,28,NA,NA,NA
"real","BOL_POL",-0.612075233227867,1.44642556093575,28,NA,NA,NA
"real","BRA_KHM",-0.70798186335091,0.919670878886522,27,NA,NA,NA
"real","BRA_TON",-0.795761273698522,1.21154494866363,26,NA,NA,NA
"real","BRA_TUV",-1.48825335063581,12.2956666754448,11,NA,NA,NA
"real","BRB_CHL",-0.550146352825103,2.65003803085522,29,NA,NA,NA
"real","BRB_LKA",-2.28322696311113,7.51953484677445,23,NA,NA,NA
"real","BRB_MYS",-1.78031506459366,3.45861774204541,30,NA,NA,NA
"real","BRB_NZL",-0.544238012041383,1.90688442236472,30,NA,NA,NA
"real","BRB_PAN",-0.875137384831139,4.11977403745317,28,NA,NA,NA
"real","BRB_SEN",-1.45295183249434,9.33768022878056,19,NA,NA,NA
"real","BRB_THA",-0.875123354316656,2.3915660922481,28,NA,NA,NA
"real","BRN_LKA",-1.60905049628073,3.1268093931817,27,NA,NA,NA
"real","BRN_MUS",-1.71242953501504,7.03653530098654,20,NA,NA,NA
"real","BRN_OMN",-1.0876419377877,2.46164865324901,22,NA,NA,NA
"real","BTN_BRA",-0.874314030911065,13.4456344759711,15,NA,NA,NA
"real","BTN_CHL",-1.1247229428304,12.460985188944,13,NA,NA,NA
"real","BTN_ESP",-2.36430091403086,14.3518701886807,25,NA,NA,NA
"real","BTN_MEX",-2.30873520825708,5.47383315742465,13,NA,NA,NA
"real","BWA_AGO",-0.0693246345095892,1.95245710966332,22,NA,NA,NA
"real","BWA_DEU",-0.207429988637355,1.59609607528722,24,NA,NA,NA
"real","BWA_KOR",-0.219996079456032,3.36994009883913,24,NA,NA,NA
"real","BWA_TWN",-0.892271543262978,10.9684216500632,21,NA,NA,NA
"real","BWA_ZWE",-0.327718219140568,0.890806185076293,9,NA,NA,NA
"real","CAF_BRA",-0.97142205850329,2.30793481557954,26,NA,NA,NA
"real","CAF_CYP",-2.17686235435131,6.94771000038984,25,NA,NA,NA
"real","CAF_MDG",-0.980258538813899,3.67589428120652,18,NA,NA,NA
"real","CAF_MYS",-0.897781579918354,2.3744235427006,28,NA,NA,NA
"real","CAF_SEN",-1.21629051866816,2.90198545920931,27,NA,NA,NA
"real","CAN_CPV",-0.621096785041574,1.55537608748283,30,NA,NA,NA
"real","CAN_IOT",-1.0721840299675,6.35586107071353,27,NA,NA,NA
"real","CAN_KIR",-0.625519587519237,2.75854572555453,28,NA,NA,NA
"real","CAN_NAM",-0.32999543762624,2.66371967788571,25,NA,NA,NA
"real","CAN_NFK",-0.556148668080808,1.75893762170102,23,NA,NA,NA
"real","CCK_TUR",-4.52795221898801,16.9695729604143,8,NA,NA,NA
"real","CHE_BWA",0.0801029738937293,2.44512235706205,12,NA,NA,NA
"real","CHL_AND",-0.331784489539317,2.16137647313538,28,NA,NA,NA
"real","CHL_ANT",-1.03263489401377,1.44302669742212,16,NA,NA,NA
"real","CHL_BHS",-1.10405895545344,1.77990135428193,30,NA,NA,NA
"real","CHL_BRN",-0.0837390600191721,0.257927076588441,11,NA,NA,NA
"real","CHL_COD",-0.454106791443144,0.780708212182192,18,NA,NA,NA
"real","CHL_FJI",-0.145239955312678,1.14297003530751,30,NA,NA,NA
"real","CHL_GAB",-0.619138011281694,1.55087573120076,29,NA,NA,NA
"real","CHL_GNQ",-0.419119107596405,1.50528518324542,27,NA,NA,NA
"real","CHL_HTI",-0.172745525196946,0.851949731712655,30,NA,NA,NA
"real","CHL_KIR",-0.230036895448942,4.35033988964972,25,NA,NA,NA
"real","CHL_LAO",-0.786451271588435,1.78803109717847,22,NA,NA,NA
"real","CHL_LBR",-1.64955539900365,6.93898276938144,25,NA,NA,NA
"real","CHL_LCA",0.200926589616255,0.966841223273566,30,NA,NA,NA
"real","CHL_MRT",-0.833699937255286,1.94374224425841,21,NA,NA,NA
"real","CHL_MUS",-0.357957788174299,0.651242197811114,30,NA,NA,NA
"real","CHL_MWI",-1.20338631018032,5.2278968810763,25,NA,NA,NA
"real","CHL_PNG",-0.799567003048477,4.38628572020726,29,NA,NA,NA
"real","CHL_QAT",0.112465135716857,0.438350925243895,30,NA,NA,NA
"real","CHL_TON",0.152123073683549,0.560456146235307,30,NA,NA,NA
"real","CHN_CRI",-0.795987006094755,2.32322308871892,20,NA,NA,NA
"real","CHN_DOM",-0.771291751615405,1.94342645408725,29,NA,NA,NA
"real","CHN_MDG",-0.16996252856269,0.168625620436337,30,NA,NA,NA
"real","CHN_VNM",-0.567872309255616,6.03348085061012,13,NA,NA,NA
"real","CIV_CHL",-3.06963560679366,8.51875441528435,25,NA,NA,NA
"real","CIV_CMR",-0.616348505495929,3.52085370754701,28,NA,NA,NA
"real","CIV_CRI",-0.702391918088274,2.53191559656576,25,NA,NA,NA
"real","CIV_MDG",-0.438529391936906,2.01780700265303,30,NA,NA,NA
"real","CIV_MEX",-0.952325094113191,1.35418521358584,29,NA,NA,NA
"real","CIV_ZWE",-0.586511802232219,2.24580431727251,25,NA,NA,NA
"real","CMR_COD",-1.31469105704765,5.62354579680432,26,NA,NA,NA
"real","CMR_ISL",-0.301269761322961,1.77385015787308,23,NA,NA,NA
"real","COD_ARG",-2.90626843119555,16.1717171725556,19,NA,NA,NA
"real","COD_BGD",-2.88861741444665,7.3731340615083,24,NA,NA,NA
"real","COD_CHL",-3.86017904447143,10.4379180742761,14,NA,NA,NA
"real","COD_COL",-1.43809933267832,9.77904322174803,18,NA,NA,NA
"real","COD_LKA",-3.01287714377673,13.6078338781431,8,NA,NA,NA
"real","COD_MEX",-0.734330236203035,5.83063127190074,21,NA,NA,NA
"real","COG_DZA",-0.14939504827425,0.921456649238529,29,NA,NA,NA
"real","COG_IDN",-2.54868064870426,6.40129377860025,26,NA,NA,NA
"real","COG_MDG",-0.89671496965317,4.30717830146517,23,NA,NA,NA
"real","COG_MEX",-1.78521773235675,5.17779856562503,29,NA,NA,NA
"real","COG_MWI",-1.67841994808706,5.92593233973259,17,NA,NA,NA
"real","COG_MYS",-2.68186424686205,10.3051890531181,23,NA,NA,NA
"real","COG_ROU",-0.822499942230508,3.47775908015888,24,NA,NA,NA
"real","COG_USA",-0.560892112656903,3.18670428493694,30,NA,NA,NA
"real","COK_ESP",-3.47940871422293,10.5683955038056,19,NA,NA,NA
"real","COK_FIN",-0.466013965322858,4.99193386175273,8,NA,NA,NA
"real","COK_MEX",-0.370274351127899,7.09540711792998,25,NA,NA,NA
"real","COK_MYS",-0.132792636392946,0.986506583193778,9,NA,NA,NA
"real","COL_ATG",-0.198072148751594,0.899170450460175,30,NA,NA,NA
"real","COL_LBN",-0.722288504302529,0.74542837301694,30,NA,NA,NA
"real","COL_LBR",-0.721748844528081,2.17343454971446,29,NA,NA,NA
"real","COL_MUS",-0.223792780227367,0.947761253600262,28,NA,NA,NA
"real","COL_SLV",-0.184584097333386,0.156428257158418,19,NA,NA,NA
"real","COM_MEX",-1.46480068444535,3.34466830567751,30,NA,NA,NA
"real","CPV_BRA",-0.40608297841061,2.08535415924577,28,NA,NA,NA
"real","CPV_MEX",-1.28606156788817,6.19461455535357,22,NA,NA,NA
"real","CPV_SWE",-1.8205590899451,4.14429696686073,26,NA,NA,NA
"real","CPV_THA",-1.14196225295178,6.1693561148341,26,NA,NA,NA
"real","CPV_USA",-0.39882696713613,1.6926514908521,30,NA,NA,NA
"real","CRI_DZA",-1.16331002951195,4.73946976851517,26,NA,NA,NA
"real","CRI_LBY",-0.845566313684098,2.52709781231632,14,NA,NA,NA
"real","CRI_MDG",-0.781913515579079,1.91505841946393,23,NA,NA,NA
"real","CRI_ROU",-0.549709470458808,2.92514993128431,22,NA,NA,NA
"real","CRI_SEN",-2.00551360084045,4.5133295226327,26,NA,NA,NA
"real","CUB_TUR",-1.4724650384579,4.05421256287516,29,NA,NA,NA
"real","CXR_AUS",-0.628202736798161,3.20368063836428,28,NA,NA,NA
"real","CXR_MEX",-1.3484918656576,9.88408990320904,18,NA,NA,NA
"real","CYM_MEX",0.00474177294490411,6.50127845578528,24,NA,NA,NA
"real","CYM_MYS",-2.20996068977191,9.52472319811743,13,NA,NA,NA
"real","CYM_NZL",-2.57902395299446,9.13346956089262,26,NA,NA,NA
"real","CYP_COG",-3.77351297426905,6.71127392965673,23,NA,NA,NA
"real","CYP_COL",-3.16406190001993,8.33016900676768,22,NA,NA,NA
"real","CYP_GMB",-0.882172801737466,3.95159446449266,29,NA,NA,NA
"real","CYP_MMR",0.178794431619112,1.30222513879035,30,NA,NA,NA
"real","CYP_MNG",-0.164928382582927,1.02896436866629,26,NA,NA,NA
"real","CYP_PER",-0.766079567437309,3.56772694002073,21,NA,NA,NA
"real","CYP_PRY",-0.817634364521163,4.08729364181898,22,NA,NA,NA
"real","CYP_SYC",-0.143796334999816,0.864100890375222,19,NA,NA,NA
"real","CYP_TCD",-0.411113165615831,3.96212371299902,13,NA,NA,NA
"real","DEU_BWA",-0.807462229030623,4.000915601416,23,NA,NA,NA
"real","DJI_GBR",-0.995103719873228,3.15192899576066,29,NA,NA,NA
"real","DJI_ITA",-0.489249434885774,3.05705527281049,30,NA,NA,NA
"real","DJI_PER",-0.664777491398493,5.65077044925345,11,NA,NA,NA
"real","DMA_CHL",-1.36060736464591,5.77026225176178,28,NA,NA,NA
"real","DMA_LKA",-1.72331438953208,5.23604011539511,23,NA,NA,NA
"real","DMA_MEX",-0.726664478869907,1.67730664951093,30,NA,NA,NA
"real","DMA_MLT",-1.3302893411817,5.3414265317765,8,NA,NA,NA
"real","DMA_MYS",-1.68884976447317,4.34878691515103,28,NA,NA,NA
"real","DOM_CHL",-1.06405448286404,2.23854885906477,29,NA,NA,NA
"real","DOM_MEX",0.152914302787685,0.380841106768812,30,NA,NA,NA
"real","DOM_PRY",-2.16689480195796,3.2164481218242,24,NA,NA,NA
"real","DZA_MDG",-0.799171920670514,1.5262587912482,26,NA,NA,NA
"real","DZA_NOR",-0.284953803294143,3.36441659702962,29,NA,NA,NA
"real","DZA_QAT",-1.70307950952595,3.02552312150772,13,NA,NA,NA
"real","DZA_SAU",-0.940107420832293,1.43326594077483,18,NA,NA,NA
"real","ECU_DOM",-0.523032703182073,1.85310821969148,30,NA,NA,NA
"real","ECU_GTM",-0.458496864586596,1.04401646721449,30,NA,NA,NA
"real","ECU_JAM",-1.91085821736968,4.82007918882235,30,NA,NA,NA
"real","ECU_KWT",-1.32593114950868,2.28863811886791,30,NA,NA,NA
"real","EGY_MDG",-0.791434330542943,1.19635650775966,8,NA,NA,NA
"real","ESP_BTN",-0.884971688343616,1.96012265364799,21,NA,NA,NA
"real","ESP_LAO",-0.367970015704654,0.921639831957036,30,NA,NA,NA
"real","ESP_LSO",-0.943168203419088,5.41203267958574,16,NA,NA,NA
"real","ESP_NAM",-1.48387244620471,8.39688838103155,22,NA,NA,NA
"real","ESP_WSM",-0.970600468036376,2.3064639604821,27,NA,NA,NA
"real","FJI_DNK",-0.630176531962845,1.84436218393391,18,NA,NA,NA
"real","FLK_MYS",-0.995412958546577,3.02871978737419,18,NA,NA,NA
"real","FLK_THA",-1.78434128909343,4.82333950664735,25,NA,NA,NA
"real","FRA_AFG",-0.233440800211163,3.09110911449633,30,NA,NA,NA
"real","FRA_BTN",-0.939980911425762,1.24145646890561,28,NA,NA,NA
"real","FRA_BWA",0.271100471672635,1.68654713567113,25,NA,NA,NA
"real","FRA_GUY",-0.452432529216266,2.5778812090568,16,NA,NA,NA
"real","FRO_BGD",-1.79286839771261,8.44319302335055,10,NA,NA,NA
"real","FRO_BRA",-1.21212708408517,5.70394268530286,24,NA,NA,NA
"real","FRO_CMR",-3.38745148150569,8.80485978071328,10,NA,NA,NA
"real","GAB_CHL",-3.29498327343413,12.9175265895145,27,NA,NA,NA
"real","GAB_ISL",-4.37812073683248,19.5241618419622,20,NA,NA,NA
"real","GAB_MEX",0.0948228401641071,0.464889063121645,29,NA,NA,NA
"real","GAB_MWI",-1.17544922118135,6.50614063312708,17,NA,NA,NA
"real","GAB_MYS",-2.56357462508528,8.34867348573201,30,NA,NA,NA
"real","GAB_SEN",-1.43695357053826,6.47699594604665,28,NA,NA,NA
"real","GBR_KHM",-0.172224748374698,0.624710685729062,28,NA,NA,NA
"real","GBR_SLV",-0.399418170863753,2.04566840312449,22,NA,NA,NA
"real","GBR_SOM",0.0841823796174048,1.62814220011896,28,NA,NA,NA
"real","GHA_KEN",-0.904193507348206,1.38612118175506,27,NA,NA,NA
"real","GHA_OMN",-1.34411248271859,4.21428464909857,21,NA,NA,NA
"real","GIB_FIN",-3.60328071520615,7.54047239899248,24,NA,NA,NA
"real","GIB_LKA",-1.36312169566355,7.07728109111428,17,NA,NA,NA
"real","GIB_MEX",0.354072440016144,2.94395048779853,17,NA,NA,NA
"real","GIB_NZL",-2.18242788563627,9.27611194204669,23,NA,NA,NA
"real","GIB_SGP",-1.42455601039317,3.35988153742946,15,NA,NA,NA
"real","GMB_MYS",-1.01871016262574,4.7244051968672,25,NA,NA,NA
"real","GMB_TUR",-1.45870332301796,5.6517541672033,25,NA,NA,NA
"real","GMB_USA",-0.51266929144042,1.46568403089131,30,NA,NA,NA
"real","GNB_GBR",-1.12925864154753,4.09834073843549,21,NA,NA,NA
"real","GNB_USA",-2.5503074559265,3.61659473565136,29,NA,NA,NA
"real","GNQ_KOR",-2.58437053031196,19.8035491992551,24,NA,NA,NA
"real","GNQ_MEX",-2.71387776392137,8.53893025214653,19,NA,NA,NA
"real","GRC_BEN",-1.01287741719536,1.50352014302912,29,NA,NA,NA
"real","GRC_COK",-1.5203896700654,4.07547863811211,18,NA,NA,NA
"real","GRC_FJI",-0.165000456031165,3.41358661492965,13,NA,NA,NA
"real","GRC_GUY",-0.970049198092998,4.03094618905943,15,NA,NA,NA
"real","GRC_KIR",-2.21694005233427,8.86593181101807,19,NA,NA,NA
"real","GRC_NPL",-0.542052305925044,2.4101437188184,29,NA,NA,NA
"real","GRC_WSM",-1.59938123981548,6.71738012478264,15,NA,NA,NA
"real","GRD_BRA",-0.897300732311004,3.34323959558478,25,NA,NA,NA
"real","GRD_MEX",-1.40196190502373,3.70464417804787,24,NA,NA,NA
"real","GRD_MYS",-2.6524321653874,4.83070815714962,23,NA,NA,NA
"real","GRL_BRA",-2.06661994571433,5.19216128285618,14,NA,NA,NA
"real","GRL_CYP",-0.497354080776951,1.9824981753967,10,NA,NA,NA
"real","GRL_THA",-0.270041544064438,1.33291878025252,29,NA,NA,NA
"real","GTM_ARG",-0.430290576785433,1.16795993244898,30,NA,NA,NA
"real","GTM_BHR",-0.363836244920695,1.03347447718456,30,NA,NA,NA
"real","GTM_BOL",-0.729226708278812,1.14673404308605,30,NA,NA,NA
"real","GTM_LBY",-1.94144818901015,4.9573629019004,16,NA,NA,NA
"real","GTM_LKA",-2.24689554120302,9.48016610539365,27,NA,NA,NA
"real","GTM_MDG",-2.0914721831449,4.82881040641221,17,NA,NA,NA
"real","GTM_NPL",-0.772156983024133,2.28490786957181,24,NA,NA,NA
"real","GTM_PER",-0.34590953322924,1.62499587430256,30,NA,NA,NA
"real","GTM_PRY",-0.887011872174058,2.02890071067151,30,NA,NA,NA
"real","GTM_TUN",-3.3204078036624,10.6268950017741,28,NA,NA,NA
"real","GTM_YEM",-0.615688817095742,1.01814677033837,27,NA,NA,NA
"real","GUY_MDG",-1.08615643803868,5.83870576527033,22,NA,NA,NA
"real","HND_CHL",-0.749810402066962,1.86579337985558,17,NA,NA,NA
"real","HND_DZA",-1.59771996474594,5.62775094499163,27,NA,NA,NA
"real","HTI_BHS",-0.695762415583224,1.85672945714561,9,NA,NA,NA
"real","HTI_ECU",-0.115118527912221,2.82142749454592,25,NA,NA,NA
"real","HTI_GTM",-1.24126057903853,3.01266806660213,26,NA,NA,NA
"real","HTI_KOR",-1.71410935971349,3.41678109141054,25,NA,NA,NA
"real","HUN_CRI",-0.235931198495059,1.2413886329479,22,NA,NA,NA
"real","HUN_MDG",-0.109993404348764,0.871005741751319,21,NA,NA,NA
"real","HUN_MUS",-1.73108446762815,3.18036360858107,20,NA,NA,NA
"real","HUN_MWI",-0.229847209247725,1.26236634987404,29,NA,NA,NA
"real","HUN_PER",-0.112055417142307,1.43665179968017,22,NA,NA,NA
"real","IDN_BHS",-0.738649503426313,1.54851688662035,30,NA,NA,NA
"real","IDN_GRD",-0.379656053878086,0.83863922862216,28,NA,NA,NA
"real","IDN_ISR",-0.84903715591073,2.63488122498015,28,NA,NA,NA
"real","IDN_MUS",-0.476853870099014,1.66640894460583,30,NA,NA,NA
"real","IDN_MWI",-1.01137788912871,3.46363476724871,30,NA,NA,NA
"real","IDN_SLE",-0.468394111947686,0.969798686277996,30,NA,NA,NA
"real","IDN_SYC",-0.354066981413001,0.723598072801281,29,NA,NA,NA
"real","IDN_TGO",-0.531033486868585,1.96169362207146,30,NA,NA,NA
"real","IND_ATG",-0.698281515157414,2.95886191757835,30,NA,NA,NA
"real","IND_BWA",-1.09784852573168,3.28687347118149,29,NA,NA,NA
"real","IND_KIR",0.0399273343849813,1.65923761923898,30,NA,NA,NA
"real","IND_SHN",-0.533445860258671,3.61738130977787,30,NA,NA,NA
"real","IND_SPM",-3.02445837964439,7.08895135550143,23,NA,NA,NA
"real","IND_TUV",-1.4503451102929,6.15947572829836,25,NA,NA,NA
"real","IND_VUT",-0.19815147004453,1.4251884424914,30,NA,NA,NA
"real","IND_WSM",-0.232538821687819,1.39966590893058,29,NA,NA,NA
"real","IOT_MDG",0.256484752804472,10.0364773620191,11,NA,NA,NA
"real","IOT_MEX",-0.35335472966415,2.68632040153336,18,NA,NA,NA
"real","IOT_MYS",0.533845720480367,1.55475346378113,11,NA,NA,NA
"real","IRL_GAB",0.0124751776214681,1.7023821805372,30,NA,NA,NA
"real","IRL_MDG",0.233836654561105,1.93941311452433,21,NA,NA,NA
"real","IRL_MWI",0.0683023614089848,0.299963108364533,30,NA,NA,NA
"real","IRL_PNG",-0.914933260201051,3.26005139942139,18,NA,NA,NA
"real","IRL_SEN",-0.118756227830238,1.81458421627294,30,NA,NA,NA
"real","IRN_GTM",-2.83622015175593,2.92342625445814,27,NA,NA,NA
"real","IRN_MDG",-1.13609774922607,6.04012909629272,30,NA,NA,NA
"real","IRN_MUS",-0.898265785368236,1.44637863344857,30,NA,NA,NA
"real","IRN_URY",-2.43048535560305,8.28943140549003,29,NA,NA,NA
"real","IRQ_MDG",-2.58579194892548,14.8126575747311,14,NA,NA,NA
"real","IRQ_MUS",-0.0312308834580491,13.055121717128,9,NA,NA,NA
"real","ISL_BEN",-1.30062083385707,3.06648419476245,19,NA,NA,NA
"real","ISL_CPV",-1.87785814715057,8.45577180260972,17,NA,NA,NA
"real","ISL_LKA",-0.733765237202592,2.37836877989258,26,NA,NA,NA
"real","ISL_SDN",-0.574326177254142,2.41503165497012,23,NA,NA,NA
"real","ISR_LKA",-0.093982553005925,0.306860503328063,30,NA,NA,NA
"real","ISR_MAC",-0.337706613090424,1.65987458326383,30,NA,NA,NA
"real","ISR_MDG",-0.240501769055562,0.693901300293879,30,NA,NA,NA
"real","ISR_MYS",-1.78126148896203,7.12374074797179,26,NA,NA,NA
"real","ITA_ATG",-0.818312143872495,4.52115062243814,15,NA,NA,NA
"real","ITA_BWA",-0.482975666004278,2.65849348325472,20,NA,NA,NA
"real","ITA_DMA",-0.515018205614652,1.88934857188538,17,NA,NA,NA
"real","ITA_GUY",-0.794849604956251,1.80945786463751,16,NA,NA,NA
"real","ITA_KHM",-0.498313644116275,0.683958517107951,28,NA,NA,NA
"real","ITA_KIR",-0.90278900153789,4.27124979180074,26,NA,NA,NA
"real","ITA_SWZ",-0.504270334353537,1.90337588627216,16,NA,NA,NA
"real","ITA_VUT",-0.457549431462261,1.55637251402744,27,NA,NA,NA
"real","JAM_ARG",-2.31012256627761,3.53765113932385,30,NA,NA,NA
"real","JAM_CHL",-0.852047486221171,3.03688047853527,30,NA,NA,NA
"real","JAM_MEX",-0.0255398878119334,0.714071733633042,30,NA,NA,NA
"real","JAM_MWI",-0.986476018817983,3.06915881875862,20,NA,NA,NA
"real","JAM_TUR",-0.902182068891255,2.07556442534507,30,NA,NA,NA
"real","JOR_BGR",-1.42030299080012,6.84396673432524,16,NA,NA,NA
"real","JOR_BRA",-0.274978507777185,1.06869643238269,30,NA,NA,NA
"real","JOR_CHL",-1.23498981609714,4.01127100159217,30,NA,NA,NA
"real","JOR_MDG",-1.20100721899087,5.40578291914351,27,NA,NA,NA
"real","JOR_POL",-1.35586966768801,3.95701841634426,11,NA,NA,NA
"real","JOR_PRT",-0.673101421730167,1.68475466184154,11,NA,NA,NA
"real","JPN_BWA",-0.280041740423425,1.07311479327833,22,NA,NA,NA
"real","JPN_IOT",-0.783506432392473,4.93474911850748,15,NA,NA,NA
"real","KEN_BWA",0.261116437461808,1.70114032348096,30,NA,NA,NA
"real","KEN_CHL",-1.24579397075032,3.86717233049441,30,NA,NA,NA
"real","KEN_COG",-1.59512030861084,5.43389465954853,27,NA,NA,NA
"real","KEN_COL",-0.648554786509022,2.39528188746005,28,NA,NA,NA
"real","KEN_CPV",-1.84974598721416,8.09490197513328,18,NA,NA,NA
"real","KEN_CYP",-0.41934533297886,0.681240428412859,30,NA,NA,NA
"real","KEN_GNQ",-2.02158107771587,4.44562570153776,12,NA,NA,NA
"real","KEN_HUN",-0.322602999420316,1.63661086475099,30,NA,NA,NA
"real","KEN_IRN",-0.947751142499938,3.08193264632184,27,NA,NA,NA
"real","KEN_KWT",-0.331494586415221,0.595656683743589,29,NA,NA,NA
"real","KEN_LBN",-0.117951568351283,0.729689593976563,28,NA,NA,NA
"real","KEN_LBR",-0.835940599920392,2.8578870030645,20,NA,NA,NA
"real","KEN_MEX",-0.445028637840413,1.38985755449207,29,NA,NA,NA
"real","KEN_PHL",-0.366941925908776,1.82116974491768,30,NA,NA,NA
"real","KEN_QAT",-1.62987982718523,2.24530129116386,27,NA,NA,NA
"real","KEN_SYC",-0.297342787215918,0.683876823591337,10,NA,NA,NA
"real","KEN_YEM",-0.3093942892732,0.554644933625505,28,NA,NA,NA
"real","KHM_AUT",-0.538228260517128,1.28790729116463,28,NA,NA,NA
"real","KHM_BGD",-0.863905367959234,3.00803136906996,24,NA,NA,NA
"real","KHM_CHL",-1.47770093469312,3.36710199470523,24,NA,NA,NA
"real","KHM_DNK",-0.414944607702271,1.29643263168961,30,NA,NA,NA
"real","KHM_GRC",-0.31880881530627,0.826796693584006,28,NA,NA,NA
"real","KHM_IND",0.560183742878909,4.1060787561714,16,NA,NA,NA
"real","KHM_LKA",-0.0866752378562426,1.7489135725668,28,NA,NA,NA
"real","KHM_MEX",-0.675619832873731,1.54269798192001,29,NA,NA,NA
"real","KHM_NZL",-0.49124443348433,0.913305800050937,17,NA,NA,NA
"real","KHM_PRT",-1.10239904292429,2.86600776630284,29,NA,NA,NA
"real","KIR_DEU",-0.856964007009187,4.23594767617492,26,NA,NA,NA
"real","KIR_ESP",-2.98174443801512,6.96966504106083,13,NA,NA,NA
"real","KIR_IND",-2.37206420736469,18.3921342075511,11,NA,NA,NA
"real","KIR_ITA",-0.252124794426159,3.23582805961759,13,NA,NA,NA
"real","KIR_MYS",-1.52108468703632,4.65678090184512,17,NA,NA,NA
"real","KNA_NLD",-0.424041651883087,4.07715076422504,15,NA,NA,NA
"real","KOR_ESH",-3.14904710736758,7.15489973343634,17,NA,NA,NA
"real","KWT_AUT",-3.37407137666819,4.16027543999933,27,NA,NA,NA
"real","KWT_CHL",-3.44085310119387,10.8950632277798,21,NA,NA,NA
"real","KWT_COL",-1.49148491771256,7.99435852850094,25,NA,NA,NA
"real","KWT_LKA",-0.742476112382277,5.03325198090603,29,NA,NA,NA
"real","KWT_MEX",-2.14906506349624,8.67922006973849,25,NA,NA,NA
"real","KWT_MWI",-2.91994830261873,6.95509092994426,22,NA,NA,NA
"real","LAO_CHL",-0.686921835691759,2.70033406704279,22,NA,NA,NA
"real","LAO_PAK",-1.43593250718167,3.46456331913844,20,NA,NA,NA
"real","LAO_TUR",-0.743332314567525,3.38274958409086,29,NA,NA,NA
"real","LBN_BRA",-0.511095443278215,1.25495872530401,30,NA,NA,NA
"real","LBN_CHL",-0.0768433947961118,1.03406046011862,30,NA,NA,NA
"real","LBN_CMR",-0.510763883643765,2.48024456772093,26,NA,NA,NA
"real","LBN_MEX",0.189457594899474,0.642598950696158,30,NA,NA,NA
"real","LBN_PAK",-1.05419959897744,2.78737197816708,25,NA,NA,NA
"real","LBN_ROU",-0.360129468622362,1.74966982006733,16,NA,NA,NA
"real","LBR_AUS",-1.31326527154354,3.79712962370548,25,NA,NA,NA
"real","LBR_FIN",-3.14294035149173,11.3392821811101,21,NA,NA,NA
"real","LBR_LKA",-0.911419065968397,5.27418094039902,10,NA,NA,NA
"real","LBR_MLT",-5.35755806726859,9.53575691765714,13,NA,NA,NA
"real","LBR_PAK",-3.33196512586062,6.60223944448885,23,NA,NA,NA
"real","LBR_VEN",-2.48422134640562,8.7489321959786,16,NA,NA,NA
"real","LBY_CAN",-3.04868709194376,18.645384371616,23,NA,NA,NA
"real","LBY_GBR",-1.28714519280706,6.42173106447687,30,NA,NA,NA
"real","LBY_HUN",-3.80137820275742,10.6230086970262,24,NA,NA,NA
"real","LBY_MLT",-0.869184741775289,2.80399558463582,30,NA,NA,NA
"real","LCA_AUT",-1.35068552233156,5.45367146335137,13,NA,NA,NA
"real","LCA_CHL",-1.40600653636533,5.1665793060519,20,NA,NA,NA
"real","LCA_MEX",-0.643034381977637,2.07956002101973,28,NA,NA,NA
"real","LKA_ALB",-2.82127963028749,5.76520527260556,28,NA,NA,NA
"real","LKA_ANT",-3.00830685739123,6.89478942281712,17,NA,NA,NA
"real","LKA_ATG",-0.383180042325899,1.59987301699989,29,NA,NA,NA
"real","LKA_BHS",-0.245808854095415,1.07238363710274,29,NA,NA,NA
"real","LKA_BMU",-0.230392559637366,1.64997135650094,27,NA,NA,NA
"real","LKA_BRN",-0.203967203447114,1.51712197004499,30,NA,NA,NA
"real","LKA_CAF",-2.21050420006217,5.51241888058796,16,NA,NA,NA
"real","LKA_DMA",-0.969922901955369,2.05840976758146,28,NA,NA,NA
"real","LKA_GAB",-0.293663920143017,1.08138874737168,23,NA,NA,NA
"real","LKA_GIB",-0.853877086282724,2.801954337586,17,NA,NA,NA
"real","LKA_MWI",-0.802411365563092,0.852064986136884,28,NA,NA,NA
"real","LKA_SLB",-1.46656359700978,3.23948437839809,22,NA,NA,NA
"real","LKA_TCD",-0.712800479694604,5.40232009498068,12,NA,NA,NA
"real","LKA_TGO",-0.898492510067568,3.14778780963556,26,NA,NA,NA
"real","LKA_VEN",-0.137865021058432,1.22699540176403,8,NA,NA,NA
"real","LSO_JPN",-0.522013432249625,2.17131201484613,23,NA,NA,NA
"real","MAC_MDG",-1.32760177188006,4.54963649955038,21,NA,NA,NA
"real","MAC_MEX",-0.84200800020545,2.85451161280141,30,NA,NA,NA
"real","MAC_NOR",-0.390097400583652,0.934080552440788,30,NA,NA,NA
"real","MAC_TUR",-1.0444044613211,2.41410256904054,30,NA,NA,NA
"real","MAR_MDG",-0.166894998018187,0.257890041952005,30,NA,NA,NA
"real","MAR_MWI",-2.58336589689117,8.26884313177609,20,NA,NA,NA
"real","MDG_ARE",-1.83510084485987,4.68097817498542,30,NA,NA,NA
"real","MDG_ARG",-0.0669140193189756,0.5382374528768,28,NA,NA,NA
"real","MDG_BGD",-0.541229377091163,2.17563700449374,26,NA,NA,NA
"real","MDG_BHS",-1.16357330785517,4.54118524930628,18,NA,NA,NA
"real","MDG_COG",-0.634008742100451,3.21342230787705,24,NA,NA,NA
"real","MDG_ECU",-0.125885212527191,0.697275906264062,20,NA,NA,NA
"real","MDG_HUN",-1.15261697742189,10.7385843668209,21,NA,NA,NA
"real","MDG_IDN",-2.10331107362423,6.10404248477561,30,NA,NA,NA
"real","MDG_ISR",-0.167161748523396,0.766610865435515,28,NA,NA,NA
"real","MDG_MRT",-1.28040839178197,8.02040174051845,16,NA,NA,NA
"real","MDG_PAN",-1.60581552276952,8.9242787794723,29,NA,NA,NA
"real","MDG_POL",-0.116169602120345,2.14463982583844,21,NA,NA,NA
"real","MDG_PYF",-0.251513729402892,0.823785543169931,29,NA,NA,NA
"real","MDG_SOM",-2.57331014171999,11.0403462744265,8,NA,NA,NA
"real","MDG_SYC",-0.291462587910015,0.945442191806812,10,NA,NA,NA
"real","MDG_SYR",-0.565123217975713,1.61732777447703,21,NA,NA,NA
"real","MDG_VEN",-1.72271978938214,2.77997788273768,24,NA,NA,NA
"real","MDV_FIN",-1.99685465524346,7.0044936331706,23,NA,NA,NA
"real","MDV_MEX",-1.54298085588057,3.33651055620719,17,NA,NA,NA
"real","MDV_TUR",-1.78451708940417,4.66550611809294,22,NA,NA,NA
"real","MEX_AFG",-0.692544937299532,2.67362605756026,29,NA,NA,NA
"real","MEX_AGO",-1.32527775241429,3.52487785892683,30,NA,NA,NA
"real","MEX_ALB",-0.745712511026432,2.99405039296567,28,NA,NA,NA
"real","MEX_ANT",-0.854249211608115,2.42603429340667,21,NA,NA,NA
"real","MEX_ATG",-0.187358666685335,0.797683201991974,30,NA,NA,NA
"real","MEX_BDI",-1.35226020804345,6.93599367798035,17,NA,NA,NA
"real","MEX_BMU",-0.588516335840068,4.10162755553468,30,NA,NA,NA
"real","MEX_BRN",-1.45197311461462,3.75129011184959,30,NA,NA,NA
"real","MEX_CAF",-0.907268831516377,4.33275429407286,26,NA,NA,NA
"real","MEX_CCK",-1.10769249984171,2.77082159748751,11,NA,NA,NA
"real","MEX_CIV",-0.365543310254901,1.17976215660888,29,NA,NA,NA
"real","MEX_COG",-0.8947385694737,3.41263899661615,28,NA,NA,NA
"real","MEX_COK",-1.70085248069873,2.91510193888442,14,NA,NA,NA
"real","MEX_COM",-0.913088271989787,4.18977691440657,20,NA,NA,NA
"real","MEX_CPV",-0.928643212378398,3.68578416524633,28,NA,NA,NA
"real","MEX_CXR",-1.37396428856683,8.29828598383832,14,NA,NA,NA
"real","MEX_CYM",-1.15093987679476,13.006361982386,30,NA,NA,NA
"real","MEX_DJI",-0.0540142368316842,2.85400360950652,9,NA,NA,NA
"real","MEX_DMA",-0.651652902408718,2.848511868941,28,NA,NA,NA
"real","MEX_GIB",-0.271865171057213,4.03479185853239,20,NA,NA,NA
"real","MEX_GMB",-1.0807791485228,2.96606766953322,23,NA,NA,NA
"real","MEX_KEN",-1.68881117230899,4.16438688385393,30,NA,NA,NA
"real","MEX_KHM",-1.54608807033112,2.58938249333685,27,NA,NA,NA
"real","MEX_KNA",-1.17396268720604,1.82727139249998,30,NA,NA,NA
"real","MEX_LCA",0.276232937564385,0.494813733990262,30,NA,NA,NA
"real","MEX_MDG",-0.765686634055631,1.85395150034728,30,NA,NA,NA
"real","MEX_MNG",-1.76852678032669,6.41644385722277,21,NA,NA,NA
"real","MEX_MRT",-0.760247607372297,3.31415723033513,25,NA,NA,NA
"real","MEX_MSR",-0.916890188866636,4.50037427156209,17,NA,NA,NA
"real","MEX_MUS",-1.58787118711471,1.66380867364672,28,NA,NA,NA
"real","MEX_MWI",-3.10823817910871,5.29999193597946,25,NA,NA,NA
"real","MEX_NPL",-1.39502508038592,2.99835088851049,25,NA,NA,NA
"real","MEX_PCN",0.423460719224143,2.43236189929332,9,NA,NA,NA
"real","MEX_PNG",-1.52856135362265,3.70874368041387,22,NA,NA,NA
"real","MEX_PRI",-0.0726246109144167,0.668964083081355,9,NA,NA,NA
"real","MEX_PYF",-0.725147577441269,2.23477821229524,30,NA,NA,NA
"real","MEX_QAT",-0.445184542873259,0.983800699272242,29,NA,NA,NA
"real","MEX_RWA",-0.676321803503731,1.03166213552672,17,NA,NA,NA
"real","MEX_SLE",-0.573848475046392,1.74586556676331,18,NA,NA,NA
"real","MEX_STP",-0.509498628404073,1.88300245370092,20,NA,NA,NA
"real","MEX_TCA",-0.542637268457213,4.37231254076455,29,NA,NA,NA
"real","MEX_TCD",-0.55574702738006,5.39229753655729,19,NA,NA,NA
"real","MEX_VGB",-0.819987983851711,3.77020016292086,28,NA,NA,NA
"real","MEX_WSM",-1.17941620911135,4.48014836651369,23,NA,NA,NA
"real","MLI_MEX",-0.513360785044325,5.60413698118955,29,NA,NA,NA
"real","MLI_MYS",-0.843655102563175,2.19467250043545,29,NA,NA,NA
"real","MLT_CHL",0.0457837485572728,1.44635014566431,13,NA,NA,NA
"real","MLT_EGY",-1.21088490341791,4.07813901070307,12,NA,NA,NA
"real","MLT_LKA",-1.03411000842324,1.3927240352608,30,NA,NA,NA
"real","MLT_MDG",-0.710893892335352,3.64301740924718,21,NA,NA,NA
"real","MLT_MEX",-1.80459662056241,5.43314324911853,13,NA,NA,NA
"real","MLT_PRY",-2.25791247957881,5.18977727061214,25,NA,NA,NA
"real","MLT_TUN",-0.865463544452523,1.32297084454277,13,NA,NA,NA
"real","MMR_MUS",-0.0935916637093299,2.04593879366014,30,NA,NA,NA
"real","MNG_MEX",-1.56464505419445,13.0265759102699,25,NA,NA,NA
"real","MNG_NZL",-0.693352106077004,2.36377896649601,26,NA,NA,NA
"real","MNG_TUR",-0.65740799122838,2.79128339600166,27,NA,NA,NA
"real","MRT_CHL",-1.19663447942346,4.45523097903782,21,NA,NA,NA
"real","MRT_THA",-0.401882660257237,2.45624219526753,30,NA,NA,NA
"real","MSR_MEX",-1.74364431804734,3.79563861099717,19,NA,NA,NA
"real","MUS_ARE",-2.03836426197305,5.20020929280145,29,NA,NA,NA
"real","MUS_CHL",-0.364975016464487,1.40914131171868,28,NA,NA,NA
"real","MUS_CHN",-0.60853085492097,2.08248336807844,29,NA,NA,NA
"real","MUS_GRD",-0.677665163295347,2.40103468023715,9,NA,NA,NA
"real","MUS_LKA",-0.528853505820578,1.95468590498956,29,NA,NA,NA
"real","MUS_SYC",-0.598786915445502,1.01994888401396,9,NA,NA,NA
"real","MUS_ZAF",0.0285237615969263,1.23613130889926,9,NA,NA,NA
"real","MWI_GHA",-1.92978726814307,3.0162031741393,25,NA,NA,NA
"real","MWI_KOR",-2.06175931909732,9.16987235406907,26,NA,NA,NA
"real","MWI_PHL",-0.792909108427881,2.91720584001458,30,NA,NA,NA
"real","MWI_THA",-1.18279536016992,5.16530895936734,28,NA,NA,NA
"real","MYS_ABW",-0.0412955381448107,1.06095822357128,30,NA,NA,NA
"real","MYS_AIA",-1.01714573303036,5.13131241177281,24,NA,NA,NA
"real","MYS_ALB",-0.321045916955777,0.606842139850419,30,NA,NA,NA
"real","MYS_AND",-0.826174746356929,3.08775778352417,29,NA,NA,NA
"real","MYS_ATG",-0.659550888758697,1.3797614486526,29,NA,NA,NA
"real","MYS_BDI",-0.781768678989714,2.00359486602057,30,NA,NA,NA
"real","MYS_BFA",-0.733517929893543,1.25919966559676,29,NA,NA,NA
"real","MYS_BMU",0.0489625770787655,1.45110726316945,30,NA,NA,NA
"real","MYS_CAF",-1.3434915902465,3.45779947879684,30,NA,NA,NA
"real","MYS_COG",-1.31473592555684,2.70717869661454,30,NA,NA,NA
"real","MYS_COK",-0.249311717084074,1.46958092384262,26,NA,NA,NA
"real","MYS_COM",-1.08496737571391,2.4452678938529,30,NA,NA,NA
"real","MYS_CPV",-0.641987013925338,1.2370216103839,29,NA,NA,NA
"real","MYS_CYM",-1.76624616242992,1.95909439482056,25,NA,NA,NA
"real","MYS_DMA",-0.125674972614573,0.551330226820637,30,NA,NA,NA
"real","MYS_GAB",-0.848756338698822,1.6006610825197,30,NA,NA,NA
"real","MYS_GMB",-1.32985975230573,4.22642544076592,30,NA,NA,NA
"real","MYS_GNB",-1.32107209247014,4.17669542819488,23,NA,NA,NA
"real","MYS_GRD",-1.20888998261724,1.77750836988227,29,NA,NA,NA
"real","MYS_HTI",-0.127098799639972,0.876355728351125,30,NA,NA,NA
"real","MYS_ISR",-0.815979866298245,2.48972674953205,26,NA,NA,NA
"real","MYS_KIR",-0.16291459976809,0.599893409346349,29,NA,NA,NA
"real","MYS_MLI",-0.260720823547432,0.477993861607464,30,NA,NA,NA
"real","MYS_MRT",-0.426845138836054,0.782845655589438,30,NA,NA,NA
"real","MYS_NFK",-0.679616049682384,2.10552394085105,19,NA,NA,NA
"real","MYS_NIU",0.0801940815487195,5.21336592569903,20,NA,NA,NA
"real","MYS_NRU",0.201790729707003,2.13876147300009,27,NA,NA,NA
"real","MYS_PCN",-0.817137592299464,3.11649375199752,28,NA,NA,NA
"real","MYS_PYF",-0.190656077749474,0.242703923801268,30,NA,NA,NA
"real","MYS_RWA",-1.18973452345909,2.88782713455977,28,NA,NA,NA
"real","MYS_SHN",-0.360992676928313,1.82165929084294,23,NA,NA,NA
"real","MYS_SLV",-0.252362897600071,0.263782601367539,30,NA,NA,NA
"real","MYS_SUR",-0.787686648610721,1.41516658133494,29,NA,NA,NA
"real","MYS_TCA",-0.234862778656383,1.98609595079125,12,NA,NA,NA
"real","MYS_TCD",-1.09133841535133,2.3704977486807,23,NA,NA,NA
"real","MYS_TKL",-0.444307146085164,3.64997974208626,21,NA,NA,NA
"real","MYS_TON",-0.560334555875147,0.710352646974949,30,NA,NA,NA
"real","MYS_VUT",-1.11465842598745,2.29134145608952,30,NA,NA,NA
"real","NAM_AUS",-0.597971339845399,1.70756560219502,28,NA,NA,NA
"real","NAM_AUT",-0.742465927005485,1.91564353612395,25,NA,NA,NA
"real","NAM_ESP",-1.01532826646697,2.53406522593769,25,NA,NA,NA
"real","NAM_FIN",-0.591296961525378,1.78596126916791,20,NA,NA,NA
"real","NAM_JPN",-0.712051185543643,1.65288475172037,30,NA,NA,NA
"real","NAM_SWE",-2.2638969489653,3.34687472669386,23,NA,NA,NA
"real","NAM_TUR",-1.05915873255892,8.37131847162408,24,NA,NA,NA
"real","NAM_USA",-0.560287550798753,2.16687378514313,30,NA,NA,NA
"real","NER_CYP",-1.22844283016392,4.79515682459255,19,NA,NA,NA
"real","NER_IRL",-0.833052499293526,4.42220108807844,28,NA,NA,NA
"real","NER_JPN",-1.51077481755121,5.16462387488529,30,NA,NA,NA
"real","NER_LBY",-0.813251352947053,3.86056440353035,27,NA,NA,NA
"real","NER_MEX",-0.767710103175859,4.24940501645299,22,NA,NA,NA
"real","NER_MYS",-2.33651218964186,3.89516650074992,29,NA,NA,NA
"real","NFK_AUS",0.866777801959088,4.6297460192312,29,NA,NA,NA
"real","NFK_CAN",0.253009760282439,3.89491060534011,26,NA,NA,NA
"real","NFK_NZL",1.20002249265265,5.59590903712525,20,NA,NA,NA
"real","NGA_CRI",-3.77331823074023,9.66872598126967,21,NA,NA,NA
"real","NIC_MUS",-0.253704904415536,2.77709306700505,22,NA,NA,NA
"real","NIC_PRY",-0.898292727018051,2.49418844199828,22,NA,NA,NA
"real","NIU_CAN",1.04161411675864,4.72285877775064,25,NA,NA,NA
"real","NIU_JPN",0.0837044029766293,6.63582346481459,20,NA,NA,NA
"real","NLD_LAO",-0.335977599965964,1.37718644383497,30,NA,NA,NA
"real","NOR_BHS",-0.942489695094032,4.14860116882023,29,NA,NA,NA
"real","NOR_BWA",-1.11826925920474,3.36882844437464,9,NA,NA,NA
"real","NOR_LBR",-0.959089049473982,5.34663986975414,28,NA,NA,NA
"real","NOR_MDG",-0.0490821914841808,0.732531127401469,30,NA,NA,NA
"real","NOR_MWI",-1.4388611466188,2.29287792808739,29,NA,NA,NA
"real","NOR_SLE",-0.30912795475759,1.2628148641648,28,NA,NA,NA
"real","NPL_BRA",-0.334355380619851,0.968286583720667,28,NA,NA,NA
"real","NPL_CHL",-0.44381216291194,2.50397303397534,30,NA,NA,NA
"real","NPL_COL",-0.693280126731659,2.05577427107332,26,NA,NA,NA
"real","NPL_CYP",-0.272484399500456,0.797024895459808,29,NA,NA,NA
"real","NPL_GRC",-0.424989169864248,1.52124850687174,30,NA,NA,NA
"real","NPL_MEX",-0.088120273715281,0.33875379900799,30,NA,NA,NA
"real","NPL_SYC",-0.581208074900022,2.43872925182462,16,NA,NA,NA
"real","NRU_DNK",-0.767986575021405,3.42112130419356,8,NA,NA,NA
"real","NRU_GBR",-0.231635181664588,1.31999908237532,25,NA,NA,NA
"real","NRU_MDG",-0.610872319715645,2.18479082907624,14,NA,NA,NA
"real","NRU_MEX",-0.769602377190652,2.42501748826475,14,NA,NA,NA
"real","NRU_MYS",-0.687075703086213,2.91059163017683,20,NA,NA,NA
"real","NZL_ABW",-0.670837560312794,2.86254464857232,29,NA,NA,NA
"real","NZL_BDI",-0.895412255653771,3.48783673174622,22,NA,NA,NA
"real","NZL_BEN",-1.00326974028044,3.3498118306147,24,NA,NA,NA
"real","NZL_DJI",-0.992691213253228,3.69927705229104,26,NA,NA,NA
"real","NZL_LAO",-0.850312490161034,2.31810753250312,20,NA,NA,NA
"real","NZL_MDG",-1.46946173263729,3.45519655497057,30,NA,NA,NA
"real","NZL_STP",-0.737738190871218,3.55041116001779,10,NA,NA,NA
"real","NZL_TCD",-1.48758890949213,5.15280970508176,15,NA,NA,NA
"real","NZL_UGA",-0.234983517593541,0.707209424983344,30,NA,NA,NA
"real","NZL_VGB",-3.44400331931653,10.3212374509655,23,NA,NA,NA
"real","OMN_CHL",-1.39948077881279,5.06289371740832,29,NA,NA,NA
"real","OMN_GTM",-1.81054396366044,7.98407450341782,17,NA,NA,NA
"real","OMN_MDG",-1.75720918112432,5.04772063787047,26,NA,NA,NA
"real","OMN_NOR",-0.622948852258198,1.23767444623328,23,NA,NA,NA
"real","OMN_SOM",-2.00133236102266,7.00405349985966,28,NA,NA,NA
"real","OMN_ZMB",-1.03494332130711,7.31082288893841,30,NA,NA,NA
"real","OMN_ZWE",-1.98240153923843,10.4073504891183,23,NA,NA,NA
"real","PAK_BLZ",-0.463424486181226,2.43273562923933,27,NA,NA,NA
"real","PAK_BRN",-0.207008378230501,0.814945148248663,30,NA,NA,NA
"real","PAK_CIV",-0.347455173069388,1.01898034925139,29,NA,NA,NA
"real","PAK_COM",-0.86363567565834,2.70303493030057,29,NA,NA,NA
"real","PAK_GNQ",-0.414999355501426,3.29652363109344,18,NA,NA,NA
"real","PAK_LBN",-0.616517261746468,2.35393080887577,30,NA,NA,NA
"real","PAK_LBR",-1.46341443064022,3.94839528588944,27,NA,NA,NA
"real","PAK_LSO",-0.692651178941483,2.03764425710345,28,NA,NA,NA
"real","PAK_MDG",-0.851248238724861,2.78055019286356,30,NA,NA,NA
"real","PAK_MLI",-1.81344031556729,6.67101120497174,27,NA,NA,NA
"real","PAK_MWI",-0.127209271469062,0.846246616532358,27,NA,NA,NA
"real","PAK_PAN",-0.927680982460146,2.43670308391713,29,NA,NA,NA
"real","PAK_PNG",-1.91533063720918,2.97087664607015,25,NA,NA,NA
"real","PAK_RWA",-1.20490722741806,3.18791972050406,25,NA,NA,NA
"real","PAK_SYC",-0.676974102955159,2.07505466459956,30,NA,NA,NA
"real","PAK_TGO",-0.397118964523157,0.874268616511084,29,NA,NA,NA
"real","PAK_YEM",-0.762150058497088,1.37381079895622,30,NA,NA,NA
"real","PAK_ZMB",-0.486724341053244,2.90829358038044,30,NA,NA,NA
"real","PAN_BHS",-0.455596935341376,1.90078838826792,25,NA,NA,NA
"real","PAN_BOL",-0.325051168227121,2.87400706938937,20,NA,NA,NA
"real","PAN_MDG",-1.75670810039213,7.03728166050147,19,NA,NA,NA
"real","PAN_MLT",-2.54004313780387,6.76012287971988,20,NA,NA,NA
"real","PAN_MUS",-0.661022434569842,1.95424222833701,28,NA,NA,NA
"real","PAN_PAK",-1.88006726493488,3.40664048720373,25,NA,NA,NA
"real","PCN_CAN",-0.645945140082384,2.8487974482826,27,NA,NA,NA
"real","PCN_MEX",-1.26463074636548,5.09863485206211,20,NA,NA,NA
"real","PCN_MYS",-2.57827172779154,4.4369488119494,13,NA,NA,NA
"real","PER_ARE",-2.43730573923696,4.0209163993571,30,NA,NA,NA
"real","PER_DMA",-1.29621052447224,3.35724878706299,27,NA,NA,NA
"real","PER_GMB",-0.865398549990696,2.41378804477724,24,NA,NA,NA
"real","PER_GTM",-0.453015419427713,1.47526036822924,30,NA,NA,NA
"real","PER_MDG",-0.168999081281534,3.7000379452487,30,NA,NA,NA
"real","PER_QAT",-1.11119919165581,2.27218119490955,25,NA,NA,NA
"real","PHL_HND",-0.665488171969028,1.72649725979161,26,NA,NA,NA
"real","PHL_MWI",-0.670695984820939,1.58579531767092,25,NA,NA,NA
"real","PNG_CRI",-0.437629562960898,1.69584876365607,10,NA,NA,NA
"real","PNG_MEX",-1.21113045345557,6.40611977766258,21,NA,NA,NA
"real","PNG_PER",-1.20842597901501,5.68397528173199,15,NA,NA,NA
"real","POL_CMR",-0.343862466048101,2.08367981809524,20,NA,NA,NA
"real","POL_LKA",-0.232820582610798,0.450320704530152,30,NA,NA,NA
"real","POL_MDG",0.00970968381472126,0.521633907026346,21,NA,NA,NA
"real","POL_PAK",-0.764192478894665,5.66241600722268,30,NA,NA,NA
"real","POL_VEN",-0.325358129640752,1.3600956883253,27,NA,NA,NA
"real","PRK_AUT",-0.135862403176524,2.06542912278015,26,NA,NA,NA
"real","PRK_MAC",-3.07739884120226,12.6671290211275,22,NA,NA,NA
"real","PRK_MDG",-0.371295051356106,2.76017487722035,30,NA,NA,NA
"real","PRK_SEN",-0.348894758618288,2.20421356464842,29,NA,NA,NA
"real","PRY_ARE",-1.34573288601911,3.29018371989619,24,NA,NA,NA
"real","PRY_BFA",-0.474774641876732,0.601173579773361,14,NA,NA,NA
"real","PRY_BRB",-1.79531962500961,9.48651796195134,17,NA,NA,NA
"real","PRY_CIV",-1.22654950495129,3.2964647969737,27,NA,NA,NA
"real","PRY_DOM",-1.5329135690758,4.36710406679402,30,NA,NA,NA
"real","PRY_IRQ",-1.89973710804806,7.57529501381719,11,NA,NA,NA
"real","PRY_LKA",-2.13294809623624,2.88651171223145,12,NA,NA,NA
"real","PRY_NGA",-2.09752063975261,6.04438306655484,25,NA,NA,NA
"real","PRY_PRK",-0.758581329856655,3.36582028730723,12,NA,NA,NA
"real","PRY_SLV",-0.735960552819072,1.95405853296916,29,NA,NA,NA
"real","PRY_ZAF",0.856956770978387,2.11276142367205,25,NA,NA,NA
"real","PYF_ARG",-0.657224086269895,5.16841672259581,11,NA,NA,NA
"real","PYF_CHL",-0.492039444259562,4.38506893350296,26,NA,NA,NA
"real","PYF_MDG",-0.802884795890457,2.77644714680381,29,NA,NA,NA
"real","PYF_MEX",-0.92208775031939,3.27538963273762,29,NA,NA,NA
"real","PYF_MYS",-1.42983983561478,4.98539346719952,23,NA,NA,NA
"real","QAT_CAN",-1.04409452937274,2.59982620732454,30,NA,NA,NA
"real","QAT_CYP",-1.51263394165532,3.28431092331934,26,NA,NA,NA
"real","QAT_LKA",0.0844023835075107,0.251979611587945,25,NA,NA,NA
"real","QAT_MEX",-1.73940984043786,3.11447177621761,30,NA,NA,NA
"real","QAT_PAK",-2.28574832757607,8.30068044918873,29,NA,NA,NA
"real","ROU_MDG",-0.607783108171772,3.89005674178894,21,NA,NA,NA
"real","ROU_SLE",-0.498220448777478,1.3777825174195,27,NA,NA,NA
"real","ROU_TGO",-1.90142589724595,5.10418424077492,29,NA,NA,NA
"real","ROU_TWN",-0.135029332452688,1.45522765283882,30,NA,NA,NA
"real","RWA_CYP",-3.28230890771079,10.2195269385799,13,NA,NA,NA
"real","RWA_MEX",-2.37814874869983,5.33068837122282,16,NA,NA,NA
"real","RWA_MYS",-1.22537841686388,3.04173818930171,30,NA,NA,NA
"real","RWA_NZL",-1.3457280317835,5.26732750091564,16,NA,NA,NA
"real","RWA_THA",-1.39959703686879,4.84215681734497,23,NA,NA,NA
"real","SAU_CHL",-0.989857837317834,3.80642431402419,29,NA,NA,NA
"real","SAU_CMR",-0.758678414222209,4.16155211376538,29,NA,NA,NA
"real","SAU_FJI",-1.36534988909789,2.63779957414884,25,NA,NA,NA
"real","SAU_IRL",-0.263384136547358,1.94338377297419,30,NA,NA,NA
"real","SAU_MDG",-0.526421791419297,1.11046407760382,30,NA,NA,NA
"real","SAU_MEX",-0.997725610148156,4.04688772709921,30,NA,NA,NA
"real","SAU_MWI",-1.51608045658963,7.71953646704166,29,NA,NA,NA
"real","SAU_PRY",-1.55977862706873,4.43215308390208,28,NA,NA,NA
"real","SEN_BGD",-1.84024710499063,6.68590805311385,24,NA,NA,NA
"real","SEN_COG",-0.398266448185331,1.25850846479808,28,NA,NA,NA
"real","SEN_MDG",-0.475411248139231,1.37764181812431,30,NA,NA,NA
"real","SEN_MLT",-1.40854519990947,1.8639046334968,30,NA,NA,NA
"real","SEN_TUR",-0.795945643016346,1.07974753254269,29,NA,NA,NA
"real","SHN_MYS",-0.664632653781996,1.98046211983561,20,NA,NA,NA
"real","SLB_LKA",-1.79463712297509,4.21184332181923,12,NA,NA,NA
"real","SLE_BGD",-1.87006718238203,14.7564049137344,16,NA,NA,NA
"real","SLE_IDN",-0.754901304505049,2.27679201058257,26,NA,NA,NA
"real","SLE_KOR",-1.07125875184555,1.94049710015438,29,NA,NA,NA
"real","SLE_LKA",-2.51332471565624,3.90848868112672,22,NA,NA,NA
"real","SLE_PAK",-0.419043077196161,1.33614776215387,23,NA,NA,NA
"real","SLV_CHL",-0.146472887325557,0.48265314345475,11,NA,NA,NA
"real","SLV_COL",-0.0652429272209037,0.543160403641975,19,NA,NA,NA
"real","SLV_DZA",-0.377380449517433,1.67600581910109,29,NA,NA,NA
"real","SLV_MDG",-0.463839498728744,2.70986165164794,15,NA,NA,NA
"real","SLV_MYS",-1.40660436941921,3.39794090100649,28,NA,NA,NA
"real","SOM_JOR",-0.185089449114543,1.43332052448837,25,NA,NA,NA
"real","SOM_TUN",-2.68933349772239,6.16757287815676,25,NA,NA,NA
"real","SOM_TWN",-1.89473004847251,3.21636263287272,23,NA,NA,NA
"real","SPM_TUR",-0.352076411794309,2.71029126904275,13,NA,NA,NA
"real","STP_MYS",-0.637154215335588,1.80980477023628,16,NA,NA,NA
"real","SUR_FIN",-0.838076771828725,3.75875052426361,15,NA,NA,NA
"real","SUR_IDN",-1.30177228406815,4.61081310983177,26,NA,NA,NA
"real","SUR_KOR",-1.86267509133897,5.16171901092887,25,NA,NA,NA
"real","SUR_MEX",-1.56181664143373,4.70657347667886,27,NA,NA,NA
"real","SUR_MYS",-1.22865782463089,3.04610427150254,27,NA,NA,NA
"real","SWE_AGO",-1.09780215672928,4.65266300092406,30,NA,NA,NA
"real","SWE_BLZ",-0.334505576072225,1.49299269133203,16,NA,NA,NA
"real","SWE_BOL",-0.36182127819059,1.28254689801335,29,NA,NA,NA
"real","SWE_CAF",-0.500647323011795,1.17241238642284,29,NA,NA,NA
"real","SWE_ECU",-0.137688828465091,1.58340970884934,26,NA,NA,NA
"real","SWE_IRN",-0.723824229678361,5.08927513571698,30,NA,NA,NA
"real","SWE_JOR",-0.757977870726279,6.25666044034287,10,NA,NA,NA
"real","SWE_MDG",-0.227088173173688,0.33596567563905,21,NA,NA,NA
"real","SWE_MUS",-0.29439664604845,1.9532975008159,20,NA,NA,NA
"real","SWE_MWI",-0.278242703118098,0.681313749384068,30,NA,NA,NA
"real","SWE_SOM",-0.543775558119219,2.71215044157546,29,NA,NA,NA
"real","SWE_VEN",-0.546903206344238,2.84830081424374,30,NA,NA,NA
"real","SWZ_CHN",-1.07570409175925,3.51512893197486,21,NA,NA,NA
"real","SWZ_TUR",-1.55102966425198,4.55302793038127,21,NA,NA,NA
"real","SYC_AUT",-1.43818193049543,3.54045616320931,20,NA,NA,NA
"real","SYC_FIN",-1.10477826048299,2.834440983313,19,NA,NA,NA
"real","SYC_ITA",-0.422597357223252,1.83347384713464,18,NA,NA,NA
"real","SYC_LKA",-0.850850611818293,2.8321765688814,23,NA,NA,NA
"real","SYR_ARG",-0.492329151510251,1.61035672543617,29,NA,NA,NA
"real","SYR_BRA",-0.406229657067699,0.753021035397297,30,NA,NA,NA
"real","SYR_CHL",0.0108381971420278,1.21010281776529,30,NA,NA,NA
"real","SYR_MDG",-1.40351507582676,3.33260247742639,20,NA,NA,NA
"real","SYR_MEX",-0.236200457283041,1.10243611136233,30,NA,NA,NA
"real","SYR_MUS",-0.384449969231921,2.28818097756306,26,NA,NA,NA
"real","SYR_PER",-0.657535713574292,3.6372552187114,29,NA,NA,NA
"real","TCA_BGD",-1.85278735288972,3.89999393342781,13,NA,NA,NA
"real","TCA_CHE",-0.602023837313203,3.38015309018122,25,NA,NA,NA
"real","TCA_JPN",-1.5704254878137,3.52036475276868,15,NA,NA,NA
"real","TCA_MEX",-0.666527617566635,3.77070893635886,22,NA,NA,NA
"real","TCD_IND",-2.65677532029005,9.30706452472356,23,NA,NA,NA
"real","TCD_MEX",0.349921647870203,8.87608986334426,25,NA,NA,NA
"real","TCD_MYS",-0.958509662823157,5.61032824795471,24,NA,NA,NA
"real","TGO_CHL",-1.08702956478084,3.34451775897293,10,NA,NA,NA
"real","TGO_KOR",-1.72240468047641,3.42992053042321,30,NA,NA,NA
"real","TGO_MDG",-2.27969246553518,5.41821078945424,22,NA,NA,NA
"real","TGO_MEX",-1.20807446634202,9.07147788568332,25,NA,NA,NA
"real","THA_NAM",0.284024479463688,2.79240064129442,30,NA,NA,NA
"real","TKL_MEX",-2.31483138781685,5.51355005829703,11,NA,NA,NA
"real","TKL_MYS",-0.851936900985822,2.0842282197677,24,NA,NA,NA
"real","TKL_NZL",-1.06515327101969,3.7837673193683,20,NA,NA,NA
"real","TKL_TUR",-1.36672509726518,3.65824446091176,18,NA,NA,NA
"real","TON_MEX",-0.676293241897934,3.39369779138311,12,NA,NA,NA
"real","TON_MYS",-1.73703170562728,2.98573914942795,14,NA,NA,NA
"real","TON_THA",-3.67423426874196,10.0538375533635,23,NA,NA,NA
"real","TTO_CRI",-0.322926246854005,1.21986640426115,30,NA,NA,NA
"real","TTO_CYP",-2.00558729229796,10.8606001814627,16,NA,NA,NA
"real","TTO_TWN",-1.69542101836264,5.88410286439918,29,NA,NA,NA
"real","TUN_GNB",-0.638639819876107,1.4001250969862,28,NA,NA,NA
"real","TUN_MDG",-0.167818093317681,1.44399097674689,27,NA,NA,NA
"real","TUN_MRT",-0.0344319485496604,0.608970660805366,30,NA,NA,NA
"real","TUR_BHS",-0.723352001523858,2.32282546175399,30,NA,NA,NA
"real","TUR_CPV",-0.543619323749858,2.08997415338944,30,NA,NA,NA
"real","TUR_CUB",-0.641963197103084,1.41501609427239,30,NA,NA,NA
"real","TUR_GUY",-0.780164580093783,1.28605372568611,29,NA,NA,NA
"real","TUR_LAO",-0.489116338803966,1.86369201734377,27,NA,NA,NA
"real","TUR_MMR",-1.13349441674624,2.84733238872397,27,NA,NA,NA
"real","TUR_MOZ",-0.889900862608542,3.76726156635988,30,NA,NA,NA
"real","TUR_MWI",-0.690166774197575,1.88789804202796,30,NA,NA,NA
"real","TUR_NAM",-0.536455766467619,2.80841349680745,23,NA,NA,NA
"real","TUV_CHN",-2.86760378245377,14.3935550475314,13,NA,NA,NA
"real","TUV_ITA",0.188536165626792,3.36930172962459,18,NA,NA,NA
"real","TWN_AGO",-0.181085676140071,0.427296652476693,26,NA,NA,NA
"real","TWN_COG",-0.218319241332703,1.03405766628415,27,NA,NA,NA
"real","TWN_GNB",-3.00068369282485,6.06628351225175,21,NA,NA,NA
"real","TWN_IRN",-0.820069796715223,6.28921137456847,25,NA,NA,NA
"real","TWN_LBN",-1.73335023658551,11.680249836263,30,NA,NA,NA
"real","TWN_MDG",-0.0611393544908789,0.233491463337191,30,NA,NA,NA
"real","TWN_NPL",-0.883416802641448,4.5538482789498,27,NA,NA,NA
"real","TWN_POL",-0.508093744829765,3.70428941238373,28,NA,NA,NA
"real","TWN_QAT",-1.06543836612975,6.42211362901805,27,NA,NA,NA
"real","TWN_TON",-1.16509057218101,4.15982244543573,30,NA,NA,NA
"real","TWN_WSM",-0.578136715365018,4.00864625755301,26,NA,NA,NA
"real","URY_MDG",-0.99620060959571,1.83754857940973,18,NA,NA,NA
"real","URY_MWI",-4.08906710468383,13.4167530423102,11,NA,NA,NA
"real","URY_NIC",-1.0401003311408,2.17284967739426,29,NA,NA,NA
"real","URY_VNM",-0.485461424960404,0.72231036705327,26,NA,NA,NA
"real","USA_ALB",0.0554170881391416,0.424405848295659,30,NA,NA,NA
"real","USA_NAM",-0.100062633597194,0.63717523299451,29,NA,NA,NA
"real","USA_TCD",-0.303872623112114,0.884315002790108,30,NA,NA,NA
"real","VCT_SGP",-3.51905716645285,11.8676065542848,22,NA,NA,NA
"real","VCT_TUR",-2.29052813942249,9.87249030068516,19,NA,NA,NA
"real","VEN_ATG",-1.18483144509596,5.65681603015577,27,NA,NA,NA
"real","VEN_BRB",-1.47277432732642,5.98393189430066,30,NA,NA,NA
"real","VEN_CRI",-0.991777559498214,5.21038374705673,30,NA,NA,NA
"real","VEN_GTM",-0.448674747146063,3.46674584380248,30,NA,NA,NA
"real","VEN_HND",-1.22207765337287,5.85003891881376,28,NA,NA,NA
"real","VEN_JAM",-0.754764685093648,1.65048256806061,30,NA,NA,NA
"real","VEN_PAN",-1.25440718844215,10.7441721633177,20,NA,NA,NA
"real","VEN_SAU",-0.828805384927515,2.9242339224799,30,NA,NA,NA
"real","VGB_BGD",-1.64193830283663,9.68157663861976,15,NA,NA,NA
"real","VGB_ESP",-0.910720405468745,4.29652754399159,15,NA,NA,NA
"real","VGB_MEX",-1.08706719364949,8.46221889388817,25,NA,NA,NA
"real","VGB_MYS",-0.997482446786518,2.76465566220661,22,NA,NA,NA
"real","VNM_MAC",-0.35767879392417,1.27885268090836,29,NA,NA,NA
"real","VNM_MDG",-0.0409525957930659,2.77052081778197,30,NA,NA,NA
"real","VNM_MUS",-1.17125466447645,1.40567175683675,30,NA,NA,NA
"real","VUT_CAN",-1.14816990292155,2.66829300170637,25,NA,NA,NA
"real","VUT_CHL",-1.72058446211929,3.99458389892655,23,NA,NA,NA
"real","VUT_MEX",-1.99299178977917,9.06867987209394,15,NA,NA,NA
"real","WLF_MEX",-1.0227100916337,2.825577861678,13,NA,NA,NA
"real","WLF_TUR",-1.04202690830809,2.80771976665619,8,NA,NA,NA
"real","WSM_FIN",-1.49378702037104,5.47922326501957,8,NA,NA,NA
"real","WSM_GBR",-1.02591613437556,2.48716052981362,26,NA,NA,NA
"real","WSM_MEX",-0.260427196161381,2.98507441135534,14,NA,NA,NA
"real","WSM_MYS",-1.49804608947449,7.88311641195747,19,NA,NA,NA
"real","ZAF_DNK",-0.555880059248442,3.1280812860779,8,NA,NA,NA
"real","ZAF_MUS",0.00575868818525624,0.0835557510609862,9,NA,NA,NA
"real","ZAF_PRY",-0.0363551119084206,1.10963178344584,21,NA,NA,NA
"real","ZAF_ZWE",-0.504098395561482,0.999553572518652,9,NA,NA,NA
"real","ZMB_BWA",-0.695706492470286,2.33659871414227,8,NA,NA,NA
"real","ZMB_CMR",-1.59727685835737,5.83980960075269,17,NA,NA,NA
"real","ZMB_LKA",-2.98992794985732,9.29496064072526,21,NA,NA,NA
"real","ZMB_MEX",-1.22733437670243,11.0994028569963,27,NA,NA,NA
"real","ZMB_MLT",-3.34995953406671,14.1594258728324,13,NA,NA,NA
"real","ZWE_ATG",-1.18205289126064,3.72402663797868,10,NA,NA,NA
"real","ZWE_BWA",-0.112275173568162,0.223070380369057,9,NA,NA,NA
"real","ZWE_CIV",-1.48318157288777,4.92721034380813,29,NA,NA,NA
"real","ZWE_COG",-1.95668938017234,5.75406582073363,28,NA,NA,NA
"real","ZWE_CPV",-2.15073914796131,6.35536523269735,13,NA,NA,NA
"real","ZWE_DMA",-1.54769291296176,5.90175198982722,13,NA,NA,NA
"real","ZWE_ISR",-1.05644003953001,3.99058335404925,30,NA,NA,NA
"real","ZWE_MAC",-1.0495206402556,7.63777931809482,17,NA,NA,NA
"real","ZWE_NER",-2.05210142296394,5.6699967979635,15,NA,NA,NA
"real","ZWE_POL",-0.197747915555436,0.734893486503722,21,NA,NA,NA
"real","ZWE_SYC",-0.575627881137078,2.49126152490098,9,NA,NA,NA
"real","ZWE_ZAF",0.0107560396335992,0.0660272964478795,9,NA,NA,NA
"real","ABW_COL",-0.210532317914759,2.16073205356703,28,NA,NA,NA
"real","ABW_TTO",-2.13947621504337,8.37440740099389,24,NA,NA,NA
"real","ABW_USA",-1.0674039773648,1.71366583721888,29,NA,NA,NA
"real","AFG_ARE",-2.33448984104579,7.00528777830794,19,NA,NA,NA
"real","AFG_BGD",-3.41423216016587,13.5791579398833,13,NA,NA,NA
"real","AFG_BRB",-1.10842902369875,3.88484017038581,24,NA,NA,NA
"real","AFG_CHL",-0.661963110657896,3.48089234168373,28,NA,NA,NA
"real","AFG_CHN",-0.303711860598255,1.60479534406585,29,NA,NA,NA
"real","AFG_ECU",-1.53929835711048,8.29159987582324,24,NA,NA,NA
"real","AFG_MLT",-1.30871506774934,5.1227385575344,19,NA,NA,NA
"real","AFG_QAT",-0.481333949797621,2.7354683609157,16,NA,NA,NA
"real","AGO_IND",-2.53614649196331,26.335758868609,18,NA,NA,NA
"real","AGO_TTO",-3.64031540191572,15.7093271700091,15,NA,NA,NA
"real","AIA_AUS",-1.02025553156319,3.18226771834638,20,NA,NA,NA
"real","AIA_MYS",-0.917801042599069,2.51671898737284,13,NA,NA,NA
"real","AIA_USA",-0.577014480746877,2.96497673397295,29,NA,NA,NA
"real","ALB_BOL",-1.11342154103288,5.7355022611595,28,NA,NA,NA
"real","ALB_ECU",-0.606976531066583,5.77210443575554,22,NA,NA,NA
"real","ALB_GUY",-2.01482321833856,16.0424553559723,8,NA,NA,NA
"real","ALB_KOR",-1.94156163562838,8.74297807964391,25,NA,NA,NA
"real","ALB_LKA",-0.173649689807787,1.53122037566921,19,NA,NA,NA
"real","ALB_MAC",-1.00886047334249,3.24213552990345,16,NA,NA,NA
"real","ALB_TUN",-1.03313680001332,3.81389297683057,24,NA,NA,NA
"real","AND_CHL",-0.597961548850549,1.83322014330916,28,NA,NA,NA
"real","AND_TUN",-0.812403295018223,4.22764818628455,26,NA,NA,NA
"real","AND_TUR",-0.519668004265247,4.7769200166666,23,NA,NA,NA
"real","AND_USA",-0.706696443391988,2.45300591348226,29,NA,NA,NA
"real","ANT_COL",0.159309862047723,0.813524649752558,20,NA,NA,NA
"real","ANT_ECU",-0.410561375205906,1.7969476392979,19,NA,NA,NA
"real","ANT_GUY",-0.478305614308087,1.47361710787712,16,NA,NA,NA
"real","ANT_IDN",-1.0192263918286,4.76914347241193,20,NA,NA,NA
"real","ANT_JAM",-0.257377846327623,0.974000500428956,18,NA,NA,NA
"real","ANT_TTO",-0.0759481239169232,0.584531412419182,20,NA,NA,NA
"real","ANT_TUN",-0.520316964026999,3.03542051057941,19,NA,NA,NA
"real","ANT_USA",-0.115198767593576,0.284260301329939,19,NA,NA,NA
"real","ARE_COG",-0.939845380811299,5.42853262717813,19,NA,NA,NA
"real","ARE_COM",-0.736785057367165,2.16972951733004,28,NA,NA,NA
"real","ARE_IRL",0.018537578488912,1.48422152550898,29,NA,NA,NA
"real","ARE_IRN",-0.85658630217009,3.71020174814647,24,NA,NA,NA
"real","ARE_MAC",-0.544903196823961,1.50043107581094,26,NA,NA,NA
"real","ARE_MUS",-0.932994938972954,2.85151976388933,29,NA,NA,NA
"real","ARE_PER",-1.12781836222587,2.42926276540598,28,NA,NA,NA
"real","ARE_RWA",-0.549000283367933,3.52938182624408,25,NA,NA,NA
"real","ARE_SOM",-0.791685480953661,1.92598671035406,16,NA,NA,NA
"real","ARE_TTO",-1.85208136440201,5.17339687514404,28,NA,NA,NA
"real","ARE_TZA",-0.450621474122879,2.11945905754478,28,NA,NA,NA
"real","ARE_UGA",-0.145515202998119,1.37407636623296,27,NA,NA,NA
"real","ARG_ALB",-0.82737734310303,2.59240433724376,25,NA,NA,NA
"real","ARG_KNA",-0.699747093160635,1.21702610201515,28,NA,NA,NA
"real","ARG_MRT",-1.49002963241406,3.94182613762169,27,NA,NA,NA
"real","ATF_MEX",-0.0628644864432387,2.29114959331594,10,NA,NA,NA
"real","ATF_USA",-0.0689372486835878,2.40165331986597,24,NA,NA,NA
"real","ATG_ARE",0.420646116462504,7.38871740613225,12,NA,NA,NA
"real","ATG_AUS",-0.66302580242887,5.85177004550582,23,NA,NA,NA
"real","ATG_KOR",-0.528931743098314,7.14417529407016,24,NA,NA,NA
"real","ATG_VEN",-0.220524219030567,7.41967892286588,20,NA,NA,NA
"real","AUS_FRO",-0.569767480346886,0.642687705149345,15,NA,NA,NA
"real","AUS_GNQ",-0.770569647887717,2.83741432088571,24,NA,NA,NA
"real","AUT_GUY",-0.0951928394331052,0.372862858404855,15,NA,NA,NA
"real","AUT_JAM",-0.299396473296475,0.558653360092543,16,NA,NA,NA
"real","AUT_LBR",-0.378155524559164,1.10877468305453,27,NA,NA,NA
"real","AUT_QAT",-0.787466196328914,3.16260377010804,29,NA,NA,NA
"real","AUT_SLV",-0.0999543296401605,0.515770618929675,19,NA,NA,NA
"real","AUT_TTO",-0.0125324717922092,0.135658640699257,16,NA,NA,NA
"real","BDI_BOL",-2.424707609458,10.2738663034848,14,NA,NA,NA
"real","BDI_KOR",-1.71384315763693,6.01274349940451,17,NA,NA,NA
"real","BDI_MYS",-1.42232835807417,3.48554965299764,18,NA,NA,NA
"real","BEN_IRL",-2.37749935494908,13.324733387375,27,NA,NA,NA
"real","BFA_FIN",-0.656397474224037,2.28203461221924,27,NA,NA,NA
"real","BFA_MUS",-0.839757640060563,9.34822753867079,29,NA,NA,NA
"real","BGD_BRN",-1.04221739547071,1.9851713769807,25,NA,NA,NA
"real","BGD_CIV",-0.208452426079581,1.78861203358086,28,NA,NA,NA
"real","BGD_GNQ",0.914809829944947,8.46138248993118,8,NA,NA,NA
"real","BGD_NER",0.129203984110278,3.35116895338595,24,NA,NA,NA
"real","BGD_SLV",-0.819375896308228,1.35742319451618,24,NA,NA,NA
"real","BGR_COL",0.0866359618594525,0.49694970322406,21,NA,NA,NA
"real","BGR_GUY",-1.1838845001203,2.8738632458612,12,NA,NA,NA
"real","BGR_KOR",0.00644353547014897,0.164964121079004,19,NA,NA,NA
"real","BGR_MAC",-0.970243301377896,1.71479934754807,28,NA,NA,NA
"real","BGR_NIC",-0.832656639073596,2.74388875994916,19,NA,NA,NA
"real","BGR_PER",-0.213318281441946,1.1982132492593,20,NA,NA,NA
"real","BGR_SYC",-2.91469902509019,6.66467719551319,13,NA,NA,NA
"real","BGR_TTO",-1.9839105252608,2.0551428998265,15,NA,NA,NA
"real","BGR_VEN",-0.313016354740959,0.661396971987554,28,NA,NA,NA
"real","BHR_COL",-1.42516233744208,5.47384923264986,29,NA,NA,NA
"real","BHR_MWI",-1.56885485091526,3.92841716958381,23,NA,NA,NA
"real","BHR_USA",-0.0669624974944185,0.0385176006419674,14,NA,NA,NA
"real","BHS_ARE",-0.680957303644854,2.53520561243375,14,NA,NA,NA
"real","BHS_BGD",-1.55792805065537,10.8230845639709,16,NA,NA,NA
"real","BHS_COL",-2.34172334808507,6.06652229081029,29,NA,NA,NA
"real","BHS_ECU",-2.95204209041178,7.23037449521026,29,NA,NA,NA
"real","BHS_LKA",-2.49013321523151,6.52564668928797,13,NA,NA,NA
"real","BHS_MUS",-1.5958818698674,4.05922502414416,27,NA,NA,NA
"real","BHS_PAN",-1.22344740914769,3.00156300172908,25,NA,NA,NA
"real","BHS_SAU",-1.88433691900252,4.22509247096203,21,NA,NA,NA
"real","BHS_TUN",-4.61748352146705,8.61879890873602,21,NA,NA,NA
"real","BLZ_AUS",-1.02104242542646,3.8804588381581,27,NA,NA,NA
"real","BLZ_ECU",-2.42082785481422,5.24447666483796,25,NA,NA,NA
"real","BLZ_ESP",-0.846679258951224,2.22208889772554,16,NA,NA,NA
"real","BLZ_FIN",-5.36805244498389,6.36723587492386,14,NA,NA,NA
"real","BLZ_TUN",-2.28706223591647,7.90463223386304,26,NA,NA,NA
"real","BMU_BGD",-2.05838231030252,9.94997820293074,15,NA,NA,NA
"real","BMU_COL",-0.162131798895305,21.3114052419441,22,NA,NA,NA
"real","BMU_JAM",-0.259810513998902,2.95199757673409,27,NA,NA,NA
"real","BMU_USA",-1.17254989811459,3.47964462118222,29,NA,NA,NA
"real","BOL_BHR",-0.550559956979499,2.25666575249862,14,NA,NA,NA
"real","BOL_JAM",-1.58876445403652,7.38928483748581,26,NA,NA,NA
"real","BOL_ZAF",0.140952477195488,1.30250763534586,27,NA,NA,NA
"real","BRA_MDV",-1.12325663123851,3.48705743686841,26,NA,NA,NA
"real","BRA_MNG",-0.951526453594897,1.44097073636209,26,NA,NA,NA
"real","BRB_ARE",-1.37418869547622,11.1233837003843,20,NA,NA,NA
"real","BRB_ECU",-1.18053891526977,6.35772970885486,25,NA,NA,NA
"real","BRB_PAK",-0.993862625682472,4.94934444573593,22,NA,NA,NA
"real","BRB_SDN",-1.40591165299684,14.9428378401166,16,NA,NA,NA
"real","BRN_FIN",-1.23000366076311,5.80344701625781,26,NA,NA,NA
"real","BRN_IND",-3.36051182250327,10.6608700113686,15,NA,NA,NA
"real","BRN_NZL",-3.2391270071857,18.4075691194634,14,NA,NA,NA
"real","BRN_TUR",-1.12629101497611,4.18954361359682,27,NA,NA,NA
"real","BTN_ECU",-1.77300563533948,13.8400212702489,9,NA,NA,NA
"real","BTN_SWE",-1.09329431887046,4.20063694031019,16,NA,NA,NA
"real","BWA_COD",0.551275809070055,1.75404668373137,24,NA,NA,NA
"real","BWA_MEX",0.428498519089579,4.99972176211573,23,NA,NA,NA
"real","CAN_SLB",-0.296698325078996,0.532324608591507,26,NA,NA,NA
"real","CAN_YEM",-0.196779831633261,0.514829536832871,29,NA,NA,NA
"real","CCK_AUS",-0.796818929299734,3.05491045251719,27,NA,NA,NA
"real","CCK_ESP",-1.09391706375694,5.15427640088819,20,NA,NA,NA
"real","CCK_MEX",-0.677758198721298,2.99140730467515,18,NA,NA,NA
"real","CCK_USA",-0.386596420078684,1.51685887178122,29,NA,NA,NA
"real","CHL_BFA",-1.07019409152595,3.62351300947757,22,NA,NA,NA
"real","CHL_GRL",-0.439182794691313,0.829247957976394,22,NA,NA,NA
"real","CHL_NER",-1.39703155985152,5.76190093956479,25,NA,NA,NA
"real","CHL_SLB",-0.193832398106901,2.0670799416526,13,NA,NA,NA
"real","CHL_SYR",-1.97786679914604,4.94415527782855,27,NA,NA,NA
"real","CHL_TGO",-0.644900563977295,2.35410509294641,27,NA,NA,NA
"real","CHL_TUV",-1.64683910625438,8.77103598275984,11,NA,NA,NA
"real","CHL_VGB",-0.338575423365751,1.45062354456192,16,NA,NA,NA
"real","CHL_VUT",-0.12855285053661,1.69664066091778,22,NA,NA,NA
"real","CHL_WSM",-0.243810407160509,2.08730871110581,28,NA,NA,NA
"real","CHL_YEM",-0.236169978936157,1.053415864162,26,NA,NA,NA
"real","CHN_DMA",-0.323048460502065,1.70214686004636,29,NA,NA,NA
"real","CHN_GRD",-0.271980457754813,0.794164469082504,29,NA,NA,NA
"real","CHN_GUY",-0.114161045325616,0.071058634779385,29,NA,NA,NA
"real","CHN_MDV",-1.28084333762558,1.70799544488752,29,NA,NA,NA
"real","CHN_SLB",-0.620328603818888,0.943788653498969,29,NA,NA,NA
"real","CHN_UGA",-0.393998752647839,0.244124900759797,29,NA,NA,NA
"real","CIV_ARE",-0.461939802565004,0.541365569948926,28,NA,NA,NA
"real","CIV_COL",-1.86040065270861,3.09244397807821,28,NA,NA,NA
"real","CIV_DJI",-1.11873113959977,2.64677269528958,20,NA,NA,NA
"real","CIV_DZA",-0.231466448971411,1.44528116249353,29,NA,NA,NA
"real","CIV_ECU",-0.907002091096497,3.2673523976006,28,NA,NA,NA
"real","CIV_JAM",-0.42851686485489,1.26787199518788,21,NA,NA,NA
"real","CIV_LBY",-1.22442043776493,4.74647102919002,23,NA,NA,NA
"real","CIV_NZL",-0.658361592370628,2.19479842791299,29,NA,NA,NA
"real","CIV_QAT",-0.8637043394855,2.74635615693002,24,NA,NA,NA
"real","CIV_ROU",-0.505695681549076,1.35497867353898,23,NA,NA,NA
"real","CIV_SAU",-0.0699221908494323,0.914920120760117,29,NA,NA,NA
"real","COD_ARE",-3.19311144787561,14.2185367509874,13,NA,NA,NA
"real","COD_HUN",-2.10501021710845,12.5334681669751,27,NA,NA,NA
"real","COD_MLT",-3.29172120614089,5.74989127063451,13,NA,NA,NA
"real","COD_OMN",-0.918646033122853,0.858993006064417,8,NA,NA,NA
"real","COD_SEN",-2.55960759396342,4.78165558599313,24,NA,NA,NA
"real","COG_BRA",-1.8826250624071,8.13167610273686,27,NA,NA,NA
"real","COG_CAN",-1.83595529473037,3.74505671743663,28,NA,NA,NA
"real","COG_GUY",-0.950009921216262,6.73337539025115,8,NA,NA,NA
"real","COG_JOR",-0.280308387478248,0.884470373771265,21,NA,NA,NA
"real","COG_SEN",-1.63473996040962,6.41966859261905,29,NA,NA,NA
"real","COG_SWE",-2.21346315361288,3.7110539410224,29,NA,NA,NA
"real","COG_TUN",-0.146938513620389,1.02279456289908,29,NA,NA,NA
"real","COK_CHN",-0.660347172942523,3.90664148942804,28,NA,NA,NA
"real","COK_ECU",-1.43789089106607,7.9797612466099,10,NA,NA,NA
"real","COL_ABW",-1.00720295091082,1.38198481666754,29,NA,NA,NA
"real","COL_ALB",-0.516247271179747,1.67307395671198,29,NA,NA,NA
"real","COL_ANT",-0.25373287976244,0.895753390813882,20,NA,NA,NA
"real","COL_BDI",-0.378684901596533,2.5493545322218,23,NA,NA,NA
"real","COL_BFA",-2.85470935535983,5.00132091772232,24,NA,NA,NA
"real","COL_BHS",-1.3670904149721,2.67792115284962,29,NA,NA,NA
"real","COL_BLZ",-0.0114469370485651,0.886027304154565,29,NA,NA,NA
"real","COL_BMU",0.741948184277369,2.69992225220741,29,NA,NA,NA
"real","COL_BRN",-0.624290350160532,2.98006163262286,23,NA,NA,NA
"real","COL_CIV",-2.11958034152302,5.19373843482652,29,NA,NA,NA
"real","COL_CXR",-0.428621929819906,1.66758951230702,8,NA,NA,NA
"real","COL_CYM",-3.02833924146426,3.30112397842913,29,NA,NA,NA
"real","COL_DMA",-0.530521329940959,1.72347864952853,29,NA,NA,NA
"real","COL_FRO",-0.774198854514122,5.10861557320038,21,NA,NA,NA
"real","COL_GIB",-2.75020560992553,8.14764239509204,18,NA,NA,NA
"real","COL_GMB",-1.25622663638461,3.1231684575999,27,NA,NA,NA
"real","COL_GNB",-0.239168389923021,1.54974937369336,10,NA,NA,NA
"real","COL_GRD",-0.135644173451636,0.774993950464547,29,NA,NA,NA
"real","COL_HTI",-0.0591637058895492,1.20454310600007,29,NA,NA,NA
"real","COL_JOR",-0.580880653359706,0.541856287231872,29,NA,NA,NA
"real","COL_KEN",-0.341057216895507,1.56267071911791,29,NA,NA,NA
"real","COL_KIR",-1.68568847621972,10.3265507935259,10,NA,NA,NA
"real","COL_KNA",-0.0865418323835196,1.47255010850483,29,NA,NA,NA
"real","COL_LAO",-0.78222031479136,3.08444542235463,11,NA,NA,NA
"real","COL_LCA",-1.49848847741259,1.69384289259153,29,NA,NA,NA
"real","COL_MAC",-0.29200754441996,1.66860964478738,27,NA,NA,NA
"real","COL_MDG",0.0487150688012203,0.521884709660594,27,NA,NA,NA
"real","COL_MSR",-0.944311881293706,5.02407644587703,23,NA,NA,NA
"real","COL_MWI",-1.26223569588893,6.40702582769213,18,NA,NA,NA
"real","COL_NIU",-0.673438606163386,7.24162912322939,10,NA,NA,NA
"real","COL_NPL",-0.88495794231338,5.4704040552559,18,NA,NA,NA
"real","COL_PNG",-0.426188804406078,2.95943731342565,22,NA,NA,NA
"real","COL_PYF",-0.128343978465308,1.5428708668264,29,NA,NA,NA
"real","COL_QAT",-0.412450267463775,0.972141724119818,25,NA,NA,NA
"real","COL_SLE",-0.327435685486193,0.947664722971546,13,NA,NA,NA
"real","COL_SUR",0.00143880246908021,0.419475731584505,29,NA,NA,NA
"real","COL_TGO",-3.43546357908029,3.94653937299969,29,NA,NA,NA
"real","COL_TUV",-0.151703275045063,5.43965008184416,8,NA,NA,NA
"real","COL_VCT",-0.0694897698539335,0.340085086979898,29,NA,NA,NA
"real","COL_VGB",-2.22529816764677,2.60914903298627,29,NA,NA,NA
"real","COL_VUT",-1.2581199667428,5.73921621426443,14,NA,NA,NA
"real","COM_MAR",-0.852991720313686,3.09816350527122,18,NA,NA,NA
"real","COM_PER",-3.35164594882281,10.3697226367431,16,NA,NA,NA
"real","COM_TUN",-0.795577606195678,2.69989114228037,24,NA,NA,NA
"real","COM_TWN",-1.20368639966218,3.27407066613597,18,NA,NA,NA
"real","CPV_ECU",-1.4412008279714,6.03076651917712,13,NA,NA,NA
"real","CRI_GUY",-0.74901233983027,3.13080245462486,28,NA,NA,NA
"real","CRI_JAM",-0.030163186260628,0.248696877796043,29,NA,NA,NA
"real","CRI_PRK",-2.67495505882658,9.19429549854643,25,NA,NA,NA
"real","CRI_YEM",-1.58274981900551,5.30140153560213,11,NA,NA,NA
"real","CUB_ARE",-1.1411371005423,4.27578734288565,20,NA,NA,NA
"real","CUB_HND",-0.846298108035126,3.26204958587524,25,NA,NA,NA
"real","CUB_JAM",-0.634391158702078,4.69157550449467,27,NA,NA,NA
"real","CUB_MAC",-1.26180497106681,4.37474177754585,26,NA,NA,NA
"real","CUB_MDG",-1.13697572240692,7.35730671178626,21,NA,NA,NA
"real","CUB_SAU",-0.540644935835381,1.32602256180446,28,NA,NA,NA
"real","CXR_COL",-0.242232404483344,3.30061343369963,9,NA,NA,NA
"real","CXR_KOR",-1.27501104656499,6.0492713490093,24,NA,NA,NA
"real","CXR_USA",-0.276221350032067,0.616744798864212,29,NA,NA,NA
"real","CYM_CAN",-0.238858854768375,2.84919371711143,28,NA,NA,NA
"real","CYM_COL",-1.02338792379538,8.0579306580904,27,NA,NA,NA
"real","CYM_JAM",0.321629787056975,1.68516678143929,27,NA,NA,NA
"real","CYM_TTO",-1.79648499967684,2.96077699820895,22,NA,NA,NA
"real","CYM_TUN",-0.823373489909003,4.17911333919993,12,NA,NA,NA
"real","CYM_USA",0.167748795740162,1.92017201301655,29,NA,NA,NA
"real","CYP_GNB",-0.880804428305702,6.51993146450468,17,NA,NA,NA
"real","CYP_JAM",-0.210285877307039,1.80403848222754,16,NA,NA,NA
"real","CYP_LAO",0.0194885475890242,7.78282325702142,14,NA,NA,NA
"real","CYP_MAC",-1.34984964703156,1.62295762682772,29,NA,NA,NA
"real","CYP_SLB",-0.56407804815376,2.96989239223984,10,NA,NA,NA
"real","CYP_TGO",-1.41144085238828,3.33860595580525,24,NA,NA,NA
"real","CYP_TTO",-1.26612659423271,1.98979741216493,15,NA,NA,NA
"real","CYP_VNM",-0.348025511591125,1.51460718368316,29,NA,NA,NA
"real","DEU_NAM",-0.716626664617264,1.57618141090568,24,NA,NA,NA
"real","DEU_ZAF",-0.147215522229121,0.221467603295234,8,NA,NA,NA
"real","DJI_ARE",-1.29467897363311,4.82352750801052,15,NA,NA,NA
"real","DJI_IND",-0.411922773279333,1.31095353067373,27,NA,NA,NA
"real","DJI_MEX",-1.46885950615707,6.5028878389009,16,NA,NA,NA
"real","DJI_PAK",-1.00834834003483,4.08419525912586,24,NA,NA,NA
"real","DJI_QAT",-2.54807457699987,7.12544488372331,10,NA,NA,NA
"real","DJI_YEM",-1.08953828070324,8.10029223046741,17,NA,NA,NA
"real","DMA_ECU",-1.29254493748892,2.99309644973285,15,NA,NA,NA
"real","DMA_HUN",-0.633911157767091,1.73204788204568,15,NA,NA,NA
"real","DMA_IRL",-1.01055268615671,3.14496493993007,14,NA,NA,NA
"real","DMA_SAU",-1.53500110462255,6.07476928103765,28,NA,NA,NA
"real","DOM_ARE",-1.15807846416614,2.14348038025657,22,NA,NA,NA
"real","DOM_CRI",-0.701659227538456,2.35201098984877,10,NA,NA,NA
"real","DOM_ECU",-0.944974822619232,2.62343469088976,29,NA,NA,NA
"real","DOM_GUY",-0.0525024492094928,0.560645369633444,26,NA,NA,NA
"real","DOM_HND",-0.575692140775818,1.12286649881178,9,NA,NA,NA
"real","DOM_SAU",-0.574612747589108,2.34648138860799,28,NA,NA,NA
"real","DOM_TTO",0.0972633185720319,0.167659392700808,29,NA,NA,NA
"real","DZA_HUN",-1.29549544767719,7.63366078339934,12,NA,NA,NA
"real","ECU_ANT",-1.91014901275501,4.89606016390366,19,NA,NA,NA
"real","ECU_BLZ",-0.178590943863335,1.21465710303877,29,NA,NA,NA
"real","ECU_BMU",0.202436657662458,4.53837692974218,20,NA,NA,NA
"real","ECU_BRB",-0.399458481234956,1.7739839693961,28,NA,NA,NA
"real","ECU_CRI",-0.0872533129306607,0.395837202553642,29,NA,NA,NA
"real","ECU_DMA",-0.733920148452927,3.35460790077003,26,NA,NA,NA
"real","ECU_GRL",-0.908791614477529,4.3373872722822,19,NA,NA,NA
"real","ECU_GUF",0.492354017183553,2.69051532820226,9,NA,NA,NA
"real","ECU_HTI",-0.814882000035103,1.67972125043986,29,NA,NA,NA
"real","ECU_KEN",-0.831860524795394,1.73735975020305,22,NA,NA,NA
"real","ECU_MAC",-1.7444814711912,2.78684068354212,22,NA,NA,NA
"real","ECU_SLV",-0.545993656227045,2.08050644274948,25,NA,NA,NA
"real","ECU_SUR",-0.497297971569354,1.45171918999437,24,NA,NA,NA
"real","EGY_MAC",-3.21850056122546,4.43049022427932,26,NA,NA,NA
"real","EGY_SEN",-0.545718392172126,1.8848731615141,28,NA,NA,NA
"real","ESH_BRA",-2.10996751751492,8.35743254391563,13,NA,NA,NA
"real","ESH_KOR",-1.2987677585533,6.92414038186666,10,NA,NA,NA
"real","FJI_GMB",-1.62030183082833,5.02556532781424,9,NA,NA,NA
"real","FJI_JOR",-0.793850876285247,3.02525001534536,11,NA,NA,NA
"real","FJI_MEX",-0.7873996511011,2.78611704194054,27,NA,NA,NA
"real","FJI_PRT",-1.86943012618867,11.346116143219,15,NA,NA,NA
"real","FLK_MDG",-0.39561169362477,4.86357290294587,11,NA,NA,NA
"real","FRA_NAM",-0.14853494217185,1.44203672163493,24,NA,NA,NA
"real","FRA_VCT",-0.705528496142843,3.78060348248773,15,NA,NA,NA
"real","FRA_YEM",-0.196425537951596,1.21043276872058,28,NA,NA,NA
"real","GAB_MAR",-0.125071708795666,1.04264520808473,28,NA,NA,NA
"real","GAB_PAK",-1.10413263228562,2.28456128777518,23,NA,NA,NA
"real","GAB_TUN",-0.0485159378446414,0.730709390468187,29,NA,NA,NA
"real","GBR_COM",-1.01491131480256,3.8088834845211,28,NA,NA,NA
"real","GBR_YEM",-0.21307836779608,1.6848354475001,29,NA,NA,NA
"real","GHA_ARE",-2.43458662458072,6.89351911250977,26,NA,NA,NA
"real","GHA_HUN",-0.598013793986106,5.42214361289041,24,NA,NA,NA
"real","GHA_KWT",-1.15869552071534,2.61421387865915,27,NA,NA,NA
"real","GHA_SAU",0.356782486868771,1.04706208974941,29,NA,NA,NA
"real","GIB_MDG",-2.71671263825036,6.98397171629462,18,NA,NA,NA
"real","GIB_ROU",-2.68153907117068,12.12886513295,20,NA,NA,NA
"real","GIB_SAU",-0.174611811020011,3.7555243972739,21,NA,NA,NA
"real","GIB_THA",-1.45259962197214,7.63178256683907,23,NA,NA,NA
"real","GIB_TTO",-3.11475544156133,5.55720312139923,8,NA,NA,NA
"real","GIB_TUN",-3.31734226852447,7.68925744007089,27,NA,NA,NA
"real","GIB_USA",-0.508427072250425,3.09093409730802,29,NA,NA,NA
"real","GLP_KWT",-0.189277567447245,1.4380971832932,9,NA,NA,NA
"real","GMB_CHL",-3.96285111734243,13.9124403787537,9,NA,NA,NA
"real","GMB_COL",-1.26778419375534,6.3314767588481,22,NA,NA,NA
"real","GMB_FRA",-0.822212109187984,3.43276254555666,29,NA,NA,NA
"real","GMB_NOR",-0.747585235877794,2.22691606903909,28,NA,NA,NA
"real","GMB_PAK",-0.584815246311811,1.76728981303045,23,NA,NA,NA
"real","GMB_TUN",-3.22130644639959,9.37019089490604,25,NA,NA,NA
"real","GNB_KOR",-0.51678032463355,2.20552455702867,26,NA,NA,NA
"real","GNB_THA",-3.69091858331524,18.3881035944308,25,NA,NA,NA
"real","GNQ_IRL",-1.28013175958648,10.6225288865118,23,NA,NA,NA
"real","GNQ_USA",-0.913447041060765,3.88012092305808,28,NA,NA,NA
"real","GRC_MAC",0.132788345594162,1.08238227453494,29,NA,NA,NA
"real","GRC_NAM",-1.31558308996446,3.20626457720308,20,NA,NA,NA
"real","GRD_URY",-1.30721823268823,8.18064874548383,20,NA,NA,NA
"real","GRL_COL",-1.84855418383525,7.85056545664883,17,NA,NA,NA
"real","GRL_USA",-0.0817848090768519,0.389764947863988,29,NA,NA,NA
"real","GTM_ARE",-0.596188118044651,1.43571949038992,29,NA,NA,NA
"real","GTM_GUY",-0.300235039357526,1.05898105889374,28,NA,NA,NA
"real","GUF_USA",-1.30099288587542,2.30115369715948,8,NA,NA,NA
"real","GUY_MUS",-1.06653326278037,4.17111269352912,18,NA,NA,NA
"real","HND_ECU",-1.20282082186046,2.94702903524769,29,NA,NA,NA
"real","HND_GUY",-1.37055722124197,4.63518530976121,22,NA,NA,NA
"real","HND_IRN",-1.08135178123921,2.7830421957391,20,NA,NA,NA
"real","HND_JAM",-0.474440555675144,1.34858896188072,29,NA,NA,NA
"real","HND_MDG",-0.422331523098217,1.3486128159535,19,NA,NA,NA
"real","HND_TTO",-0.049319174388617,0.519809527030258,29,NA,NA,NA
"real","HTI_COL",-2.04282650013056,3.32992260415412,26,NA,NA,NA
"real","HTI_MAR",-0.48310501573879,5.54743312589877,19,NA,NA,NA
"real","HUN_BHS",-0.245638875659481,1.77068844038247,16,NA,NA,NA
"real","HUN_ECU",-0.279604038833566,1.99956035621257,25,NA,NA,NA
"real","HUN_FRO",-0.241595034210595,0.29879469884798,8,NA,NA,NA
"real","HUN_GUY",-0.539062807054479,2.51318795968759,13,NA,NA,NA
"real","HUN_JAM",-0.621877477369692,1.34377016191492,16,NA,NA,NA
"real","HUN_KOR",-0.370742170182539,0.303986065849508,19,NA,NA,NA
"real","HUN_MAC",-0.317220507835401,0.725342974037414,29,NA,NA,NA
"real","HUN_NPL",-0.0839928416053906,0.595242041351511,29,NA,NA,NA
"real","HUN_NRU",-1.44869529918665,8.40687304141223,12,NA,NA,NA
"real","HUN_PRK",-0.352622512230503,3.2396204710513,25,NA,NA,NA
"real","HUN_PYF",-0.424203837483076,2.15870253217565,12,NA,NA,NA
"real","HUN_SLV",-0.300879662988741,1.69650257621394,21,NA,NA,NA
"real","HUN_YEM",-0.000732146457170139,0.900861314964688,29,NA,NA,NA
"real","HUN_ZAF",-0.033791374966196,0.343449180106663,12,NA,NA,NA
"real","HUN_ZMB",-0.401394056893605,0.785221086224633,29,NA,NA,NA
"real","IDN_ALB",-0.576717365353909,1.07663720005743,27,NA,NA,NA
"real","IDN_DJI",-0.728990866353023,2.00615465715595,24,NA,NA,NA
"real","IDN_MLI",0.0123649683191233,0.341821570460646,29,NA,NA,NA
"real","IDN_ZMB",-0.598342707154156,0.825763378152031,29,NA,NA,NA
"real","IND_CCK",-1.04520701396351,5.04942568681518,19,NA,NA,NA
"real","IND_CPV",-0.66175224571945,1.54906364093913,27,NA,NA,NA
"real","IND_GRL",-0.467964573849918,1.41680629328251,28,NA,NA,NA
"real","IND_KNA",-0.30436985740157,0.438141922210285,29,NA,NA,NA
"real","IND_MSR",-0.477049282584025,2.31908237638525,27,NA,NA,NA
"real","IOT_COL",-0.578040815254056,9.1061515001186,19,NA,NA,NA
"real","IOT_KOR",-1.8828724276031,8.65193612505483,22,NA,NA,NA
"real","IOT_USA",-0.961657677475258,3.563878289525,29,NA,NA,NA
"real","IRL_COG",0.0245797356465667,0.993862953740062,29,NA,NA,NA
"real","IRL_GTM",0.174783337171702,2.35271076654963,21,NA,NA,NA
"real","IRL_GUY",-0.248491758599688,0.871154463704271,16,NA,NA,NA
"real","IRL_HND",0.0359280013286066,1.98981008322787,21,NA,NA,NA
"real","IRL_KWT",0.00383820845728314,1.41710935016581,29,NA,NA,NA
"real","IRL_UGA",0.146495167730911,0.583442220363752,29,NA,NA,NA
"real","IRL_YEM",0.154441836922412,1.11151729289293,29,NA,NA,NA
"real","IRN_ARE",-0.3512207180134,0.862510644055446,25,NA,NA,NA
"real","IRN_CRI",-2.50698574894358,3.98330380832439,29,NA,NA,NA
"real","IRN_DJI",-0.611869374982355,1.59617073097222,19,NA,NA,NA
"real","IRN_GRD",-1.24727251373188,2.85788808515957,22,NA,NA,NA
"real","IRN_HND",-0.554497919995593,1.86952874366808,23,NA,NA,NA
"real","IRN_KWT",-0.211377978739341,0.899799783754255,27,NA,NA,NA
"real","IRN_MAC",-0.849118079945857,3.28991558848797,25,NA,NA,NA
"real","IRN_QAT",-0.183454490607507,0.842012128266225,24,NA,NA,NA
"real","IRN_SLV",-2.04115971076361,5.28386579697153,23,NA,NA,NA
"real","ISL_COG",-5.41836663974696,11.2809455044482,16,NA,NA,NA
"real","ISL_ECU",-0.554095759419601,1.81064550086598,27,NA,NA,NA
"real","ISL_GTM",-0.982038404772146,1.62021744969522,20,NA,NA,NA
"real","ISL_IRN",-2.58628982881119,6.58031559303349,27,NA,NA,NA
"real","ISL_MDG",-0.687413600936687,3.3646860191908,23,NA,NA,NA
"real","ISL_PAK",-0.0877803147279887,1.03022361313719,19,NA,NA,NA
"real","ISL_URY",-1.33012573760028,3.49480827469176,28,NA,NA,NA
"real","ISR_GUY",-0.741142664438648,1.07129902123181,26,NA,NA,NA
"real","ISR_TTO",-0.190334204713049,0.347855685457409,29,NA,NA,NA
"real","ITA_MDV",-0.378995777255825,1.52278306591913,27,NA,NA,NA
"real","ITA_NAM",-1.62930874606241,5.85265727352164,23,NA,NA,NA
"real","ITA_TTO",-0.372231042879025,0.517336424518548,16,NA,NA,NA
"real","ITA_YEM",-0.327181217986792,2.13153118090862,28,NA,NA,NA
"real","JAM_AIA",-0.450995938788784,2.18360293721757,27,NA,NA,NA
"real","JAM_ANT",-1.12013392020716,2.50961697525377,18,NA,NA,NA
"real","JAM_ARE",-3.12934341932362,9.11374661854853,27,NA,NA,NA
"real","JAM_BMU",-0.057808496255588,0.393749599632544,28,NA,NA,NA
"real","JAM_CHN",-1.44154012427439,5.31418964350988,28,NA,NA,NA
"real","JAM_COL",-0.373053868112792,1.28626163107684,29,NA,NA,NA
"real","JAM_CRI",-1.60420158729534,3.44783686933686,29,NA,NA,NA
"real","JAM_CUB",-0.503483534383531,2.8580631757118,27,NA,NA,NA
"real","JAM_CYM",-0.0607266770574742,0.28841829420814,27,NA,NA,NA
"real","JAM_DZA",-0.582661919843614,1.68633800616759,15,NA,NA,NA
"real","JAM_ECU",-0.558498046278443,2.2939892128259,29,NA,NA,NA
"real","JAM_EGY",-2.96675479546631,3.86075673917969,23,NA,NA,NA
"real","JAM_FRO",-0.194645956670105,0.436964882129431,15,NA,NA,NA
"real","JAM_GHA",-1.58315576981017,7.06602427304133,27,NA,NA,NA
"real","JAM_GTM",-0.625592189918926,1.11761420554753,29,NA,NA,NA
"real","JAM_HND",-1.25945619582081,3.20056298851241,29,NA,NA,NA
"real","JAM_HTI",-0.250298843660042,0.625262830589303,8,NA,NA,NA
"real","JAM_IND",-1.65678567162113,4.53733332493759,27,NA,NA,NA
"real","JAM_ISR",-1.53593544820457,3.01673947091642,25,NA,NA,NA
"real","JAM_LKA",-2.01733576730657,5.17236108109063,19,NA,NA,NA
"real","JAM_MAC",-0.610471302483849,1.5681300361965,28,NA,NA,NA
"real","JAM_NGA",-1.33048697530317,3.5312872208906,27,NA,NA,NA
"real","JAM_NIC",-1.52099633144482,3.43774633825881,28,NA,NA,NA
"real","JAM_PAN",-0.356719685123915,1.6178030826381,28,NA,NA,NA
"real","JAM_SAU",-1.0646222274675,2.08843080375144,28,NA,NA,NA
"real","JAM_SLV",-0.660316984338716,1.76502395636784,29,NA,NA,NA
"real","JAM_TCA",-0.207568687777083,0.765756925700476,27,NA,NA,NA
"real","JAM_TUN",-1.13769437759594,2.88624605465082,27,NA,NA,NA
"real","JAM_TWN",-1.41466901259658,4.34591056988534,29,NA,NA,NA
"real","JAM_URY",-0.799630335683103,2.63934084440103,26,NA,NA,NA
"real","JAM_VGB",-0.132232615376098,2.79963356364157,27,NA,NA,NA
"real","JOR_CHN",-0.0894249069441776,0.89259350622805,29,NA,NA,NA
"real","JOR_DJI",-0.15822045030617,0.804295190251215,27,NA,NA,NA
"real","JOR_ECU",-0.731026366805344,1.99120863458398,26,NA,NA,NA
"real","JOR_HND",-0.883683427013637,1.60527288665738,23,NA,NA,NA
"real","JOR_MAC",-0.473817898058014,1.62603314973365,14,NA,NA,NA
"real","JOR_MEX",-1.4563885278949,3.93099135743675,29,NA,NA,NA
"real","JPN_FRO",-0.747417046597647,4.71691770162895,16,NA,NA,NA
"real","KEN_ARG",-0.413983934376223,1.80306962208274,29,NA,NA,NA
"real","KEN_GNB",-1.29394835630538,1.9582335270771,16,NA,NA,NA
"real","KEN_IRQ",-1.80821536596516,7.26536308119544,17,NA,NA,NA
"real","KEN_JAM",-1.27762335874761,3.08646524551579,23,NA,NA,NA
"real","KEN_PRY",-1.25383686332711,6.25442589664927,15,NA,NA,NA
"real","KEN_SLE",-0.646899226060703,1.87484018920014,24,NA,NA,NA
"real","KEN_ZAF",0.554233055884384,1.35514675193479,29,NA,NA,NA
"real","KHM_ECU",-1.00327965222076,1.78241247007578,24,NA,NA,NA
"real","KHM_EGY",0.381484109791841,2.25300179440193,28,NA,NA,NA
"real","KHM_KWT",-1.71550998949464,4.92535650111119,27,NA,NA,NA
"real","KHM_LBY",-1.28974908243824,12.5473598227158,12,NA,NA,NA
"real","KHM_QAT",-1.47594136447708,3.03367803504184,20,NA,NA,NA
"real","KHM_SAU",-1.80859865363121,2.82316066808422,28,NA,NA,NA
"real","KIR_KOR",-2.01112780136924,8.25691624450512,24,NA,NA,NA
"real","KNA_AUS",-0.866541813286676,2.4398028090863,24,NA,NA,NA
"real","KOR_ALB",-0.36334426626655,1.31063834616361,25,NA,NA,NA
"real","KOR_BGR",-0.115251583268713,0.187911151176524,19,NA,NA,NA
"real","KOR_CCK",-1.19165733209515,4.10276855200383,19,NA,NA,NA
"real","KOR_CXR",-1.71704250467026,9.05283219187154,14,NA,NA,NA
"real","KOR_HUN",-0.321145966545773,0.215751727873056,19,NA,NA,NA
"real","KOR_IOT",-3.90639184919697,9.37235258846346,16,NA,NA,NA
"real","KOR_MNG",-0.165540116857676,0.19759455967666,29,NA,NA,NA
"real","KOR_NFK",-1.25179319973932,5.03142291806334,25,NA,NA,NA
"real","KOR_PCN",-1.71786473860895,11.3946789302942,12,NA,NA,NA
"real","KOR_POL",-0.184606638083767,0.189592870854982,19,NA,NA,NA
"real","KOR_SHN",-0.884525061490788,2.99460072663547,19,NA,NA,NA
"real","KOR_TCA",-0.206951786581747,1.1884198794047,28,NA,NA,NA
"real","KWT_ECU",-0.867073921128069,3.95908065091337,16,NA,NA,NA
"real","LAO_MEX",-1.41593717885312,2.01908645590456,28,NA,NA,NA
"real","LBN_COL",-0.227456560770956,0.952559864130578,29,NA,NA,NA
"real","LBN_ECU",-0.500043879627874,1.30533047897487,25,NA,NA,NA
"real","LBN_GTM",-1.46032926754438,4.72553122326798,22,NA,NA,NA
"real","LBN_GUY",-1.22501293763048,3.42826811690821,21,NA,NA,NA
"real","LBN_HUN",-0.424798456948784,1.6043956549228,12,NA,NA,NA
"real","LBN_MLT",-1.43736959369385,3.33750378274419,10,NA,NA,NA
"real","LBN_TTO",-2.30016329496636,3.37659574154767,28,NA,NA,NA
"real","LBR_COL",-2.99879504635248,8.58312753098623,23,NA,NA,NA
"real","LBY_NER",-0.230560779444602,2.47155911824433,26,NA,NA,NA
"real","LBY_POL",-1.00825700215965,5.24752038223477,25,NA,NA,NA
"real","LCA_DNK",-0.515389729150589,2.19900072843269,12,NA,NA,NA
"real","LCA_FIN",-1.15355537945327,3.48416516646661,12,NA,NA,NA
"real","LKA_COG",-1.36849273557755,3.12492503170929,25,NA,NA,NA
"real","LKA_UGA",-0.956484685595205,1.78179983095612,27,NA,NA,NA
"real","LKA_YEM",-0.675953327129762,2.29159266054778,29,NA,NA,NA
"real","LSO_DEU",-1.45678542780828,3.61171117262467,19,NA,NA,NA
"real","MAC_AGO",-2.33318709312604,6.02404415321264,17,NA,NA,NA
"real","MAC_AND",-0.840909414179711,3.61786847776329,22,NA,NA,NA
"real","MAC_ANT",-0.992789211185723,2.40680219498043,9,NA,NA,NA
"real","MAC_ARE",-0.586182840021047,1.25578578380096,29,NA,NA,NA
"real","MAC_ARG",-0.531774277158315,1.40323947336423,29,NA,NA,NA
"real","MAC_BGR",-0.941719651163043,3.86227075520689,26,NA,NA,NA
"real","MAC_BHR",-0.872833840225282,3.34966602090496,27,NA,NA,NA
"real","MAC_BMU",-1.04824790253944,6.418418004225,23,NA,NA,NA
"real","MAC_CHL",-0.272693826451288,1.45898270095555,29,NA,NA,NA
"real","MAC_COL",-0.669215461855898,1.42122854435912,29,NA,NA,NA
"real","MAC_CRI",-0.784468680654399,3.21982018720814,23,NA,NA,NA
"real","MAC_ECU",-1.12377543788153,2.33571097552912,29,NA,NA,NA
"real","MAC_EGY",-0.532148038146027,2.07118541580071,24,NA,NA,NA
"real","MAC_HUN",-0.476999351091625,2.69022503194862,29,NA,NA,NA
"real","MAC_IDN",-1.09633607902626,5.13851076547687,29,NA,NA,NA
"real","MAC_IND",-1.43819869181761,4.80671503757088,29,NA,NA,NA
"real","MAC_IRL",-0.043953453303279,0.468473434323247,29,NA,NA,NA
"real","MAC_IRN",-1.80369801283356,10.2136964249282,13,NA,NA,NA
"real","MAC_ISR",-1.23668587968283,4.30228510269815,29,NA,NA,NA
"real","MAC_ITA",-0.278389684705682,0.603918684662468,29,NA,NA,NA
"real","MAC_JAM",-0.793258091249959,6.59708058151462,13,NA,NA,NA
"real","MAC_KWT",-0.387062412633168,1.68446767343005,27,NA,NA,NA
"real","MAC_LAO",-0.811492996992407,2.18468013921122,17,NA,NA,NA
"real","MAC_LBN",-0.332415778194564,0.96011441773294,29,NA,NA,NA
"real","MAC_LKA",-0.873641247747847,3.71784627893961,28,NA,NA,NA
"real","MAC_MLT",-0.742846770391705,1.60767311309355,28,NA,NA,NA
"real","MAC_MOZ",-0.645059825892562,2.72463316599215,23,NA,NA,NA
"real","MAC_MRT",-2.17659846263263,4.402421167691,11,NA,NA,NA
"real","MAC_MUS",-1.06087147124933,1.67914167603629,29,NA,NA,NA
"real","MAC_PAK",-0.772837098342233,1.38471882803072,29,NA,NA,NA
"real","MAC_PAN",-0.348611872043867,1.3900163343443,23,NA,NA,NA
"real","MAC_PER",-0.633944753504179,2.3867127312512,29,NA,NA,NA
"real","MAC_PNG",-5.57640337545339,7.04030671207557,14,NA,NA,NA
"real","MAC_POL",-0.387756999696323,1.30464322619727,29,NA,NA,NA
"real","MAC_PYF",-0.54220503220159,1.11832724213116,26,NA,NA,NA
"real","MAC_QAT",-0.504034018898919,4.00826244539456,24,NA,NA,NA
"real","MAC_SAU",-0.112793714276402,0.925903832500511,29,NA,NA,NA
"real","MAC_TTO",-0.679592820650106,1.97786689727974,22,NA,NA,NA
"real","MAC_TUN",-1.40812558481288,5.07248330273648,25,NA,NA,NA
"real","MAC_URY",-0.321314869904308,1.72985162378329,28,NA,NA,NA
"real","MAC_VEN",-1.50321410914269,3.29149498791523,22,NA,NA,NA
"real","MAC_VNM",-0.59873899124771,2.46148839280345,28,NA,NA,NA
"real","MAR_AFG",-1.15583578862473,2.72080629790784,16,NA,NA,NA
"real","MAR_AGO",-0.312630743668745,1.20748592999572,28,NA,NA,NA
"real","MAR_JAM",-0.662722827409422,1.65892580909459,27,NA,NA,NA
"real","MAR_SLE",-0.324498770224976,1.0264335985455,28,NA,NA,NA
"real","MAR_SLV",-0.593322078386262,1.1189427992692,28,NA,NA,NA
"real","MDG_ATG",-3.52292268280226,7.22823871781725,18,NA,NA,NA
"real","MDG_BHR",-2.0245717590775,4.66002980021149,23,NA,NA,NA
"real","MDG_CIV",-0.94306066568325,1.85980320273357,27,NA,NA,NA
"real","MDG_COL",-0.730011901198046,2.6341329945673,29,NA,NA,NA
"real","MDG_GAB",-1.36727358546907,3.73774910825272,29,NA,NA,NA
"real","MDG_GHA",-1.31640223750703,2.61231259433812,24,NA,NA,NA
"real","MDG_JOR",-0.470298497363587,1.55835270567366,26,NA,NA,NA
"real","MDG_LBN",-0.333883371781959,1.17697530067914,27,NA,NA,NA
"real","MDG_LKA",-1.62295280850922,2.3491457388878,27,NA,NA,NA
"real","MDG_MEX",0.136508789428123,0.958991282795483,29,NA,NA,NA
"real","MDG_NGA",-0.501446926125827,3.12857424001096,28,NA,NA,NA
"real","MDG_PER",-0.978852015591006,2.87445689646653,28,NA,NA,NA
"real","MDG_PRK",-0.479716000402003,2.63069260703329,24,NA,NA,NA
"real","MDG_PRY",-1.1700936758379,2.79611008378755,13,NA,NA,NA
"real","MDG_QAT",-0.801681386273492,2.15906439289674,21,NA,NA,NA
"real","MDG_ROU",-0.531864295363074,1.85766364842315,19,NA,NA,NA
"real","MDG_TTO",-0.329650526881301,2.00809274740982,19,NA,NA,NA
"real","MDV_GBR",-0.200168554413498,2.18106654213993,28,NA,NA,NA
"real","MDV_KOR",-1.4184331419996,3.81435237759941,27,NA,NA,NA
"real","MEX_ATF",-0.989676548116989,4.52093148875439,9,NA,NA,NA
"real","MEX_BTN",-0.475721370006007,3.2041611934266,8,NA,NA,NA
"real","MEX_COD",-1.54805206773184,5.42480217209734,15,NA,NA,NA
"real","MEX_GNQ",-2.16934018505709,7.01773836660657,14,NA,NA,NA
"real","MEX_GRL",-0.890422230898407,1.69891104996219,22,NA,NA,NA
"real","MEX_MAC",-0.368446911953629,2.21801783898748,28,NA,NA,NA
"real","MEX_MDV",-0.437531588561386,2.32114688458614,27,NA,NA,NA
"real","MEX_TON",-1.50817082643496,5.18675499083568,12,NA,NA,NA
"real","MEX_VCT",-0.356951080514694,1.51729160789215,29,NA,NA,NA
"real","MEX_YEM",-0.922333555938848,4.45809146744346,24,NA,NA,NA
"real","MEX_ZMB",-1.18069851775817,2.76559169010279,29,NA,NA,NA
"real","MLI_CHL",-1.09075839446403,3.41701032966589,15,NA,NA,NA
"real","MLI_COL",-0.568340358018615,3.18902019724823,22,NA,NA,NA
"real","MLI_LBY",-1.46417930863663,3.10840111870569,11,NA,NA,NA
"real","MLI_LKA",-2.06784347758545,5.01252408536437,24,NA,NA,NA
"real","MLI_ZWE",-2.8494120063867,10.2182165538588,23,NA,NA,NA
"real","MLT_BGD",-1.21980919103724,2.3258949066782,26,NA,NA,NA
"real","MLT_BRA",-0.230297965493481,1.41877450265251,29,NA,NA,NA
"real","MLT_COL",-1.40683211853856,3.10398536591815,21,NA,NA,NA
"real","MLT_DZA",-0.840867368344059,1.44502284334197,12,NA,NA,NA
"real","MLT_ECU",-2.44016359244988,2.96680615000588,24,NA,NA,NA
"real","MLT_ROU",-1.33105641205808,2.37657374231395,12,NA,NA,NA
"real","MLT_SEN",-0.759633900541663,1.56235129716944,26,NA,NA,NA
"real","MLT_TZA",-1.28872228177989,7.20939886347562,26,NA,NA,NA
"real","MMR_FJI",-0.749134027049309,1.51593926751447,21,NA,NA,NA
"real","MMR_JOR",-0.320460330837614,1.9672224311147,27,NA,NA,NA
"real","MMR_PRT",-0.7319606178622,0.847629396538991,28,NA,NA,NA
"real","MMR_PRY",-0.0627595521182495,1.13751501414982,17,NA,NA,NA
"real","MMR_SAU",-1.28967863901421,2.43658163179344,28,NA,NA,NA
"real","MMR_URY",-0.237158253966794,2.03038649510021,23,NA,NA,NA
"real","MNG_CHL",-2.05223175050797,6.72466268562883,17,NA,NA,NA
"real","MNG_KOR",-0.181537306643746,0.562605691493452,29,NA,NA,NA
"real","MOZ_ARE",-2.45155122882206,5.9575934952921,22,NA,NA,NA
"real","MOZ_KWT",-2.01800277287923,4.06432032005042,26,NA,NA,NA
"real","MOZ_QAT",-0.521239548212945,4.92112763310959,15,NA,NA,NA
"real","MRT_AUS",-4.01284637665988,4.61277016149427,25,NA,NA,NA
"real","MRT_MEX",-1.25363845525847,2.07603285319317,26,NA,NA,NA
"real","MRT_TUN",-0.184552932536298,1.65710068193824,28,NA,NA,NA
"real","MRT_USA",-1.66948898305199,4.2400020135596,29,NA,NA,NA
"real","MSR_KOR",-0.559165361931559,1.81623563605351,22,NA,NA,NA
"real","MSR_USA",-0.194433366989378,0.536255387880541,29,NA,NA,NA
"real","MUS_FRO",-0.360099250407464,3.11596424382593,14,NA,NA,NA
"real","MUS_ISR",-1.12913117831262,1.64641159510396,29,NA,NA,NA
"real","MUS_JAM",-1.5049056215933,5.93563272385521,18,NA,NA,NA
"real","MUS_MAC",-1.33879785474547,4.52061946807253,29,NA,NA,NA
"real","MUS_MEX",-0.551497616177807,1.73444967115677,28,NA,NA,NA
"real","MUS_TUN",-0.676828848962656,1.67415529273223,26,NA,NA,NA
"real","MWI_BGD",-1.22602371809793,5.29699712515528,22,NA,NA,NA
"real","MWI_CHL",-1.4010583925664,6.29116046451092,20,NA,NA,NA
"real","MWI_CHN",-1.02437655030829,2.04261385555697,26,NA,NA,NA
"real","MWI_JAM",-0.834313306921951,4.45447051745228,10,NA,NA,NA
"real","MWI_MAR",-0.472450334369904,1.96340338260695,26,NA,NA,NA
"real","MYS_CCK",-1.4825837390956,4.25804411776019,17,NA,NA,NA
"real","MYS_FLK",-1.47120396315039,2.45691146987774,11,NA,NA,NA
"real","MYS_IOT",-0.490005214899463,3.98900101798563,21,NA,NA,NA
"real","MYS_KNA",-0.5942288998991,1.35807098100933,28,NA,NA,NA
"real","MYS_SOM",-0.898461230120869,1.60909687911712,29,NA,NA,NA
"real","NAM_DEU",-0.762678784067433,1.22720059348271,24,NA,NA,NA
"real","NAM_DNK",-2.59445652964644,3.91564137872914,21,NA,NA,NA
"real","NAM_FRA",-0.209817792481816,0.762040864673214,24,NA,NA,NA
"real","NAM_GBR",-1.1117412758441,2.14799364203021,24,NA,NA,NA
"real","NAM_GRC",0.497657392013617,2.39305443257939,24,NA,NA,NA
"real","NAM_ITA",-0.834072623157819,1.98761053295348,24,NA,NA,NA
"real","NAM_NLD",-0.231767284927083,0.511785198099951,24,NA,NA,NA
"real","NAM_NZL",-1.11973548021825,2.46504160376864,22,NA,NA,NA
"real","NER_ARE",-3.39033389478956,10.1020258957642,21,NA,NA,NA
"real","NER_CHL",-2.11931114304368,7.050543746646,13,NA,NA,NA
"real","NER_MAC",-0.613783269108175,2.5688025344408,12,NA,NA,NA
"real","NER_PAK",-2.71475850394518,5.53215218147095,25,NA,NA,NA
"real","NER_TUN",-1.031838435703,2.07465226813145,27,NA,NA,NA
"real","NER_ZWE",-0.218147516230788,4.7843071223488,22,NA,NA,NA
"real","NFK_MEX",0.415760171772708,5.46276212653598,15,NA,NA,NA
"real","NFK_USA",-1.25258640218692,3.18001110825186,29,NA,NA,NA
"real","NGA_ARE",-2.1245332952663,7.47152633303943,24,NA,NA,NA
"real","NGA_JAM",-3.90431873897651,13.349677447069,27,NA,NA,NA
"real","NGA_MLT",-4.65194884587796,10.1520912433443,26,NA,NA,NA
"real","NGA_MWI",-3.32079862946805,1.92873531869743,25,NA,NA,NA
"real","NGA_URY",-1.93301845790891,12.8498301109408,24,NA,NA,NA
"real","NIC_DOM",-0.486963623336645,1.13204753903146,10,NA,NA,NA
"real","NIC_ISR",-0.17548736583621,1.26405010825218,28,NA,NA,NA
"real","NIC_JAM",-0.759890459267781,2.3455561176276,28,NA,NA,NA
"real","NIC_URY",-1.02176351169297,1.92725669402466,25,NA,NA,NA
"real","NIC_ZAF",0.555245615440757,1.78677731105501,28,NA,NA,NA
"real","NIU_USA",0.930688408233256,4.54792033137543,28,NA,NA,NA
"real","NLD_KIR",-0.539968499361277,1.72850146152552,29,NA,NA,NA
"real","NLD_NAM",-1.4852748327652,2.85970378239662,24,NA,NA,NA
"real","NLD_YEM",-0.41735323888867,0.593129615438821,29,NA,NA,NA
"real","NOR_GMB",-0.844791607051958,1.54814327903899,28,NA,NA,NA
"real","NOR_GUY",-0.581133145769006,1.93401464842227,29,NA,NA,NA
"real","NOR_KWT",-0.611295564830168,2.12266787960798,22,NA,NA,NA
"real","NOR_MAC",-0.00487015112286094,1.10879887166563,29,NA,NA,NA
"real","NOR_QAT",-0.418326672706633,0.910595055747836,21,NA,NA,NA
"real","NPL_TUN",-1.39256357092729,3.12229830756301,25,NA,NA,NA
"real","NRU_ESP",-0.620544808220892,3.07453766942561,26,NA,NA,NA
"real","NRU_JPN",-0.592158496737495,2.57485251313112,29,NA,NA,NA
"real","NRU_TUN",-0.657693569518815,2.4790222050528,21,NA,NA,NA
"real","NZL_ALB",-0.463226520927552,1.76276050001441,27,NA,NA,NA
"real","NZL_AND",-0.789136582344483,3.35241891408565,27,NA,NA,NA
"real","NZL_GRL",-0.776293446447646,2.01885448917038,27,NA,NA,NA
"real","OMN_COM",-1.02143540785046,2.0338089590203,27,NA,NA,NA
"real","OMN_HUN",-2.25641026608298,7.19350680476606,24,NA,NA,NA
"real","OMN_MLT",-0.824968458481517,1.98050128776726,28,NA,NA,NA
"real","OMN_RWA",-1.32891974349114,1.45240443104018,28,NA,NA,NA
"real","OMN_TCD",-1.16668158370392,4.52445641716812,16,NA,NA,NA
"real","PAK_BWA",-0.239361294524218,1.47860095012486,25,NA,NA,NA
"real","PAK_GTM",-0.625282296132936,1.21110137605739,28,NA,NA,NA
"real","PAK_HND",-0.433163664735538,0.725313633700018,27,NA,NA,NA
"real","PAK_JAM",-0.200996591599171,0.310905127199881,27,NA,NA,NA
"real","PAK_KHM",-1.00227319316024,3.45010628052589,27,NA,NA,NA
"real","PAK_MAC",-0.40138321050025,4.4431308933757,29,NA,NA,NA
"real","PAK_MRT",-1.03336365906052,2.31031331112694,27,NA,NA,NA
"real","PAK_NER",-0.206324564052073,0.973587004279208,26,NA,NA,NA
"real","PAK_SLE",-1.09239107232166,5.05835211867161,23,NA,NA,NA
"real","PAK_SUR",-0.465953083923388,2.18160514378944,21,NA,NA,NA
"real","PAK_SWZ",-0.917360531184785,1.10242401777665,21,NA,NA,NA
"real","PAK_UGA",-0.782510841230919,2.699829019859,29,NA,NA,NA
"real","PAN_ARG",-1.63689652458437,2.94996499335336,19,NA,NA,NA
"real","PAN_GUY",-0.231730745479995,0.517983285280008,25,NA,NA,NA
"real","PAN_JAM",-0.407604868626122,2.43573398584601,29,NA,NA,NA
"real","PAN_LBN",-1.41963247551072,3.47428373618481,23,NA,NA,NA
"real","PAN_LKA",-1.80974882365983,5.00271894092176,22,NA,NA,NA
"real","PAN_ROU",-0.178663184315265,1.30574408223168,21,NA,NA,NA
"real","PAN_TUN",-1.46130944183946,7.57099602911383,25,NA,NA,NA
"real","PCN_USA",-0.243850177263218,3.44372818308867,24,NA,NA,NA
"real","PER_JAM",-0.443831057544377,0.839025113293837,29,NA,NA,NA
"real","PER_MAC",-0.407169206668093,1.45845867504857,28,NA,NA,NA
"real","PHL_CIV",-0.983792071005825,1.86003771639727,29,NA,NA,NA
"real","PHL_JAM",-0.787153369898044,1.8483867941358,28,NA,NA,NA
"real","PHL_MDG",-0.701841447650516,1.27267644198357,29,NA,NA,NA
"real","PHL_SEN",-0.57807210555165,1.50213727904832,29,NA,NA,NA
"real","PNG_CHL",-1.83767543092011,7.79949041119039,15,NA,NA,NA
"real","POL_ARE",-0.108598529825852,0.29409959027794,29,NA,NA,NA
"real","POL_COL",0.245346349910882,0.259759586182108,21,NA,NA,NA
"real","POL_ECU",0.366407094531715,0.520803492516656,25,NA,NA,NA
"real","POL_GUY",-0.519826405028697,1.16857829422758,14,NA,NA,NA
"real","POL_JAM",-0.00737836189773413,0.515949236882606,16,NA,NA,NA
"real","POL_KOR",-0.0328273105912006,0.34149319031965,19,NA,NA,NA
"real","POL_KWT",-0.733135059964824,3.22911234373765,28,NA,NA,NA
"real","POL_MAC",-1.18758764023882,1.80574228217242,29,NA,NA,NA
"real","PRI_BRB",-0.0581938782588262,0.780119961774239,9,NA,NA,NA
"real","PRI_MEX",-0.118067325625724,2.06156204651432,8,NA,NA,NA
"real","PRK_JAM",0.0341860572488853,0.814832857231789,21,NA,NA,NA
"real","PRK_MUS",-0.762162879717446,4.34434883746936,28,NA,NA,NA
"real","PRK_SAU",0.0824537863003123,1.53032097286047,28,NA,NA,NA
"real","PRK_USA",-1.66754819014977,15.473584060811,12,NA,NA,NA
"real","PRT_BWA",-0.503199544188838,4.24089443041342,16,NA,NA,NA
"real","PRT_COK",-2.41089622005982,4.3556297733973,12,NA,NA,NA
"real","PRY_BEN",-0.039401059226304,0.789125369888512,14,NA,NA,NA
"real","PRY_COD",-0.304715206540888,1.18225437676954,14,NA,NA,NA
"real","PRY_LBR",-0.244749241465532,1.33239887829282,15,NA,NA,NA
"real","PRY_NZL",-0.633557304219906,2.47478186754554,29,NA,NA,NA
"real","PYF_BRA",-0.461462554657635,1.33716774754962,25,NA,NA,NA
"real","PYF_TUN",-0.411950974945639,1.41999407124738,29,NA,NA,NA
"real","QAT_CHL",-2.58258090278127,7.85206516500434,28,NA,NA,NA
"real","QAT_GUY",0.0750351130281104,3.07432754305898,9,NA,NA,NA
"real","QAT_IRN",-0.619115180145131,4.16548134354402,25,NA,NA,NA
"real","QAT_USA",0.138854812972626,0.283316332679513,29,NA,NA,NA
"real","ROU_FJI",-0.206411634312442,1.99535917569212,8,NA,NA,NA
"real","ROU_MUS",-1.03679215930892,2.24766749962253,20,NA,NA,NA
"real","ROU_TCD",-1.9290695636879,4.52622925919935,13,NA,NA,NA
"real","RWA_ARE",-3.35906234785531,6.80977771482662,22,NA,NA,NA
"real","SAU_AFG",-0.990223560800268,2.21681530091958,24,NA,NA,NA
"real","SAU_ALB",-0.466769587009791,2.12393476903546,27,NA,NA,NA
"real","SAU_ARG",-0.984685997685847,2.78990656882046,29,NA,NA,NA
"real","SAU_ATG",-2.58441189528102,9.45436955168674,19,NA,NA,NA
"real","SAU_BFA",-0.747745589676229,2.24804688481064,25,NA,NA,NA
"real","SAU_BHS",-2.52782011638543,8.54997671451507,19,NA,NA,NA
"real","SAU_BMU",-1.16904294060726,14.204590565149,13,NA,NA,NA
"real","SAU_BRN",-0.459948726922172,1.31064853521496,28,NA,NA,NA
"real","SAU_CAF",-0.965662100910817,4.0674608803765,29,NA,NA,NA
"real","SAU_CIV",-1.14158493796675,5.10604652954107,29,NA,NA,NA
"real","SAU_COD",-2.18716437937706,4.86262958329999,25,NA,NA,NA
"real","SAU_COG",-0.650751300002985,3.43980014921964,20,NA,NA,NA
"real","SAU_COM",-0.246513784628278,0.708170357277214,29,NA,NA,NA
"real","SAU_CUB",-1.24788391716964,3.20630140374799,25,NA,NA,NA
"real","SAU_GAB",-1.28938079297312,1.72459700050162,29,NA,NA,NA
"real","SAU_GHA",-0.555004554836134,1.8704009421197,29,NA,NA,NA
"real","SAU_GIN",-0.936141669045222,2.41690705956795,29,NA,NA,NA
"real","SAU_GMB",-0.360741893717331,1.41654564452906,29,NA,NA,NA
"real","SAU_GUY",-0.207563011675229,1.05306581267013,26,NA,NA,NA
"real","SAU_HND",-0.883182045908355,2.02740265018321,25,NA,NA,NA
"real","SAU_HUN",-1.2419804290851,3.16811319140186,29,NA,NA,NA
"real","SAU_IRN",-0.633093829593665,2.77262446070561,28,NA,NA,NA
"real","SAU_JAM",-0.508695776030643,1.84731459056705,25,NA,NA,NA
"real","SAU_KHM",-1.00089418917025,2.51564854685275,26,NA,NA,NA
"real","SAU_LAO",-1.2473787933995,3.7949446228113,13,NA,NA,NA
"real","SAU_MAC",-0.861099089607036,2.93585338406973,26,NA,NA,NA
"real","SAU_MLI",-0.257256371089394,0.654276018432194,29,NA,NA,NA
"real","SAU_MMR",-1.82654572390481,5.08845832041909,25,NA,NA,NA
"real","SAU_MNG",-0.516431455666402,3.71138489915736,22,NA,NA,NA
"real","SAU_MOZ",-0.723235988845386,4.83114178006027,27,NA,NA,NA
"real","SAU_MUS",-0.899553842818444,3.6290592062723,29,NA,NA,NA
"real","SAU_NER",-0.172184579388705,1.14319507855714,29,NA,NA,NA
"real","SAU_NGA",-0.750299157505042,1.27392425017599,29,NA,NA,NA
"real","SAU_NPL",-0.51304782453656,1.26656659928193,25,NA,NA,NA
"real","SAU_POL",-1.46262721389975,2.62906488056997,29,NA,NA,NA
"real","SAU_SHN",-0.246146424152281,3.79718262367341,9,NA,NA,NA
"real","SAU_SLE",-0.273487825227574,0.91603036605678,27,NA,NA,NA
"real","SAU_SOM",-0.0371102848280224,0.475767756647376,27,NA,NA,NA
"real","SAU_SUR",-0.689644574204856,3.32550683835834,12,NA,NA,NA
"real","SAU_TCD",-0.501788705850289,2.15100534070046,27,NA,NA,NA
"real","SAU_TTO",-0.647728861644073,1.99297143851576,28,NA,NA,NA
"real","SAU_TZA",-1.27220739538281,2.12497838033748,29,NA,NA,NA
"real","SAU_UGA",-1.12897678737056,1.96523262247562,29,NA,NA,NA
"real","SAU_URY",-1.74393327163362,7.56260505421272,28,NA,NA,NA
"real","SAU_VNM",-0.473110030452072,0.875335499048564,27,NA,NA,NA
"real","SAU_WSM",-1.13600771419739,6.65628936503858,12,NA,NA,NA
"real","SAU_ZMB",-0.784893009371053,4.42859326752703,28,NA,NA,NA
"real","SAU_ZWE",-0.4163804880409,2.17302270246063,27,NA,NA,NA
"real","SDN_BWA",-1.94984193037204,10.0989903616588,11,NA,NA,NA
"real","SEN_CHL",-3.15364782295892,7.30432965537115,23,NA,NA,NA
"real","SEN_COL",-1.33399213979296,7.4661167713436,25,NA,NA,NA
"real","SEN_ECU",-1.57940451681233,5.66744366216347,19,NA,NA,NA
"real","SEN_MOZ",-0.734038377508775,3.35297578068923,22,NA,NA,NA
"real","SEN_MWI",-1.74805045240267,7.05434172805745,17,NA,NA,NA
"real","SEN_TTO",-1.70123063300619,6.51604111964138,20,NA,NA,NA
"real","SGP_GRD",-1.35523446193754,1.82644465604407,28,NA,NA,NA
"real","SHN_KOR",-0.884384214497924,2.90760588597248,23,NA,NA,NA
"real","SHN_LKA",-1.76696796061893,4.18409981737748,12,NA,NA,NA
"real","SHN_USA",-0.835549909199644,2.17828194723786,29,NA,NA,NA
"real","SLB_AUT",-2.71606510795753,12.4699786979165,22,NA,NA,NA
"real","SLB_COL",-3.08838612060569,8.81808770810846,16,NA,NA,NA
"real","SLB_DNK",-1.63028164337698,5.32561176393042,18,NA,NA,NA
"real","SLE_AUS",-1.54058407344983,5.05402347787444,28,NA,NA,NA
"real","SLE_COL",-1.12145798053211,3.29581499917808,22,NA,NA,NA
"real","SLE_KWT",-0.716078617295903,3.05782548109914,16,NA,NA,NA
"real","SLE_MLT",-1.68860950258249,3.7968027186388,23,NA,NA,NA
"real","SLV_BLZ",-0.136182786135406,0.684771100699169,29,NA,NA,NA
"real","SLV_CHN",-1.33830237494894,2.38441546501256,29,NA,NA,NA
"real","SLV_DOM",-1.29450136962089,4.33424327598255,8,NA,NA,NA
"real","SLV_ECU",-0.417042864142366,1.04187192878746,25,NA,NA,NA
"real","SLV_HUN",-0.530413293037481,4.34446382681163,21,NA,NA,NA
"real","SLV_ISR",-0.808154223391816,2.80430763354429,29,NA,NA,NA
"real","SLV_JAM",-0.799144780998745,1.48601821546305,29,NA,NA,NA
"real","SLV_SGP",-1.1437343174608,3.80037398152818,26,NA,NA,NA
"real","SLV_VEN",-0.800710639417467,2.83888466431955,29,NA,NA,NA
"real","SOM_ARE",-0.214250615545039,0.516896410741363,16,NA,NA,NA
"real","SOM_IDN",-1.14734953997559,6.37486188334146,19,NA,NA,NA
"real","SOM_KEN",-0.711622817812491,1.86744306753303,19,NA,NA,NA
"real","SOM_KWT",-0.744844634896806,5.14171720680859,26,NA,NA,NA
"real","SOM_LKA",-1.19822465615814,10.0523062236497,13,NA,NA,NA
"real","SOM_MEX",-0.768281726785382,3.75258630750371,22,NA,NA,NA
"real","SOM_MYS",-1.5459532503942,4.67181855827025,15,NA,NA,NA
"real","SOM_QAT",0.0148424030067838,3.45155794489988,20,NA,NA,NA
"real","SPM_ECU",-1.94816485524315,9.82235411958343,13,NA,NA,NA
"real","SPM_USA",-1.06621166891267,4.91937569430724,28,NA,NA,NA
"real","STP_KOR",-0.973163928876408,2.52834264095281,23,NA,NA,NA
"real","SUR_CHL",-1.87094222384655,6.10121669457395,18,NA,NA,NA
"real","SUR_ECU",-1.9531295872688,7.65324853739344,20,NA,NA,NA
"real","SUR_IND",-1.9413965524178,5.2256178352012,24,NA,NA,NA
"real","SUR_IRL",-0.656583138411452,4.74159363627201,16,NA,NA,NA
"real","SUR_ISL",-2.17794249671346,16.0729502707972,22,NA,NA,NA
"real","SUR_NIC",-2.45145363314687,6.94745293306043,22,NA,NA,NA
"real","SUR_POL",-1.38840036741054,3.30986461007197,15,NA,NA,NA
"real","SUR_TUN",-2.87664601358193,5.85188101108085,23,NA,NA,NA
"real","SWE_ALB",-0.622384994063283,1.87148986608351,14,NA,NA,NA
"real","SWE_GUY",-0.420646570103249,0.468443421689043,16,NA,NA,NA
"real","SWE_MAC",0.0646796233846191,0.843840629374821,29,NA,NA,NA
"real","SWZ_DEU",-0.17703457901546,1.20973929051675,24,NA,NA,NA
"real","SWZ_KWT",-2.81366786250616,12.071992511166,21,NA,NA,NA
"real","SWZ_MAR",-0.750257293666547,3.46610678024917,21,NA,NA,NA
"real","SWZ_QAT",-1.5417369304987,6.09615561269385,20,NA,NA,NA
"real","SYC_CHL",-2.19447993495288,8.54817329502145,13,NA,NA,NA
"real","SYC_KOR",-0.880070284748122,2.84429148725175,22,NA,NA,NA
"real","SYC_NZL",-1.23093077306709,4.72643530473214,26,NA,NA,NA
"real","SYC_SWE",-0.472395585878797,4.15124957217928,20,NA,NA,NA
"real","SYR_CMR",-0.755868377547026,2.10697862817072,23,NA,NA,NA
"real","SYR_JAM",-0.132722528383118,1.57136444635673,10,NA,NA,NA
"real","SYR_MAC",-1.92850380617861,3.85365707327715,10,NA,NA,NA
"real","SYR_PHL",-1.86356712513358,7.64102097361125,26,NA,NA,NA
"real","SYR_VEN",-0.46867686202239,1.13996917527283,28,NA,NA,NA
"real","TCA_JAM",-0.383261276672954,1.43195314518499,21,NA,NA,NA
"real","TCA_ROU",-1.41007429664202,9.61099186252335,11,NA,NA,NA
"real","TCA_TTO",-1.18022603295937,11.668148906867,10,NA,NA,NA
"real","TCA_TUN",-1.45537153023901,5.94165204118027,14,NA,NA,NA
"real","TCA_USA",0.0718685319551622,0.184165242551453,29,NA,NA,NA
"real","TCD_AUS",-0.0143894769722055,3.3893816392179,16,NA,NA,NA
"real","TCD_CHL",-0.510072347245349,4.3132897633456,14,NA,NA,NA
"real","TCD_CHN",-0.923830091440641,4.55465320468475,27,NA,NA,NA
"real","TCD_COL",-1.62319440621051,13.0477198518486,22,NA,NA,NA
"real","TCD_SAU",0.497303913461747,3.18014098497705,12,NA,NA,NA
"real","TGO_CYP",-1.85223961514504,5.511257165007,11,NA,NA,NA
"real","THA_FRO",-0.950380354511153,4.7274381797485,28,NA,NA,NA
"real","THA_PYF",-0.545985831840674,1.32931677073981,29,NA,NA,NA
"real","THA_VUT",-0.632812600929054,1.60140178193291,29,NA,NA,NA
"real","THA_ZAF",0.28259302581401,0.469467926922824,29,NA,NA,NA
"real","TKL_COL",-1.24106667791772,3.2083781437377,23,NA,NA,NA
"real","TKL_JPN",-0.441756230030143,1.62542276591565,25,NA,NA,NA
"real","TKL_TTO",-2.01383233595652,4.34516059166793,16,NA,NA,NA
"real","TON_CHE",-2.24279529518683,6.17816133918605,19,NA,NA,NA
"real","TON_FRA",-0.392426399981125,1.66940357872113,26,NA,NA,NA
"real","TTO_ABW",-0.121268360841228,0.763933988966539,28,NA,NA,NA
"real","TTO_AIA",-0.355398583073558,0.98618560501718,25,NA,NA,NA
"real","TTO_ANT",-0.484047274829127,0.56785603168989,20,NA,NA,NA
"real","TTO_ARE",-2.42237180113499,2.84420641419739,29,NA,NA,NA
"real","TTO_AUT",-0.527881167024006,3.53226305462023,16,NA,NA,NA
"real","TTO_BMU",-1.19991417972628,3.53517673449479,29,NA,NA,NA
"real","TTO_BRN",-1.67523979089817,7.83059585672698,16,NA,NA,NA
"real","TTO_CHN",-1.60464787731424,5.04599775709148,29,NA,NA,NA
"real","TTO_CYM",-1.05864314696941,1.72779347849711,25,NA,NA,NA
"real","TTO_DOM",-0.456101407577148,0.475097433299005,29,NA,NA,NA
"real","TTO_GAB",-6.05731360544715,11.3293544817302,18,NA,NA,NA
"real","TTO_GIB",-3.88014191479215,14.4273452149024,10,NA,NA,NA
"real","TTO_GTM",-0.401837247933307,1.16234478625526,29,NA,NA,NA
"real","TTO_HND",-0.502863166818881,1.58925141583408,29,NA,NA,NA
"real","TTO_HTI",-0.694698947423626,1.37395669941086,9,NA,NA,NA
"real","TTO_IRL",0.239319417766936,3.11480574009381,16,NA,NA,NA
"real","TTO_ISL",-0.673189652275238,2.07465349169054,19,NA,NA,NA
"real","TTO_ISR",-4.81735126385052,10.9807287786801,26,NA,NA,NA
"real","TTO_KEN",-1.78773076883726,5.10418316178624,28,NA,NA,NA
"real","TTO_MLT",-2.06106624613944,4.0846273911431,15,NA,NA,NA
"real","TTO_MWI",-1.85900892714958,7.48823037858393,17,NA,NA,NA
"real","TTO_NOR",-1.67030822727789,4.46574444569757,29,NA,NA,NA
"real","TTO_PAN",-0.373083315138318,1.02884594096374,27,NA,NA,NA
"real","TTO_POL",-0.574786853337412,4.99315417668176,10,NA,NA,NA
"real","TTO_TUR",-1.5793283887969,4.90031752423348,28,NA,NA,NA
"real","TTO_URY",-2.04292042050618,6.56751809893209,29,NA,NA,NA
"real","TTO_VGB",-0.678184850275392,1.57537463035457,25,NA,NA,NA
"real","TTO_ZMB",-4.08413628281861,18.3111596674449,8,NA,NA,NA
"real","TUN_ATG",-0.264337562168916,3.93171537088628,28,NA,NA,NA
"real","TUN_CRI",-1.31351110901675,3.87965669669082,23,NA,NA,NA
"real","TUN_GAB",-0.411592500023744,0.497478876667947,29,NA,NA,NA
"real","TUN_GNQ",-0.133397801373151,0.981799309613968,27,NA,NA,NA
"real","TUN_GTM",-1.6991015791461,11.921135562536,20,NA,NA,NA
"real","TUN_HND",-0.904744903671389,1.88233687200128,25,NA,NA,NA
"real","TUN_KEN",-0.882553684504908,1.90950862233157,25,NA,NA,NA
"real","TUN_MLI",-0.499601534925998,1.74953385808083,29,NA,NA,NA
"real","TUN_NER",0.0701973974248968,0.951035285971258,29,NA,NA,NA
"real","TUN_POL",-0.0343298064069916,0.234004028468035,12,NA,NA,NA
"real","TUN_PYF",0.0277262469697899,0.102543802795253,29,NA,NA,NA
"real","TUN_SLE",-0.805268571436902,2.87639772245569,21,NA,NA,NA
"real","TUN_TCD",-0.604457531516291,1.37834912215837,29,NA,NA,NA
"real","TUN_TGO",0.297292675338953,0.720579372624947,29,NA,NA,NA
"real","TUN_TWN",-0.760385783937578,2.26972079535501,29,NA,NA,NA
"real","TUN_UGA",-2.12964620089101,3.44881274370863,25,NA,NA,NA
"real","TUR_BLZ",-1.3956469999607,3.87673707927984,29,NA,NA,NA
"real","TUR_BRN",-1.10135073356349,2.45085307431583,29,NA,NA,NA
"real","TUR_MNG",-0.666563223168608,0.707824855225746,28,NA,NA,NA
"real","TUR_TCD",-0.928530879810438,2.06660864511452,27,NA,NA,NA
"real","TUV_COL",0.299897655239229,6.40100980626052,12,NA,NA,NA
"real","TUV_NLD",-0.110101324450281,4.33421919061915,16,NA,NA,NA
"real","TUV_USA",0.572829204778825,6.16837944230675,24,NA,NA,NA
"real","TWN_COD",-0.321144247499826,2.13857896086176,23,NA,NA,NA
"real","TWN_KIR",-0.730345762924287,3.17955526747698,27,NA,NA,NA
"real","TWN_NIC",-0.288978183878531,1.10895087052066,16,NA,NA,NA
"real","TWN_ROU",-0.368217110095579,0.92121233007279,29,NA,NA,NA
"real","TZA_ARE",-1.41681727674591,2.24335462250499,26,NA,NA,NA
"real","TZA_JOR",-1.17195232976255,2.32737869204805,28,NA,NA,NA
"real","TZA_QAT",-1.87325638361074,3.53049217552574,24,NA,NA,NA
"real","UGA_BRA",-0.573709336556175,2.93368789863285,27,NA,NA,NA
"real","UGA_ECU",-1.59102898914141,4.60501331344946,16,NA,NA,NA
"real","UGA_OMN",-0.911641249735118,2.33154941574145,27,NA,NA,NA
"real","UGA_TUN",-1.6004872905339,4.3695120579959,26,NA,NA,NA
"real","URY_CRI",-0.6696129407981,1.75816247612362,27,NA,NA,NA
"real","URY_GUY",-0.90583459291936,1.96078083759146,25,NA,NA,NA
"real","URY_JAM",-0.787220427799487,1.29424207292632,29,NA,NA,NA
"real","URY_OMN",-1.02663802484907,2.60484454480078,22,NA,NA,NA
"real","URY_QAT",-0.461308736252747,1.08255697130582,23,NA,NA,NA
"real","URY_TTO",-0.516900815269002,1.60087331388731,29,NA,NA,NA
"real","USA_ABW",0.112191256497476,0.245104227065368,29,NA,NA,NA
"real","USA_AIA",0.00899834111890413,0.541988487712625,29,NA,NA,NA
"real","USA_AND",-0.0419768304983881,0.708719028143229,29,NA,NA,NA
"real","USA_ANT",-0.0173987057924415,0.175836051996439,19,NA,NA,NA
"real","USA_ATF",-0.449202583954194,1.72284482391038,29,NA,NA,NA
"real","USA_BDI",-0.169822256608184,0.385707569105166,29,NA,NA,NA
"real","USA_BMU",-0.306805624237128,0.171152119841608,29,NA,NA,NA
"real","USA_CCK",-0.817692566831828,0.835234177706206,29,NA,NA,NA
"real","USA_COM",-0.248303375594574,0.811405316873573,29,NA,NA,NA
"real","USA_CUB",-1.99813634068977,9.71286776994088,29,NA,NA,NA
"real","USA_CXR",-0.486566704385855,1.11441509780241,29,NA,NA,NA
"real","USA_CYM",0.171505042382045,0.184469488944799,29,NA,NA,NA
"real","USA_ESH",-1.37660847073191,2.14472918375129,25,NA,NA,NA
"real","USA_FLK",-0.682760367199956,1.29213283128723,29,NA,NA,NA
"real","USA_GIB",-1.4905999523337,2.63449017346297,29,NA,NA,NA
"real","USA_GRL",-0.0973357593121277,0.62703910375599,29,NA,NA,NA
"real","USA_IOT",-0.739499080712408,1.31898511011707,29,NA,NA,NA
"real","USA_LAO",-0.296169657612739,0.402025116489837,29,NA,NA,NA
"real","USA_MDV",-0.302033434017308,0.346721954210381,29,NA,NA,NA
"real","USA_MNG",-0.403191314346207,0.435129306674903,29,NA,NA,NA
"real","USA_MSR",-0.0694958642314799,0.0332718779411625,29,NA,NA,NA
"real","USA_NFK",-0.502269337529547,1.95224309200869,29,NA,NA,NA
"real","USA_PRK",-4.84315735900137,19.196276262022,28,NA,NA,NA
"real","USA_SPM",-0.59130105633233,1.86671463003296,28,NA,NA,NA
"real","USA_TCA",-0.0828445570070394,0.0554175568711794,29,NA,NA,NA
"real","USA_TKL",-0.654590468040163,1.58065797677077,29,NA,NA,NA
"real","USA_TUV",0.253218904715907,3.54535680166759,28,NA,NA,NA
"real","USA_VGB",-0.0612504633069266,1.04646125174808,29,NA,NA,NA
"real","USA_VUT",-0.899299510726041,1.68746577926826,29,NA,NA,NA
"real","USA_YEM",-0.00282926209218156,0.14076866271655,29,NA,NA,NA
"real","VCT_COL",-3.08023181754292,10.0903144123305,14,NA,NA,NA
"real","VCT_MEX",-2.30334679371347,8.3429372340227,18,NA,NA,NA
"real","VEN_ARE",-4.44763433679341,8.26655812633434,29,NA,NA,NA
"real","VEN_LBN",-1.06360961257034,3.32075349086169,27,NA,NA,NA
"real","VEN_MDG",-3.71988703578358,10.3633192504301,16,NA,NA,NA
"real","VEN_SYR",-1.25373223290881,5.51985004592579,17,NA,NA,NA
"real","VGB_BRA",-0.125208216999442,1.85433237728409,29,NA,NA,NA
"real","VGB_CHL",-2.00245982748932,8.00246670095341,16,NA,NA,NA
"real","VGB_GUY",-2.2061040997044,8.85202345070286,23,NA,NA,NA
"real","VGB_ISL",-3.91372286888694,7.98166068966835,15,NA,NA,NA
"real","VGB_PRT",-0.885395250928008,3.78820312534866,10,NA,NA,NA
"real","VGB_TTO",-4.6910712430354,5.03615699799939,22,NA,NA,NA
"real","VGB_USA",-0.143555135947932,1.08465702550584,29,NA,NA,NA
"real","VNM_ARE",-1.45491211220916,3.25115505347919,23,NA,NA,NA
"real","VNM_MLT",-1.0516413260676,1.20507930152,29,NA,NA,NA
"real","VNM_SAU",-1.14014549782913,1.56686381859925,28,NA,NA,NA
"real","VUT_GBR",-0.158993660999031,2.35951165888382,29,NA,NA,NA
"real","VUT_NLD",-0.777849619846194,1.87567869253556,27,NA,NA,NA
"real","VUT_TTO",-6.98087504079478,20.3087255019915,10,NA,NA,NA
"real","WSM_CHL",-0.936306020598076,2.41183752494273,21,NA,NA,NA
"real","WSM_COL",-2.73611006096539,8.46019599774431,19,NA,NA,NA
"real","YEM_AUS",-2.75936313814713,10.5124353808123,26,NA,NA,NA
"real","YEM_BGD",-0.399856440372028,1.4310795121041,21,NA,NA,NA
"real","YEM_CAN",-0.943528533250682,2.49196004387335,29,NA,NA,NA
"real","YEM_CYP",-4.5864785301696,7.92977757111023,21,NA,NA,NA
"real","YEM_DJI",-0.667251280128825,2.08945611988064,16,NA,NA,NA
"real","YEM_ECU",-3.057514965164,9.42760822574459,19,NA,NA,NA
"real","YEM_FRA",-0.743753469132428,2.72604828525263,28,NA,NA,NA
"real","YEM_ITA",-0.201718958201595,1.38460945674545,28,NA,NA,NA
"real","YEM_LKA",-0.561912848448038,3.68451562959459,23,NA,NA,NA
"real","YEM_MEX",-3.18400473056906,8.04521519330228,21,NA,NA,NA
"real","YEM_NLD",-0.901219718992935,2.73288748535713,29,NA,NA,NA
"real","YEM_PER",-0.972138467394355,5.68012058604311,11,NA,NA,NA
"real","YEM_THA",-1.18658566772226,7.3293362284208,29,NA,NA,NA
"real","YEM_USA",-0.663366034599492,1.537189275309,29,NA,NA,NA
"real","ZAF_DEU",-0.0186619516665686,0.0733503273511402,8,NA,NA,NA
"real","ZAF_HUN",-0.0755848372740082,0.550219209912783,12,NA,NA,NA
"real","ZAF_MLT",0.240064875442911,2.2340884623743,12,NA,NA,NA
"real","ZAF_ROU",-0.781044914297727,1.84415721910215,13,NA,NA,NA
"real","ZMB_BGD",-2.11633651082688,10.7034978581508,19,NA,NA,NA
"real","ZMB_CHL",-1.35912739495593,3.21903995517427,23,NA,NA,NA
"real","ZMB_MAR",-0.765388935377552,2.35837930735591,22,NA,NA,NA
"real","ZWE_ARE",-2.22912631391923,6.20989246677185,29,NA,NA,NA
"real","ZWE_HND",-1.78254586892527,9.0163367217115,19,NA,NA,NA
"real","ZWE_HTI",-0.906409478198086,2.91069719863767,9,NA,NA,NA
"real","ZWE_MLT",-0.567779225732583,1.59477352037862,14,NA,NA,NA
"real","ZWE_NPL",-1.44687891628315,4.93839189750703,13,NA,NA,NA
"real","ZWE_SAU",-0.553377339272747,2.61242835716418,29,NA,NA,NA
"real","ZWE_YEM",-1.15884984103656,3.39241483552027,26,NA,NA,NA
"real","ABW_BRN",0.879798773290477,3.08469965795722,8,NA,NA,NA
"real","ABW_CHN",-4.07114299029598,16.8370567573265,16,NA,NA,NA
"real","ABW_KOR",-2.86301413290415,28.9625743460805,20,NA,NA,NA
"real","ABW_LCA",1.0648417983083,9.6992740592555,23,NA,NA,NA
"real","AFG_BOL",-1.28897150736963,5.30914709969163,22,NA,NA,NA
"real","AFG_BRN",-0.43634173423954,3.96034098030493,22,NA,NA,NA
"real","AFG_HRV",-1.00996047254063,5.71606448995687,28,NA,NA,NA
"real","AFG_KWT",-0.135301000797969,1.45490555973668,25,NA,NA,NA
"real","AFG_POL",-0.15120539376456,1.27135227924531,25,NA,NA,NA
"real","AFG_SVN",-0.986323736163908,3.90481887106179,28,NA,NA,NA
"real","AFG_TTO",-1.82611692235388,7.13318068085614,22,NA,NA,NA
"real","AGO_COL",-5.67870588457975,17.903043090925,20,NA,NA,NA
"real","AGO_DZA",-0.952833027895692,1.66444304802517,25,NA,NA,NA
"real","AGO_HUN",-3.66775382727218,14.7046648751621,17,NA,NA,NA
"real","AGO_ROU",-5.5017244703125,11.4575117377504,15,NA,NA,NA
"real","AGO_SAU",-1.28896531554609,3.79389603073606,13,NA,NA,NA
"real","AGO_TUN",-2.35042425738751,5.6042760981455,25,NA,NA,NA
"real","AIA_JPN",-0.708200428097506,2.45370134674207,24,NA,NA,NA
"real","ALB_ARG",-0.844478500216467,2.64874846616374,24,NA,NA,NA
"real","ALB_CHN",-1.4686540460481,8.65626383520848,24,NA,NA,NA
"real","ALB_COL",-0.166512309758524,2.62614113174215,27,NA,NA,NA
"real","ALB_HRV",-0.115029910221013,1.31154741102035,10,NA,NA,NA
"real","ALB_IRL",-0.163208906088003,1.43033683896177,13,NA,NA,NA
"real","ALB_MAR",-0.278577306267,2.35439145116111,24,NA,NA,NA
"real","ALB_SVN",-0.159833934345436,1.32776717785406,13,NA,NA,NA
"real","ALB_TTO",-1.44685705761821,11.5788819220785,13,NA,NA,NA
"real","AND_CHN",-1.12757499656472,6.63462517274508,23,NA,NA,NA
"real","ANT_BLZ",-1.74314852812318,4.15793541524697,19,NA,NA,NA
"real","ANT_BOL",-1.06013028910397,7.42552869271805,19,NA,NA,NA
"real","ANT_CHN",-2.35008874258329,16.140591031009,15,NA,NA,NA
"real","ANT_LCA",0.0908317332794765,5.71927521698677,14,NA,NA,NA
"real","ANT_PER",-1.08050516920586,2.50123601199198,18,NA,NA,NA
"real","ANT_SAU",-0.755642125603528,5.21074962355109,13,NA,NA,NA
"real","ARE_BOL",-1.54674992027466,2.74571384369644,25,NA,NA,NA
"real","ARE_BRN",-1.01386256008461,0.456936991667565,24,NA,NA,NA
"real","ARE_GIN",-1.36365949513664,5.45815939628636,23,NA,NA,NA
"real","ARE_GMB",-0.598560947433813,1.95829191231529,26,NA,NA,NA
"real","ARE_HRV",-0.401001105198851,0.536664765903639,28,NA,NA,NA
"real","ARE_HUN",-0.595329645752285,0.753439826983507,28,NA,NA,NA
"real","ARE_MMR",-0.651946066287521,1.45036349380966,17,NA,NA,NA
"real","ARE_SEN",-0.818758725006461,2.26980191543635,25,NA,NA,NA
"real","ARE_SYC",-1.55528207499764,4.42855691754498,26,NA,NA,NA
"real","ARE_VEN",-1.16875277511414,3.5485219767766,28,NA,NA,NA
"real","ARG_BLZ",-0.235665172054319,0.928332676987167,27,NA,NA,NA
"real","ARG_HRV",-0.0896756861369367,0.334910109639287,28,NA,NA,NA
"real","ARG_LCA",-1.49902399465788,2.07976404199185,28,NA,NA,NA
"real","ARG_SVN",-0.28551219947294,0.410241033538021,28,NA,NA,NA
"real","ARG_VUT",-0.462617414523274,2.5829707046645,16,NA,NA,NA
"real","ARG_YEM",-0.803900980872038,3.06811441387313,28,NA,NA,NA
"real","ARM_CHE",-0.85182771027935,1.56873529538881,28,NA,NA,NA
"real","ARM_DEU",-0.406986894306445,0.513640899484199,25,NA,NA,NA
"real","ARM_DNK",-0.477637537563764,2.4857850851135,20,NA,NA,NA
"real","ARM_ESP",-1.65213291160415,4.92533795554582,25,NA,NA,NA
"real","ARM_HRV",-1.3860315698681,8.17028981479847,19,NA,NA,NA
"real","ARM_IRL",-0.341611728149205,4.48954200802147,20,NA,NA,NA
"real","ARM_JPN",-0.687530173895625,1.06904794070173,27,NA,NA,NA
"real","ARM_LTU",-0.0208980512260201,3.174862193502,24,NA,NA,NA
"real","ARM_NLD",-0.771870131485929,2.14500586225283,24,NA,NA,NA
"real","ARM_NZL",-0.165930187704754,0.991211071457886,22,NA,NA,NA
"real","ARM_ROU",-0.640441321475592,3.928518587359,22,NA,NA,NA
"real","ARM_SAU",0.204331560106242,1.60299900468392,26,NA,NA,NA
"real","ARM_SWE",-1.26406043927504,2.56109214030693,23,NA,NA,NA
"real","ARM_TUR",0.179628180621734,1.59518349238662,24,NA,NA,NA
"real","ARM_TWN",-2.00478234297767,6.89877916003265,23,NA,NA,NA
"real","ARM_USA",-0.011474948327569,0.464920248143827,28,NA,NA,NA
"real","ATG_COL",-1.35765874447029,10.965145702476,27,NA,NA,NA
"real","ATG_HRV",-3.80411401564095,17.7636234541736,14,NA,NA,NA
"real","ATG_HUN",-0.274073194184752,2.64131251240297,16,NA,NA,NA
"real","ATG_IRL",-1.95003543012479,11.3157442906498,12,NA,NA,NA
"real","ATG_ROU",-0.80546576809172,2.35957363443614,8,NA,NA,NA
"real","ATG_SAU",-0.554425492173672,4.71899537395962,14,NA,NA,NA
"real","AUS_EST",-0.52428802224043,1.03829815940015,28,NA,NA,NA
"real","AUS_HRV",0.101666142329404,0.317537024299283,28,NA,NA,NA
"real","AUS_IOT",-1.76733135697025,6.16837307757087,14,NA,NA,NA
"real","AUS_KAZ",-0.42576956329043,1.05564470794873,28,NA,NA,NA
"real","AUS_LTU",0.126682732896352,0.379836662853401,28,NA,NA,NA
"real","AUS_LVA",-0.0302830902477849,0.679121923683684,28,NA,NA,NA
"real","AUS_MNP",-0.0476745852610089,0.255470543872977,28,NA,NA,NA
"real","AUS_RUS",0.00892341783384979,0.132571230630224,28,NA,NA,NA
"real","AUS_SVN",-0.00389328347837405,0.440156850341425,28,NA,NA,NA
"real","AUS_SWZ",-0.550634012392627,0.914620532530289,24,NA,NA,NA
"real","AUS_TCA",-1.06081955823239,4.07989178776456,20,NA,NA,NA
"real","AUS_UKR",-0.394725814997252,1.33814971913089,28,NA,NA,NA
"real","AUT_BDI",-0.684474412123375,2.8471495684992,28,NA,NA,NA
"real","AUT_BIH",-0.337837021094397,0.719588224920432,15,NA,NA,NA
"real","AUT_BLZ",-0.21752824887324,0.604991537479344,15,NA,NA,NA
"real","AUT_BOL",-0.545360750105411,0.341987183794943,28,NA,NA,NA
"real","AUT_BRN",-0.157525982221775,0.351527476511753,28,NA,NA,NA
"real","AUT_BTN",-0.426001676729518,1.38827314873626,28,NA,NA,NA
"real","AUT_HRV",-0.0152319200798533,0.013319810845971,9,NA,NA,NA
"real","AUT_KEN",0.0620717419041306,0.30087859941301,27,NA,NA,NA
"real","AUT_LCA",-0.627894546703301,0.824099175790965,15,NA,NA,NA
"real","AUT_MKD",-0.233173583507385,1.51615041261107,8,NA,NA,NA
"real","AUT_MUS",-0.204134583368893,0.696499168835195,19,NA,NA,NA
"real","AUT_PNG",-1.49445027442505,3.16058201604334,16,NA,NA,NA
"real","AUT_RUS",-0.158865804115758,0.941655283330531,28,NA,NA,NA
"real","AUT_SDN",-0.104074765081182,1.55072032438836,27,NA,NA,NA
"real","AUT_TJK",-0.0608304001825593,0.419167579621295,27,NA,NA,NA
"real","AUT_UKR",-0.1569197091765,0.914449152532402,21,NA,NA,NA
"real","AUT_YEM",-0.121593325794038,0.159077501198536,27,NA,NA,NA
"real","AZE_BGR",-0.714086442135807,4.858852933758,25,NA,NA,NA
"real","AZE_CHE",0.37195772561691,0.967600649995804,28,NA,NA,NA
"real","AZE_CHN",0.132515484105594,2.57147995926007,28,NA,NA,NA
"real","AZE_DEU",0.0283949246791064,0.109323562784152,28,NA,NA,NA
"real","AZE_DNK",-1.01620887166193,5.80634564143983,28,NA,NA,NA
"real","AZE_ESP",-0.268617155638324,0.994321571054196,28,NA,NA,NA
"real","AZE_FRA",-0.308785937668813,0.393515243662032,28,NA,NA,NA
"real","AZE_GRC",-0.477956041330563,1.66005609661507,28,NA,NA,NA
"real","AZE_HUN",-1.32912970691355,7.85537563371231,28,NA,NA,NA
"real","AZE_ITA",-0.205573815511695,0.109787096557376,28,NA,NA,NA
"real","AZE_JPN",-0.647345753670594,2.71411953719296,28,NA,NA,NA
"real","AZE_LTU",1.11533059396694,4.8739056472138,27,NA,NA,NA
"real","AZE_NZL",-1.21746753448276,3.62406765933129,25,NA,NA,NA
"real","AZE_POL",0.837614317270921,4.24290867144392,28,NA,NA,NA
"real","AZE_ROU",0.0209367368062925,1.34001484623949,28,NA,NA,NA
"real","AZE_SAU",0.238725349158401,4.85417120436723,27,NA,NA,NA
"real","AZE_SVN",-1.08403948562515,11.4063746587814,27,NA,NA,NA
"real","AZE_SWE",-1.44642481597109,2.93223962538001,28,NA,NA,NA
"real","AZE_USA",-0.839823188825253,1.68602523509405,28,NA,NA,NA
"real","BDI_CHN",-1.35776356145235,3.42538359406123,27,NA,NA,NA
"real","BDI_COL",-0.920145805981579,3.9427753621306,17,NA,NA,NA
"real","BDI_PER",-1.74780250084604,3.71543183093398,9,NA,NA,NA
"real","BDI_SAU",-0.514000723194288,1.98439670170166,17,NA,NA,NA
"real","BDI_SVN",-2.07943073644452,8.65382624391042,25,NA,NA,NA
"real","BEN_BGR",-1.7795534923,6.53870021267257,16,NA,NA,NA
"real","BEN_FIN",-4.08214069322274,6.05408847544016,16,NA,NA,NA
"real","BEN_GAB",-2.00834795471301,3.1817801962549,28,NA,NA,NA
"real","BEN_SAU",-1.1471188192803,8.47364766227554,24,NA,NA,NA
"real","BEN_ZAF",0.190249983923088,1.68172660378239,26,NA,NA,NA
"real","BFA_BOL",-2.08004433343871,15.950466037191,14,NA,NA,NA
"real","BFA_BRA",-1.47452577814838,12.7274809217965,25,NA,NA,NA
"real","BFA_IRL",-0.621379503825097,5.28599322943987,25,NA,NA,NA
"real","BFA_KEN",-1.86497307888205,5.63771611621898,23,NA,NA,NA
"real","BFA_MLT",-0.524526929304554,10.2414972070678,8,NA,NA,NA
"real","BFA_PER",-1.3122969923042,11.3686626226771,18,NA,NA,NA
"real","BFA_SVN",-0.122987942299781,4.59044230581334,25,NA,NA,NA
"real","BGD_AND",-1.29414369112754,2.68954863884733,27,NA,NA,NA
"real","BGD_ATG",-0.505911927330928,1.51069713038036,18,NA,NA,NA
"real","BGD_HRV",-1.25697233392828,2.89509199683858,28,NA,NA,NA
"real","BGD_LCA",-0.487151260617494,5.72703054956333,22,NA,NA,NA
"real","BGD_MAC",-1.15275717613295,3.58810644369949,24,NA,NA,NA
"real","BGD_RUS",-0.621592328383796,0.762071317356033,28,NA,NA,NA
"real","BGD_SVN",-0.773612450763988,1.55266393003299,28,NA,NA,NA
"real","BGR_ARG",-0.195297173586714,0.912643124960683,28,NA,NA,NA
"real","BGR_BOL",-0.76106790527482,2.04919846904975,27,NA,NA,NA
"real","BGR_BRN",-1.48853426348446,3.86169111764326,20,NA,NA,NA
"real","BGR_HRV",-0.0463065593588097,0.150041303632971,10,NA,NA,NA
"real","BGR_LCA",-0.862259435594232,4.39389768928474,15,NA,NA,NA
"real","BGR_MMR",-1.03345200014561,3.9360507872948,22,NA,NA,NA
"real","BGR_ZAF",-0.745741212602051,1.38920500182941,13,NA,NA,NA
"real","BHR_BRA",-2.28934420972974,11.2784332286901,22,NA,NA,NA
"real","BHR_BRN",-1.99313616107958,5.45862050794058,23,NA,NA,NA
"real","BHR_DZA",-0.746696613072122,3.63459302622351,16,NA,NA,NA
"real","BHR_ECU",-1.43320916627489,5.39210268776147,16,NA,NA,NA
"real","BHR_HUN",-1.27254204051089,2.97496491730468,28,NA,NA,NA
"real","BHR_IRL",-0.635993088883821,1.87240367756242,28,NA,NA,NA
"real","BHR_KEN",-0.866461188490776,3.63758958493777,25,NA,NA,NA
"real","BHR_ROU",-1.45653383490062,5.96232069941638,26,NA,NA,NA
"real","BHR_SWE",-0.420596693441007,1.79245605446395,28,NA,NA,NA
"real","BHR_TWN",-0.286262699803569,2.1348034986657,24,NA,NA,NA
"real","BHS_BRN",-1.46725201219856,4.24044425593433,13,NA,NA,NA
"real","BHS_DZA",-3.68878620973526,8.72173366225895,21,NA,NA,NA
"real","BHS_EGY",-1.83356526241856,5.34176619336136,11,NA,NA,NA
"real","BHS_HUN",-0.962770636846721,1.76999706602694,15,NA,NA,NA
"real","BHS_IRL",-0.283754198014675,3.75371800622828,15,NA,NA,NA
"real","BHS_PER",-2.34356167765453,7.88011478717784,27,NA,NA,NA
"real","BIH_AUS",-0.350807885813812,0.471833632708108,27,NA,NA,NA
"real","BIH_CHE",-0.676847092862633,1.08958673879197,22,NA,NA,NA
"real","BIH_DEU",0.144934464471282,0.0767200466586095,15,NA,NA,NA
"real","BIH_DNK",-0.562681234849667,2.74952918072581,15,NA,NA,NA
"real","BIH_ESP",-0.830456253782968,1.76081471523602,14,NA,NA,NA
"real","BIH_FRA",-1.06072241473553,2.36047667104265,15,NA,NA,NA
"real","BIH_GRC",0.083017744808488,1.19750696565778,15,NA,NA,NA
"real","BIH_HRV",-0.0962073398156255,0.111519398765528,8,NA,NA,NA
"real","BIH_IRL",-0.428134157973586,3.52182602772661,15,NA,NA,NA
"real","BIH_ITA",-0.54614623409536,2.3026757415304,15,NA,NA,NA
"real","BIH_JPN",-0.593681602504139,1.23968141250513,27,NA,NA,NA
"real","BIH_NLD",-0.0502190540621279,0.425230619215891,15,NA,NA,NA
"real","BIH_NZL",-0.754619269692791,1.24702581204146,23,NA,NA,NA
"real","BIH_PAK",-0.56798033256813,0.921660957939202,19,NA,NA,NA
"real","BIH_PRT",-1.83603429961764,6.92124950845086,13,NA,NA,NA
"real","BIH_SWE",-0.515908799076385,0.383197929215034,15,NA,NA,NA
"real","BIH_TUR",-0.338038567168734,0.509252933355396,10,NA,NA,NA
"real","BIH_USA",0.125158423466374,0.490916004715638,28,NA,NA,NA
"real","BLR_ARE",-0.331577925966852,1.37518544345568,24,NA,NA,NA
"real","BLR_AUS",-0.739715205128082,2.01687178786025,28,NA,NA,NA
"real","BLR_BGR",-0.105821674330294,1.96791930488705,25,NA,NA,NA
"real","BLR_CHE",-0.0654677548204189,0.696565191802746,28,NA,NA,NA
"real","BLR_CHN",0.117917151863565,0.373561783203098,28,NA,NA,NA
"real","BLR_DEU",0.00574370605932979,0.133778478752459,28,NA,NA,NA
"real","BLR_DNK",-0.332508019989811,0.617181327783193,28,NA,NA,NA
"real","BLR_ESP",-0.34334982485224,0.530598723853595,28,NA,NA,NA
"real","BLR_FIN",-0.349907061472739,0.457107316367711,28,NA,NA,NA
"real","BLR_GRC",-0.869069483307048,1.92032530054131,28,NA,NA,NA
"real","BLR_HRV",0.119388687079196,0.718892530318742,28,NA,NA,NA
"real","BLR_IRL",-0.377165726171216,0.760745684170908,28,NA,NA,NA
"real","BLR_ITA",-0.0432069089339782,0.674071171577085,28,NA,NA,NA
"real","BLR_JPN",-0.0458574074505667,0.587862166468452,28,NA,NA,NA
"real","BLR_LTU",-0.00238999911350983,0.113780355978514,27,NA,NA,NA
"real","BLR_NLD",-0.516349005134086,0.653071373353402,28,NA,NA,NA
"real","BLR_POL",0.117583911265208,0.236536529790369,28,NA,NA,NA
"real","BLR_PRT",-0.2541720884244,0.877423183802104,28,NA,NA,NA
"real","BLR_ROU",0.0801963602948863,0.134980427617081,28,NA,NA,NA
"real","BLR_SAU",-0.592142478844355,1.7631156884605,27,NA,NA,NA
"real","BLR_SVN",-0.00252109640449487,0.549275426691676,28,NA,NA,NA
"real","BLR_SWE",-0.522144799681168,0.726406602620413,28,NA,NA,NA
"real","BLR_TUR",-0.126219233411602,0.364862939912754,28,NA,NA,NA
"real","BLR_TWN",-0.324112976236303,1.63115451248984,25,NA,NA,NA
"real","BLR_USA",-0.135984567725594,0.164133670430694,28,NA,NA,NA
"real","BLZ_ANT",-0.712080437950904,6.23102925205517,16,NA,NA,NA
"real","BLZ_ARG",-1.32087536250789,4.76223543966286,21,NA,NA,NA
"real","BLZ_AUT",-0.735448755465246,3.61100621980753,14,NA,NA,NA
"real","BLZ_BMU",-0.521633698431246,8.66325567335256,14,NA,NA,NA
"real","BLZ_BOL",-2.37520061935424,5.01821208769767,19,NA,NA,NA
"real","BLZ_BRN",-0.77442757681693,4.08824940094224,17,NA,NA,NA
"real","BLZ_COL",-2.50956728706667,5.85700438772015,27,NA,NA,NA
"real","BLZ_CYM",-0.397965305244722,1.96113086341761,22,NA,NA,NA
"real","BLZ_DOM",-1.50025029520865,6.24294160442121,27,NA,NA,NA
"real","BLZ_GRC",-1.11883703095063,4.37626587087043,10,NA,NA,NA
"real","BLZ_GTM",-0.524619203006985,2.04327880808014,28,NA,NA,NA
"real","BLZ_HND",-0.871009910928525,4.2322911548693,28,NA,NA,NA
"real","BLZ_HRV",-0.592507667395413,3.70279052858561,16,NA,NA,NA
"real","BLZ_HUN",-1.11239704906523,2.51352049570311,12,NA,NA,NA
"real","BLZ_IND",-1.35832975113434,5.60325700157337,21,NA,NA,NA
"real","BLZ_IRL",-0.955450929253236,5.39527569466337,13,NA,NA,NA
"real","BLZ_MAR",-2.55362431361271,6.89427460191862,19,NA,NA,NA
"real","BLZ_NOR",-1.34935991254933,3.13210024908417,21,NA,NA,NA
"real","BLZ_NZL",-1.4636502883728,4.40341552854966,26,NA,NA,NA
"real","BLZ_PAN",-1.99318371908579,7.18068849943156,28,NA,NA,NA
"real","BLZ_SLV",-0.521117673812362,2.10751529466319,28,NA,NA,NA
"real","BLZ_TWN",-0.60407628490769,3.57837258759948,27,NA,NA,NA
"real","BMU_BLZ",0.0253654372309703,15.7975181681989,10,NA,NA,NA
"real","BMU_BRN",-0.917813088160917,4.86232994830316,9,NA,NA,NA
"real","BMU_CHN",0.305917081038374,9.03626570003789,17,NA,NA,NA
"real","BMU_DZA",-0.59145001433361,12.4291848955116,18,NA,NA,NA
"real","BMU_GUY",-0.239290027322272,7.36932979519065,13,NA,NA,NA
"real","BMU_LCA",0.772969458602624,10.2119828851179,21,NA,NA,NA
"real","BMU_PER",-1.25834222091625,24.8723315235158,18,NA,NA,NA
"real","BMU_PRY",0.54893846848359,8.7529062076333,13,NA,NA,NA
"real","BMU_SAU",-0.473517383223572,6.50479731281111,22,NA,NA,NA
"real","BMU_TTO",-0.386761508605022,4.02376200710337,17,NA,NA,NA
"real","BOL_ATG",-0.568693185356597,2.6385587510369,9,NA,NA,NA
"real","BOL_BLZ",-0.429512833567355,0.913353951553158,19,NA,NA,NA
"real","BOL_BMU",-4.23767199773866,19.4857927298454,10,NA,NA,NA
"real","BOL_CHN",-1.20060332122976,4.19466982586604,28,NA,NA,NA
"real","BOL_GTM",-0.49087353133477,1.95330756307886,28,NA,NA,NA
"real","BOL_HRV",-0.891933818533031,1.59241528240384,26,NA,NA,NA
"real","BOL_HUN",-0.133537178972049,2.42373512187487,24,NA,NA,NA
"real","BOL_IRL",-0.564024397387857,1.0791017032136,27,NA,NA,NA
"real","BOL_ISL",-0.380153952828378,0.67937277128076,25,NA,NA,NA
"real","BOL_KWT",-0.972772293485446,1.59664853258324,19,NA,NA,NA
"real","BOL_LCA",-3.77477077609407,8.38161457803811,10,NA,NA,NA
"real","BOL_MDA",-0.149871617927722,2.363707043392,15,NA,NA,NA
"real","BOL_PYF",-0.760489222903207,1.56945480659603,25,NA,NA,NA
"real","BOL_QAT",-0.427196631707567,3.31760251741326,15,NA,NA,NA
"real","BOL_RUS",-0.492112934956014,2.08797786420033,28,NA,NA,NA
"real","BOL_SLV",-0.916384467245306,2.93977909727301,27,NA,NA,NA
"real","BOL_SVN",-0.397568091943477,2.15469326917901,28,NA,NA,NA
"real","BOL_SYR",-0.884911000153642,3.16136473293695,14,NA,NA,NA
"real","BRA_HRV",-0.0104150716415019,0.0612265783769686,28,NA,NA,NA
"real","BRA_RUS",0.0301107713484349,0.264032891302141,28,NA,NA,NA
"real","BRA_SVN",-0.056538142716959,0.147978512198972,28,NA,NA,NA
"real","BRB_BRN",-1.20969273988607,3.48123648211589,14,NA,NA,NA
"real","BRB_COL",-1.58077799315018,3.43974281664391,28,NA,NA,NA
"real","BRB_HUN",-0.351882618229663,1.20718228820216,15,NA,NA,NA
"real","BRB_IRL",-1.5298180609038,4.02959504318717,15,NA,NA,NA
"real","BRB_PER",-1.27282085388198,3.98186236218516,26,NA,NA,NA
"real","BRB_PRY",-0.0452297450181413,1.35502995985737,15,NA,NA,NA
"real","BRB_SAU",-2.11027052547188,5.13439575046866,26,NA,NA,NA
"real","BRB_TUN",-0.526830060409417,1.58213065482585,25,NA,NA,NA
"real","BRN_BOL",-1.25682170824049,5.08354009346231,24,NA,NA,NA
"real","BRN_CHN",-3.55730551386189,17.0920268221703,9,NA,NA,NA
"real","BRN_ECU",-0.97591869148165,4.90895995424884,21,NA,NA,NA
"real","BRN_IRL",-0.686287059583538,3.13238021019744,28,NA,NA,NA
"real","BRN_NLD",-0.410402078887466,1.37043322975446,28,NA,NA,NA
"real","BRN_NOR",-0.785302297757747,2.73597144421393,24,NA,NA,NA
"real","BRN_PER",-1.55529348703892,5.65441921980976,24,NA,NA,NA
"real","BRN_SAU",-0.700318242261894,3.254638370304,28,NA,NA,NA
"real","BRN_TWN",-2.01597428760789,9.77081532882192,26,NA,NA,NA
"real","BTN_BOL",-0.83017756350624,7.46278161361063,11,NA,NA,NA
"real","BTN_DZA",-1.29804270058866,3.85331378839893,15,NA,NA,NA
"real","BTN_ITA",-1.30245766470733,7.75887013064824,20,NA,NA,NA
"real","BTN_TWN",-0.883936816077724,4.00344453094586,24,NA,NA,NA
"real","BTN_ZAF",-1.55322051344238,6.12905818223932,21,NA,NA,NA
"real","BWA_KEN",0.361598869392257,1.36698761262673,21,NA,NA,NA
"real","CAF_BGR",-1.61774173699095,3.8406755695611,15,NA,NA,NA
"real","CAF_BOL",-1.20370473226678,5.0081497332124,19,NA,NA,NA
"real","CAF_HUN",-2.23484661050466,5.82076558723679,15,NA,NA,NA
"real","CAF_POL",-0.833576834585538,2.18289721715106,23,NA,NA,NA
"real","CAF_SAU",-1.06557107730344,3.70338289831454,26,NA,NA,NA
"real","CAN_BWA",-1.94572157806527,4.69951978606731,25,NA,NA,NA
"real","CAN_HRV",-0.271655937640758,0.489457115455954,24,NA,NA,NA
"real","CAN_LTU",-0.10698198851214,0.183306550880953,24,NA,NA,NA
"real","CAN_RUS",-0.0407384396472429,0.0822152861443808,28,NA,NA,NA
"real","CAN_SVN",-0.386904771512407,1.19326745461171,24,NA,NA,NA
"real","CCK_BOL",-1.43049676769157,4.45630819047367,21,NA,NA,NA
"real","CCK_IRL",-1.8403408510406,11.4810336334488,19,NA,NA,NA
"real","CCK_NLD",-0.758998119880439,3.06614271425118,18,NA,NA,NA
"real","CCK_PER",-1.18312052603635,4.58539526913576,19,NA,NA,NA
"real","CHE_ARM",-0.507971740867225,1.16722654347913,28,NA,NA,NA
"real","CHE_AZE",-0.444109462596125,0.646904786763948,28,NA,NA,NA
"real","CHE_BIH",-0.000127831685899612,0.606154662001655,22,NA,NA,NA
"real","CHE_BLR",-0.0167153749709707,0.0676186913644233,28,NA,NA,NA
"real","CHE_GEO",-0.0287216712301724,0.90480896936842,24,NA,NA,NA
"real","CHE_HRV",-0.0410944497876339,0.0305043355005543,9,NA,NA,NA
"real","CHE_KAZ",0.15513906154292,0.228954547609418,28,NA,NA,NA
"real","CHE_KGZ",-0.0367641598633,0.478796396505662,28,NA,NA,NA
"real","CHE_MDA",0.233782749367408,0.249297376233057,28,NA,NA,NA
"real","CHE_MKD",-0.344171860677177,1.01757275726612,9,NA,NA,NA
"real","CHE_RUS",-0.0922311030441307,0.0703981145568078,28,NA,NA,NA
"real","CHE_TJK",-0.768728906182969,1.1185422412966,28,NA,NA,NA
"real","CHE_TKM",0.0130150199375012,0.939157324864924,28,NA,NA,NA
"real","CHE_UKR",0.0141640089816467,0.0636088287325817,19,NA,NA,NA
"real","CHE_UZB",0.0393963686260643,0.137899727247107,28,NA,NA,NA
"real","CHL_BGR",-1.48576361353039,7.02789390763599,14,NA,NA,NA
"real","CHL_HRV",-0.258424967947639,0.200943939079829,20,NA,NA,NA
"real","CHL_RUS",-0.425058340165934,0.404809354555531,28,NA,NA,NA
"real","CHL_STP",-1.9209077532143,4.80466073333139,8,NA,NA,NA
"real","CHL_SVN",-0.360858602696719,0.930053430937352,11,NA,NA,NA
"real","CHL_UGA",-1.26246385749544,1.79857049420138,25,NA,NA,NA
"real","CHL_VCT",-0.667050570028906,1.52696207127589,28,NA,NA,NA
"real","CHL_ZMB",-2.01402251765626,5.16689273727901,27,NA,NA,NA
"real","CHN_ABW",-0.0676331868599041,0.607980715418481,27,NA,NA,NA
"real","CHN_AND",-0.186867885741118,0.32560485023339,28,NA,NA,NA
"real","CHN_ANT",-0.197183727814992,0.632432417709204,19,NA,NA,NA
"real","CHN_ARM",-1.0844798847929,1.85255847527588,28,NA,NA,NA
"real","CHN_ATG",-1.62067149032221,3.01413655552316,28,NA,NA,NA
"real","CHN_AZE",-0.415006590356401,0.437084535002942,28,NA,NA,NA
"real","CHN_BDI",-0.169486449160242,0.135135949501799,28,NA,NA,NA
"real","CHN_BHS",-0.632234047141078,1.26053806283232,28,NA,NA,NA
"real","CHN_BLR",-0.758024887598461,0.831247828204745,28,NA,NA,NA
"real","CHN_BLZ",-0.542278561131511,0.668236267013524,28,NA,NA,NA
"real","CHN_BMU",-0.46516046125769,2.0827066720466,28,NA,NA,NA
"real","CHN_COM",-0.580617876652302,1.22545244321494,28,NA,NA,NA
"real","CHN_CPV",-0.442143978522801,0.727821294621738,28,NA,NA,NA
"real","CHN_CYM",-1.67371650149287,3.07793556361244,28,NA,NA,NA
"real","CHN_ESH",0.684072021483143,4.64551205680537,28,NA,NA,NA
"real","CHN_EST",-0.36512344368391,0.456771443268885,28,NA,NA,NA
"real","CHN_FSM",-0.391430001129158,0.592915186009167,28,NA,NA,NA
"real","CHN_GEO",-0.91411133839719,1.40838157079306,25,NA,NA,NA
"real","CHN_GIB",-0.473319660992992,3.24081939133334,28,NA,NA,NA
"real","CHN_GRL",-0.486435656234568,1.11607889579747,28,NA,NA,NA
"real","CHN_HRV",-0.400946458098509,0.3626550799435,28,NA,NA,NA
"real","CHN_HTI",-0.935763582886695,1.39568267401092,28,NA,NA,NA
"real","CHN_ISR",-0.318040662013648,0.295289749825728,28,NA,NA,NA
"real","CHN_KAZ",-0.101057662259011,0.320472343791071,28,NA,NA,NA
"real","CHN_KGZ",-0.154587539541649,0.335841785702418,28,NA,NA,NA
"real","CHN_KHM",-0.0500424173609137,0.0794751378743926,12,NA,NA,NA
"real","CHN_KIR",0.0630335432092491,0.608643993872207,28,NA,NA,NA
"real","CHN_KNA",-0.583917438238453,0.860880795324183,28,NA,NA,NA
"real","CHN_LCA",0.647089612588318,1.23225020007621,28,NA,NA,NA
"real","CHN_LTU",-0.486419427008155,1.31336080778531,28,NA,NA,NA
"real","CHN_LVA",-0.613246146823554,0.808160092235905,28,NA,NA,NA
"real","CHN_MDA",-1.02442747909536,2.02006887007158,28,NA,NA,NA
"real","CHN_MHL",-1.57266251869249,4.33441403687234,28,NA,NA,NA
"real","CHN_MSR",-0.11035040979436,1.01146514835419,27,NA,NA,NA
"real","CHN_NFK",-0.46605013005543,1.06638301019298,24,NA,NA,NA
"real","CHN_NRU",-0.566994303181282,3.95098670765717,27,NA,NA,NA
"real","CHN_RUS",-0.159473588069143,0.153392909928152,28,NA,NA,NA
"real","CHN_SLV",-0.622054522156426,0.576984251125192,28,NA,NA,NA
"real","CHN_SOM",-1.20926468853865,1.59963326981019,28,NA,NA,NA
"real","CHN_SVN",-0.296493978040778,0.412709474431027,28,NA,NA,NA
"real","CHN_SWZ",-0.520362656949981,0.826797464162601,24,NA,NA,NA
"real","CHN_TCA",-0.507226894005425,2.67703753945512,27,NA,NA,NA
"real","CHN_TJK",-0.997951134341352,1.43561269477884,28,NA,NA,NA
"real","CHN_TKM",-0.58153539986676,0.681661181019263,28,NA,NA,NA
"real","CHN_TUV",-0.691581821361128,2.46153176550417,26,NA,NA,NA
"real","CHN_UKR",-0.376452068763222,0.282810518301063,28,NA,NA,NA
"real","CHN_UZB",-0.487198932977489,0.492698045178435,28,NA,NA,NA
"real","CHN_VCT",-0.242456173599517,0.539186484246358,28,NA,NA,NA
"real","CHN_VGB",-1.77191083736879,5.02088387615534,27,NA,NA,NA
"real","CHN_YEM",0.0198476438419286,0.0769342349579741,28,NA,NA,NA
"real","CHN_ZAF",-0.278078240742365,0.16044865220843,28,NA,NA,NA
"real","CIV_BGD",-1.08145720202594,2.46690013220243,25,NA,NA,NA
"real","CIV_HRV",-0.0274621474225254,0.191551645612305,22,NA,NA,NA
"real","CIV_KEN",-0.44242323759893,1.38119011989337,26,NA,NA,NA
"real","CIV_KWT",-0.514809987007576,1.4470713378727,28,NA,NA,NA
"real","CIV_PAK",-1.20128030440483,1.93494129302583,26,NA,NA,NA
"real","CIV_PER",-0.836721306789601,1.81872748153071,25,NA,NA,NA
"real","CIV_POL",0.176017167339969,0.146560055609239,23,NA,NA,NA
"real","CIV_SVN",-0.618034279638388,1.07914482551293,23,NA,NA,NA
"real","CIV_ZAF",-0.353485857726445,2.1547526290007,27,NA,NA,NA
"real","CMR_HRV",-0.473986667545905,1.45399559800509,21,NA,NA,NA
"real","CMR_MLT",-3.12398049268398,4.62835795211725,20,NA,NA,NA
"real","CMR_SVN",-0.805992599266002,2.24901296618113,20,NA,NA,NA
"real","CMR_ZAF",-0.467304903668728,2.06366202807301,27,NA,NA,NA
"real","COD_BGR",-1.04737244471686,4.37854743234376,14,NA,NA,NA
"real","COD_DZA",-0.426315007743284,2.78535473079039,26,NA,NA,NA
"real","COD_HRV",-1.46485718438906,3.00804016566522,25,NA,NA,NA
"real","COD_NZL",-1.21017316655453,3.72035601386588,23,NA,NA,NA
"real","COD_POL",-1.07177951291328,2.22602701588567,26,NA,NA,NA
"real","COD_SVN",-0.433558274928622,2.65698117109593,28,NA,NA,NA
"real","COD_ZAF",-0.957261327231316,1.52007700579195,27,NA,NA,NA
"real","COG_BOL",-1.6080272920755,6.81764064271656,17,NA,NA,NA
"real","COG_HRV",-0.256264783915063,1.21454962607903,23,NA,NA,NA
"real","COG_HUN",-2.26495921819222,8.27313031040167,27,NA,NA,NA
"real","COG_SAU",-1.82145422785096,4.55927816286235,20,NA,NA,NA
"real","COK_BOL",-1.02934464947196,4.80763790869392,9,NA,NA,NA
"real","COK_COL",-1.19098139906259,7.33219514348563,10,NA,NA,NA
"real","COK_IRL",-1.20609626242097,12.0150526098744,23,NA,NA,NA
"real","COK_NLD",-0.864469285786496,2.73405689116392,21,NA,NA,NA
"real","COK_PER",-2.85752797588379,5.98670341209183,14,NA,NA,NA
"real","COL_AIA",-0.528782132427465,5.32240434151457,22,NA,NA,NA
"real","COL_CAF",-1.10321181521969,2.06371444042785,12,NA,NA,NA
"real","COL_HRV",-0.348419292659627,0.961612235398037,20,NA,NA,NA
"real","COL_MLI",-0.790541377014992,4.58451609195708,21,NA,NA,NA
"real","COL_RUS",0.274522261124485,0.671075264358684,28,NA,NA,NA
"real","COL_STP",-0.719958045978823,2.14113491485376,15,NA,NA,NA
"real","COL_SVN",0.0556238060996969,0.290227576391649,20,NA,NA,NA
"real","COL_SYR",-0.854284092680486,2.12830642859581,28,NA,NA,NA
"real","COL_TCA",-0.318480348185682,4.13316465411908,28,NA,NA,NA
"real","COL_UGA",-0.92208407629331,2.70604327576748,27,NA,NA,NA
"real","COL_YEM",-1.29358876195665,4.12425314987,24,NA,NA,NA
"real","COM_CHN",-0.408081933803227,1.99060401339161,21,NA,NA,NA
"real","COM_DZA",-1.58256005024293,3.2962081342772,15,NA,NA,NA
"real","COM_HUN",-0.54537923475862,1.20803354778796,9,NA,NA,NA
"real","COM_IRL",-1.18258085647971,5.79968780625005,21,NA,NA,NA
"real","COM_ZAF",-0.0268174328696584,1.54728280103206,23,NA,NA,NA
"real","CPV_COL",-1.98354075089461,9.14071340792416,17,NA,NA,NA
"real","CPV_GRC",-2.0878399534458,3.7661960291514,19,NA,NA,NA
"real","CPV_MYS",-0.83907275846855,4.13930020777728,15,NA,NA,NA
"real","CRI_ARE",-1.31373340554392,3.08858262860294,28,NA,NA,NA
"real","CRI_BGD",-0.835940903596509,5.88564129888656,23,NA,NA,NA
"real","CRI_BGR",-0.970490500863831,4.63101184973564,18,NA,NA,NA
"real","CRI_HRV",-0.339663924429035,1.83193462551657,20,NA,NA,NA
"real","CRI_LCA",0.141679319920433,0.793568057152981,28,NA,NA,NA
"real","CRI_SVN",-0.151877665703817,0.815171014855339,20,NA,NA,NA
"real","CRI_TUN",-0.17227739710208,1.37682798000049,28,NA,NA,NA
"real","CUB_HRV",-1.77271631081271,6.19723388285608,28,NA,NA,NA
"real","CUB_IRL",-0.122389637850361,0.861586274340173,28,NA,NA,NA
"real","CUB_PAN",-1.54671187408381,7.23415395889705,17,NA,NA,NA
"real","CUB_POL",-0.785952145582954,1.09501385950845,28,NA,NA,NA
"real","CUB_SVN",-0.434251425515649,1.83365354850459,28,NA,NA,NA
"real","CUB_TWN",-0.539750754669483,2.44643372478263,28,NA,NA,NA
"real","CYM_BLZ",-1.14356511946477,5.95961133124981,23,NA,NA,NA
"real","CYM_CHN",-0.457255095135187,6.37549550349723,16,NA,NA,NA
"real","CYM_HRV",-2.51309916249285,11.5139920443278,17,NA,NA,NA
"real","CYM_LCA",-0.24300800986869,2.00851196333507,24,NA,NA,NA
"real","CYM_THA",-3.28931615632552,4.73566703286034,28,NA,NA,NA
"real","CYP_BOL",0.008684400760211,2.30492505329058,27,NA,NA,NA
"real","CYP_BRN",-0.396648585666313,1.39137101858717,26,NA,NA,NA
"real","CYP_ECU",-0.0274030140830949,0.928424561927225,22,NA,NA,NA
"real","CYP_GTM",-0.67177404843384,5.07410625280476,15,NA,NA,NA
"real","CYP_HRV",-1.04767184746164,1.90737368747364,11,NA,NA,NA
"real","CYP_KHM",-0.0534935415322391,0.295445575391693,24,NA,NA,NA
"real","CYP_MUS",-0.499821183738337,1.19430270823547,19,NA,NA,NA
"real","CYP_NIC",-0.83574127986457,7.67560089514194,12,NA,NA,NA
"real","CYP_RUS",-0.245233686073926,0.22980550502686,28,NA,NA,NA
"real","CYP_SVN",-0.425445255825924,0.838203989455186,11,NA,NA,NA
"real","DEU_ARM",-0.0961477347660261,0.168599781048003,25,NA,NA,NA
"real","DEU_AZE",-0.0119515572117178,0.0741151035356012,28,NA,NA,NA
"real","DEU_BIH",-0.0949113997235198,0.0522845009074809,15,NA,NA,NA
"real","DEU_BLR",0.07772846974961,0.0524689088562633,28,NA,NA,NA
"real","DEU_FSM",-0.825733046110422,2.18714357543226,28,NA,NA,NA
"real","DEU_GEO",-0.17985951258749,0.105685620207471,21,NA,NA,NA
"real","DEU_HRV",-0.0140666305614119,0.0199369431421492,9,NA,NA,NA
"real","DEU_KAZ",0.0858589801605611,0.0832537368219371,28,NA,NA,NA
"real","DEU_KGZ",0.0194600856291535,0.112453370055189,28,NA,NA,NA
"real","DEU_MDA",0.0642422919981718,0.0390911206078191,21,NA,NA,NA
"real","DEU_MHL",-0.614207259024283,3.59611033380994,28,NA,NA,NA
"real","DEU_RUS",0.0721765531082707,0.0237218938880624,28,NA,NA,NA
"real","DEU_SWZ",-0.64789525634698,4.21259981392578,22,NA,NA,NA
"real","DEU_TJK",0.213593234397836,0.423779877208798,28,NA,NA,NA
"real","DEU_TKM",-0.00626964616171268,0.0748936754653406,28,NA,NA,NA
"real","DEU_UKR",0.0545717949290322,0.0194839835921018,21,NA,NA,NA
"real","DEU_UZB",0.100268550987653,0.0876167864988726,28,NA,NA,NA
"real","DJI_ARG",-2.20249950676586,13.4410716703062,10,NA,NA,NA
"real","DJI_BRA",-3.34778093169679,12.649669544754,19,NA,NA,NA
"real","DJI_COL",-1.34929298689981,11.8370993055355,14,NA,NA,NA
"real","DMA_BOL",-0.620204218004293,2.8081037792158,22,NA,NA,NA
"real","DMA_CHN",-0.790354906806193,3.1751234150111,27,NA,NA,NA
"real","DMA_CRI",-0.803650037575926,2.71438025878829,27,NA,NA,NA
"real","DMA_HRV",-1.24133635861037,4.17101274286272,21,NA,NA,NA
"real","DMA_MMR",-0.483280933994888,4.7077470865476,10,NA,NA,NA
"real","DMA_PER",-0.584007891521294,2.38660290644452,25,NA,NA,NA
"real","DNK_ARM",0.240976721737184,1.51661251035743,25,NA,NA,NA
"real","DNK_AZE",0.277351372913459,1.11032122862433,28,NA,NA,NA
"real","DNK_BIH",-0.0333635676083981,1.51834410874735,15,NA,NA,NA
"real","DNK_BLR",0.150629058887957,0.235885287476644,28,NA,NA,NA
"real","DNK_GEO",0.481790189101174,1.04070312399286,21,NA,NA,NA
"real","DNK_HRV",-0.0402762616284953,0.0593480207489666,9,NA,NA,NA
"real","DNK_KAZ",0.099743813504874,0.195104693231564,27,NA,NA,NA
"real","DNK_KGZ",0.119990418541256,1.45611273761175,28,NA,NA,NA
"real","DNK_MDA",0.0510475740382876,1.61412196912104,21,NA,NA,NA
"real","DNK_RUS",0.191325754173992,0.130742791084215,28,NA,NA,NA
"real","DNK_TJK",0.334295073551899,1.90986389514231,27,NA,NA,NA
"real","DNK_TKM",-0.253205404706416,0.522060513158973,27,NA,NA,NA
"real","DNK_UKR",0.304509528177342,0.16586437483621,21,NA,NA,NA
"real","DNK_UZB",0.00323869840068337,0.723940743967737,27,NA,NA,NA
"real","DOM_BGR",-0.792909151888573,1.56391224334128,9,NA,NA,NA
"real","DOM_BLZ",-0.482991335727406,1.41635197062751,28,NA,NA,NA
"real","DOM_BOL",-0.157510559221868,1.19840417598519,28,NA,NA,NA
"real","DOM_BRN",-1.66189321078388,4.12790688893749,19,NA,NA,NA
"real","DOM_CHN",-1.56114006798167,5.35925958893401,27,NA,NA,NA
"real","DOM_DZA",-0.539782076252351,3.61501805423472,19,NA,NA,NA
"real","DOM_HRV",-0.487751680696403,2.4426519492745,19,NA,NA,NA
"real","DOM_HUN",-0.964471019607268,3.10112015039292,15,NA,NA,NA
"real","DOM_LCA",0.463357083470636,0.509727467137104,28,NA,NA,NA
"real","DOM_PER",-0.501351637254142,0.830016465564423,27,NA,NA,NA
"real","DOM_POL",-0.592516956593579,1.00681371695586,15,NA,NA,NA
"real","DOM_SVN",-0.37436161475547,0.896970199934527,15,NA,NA,NA
"real","DOM_TWN",-1.08969368201926,2.23525526819741,25,NA,NA,NA
"real","DOM_ZAF",-0.617078984105316,1.02828418178821,26,NA,NA,NA
"real","DZA_AND",-2.02277820581947,9.12020852577733,15,NA,NA,NA
"real","DZA_ARE",-1.96964175428858,3.5613220813786,15,NA,NA,NA
"real","DZA_BRB",-2.75557906403964,11.7935146826196,17,NA,NA,NA
"real","DZA_BRN",-6.55381753782263,17.19040789355,8,NA,NA,NA
"real","DZA_CHN",-0.79771793404961,3.45777712898279,28,NA,NA,NA
"real","DZA_CIV",-2.35568674241437,8.49970493349605,26,NA,NA,NA
"real","DZA_COG",-1.28289773106643,2.59769933586601,19,NA,NA,NA
"real","DZA_CRI",-4.24678659562753,15.2047495528279,22,NA,NA,NA
"real","DZA_GAB",-1.85047729314987,6.04032518921084,24,NA,NA,NA
"real","DZA_HTI",-0.100501145682621,3.62917611190664,13,NA,NA,NA
"real","DZA_LBR",-1.52535853166878,8.1728029310857,22,NA,NA,NA
"real","DZA_MUS",-0.699160694413054,1.38783648304238,25,NA,NA,NA
"real","DZA_PAN",-3.06075920367497,8.18401897744858,23,NA,NA,NA
"real","DZA_POL",-0.642449525547555,3.60153662274345,11,NA,NA,NA
"real","DZA_RUS",0.0175177528729148,4.30566334582063,28,NA,NA,NA
"real","DZA_TWN",-2.32567054148414,15.2768950078494,25,NA,NA,NA
"real","ECU_BHS",-2.09666819181452,4.32508786062156,28,NA,NA,NA
"real","ECU_HRV",0.123420319158908,0.16813914765777,24,NA,NA,NA
"real","ECU_LCA",-3.29917870722476,3.02333713042807,28,NA,NA,NA
"real","ECU_MWI",-1.29744296230904,6.25861770033756,13,NA,NA,NA
"real","ECU_QAT",-1.40149152849906,3.85576962005388,24,NA,NA,NA
"real","ECU_RUS",-0.145116021017353,0.565337790825151,28,NA,NA,NA
"real","ECU_STP",-2.74150133969589,12.2741479017062,9,NA,NA,NA
"real","ECU_SVN",0.03554962305607,0.856562736938653,24,NA,NA,NA
"real","ECU_VGB",-1.09393519364098,2.93134890931687,13,NA,NA,NA
"real","EGY_BLR",-1.05327295192749,3.70975616847008,27,NA,NA,NA
"real","EGY_BRN",-0.980309645947749,1.67196429874673,26,NA,NA,NA
"real","EGY_COG",-1.29959771124357,3.62433139142838,28,NA,NA,NA
"real","EGY_HRV",0.268599369984167,0.428642238067924,20,NA,NA,NA
"real","EGY_JAM",-0.730169553925464,1.56080650512227,24,NA,NA,NA
"real","EGY_KHM",-1.36798944566659,5.18806121001243,26,NA,NA,NA
"real","EGY_LCA",-0.0355248559663214,2.67611369842437,18,NA,NA,NA
"real","EGY_MNG",-1.35727222336589,3.41891075620705,26,NA,NA,NA
"real","EGY_RUS",-0.307347938622084,0.410665964798735,28,NA,NA,NA
"real","EGY_SVN",-0.178970158688605,0.410183339216058,11,NA,NA,NA
"real","EGY_ZAF",-0.698190960586361,1.04044426362861,28,NA,NA,NA
"real","ESH_HRV",-1.12826428677484,6.967794345649,15,NA,NA,NA
"real","ESH_USA",-0.981040072977228,4.56028873518758,19,NA,NA,NA
"real","ESP_ARM",-0.833087191175414,2.24729633151454,25,NA,NA,NA
"real","ESP_BIH",-0.399436334655629,0.775618575123758,15,NA,NA,NA
"real","ESP_BLR",-0.417543852970313,0.459718921076975,28,NA,NA,NA
"real","ESP_GEO",-0.610551576809664,0.465507493960574,21,NA,NA,NA
"real","ESP_HRV",-0.171276858409288,0.236466416710269,9,NA,NA,NA
"real","ESP_MDA",-0.28730030614676,0.773074298859779,21,NA,NA,NA
"real","ESP_RUS",-0.117881412540182,0.0509040049878182,28,NA,NA,NA
"real","ESP_TJK",-0.293358190786935,2.14211931110625,28,NA,NA,NA
"real","ESP_TKM",-0.490975061184607,0.6319311404213,28,NA,NA,NA
"real","ESP_TON",-1.78591932185189,3.29860185835126,23,NA,NA,NA
"real","ESP_UKR",-0.202091603404441,0.1767679892329,21,NA,NA,NA
"real","ESP_UZB",-0.557946063474164,0.916838146999121,28,NA,NA,NA
"real","EST_ARE",-0.912544260776978,1.44089940770186,27,NA,NA,NA
"real","EST_AUS",-0.972629535579162,1.68651851429609,28,NA,NA,NA
"real","EST_CHN",-0.131275224453263,1.06653137300566,28,NA,NA,NA
"real","EST_HUN",-0.463507629052957,1.90659531395522,8,NA,NA,NA
"real","EST_JPN",-0.208207402963019,0.433489305987762,26,NA,NA,NA
"real","EST_POL",-7.9166213857002e-05,0.283512806721836,11,NA,NA,NA
"real","EST_ROU",-0.552599918864036,1.71521720079737,11,NA,NA,NA
"real","EST_SAU",-1.42736569450618,2.3742521715047,28,NA,NA,NA
"real","EST_USA",-0.19353725224927,0.150580231281004,28,NA,NA,NA
"real","FIN_ARM",-0.472964140597735,0.614726626197723,25,NA,NA,NA
"real","FIN_BLR",0.0121886327941358,0.107567834027655,28,NA,NA,NA
"real","FIN_GEO",-0.61629616446093,1.48510555698346,21,NA,NA,NA
"real","FIN_HRV",-0.0790866633679828,0.116717152903006,9,NA,NA,NA
"real","FIN_KAZ",-0.00333600742652684,0.0745025130208497,28,NA,NA,NA
"real","FIN_KGZ",-0.440633686198345,1.09969348541337,28,NA,NA,NA
"real","FIN_MDA",-0.122474202807353,0.112545278578938,21,NA,NA,NA
"real","FIN_RUS",0.0865211905545744,0.0584735564060887,28,NA,NA,NA
"real","FIN_TKM",-0.353302465519973,0.558885624362089,28,NA,NA,NA
"real","FIN_UKR",0.0150148306575297,0.0317633441357518,21,NA,NA,NA
"real","FIN_UZB",-0.0650418186961259,0.280690324486141,28,NA,NA,NA
"real","FJI_CHN",-0.967086084423228,2.4830720915673,28,NA,NA,NA
"real","FJI_COL",-2.05487021803026,5.42056488373584,25,NA,NA,NA
"real","FJI_DZA",-3.66967369583548,11.6250610798271,12,NA,NA,NA
"real","FJI_SWE",-1.02011140451321,2.450918256241,16,NA,NA,NA
"real","FJI_TTO",-2.0433910355213,12.7248210118386,16,NA,NA,NA
"real","FLK_HRV",-0.555042709584049,1.11736472894898,14,NA,NA,NA
"real","FLK_TUN",-0.86103603262904,5.52658060838769,20,NA,NA,NA
"real","FLK_USA",-0.37295897155115,0.604829739179695,27,NA,NA,NA
"real","FRA_ARM",-0.299437654351939,1.3574783182463,25,NA,NA,NA
"real","FRA_BHS",-1.25305472959804,5.59071981477611,15,NA,NA,NA
"real","FRA_BIH",-1.02971300511308,3.8106726906368,15,NA,NA,NA
"real","FRA_BLR",-0.290736978366968,0.972246405849285,28,NA,NA,NA
"real","FRA_BLZ",-0.195585980898364,0.510983175076831,15,NA,NA,NA
"real","FRA_HRV",-0.131929451210652,0.122645570885624,9,NA,NA,NA
"real","FRA_KAZ",-0.597642157557567,5.0569749093402,28,NA,NA,NA
"real","FRA_KIR",-1.39075959064338,3.52040301321509,27,NA,NA,NA
"real","FRA_MDA",-0.00089535328997753,0.107609764459129,20,NA,NA,NA
"real","FRA_RUS",-0.179478280350193,0.262813181323756,28,NA,NA,NA
"real","FRA_TJK",0.149658742813087,0.748041104519569,28,NA,NA,NA
"real","FRA_UKR",-0.104187085032732,0.208583508466441,21,NA,NA,NA
"real","FRA_UZB",0.124309011303722,0.307395829543531,28,NA,NA,NA
"real","FSM_JPN",-0.294665551610096,0.356691036681487,28,NA,NA,NA
"real","FSM_USA",-0.513486189541317,1.65996592755518,28,NA,NA,NA
"real","GAB_CHN",-0.150029965266817,0.309187955184715,28,NA,NA,NA
"real","GAB_COL",-2.3206187480476,8.6262714513261,26,NA,NA,NA
"real","GAB_DZA",-1.43804260368522,9.19644949061071,25,NA,NA,NA
"real","GAB_HRV",-0.876703656832195,4.05334218704557,20,NA,NA,NA
"real","GAB_HUN",-0.928533025428683,2.94279845064563,28,NA,NA,NA
"real","GAB_KEN",-0.886409588979526,3.78084323773568,18,NA,NA,NA
"real","GAB_MDG",-0.986210707730141,4.74750502663098,27,NA,NA,NA
"real","GAB_MMR",0.0524425291350152,1.45073426657022,8,NA,NA,NA
"real","GAB_PER",-2.25920083122529,17.0485226528332,17,NA,NA,NA
"real","GAB_SAU",-1.33378135504621,4.10681994632432,23,NA,NA,NA
"real","GAB_ZAF",-0.769957897822887,1.7434142605467,25,NA,NA,NA
"real","GBR_HRV",-0.0918369920026349,0.174455870618092,9,NA,NA,NA
"real","GBR_NAM",-2.49524221720585,13.7158757733932,21,NA,NA,NA
"real","GEO_BGR",-1.236965209906,2.71588609452961,18,NA,NA,NA
"real","GEO_CHE",-0.339950882233296,4.31093430149666,24,NA,NA,NA
"real","GEO_CHN",-0.170017655682302,1.52738802801852,25,NA,NA,NA
"real","GEO_DEU",-0.140241865804661,0.419134529663833,21,NA,NA,NA
"real","GEO_DNK",0.105548147950765,3.79343377803326,20,NA,NA,NA
"real","GEO_ESP",-1.08213458739597,2.80228605564657,21,NA,NA,NA
"real","GEO_FIN",-1.67923008612293,2.80812770950672,21,NA,NA,NA
"real","GEO_GRC",-0.561101272477464,2.10067071905692,21,NA,NA,NA
"real","GEO_GUY",-4.52812602020752,10.1695899786178,19,NA,NA,NA
"real","GEO_HRV",-1.38304013393072,3.35519730863193,19,NA,NA,NA
"real","GEO_HUN",0.0869036604617252,3.28765564942038,21,NA,NA,NA
"real","GEO_IRL",-0.560121958328497,2.08410134462961,21,NA,NA,NA
"real","GEO_ITA",0.0329797280812148,0.416937054314039,21,NA,NA,NA
"real","GEO_JPN",-0.0334383456598764,0.452739176437867,28,NA,NA,NA
"real","GEO_LTU",-0.220023234604408,1.33580660360498,20,NA,NA,NA
"real","GEO_NLD",0.00521524092967862,0.807566384389353,21,NA,NA,NA
"real","GEO_POL",-0.277181484130386,0.986950009838503,21,NA,NA,NA
"real","GEO_ROU",-0.765804593680932,1.99379183287115,21,NA,NA,NA
"real","GEO_SAU",-1.94322619572696,4.18228157666582,26,NA,NA,NA
"real","GEO_SVN",-2.24258031462945,9.6131775081208,17,NA,NA,NA
"real","GEO_SWE",-0.540156762392639,1.17583314433148,21,NA,NA,NA
"real","GEO_TUR",0.169233147354652,0.125478670977751,15,NA,NA,NA
"real","GEO_USA",-0.244112325983569,0.337333010535189,28,NA,NA,NA
"real","GHA_BLZ",-2.67263847795109,5.87423339730264,9,NA,NA,NA
"real","GHA_HRV",0.0543839571016784,0.727090724520722,23,NA,NA,NA
"real","GHA_JAM",-1.54492303754856,4.31288364573575,26,NA,NA,NA
"real","GHA_JOR",-0.813602175445252,2.49792586718155,22,NA,NA,NA
"real","GHA_POL",-0.147120656347689,1.08591989449252,23,NA,NA,NA
"real","GHA_QAT",-0.24133132338037,0.734898072114398,21,NA,NA,NA
"real","GHA_SVN",0.138917862169549,2.08025168590038,23,NA,NA,NA
"real","GHA_SYR",-1.10470211411584,2.89798576406815,22,NA,NA,NA
"real","GIB_BOL",-2.609019467497,6.74976202365548,15,NA,NA,NA
"real","GIB_BRA",-3.08482057576511,12.7473581421028,28,NA,NA,NA
"real","GIB_CHN",-3.44220284355507,12.6542023072829,18,NA,NA,NA
"real","GIB_COL",-1.4108301924423,8.31391696707973,26,NA,NA,NA
"real","GIB_HRV",-1.70431408284306,5.8697271812937,26,NA,NA,NA
"real","GIB_HUN",-1.033108846714,4.29598162586283,22,NA,NA,NA
"real","GIB_IRL",-0.243355882120923,3.25974790348951,28,NA,NA,NA
"real","GIB_NLD",-1.86273651135364,4.41812597860861,28,NA,NA,NA
"real","GIB_PER",-1.01690087608445,6.49010948596767,9,NA,NA,NA
"real","GIB_SWE",-2.03010438912198,5.19259410480806,28,NA,NA,NA
"real","GIB_TUR",-1.67783438589996,6.54718359337579,22,NA,NA,NA
"real","GIN_LCA",-0.546655032873838,5.37112968134048,10,NA,NA,NA
"real","GIN_MDG",-2.14485692724223,6.7206072016586,22,NA,NA,NA
"real","GIN_MUS",-2.82386743349759,4.97798707539701,25,NA,NA,NA
"real","GIN_SAU",-0.496916293149134,1.91451812797928,19,NA,NA,NA
"real","GMB_BGD",-1.43274437361121,4.66546568400847,19,NA,NA,NA
"real","GMB_CHN",-2.40521143144321,7.14349997413785,27,NA,NA,NA
"real","GMB_CYP",-0.594344097600645,1.61755588941672,9,NA,NA,NA
"real","GMB_HRV",-1.25704655220017,3.92011475469787,25,NA,NA,NA
"real","GMB_MEX",-0.454559194718719,3.93628783255888,25,NA,NA,NA
"real","GMB_MMR",-0.376096568214571,2.45535341614857,10,NA,NA,NA
"real","GMB_PER",-1.43537108791513,3.67609067575591,19,NA,NA,NA
"real","GMB_ROU",-0.793747984944823,2.52874278393261,14,NA,NA,NA
"real","GMB_TWN",-0.812302870476736,2.76212875883683,22,NA,NA,NA
"real","GNB_MAR",-0.580759202581469,1.11980567714017,8,NA,NA,NA
"real","GNB_TWN",-1.06006407323005,5.57170824250204,12,NA,NA,NA
"real","GNB_ZAF",-1.56996364134209,6.25507144839985,16,NA,NA,NA
"real","GNQ_BGR",-3.1738166682988,10.326834257567,11,NA,NA,NA
"real","GNQ_HRV",-0.501812892762398,12.9010091602154,8,NA,NA,NA
"real","GNQ_SVN",-2.01359032186894,24.0906545492776,18,NA,NA,NA
"real","GRC_AZE",-0.00644580521058711,1.77461990593082,28,NA,NA,NA
"real","GRC_BIH",0.25851077307495,1.2476150257287,15,NA,NA,NA
"real","GRC_GEO",0.161516071395319,0.828853937582375,21,NA,NA,NA
"real","GRC_HRV",0.0412811913529475,0.16709415185393,9,NA,NA,NA
"real","GRC_KAZ",0.351751710414224,1.69489603465161,28,NA,NA,NA
"real","GRC_LAO",-0.909467810849222,7.88088334618876,21,NA,NA,NA
"real","GRC_MDA",0.219929962110168,0.591260013414071,21,NA,NA,NA
"real","GRC_RUS",0.170137570855431,0.314511873077672,28,NA,NA,NA
"real","GRC_TKM",-1.17540748643432,2.84847115820168,28,NA,NA,NA
"real","GRC_UKR",0.50230151877733,0.890961438527181,21,NA,NA,NA
"real","GRC_VNM",-0.503328161960351,0.843921446555609,28,NA,NA,NA
"real","GRD_BGD",-1.20842346284664,6.55763158837095,17,NA,NA,NA
"real","GRD_CHN",-0.943491823749887,3.98366453797025,25,NA,NA,NA
"real","GRD_DZA",-1.39780606528121,5.54718148033921,22,NA,NA,NA
"real","GRD_HUN",-0.30867852921359,1.10432365565178,8,NA,NA,NA
"real","GRD_IRL",-2.05901525076491,4.45591925509845,15,NA,NA,NA
"real","GRD_THA",-1.21328991644609,2.82593146160682,25,NA,NA,NA
"real","GRL_BRN",-1.74571331831603,7.2226993562496,9,NA,NA,NA
"real","GRL_CHN",-1.00092404289146,2.81075754235121,28,NA,NA,NA
"real","GTM_BHS",-0.575984555686384,1.17478276742751,28,NA,NA,NA
"real","GTM_DZA",-1.85812546812582,9.58980598925614,25,NA,NA,NA
"real","GTM_HRV",-0.784935840974689,2.82020004392401,20,NA,NA,NA
"real","GTM_LCA",0.0379336876477813,0.902241485092667,28,NA,NA,NA
"real","GTM_MUS",-0.588821194121119,0.773521522106046,26,NA,NA,NA
"real","GTM_SEN",-3.11790336740128,6.71463917120627,18,NA,NA,NA
"real","GTM_SVN",-0.338719507546402,1.34498973524351,20,NA,NA,NA
"real","GUY_HUN",-2.29998945141623,4.47844418793734,15,NA,NA,NA
"real","GUY_SAU",-0.795786499649784,2.50665533657032,23,NA,NA,NA
"real","GUY_ZAF",0.252424198849903,2.46694196562379,25,NA,NA,NA
"real","HND_BOL",-0.721502941205372,1.1546869507305,28,NA,NA,NA
"real","HND_BRN",-1.45267007356954,5.44162417182994,16,NA,NA,NA
"real","HND_HRV",-0.203916736419392,0.9890930179486,20,NA,NA,NA
"real","HND_LCA",0.368444475145361,0.853841476543675,28,NA,NA,NA
"real","HND_PER",-1.64119923592871,2.39562411281791,24,NA,NA,NA
"real","HND_SVN",-0.252153410390533,0.479687041468386,20,NA,NA,NA
"real","HND_SYR",-1.37218929483395,4.32239715158364,19,NA,NA,NA
"real","HND_TUN",-1.15395962717901,2.4082694065477,27,NA,NA,NA
"real","HRV_AFG",-1.64484868916207,3.30684672099053,26,NA,NA,NA
"real","HRV_AGO",-1.31439442768743,4.89151355734053,24,NA,NA,NA
"real","HRV_ALB",-0.203805455805406,0.337883259835368,10,NA,NA,NA
"real","HRV_ARE",-0.50706474115834,0.791349278091567,28,NA,NA,NA
"real","HRV_ARG",-0.774638572958652,1.1979133518426,28,NA,NA,NA
"real","HRV_ATG",-2.71406264664407,5.75439638779526,16,NA,NA,NA
"real","HRV_AUS",-0.660449476825308,0.673382856912998,28,NA,NA,NA
"real","HRV_AUT",-0.0777679734238916,0.127748156075009,9,NA,NA,NA
"real","HRV_BEN",-2.10567279173127,2.43505497941671,25,NA,NA,NA
"real","HRV_BFA",-0.896860935776337,2.86351039492855,27,NA,NA,NA
"real","HRV_BGD",-0.914089314947282,1.80320247465523,28,NA,NA,NA
"real","HRV_BGR",-0.103072208899746,0.201869117088886,10,NA,NA,NA
"real","HRV_BHR",-0.815202165088318,1.71489030500132,28,NA,NA,NA
"real","HRV_BIH",0.0997255889325551,0.0646017314986483,8,NA,NA,NA
"real","HRV_BLR",0.0717919107322604,0.351986993363526,28,NA,NA,NA
"real","HRV_BMU",-2.88104501141324,13.0672985113405,18,NA,NA,NA
"real","HRV_BRA",-0.509011501938218,1.43814232543931,28,NA,NA,NA
"real","HRV_CAF",-1.71532305685966,3.63384098404186,17,NA,NA,NA
"real","HRV_CAN",-0.39451358141982,0.572275571382505,24,NA,NA,NA
"real","HRV_CHE",-0.0805759644822601,0.0780841154649053,9,NA,NA,NA
"real","HRV_CHL",-1.41819070559313,2.96556037582496,20,NA,NA,NA
"real","HRV_CHN",-0.187299896507775,1.16925815474537,28,NA,NA,NA
"real","HRV_CIV",-2.21341223508357,5.84461611120665,22,NA,NA,NA
"real","HRV_CMR",-1.00599620530277,4.28787333229203,19,NA,NA,NA
"real","HRV_COD",-1.38828465857304,4.00879136069791,19,NA,NA,NA
"real","HRV_COG",-4.11710967880568,2.95273712950513,20,NA,NA,NA
"real","HRV_COL",-0.544499038368406,1.5314935196151,20,NA,NA,NA
"real","HRV_CRI",-1.09594108164001,1.92744042969661,20,NA,NA,NA
"real","HRV_CUB",-0.5488723583997,2.28969233432217,28,NA,NA,NA
"real","HRV_CYP",-1.02951471335069,3.12471839950003,11,NA,NA,NA
"real","HRV_DEU",-0.0193774739005875,0.0529458775448907,9,NA,NA,NA
"real","HRV_DJI",-1.81278064907012,3.89514142367562,21,NA,NA,NA
"real","HRV_DMA",-0.506895916598266,1.47536582255021,9,NA,NA,NA
"real","HRV_DNK",-0.842022415233022,1.06488462370036,9,NA,NA,NA
"real","HRV_DZA",-0.326181046485201,0.355791512132685,20,NA,NA,NA
"real","HRV_ECU",-0.556785559200816,5.580037875878,24,NA,NA,NA
"real","HRV_EGY",-0.105598106353543,0.189572922772335,20,NA,NA,NA
"real","HRV_ESP",-0.0469466699308813,0.1229514018889,9,NA,NA,NA
"real","HRV_EST",-0.0141113512599997,0.387254885632207,11,NA,NA,NA
"real","HRV_FIN",-0.000221048825963595,0.0438204844489181,9,NA,NA,NA
"real","HRV_FRA",0.00586088532987124,0.0514728793297096,9,NA,NA,NA
"real","HRV_GBR",-0.0736797698420907,0.0612185375557228,9,NA,NA,NA
"real","HRV_GEO",-0.33595993951628,0.924264159817736,21,NA,NA,NA
"real","HRV_GHA",-1.09108073786521,2.79591207617256,21,NA,NA,NA
"real","HRV_GIB",-1.45776411828226,3.82390560209016,28,NA,NA,NA
"real","HRV_GIN",-0.845209340946586,5.16571760205299,26,NA,NA,NA
"real","HRV_GMB",-0.503563739760869,1.62889685899725,17,NA,NA,NA
"real","HRV_GRC",-0.213057439760544,0.243573404653166,9,NA,NA,NA
"real","HRV_GRD",-1.64196515615268,5.52041090683823,13,NA,NA,NA
"real","HRV_GTM",-0.7374704401328,2.00236215968237,18,NA,NA,NA
"real","HRV_HND",-1.14516352837489,2.54080366669441,20,NA,NA,NA
"real","HRV_HUN",0.0639939369174204,0.0994215439449779,10,NA,NA,NA
"real","HRV_IDN",-0.530466255887139,0.918333248029744,28,NA,NA,NA
"real","HRV_IND",-0.314095658365134,0.798206060494978,28,NA,NA,NA
"real","HRV_IRL",-0.134335056231328,0.192729987623326,9,NA,NA,NA
"real","HRV_IRN",-0.0371779158065826,0.459534153621962,28,NA,NA,NA
"real","HRV_IRQ",-1.1060638454389,2.1340153568585,26,NA,NA,NA
"real","HRV_ISL",-0.808499487934938,2.159287144881,9,NA,NA,NA
"real","HRV_ISR",-0.124885980973409,0.185260962376677,20,NA,NA,NA
"real","HRV_ITA",0.0290481597127788,0.0769468776895339,9,NA,NA,NA
"real","HRV_JAM",-1.27059139537984,4.56048840969772,19,NA,NA,NA
"real","HRV_JOR",-0.476510909263297,1.41647756828467,20,NA,NA,NA
"real","HRV_JPN",-0.573595960581414,1.29785773955471,26,NA,NA,NA
"real","HRV_KAZ",0.0107030828387006,0.206343172912921,28,NA,NA,NA
"real","HRV_KEN",-0.803271240219123,1.38428683090936,28,NA,NA,NA
"real","HRV_KGZ",-0.527072768180258,1.49461404789566,26,NA,NA,NA
"real","HRV_KHM",-1.37404979517831,3.57476070045841,21,NA,NA,NA
"real","HRV_KOR",-0.503492149148746,0.614574104713238,20,NA,NA,NA
"real","HRV_KWT",-0.474215978676946,0.883728588644397,28,NA,NA,NA
"real","HRV_LBN",-0.738168178528955,1.1859957425544,20,NA,NA,NA
"real","HRV_LBR",-0.953676446961779,5.0356408195157,28,NA,NA,NA
"real","HRV_LBY",-0.6625306395071,1.32519623242425,28,NA,NA,NA
"real","HRV_LVA",-0.15726043451042,0.167616991787785,11,NA,NA,NA
"real","HRV_MAR",-0.0187937281473621,0.528356420635039,20,NA,NA,NA
"real","HRV_MDG",-2.16372239553814,8.83614512052215,15,NA,NA,NA
"real","HRV_MEX",-0.164577075489354,0.79661384999416,20,NA,NA,NA
"real","HRV_MLI",-0.635481396735083,2.18753012209919,24,NA,NA,NA
"real","HRV_MLT",-0.820686008191903,3.01423865255783,11,NA,NA,NA
"real","HRV_MMR",-0.98654707872767,6.07142122625046,17,NA,NA,NA
"real","HRV_MUS",-1.8423992130865,4.95833058404614,19,NA,NA,NA
"real","HRV_MWI",-0.963136890767995,2.76580946130489,18,NA,NA,NA
"real","HRV_MYS",-0.408988039195464,0.890124504089726,28,NA,NA,NA
"real","HRV_NER",-0.994590467268606,4.25134665349273,22,NA,NA,NA
"real","HRV_NGA",-0.458459190297798,1.35466471426453,28,NA,NA,NA
"real","HRV_NLD",-0.0205549057843094,0.164185377480863,9,NA,NA,NA
"real","HRV_NOR",-0.441655951933913,1.01799243850477,9,NA,NA,NA
"real","HRV_NZL",-1.00094415278954,1.32017761890369,28,NA,NA,NA
"real","HRV_OMN",-0.797391340863093,2.40781842596089,28,NA,NA,NA
"real","HRV_PAK",-0.331645961137691,0.871997392510033,28,NA,NA,NA
"real","HRV_PAN",-1.4034147707942,3.79144601392438,20,NA,NA,NA
"real","HRV_PER",-1.10849913298422,1.52648403972314,20,NA,NA,NA
"real","HRV_PHL",-0.815025765843387,1.49219019358686,28,NA,NA,NA
"real","HRV_POL",0.0751065279808764,0.279410141529032,10,NA,NA,NA
"real","HRV_PRT",-0.136219620002695,0.232541385766171,9,NA,NA,NA
"real","HRV_QAT",-1.24162781605913,2.97549364552274,28,NA,NA,NA
"real","HRV_ROU",-0.177484903577413,0.465963675341063,10,NA,NA,NA
"real","HRV_RUS",0.120893466170815,0.279848624103963,28,NA,NA,NA
"real","HRV_RWA",-1.8695641448886,7.25918247287822,21,NA,NA,NA
"real","HRV_SAU",-0.532414591752875,0.713491988953528,28,NA,NA,NA
"real","HRV_SDN",-0.329079969402077,3.07167465417053,27,NA,NA,NA
"real","HRV_SEN",-1.6701187572085,4.01989141574492,25,NA,NA,NA
"real","HRV_SGP",-0.874186221276067,1.74714046466135,26,NA,NA,NA
"real","HRV_SLE",-1.82948420637947,3.25136441460727,24,NA,NA,NA
"real","HRV_SLV",-1.11930051432142,7.36378205761554,16,NA,NA,NA
"real","HRV_SWE",-0.446042140161088,0.606013787046992,9,NA,NA,NA
"real","HRV_SYR",-0.597193659476191,1.10464474641323,20,NA,NA,NA
"real","HRV_THA",-0.576792849050506,0.789555498250779,28,NA,NA,NA
"real","HRV_TJK",-0.610290542324372,1.75957488951881,21,NA,NA,NA
"real","HRV_TKM",-2.12907221837648,6.7689962897753,28,NA,NA,NA
"real","HRV_TTO",-2.70455490978839,5.88415806365303,15,NA,NA,NA
"real","HRV_TUN",-0.573694838999592,0.80692624892282,20,NA,NA,NA
"real","HRV_TUR",-0.153091552003734,0.484515803043306,10,NA,NA,NA
"real","HRV_TWN",-0.429208031252921,0.693735143786015,28,NA,NA,NA
"real","HRV_UGA",-1.2408833687872,5.05209316723639,26,NA,NA,NA
"real","HRV_UKR",0.0155447653552233,0.143404990654948,21,NA,NA,NA
"real","HRV_URY",-0.985289048443041,1.5216076683641,28,NA,NA,NA
"real","HRV_USA",-0.217490612938199,0.272283930887841,28,NA,NA,NA
"real","HRV_VCT",-1.49369342366077,4.38311284164445,20,NA,NA,NA
"real","HRV_VEN",-0.981783742613153,3.35297325811638,28,NA,NA,NA
"real","HRV_YEM",-0.95213618536308,4.33684283150534,23,NA,NA,NA
"real","HRV_ZMB",-2.07417449593696,8.97325018964518,23,NA,NA,NA
"real","HRV_ZWE",-1.35969885004467,3.86664076377373,16,NA,NA,NA
"real","HTI_DZA",-2.75833723589397,4.26675097083254,24,NA,NA,NA
"real","HTI_HND",-0.128001385550464,1.72206599989422,24,NA,NA,NA
"real","HTI_HUN",-0.392145086485199,4.22625262532337,17,NA,NA,NA
"real","HTI_LCA",-0.0517132965115119,0.358606263379868,8,NA,NA,NA
"real","HTI_MMR",-1.6266078915918,11.334637876157,8,NA,NA,NA
"real","HTI_MYS",-1.34210583546565,6.8859575461262,12,NA,NA,NA
"real","HTI_PER",-0.822204213477985,1.40221133739917,25,NA,NA,NA
"real","HTI_SAU",-0.806473083814465,1.92757588660678,19,NA,NA,NA
"real","HTI_TUR",-0.845859831405098,2.38703833964607,23,NA,NA,NA
"real","HUN_AFG",-0.888856681045728,3.14734490764804,25,NA,NA,NA
"real","HUN_AGO",-1.10520030959184,1.25411630581096,25,NA,NA,NA
"real","HUN_ATG",-1.06249626006863,3.26680229530441,14,NA,NA,NA
"real","HUN_BDI",-0.909988563870273,2.37703204849858,27,NA,NA,NA
"real","HUN_BEN",-0.542814651644532,1.12358459918807,28,NA,NA,NA
"real","HUN_BHR",-0.449748011094557,0.450478218319758,28,NA,NA,NA
"real","HUN_BLR",0.232309953189435,0.283911145260691,28,NA,NA,NA
"real","HUN_BMU",0.330768406493853,0.612914000574978,11,NA,NA,NA
"real","HUN_BRN",-1.586573528869,2.69951688803427,27,NA,NA,NA
"real","HUN_CAF",-0.834750190961632,2.08418225073226,25,NA,NA,NA
"real","HUN_CIV",-0.375219946038916,0.63887137010313,23,NA,NA,NA
"real","HUN_COD",-0.524332831248179,0.784431339337805,25,NA,NA,NA
"real","HUN_COG",-1.05539507402918,1.69312400789943,28,NA,NA,NA
"real","HUN_COM",-0.693106806660401,4.3356187262806,12,NA,NA,NA
"real","HUN_CPV",-1.41109258234424,3.1688170410264,27,NA,NA,NA
"real","HUN_DJI",-0.903259820992363,2.45211459727308,24,NA,NA,NA
"real","HUN_DOM",-0.0869193003607706,0.57521579973372,15,NA,NA,NA
"real","HUN_EST",-0.49144721373424,3.95064290433737,8,NA,NA,NA
"real","HUN_FJI",-0.15654184331201,1.93076977804898,14,NA,NA,NA
"real","HUN_GAB",-0.158664706406011,0.620009239167284,28,NA,NA,NA
"real","HUN_GHA",-0.55779533814973,0.865483174785186,23,NA,NA,NA
"real","HUN_GIB",0.478289394807709,1.89277154574583,28,NA,NA,NA
"real","HUN_GIN",-0.975086807141235,1.7680528436587,28,NA,NA,NA
"real","HUN_GMB",-1.40729364738017,3.79773229392469,24,NA,NA,NA
"real","HUN_GNB",-0.774930385114863,2.14950236843873,19,NA,NA,NA
"real","HUN_GNQ",-0.584731171193599,2.5631572301131,24,NA,NA,NA
"real","HUN_HRV",0.0298592226234462,0.0560843678686763,10,NA,NA,NA
"real","HUN_HTI",-0.301000760511329,0.568735361050298,28,NA,NA,NA
"real","HUN_KAZ",0.223998965258636,0.872822135040099,28,NA,NA,NA
"real","HUN_KEN",-0.157801901362639,0.321745133126634,28,NA,NA,NA
"real","HUN_KHM",-0.737302284180988,2.39676345126412,28,NA,NA,NA
"real","HUN_LAO",-1.67814786298912,4.62479772087624,20,NA,NA,NA
"real","HUN_LBR",-0.52425075759012,1.74892221945647,26,NA,NA,NA
"real","HUN_LCA",-0.0900658454268522,0.629994021421425,15,NA,NA,NA
"real","HUN_MDA",0.155573357864157,0.172294641285129,21,NA,NA,NA
"real","HUN_MDV",-0.491262268590051,1.28465378841004,27,NA,NA,NA
"real","HUN_MLI",-0.506633319810373,0.755586642139127,28,NA,NA,NA
"real","HUN_MMR",-1.93363974858187,4.30642630785528,28,NA,NA,NA
"real","HUN_MOZ",-0.113278136514091,1.22989178908558,23,NA,NA,NA
"real","HUN_MRT",-3.93975678783443,3.19515282479926,28,NA,NA,NA
"real","HUN_NER",-0.253130042367133,1.65673486778607,28,NA,NA,NA
"real","HUN_NIC",-0.67445161464661,2.13975577780145,20,NA,NA,NA
"real","HUN_PAN",-0.418687618127648,0.956396484611432,20,NA,NA,NA
"real","HUN_PHL",-0.511259951743879,0.702967359259559,28,NA,NA,NA
"real","HUN_PNG",-0.564017869505262,4.13597004765114,10,NA,NA,NA
"real","HUN_QAT",-0.455990996835027,0.466066361047878,28,NA,NA,NA
"real","HUN_RUS",0.243557569966664,0.313896396585078,28,NA,NA,NA
"real","HUN_RWA",-1.06722584198233,2.17607406097062,27,NA,NA,NA
"real","HUN_SDN",-0.00639910238374529,0.931702802021658,28,NA,NA,NA
"real","HUN_SLB",-1.22657477145547,9.1597313671534,13,NA,NA,NA
"real","HUN_SLE",-0.0720291258880856,1.89103123246104,28,NA,NA,NA
"real","HUN_SOM",-0.612825676369915,2.57161466469063,24,NA,NA,NA
"real","HUN_SUR",-0.592783478017593,1.4745152313074,14,NA,NA,NA
"real","HUN_SYC",-0.917037609973812,3.77125294070512,17,NA,NA,NA
"real","HUN_TGO",-1.02017053272181,1.86948599717561,27,NA,NA,NA
"real","HUN_TON",-0.453942850804252,7.18413691676199,14,NA,NA,NA
"real","HUN_TZA",-0.195508596820718,0.631674905055575,28,NA,NA,NA
"real","HUN_UGA",-0.762424371076514,1.07406858936954,28,NA,NA,NA
"real","HUN_UKR",0.152695399279884,0.166800835022245,21,NA,NA,NA
"real","HUN_UZB",0.119341321391008,0.619154404672874,28,NA,NA,NA
"real","HUN_VNM",0.165537226991211,0.409869287688145,28,NA,NA,NA
"real","HUN_WSM",-1.01066856266781,7.2298481341935,13,NA,NA,NA
"real","HUN_ZWE",-0.357333126995839,1.13024216765241,19,NA,NA,NA
"real","IDN_BFA",-0.594390941598383,0.928388429801696,28,NA,NA,NA
"real","IDN_BLZ",-0.472786759158928,1.02506960120365,28,NA,NA,NA
"real","IDN_HRV",-0.402185939833201,0.611394455246631,28,NA,NA,NA
"real","IDN_LCA",0.300558170582934,0.740292071342535,28,NA,NA,NA
"real","IDN_RUS",-0.388019003632108,0.297616983120472,28,NA,NA,NA
"real","IDN_SLV",-0.829567949676872,2.49073754579647,28,NA,NA,NA
"real","IDN_SVN",-0.244267264508751,0.594762748592782,28,NA,NA,NA
"real","IND_ATF",-3.53931448235268,5.09990392762582,16,NA,NA,NA
"real","IND_CXR",-0.831562524874988,3.69125003309014,23,NA,NA,NA
"real","IND_EST",-0.08319201553863,0.0923614000027166,28,NA,NA,NA
"real","IND_FLK",-1.11778749546123,5.04674287879531,22,NA,NA,NA
"real","IND_HRV",-0.0991928884960239,0.0641666853922486,28,NA,NA,NA
"real","IND_LSO",-0.841018230726894,2.19325108950588,23,NA,NA,NA
"real","IND_LTU",-0.0899548676655725,0.321343702143359,28,NA,NA,NA
"real","IND_LVA",-0.155344321950818,0.119245196135609,28,NA,NA,NA
"real","IND_RUS",0.444379132514419,0.535055580080202,28,NA,NA,NA
"real","IND_STP",-0.71467919674238,1.56264222278758,28,NA,NA,NA
"real","IND_SVN",-0.232352303803288,0.131099084381993,28,NA,NA,NA
"real","IND_WLF",-0.341283732053379,2.23622416874391,26,NA,NA,NA
"real","IND_ZAF",-0.109526338272158,0.490214182886211,28,NA,NA,NA
"real","IOT_CYP",-0.898991526347316,12.6584094330422,11,NA,NA,NA
"real","IRL_AFG",0.150734580876353,0.227278016580733,28,NA,NA,NA
"real","IRL_AGO",0.237530947297352,0.472825782720126,28,NA,NA,NA
"real","IRL_ALB",-0.386377334807547,0.544312134531008,13,NA,NA,NA
"real","IRL_BDI",-0.331207564132809,3.60953872609164,28,NA,NA,NA
"real","IRL_BEN",0.205003276342932,0.676045025530996,28,NA,NA,NA
"real","IRL_BFA",0.259772170763391,0.44094458182435,28,NA,NA,NA
"real","IRL_BIH",0.00168805416848524,0.466834222279383,15,NA,NA,NA
"real","IRL_BLR",0.109505512564197,0.184456124029506,28,NA,NA,NA
"real","IRL_BLZ",-0.0805014784413233,2.3285946437954,15,NA,NA,NA
"real","IRL_BOL",0.217312512316656,0.833554072070415,28,NA,NA,NA
"real","IRL_BRN",0.0410180927057015,0.267551040744504,28,NA,NA,NA
"real","IRL_BTN",-1.54612656151827,8.62029431075556,20,NA,NA,NA
"real","IRL_CAF",0.0909783348593689,1.80068703490827,28,NA,NA,NA
"real","IRL_CCK",-1.08581595560785,10.3956669148957,10,NA,NA,NA
"real","IRL_COD",0.466661345386994,0.811643649115558,28,NA,NA,NA
"real","IRL_COK",-3.18118611683636,17.6276989373683,16,NA,NA,NA
"real","IRL_COM",-0.587538608627744,3.05192212248421,28,NA,NA,NA
"real","IRL_CPV",-0.323577907437437,3.05492654006568,28,NA,NA,NA
"real","IRL_CUB",-0.0997100560399366,1.88541018382352,28,NA,NA,NA
"real","IRL_DJI",0.0445342150349884,4.84341736884432,28,NA,NA,NA
"real","IRL_DMA",-0.25010945647395,1.13158551431793,15,NA,NA,NA
"real","IRL_DOM",-0.138732244093475,1.0088977174121,15,NA,NA,NA
"real","IRL_GIB",0.718468053795035,2.3299032397044,28,NA,NA,NA
"real","IRL_GIN",0.151514306584301,0.685846892622679,28,NA,NA,NA
"real","IRL_GRD",0.179032471086131,1.98493176466246,15,NA,NA,NA
"real","IRL_HRV",-0.0979854059757556,0.182999902307114,9,NA,NA,NA
"real","IRL_HTI",0.0695957614066173,0.556053915437807,28,NA,NA,NA
"real","IRL_JOR",0.0677020224562548,0.069148403150062,9,NA,NA,NA
"real","IRL_KHM",-0.201684806911572,0.609147388418849,28,NA,NA,NA
"real","IRL_KNA",0.106989555913099,0.311843727403499,15,NA,NA,NA
"real","IRL_LAO",-0.0716635121171966,2.00482656791263,28,NA,NA,NA
"real","IRL_LBR",-0.117101239152858,0.821035779247833,28,NA,NA,NA
"real","IRL_MDA",0.26789427127046,0.696739572837199,21,NA,NA,NA
"real","IRL_MDV",-1.15349887036948,1.57744714214468,28,NA,NA,NA
"real","IRL_MLI",0.0353754156001379,0.403002519070742,28,NA,NA,NA
"real","IRL_MMR",-0.0691920417479505,1.18007086258653,28,NA,NA,NA
"real","IRL_MNG",-0.896209908804129,1.68779993758542,26,NA,NA,NA
"real","IRL_MOZ",0.134478125972988,1.04361645741997,23,NA,NA,NA
"real","IRL_MRT",0.0930047443955108,1.23258885701112,28,NA,NA,NA
"real","IRL_NER",0.0594119414156183,0.94085993545161,28,NA,NA,NA
"real","IRL_NIC",-0.0680803923492755,0.744254865368117,20,NA,NA,NA
"real","IRL_NPL",-0.322690308288549,2.49446557101227,28,NA,NA,NA
"real","IRL_NRU",-1.42087792377345,4.54683625027188,21,NA,NA,NA
"real","IRL_PRK",-1.16239133878681,16.8483890590792,15,NA,NA,NA
"real","IRL_QAT",0.306266757611393,0.356769538148168,28,NA,NA,NA
"real","IRL_RUS",0.0444414127822678,0.238448537564184,28,NA,NA,NA
"real","IRL_RWA",0.362648887209114,1.29778751618611,28,NA,NA,NA
"real","IRL_SDN",0.312417597942272,0.812933494676417,28,NA,NA,NA
"real","IRL_SLB",-0.273060075885814,3.72343273248572,24,NA,NA,NA
"real","IRL_SLV",0.0456406590235125,0.601020070414984,20,NA,NA,NA
"real","IRL_SOM",-0.428840318492676,3.17569219781486,28,NA,NA,NA
"real","IRL_SUR",-0.0953200914086602,0.225248113824021,15,NA,NA,NA
"real","IRL_TCD",-0.211106548698787,2.21395649088224,28,NA,NA,NA
"real","IRL_TGO",-0.379090644839501,0.625029822194317,28,NA,NA,NA
"real","IRL_TON",-0.932716544800406,8.10339748959109,22,NA,NA,NA
"real","IRL_TZA",0.348188782186297,0.542143957004169,28,NA,NA,NA
"real","IRL_UKR",0.140204427189151,0.506618236959613,21,NA,NA,NA
"real","IRL_VCT",0.158486299888041,0.246344223544158,15,NA,NA,NA
"real","IRL_VGB",0.132025632573673,3.4025479449602,13,NA,NA,NA
"real","IRL_VNM",-1.05491257308927,0.897205105935893,28,NA,NA,NA
"real","IRL_VUT",-1.0863217437272,4.49025575604293,18,NA,NA,NA
"real","IRL_WSM",-1.56835195583273,7.03744271975941,27,NA,NA,NA
"real","IRL_ZMB",-0.0546663910161495,0.305385724038151,28,NA,NA,NA
"real","IRL_ZWE",-0.0635947678060144,0.182426960503386,19,NA,NA,NA
"real","IRN_BGR",-0.580334335552462,1.78527427260311,25,NA,NA,NA
"real","IRN_BRN",-0.470785489547665,1.46902198214731,26,NA,NA,NA
"real","IRN_HRV",-1.31475847011079,4.83914443254327,28,NA,NA,NA
"real","IRN_KEN",-0.824446525514985,3.79668317201632,24,NA,NA,NA
"real","IRN_LCA",-0.641535583230444,2.19566980303671,17,NA,NA,NA
"real","IRN_PAN",-0.676503850070683,2.10003172375979,22,NA,NA,NA
"real","IRN_POL",-0.125840802951754,1.06609694012371,28,NA,NA,NA
"real","IRN_SVN",-0.414086649845484,0.386445112567723,28,NA,NA,NA
"real","IRN_ZAF",-1.79771478419778,5.02813765899822,27,NA,NA,NA
"real","IRQ_HRV",-2.2774975811384,16.9840507668738,27,NA,NA,NA
"real","IRQ_IRL",0.394806145702072,5.99165332647738,24,NA,NA,NA
"real","ISL_BRN",-1.38958679691075,4.49967747438931,21,NA,NA,NA
"real","ISL_GUY",-1.47761389751489,3.35003298553444,22,NA,NA,NA
"real","ISL_HRV",-0.274384568110353,0.692331985638971,9,NA,NA,NA
"real","ISL_LCA",-0.772514443650939,3.99246660591785,15,NA,NA,NA
"real","ISL_MAC",-1.82492322665301,5.29768371449085,25,NA,NA,NA
"real","ISL_MMR",-1.48441753075749,6.64081002789041,13,NA,NA,NA
"real","ISL_RUS",-0.24284642222252,0.389658187312072,28,NA,NA,NA
"real","ISL_TTO",-1.20918072473908,3.16932779055753,24,NA,NA,NA
"real","ISL_UKR",-1.09575389567202,2.5616674062623,16,NA,NA,NA
"real","ISL_VEN",-3.35223470294549,5.58280578419325,26,NA,NA,NA
"real","ISL_YEM",-1.32796442042739,3.47083314310273,16,NA,NA,NA
"real","ISL_ZAF",-0.869666841184112,1.69473836009272,14,NA,NA,NA
"real","ISL_ZWE",-0.831064269803587,4.88195229908654,23,NA,NA,NA
"real","ISR_BLZ",-0.823708691647097,1.72480822901872,28,NA,NA,NA
"real","ISR_BRN",-0.561889221275592,1.55634164400315,26,NA,NA,NA
"real","ISR_CHN",-0.232117055682407,0.130946307256671,28,NA,NA,NA
"real","ISR_HRV",-0.0522233178066443,0.0943729447449823,20,NA,NA,NA
"real","ISR_LCA",-0.527890783803083,2.0102633447961,28,NA,NA,NA
"real","ISR_LTU",-0.213276366867894,0.500984199315028,10,NA,NA,NA
"real","ISR_MLT",-0.773642920455739,2.55812299177661,11,NA,NA,NA
"real","ISR_MMR",-0.454102388936227,0.965208921318506,26,NA,NA,NA
"real","ISR_SYC",-1.98624919913765,4.26877041099505,27,NA,NA,NA
"real","ITA_BIH",-0.529402261882293,1.79810493223704,15,NA,NA,NA
"real","ITA_BLR",-0.384360832053598,1.22618191750324,28,NA,NA,NA
"real","ITA_FSM",-0.806328807945774,2.87743521978046,27,NA,NA,NA
"real","ITA_GNQ",-0.203954067589506,0.694859770444589,27,NA,NA,NA
"real","ITA_HRV",0.0244464293692715,0.0138831936723937,9,NA,NA,NA
"real","ITA_MDA",-0.648024805110982,2.6029291097193,21,NA,NA,NA
"real","ITA_MHL",-1.24288710270418,3.80612710034318,27,NA,NA,NA
"real","ITA_RUS",-0.245728057462916,0.684411263331302,28,NA,NA,NA
"real","ITA_TJK",-0.158773621668288,2.04422350383862,28,NA,NA,NA
"real","ITA_TKM",-0.694180975167197,2.6934226892457,28,NA,NA,NA
"real","ITA_UKR",-0.54275538307079,2.8621128403339,21,NA,NA,NA
"real","ITA_WSM",-0.417228161367777,1.7958098416364,27,NA,NA,NA
"real","JAM_BOL",-1.06989502217779,3.57182368728852,27,NA,NA,NA
"real","JAM_BRN",-0.830132001774012,3.74777194499287,16,NA,NA,NA
"real","JAM_FJI",-0.351051403634839,1.15011547191978,19,NA,NA,NA
"real","JAM_HRV",-0.478664915320151,0.954128802666873,20,NA,NA,NA
"real","JAM_HUN",-0.621009981768835,0.730964560157519,14,NA,NA,NA
"real","JAM_KEN",-1.59530696851244,3.33128493079372,24,NA,NA,NA
"real","JAM_MMR",-1.73377347175699,8.43553442726408,10,NA,NA,NA
"real","JAM_PER",-0.0870590332675814,0.338090714723843,28,NA,NA,NA
"real","JAM_POL",-1.01763755193156,2.11112546576292,13,NA,NA,NA
"real","JAM_ROU",-4.14934162907109,8.04211890747981,14,NA,NA,NA
"real","JAM_RUS",-0.433175907063719,1.41161527439551,26,NA,NA,NA
"real","JAM_SVN",-0.267384333319811,0.677727645810467,15,NA,NA,NA
"real","JAM_TGO",-0.655813203009878,2.72121818301178,17,NA,NA,NA
"real","JAM_ZAF",-1.40315485321216,2.95577465588289,24,NA,NA,NA
"real","JOR_ARG",-1.68053409591125,4.32277066625089,26,NA,NA,NA
"real","JOR_BRN",-1.20434431317576,3.21471990473939,26,NA,NA,NA
"real","JOR_DZA",-0.441686251332285,1.11180074070585,16,NA,NA,NA
"real","JOR_GUY",-1.21184200820878,3.7260963420764,24,NA,NA,NA
"real","JOR_IRL",-0.336903557337325,0.593970399541591,9,NA,NA,NA
"real","JOR_LCA",-2.10613621481659,5.40482569845693,18,NA,NA,NA
"real","JOR_MMR",-0.641213050803954,3.09994157260986,16,NA,NA,NA
"real","JOR_PER",-0.448946101730924,1.36539005521507,25,NA,NA,NA
"real","JOR_SVN",-0.784322723775434,1.87434878130163,10,NA,NA,NA
"real","JPN_ARM",-1.30028951617037,3.47550693976933,28,NA,NA,NA
"real","JPN_AZE",-0.331452435539357,0.455682562409702,28,NA,NA,NA
"real","JPN_BLR",-0.415139995078753,0.735017642367457,28,NA,NA,NA
"real","JPN_EST",-0.293634103763897,0.479758130930209,26,NA,NA,NA
"real","JPN_FSM",-0.0403902799525281,0.138147997045893,28,NA,NA,NA
"real","JPN_GEO",-1.14951708416079,2.021375138849,28,NA,NA,NA
"real","JPN_HRV",-0.235462514452526,0.257095218902967,26,NA,NA,NA
"real","JPN_KAZ",-0.388964922316444,0.412516131601327,28,NA,NA,NA
"real","JPN_KGZ",-1.21026587367676,2.24143227560894,28,NA,NA,NA
"real","JPN_LTU",-0.30750936684144,0.679397103277992,26,NA,NA,NA
"real","JPN_LVA",-0.269016707628172,0.354275725881064,26,NA,NA,NA
"real","JPN_MDA",-0.660988535884044,1.38184408072208,28,NA,NA,NA
"real","JPN_MHL",-0.125712941232091,0.395082967108074,28,NA,NA,NA
"real","JPN_MNP",0.0438676623037061,0.367012466205929,28,NA,NA,NA
"real","JPN_RUS",-0.368832782915924,0.338484910189249,28,NA,NA,NA
"real","JPN_SVN",-0.0605279599315606,0.199557773801259,26,NA,NA,NA
"real","JPN_TJK",-1.03107786952874,2.28261377022749,28,NA,NA,NA
"real","JPN_TKM",-0.579723383560358,0.831751399868222,28,NA,NA,NA
"real","JPN_UKR",-0.380170004352385,0.3773103613577,28,NA,NA,NA
"real","JPN_UZB",-0.377484864713497,0.369434944688795,28,NA,NA,NA
"real","KAZ_AUT",-0.703572027833948,2.61880357535595,28,NA,NA,NA
"real","KAZ_CHE",-0.449135293648615,0.912139521544501,28,NA,NA,NA
"real","KAZ_CHN",0.36205458684222,0.371926841702094,28,NA,NA,NA
"real","KAZ_DEU",-0.120574759586731,0.114465622158546,28,NA,NA,NA
"real","KAZ_DNK",-0.949651915960284,2.96476527050935,28,NA,NA,NA
"real","KAZ_EGY",-0.553207404345687,2.14776956570034,28,NA,NA,NA
"real","KAZ_ESP",-0.669773935547443,0.87593452184469,28,NA,NA,NA
"real","KAZ_FIN",0.123138398271463,0.430803950713102,28,NA,NA,NA
"real","KAZ_FRA",-0.534741149699074,0.673224649148646,28,NA,NA,NA
"real","KAZ_HRV",-1.23408715874214,3.61709417627141,28,NA,NA,NA
"real","KAZ_ITA",-0.347339548889426,0.926160389858449,28,NA,NA,NA
"real","KAZ_JPN",-0.0259339692254691,0.352999792199291,28,NA,NA,NA
"real","KAZ_KOR",0.13368763385717,0.649253583818692,28,NA,NA,NA
"real","KAZ_LTU",-0.323758264380368,1.50042581279305,27,NA,NA,NA
"real","KAZ_NLD",-0.715898231776392,0.733283799284609,28,NA,NA,NA
"real","KAZ_POL",-0.0128126137736727,0.476447355286272,28,NA,NA,NA
"real","KAZ_PRT",-1.17896364087368,2.21876242618356,28,NA,NA,NA
"real","KAZ_ROU",-0.719844931141298,1.5416757076417,28,NA,NA,NA
"real","KAZ_SAU",-0.241617866586837,4.20208424486248,27,NA,NA,NA
"real","KAZ_SVN",-0.244587690664366,0.842461187036444,28,NA,NA,NA
"real","KAZ_SWE",-0.547399029220245,1.26115672467238,28,NA,NA,NA
"real","KAZ_TWN",-0.106666642855688,0.745038119169571,26,NA,NA,NA
"real","KAZ_USA",0.121219771597775,0.092369015413657,28,NA,NA,NA
"real","KEN_BEN",-0.769170307722851,2.17496631281501,26,NA,NA,NA
"real","KEN_BFA",-0.0192007207940427,1.10622150057664,27,NA,NA,NA
"real","KEN_BGR",-1.32787104926298,4.31046094636243,25,NA,NA,NA
"real","KEN_BOL",-2.82903239703702,5.91345394478135,25,NA,NA,NA
"real","KEN_CAF",-1.72978733676809,5.41876581300802,23,NA,NA,NA
"real","KEN_CIV",-0.0520835998812262,0.38072591964056,26,NA,NA,NA
"real","KEN_DZA",-1.15661711151733,2.59836435448281,26,NA,NA,NA
"real","KEN_GHA",-0.243391801198519,0.739182198409818,25,NA,NA,NA
"real","KEN_GIN",-0.711115613318844,3.48966370527401,24,NA,NA,NA
"real","KEN_GMB",-1.09726228841994,2.7601944702297,26,NA,NA,NA
"real","KEN_HRV",-0.587099258866404,1.3389246526114,28,NA,NA,NA
"real","KEN_LBY",-1.08397882819435,3.20095733273029,10,NA,NA,NA
"real","KEN_MLI",-0.436285089674532,2.08523627435801,25,NA,NA,NA
"real","KEN_MMR",-0.883937566287905,4.71723383166585,13,NA,NA,NA
"real","KEN_MRT",-0.701639854605672,2.29106459176505,26,NA,NA,NA
"real","KEN_SVN",-0.172603026475204,1.13129347351265,28,NA,NA,NA
"real","KEN_SYR",-0.265199323204478,1.57304177619509,22,NA,NA,NA
"real","KEN_TGO",-0.543185317443639,1.85377154149617,27,NA,NA,NA
"real","KGZ_AUS",-0.506435101391257,1.60842741051578,28,NA,NA,NA
"real","KGZ_CHE",-2.2484305707582,10.2573442756094,28,NA,NA,NA
"real","KGZ_CHN",0.334389599476877,1.12775650398197,28,NA,NA,NA
"real","KGZ_DEU",-0.622476835779831,1.94236093530404,28,NA,NA,NA
"real","KGZ_DNK",-0.899832727361754,2.91302911238149,21,NA,NA,NA
"real","KGZ_ESP",-1.20541822705074,2.93885657362012,28,NA,NA,NA
"real","KGZ_FIN",-0.707004158154182,2.86895299427297,28,NA,NA,NA
"real","KGZ_FRA",-1.36460464234275,1.99666419321463,28,NA,NA,NA
"real","KGZ_GRC",-0.536288002306955,1.75663673695739,24,NA,NA,NA
"real","KGZ_HRV",-0.341300020946936,1.38167643937926,23,NA,NA,NA
"real","KGZ_ITA",-0.370733972232352,1.25396308024732,28,NA,NA,NA
"real","KGZ_JPN",-1.01223038482069,1.7129185286967,28,NA,NA,NA
"real","KGZ_KOR",-0.417457009026796,1.27193895528977,28,NA,NA,NA
"real","KGZ_LTU",-1.22472955733569,4.36422883507497,27,NA,NA,NA
"real","KGZ_NLD",-0.214867380785607,1.07352748488344,28,NA,NA,NA
"real","KGZ_POL",0.0719012619633059,0.763260738422545,27,NA,NA,NA
"real","KGZ_ROU",-0.218798866535654,1.17274937736275,28,NA,NA,NA
"real","KGZ_SAU",-1.4615902355273,4.69637936459447,24,NA,NA,NA
"real","KGZ_SWE",-0.571228244971369,1.20837354695602,26,NA,NA,NA
"real","KGZ_USA",-0.393041748332197,1.36383513896861,28,NA,NA,NA
"real","KHM_DZA",-0.112009977597138,3.80183555887949,28,NA,NA,NA
"real","KHM_FIN",-0.516909145056045,0.913854947141687,28,NA,NA,NA
"real","KHM_HRV",-1.07481430365691,2.2848292701899,26,NA,NA,NA
"real","KHM_HUN",0.00582439929610336,1.85048976955379,28,NA,NA,NA
"real","KHM_IRL",-0.072393633686174,1.46177735013534,28,NA,NA,NA
"real","KHM_PER",-1.61367094755848,3.67660778313346,23,NA,NA,NA
"real","KHM_SWE",-0.426003594354238,0.619169180568255,28,NA,NA,NA
"real","KHM_TUR",-0.784682523331315,1.30484289415339,24,NA,NA,NA
"real","KHM_TWN",-0.1475896777575,0.745826343902167,28,NA,NA,NA
"real","KHM_USA",-0.530717087832576,2.77481988491519,28,NA,NA,NA
"real","KIR_BGD",-0.699125393708292,6.67934537499087,8,NA,NA,NA
"real","KNA_COL",-1.7981091641037,5.97889180557505,18,NA,NA,NA
"real","KNA_FRA",-0.548077361723476,1.25820443613068,15,NA,NA,NA
"real","KNA_GBR",-0.5819260031087,5.22266410831367,15,NA,NA,NA
"real","KOR_ABW",-0.451068067961707,1.24554555964304,26,NA,NA,NA
"real","KOR_FSM",-0.373427761743811,0.473695694818592,28,NA,NA,NA
"real","KOR_GEO",-0.678094070043538,0.782070753241514,27,NA,NA,NA
"real","KOR_HRV",-0.195979771440678,0.251819391138907,20,NA,NA,NA
"real","KOR_KAZ",-0.303928944461109,0.395442866444407,28,NA,NA,NA
"real","KOR_KGZ",-0.401425804784561,1.27387055968709,28,NA,NA,NA
"real","KOR_MHL",-0.871435815588721,2.59581397628704,28,NA,NA,NA
"real","KOR_MNP",-0.580794141738205,1.22915526501097,28,NA,NA,NA
"real","KOR_RUS",-0.161393547387145,0.105636130725424,28,NA,NA,NA
"real","KOR_SVN",-0.158903732875753,0.173939890979036,18,NA,NA,NA
"real","KOR_TKM",-1.06174825524226,2.52149817105529,28,NA,NA,NA
"real","KOR_UKR",-0.378248964093726,0.500484795482395,28,NA,NA,NA
"real","KOR_UZB",-0.1843342799353,0.441165478225199,28,NA,NA,NA
"real","KOR_ZAF",-1.39162143797897,5.67494126325754,28,NA,NA,NA
"real","KWT_BOL",-2.24977622073402,10.5016766504343,13,NA,NA,NA
"real","KWT_CHN",-0.681123866309578,0.927746189255345,28,NA,NA,NA
"real","KWT_DZA",-0.892515546383422,1.36087989476255,15,NA,NA,NA
"real","KWT_HUN",-2.1620501995472,3.80302975737152,27,NA,NA,NA
"real","KWT_IRL",-1.36407762691791,3.38067035083907,28,NA,NA,NA
"real","KWT_IRN",-0.709708071363062,1.96207697757417,27,NA,NA,NA
"real","KWT_KEN",-1.41436249976845,6.46182218433472,25,NA,NA,NA
"real","KWT_MDG",-2.29578041830102,7.20390579674193,21,NA,NA,NA
"real","KWT_MOZ",-2.04181613580811,4.05284454103154,21,NA,NA,NA
"real","KWT_SWE",-1.16395397805965,3.38544917038247,28,NA,NA,NA
"real","KWT_ZAF",-1.05794927134053,5.42641357659542,24,NA,NA,NA
"real","LAO_CYP",-0.417097446216408,1.68355152216328,20,NA,NA,NA
"real","LAO_DZA",-1.63068782230006,6.9209206692075,23,NA,NA,NA
"real","LAO_IRL",-0.383843361453422,2.34505029746911,28,NA,NA,NA
"real","LAO_ISL",-0.215566615681892,0.809629552664085,28,NA,NA,NA
"real","LAO_NZL",-0.763311416687532,1.75021917461256,18,NA,NA,NA
"real","LAO_POL",-0.226871539602358,2.10301653680508,24,NA,NA,NA
"real","LAO_QAT",-0.666795197668761,2.73324557055278,11,NA,NA,NA
"real","LAO_SAU",-1.65090090460612,2.2812557627853,24,NA,NA,NA
"real","LAO_SWE",-1.16322279527093,1.89578893619082,28,NA,NA,NA
"real","LBN_BEN",-1.10417755367334,4.88740076989431,27,NA,NA,NA
"real","LBN_BGR",-0.247783055695327,0.838106009351611,11,NA,NA,NA
"real","LBN_BOL",-0.692070631512136,2.47207583316397,19,NA,NA,NA
"real","LBN_BRN",-0.443930532792509,2.22972384400369,23,NA,NA,NA
"real","LBN_CHN",-0.659587199859601,0.676014808308739,28,NA,NA,NA
"real","LBN_DZA",-0.26993726212453,0.560994109101851,16,NA,NA,NA
"real","LBN_HRV",-0.309589724985593,2.26238718353556,20,NA,NA,NA
"real","LBN_JAM",-0.41165194481359,1.67068822205909,24,NA,NA,NA
"real","LBN_KEN",-0.939255833838673,1.85284967089203,24,NA,NA,NA
"real","LBN_PAN",-0.464820880743977,1.58730368576487,26,NA,NA,NA
"real","LBN_ZAF",-2.98059567592436,6.27078077166516,27,NA,NA,NA
"real","LBR_CHN",-1.98531322028787,9.84875539956631,26,NA,NA,NA
"real","LBR_ECU",-1.95488094371624,12.8188935835852,20,NA,NA,NA
"real","LBR_HRV",-3.91783664532468,9.84492775610185,22,NA,NA,NA
"real","LBR_HUN",-2.20563141378215,5.69001274896914,18,NA,NA,NA
"real","LBR_JAM",-0.896246719668519,3.34683900727551,12,NA,NA,NA
"real","LBR_KEN",-2.8589830294582,6.91399295778165,16,NA,NA,NA
"real","LBR_MMR",-2.24713574616694,7.3686871962587,12,NA,NA,NA
"real","LBR_MUS",-1.48098889903038,7.70867449768107,15,NA,NA,NA
"real","LBR_PER",-1.97628417984686,8.22055959879351,14,NA,NA,NA
"real","LBY_CHN",-1.00461174754072,2.37723225784557,28,NA,NA,NA
"real","LBY_HRV",-0.221943274209699,2.80934491016928,28,NA,NA,NA
"real","LBY_SWE",-1.33388073596564,6.08838380159945,28,NA,NA,NA
"real","LCA_ANT",-0.432782059054372,0.613600075674238,16,NA,NA,NA
"real","LCA_BGD",-1.26161981363205,9.52681455046801,13,NA,NA,NA
"real","LCA_BMU",-3.06947503882162,4.26129026499384,24,NA,NA,NA
"real","LCA_BRA",-2.3213587425151,3.28196952944407,26,NA,NA,NA
"real","LCA_CHN",-2.59491348612352,4.77357637848653,25,NA,NA,NA
"real","LCA_COL",-4.46255204919015,7.51353571226097,27,NA,NA,NA
"real","LCA_CYM",-1.3131984742773,8.07116750118308,17,NA,NA,NA
"real","LCA_DOM",-2.71113319886166,7.17897943567537,24,NA,NA,NA
"real","LCA_ESP",-1.69826112822266,7.40378000740188,14,NA,NA,NA
"real","LCA_HUN",-1.09439330183468,2.08156953107592,9,NA,NA,NA
"real","LCA_IDN",-1.67727489084644,4.8055419142158,21,NA,NA,NA
"real","LCA_IRL",-1.45412341832535,4.76315407300744,10,NA,NA,NA
"real","LCA_MAR",-0.892213965145088,3.35701215627859,12,NA,NA,NA
"real","LCA_PAN",-1.37516926808496,6.70328468818107,19,NA,NA,NA
"real","LCA_SWE",-0.967953102990849,3.12445161831422,11,NA,NA,NA
"real","LCA_TUR",-1.35542516476281,2.64652599097337,21,NA,NA,NA
"real","LCA_VEN",-1.53983645535184,6.31717886495026,24,NA,NA,NA
"real","LCA_VGB",-0.647402499748944,2.91163598013938,27,NA,NA,NA
"real","LKA_AGO",-0.557729754718431,1.77077148831979,25,NA,NA,NA
"real","LKA_BLZ",-0.608339757523762,1.66056577459477,28,NA,NA,NA
"real","LKA_BWA",0.0533867429665954,1.85195921067276,24,NA,NA,NA
"real","LKA_HRV",-0.307027284639881,0.335261666160068,28,NA,NA,NA
"real","LKA_HTI",-2.63589025666829,6.24192770048589,17,NA,NA,NA
"real","LKA_RUS",0.0167395571124691,0.189704878843488,28,NA,NA,NA
"real","LKA_SVN",-0.0512389563777376,0.105229175164615,28,NA,NA,NA
"real","LKA_TCA",-1.089505280443,5.98576275368258,10,NA,NA,NA
"real","LKA_VCT",-0.19130374142797,0.427621742257182,27,NA,NA,NA
"real","LTU_ARE",-1.16083721797679,2.49104273581748,28,NA,NA,NA
"real","LTU_AUS",-0.979505256002104,1.70541438507283,28,NA,NA,NA
"real","LTU_AZE",0.145235024847741,0.827375171053191,27,NA,NA,NA
"real","LTU_BGR",-0.480387529959998,1.56860175126987,8,NA,NA,NA
"real","LTU_BLR",0.0043952371079428,0.400473685429076,27,NA,NA,NA
"real","LTU_CHN",-0.399992578440993,1.4496598278273,28,NA,NA,NA
"real","LTU_GEO",-0.106051348389539,0.608632951283855,20,NA,NA,NA
"real","LTU_HRV",-0.885722048147777,3.15391558388002,11,NA,NA,NA
"real","LTU_JPN",-0.556031514742829,1.10571086793168,26,NA,NA,NA
"real","LTU_KAZ",0.0286691459583686,0.76770200945945,27,NA,NA,NA
"real","LTU_KGZ",-0.0563229147146462,0.70467138360992,27,NA,NA,NA
"real","LTU_LBN",-0.712745450697615,2.50212845722919,10,NA,NA,NA
"real","LTU_MDA",0.36820208883142,0.420074630705348,20,NA,NA,NA
"real","LTU_ROU",0.145219349460263,0.352421533881101,11,NA,NA,NA
"real","LTU_RUS",-0.0279084721908011,0.431814947126661,27,NA,NA,NA
"real","LTU_SAU",-1.85500087413467,4.30267026744803,28,NA,NA,NA
"real","LTU_TJK",-0.151537227798583,0.914325991071262,27,NA,NA,NA
"real","LTU_TKM",-0.26232388487955,1.38070042761828,27,NA,NA,NA
"real","LTU_UKR",0.159251290828038,0.280331172098187,20,NA,NA,NA
"real","LTU_USA",-0.434994182127003,0.692820457532911,28,NA,NA,NA
"real","LTU_UZB",-0.37585542972309,0.553915594176025,27,NA,NA,NA
"real","LVA_AUS",-0.567773680218811,0.517629584893892,28,NA,NA,NA
"real","LVA_BGR",-0.295267567775459,0.531535601967054,9,NA,NA,NA
"real","LVA_CHN",-0.0878693654441081,0.640373788358903,28,NA,NA,NA
"real","LVA_HRV",0.0604174382727701,1.34482958377385,11,NA,NA,NA
"real","LVA_JPN",-0.154917270664646,0.467896678631434,26,NA,NA,NA
"real","LVA_ROU",0.0222439217502906,1.02013166590324,11,NA,NA,NA
"real","LVA_SAU",-1.29542255414445,2.06463939170833,28,NA,NA,NA
"real","LVA_USA",-0.250430616783109,0.321566318575781,28,NA,NA,NA
"real","MAC_BLZ",-2.61322075750763,11.1069559769633,8,NA,NA,NA
"real","MAC_BRN",-1.71446543578457,4.765469784456,27,NA,NA,NA
"real","MAC_CIV",-1.17137267752091,5.34007828295781,24,NA,NA,NA
"real","MAC_GTM",-0.483327171462592,1.95878435846535,19,NA,NA,NA
"real","MAC_HND",-1.15975044820658,2.5481286962849,13,NA,NA,NA
"real","MAC_KEN",-3.89891614286395,9.53168867404724,11,NA,NA,NA
"real","MAC_KHM",-1.58341674455739,6.31227612789415,27,NA,NA,NA
"real","MAC_LCA",-0.86867760579608,1.93216583872785,15,NA,NA,NA
"real","MAC_MAR",-0.548898336784251,3.45943412635509,21,NA,NA,NA
"real","MAC_MMR",-1.76513011926731,8.14529260259458,23,NA,NA,NA
"real","MAC_NGA",-0.570788195684418,1.75578701507541,18,NA,NA,NA
"real","MAC_PRY",-1.44694205956928,6.07511351872962,22,NA,NA,NA
"real","MAC_RUS",-0.810228396428361,2.64378937403081,28,NA,NA,NA
"real","MAC_SLV",-0.853277831302279,2.81523613612723,22,NA,NA,NA
"real","MAR_DOM",-0.562610746435604,1.08914927471415,28,NA,NA,NA
"real","MAR_HRV",-0.0160762705991344,0.130753826499165,20,NA,NA,NA
"real","MAR_KEN",-1.34176410740353,2.16771244566715,27,NA,NA,NA
"real","MAR_MUS",-0.366221952454973,1.95132368331366,28,NA,NA,NA
"real","MAR_RUS",-0.533058202376142,2.19954993488816,28,NA,NA,NA
"real","MAR_SUR",-0.449596001637202,0.914372356073642,26,NA,NA,NA
"real","MAR_SVN",-0.439759711982469,1.02574600828836,11,NA,NA,NA
"real","MAR_ZAF",-0.990117990113846,2.39166823624582,25,NA,NA,NA
"real","MDA_AUS",-0.691016886135065,2.36399381162874,28,NA,NA,NA
"real","MDA_CHE",-0.484092800264359,0.724138407801186,28,NA,NA,NA
"real","MDA_CHN",-0.645617131394739,2.03460108071608,28,NA,NA,NA
"real","MDA_DEU",-0.0334485723485179,0.039074326971912,21,NA,NA,NA
"real","MDA_DNK",-0.167335442461756,2.28821247171332,21,NA,NA,NA
"real","MDA_ESP",-0.419998077952464,1.54493903573201,21,NA,NA,NA
"real","MDA_FIN",-0.543384697305231,0.751304086957905,21,NA,NA,NA
"real","MDA_GRC",-0.0995522046607739,0.636193876973539,21,NA,NA,NA
"real","MDA_HUN",-0.123418594494287,0.686989758534647,21,NA,NA,NA
"real","MDA_ITA",-0.569298631068014,1.66875424176059,21,NA,NA,NA
"real","MDA_JPN",-1.51385691974562,4.87361494408036,27,NA,NA,NA
"real","MDA_LTU",0.221848965757421,0.727108769699896,20,NA,NA,NA
"real","MDA_NLD",-0.158559180528257,0.351226750553319,21,NA,NA,NA
"real","MDA_PER",-0.719850152011401,3.17886555230705,26,NA,NA,NA
"real","MDA_POL",-0.879703716000563,0.990521614432788,21,NA,NA,NA
"real","MDA_PRT",-0.877690792734666,2.08608214402335,21,NA,NA,NA
"real","MDA_SAU",-0.536723851122899,3.21106214686116,26,NA,NA,NA
"real","MDA_SVN",0.00476536931480036,0.388411694977321,21,NA,NA,NA
"real","MDA_SWE",-0.949228646824129,1.88971459443558,21,NA,NA,NA
"real","MDA_TUR",-0.401093777387133,0.520668135290142,23,NA,NA,NA
"real","MDA_USA",-0.172721382390502,1.01494597441755,28,NA,NA,NA
"real","MDG_BEN",-1.5428533270795,4.31388795206096,25,NA,NA,NA
"real","MDG_BFA",-0.562363078334649,1.8768271444496,26,NA,NA,NA
"real","MDG_BGR",-1.66545047804164,3.32213907195461,18,NA,NA,NA
"real","MDG_BOL",-0.627180064698433,1.93544343145853,22,NA,NA,NA
"real","MDG_DMA",-1.21709819320469,4.76924655349683,10,NA,NA,NA
"real","MDG_DOM",-0.468162910539929,2.01519324954491,24,NA,NA,NA
"real","MDG_GRD",-0.579281647269914,3.88556600418596,10,NA,NA,NA
"real","MDG_GTM",-0.314081321446822,3.8208261379746,13,NA,NA,NA
"real","MDG_HND",-0.683947258155623,3.44888020941071,17,NA,NA,NA
"real","MDG_HRV",-1.35004090902463,1.63443253284305,20,NA,NA,NA
"real","MDG_IRL",-0.425597959431859,1.44198644044054,19,NA,NA,NA
"real","MDG_IRQ",-1.49974372785111,6.34002008488311,15,NA,NA,NA
"real","MDG_KWT",-1.48135963317831,3.74442450002533,28,NA,NA,NA
"real","MDG_NER",-0.708920578178467,4.94615245674772,23,NA,NA,NA
"real","MDG_RUS",-0.696118337447069,2.00222245024313,28,NA,NA,NA
"real","MDG_SLV",-0.983557212153884,3.31307202430346,15,NA,NA,NA
"real","MDG_SVN",-0.570884099044708,0.893347735444463,19,NA,NA,NA
"real","MDG_TGO",-1.81377839380995,6.98776488046655,22,NA,NA,NA
"real","MDG_VNM",-1.26998607327427,3.49964755081067,21,NA,NA,NA
"real","MDV_CHN",-1.93936745062032,3.9309322696433,27,NA,NA,NA
"real","MDV_GRC",-1.35425116959381,6.78522782764072,22,NA,NA,NA
"real","MDV_IRL",-0.808544828813072,2.20538686689229,26,NA,NA,NA
"real","MDV_SWE",-1.56791283217065,2.89645040901536,28,NA,NA,NA
"real","MEX_FRO",-0.504611567952822,0.902251010103402,15,NA,NA,NA
"real","MEX_GNB",-1.31007404683609,5.04321586420538,17,NA,NA,NA
"real","MEX_HRV",-0.62200784077894,0.700614172834765,20,NA,NA,NA
"real","MEX_NER",-0.629185886302815,2.53692598258099,26,NA,NA,NA
"real","MEX_RUS",-0.374066360427219,0.432531862547434,28,NA,NA,NA
"real","MEX_SVN",-0.835960469124543,2.10035283316245,11,NA,NA,NA
"real","MEX_TGO",-1.05449609420695,1.92761575368394,28,NA,NA,NA
"real","MEX_VUT",-0.264071240865377,1.63624128590588,14,NA,NA,NA
"real","MHL_DEU",-2.64263082626979,10.5678146222413,25,NA,NA,NA
"real","MHL_JPN",-0.215198189979811,1.55740471377568,28,NA,NA,NA
"real","MHL_MYS",-2.43380440867024,8.52422932451182,10,NA,NA,NA
"real","MHL_NLD",-3.75040986273668,7.69496262512122,24,NA,NA,NA
"real","MHL_USA",0.102101324928811,0.968969972468626,28,NA,NA,NA
"real","MKD_AUS",-0.0328285380628607,0.172888672593524,28,NA,NA,NA
"real","MKD_AUT",-0.258075028945835,0.872236717945813,8,NA,NA,NA
"real","MKD_CHE",-0.539349884265325,1.19282530375027,9,NA,NA,NA
"real","MKD_POL",-0.0487569056468822,0.0617960134336773,11,NA,NA,NA
"real","MKD_ROU",-0.627315813168461,1.65537984833578,11,NA,NA,NA
"real","MKD_USA",-0.0899603587843364,0.182221840736287,28,NA,NA,NA
"real","MLI_BRA",-1.63382647095704,10.0893478214288,28,NA,NA,NA
"real","MLI_BRN",-1.75632887250169,7.87393926335605,14,NA,NA,NA
"real","MLI_HRV",-0.953593141875599,4.32441790997488,24,NA,NA,NA
"real","MLI_HUN",-1.03483513700608,6.50944464877664,25,NA,NA,NA
"real","MLI_LCA",-0.1209250238884,1.10947821389409,12,NA,NA,NA
"real","MLI_MMR",-1.75762365385239,11.4897123329029,11,NA,NA,NA
"real","MLI_PER",-0.747375819580593,4.70214243581362,24,NA,NA,NA
"real","MLI_ZAF",-2.26174587524515,8.16776994508329,27,NA,NA,NA
"real","MLT_BOL",-0.654266226600074,1.46283980387826,27,NA,NA,NA
"real","MLT_CHN",-0.845750883077371,2.89401365450196,28,NA,NA,NA
"real","MLT_DJI",-0.123206131931213,0.869734606196303,27,NA,NA,NA
"real","MLT_GNB",-0.660991242206826,2.89119125512562,18,NA,NA,NA
"real","MLT_HRV",-1.07367817442654,2.2664585738238,11,NA,NA,NA
"real","MLT_HUN",-0.678037551596246,0.542447002990759,11,NA,NA,NA
"real","MLT_LCA",-2.5264399652951,8.45725006098721,10,NA,NA,NA
"real","MLT_MMR",-0.697753533758807,4.1607662367434,18,NA,NA,NA
"real","MLT_NOR",-0.709257513404392,1.46236121858153,11,NA,NA,NA
"real","MLT_PER",-0.827240307014107,2.79220728564743,19,NA,NA,NA
"real","MLT_RUS",-0.630972025072385,1.56415647719683,27,NA,NA,NA
"real","MLT_SVN",-0.760468470928838,1.7292145982809,10,NA,NA,NA
"real","MMR_ARE",-0.120170150875311,1.01604701221644,17,NA,NA,NA
"real","MMR_BGR",-1.72323994602513,5.18546364577024,22,NA,NA,NA
"real","MMR_CIV",-1.22970554098901,14.4214071280644,22,NA,NA,NA
"real","MMR_CPV",-0.825342039669193,7.09798097578496,10,NA,NA,NA
"real","MMR_GMB",-0.280186778016627,2.02952463199417,8,NA,NA,NA
"real","MMR_HND",-1.36185272647419,7.84753368235042,9,NA,NA,NA
"real","MMR_HRV",-1.5175310821446,5.41098943340786,27,NA,NA,NA
"real","MMR_HUN",-0.988362691099149,3.25537381486749,27,NA,NA,NA
"real","MMR_JAM",-2.13385246970195,7.3290773249207,13,NA,NA,NA
"real","MMR_KEN",-0.931063547000686,6.30653872054899,15,NA,NA,NA
"real","MMR_KWT",-1.9545249150892,8.32508290940615,23,NA,NA,NA
"real","MMR_MDG",-3.46910049537852,17.7034537723355,19,NA,NA,NA
"real","MMR_MDV",-1.23552270455911,9.34474160173326,20,NA,NA,NA
"real","MMR_MLT",-0.0142350891173414,1.95297244370305,24,NA,NA,NA
"real","MMR_NOR",-0.93875231589829,1.44633007634539,28,NA,NA,NA
"real","MMR_NPL",-1.57833476322622,4.96801608387674,16,NA,NA,NA
"real","MMR_YEM",-1.06084672067318,3.81262488098995,12,NA,NA,NA
"real","MMR_ZAF",-0.631654061243161,2.15171275342957,27,NA,NA,NA
"real","MNG_DNK",-1.30578804881774,3.29465159598745,26,NA,NA,NA
"real","MNG_DZA",-1.19203528569154,5.52294187404026,23,NA,NA,NA
"real","MNG_GRC",-0.638110309448858,3.95135551044146,17,NA,NA,NA
"real","MNG_PAK",-0.444838002003971,4.33335410972599,20,NA,NA,NA
"real","MNG_PER",-1.80449310449331,8.02138361882928,23,NA,NA,NA
"real","MNG_QAT",0.226683468294254,1.76164608260644,13,NA,NA,NA
"real","MNG_SAU",-0.617781084891643,1.63690216595383,26,NA,NA,NA
"real","MNP_AUS",-0.865488275333685,2.73813726660463,27,NA,NA,NA
"real","MNP_JPN",-1.16663653116339,4.94803031373666,27,NA,NA,NA
"real","MNP_KOR",-0.699121985644374,3.56594715295226,27,NA,NA,NA
"real","MNP_NZL",-0.401670285913054,2.96180693580157,27,NA,NA,NA
"real","MNP_SAU",-0.736933513727866,3.52439660725439,10,NA,NA,NA
"real","MOZ_CHN",-0.646053479194442,1.22788538294494,28,NA,NA,NA
"real","MOZ_OMN",-1.14410853638025,2.45762048565075,18,NA,NA,NA
"real","MOZ_POL",-0.878757199370378,3.31973565873404,22,NA,NA,NA
"real","MRT_BRN",-2.91240050299399,11.5714521091658,8,NA,NA,NA
"real","MRT_CHN",-1.94917418869949,6.59889761165218,27,NA,NA,NA
"real","MRT_HUN",-0.382287663061216,2.53190021388078,15,NA,NA,NA
"real","MRT_IRL",-2.13826660017402,7.44928313843819,28,NA,NA,NA
"real","MRT_MAR",-0.427016224190589,1.19253912567034,28,NA,NA,NA
"real","MRT_MYS",-1.27394331170368,4.14820660777048,28,NA,NA,NA
"real","MRT_PER",-1.20146846262694,2.96272511649924,26,NA,NA,NA
"real","MSR_AUS",-0.916705208514737,2.60761004869992,20,NA,NA,NA
"real","MSR_CHN",-1.55154211885131,5.90854424079243,20,NA,NA,NA
"real","MUS_BHS",-5.2529935962764,8.21412140352266,22,NA,NA,NA
"real","MUS_BRN",-0.892648846379942,4.44030089742269,27,NA,NA,NA
"real","MUS_COL",-1.16647469667743,3.13786285905112,28,NA,NA,NA
"real","MUS_GUY",-0.923634710193448,2.33517658072347,21,NA,NA,NA
"real","MUS_HUN",-0.439537088680023,0.544417217025029,19,NA,NA,NA
"real","MUS_NOR",-0.227078712149506,1.08267192116485,28,NA,NA,NA
"real","MUS_PAN",-0.544307139984765,2.40988020977469,28,NA,NA,NA
"real","MUS_POL",-1.80602357672609,3.56852741293902,19,NA,NA,NA
"real","MUS_PRK",-0.678669205139405,2.28611549783655,13,NA,NA,NA
"real","MUS_PYF",-0.176107058730796,0.413618720429421,28,NA,NA,NA
"real","MUS_SAU",-1.38297964694485,4.54917882448485,28,NA,NA,NA
"real","MUS_SVN",-0.87128045739454,2.73031265780706,19,NA,NA,NA
"real","MWI_BGR",-1.06672947557308,2.83718628184302,21,NA,NA,NA
"real","MWI_COG",-1.20199728470744,5.05865167581469,22,NA,NA,NA
"real","MWI_DZA",-1.15831414521038,8.50111984441579,22,NA,NA,NA
"real","MWI_HRV",-1.02633392230904,7.07481189920109,28,NA,NA,NA
"real","MWI_MMR",-1.5236166220941,6.34201651302237,11,NA,NA,NA
"real","MWI_POL",-0.249825219082829,2.08842170731727,28,NA,NA,NA
"real","MWI_SVN",-2.28745446620068,13.3813876308784,25,NA,NA,NA
"real","MYS_FSM",-0.695254220593189,1.68924515430279,27,NA,NA,NA
"real","MYS_HRV",-0.357270932043316,0.459974202952638,28,NA,NA,NA
"real","MYS_LCA",0.297241448095207,1.02335766302137,28,NA,NA,NA
"real","MYS_MHL",0.286336780914693,1.4255590005487,27,NA,NA,NA
"real","MYS_MNP",-0.632685818192633,3.54370844150772,28,NA,NA,NA
"real","MYS_MSR",-1.11866607635165,3.54442971642351,18,NA,NA,NA
"real","MYS_RUS",-0.407710864250877,0.44283952561379,28,NA,NA,NA
"real","MYS_SVN",0.00100572684393055,0.0826666348955031,28,NA,NA,NA
"real","MYS_VCT",-0.978268488706437,0.899034891058815,27,NA,NA,NA
"real","NAM_NOR",-1.60789095741079,4.68271452326055,12,NA,NA,NA
"real","NAM_PRT",-0.612707825017068,0.937764942117924,20,NA,NA,NA
"real","NAM_THA",0.371294059217369,3.83594768401429,28,NA,NA,NA
"real","NER_DZA",-0.843865342081076,2.95575798745703,28,NA,NA,NA
"real","NER_HUN",-1.50088414067351,5.75988929282457,24,NA,NA,NA
"real","NER_MAR",-0.416641457634234,2.21744105978163,27,NA,NA,NA
"real","NER_MLT",-1.0598294687659,8.86606274645639,14,NA,NA,NA
"real","NER_ROU",-1.17915446370148,6.10151622160783,18,NA,NA,NA
"real","NFK_KOR",-1.72202862024801,6.69000451886942,18,NA,NA,NA
"real","NGA_BGR",-1.20364099194499,2.73383235412388,25,NA,NA,NA
"real","NGA_BRN",-6.56932733106887,14.0832691283478,18,NA,NA,NA
"real","NGA_HRV",-2.99196438261435,7.1244926806957,27,NA,NA,NA
"real","NGA_KWT",-3.65361365495177,12.9012802230452,26,NA,NA,NA
"real","NGA_MDG",-1.52665483195716,6.59876139147746,26,NA,NA,NA
"real","NGA_POL",-0.983042593444989,2.7393330342771,28,NA,NA,NA
"real","NGA_SVN",-0.629577999437398,1.52747860828055,28,NA,NA,NA
"real","NGA_ZAF",-0.789162508206783,2.33968243625179,27,NA,NA,NA
"real","NIC_BLZ",-1.01650803154143,2.71272564606422,27,NA,NA,NA
"real","NIC_HRV",-1.12342830401058,3.4399373100127,19,NA,NA,NA
"real","NIC_POL",-0.563842986961833,7.57063442983023,19,NA,NA,NA
"real","NIC_SAU",-0.19758231478853,1.02571390862933,23,NA,NA,NA
"real","NIC_SVN",-0.632515376681391,3.45833242233724,18,NA,NA,NA
"real","NIU_BGD",-0.991814264896657,8.38484523838336,9,NA,NA,NA
"real","NIU_PER",0.233722014458774,6.45835114393995,12,NA,NA,NA
"real","NLD_ARM",0.00533636209769288,0.270724976004683,25,NA,NA,NA
"real","NLD_AZE",0.0934659579918289,0.21313973187643,28,NA,NA,NA
"real","NLD_BIH",0.256348691133684,0.24361954346879,15,NA,NA,NA
"real","NLD_BLR",0.029402534172477,0.0832302244157064,28,NA,NA,NA
"real","NLD_BTN",0.0382192393332599,0.69774201622662,28,NA,NA,NA
"real","NLD_CCK",-0.626926773278646,1.87726327757133,24,NA,NA,NA
"real","NLD_COK",-2.15882196069996,6.09957710887141,26,NA,NA,NA
"real","NLD_FSM",-0.762824902708838,2.81435656660073,28,NA,NA,NA
"real","NLD_GEO",-0.0324184823855343,0.125897675825672,21,NA,NA,NA
"real","NLD_GIB",-0.83385008213072,1.0346091727995,28,NA,NA,NA
"real","NLD_HRV",0.0120413548755338,0.0294197933533448,9,NA,NA,NA
"real","NLD_KAZ",0.186507560216207,0.154252374801405,28,NA,NA,NA
"real","NLD_KGZ",-0.220926572320113,0.778921266973243,28,NA,NA,NA
"real","NLD_KHM",-0.327726837609908,0.575569392699296,28,NA,NA,NA
"real","NLD_MDA",0.103564538210301,0.0928912670814628,21,NA,NA,NA
"real","NLD_MHL",-1.64944449983739,3.36795738474084,28,NA,NA,NA
"real","NLD_MNG",-0.199193632802011,0.234223955412153,28,NA,NA,NA
"real","NLD_RUS",0.0739232570903251,0.0452487565329037,28,NA,NA,NA
"real","NLD_TJK",0.436925286522663,0.862767452986941,28,NA,NA,NA
"real","NLD_TKM",-0.181484713013547,0.223024236535644,28,NA,NA,NA
"real","NLD_TON",-1.88455827621936,1.32637046883459,27,NA,NA,NA
"real","NLD_UKR",-0.0153106439922919,0.0649604262829801,21,NA,NA,NA
"real","NLD_UZB",0.0326034539997481,0.183370861353374,28,NA,NA,NA
"real","NLD_VGB",-0.568224488613533,3.28005455701914,14,NA,NA,NA
"real","NLD_VUT",-0.0209361137623761,0.732440413442932,28,NA,NA,NA
"real","NLD_WSM",-0.745281518344064,1.74982114692159,28,NA,NA,NA
"real","NOR_BLZ",-1.26021447020343,2.61540571868009,28,NA,NA,NA
"real","NOR_BOL",-0.16763829947548,0.377584251217852,28,NA,NA,NA
"real","NOR_BRN",-0.562289184036659,1.56893791401944,28,NA,NA,NA
"real","NOR_HRV",-0.143127828086545,0.244927346116914,9,NA,NA,NA
"real","NOR_KEN",-0.0602410546939697,0.320257859931137,28,NA,NA,NA
"real","NOR_LCA",-0.0566256883560915,4.292534248085,28,NA,NA,NA
"real","NOR_MMR",-1.69105827106269,3.72261885916463,28,NA,NA,NA
"real","NOR_ZAF",-0.84037090317632,2.80895495168364,15,NA,NA,NA
"real","NPL_ARE",-0.947709346354416,3.9966077478701,20,NA,NA,NA
"real","NPL_ARG",-0.791627917744331,2.44301977782101,27,NA,NA,NA
"real","NPL_HUN",-0.25235047420442,0.827556067326707,28,NA,NA,NA
"real","NPL_IRL",-0.284649004316727,0.706433705446489,28,NA,NA,NA
"real","NPL_KWT",-0.847420332528672,2.43005623968733,22,NA,NA,NA
"real","NPL_MUS",-0.847443522683937,4.22092418467969,23,NA,NA,NA
"real","NPL_SWE",-0.0174475555153242,0.0972321681799683,28,NA,NA,NA
"real","NPL_TUR",-1.33106498129857,5.35546631677393,26,NA,NA,NA
"real","NPL_ZAF",-0.589800632772766,1.47480484801199,25,NA,NA,NA
"real","NRU_HRV",-0.818857367436805,5.10687121918939,20,NA,NA,NA
"real","NRU_HUN",-0.352910936734879,1.98661039063008,12,NA,NA,NA
"real","NRU_IRL",-1.0293278082553,1.78567477851888,23,NA,NA,NA
"real","NRU_LKA",-0.738767835520498,2.13205646376742,12,NA,NA,NA
"real","NRU_SVN",-0.882662314381727,4.74373581319299,27,NA,NA,NA
"real","NRU_SWE",-0.490042183291297,2.80743192423864,11,NA,NA,NA
"real","NRU_TUR",-0.229172704826397,2.34644286725403,18,NA,NA,NA
"real","NRU_ZAF",-2.17025520581591,8.4052619214434,23,NA,NA,NA
"real","NZL_HRV",-0.173141279083482,0.315410630445805,28,NA,NA,NA
"real","NZL_KHM",-0.199155906831609,0.849360260230145,18,NA,NA,NA
"real","NZL_MNP",-0.0344313572754138,0.680654003702084,28,NA,NA,NA
"real","NZL_RUS",0.120423522106089,0.315828402187802,28,NA,NA,NA
"real","NZL_SOM",-2.24983105029715,3.98913358322101,19,NA,NA,NA
"real","NZL_SVN",-0.360469668885229,1.03673831797817,28,NA,NA,NA
"real","NZL_UKR",-0.844393107724612,1.28577952177699,28,NA,NA,NA
"real","OMN_ARG",-3.52260476097821,9.98138293361706,27,NA,NA,NA
"real","OMN_GUY",-1.13505593206275,5.0926100216036,19,NA,NA,NA
"real","OMN_NPL",-1.75257692270772,2.94918781163044,24,NA,NA,NA
"real","OMN_POL",-0.910021575109417,2.07779641232569,27,NA,NA,NA
"real","PAK_COD",-1.29706571568648,2.69197462610498,25,NA,NA,NA
"real","PAK_COG",-0.478514202459884,3.79130732079102,26,NA,NA,NA
"real","PAK_GAB",-0.400991766870859,1.31684604040739,27,NA,NA,NA
"real","PAK_GMB",-0.642452080880586,1.6299054233201,27,NA,NA,NA
"real","PAK_HRV",-0.298576485406639,0.402470163167321,28,NA,NA,NA
"real","PAK_LCA",-0.188977699163585,1.89241371678329,28,NA,NA,NA
"real","PAK_RUS",-1.058555306792,3.37663035877112,28,NA,NA,NA
"real","PAK_SVN",-0.44071897623616,1.37791092805711,28,NA,NA,NA
"real","PAK_ZAF",-0.304383319881789,0.226189385918299,27,NA,NA,NA
"real","PAN_CHN",-0.871024062706498,1.02351259849896,28,NA,NA,NA
"real","PAN_DZA",-0.735091236039227,3.12688467480913,26,NA,NA,NA
"real","PAN_HRV",-0.436727495769336,1.8718150304689,20,NA,NA,NA
"real","PAN_IND",-1.14262684802674,5.81737631324009,26,NA,NA,NA
"real","PAN_IRN",-1.93841844373337,5.51986529683408,12,NA,NA,NA
"real","PAN_LCA",0.0688811513661981,0.24014442166567,28,NA,NA,NA
"real","PAN_QAT",-2.76417518425037,8.32973844996195,17,NA,NA,NA
"real","PAN_SVN",-0.944594363977648,3.60676783081876,19,NA,NA,NA
"real","PAN_SYR",-0.546407078701586,1.03818812213684,8,NA,NA,NA
"real","PAN_TWN",-0.988657864093165,4.33533714770158,9,NA,NA,NA
"real","PCN_BOL",-0.934016790158496,6.69197201217603,14,NA,NA,NA
"real","PCN_NZL",-0.0429045128159253,1.42657569438893,23,NA,NA,NA
"real","PCN_PER",-1.54027773393717,10.3162405113123,12,NA,NA,NA
"real","PER_ABW",-1.25542625528769,4.55524472692056,27,NA,NA,NA
"real","PER_ANT",-0.368166757111191,1.2623233408088,18,NA,NA,NA
"real","PER_BGR",-0.221322303275329,0.351874979338013,19,NA,NA,NA
"real","PER_BMU",-0.0257780913860951,6.89310507375587,27,NA,NA,NA
"real","PER_BRN",-2.51642603560585,5.64662750449924,26,NA,NA,NA
"real","PER_CIV",-0.27070880881293,1.03665006872915,27,NA,NA,NA
"real","PER_COD",-0.0301679451325494,2.85347632071832,23,NA,NA,NA
"real","PER_DOM",-0.203897630901267,0.392560639618129,27,NA,NA,NA
"real","PER_HRV",0.16818369700307,2.00114667145526,20,NA,NA,NA
"real","PER_LBR",-0.42189757114432,0.99127996749328,25,NA,NA,NA
"real","PER_LCA",-1.62948563409083,4.63675680825055,28,NA,NA,NA
"real","PER_MLI",-0.290991389987955,5.51363849807481,26,NA,NA,NA
"real","PER_NFK",-0.650442249983799,1.73808245139182,9,NA,NA,NA
"real","PER_RUS",0.0127758018694801,0.648682178430267,28,NA,NA,NA
"real","PER_SEN",-0.0994130247192601,1.25235177900184,26,NA,NA,NA
"real","PER_STP",-0.599546468083284,2.16528938706871,9,NA,NA,NA
"real","PER_SUR",-0.638281992472371,1.2730549127044,27,NA,NA,NA
"real","PER_SVN",-0.0387988058881142,1.8865827713855,20,NA,NA,NA
"real","PER_SYR",-0.0454862538986716,0.661870779956273,27,NA,NA,NA
"real","PER_UGA",-1.38849905455127,6.55024372773821,17,NA,NA,NA
"real","PHL_BLZ",-1.32111202160552,3.84888463792103,28,NA,NA,NA
"real","PHL_HRV",-0.478890880095158,0.723432677506813,28,NA,NA,NA
"real","PHL_JOR",-0.235670584179878,0.614707217108243,28,NA,NA,NA
"real","PHL_KEN",-0.667176777507574,1.3444173099228,25,NA,NA,NA
"real","PHL_LCA",-1.1306427716437,4.59881212049625,27,NA,NA,NA
"real","PHL_POL",-0.480039095781414,0.968983630431082,28,NA,NA,NA
"real","PHL_ZAF",-0.321873569480995,0.356996900044515,28,NA,NA,NA
"real","PNG_BRN",-6.35697198732775,8.81998948442649,14,NA,NA,NA
"real","PNG_CYP",-1.30032402154254,6.96467117116875,8,NA,NA,NA
"real","POL_AFG",-0.00537782280757238,0.823717267301023,27,NA,NA,NA
"real","POL_AZE",0.408699676605654,0.812211954585614,28,NA,NA,NA
"real","POL_BEN",-1.24447279673299,3.16546587767767,24,NA,NA,NA
"real","POL_BLR",0.0651635428251485,0.337921550544449,28,NA,NA,NA
"real","POL_BLZ",-1.70372016647323,3.23556559074281,15,NA,NA,NA
"real","POL_BOL",-0.241323713787138,0.249476170649011,28,NA,NA,NA
"real","POL_BRN",-0.862542063527099,1.77388424469583,24,NA,NA,NA
"real","POL_CRI",-0.121569795122042,1.15316506026931,19,NA,NA,NA
"real","POL_DMA",-1.65641862225621,5.07732725264625,14,NA,NA,NA
"real","POL_EST",-0.746562466775988,2.65554997961514,11,NA,NA,NA
"real","POL_GMB",-1.01037734730057,2.06790503632464,27,NA,NA,NA
"real","POL_HRV",-0.0151816429348596,0.0916846269898357,10,NA,NA,NA
"real","POL_KAZ",-0.0068322228303683,0.751784370511586,28,NA,NA,NA
"real","POL_LBN",-0.153225971089213,0.168025672695044,11,NA,NA,NA
"real","POL_LCA",-0.311496342094201,2.24063842133434,15,NA,NA,NA
"real","POL_MDA",-0.158962860537138,0.995423638319309,21,NA,NA,NA
"real","POL_MMR",-0.802455561031532,4.57335228391996,22,NA,NA,NA
"real","POL_NGA",0.182883671440076,0.420542147460366,27,NA,NA,NA
"real","POL_NPL",-0.738152958069096,1.90962863868464,24,NA,NA,NA
"real","POL_PER",-0.0765781990042233,0.135087761370787,19,NA,NA,NA
"real","POL_PRK",-0.786295516760771,4.22560936914034,27,NA,NA,NA
"real","POL_QAT",-1.18555805041413,2.45399471982841,27,NA,NA,NA
"real","POL_RUS",0.129658731543882,0.273248306697727,28,NA,NA,NA
"real","POL_SLE",-0.111144699832499,0.459661450636591,27,NA,NA,NA
"real","POL_SLV",-0.106403191048787,0.499692545357346,19,NA,NA,NA
"real","POL_TJK",0.37389127218251,0.83075972437313,28,NA,NA,NA
"real","POL_TKM",0.0209665702832841,0.553851386852117,28,NA,NA,NA
"real","POL_UKR",-0.226099656384602,1.14291034197277,21,NA,NA,NA
"real","POL_UZB",0.294528184666842,0.421172154449803,28,NA,NA,NA
"real","POL_ZAF",-1.06833377356312,1.55213925324433,11,NA,NA,NA
"real","PRK_BRN",-1.10182154806703,3.40719505744896,22,NA,NA,NA
"real","PRK_HUN",-1.39889662368274,11.6503813493342,21,NA,NA,NA
"real","PRK_IRL",-0.130501037839676,2.55454910447723,18,NA,NA,NA
"real","PRK_JOR",-0.500203254364513,3.40303095716383,11,NA,NA,NA
"real","PRK_KEN",-0.547706659271695,3.90947409556887,20,NA,NA,NA
"real","PRK_LCA",-0.499474409781261,8.50101349707836,23,NA,NA,NA
"real","PRK_POL",-0.191773655552582,1.46537042182743,27,NA,NA,NA
"real","PRT_AZE",-0.534814854832719,0.865203834187349,28,NA,NA,NA
"real","PRT_BIH",-0.900268231650718,1.862176510642,14,NA,NA,NA
"real","PRT_BLR",-0.675491283495628,0.911462677004653,28,NA,NA,NA
"real","PRT_GEO",-0.134193057026586,0.493786539988462,21,NA,NA,NA
"real","PRT_HRV",-0.0651168987794546,0.158256866625515,9,NA,NA,NA
"real","PRT_KGZ",-0.42125950033772,1.40318928548931,25,NA,NA,NA
"real","PRT_KHM",-1.0889629389134,2.77839992775451,25,NA,NA,NA
"real","PRT_MDA",-0.228284703183174,1.2154256958815,21,NA,NA,NA
"real","PRT_MHL",-1.4401655495468,6.37469250520518,27,NA,NA,NA
"real","PRT_RUS",-0.213032981410581,0.147337709057725,28,NA,NA,NA
"real","PRT_TJK",-1.07769616440812,5.65263951717575,18,NA,NA,NA
"real","PRT_TKM",-0.87134251586397,2.17840712155594,28,NA,NA,NA
"real","PRT_UKR",-0.0828362109791359,0.436183300503847,21,NA,NA,NA
"real","PRT_UZB",-1.16764511039011,1.70438290797421,27,NA,NA,NA
"real","PRY_ANT",-0.799524638650946,2.87743782901398,16,NA,NA,NA
"real","PRY_BGR",-0.965624205243044,4.80747230228904,24,NA,NA,NA
"real","PRY_BLZ",-1.10426541628219,3.65275696820687,20,NA,NA,NA
"real","PRY_CYP",-1.83760630925872,3.98211665676222,23,NA,NA,NA
"real","PRY_GHA",-0.485390363813442,1.28100161533979,25,NA,NA,NA
"real","PRY_HND",-1.32121759958768,1.86903429247148,28,NA,NA,NA
"real","PRY_HRV",-0.929674788261103,4.74383165544058,23,NA,NA,NA
"real","PRY_HUN",-1.98121601500675,6.96799775349981,26,NA,NA,NA
"real","PRY_MLT",-1.60807708922291,4.89788976150782,18,NA,NA,NA
"real","PRY_RUS",-1.94166686310773,8.04242630767193,26,NA,NA,NA
"real","PYF_BOL",-1.79588834225764,8.19495830668246,16,NA,NA,NA
"real","PYF_COL",-3.38704614800336,5.84597224148709,16,NA,NA,NA
"real","PYF_PER",-3.18788090834682,12.9766834551707,16,NA,NA,NA
"real","PYF_SVN",-2.3552266638763,11.3427181012772,9,NA,NA,NA
"real","QAT_HUN",-3.01707135201675,3.41755079989318,25,NA,NA,NA
"real","QAT_IRL",-1.11785653469319,1.1251889520751,28,NA,NA,NA
"real","QAT_KEN",-0.234570902314657,5.71138706573544,23,NA,NA,NA
"real","QAT_MMR",-3.3495421908799,8.78538274351072,16,NA,NA,NA
"real","QAT_PER",-0.760433514336401,1.90511877991454,24,NA,NA,NA
"real","QAT_PHL",-0.288283939494113,2.75276790498345,25,NA,NA,NA
"real","QAT_ROU",-1.992975699413,7.6579336758101,23,NA,NA,NA
"real","QAT_SWE",-1.9606796368563,5.26990735234197,28,NA,NA,NA
"real","QAT_TWN",-0.866675101135187,3.20437392931936,24,NA,NA,NA
"real","ROU_ANT",-2.38548599858474,2.74750285639263,9,NA,NA,NA
"real","ROU_ARM",-1.26007167536656,2.50827028411681,25,NA,NA,NA
"real","ROU_AZE",-0.144840084208371,0.38008592188372,28,NA,NA,NA
"real","ROU_BLR",-0.00863622030537594,0.0587947475718355,28,NA,NA,NA
"real","ROU_BLZ",-0.636460645186994,3.16810821949803,15,NA,NA,NA
"real","ROU_BRN",-1.02806851897244,1.89491995511995,24,NA,NA,NA
"real","ROU_DOM",-0.740272252596176,2.34497334741015,15,NA,NA,NA
"real","ROU_EST",-0.452690025392295,0.831704569670154,11,NA,NA,NA
"real","ROU_GEO",-0.094246075128528,0.566088305019862,21,NA,NA,NA
"real","ROU_GNB",-1.00983231408498,5.92225264264176,18,NA,NA,NA
"real","ROU_HRV",-0.144953476226397,0.303897663578908,10,NA,NA,NA
"real","ROU_KAZ",0.100957725706954,0.333805575681303,28,NA,NA,NA
"real","ROU_LCA",-0.434436284520581,2.30214897332176,15,NA,NA,NA
"real","ROU_LTU",-0.0789102743083364,0.207671931170693,11,NA,NA,NA
"real","ROU_LVA",-0.280828003566304,0.690025510195098,11,NA,NA,NA
"real","ROU_MAC",-0.802927849251923,2.51025745051349,24,NA,NA,NA
"real","ROU_MKD",-0.0819720871360533,0.0841572285128421,11,NA,NA,NA
"real","ROU_RUS",-0.00388038375866436,0.18361985224852,28,NA,NA,NA
"real","ROU_RWA",-0.107855089187525,2.0386492473613,28,NA,NA,NA
"real","ROU_TJK",-1.66805972802319,6.45259289882084,24,NA,NA,NA
"real","ROU_TKM",0.112716151249927,1.03630500039232,28,NA,NA,NA
"real","ROU_UKR",-0.118122603945753,0.371971188276036,21,NA,NA,NA
"real","ROU_UZB",-0.169040889014984,0.815778206670149,28,NA,NA,NA
"real","ROU_VCT",-1.04093067091939,2.6215027690976,14,NA,NA,NA
"real","ROU_ZAF",-0.346922702689485,0.240999667183522,13,NA,NA,NA
"real","RUS_ARE",-0.485488958917854,0.812289194049655,26,NA,NA,NA
"real","RUS_AUS",-0.622229535647177,0.539101420435494,28,NA,NA,NA
"real","RUS_AUT",-0.169653471630186,0.62689643269332,28,NA,NA,NA
"real","RUS_BGD",-0.237076350038153,0.232635278937099,27,NA,NA,NA
"real","RUS_BGR",-0.18594295161095,0.429754565339078,25,NA,NA,NA
"real","RUS_BOL",-0.832851484440335,0.981587571745589,28,NA,NA,NA
"real","RUS_BRA",-0.0284795859469205,0.0911157793237873,28,NA,NA,NA
"real","RUS_BRN",-0.741161413374793,2.48686987802807,24,NA,NA,NA
"real","RUS_CAN",0.0475088323579057,0.141520633708942,28,NA,NA,NA
"real","RUS_CHE",0.170268869767975,0.405606869752277,28,NA,NA,NA
"real","RUS_CHL",0.0415386169387687,0.581115557515761,28,NA,NA,NA
"real","RUS_CHN",0.311459383796845,0.25773344334954,28,NA,NA,NA
"real","RUS_COL",0.0670543192612146,0.124999096009204,28,NA,NA,NA
"real","RUS_CYP",-0.43862235424609,0.467433275222248,28,NA,NA,NA
"real","RUS_DEU",-0.0157367317591723,0.00955420975226782,28,NA,NA,NA
"real","RUS_DNK",0.0813255180730988,0.0900299185417023,28,NA,NA,NA
"real","RUS_DZA",-0.292554486875813,0.638063521602539,28,NA,NA,NA
"real","RUS_ECU",0.0579701996414507,0.309552568369934,27,NA,NA,NA
"real","RUS_ESP",-0.0772399735421662,0.0846769800565028,28,NA,NA,NA
"real","RUS_FIN",-0.0383531970485031,0.0157983035475081,28,NA,NA,NA
"real","RUS_FRA",-0.385366486245776,1.86661571009943,28,NA,NA,NA
"real","RUS_GRC",-0.207906574343649,0.132409001806467,28,NA,NA,NA
"real","RUS_GUY",-1.03716938215188,2.05096760397938,24,NA,NA,NA
"real","RUS_HRV",-0.103138021266403,0.189778699468655,28,NA,NA,NA
"real","RUS_HUN",0.157590179560008,0.282315051913055,28,NA,NA,NA
"real","RUS_IDN",-0.25243978917639,0.166522673575936,28,NA,NA,NA
"real","RUS_IND",0.173635742955795,0.0987905207194503,28,NA,NA,NA
"real","RUS_IRL",-0.378350073275868,1.51865051828477,28,NA,NA,NA
"real","RUS_ISL",0.313981200460011,0.88628249900962,28,NA,NA,NA
"real","RUS_ITA",-0.303413720384976,0.784663934348348,28,NA,NA,NA
"real","RUS_JAM",-0.205544360636637,1.88910396930204,26,NA,NA,NA
"real","RUS_JPN",-0.0769333518070585,0.0810570895385563,28,NA,NA,NA
"real","RUS_KEN",-0.409717015771551,0.568793730390462,25,NA,NA,NA
"real","RUS_KOR",-0.0874508639656054,0.0537990204556028,28,NA,NA,NA
"real","RUS_LCA",-3.70489006674463,7.35844211650928,26,NA,NA,NA
"real","RUS_LKA",-1.05781696459499,2.22215608456971,28,NA,NA,NA
"real","RUS_LTU",-0.0776667208081407,0.164831014755225,27,NA,NA,NA
"real","RUS_MAC",-0.736028952678648,3.72199525087723,28,NA,NA,NA
"real","RUS_MAR",-0.196902195481501,0.478486089060723,28,NA,NA,NA
"real","RUS_MDG",-0.253137858510989,1.32571026054148,28,NA,NA,NA
"real","RUS_MEX",0.254645069957825,0.310380129602218,28,NA,NA,NA
"real","RUS_MMR",-0.669761462461191,2.19722803537131,25,NA,NA,NA
"real","RUS_MYS",-0.137531314846893,0.219079567840255,28,NA,NA,NA
"real","RUS_NLD",-0.272039133871343,0.175454506082474,28,NA,NA,NA
"real","RUS_NZL",-1.15637615544949,1.70122486879836,28,NA,NA,NA
"real","RUS_OMN",-1.15009041705927,2.45507259290336,28,NA,NA,NA
"real","RUS_PAK",-0.157986721282988,0.716022629793584,28,NA,NA,NA
"real","RUS_PER",-0.251738133244356,0.194958832049542,28,NA,NA,NA
"real","RUS_POL",-0.142623559309099,0.920947953071064,28,NA,NA,NA
"real","RUS_PRT",-0.075376761111198,0.128316275277484,28,NA,NA,NA
"real","RUS_PRY",-1.81129880358419,4.0491828635553,28,NA,NA,NA
"real","RUS_ROU",0.153888132483841,0.113601474930807,28,NA,NA,NA
"real","RUS_SAU",-0.333890196372435,0.652055863372044,27,NA,NA,NA
"real","RUS_SGP",-0.596459842789625,0.535258290735108,28,NA,NA,NA
"real","RUS_SVN",-0.0208306708746739,0.453222757677352,28,NA,NA,NA
"real","RUS_SWE",-0.27309779936729,0.234658355837582,28,NA,NA,NA
"real","RUS_SYR",-0.608249874434756,2.33216939714788,25,NA,NA,NA
"real","RUS_THA",-0.059586899051791,0.135961324103589,28,NA,NA,NA
"real","RUS_TTO",-2.05823039280211,4.6992340385667,28,NA,NA,NA
"real","RUS_TUN",-0.0953304990942465,0.105684077711197,28,NA,NA,NA
"real","RUS_TUR",-0.0117775691252011,0.0478789182570003,28,NA,NA,NA
"real","RUS_TWN",-0.534386230967445,2.47267992287822,28,NA,NA,NA
"real","RUS_USA",-0.114429839291488,0.0908737583109138,28,NA,NA,NA
"real","RWA_COL",-2.16848486285964,9.78486581495429,18,NA,NA,NA
"real","RWA_GRC",-0.730458536310977,2.81155198289714,23,NA,NA,NA
"real","RWA_HRV",-2.53224327475686,5.67047514088292,15,NA,NA,NA
"real","RWA_HUN",-0.457436320979291,5.98598676857151,22,NA,NA,NA
"real","RWA_SVN",-2.37535871623331,9.60072454028811,25,NA,NA,NA
"real","SAU_BEN",-0.827556698125803,4.40969671658769,26,NA,NA,NA
"real","SAU_COL",-0.885925715560155,1.97152081936327,28,NA,NA,NA
"real","SAU_ECU",-1.08657859516996,5.23574234945042,27,NA,NA,NA
"real","SAU_GEO",-1.03480933855056,2.70150323668229,23,NA,NA,NA
"real","SAU_GIB",-1.32516908852693,10.0435342631631,15,NA,NA,NA
"real","SAU_GNQ",-0.459677765997196,1.8303950210788,14,NA,NA,NA
"real","SAU_HRV",-0.796599394567285,1.82274411370153,28,NA,NA,NA
"real","SAU_KAZ",-0.455094372570117,1.95793427371133,26,NA,NA,NA
"real","SAU_LCA",-0.737792941675712,2.71499905612018,21,NA,NA,NA
"real","SAU_MNP",-0.543192070484397,1.3640213446717,9,NA,NA,NA
"real","SAU_MRT",-0.14654043588096,0.748710905823343,26,NA,NA,NA
"real","SAU_PAN",-2.73638345024099,6.08979561209871,28,NA,NA,NA
"real","SAU_PER",-1.35410041987525,5.38280499450272,26,NA,NA,NA
"real","SAU_PNG",0.0578833295740695,4.55247092989506,14,NA,NA,NA
"real","SAU_PRK",-1.21154856305084,3.37295197948009,24,NA,NA,NA
"real","SAU_PYF",-0.722768210462963,4.41893866087315,28,NA,NA,NA
"real","SAU_SLV",-2.22285562885467,7.73737006955854,24,NA,NA,NA
"real","SAU_SVN",-1.66802405229379,3.42372700210104,28,NA,NA,NA
"real","SAU_VEN",-0.997131979051386,2.97389793761115,28,NA,NA,NA
"real","SAU_ZAF",-1.35892422236321,6.55160619623441,27,NA,NA,NA
"real","SDN_HRV",-1.29207345716408,9.24560248731708,24,NA,NA,NA
"real","SDN_JAM",-0.223615304243464,6.82100566893056,14,NA,NA,NA
"real","SDN_MLT",-4.78041467535187,22.1597717459593,20,NA,NA,NA
"real","SDN_POL",-0.120485268661814,2.93173964756646,28,NA,NA,NA
"real","SDN_SVN",-0.941437282168571,6.7457512940643,28,NA,NA,NA
"real","SEN_HUN",-0.943840371208962,2.35652418529272,27,NA,NA,NA
"real","SEN_JAM",-0.506445524217239,1.68985575233415,11,NA,NA,NA
"real","SEN_KEN",-0.980961199947392,2.4091400402638,26,NA,NA,NA
"real","SEN_LKA",-1.42500695452248,4.69814483347781,20,NA,NA,NA
"real","SEN_MMR",-1.87230075104709,12.1028662409661,11,NA,NA,NA
"real","SEN_SAU",-0.789043028078614,1.33305066252745,27,NA,NA,NA
"real","SEN_SGP",-1.16454537672519,2.11645780683377,22,NA,NA,NA
"real","SGP_AZE",-1.16374870198481,3.88941014286159,25,NA,NA,NA
"real","SGP_BWA",0.0583670690664965,0.98506267482255,21,NA,NA,NA
"real","SGP_HRV",-0.125385204320634,0.279588603349953,26,NA,NA,NA
"real","SGP_RUS",-0.0338748756984525,0.378291639053069,28,NA,NA,NA
"real","SGP_SVN",-0.374591559473308,2.28185046123385,26,NA,NA,NA
"real","SGP_UKR",-0.678112747844563,0.703572780192826,28,NA,NA,NA
"real","SGP_ZAF",-0.143865454476409,0.147288761285049,27,NA,NA,NA
"real","SHN_MMR",-2.91028443767812,18.0197458016013,11,NA,NA,NA
"real","SLB_HUN",-2.40010323860459,12.3011715773022,9,NA,NA,NA
"real","SLB_SAU",-0.642679067070655,1.42070559568929,11,NA,NA,NA
"real","SLB_SVN",-1.2916735770855,6.76583334184312,16,NA,NA,NA
"real","SLE_BRN",-0.793366933736556,3.56027987622621,16,NA,NA,NA
"real","SLE_DZA",-1.8997625605749,4.88414997696809,19,NA,NA,NA
"real","SLE_KEN",-0.617312018982571,10.3881509432221,21,NA,NA,NA
"real","SLE_MAR",-0.359820132394917,1.68839515584849,28,NA,NA,NA
"real","SLE_MUS",-2.39319297448834,6.5970240991578,27,NA,NA,NA
"real","SLE_POL",-0.754875351131137,2.69153938814119,26,NA,NA,NA
"real","SLE_TUR",-2.1842873918496,4.52243579746881,22,NA,NA,NA
"real","SLE_ZAF",-0.144026942943891,2.3246324549609,27,NA,NA,NA
"real","SLV_BOL",-0.398814237415951,1.33728669438356,28,NA,NA,NA
"real","SLV_GUY",-1.07853120706382,2.51522964343757,25,NA,NA,NA
"real","SLV_KWT",-0.589233692067217,0.886448077311881,20,NA,NA,NA
"real","SLV_LCA",-0.833553169044776,3.38569989852464,27,NA,NA,NA
"real","SLV_NGA",-1.65725163521161,6.76194089393884,22,NA,NA,NA
"real","SLV_PER",-0.262491970112807,0.599035573999699,27,NA,NA,NA
"real","SLV_POL",-0.596907727470179,5.76752471306124,18,NA,NA,NA
"real","SLV_THA",-0.812606956420057,1.55317221012389,28,NA,NA,NA
"real","SLV_TTO",-0.575727830869468,1.89594195192755,28,NA,NA,NA
"real","SOM_BGD",-0.265664297655059,2.99086586490427,18,NA,NA,NA
"real","SOM_DZA",-0.480487162971842,3.90548606227625,20,NA,NA,NA
"real","SOM_HUN",-1.05863586578778,9.72603354654785,10,NA,NA,NA
"real","SOM_PAK",-0.713187347148811,1.86001604852074,25,NA,NA,NA
"real","SOM_PER",-0.814063647409823,7.30796044828305,9,NA,NA,NA
"real","STP_BOL",-2.1610882908466,12.0492400885453,12,NA,NA,NA
"real","STP_COL",-1.69656981219092,5.71890815062524,13,NA,NA,NA
"real","STP_GRC",-0.938379604314071,4.15577282284826,8,NA,NA,NA
"real","STP_HUN",-0.621553327730591,3.18687321117583,13,NA,NA,NA
"real","STP_IRL",-1.96126954823354,8.5936956122574,21,NA,NA,NA
"real","SUR_BRN",-1.25372681361629,5.27257024689564,9,NA,NA,NA
"real","SUR_CHN",-0.713640250415057,1.39390126426208,28,NA,NA,NA
"real","SUR_COL",-0.551303770101671,1.22289514061334,24,NA,NA,NA
"real","SUR_HUN",-1.97978606858182,5.13047114375586,15,NA,NA,NA
"real","SUR_MMR",-2.14640700266115,9.60529243530325,11,NA,NA,NA
"real","SVN_ALB",-0.791084318207573,4.05265433309811,13,NA,NA,NA
"real","SVN_ARG",-0.458566027246621,1.40054554753998,28,NA,NA,NA
"real","SVN_AUS",-0.0139911296864064,0.0281985426329075,28,NA,NA,NA
"real","SVN_BLR",-0.262160448844156,1.92292645760364,28,NA,NA,NA
"real","SVN_BRA",-0.196906146474574,0.470703374312101,28,NA,NA,NA
"real","SVN_CAN",-0.435211599410209,1.99165530006664,24,NA,NA,NA
"real","SVN_CHL",-0.710701983523962,3.14925565143323,11,NA,NA,NA
"real","SVN_COL",-0.062754986955308,0.411116914255757,20,NA,NA,NA
"real","SVN_DZA",-0.590965954276907,1.83130696859586,11,NA,NA,NA
"real","SVN_ECU",-0.142896906801764,0.600111786582439,24,NA,NA,NA
"real","SVN_EGY",-0.816893981331344,4.3103333433656,11,NA,NA,NA
"real","SVN_GHA",-0.226397789226852,0.695363694113761,22,NA,NA,NA
"real","SVN_GTM",-0.419275603647659,1.79243785996482,19,NA,NA,NA
"real","SVN_IDN",-0.375310909923866,1.0891841834011,28,NA,NA,NA
"real","SVN_IND",-0.16824492981273,1.54373236653981,28,NA,NA,NA
"real","SVN_IRQ",-0.496388463401932,1.49134855318769,27,NA,NA,NA
"real","SVN_JPN",-0.129588227724577,0.145797179588661,26,NA,NA,NA
"real","SVN_KOR",-0.240672222329203,0.307161523710175,18,NA,NA,NA
"real","SVN_LKA",-0.599691900660816,1.57771530895986,28,NA,NA,NA
"real","SVN_MEX",-0.487552955420279,1.30273888390713,11,NA,NA,NA
"real","SVN_MYS",-0.396785005577511,0.6779939581744,28,NA,NA,NA
"real","SVN_NZL",-0.150400444688759,0.183513213795326,28,NA,NA,NA
"real","SVN_PAK",-0.215594200216121,1.53738691709751,28,NA,NA,NA
"real","SVN_PAN",-0.419271066315199,1.15921702822174,20,NA,NA,NA
"real","SVN_RUS",-0.458371823812025,4.4490703711369,28,NA,NA,NA
"real","SVN_SAU",-0.267997063380722,1.02460273541244,28,NA,NA,NA
"real","SVN_THA",-0.362579421545145,0.888505760571313,28,NA,NA,NA
"real","SVN_TUN",-0.610680934793229,2.65266547656956,11,NA,NA,NA
"real","SVN_TWN",-0.302430098581431,1.88933458933313,28,NA,NA,NA
"real","SVN_UKR",-0.748476578110613,4.19917224778297,21,NA,NA,NA
"real","SVN_URY",-0.258213188478512,0.881703623600729,28,NA,NA,NA
"real","SVN_USA",0.0287246315902174,0.0349511496574734,28,NA,NA,NA
"real","SVN_VEN",-0.150047648069951,0.644921774055163,28,NA,NA,NA
"real","SVN_ZAF",-0.57007687913218,0.612206772648157,11,NA,NA,NA
"real","SVN_ZMB",-1.16447612804539,1.85114272709164,27,NA,NA,NA
"real","SWE_AFG",-1.76593452472833,4.67107258776524,28,NA,NA,NA
"real","SWE_ARM",-0.836013034145753,2.47064488643269,25,NA,NA,NA
"real","SWE_ATG",-0.406523661524421,0.843871566554861,15,NA,NA,NA
"real","SWE_AZE",-0.459103831653117,1.01919665672937,28,NA,NA,NA
"real","SWE_BDI",-0.366906151398525,0.676989899876678,28,NA,NA,NA
"real","SWE_BFA",-1.08642331652844,1.92996045862218,28,NA,NA,NA
"real","SWE_BIH",-0.308789884227915,0.485071878321022,15,NA,NA,NA
"real","SWE_BLR",-0.212786216419971,0.366929817401787,28,NA,NA,NA
"real","SWE_BRN",-0.0533361718822353,0.152879020346011,28,NA,NA,NA
"real","SWE_BTN",-1.11640364626667,2.98667746236448,28,NA,NA,NA
"real","SWE_BWA",-0.214092396734739,3.71448064614533,17,NA,NA,NA
"real","SWE_CIV",-0.145108644340687,0.138443745831533,23,NA,NA,NA
"real","SWE_COD",-0.780176983043255,1.2151187508677,28,NA,NA,NA
"real","SWE_COG",-0.240663033375589,0.909052032929818,28,NA,NA,NA
"real","SWE_COM",-1.08051683982629,4.34204509143065,28,NA,NA,NA
"real","SWE_CPV",-0.204359928933235,0.603385645593791,28,NA,NA,NA
"real","SWE_DJI",-0.395659713986772,0.897933575312374,28,NA,NA,NA
"real","SWE_DMA",-0.649703052131871,1.33120950952743,15,NA,NA,NA
"real","SWE_DOM",-0.234675119248215,0.301275640079924,15,NA,NA,NA
"real","SWE_GAB",-0.331280499376907,0.487572965954138,28,NA,NA,NA
"real","SWE_GEO",-0.304539762084195,0.652797255089087,21,NA,NA,NA
"real","SWE_GIB",-1.01266823222101,1.96258363427342,28,NA,NA,NA
"real","SWE_GIN",-0.569449053712505,0.781647248846426,28,NA,NA,NA
"real","SWE_GNB",-0.535305548879771,1.2498339040595,28,NA,NA,NA
"real","SWE_GNQ",-0.181923714108591,1.60483377842924,28,NA,NA,NA
"real","SWE_GRD",-0.660853604142461,0.840012622143613,15,NA,NA,NA
"real","SWE_GTM",-0.11932101170778,0.134510467961529,20,NA,NA,NA
"real","SWE_HND",-0.601756030736545,0.754230524839049,20,NA,NA,NA
"real","SWE_HRV",-0.000623049889954233,0.0349295636755851,9,NA,NA,NA
"real","SWE_HTI",-1.25905684789063,1.77609043369918,28,NA,NA,NA
"real","SWE_KAZ",-0.196023092507386,0.189789107772128,28,NA,NA,NA
"real","SWE_KGZ",-0.407130441408634,1.05849065006753,28,NA,NA,NA
"real","SWE_KHM",-0.247363002050478,0.548327631312463,28,NA,NA,NA
"real","SWE_KIR",-0.72286060997322,2.5199381115867,27,NA,NA,NA
"real","SWE_KNA",-1.34905882435657,2.45672073543219,15,NA,NA,NA
"real","SWE_LAO",-0.179541056132852,0.934283998801533,28,NA,NA,NA
"real","SWE_LCA",-0.480404055603064,0.679389481957776,15,NA,NA,NA
"real","SWE_MDA",-0.361338185956811,0.596034447537663,21,NA,NA,NA
"real","SWE_MDV",-0.00511308991756428,0.229296947392964,28,NA,NA,NA
"real","SWE_MLI",-0.380934115942557,0.450037970903091,28,NA,NA,NA
"real","SWE_MMR",-0.871861723731287,1.9511251899762,28,NA,NA,NA
"real","SWE_MRT",-0.512800893678835,0.946017607583871,28,NA,NA,NA
"real","SWE_NER",-0.37100364654216,0.632009737833078,28,NA,NA,NA
"real","SWE_NGA",-0.184158260439527,0.192208336606956,28,NA,NA,NA
"real","SWE_NIC",-0.415618503514311,0.876293208604927,20,NA,NA,NA
"real","SWE_NPL",-0.402581202411678,0.597097840948668,28,NA,NA,NA
"real","SWE_PNG",-0.338683777223324,0.446630986245916,16,NA,NA,NA
"real","SWE_PRK",-1.43789931883775,5.66688998570669,27,NA,NA,NA
"real","SWE_RUS",-0.0678893034779095,0.0371513745070485,28,NA,NA,NA
"real","SWE_RWA",-1.13518895661919,1.76021504044806,28,NA,NA,NA
"real","SWE_SEN",-0.133904038689478,0.143569688268001,28,NA,NA,NA
"real","SWE_SLB",-0.200216103930163,0.277749117377565,28,NA,NA,NA
"real","SWE_SLE",-0.289284241306443,0.363223388208961,28,NA,NA,NA
"real","SWE_SLV",-0.185267057301845,0.233442799315662,20,NA,NA,NA
"real","SWE_STP",-1.25079861785078,3.81952763724616,28,NA,NA,NA
"real","SWE_SUR",-0.749487636531233,1.493235710201,15,NA,NA,NA
"real","SWE_SYC",-0.339677614516393,0.80966526480798,19,NA,NA,NA
"real","SWE_TCD",-1.42672944454841,2.89670973330273,28,NA,NA,NA
"real","SWE_TGO",-0.811957564458607,1.13348268622531,28,NA,NA,NA
"real","SWE_TJK",-0.505735515482154,2.78249388422076,28,NA,NA,NA
"real","SWE_TON",-0.194637023813038,0.920151354587781,28,NA,NA,NA
"real","SWE_UGA",-0.271803366844392,0.354974828026304,28,NA,NA,NA
"real","SWE_UKR",-0.173295018591183,0.266648439840949,21,NA,NA,NA
"real","SWE_UZB",-0.166814141606728,0.591918889363415,28,NA,NA,NA
"real","SWE_VCT",-0.554809683450633,1.30093575482922,15,NA,NA,NA
"real","SWE_VUT",-0.618547443287648,1.70043590310429,28,NA,NA,NA
"real","SWE_WSM",-1.21868349117906,3.44598244455042,27,NA,NA,NA
"real","SWE_YEM",-0.205227880767297,0.251986629011201,28,NA,NA,NA
"real","SWE_ZMB",-0.248439400733384,0.210780534675612,28,NA,NA,NA
"real","SWZ_THA",-1.01465047364622,2.51492588504302,25,NA,NA,NA
"real","SYC_DZA",-2.36626987700594,5.60195340619115,19,NA,NA,NA
"real","SYC_HUN",-1.33087107869727,3.61032830013273,17,NA,NA,NA
"real","SYC_IRL",-1.10239773692212,4.6595346854416,19,NA,NA,NA
"real","SYC_MEX",-1.26715008172704,6.04958430566459,18,NA,NA,NA
"real","SYC_MMR",-0.408065198952899,1.86138628330737,10,NA,NA,NA
"real","SYC_TWN",-1.45373746147515,4.53085255135317,22,NA,NA,NA
"real","SYR_ARM",-0.0479101226349628,1.31796558336975,23,NA,NA,NA
"real","SYR_CHN",-0.781467535781858,2.7527007264784,28,NA,NA,NA
"real","SYR_CUB",-1.26239530606541,7.84657555425615,13,NA,NA,NA
"real","SYR_DJI",-0.645472995768685,1.68430960236236,9,NA,NA,NA
"real","SYR_ECU",0.0965166178458094,0.867811761885002,27,NA,NA,NA
"real","SYR_GTM",-0.326591438178769,2.58742005529736,25,NA,NA,NA
"real","SYR_HRV",-1.44244654782853,5.70255998920497,20,NA,NA,NA
"real","SYR_ISL",-0.127503810977017,0.732009377089292,22,NA,NA,NA
"real","SYR_LVA",-0.264194738225046,2.55136314112278,8,NA,NA,NA
"real","SYR_POL",0.0635395590287387,0.28100036698439,10,NA,NA,NA
"real","SYR_RUS",0.032324514915369,1.08937443651251,25,NA,NA,NA
"real","TCA_CHN",-1.49126184037936,9.31218916815629,18,NA,NA,NA
"real","TCA_COL",-2.04947901282702,8.67522271917082,21,NA,NA,NA
"real","TCD_BRN",-0.535055977256312,5.04556018145026,12,NA,NA,NA
"real","TCD_DZA",-1.29622363332823,7.60745125863334,23,NA,NA,NA
"real","TCD_HRV",-2.27207371309048,20.4225693137128,19,NA,NA,NA
"real","TCD_IRL",-0.819383787568886,7.18235449749652,22,NA,NA,NA
"real","TCD_KOR",-3.64675834639685,15.6698176742855,22,NA,NA,NA
"real","TCD_KWT",-0.996665407155304,6.74489746823953,17,NA,NA,NA
"real","TCD_PER",-1.68631078265995,10.7730201409076,12,NA,NA,NA
"real","TCD_POL",-0.167270336578861,10.5026689903407,28,NA,NA,NA
"real","TCD_SVN",-1.58523210411824,29.1401487465888,20,NA,NA,NA
"real","TCD_SWE",-2.78348791651618,13.9596113690758,24,NA,NA,NA
"real","TCD_ZAF",-1.09120731365322,19.1341251410058,23,NA,NA,NA
"real","TGO_BRA",-1.10555154113637,11.1059469249787,27,NA,NA,NA
"real","TGO_DZA",-0.910511054889759,3.23437068816106,24,NA,NA,NA
"real","TGO_KEN",-1.24601078944214,3.92236986213278,21,NA,NA,NA
"real","TGO_POL",-0.0298961396319276,4.38432323859025,28,NA,NA,NA
"real","TGO_ZAF",-0.758572764360232,2.80400514050067,26,NA,NA,NA
"real","THA_CYM",-0.292520906496112,1.3260459896116,28,NA,NA,NA
"real","THA_FSM",-0.15034284936222,0.383169035436404,28,NA,NA,NA
"real","THA_HRV",-0.325263433072296,0.455060312565336,28,NA,NA,NA
"real","THA_IOT",-1.17279616804703,4.97886405952575,18,NA,NA,NA
"real","THA_KIR",-0.858666179202799,2.90816104601254,28,NA,NA,NA
"real","THA_LCA",0.181709930170511,0.295774325648651,28,NA,NA,NA
"real","THA_MNP",0.0145853217909095,0.592791890832313,28,NA,NA,NA
"real","THA_RUS",-0.191869978302385,0.196312434298792,28,NA,NA,NA
"real","THA_SVN",-0.0404992469074498,0.041479307839108,28,NA,NA,NA
"real","TJK_AUT",-0.731448030030895,1.98219344065304,28,NA,NA,NA
"real","TJK_BGR",-1.88421707920912,13.446082047936,21,NA,NA,NA
"real","TJK_CHE",-2.6388171596012,7.20234344194113,28,NA,NA,NA
"real","TJK_CHN",-0.373725882363286,0.616184202595056,28,NA,NA,NA
"real","TJK_DEU",-0.401620702475904,0.703550017481979,28,NA,NA,NA
"real","TJK_ESP",-1.66664965489547,7.40088324427049,28,NA,NA,NA
"real","TJK_FRA",-0.260660592480672,1.27608893929104,28,NA,NA,NA
"real","TJK_IRL",-0.955184902293423,2.98646529937832,21,NA,NA,NA
"real","TJK_ITA",-0.0544625955985982,0.282359975648072,28,NA,NA,NA
"real","TJK_JPN",-1.27382073235273,5.74796600187383,28,NA,NA,NA
"real","TJK_LTU",-1.40361645521592,7.91043353861215,26,NA,NA,NA
"real","TJK_POL",-0.83583263144238,3.66146149280498,28,NA,NA,NA
"real","TJK_PRT",-0.970985352250326,3.27608904855591,25,NA,NA,NA
"real","TJK_ROU",-0.754201496461914,5.50403704542699,21,NA,NA,NA
"real","TJK_SVN",-0.842856751448697,2.9256965703415,28,NA,NA,NA
"real","TJK_SWE",-0.908511674602996,4.10108206305442,22,NA,NA,NA
"real","TJK_TWN",-2.24895569430873,11.7326222907985,24,NA,NA,NA
"real","TJK_USA",-1.08667238308904,3.15670494735778,28,NA,NA,NA
"real","TKM_BGR",-1.09119495544172,3.34573341257465,25,NA,NA,NA
"real","TKM_CHE",-0.769103870325359,3.94424969606528,28,NA,NA,NA
"real","TKM_CHN",-2.3977253515073,4.14490636797,28,NA,NA,NA
"real","TKM_DEU",0.0484608574625557,3.03752987512474,28,NA,NA,NA
"real","TKM_DNK",-2.38995978366964,16.8156625402041,21,NA,NA,NA
"real","TKM_ESP",-0.0560448611814586,2.48405692786682,28,NA,NA,NA
"real","TKM_FIN",-2.57677454611703,10.3239891262893,22,NA,NA,NA
"real","TKM_FRA",0.214518447316366,2.95314086278564,28,NA,NA,NA
"real","TKM_ITA",0.198438682808749,0.566945377227432,28,NA,NA,NA
"real","TKM_JPN",-0.859290379653117,6.23706236946798,28,NA,NA,NA
"real","TKM_LTU",-0.197820508169929,5.60923103608585,26,NA,NA,NA
"real","TKM_NLD",-0.269329649822998,2.07141449732806,28,NA,NA,NA
"real","TKM_NZL",-0.472083324817437,7.10019810807495,19,NA,NA,NA
"real","TKM_POL",-0.175024583713327,4.53730370501086,28,NA,NA,NA
"real","TKM_PRT",0.0585455023866468,1.3958223593725,28,NA,NA,NA
"real","TKM_ROU",-0.308251183616787,2.66019637027175,28,NA,NA,NA
"real","TKM_SAU",0.00196971351588888,5.46023794347337,20,NA,NA,NA
"real","TKM_SVN",-0.554613479683919,14.3409054710598,26,NA,NA,NA
"real","TKM_SWE",-2.22434219640966,9.07075784741167,25,NA,NA,NA
"real","TKM_TWN",-1.37116693552483,7.56021965559314,26,NA,NA,NA
"real","TKM_USA",-0.290652676621917,2.40097261025928,28,NA,NA,NA
"real","TON_CAN",-1.25997018369722,1.55816961449582,28,NA,NA,NA
"real","TON_PER",-1.19868940584273,2.21980735066211,8,NA,NA,NA
"real","TTO_BHR",-1.79675022644895,3.49737695863129,22,NA,NA,NA
"real","TTO_HUN",-5.55568175148518,8.54444590516855,14,NA,NA,NA
"real","TTO_PRY",-1.98209493126663,9.15070299154168,25,NA,NA,NA
"real","TTO_PYF",-0.800553896311076,3.21720264570041,22,NA,NA,NA
"real","TTO_RUS",-0.531809035045857,3.28486766009224,26,NA,NA,NA
"real","TTO_RWA",-1.56387883777694,13.0831413810205,9,NA,NA,NA
"real","TTO_SAU",-0.368527376658992,1.51004169604747,26,NA,NA,NA
"real","TTO_SEN",-0.677516511730262,3.25292897576209,26,NA,NA,NA
"real","TTO_SLV",-0.490875736564909,1.74666254128358,28,NA,NA,NA
"real","TTO_TCA",0.333072733223472,0.927567576479564,24,NA,NA,NA
"real","TUN_AGO",-1.67507862494879,4.16095758271647,27,NA,NA,NA
"real","TUN_ALB",-0.249515130053605,1.65351043102146,25,NA,NA,NA
"real","TUN_BHS",-1.05052847588835,2.58908407943897,24,NA,NA,NA
"real","TUN_BRN",-0.979005081200275,2.50211808243548,19,NA,NA,NA
"real","TUN_DMA",-0.469341868070393,0.917518535389321,11,NA,NA,NA
"real","TUN_FLK",-1.9254524224826,3.91539182018264,14,NA,NA,NA
"real","TUN_GMB",-0.467316696519671,1.64836497596338,28,NA,NA,NA
"real","TUN_HRV",-0.32622647186053,0.673521918542676,20,NA,NA,NA
"real","TUN_NPL",0.0524576520517621,1.49342376680542,17,NA,NA,NA
"real","TUN_RUS",-0.233178414250481,0.416416063610682,28,NA,NA,NA
"real","TUN_RWA",-2.28953468855586,4.40249935167311,22,NA,NA,NA
"real","TUN_SVN",-0.601957323915868,2.6210030463102,11,NA,NA,NA
"real","TUR_ARM",-0.215343225729097,0.331555055502657,24,NA,NA,NA
"real","TUR_BIH",-0.337036115942791,0.483335008990539,10,NA,NA,NA
"real","TUR_BLR",-0.781728548287671,1.1469295550302,28,NA,NA,NA
"real","TUR_COM",-1.54318127174423,3.40385985633086,25,NA,NA,NA
"real","TUR_GEO",-0.0377935546867725,0.0408922255796134,15,NA,NA,NA
"real","TUR_GNB",-1.16111986170739,3.48718830264577,23,NA,NA,NA
"real","TUR_HRV",-0.0906283612802951,0.0938938222551165,10,NA,NA,NA
"real","TUR_MDA",-0.631018648284587,1.6601661379792,23,NA,NA,NA
"real","TUR_RUS",-0.0146906538537868,0.0780296637090342,28,NA,NA,NA
"real","TUR_SLB",-0.746722817434466,4.10599668991005,17,NA,NA,NA
"real","TUR_SWZ",-1.41525202362811,5.65374005930915,24,NA,NA,NA
"real","TUR_UKR",-0.0448434816750835,0.0386826909735791,28,NA,NA,NA
"real","TUR_ZAF",0.0219999361613418,0.0927554315318207,28,NA,NA,NA
"real","TUV_DNK",0.714012405056571,4.20765149922546,11,NA,NA,NA
"real","TUV_HRV",0.329573651088292,11.015579393509,15,NA,NA,NA
"real","TUV_SVN",-0.720200421446423,4.27398152500753,17,NA,NA,NA
"real","TUV_SWE",-5.4536594138206,10.5058581676969,19,NA,NA,NA
"real","TWN_CUB",-0.675949881921169,3.43188980338192,25,NA,NA,NA
"real","TWN_DZA",-0.118762657034435,0.0773014111335045,28,NA,NA,NA
"real","TWN_HRV",-0.142764058378341,0.149532342545938,28,NA,NA,NA
"real","TWN_LCA",0.178056259191197,1.22961060640055,28,NA,NA,NA
"real","TWN_PRK",-1.09590138442903,5.48785252144123,25,NA,NA,NA
"real","TWN_RUS",-1.50059863768006,12.1640735244485,27,NA,NA,NA
"real","TWN_STP",-0.945834738704514,2.23542477522743,24,NA,NA,NA
"real","TWN_SVN",-0.490228094301412,4.19994750570429,28,NA,NA,NA
"real","TWN_SYR",-1.16792465896528,8.55423781356972,27,NA,NA,NA
"real","TWN_UKR",-1.00091340997197,7.10091021998304,26,NA,NA,NA
"real","TWN_ZWE",-1.01188865833258,7.89289135848135,28,NA,NA,NA
"real","TZA_BRN",-1.62938338057459,4.13178938310117,20,NA,NA,NA
"real","TZA_HRV",-0.408178066063701,2.04869872151926,26,NA,NA,NA
"real","TZA_KWT",-0.187489698957041,1.00804328073717,28,NA,NA,NA
"real","TZA_POL",-0.10161781541992,0.391600154944058,28,NA,NA,NA
"real","TZA_SVN",-0.179209182393511,2.10580088162375,28,NA,NA,NA
"real","UGA_BGR",-0.970557892130942,3.43229298580689,26,NA,NA,NA
"real","UGA_BOL",-2.36429105785841,5.95711330211451,9,NA,NA,NA
"real","UGA_BRN",-1.89804094682195,5.01454968239394,18,NA,NA,NA
"real","UGA_COL",-0.549889205629306,4.26629073828751,24,NA,NA,NA
"real","UGA_HRV",-0.546393468472375,1.5317678438377,28,NA,NA,NA
"real","UGA_NZL",-1.30413917438268,4.24425936865193,25,NA,NA,NA
"real","UGA_POL",0.0715806715204802,0.806316280549098,27,NA,NA,NA
"real","UGA_SEN",-1.23699913909858,2.59553504534773,26,NA,NA,NA
"real","UGA_SVN",-0.10711545782976,1.57156870312256,28,NA,NA,NA
"real","UGA_TTO",-1.43585172085815,5.09169171127687,18,NA,NA,NA
"real","UKR_AUS",-0.573086221130187,0.83675347821562,28,NA,NA,NA
"real","UKR_AUT",-0.325564506865524,0.915774633882306,21,NA,NA,NA
"real","UKR_BGR",-0.151119755056661,1.19752215443301,18,NA,NA,NA
"real","UKR_CHE",-0.584064409152631,0.91598755857383,19,NA,NA,NA
"real","UKR_CHN",0.247883807231546,0.504362736684282,28,NA,NA,NA
"real","UKR_DEU",0.0127673548658323,0.0390027959867924,21,NA,NA,NA
"real","UKR_DNK",0.0826072486764362,0.102072468211269,21,NA,NA,NA
"real","UKR_DZA",-0.68152576522005,4.6438602757735,27,NA,NA,NA
"real","UKR_ESP",-0.209908529804884,0.172219558057646,21,NA,NA,NA
"real","UKR_FIN",0.0885687497677223,0.142557037255375,21,NA,NA,NA
"real","UKR_FRA",-0.43868182920417,1.83787478233827,21,NA,NA,NA
"real","UKR_GRC",-0.212254532331344,0.741075257286404,21,NA,NA,NA
"real","UKR_HRV",0.0564670076323125,0.300613072148961,21,NA,NA,NA
"real","UKR_HUN",-0.0726806052349634,0.572396877527194,21,NA,NA,NA
"real","UKR_IRL",-0.441700997168813,2.5726523253848,21,NA,NA,NA
"real","UKR_ISL",-0.254312694700616,0.469447911804033,19,NA,NA,NA
"real","UKR_ITA",-0.314686196775061,0.74207858169469,21,NA,NA,NA
"real","UKR_JAM",-1.11446372873816,6.43702086000006,23,NA,NA,NA
"real","UKR_JPN",-0.102934401262494,0.420420575533365,28,NA,NA,NA
"real","UKR_KOR",-0.062385658995782,0.154405809209756,28,NA,NA,NA
"real","UKR_LTU",0.206918200098047,0.203248467598215,20,NA,NA,NA
"real","UKR_NLD",-0.12314320314186,0.071041233575543,21,NA,NA,NA
"real","UKR_NZL",-0.419614885659613,2.06393779211677,28,NA,NA,NA
"real","UKR_POL",-0.0852701322339967,0.215458889969523,21,NA,NA,NA
"real","UKR_PRT",-0.299006769389098,0.316466950715599,21,NA,NA,NA
"real","UKR_ROU",0.109706528596132,0.177823490370628,21,NA,NA,NA
"real","UKR_SGP",-0.87124214700423,4.78134344184499,28,NA,NA,NA
"real","UKR_SVN",-0.126993345245047,0.835611805986692,21,NA,NA,NA
"real","UKR_SWE",-0.405373456547104,0.546307397780633,21,NA,NA,NA
"real","UKR_TUR",0.0145869782505474,0.0349446174468345,28,NA,NA,NA
"real","UKR_TWN",-0.566880884088122,3.09036378765364,28,NA,NA,NA
"real","UKR_USA",0.0106193607757408,0.129531911505319,28,NA,NA,NA
"real","UKR_ZAF",-1.14787104444264,4.09788724627981,25,NA,NA,NA
"real","URY_BFA",-1.02463067693087,3.97211086374013,18,NA,NA,NA
"real","URY_BHS",-0.565756627275624,1.22976039586201,27,NA,NA,NA
"real","URY_BLZ",-0.543360255074767,1.29989604636263,24,NA,NA,NA
"real","URY_BRN",-0.608001115237559,1.75167987067009,18,NA,NA,NA
"real","URY_DZA",-1.00024139640555,2.92098213887295,26,NA,NA,NA
"real","URY_HND",-1.34998835157235,3.86422730197649,28,NA,NA,NA
"real","URY_HRV",-0.903692845161038,1.47619427684288,28,NA,NA,NA
"real","URY_KEN",-1.24943510962427,1.8140125238085,27,NA,NA,NA
"real","URY_SVN",-0.213109912789384,0.451916367372615,28,NA,NA,NA
"real","USA_ARM",0.227278607560673,0.303652579677471,28,NA,NA,NA
"real","USA_AZE",-0.0726115546991903,0.53342705606361,28,NA,NA,NA
"real","USA_BIH",-0.0718976295769554,0.503021800288596,28,NA,NA,NA
"real","USA_BLR",-0.0940960293396162,0.216737407301846,28,NA,NA,NA
"real","USA_EST",0.0813584454357053,0.129257765726689,28,NA,NA,NA
"real","USA_FSM",-0.0242359171242039,0.0906614056920751,28,NA,NA,NA
"real","USA_GEO",0.211083879708097,0.17286818196395,28,NA,NA,NA
"real","USA_HRV",-0.0800381189105066,0.0818941048264461,28,NA,NA,NA
"real","USA_KAZ",-0.151695065804904,0.182977937237476,28,NA,NA,NA
"real","USA_KGZ",-0.175295910652718,0.687827648004621,28,NA,NA,NA
"real","USA_KHM",-0.381350124906431,0.382024636022239,28,NA,NA,NA
"real","USA_LTU",-0.0389082036031232,0.116701085902657,28,NA,NA,NA
"real","USA_LVA",-0.0736657896935818,0.117108389680699,28,NA,NA,NA
"real","USA_MDA",0.246363335935811,0.348835237592424,28,NA,NA,NA
"real","USA_MHL",0.428051040083561,2.26803017192785,28,NA,NA,NA
"real","USA_RUS",0.0178966983073438,0.0248941708230413,28,NA,NA,NA
"real","USA_SHN",-0.448241400145618,1.71106945373401,28,NA,NA,NA
"real","USA_SVN",-0.018767789361223,0.0620784110886824,28,NA,NA,NA
"real","USA_TJK",0.349963087933952,1.01716525430522,28,NA,NA,NA
"real","USA_TKM",0.0756866100587992,0.811107108333488,28,NA,NA,NA
"real","USA_UKR",-0.0500612701722486,0.0953720524349684,28,NA,NA,NA
"real","USA_UZB",-0.00963055963782229,0.807184399542901,28,NA,NA,NA
"real","USA_WLF",-0.404776392160961,0.876135294728911,27,NA,NA,NA
"real","UZB_AUT",-0.48670116502604,1.27122978159346,28,NA,NA,NA
"real","UZB_BGR",-0.058831450625375,1.07821295776213,25,NA,NA,NA
"real","UZB_CHE",-2.70553510337947,4.19346085209698,28,NA,NA,NA
"real","UZB_CHN",-0.622010920766418,1.10814432428669,28,NA,NA,NA
"real","UZB_DEU",-0.17238646426926,0.794002815486781,28,NA,NA,NA
"real","UZB_DNK",-1.88104667874049,5.82747118210999,28,NA,NA,NA
"real","UZB_ESP",-0.270804812477498,1.3018323583229,28,NA,NA,NA
"real","UZB_FIN",-2.79577481539815,5.09965087176599,28,NA,NA,NA
"real","UZB_FRA",-0.153203131919868,0.971973342869768,28,NA,NA,NA
"real","UZB_HRV",-1.02049500961025,2.64955531611918,28,NA,NA,NA
"real","UZB_ITA",-0.268676948559454,1.39311635226294,28,NA,NA,NA
"real","UZB_JPN",-0.55051791396368,2.16158749847295,28,NA,NA,NA
"real","UZB_KOR",-0.362509622948992,1.98042341580102,28,NA,NA,NA
"real","UZB_LTU",-0.023174167813079,1.3407067782258,27,NA,NA,NA
"real","UZB_NLD",-0.63258016263526,1.43645631753085,28,NA,NA,NA
"real","UZB_POL",-0.0136441914657031,1.68561261753462,28,NA,NA,NA
"real","UZB_PRT",-0.0529216836660778,0.667504322775509,28,NA,NA,NA
"real","UZB_ROU",-0.785824491141702,2.5880823262128,28,NA,NA,NA
"real","UZB_SAU",-1.70872438881897,5.17736017735672,27,NA,NA,NA
"real","UZB_SGP",-1.70196327294999,4.01608521489829,14,NA,NA,NA
"real","UZB_SVN",-0.560323848242054,3.40220134319289,28,NA,NA,NA
"real","UZB_SWE",-1.29370208629246,3.2488161438834,27,NA,NA,NA
"real","UZB_TWN",-0.926269096481864,4.05442224359344,28,NA,NA,NA
"real","UZB_USA",-0.505514659624057,1.71913574964898,28,NA,NA,NA
"real","VCT_CHL",-1.49414409137028,9.35781991697821,10,NA,NA,NA
"real","VCT_MYS",-0.398531658377077,2.78381436474344,9,NA,NA,NA
"real","VCT_SWE",-2.81437136500761,5.08909075471897,10,NA,NA,NA
"real","VCT_VEN",-0.98719902764236,3.8086414530898,22,NA,NA,NA
"real","VCT_ZAF",-1.57379782402279,3.44289566184946,27,NA,NA,NA
"real","VEN_BLZ",-1.65140162465166,9.24360513340666,26,NA,NA,NA
"real","VEN_DMA",-0.929636720748768,3.17661764273487,22,NA,NA,NA
"real","VEN_HRV",-0.922322578731294,3.77821833362903,28,NA,NA,NA
"real","VEN_LCA",-2.61148836038896,15.5423001525726,28,NA,NA,NA
"real","VEN_MAC",-0.331302464809889,3.03027709486993,12,NA,NA,NA
"real","VGB_COL",-1.34717041614518,4.84654069713184,28,NA,NA,NA
"real","VGB_ECU",-1.87131581409328,4.26253428606352,14,NA,NA,NA
"real","VGB_HRV",-1.42461530438174,2.54033603435975,19,NA,NA,NA
"real","VGB_JAM",-1.47203041068139,3.23269884737322,24,NA,NA,NA
"real","VGB_LCA",-1.50230910662696,3.71582911515855,27,NA,NA,NA
"real","VGB_NLD",-0.929658113306816,2.55264533504279,12,NA,NA,NA
"real","VNM_BRB",-0.48966735965747,0.732413969465371,26,NA,NA,NA
"real","VNM_HRV",-0.326020515382923,1.06348590502903,28,NA,NA,NA
"real","VNM_KEN",0.345634379431894,1.05888316350935,26,NA,NA,NA
"real","VNM_KWT",-1.44731852253258,2.77381241498543,28,NA,NA,NA
"real","VNM_LCA",-0.0884315698385078,1.26729975512583,28,NA,NA,NA
"real","VNM_OMN",-0.467278004279731,0.216453534760727,27,NA,NA,NA
"real","VNM_POL",0.144801869793627,0.138969416584138,28,NA,NA,NA
"real","VNM_QAT",-0.699174739634696,0.869296253687263,21,NA,NA,NA
"real","VNM_USA",-0.842303959715511,4.56122173019726,27,NA,NA,NA
"real","VNM_ZAF",0.0416458342091738,0.553177177379574,26,NA,NA,NA
"real","VUT_HRV",-1.83124836438273,12.0548652534367,16,NA,NA,NA
"real","VUT_SWE",-3.33191808378161,16.0653393329802,17,NA,NA,NA
"real","VUT_THA",-1.03599780111797,2.11348915489155,26,NA,NA,NA
"real","VUT_TUR",-1.36850001719637,12.0756012771714,17,NA,NA,NA
"real","WLF_COL",-1.86658514667279,5.3804410273395,10,NA,NA,NA
"real","WLF_HRV",0.358060075439488,6.37549731370087,15,NA,NA,NA
"real","WSM_HRV",-1.13784330341898,5.76346554039901,11,NA,NA,NA
"real","YEM_BRA",-2.49639378638946,7.57011030696886,25,NA,NA,NA
"real","YEM_CHN",0.0935248577785593,0.112201234230526,28,NA,NA,NA
"real","YEM_COL",-2.06036327134857,7.09258267839044,19,NA,NA,NA
"real","YEM_DNK",-3.35591248512237,7.1571973312183,23,NA,NA,NA
"real","YEM_GBR",-1.33254039187,2.92490886854678,28,NA,NA,NA
"real","YEM_GUY",-0.394241014504036,4.09096570960785,12,NA,NA,NA
"real","YEM_HRV",-3.485930638464,9.45067023931038,14,NA,NA,NA
"real","YEM_HUN",-1.41124203181774,7.65918724519423,16,NA,NA,NA
"real","YEM_IRL",-0.164546060403704,1.98166685147197,28,NA,NA,NA
"real","YEM_KEN",-1.30399189951832,4.21129332359261,24,NA,NA,NA
"real","YEM_MDG",-2.03623433984275,5.25859427970378,15,NA,NA,NA
"real","YEM_PAK",-0.641868875667728,4.11798272332513,24,NA,NA,NA
"real","YEM_SWE",-1.02235191703742,2.19978033491292,28,NA,NA,NA
"real","YEM_TWN",-1.44201838232528,7.56915444510592,25,NA,NA,NA
"real","ZAF_AGO",0.4139097190287,0.527134529764607,27,NA,NA,NA
"real","ZAF_ARE",-0.161147930136429,0.187837366931564,27,NA,NA,NA
"real","ZAF_BDI",-0.347393798046644,0.862130428351855,26,NA,NA,NA
"real","ZAF_BGR",0.091238576344535,0.770576324074267,13,NA,NA,NA
"real","ZAF_BHR",0.197890192935305,1.43823362227968,27,NA,NA,NA
"real","ZAF_CAF",-0.343060446512617,0.693464176728803,26,NA,NA,NA
"real","ZAF_CHN",-1.00220769422503,2.33707325922019,28,NA,NA,NA
"real","ZAF_CIV",0.00445473875833141,0.10813567171634,27,NA,NA,NA
"real","ZAF_COD",-0.147832289205906,0.302704684778831,27,NA,NA,NA
"real","ZAF_COG",-0.332561839442647,0.864619214167252,28,NA,NA,NA
"real","ZAF_COM",0.204575600981181,0.365429283958526,24,NA,NA,NA
"real","ZAF_CPV",0.413299444549242,2.91266936749204,26,NA,NA,NA
"real","ZAF_CYP",-2.05639093721442,3.60898662196137,10,NA,NA,NA
"real","ZAF_GAB",0.133393836608593,0.151493323421526,28,NA,NA,NA
"real","ZAF_GHA",-0.654243146930975,2.62002924334453,27,NA,NA,NA
"real","ZAF_HRV",0.176221211712801,0.868693056973045,20,NA,NA,NA
"real","ZAF_IND",-0.603498921435426,1.99543692922821,28,NA,NA,NA
"real","ZAF_IRN",0.101387218459989,2.65953347660553,27,NA,NA,NA
"real","ZAF_JAM",-0.373252284630648,0.594677997370968,21,NA,NA,NA
"real","ZAF_KEN",0.0898222205914086,1.01167649489956,28,NA,NA,NA
"real","ZAF_KOR",-0.29873207508725,0.523490358902325,28,NA,NA,NA
"real","ZAF_KWT",0.133931331619511,1.87284049234492,27,NA,NA,NA
"real","ZAF_LBN",0.02951952632444,0.387001203964609,27,NA,NA,NA
"real","ZAF_LBY",-0.080134989891389,1.67121379238502,24,NA,NA,NA
"real","ZAF_MYS",-0.473347783146974,2.89199846324693,28,NA,NA,NA
"real","ZAF_NGA",-0.963412704122828,3.43160775702892,27,NA,NA,NA
"real","ZAF_NRU",0.0963703678614095,3.80802333959865,11,NA,NA,NA
"real","ZAF_NZL",-0.099422733724535,0.370528310307671,28,NA,NA,NA
"real","ZAF_OMN",-0.355425057945618,2.64362368246681,28,NA,NA,NA
"real","ZAF_PHL",0.107916819119602,1.63699127916007,28,NA,NA,NA
"real","ZAF_POL",0.343975879814075,0.88154366803801,11,NA,NA,NA
"real","ZAF_PRK",-1.40008102927272,3.37519675917396,23,NA,NA,NA
"real","ZAF_QAT",-0.460206681518272,0.923772126132253,27,NA,NA,NA
"real","ZAF_SAU",0.480197971123291,0.64967758774259,27,NA,NA,NA
"real","ZAF_SDN",-0.497070463387091,0.9221991928032,27,NA,NA,NA
"real","ZAF_SGP",0.0888162245162011,0.11457284435575,27,NA,NA,NA
"real","ZAF_STP",-0.529344041330276,1.03866246052911,26,NA,NA,NA
"real","ZAF_SVN",0.608708866188767,0.438516010609434,11,NA,NA,NA
"real","ZAF_THA",-1.04977030569767,3.97031387557706,27,NA,NA,NA
"real","ZAF_TUR",-0.426876707909092,0.819748441059322,28,NA,NA,NA
"real","ZAF_VNM",-0.237085667058571,0.601626158678036,26,NA,NA,NA
"real","ZMB_ARE",-2.10557169493699,7.66998040977085,26,NA,NA,NA
"real","ZMB_CHN",-1.03520099553413,1.93586551154828,28,NA,NA,NA
"real","ZMB_COL",-0.662416145339919,6.40818290181545,22,NA,NA,NA
"real","ZMB_HRV",-1.41633674304917,5.41125715230011,28,NA,NA,NA
"real","ZMB_HUN",-1.05775380033999,5.93916886033501,28,NA,NA,NA
"real","ZMB_POL",-0.38056983075922,1.53096787642952,28,NA,NA,NA
"real","ZMB_SEN",-1.00889239161915,6.03870428318578,27,NA,NA,NA
"real","ZMB_SVN",-1.12512374651171,6.88935447289357,28,NA,NA,NA
"real","ZWE_HRV",-0.635729540543489,1.98316633167395,20,NA,NA,NA
"real","ZWE_KWT",-1.33675049718368,3.03645050119487,27,NA,NA,NA
"real","ZWE_SVN",-0.0796159059080778,0.344625561056394,19,NA,NA,NA
"real","ABW_BOL",-1.96684268952543,17.2678397986545,9,NA,NA,NA
"real","ABW_BRA",-1.99265827895018,12.2745015485682,20,NA,NA,NA
"real","ABW_DMA",0.560991301185475,6.2792301148631,18,NA,NA,NA
"real","ABW_GRD",-1.10353863990999,5.54046341340887,25,NA,NA,NA
"real","ABW_GTM",-1.20315274322351,14.8055408161668,20,NA,NA,NA
"real","ABW_MEX",-0.601434918455865,1.60585103269843,27,NA,NA,NA
"real","ABW_VCT",-1.4657620325474,11.0658206706598,21,NA,NA,NA
"real","AFG_COG",-0.36890311557579,1.57545018315809,10,NA,NA,NA
"real","AFG_CZE",-0.0792648465403297,1.69280787622596,27,NA,NA,NA
"real","AFG_DZA",-1.80301273089784,7.05335943906047,25,NA,NA,NA
"real","AFG_GAB",-1.66823333027214,8.77361530911268,10,NA,NA,NA
"real","AFG_GTM",-0.63137887542588,4.40607142551908,21,NA,NA,NA
"real","AFG_NIC",-0.685497044870404,3.61857798537294,17,NA,NA,NA
"real","AFG_ROU",-1.59993893745952,5.45453233498863,26,NA,NA,NA
"real","AGO_COG",-0.956293301127612,3.25904781458021,16,NA,NA,NA
"real","AGO_GAB",-1.2576730138492,3.75477781400519,19,NA,NA,NA
"real","AGO_IRL",-5.08829645734063,5.50797914196738,27,NA,NA,NA
"real","AGO_NOR",-2.50854968048812,8.12884534446173,25,NA,NA,NA
"real","AGO_SWE",-4.19484011148837,9.9617260339019,26,NA,NA,NA
"real","AIA_COL",-1.30321050777736,6.6323936792122,16,NA,NA,NA
"real","AIA_DMA",-1.01567637867206,2.22387318615883,16,NA,NA,NA
"real","AIA_JAM",-1.60172190217485,4.68221241780141,12,NA,NA,NA
"real","AIA_KNA",-0.514581744570267,2.12463540172441,24,NA,NA,NA
"real","AIA_THA",-3.58524615623798,16.572026412338,16,NA,NA,NA
"real","AIA_TTO",-0.553384033498533,1.54913450727928,18,NA,NA,NA
"real","ALB_CZE",-0.256090316860831,0.370265454633798,12,NA,NA,NA
"real","ALB_POL",-0.454299841684594,2.62403466687051,10,NA,NA,NA
"real","ALB_TWN",-0.969928267794639,3.05519478751665,26,NA,NA,NA
"real","ALB_URY",-1.13118027233605,3.33474439160262,21,NA,NA,NA
"real","AND_BGD",-0.788863358487084,9.62474734015952,18,NA,NA,NA
"real","AND_COL",-0.575423608292303,3.81208493176083,24,NA,NA,NA
"real","AND_CZE",-0.579228836604186,3.67802291968521,10,NA,NA,NA
"real","AND_ECU",-0.320194484077579,6.28547856034676,19,NA,NA,NA
"real","AND_HRV",-0.178699547273823,3.60136444231477,14,NA,NA,NA
"real","AND_NIC",-2.04416124722746,13.3940737282482,13,NA,NA,NA
"real","AND_ROU",-0.844384793399494,2.74762137428147,10,NA,NA,NA
"real","ANT_ARG",-0.406409208457856,4.33124906084617,14,NA,NA,NA
"real","ANT_CZE",-0.996372207247351,3.62088562729307,9,NA,NA,NA
"real","ANT_DMA",-1.75857357833877,12.7823348700586,15,NA,NA,NA
"real","ANT_GRD",-0.225548280663855,1.44963391850917,18,NA,NA,NA
"real","ANT_GTM",-2.42546294322369,9.30783744287301,12,NA,NA,NA
"real","ANT_HRV",-2.19615958463734,8.06171541905656,9,NA,NA,NA
"real","ANT_IND",-0.749714916062823,1.91460190590167,11,NA,NA,NA
"real","ANT_KNA",0.125098995560902,0.829300377033189,18,NA,NA,NA
"real","ANT_MAR",-2.66037978855583,7.5512589272664,13,NA,NA,NA
"real","ANT_MDG",-5.08590188895419,26.2550321175589,8,NA,NA,NA
"real","ANT_MUS",-2.66020293235355,16.6458487659526,11,NA,NA,NA
"real","ANT_NIC",-1.74255824997875,6.25070001358182,17,NA,NA,NA
"real","ANT_VCT",-0.0462158098276505,1.66259939588973,17,NA,NA,NA
"real","ARE_AFG",-1.04905518447486,3.17447323279042,17,NA,NA,NA
"real","ARE_ARG",-1.03540060881722,1.95528295285399,27,NA,NA,NA
"real","ARE_BDI",-0.163977946107797,0.294721620073743,27,NA,NA,NA
"real","ARE_BTN",-1.48220304823115,3.99754084854918,17,NA,NA,NA
"real","ARE_CZE",0.0539201401547945,0.343864738745548,27,NA,NA,NA
"real","ARE_ETH",-0.181017990794492,1.08910189736832,24,NA,NA,NA
"real","ARE_JAM",-0.493846369511324,0.969169418235349,25,NA,NA,NA
"real","ARE_MDV",-0.378435494945685,1.66171335719547,26,NA,NA,NA
"real","ARE_MLT",-1.25038537884727,2.43529300771295,27,NA,NA,NA
"real","ARE_MOZ",-0.706148700576821,2.58312700876337,21,NA,NA,NA
"real","ARE_NGA",-0.204203953644395,0.307760608404019,24,NA,NA,NA
"real","ARE_NPL",-0.825311509959643,3.57801957385451,21,NA,NA,NA
"real","ARE_RUS",-0.710917791669448,3.47149203021047,25,NA,NA,NA
"real","ARE_SVK",-0.163582655630028,0.719322398087402,27,NA,NA,NA
"real","ARE_SVN",-0.580111286875545,0.844288430661884,27,NA,NA,NA
"real","ARG_AFG",-0.438834216697597,1.30050180346517,20,NA,NA,NA
"real","ARG_AND",-0.851985042805436,2.22876533815082,25,NA,NA,NA
"real","ARG_ANT",-0.485838999620248,1.73227741140399,14,NA,NA,NA
"real","ARG_ATG",-0.10545687361443,0.583057673999916,27,NA,NA,NA
"real","ARG_BFA",-0.586430367913507,1.53143449339212,27,NA,NA,NA
"real","ARG_BMU",-0.196671712527046,4.96235037152568,14,NA,NA,NA
"real","ARG_CZE",0.0966878845078888,0.330658622019984,27,NA,NA,NA
"real","ARG_DMA",-0.832279409870799,1.62074586855549,25,NA,NA,NA
"real","ARG_GMB",-1.11398914536633,3.51761749337042,25,NA,NA,NA
"real","ARG_GNQ",-0.961272051615504,2.61385225839224,26,NA,NA,NA
"real","ARG_MLI",-0.867262848251019,1.89076629756552,26,NA,NA,NA
"real","ARG_NPL",-2.18049786547652,7.83988358707971,25,NA,NA,NA
"real","ARG_PYF",-0.323664157757156,1.1936388164886,25,NA,NA,NA
"real","ARG_RUS",-0.126104014067357,0.159881040905533,27,NA,NA,NA
"real","ARG_SLE",-0.915581717927818,2.61950325626284,26,NA,NA,NA
"real","ARM_CAN",-1.60943121505652,3.5477060185596,27,NA,NA,NA
"real","ARM_CHN",-1.01531545951729,2.72167832758931,24,NA,NA,NA
"real","ARM_COL",-0.702309726252792,3.688451900037,27,NA,NA,NA
"real","ARM_CZE",-0.884108317685015,2.38507647934912,24,NA,NA,NA
"real","ARM_FIN",-1.8376327710558,3.22393532653179,22,NA,NA,NA
"real","ARM_GBR",-1.20506341847084,3.22301550204193,24,NA,NA,NA
"real","ARM_GRC",-0.498553764096174,2.27862557479362,24,NA,NA,NA
"real","ARM_KOR",-0.891140405176421,2.92390115334676,27,NA,NA,NA
"real","ARM_MYS",-0.990566482719396,1.23773685198594,24,NA,NA,NA
"real","ARM_THA",-0.50003331597726,1.65206381053983,25,NA,NA,NA
"real","ATF_HRV",-0.221030456405701,4.46330063245356,11,NA,NA,NA
"real","ATG_CZE",-0.615038853322719,3.47870734603397,14,NA,NA,NA
"real","ATG_SVN",-2.44185864396164,18.274547535701,11,NA,NA,NA
"real","AUS_AZE",-0.96848219903535,1.75428013432214,26,NA,NA,NA
"real","AUS_BIH",-0.462853625873574,1.23567401456496,26,NA,NA,NA
"real","AUS_BLR",-0.647396999525404,2.74565458532714,27,NA,NA,NA
"real","AUS_CZE",0.152283710711998,0.101765137983241,27,NA,NA,NA
"real","AUS_ETH",0.125074816549416,0.486928097158775,27,NA,NA,NA
"real","AUS_GEO",-0.697233126320148,1.3540284613486,27,NA,NA,NA
"real","AUS_MKD",0.0504311787938497,1.18754241753824,27,NA,NA,NA
"real","AUS_SVK",0.0848918881499366,0.193684707421408,27,NA,NA,NA
"real","AUS_UZB",-0.538366973148506,1.85405668613628,27,NA,NA,NA
"real","AUT_BHR",-0.210674414527837,1.75301805107892,27,NA,NA,NA
"real","AUT_CAF",-0.386713292078358,1.39118583641413,27,NA,NA,NA
"real","AUT_COG",-0.302974981496149,0.87900586445826,27,NA,NA,NA
"real","AUT_DMA",-1.34007354152299,3.08148702368082,14,NA,NA,NA
"real","AUT_GAB",-0.535762800419798,1.08214761873552,27,NA,NA,NA
"real","AUT_GEO",-0.451654485007765,2.51961005060015,20,NA,NA,NA
"real","AUT_GIN",-0.65833584206797,3.27692346922436,27,NA,NA,NA
"real","AUT_GRD",-0.317517872537581,0.418721200658354,14,NA,NA,NA
"real","AUT_KGZ",-0.109430068394551,0.488723682158138,27,NA,NA,NA
"real","AUT_KNA",-1.52921902970366,3.00688508631595,13,NA,NA,NA
"real","AUT_MOZ",-0.0453132610858691,0.409749838197763,22,NA,NA,NA
"real","AUT_NIC",0.0165032964941255,0.147395049192716,19,NA,NA,NA
"real","AUT_SEN",-0.193590853629673,1.86814584284038,27,NA,NA,NA
"real","AUT_UZB",-0.0631476567481706,0.168873427999649,27,NA,NA,NA
"real","AUT_VCT",-0.557753281041734,1.09538073596928,13,NA,NA,NA
"real","AZE_CAN",-2.06276383600254,5.1690625640521,26,NA,NA,NA
"real","AZE_CZE",-0.143319260392372,1.35558961096098,27,NA,NA,NA
"real","AZE_EGY",-1.10316703488589,4.17441692165312,27,NA,NA,NA
"real","AZE_FIN",-2.19596952263571,5.92337278453847,24,NA,NA,NA
"real","AZE_GBR",0.292660428581134,1.17811183242741,27,NA,NA,NA
"real","AZE_HRV",-1.21065337556938,4.95382888355376,24,NA,NA,NA
"real","AZE_NLD",-0.254427858802433,1.83157753440558,27,NA,NA,NA
"real","AZE_NOR",-1.01424071953,2.03223056291695,26,NA,NA,NA
"real","AZE_PRT",-1.61263753705475,5.58887408754967,26,NA,NA,NA
"real","AZE_SGP",-2.47934541228879,7.13412824965345,25,NA,NA,NA
"real","AZE_THA",-1.83274565200788,6.37957551144638,27,NA,NA,NA
"real","BDI_BRN",-1.83721220880239,4.64762245191464,10,NA,NA,NA
"real","BDI_HUN",-1.8982305144301,9.1883713559185,18,NA,NA,NA
"real","BDI_MAR",-1.11460113803716,8.01902840148696,16,NA,NA,NA
"real","BDI_POL",-0.0651046730845174,1.01708270382545,22,NA,NA,NA
"real","BDI_ROU",-0.4625963987515,2.76386811840055,24,NA,NA,NA
"real","BDI_SGP",-1.34567150841823,4.9538010626936,22,NA,NA,NA
"real","BDI_TUR",-0.954999942286233,2.63639888321093,19,NA,NA,NA
"real","BDI_TWN",-1.53115317249995,6.10765692587397,21,NA,NA,NA
"real","BEN_CAF",-0.985327561042604,2.10140225272866,27,NA,NA,NA
"real","BEN_COG",-1.14112096637687,2.80350301010199,25,NA,NA,NA
"real","BEN_HRV",-1.64813880169653,5.4030677529522,22,NA,NA,NA
"real","BEN_MUS",-1.41682065109556,11.308263218871,22,NA,NA,NA
"real","BEN_NZL",-1.47470673281871,6.38413800234636,9,NA,NA,NA
"real","BFA_ARG",-1.16148601170232,6.0806345633229,17,NA,NA,NA
"real","BFA_CAF",-0.191676236585977,3.3277370023528,19,NA,NA,NA
"real","BFA_CZE",-0.977603685098388,8.37687788081798,26,NA,NA,NA
"real","BFA_DZA",-0.88931999340934,3.73024286783438,24,NA,NA,NA
"real","BFA_GAB",-1.00027760072817,2.34230523418511,27,NA,NA,NA
"real","BGD_BDI",0.208919924558374,1.63557297189234,27,NA,NA,NA
"real","BGD_CRI",-0.930258714891325,2.06883038421506,27,NA,NA,NA
"real","BGD_CZE",-0.803440053612896,0.831129100491316,27,NA,NA,NA
"real","BGD_DJI",-0.171793586100848,1.00121611727115,14,NA,NA,NA
"real","BGD_DMA",-0.711521190470636,2.87519946373232,21,NA,NA,NA
"real","BGD_ETH",0.283738295403522,1.13704487279435,27,NA,NA,NA
"real","BGD_GRL",-0.431367367501945,0.84686630253597,22,NA,NA,NA
"real","BGD_VCT",-0.462178013659716,2.24551021902651,22,NA,NA,NA
"real","BGD_VUT",0.0376258204424227,0.900922069388393,18,NA,NA,NA
"real","BGD_WSM",-0.438845617163527,1.83411095101085,11,NA,NA,NA
"real","BGR_CAF",-1.36169567035114,2.76009313729031,22,NA,NA,NA
"real","BGR_COG",-1.41592878777576,2.71912570648879,26,NA,NA,NA
"real","BGR_DMA",-1.70505554031131,3.00026388548943,13,NA,NA,NA
"real","BGR_GAB",-0.362981863099432,0.768539893564036,26,NA,NA,NA
"real","BGR_JAM",-0.33956132500911,1.39792911190838,12,NA,NA,NA
"real","BGR_KNA",-3.5796349585562,6.97767599596845,9,NA,NA,NA
"real","BGR_TWN",-0.558033270530553,4.83648193766643,26,NA,NA,NA
"real","BGR_VCT",-1.08950022272502,4.32553344755731,13,NA,NA,NA
"real","BHR_BDI",-1.79948623349123,7.96983106448692,11,NA,NA,NA
"real","BHR_BOL",-2.91624403473565,12.2143156015669,20,NA,NA,NA
"real","BHR_CZE",-2.00003964140277,4.48781437847532,26,NA,NA,NA
"real","BHR_GTM",-3.60100004700721,11.577178704147,11,NA,NA,NA
"real","BHR_HRV",-1.67338687207789,5.94433704465495,23,NA,NA,NA
"real","BHR_MUS",-2.16242144387273,9.12317518407395,27,NA,NA,NA
"real","BHR_NOR",-0.0882289219319592,0.29715878955793,20,NA,NA,NA
"real","BHS_ARG",-0.713701681477223,1.18329611787712,27,NA,NA,NA
"real","BHS_BOL",-0.725008338903532,4.09755709870236,26,NA,NA,NA
"real","BHS_CHN",-2.59766608103845,10.1900309500361,25,NA,NA,NA
"real","BHS_GTM",-2.36046574261316,9.99402806671625,27,NA,NA,NA
"real","BHS_HRV",-1.72705481607232,5.56791820988252,19,NA,NA,NA
"real","BHS_MAR",-3.70205739724065,13.8397752446663,24,NA,NA,NA
"real","BHS_NIC",-3.78277019827448,21.4657184300306,20,NA,NA,NA
"real","BHS_NOR",-1.36157210440039,5.40634401274392,27,NA,NA,NA
"real","BHS_ROU",-1.45012244662644,4.34024738147072,14,NA,NA,NA
"real","BIH_ARE",-0.561525910117101,1.69987905911631,18,NA,NA,NA
"real","BIH_BOL",-2.3548149153727,9.15884176150576,26,NA,NA,NA
"real","BIH_CHN",-0.900012709839385,1.96045685621189,24,NA,NA,NA
"real","BIH_CZE",-0.359206404234547,0.583838605424254,14,NA,NA,NA
"real","BIH_FIN",-0.600635882053254,2.18025576209708,13,NA,NA,NA
"real","BIH_GBR",-0.353731087742236,0.336201152130145,14,NA,NA,NA
"real","BIH_HUN",-1.18467804474674,0.893825072124791,14,NA,NA,NA
"real","BIH_LKA",-2.51577083558225,13.1948340922598,16,NA,NA,NA
"real","BIH_NOR",-0.56497034616879,0.477729986199423,21,NA,NA,NA
"real","BIH_SAU",-1.31465073404669,1.90394786948249,26,NA,NA,NA
"real","BLR_BRA",-0.685915010336622,1.51041318925586,27,NA,NA,NA
"real","BLR_CAN",-0.400215588350156,0.489423734526083,27,NA,NA,NA
"real","BLR_CZE",0.146563524676986,0.106914671108746,27,NA,NA,NA
"real","BLR_FRA",-0.381550855936914,1.41112722076015,27,NA,NA,NA
"real","BLR_GBR",-1.04137595121699,1.26261156786886,27,NA,NA,NA
"real","BLR_HUN",0.209030318581794,0.364942992778386,27,NA,NA,NA
"real","BLR_IND",-0.575239200735197,2.18526035528307,27,NA,NA,NA
"real","BLR_ISL",-0.637174469502278,1.63387322275676,27,NA,NA,NA
"real","BLR_JAM",-2.88564162846288,8.14398696870304,14,NA,NA,NA
"real","BLR_KOR",-0.027456419951238,0.482851623738034,27,NA,NA,NA
"real","BLR_MAR",-1.18392209115947,3.40173912209468,27,NA,NA,NA
"real","BLR_MYS",-0.356612216645586,0.880609458955666,27,NA,NA,NA
"real","BLR_NOR",-0.420679610739452,0.65431045663901,27,NA,NA,NA
"real","BLR_NZL",-1.67851674385061,3.65354307263869,27,NA,NA,NA
"real","BLR_THA",-1.44290410051236,4.48365014560209,27,NA,NA,NA
"real","BLZ_BRA",-0.359189256328729,2.89020461500105,24,NA,NA,NA
"real","BLZ_CRI",-1.58544010489771,2.73823285773864,27,NA,NA,NA
"real","BLZ_CZE",-1.4798861042129,4.90600089641253,12,NA,NA,NA
"real","BLZ_NIC",-0.856908785290418,2.90612409028298,27,NA,NA,NA
"real","BLZ_PER",-2.23127596252734,9.10712031733244,22,NA,NA,NA
"real","BLZ_POL",-1.73515104150369,7.22495705962008,10,NA,NA,NA
"real","BMU_ARE",-0.862424664622357,11.6667187960289,9,NA,NA,NA
"real","BMU_CZE",0.816555616606181,13.9525836689609,10,NA,NA,NA
"real","BMU_DMA",-0.601639038887414,17.1582390781168,9,NA,NA,NA
"real","BMU_ECU",0.388937178282079,18.9103831346825,19,NA,NA,NA
"real","BMU_GTM",-0.848741012503345,9.88335492579205,17,NA,NA,NA
"real","BMU_HRV",-0.10253152622505,11.3982654378885,19,NA,NA,NA
"real","BMU_LKA",-3.62670342772592,21.5122630362414,11,NA,NA,NA
"real","BMU_NOR",-3.48466060887554,24.8988558917755,27,NA,NA,NA
"real","BMU_TUN",-0.0669020673324991,10.7994845549668,18,NA,NA,NA
"real","BOL_ABW",-4.89476135593691,9.31721673657712,12,NA,NA,NA
"real","BOL_CZE",0.275399916786972,1.37881224267243,27,NA,NA,NA
"real","BOL_DOM",-0.124645805674449,1.34752413821354,27,NA,NA,NA
"real","BOL_HND",-0.410509293200758,1.99934014103614,26,NA,NA,NA
"real","BOL_MUS",-1.64196384553253,3.35565992011179,21,NA,NA,NA
"real","BRA_CZE",0.196727613731316,0.158645396199537,27,NA,NA,NA
"real","BRA_ESH",-1.05607476271783,26.338614801102,8,NA,NA,NA
"real","BRA_EST",-0.050418187167561,0.168183067205943,27,NA,NA,NA
"real","BRA_ETH",-0.25228792914482,0.489529781343464,27,NA,NA,NA
"real","BRA_SHN",-0.989810093977503,2.26933911281932,15,NA,NA,NA
"real","BRA_SVK",0.190261308333862,0.380693764480372,27,NA,NA,NA
"real","BRA_WLF",-1.93384045511565,5.07509249151709,18,NA,NA,NA
"real","BRB_ARG",-1.52165973187537,8.18035301812356,27,NA,NA,NA
"real","BRB_BOL",-1.6405829448519,6.5344438661507,22,NA,NA,NA
"real","BRB_CHN",-1.65875915450183,4.90993866785233,26,NA,NA,NA
"real","BRB_COG",-0.620762321631795,3.50918138900853,9,NA,NA,NA
"real","BRB_CYP",-0.895003187201265,4.38814461842805,11,NA,NA,NA
"real","BRB_CZE",-3.07528446859597,5.90118862055186,14,NA,NA,NA
"real","BRB_DOM",-1.12770385926104,7.06322833675822,27,NA,NA,NA
"real","BRB_GIN",-1.504961238894,7.20859387494473,20,NA,NA,NA
"real","BRB_HND",-2.75734810378166,7.07856058914433,26,NA,NA,NA
"real","BRB_HRV",-0.164332670589972,0.714883107106111,15,NA,NA,NA
"real","BRB_IDN",-1.23007744956532,4.14182459609837,24,NA,NA,NA
"real","BRB_MAR",-0.412845453204919,3.06117802303933,21,NA,NA,NA
"real","BRB_NAM",-0.712402033170227,5.16281164771597,21,NA,NA,NA
"real","BRB_NIC",-2.40495821005659,8.191167365153,24,NA,NA,NA
"real","BRB_NOR",-2.00667124138632,3.60019020609107,27,NA,NA,NA
"real","BRB_SGP",-0.805916216781023,4.00992749951605,27,NA,NA,NA
"real","BRN_ARE",-0.460380368715525,2.56325990989366,21,NA,NA,NA
"real","BRN_COL",-1.52138176332095,4.38077112005323,26,NA,NA,NA
"real","BRN_CZE",-1.57757134321329,4.81189907679527,26,NA,NA,NA
"real","BRN_MAC",-2.03435854898916,5.8662635496413,17,NA,NA,NA
"real","BTN_ARG",-1.17943858006455,2.56764943656821,9,NA,NA,NA
"real","BTN_CHN",-0.452819187081807,4.81143076010023,24,NA,NA,NA
"real","BTN_COL",-0.53674015762975,3.45992955232568,26,NA,NA,NA
"real","BTN_GBR",-0.795438335202149,4.30633750646043,27,NA,NA,NA
"real","BTN_HUN",-1.8202755690663,14.8695145308626,12,NA,NA,NA
"real","BTN_RUS",-2.81113845393289,9.2454032550952,12,NA,NA,NA
"real","BWA_BOL",-1.80722882327786,25.9141394092726,9,NA,NA,NA
"real","BWA_CYP",-2.27514253063023,16.9036560912467,11,NA,NA,NA
"real","BWA_NOR",-1.06490636340732,4.32619956276457,11,NA,NA,NA
"real","CAF_AUS",-1.25386201731041,3.52460966274628,20,NA,NA,NA
"real","CAF_BEN",-4.54098107323281,6.04468289654519,19,NA,NA,NA
"real","CAF_CIV",-1.91156175389838,4.75016061253241,26,NA,NA,NA
"real","CAF_COD",-1.25441363402044,6.22641945591589,26,NA,NA,NA
"real","CAF_COL",-2.09412953737678,5.32520683311836,22,NA,NA,NA
"real","CAF_CZE",-1.07256733711482,3.44419764669479,27,NA,NA,NA
"real","CAF_GIN",-0.218482807960209,1.26046890717306,11,NA,NA,NA
"real","CAF_HRV",-1.6778352247982,3.07977133802698,21,NA,NA,NA
"real","CAF_LKA",-1.34070339894397,2.50532322285925,9,NA,NA,NA
"real","CAF_MEX",-0.88746809609884,4.48322234102282,25,NA,NA,NA
"real","CAF_MLI",-1.14369716011961,4.35952983084858,13,NA,NA,NA
"real","CAF_MRT",-2.26210841451,9.44830813867337,17,NA,NA,NA
"real","CAF_MUS",-1.76536496817392,4.52947078866445,19,NA,NA,NA
"real","CAF_NGA",-1.76106582415006,3.7792140706425,27,NA,NA,NA
"real","CAF_SDN",-0.85778589684963,2.91547168160937,26,NA,NA,NA
"real","CAF_TGO",-1.53953070543434,3.87920789952097,16,NA,NA,NA
"real","CAN_ARM",-0.599657915324413,1.26176189315925,27,NA,NA,NA
"real","CAN_AZE",-0.930755258734933,1.7984031689343,27,NA,NA,NA
"real","CAN_BLR",-0.325708119721207,0.594002732478349,27,NA,NA,NA
"real","CAN_CCK",-0.858835478989384,1.98788889492266,21,NA,NA,NA
"real","CAN_CZE",0.00616864321770408,0.0996418963977733,23,NA,NA,NA
"real","CAN_EST",-0.0792697575236146,0.267758347887114,23,NA,NA,NA
"real","CAN_ETH",-0.101061738619267,0.235326686742857,27,NA,NA,NA
"real","CAN_GEO",-0.23166459356152,0.681908524501718,26,NA,NA,NA
"real","CAN_KAZ",-0.360806966654251,0.643487006539458,27,NA,NA,NA
"real","CAN_KGZ",-0.133068470906574,1.12484380561408,27,NA,NA,NA
"real","CAN_LVA",-0.239905539599291,0.304151647809572,23,NA,NA,NA
"real","CAN_MDA",-0.149331081374239,0.155490434520104,27,NA,NA,NA
"real","CAN_NIU",0.435011634970259,3.42178590421745,17,NA,NA,NA
"real","CAN_UKR",-0.194371318976902,0.179725554127491,23,NA,NA,NA
"real","CAN_UZB",-0.13650694402991,0.881178797326951,27,NA,NA,NA
"real","CCK_KOR",-0.489111441152354,3.08955641495731,25,NA,NA,NA
"real","CHE_ETH",0.351647473249425,0.383142463164822,27,NA,NA,NA
"real","CHL_AFG",-0.982084326964952,5.01652854310045,11,NA,NA,NA
"real","CHL_CAF",-1.18617977105919,2.32184144099938,16,NA,NA,NA
"real","CHL_COG",-0.492089437624395,1.47218745979711,22,NA,NA,NA
"real","CHL_CZE",-0.0287939528590732,0.0962347249437384,10,NA,NA,NA
"real","CHL_ETH",-0.415237806382918,1.29460029180015,26,NA,NA,NA
"real","CHL_KNA",-0.509058054980005,1.8646914755526,26,NA,NA,NA
"real","CHN_BIH",-1.60798848461113,5.65062181380693,27,NA,NA,NA
"real","CHN_CZE",-0.370718944840398,0.257186731684785,27,NA,NA,NA
"real","CHN_ETH",-0.391161673419104,0.246571442501109,27,NA,NA,NA
"real","CHN_MKD",-0.63081346123801,0.972726853286422,27,NA,NA,NA
"real","CHN_NAM",-1.26518350532769,6.77734016904195,25,NA,NA,NA
"real","CHN_SVK",-0.387693622809123,0.246762553835922,27,NA,NA,NA
"real","CIV_CAF",-0.167137706773356,0.310964379550676,27,NA,NA,NA
"real","CIV_COG",-0.149263147784147,1.05885752160724,27,NA,NA,NA
"real","CIV_CZE",0.159804412532773,0.418710798023312,22,NA,NA,NA
"real","CIV_GAB",-0.951498403742456,0.704555961972171,27,NA,NA,NA
"real","CIV_MUS",-0.416931401941687,0.889569249774461,27,NA,NA,NA
"real","CIV_NIC",-0.424677269052469,1.67755509116938,19,NA,NA,NA
"real","CMR_ARE",-3.01073352838657,9.23623023424271,24,NA,NA,NA
"real","CMR_BDI",-0.784937029649997,2.46744492723026,19,NA,NA,NA
"real","CMR_BRB",-1.77171048152811,6.24925656238785,24,NA,NA,NA
"real","CMR_CZE",-0.229947565641045,1.13835060161893,20,NA,NA,NA
"real","COD_CAF",-2.0505708370168,5.13789179968313,26,NA,NA,NA
"real","COD_COG",-1.09769770806693,3.16485458246235,17,NA,NA,NA
"real","COD_CZE",0.0296612986330151,1.76640526006896,27,NA,NA,NA
"real","COD_GAB",-1.37615986215618,3.19347293558145,19,NA,NA,NA
"real","COD_NOR",-3.27666159880177,14.358324617023,26,NA,NA,NA
"real","COD_SAU",-3.5562811130634,14.0576573252589,24,NA,NA,NA
"real","COG_AGO",-0.377985849554228,1.38882426604031,17,NA,NA,NA
"real","COG_ARG",-1.39277914493001,5.4968764757071,26,NA,NA,NA
"real","COG_BDI",-0.993258670278094,5.86398247217399,19,NA,NA,NA
"real","COG_BEN",-1.74429203220247,3.13863109247561,25,NA,NA,NA
"real","COG_CIV",-1.97864520763049,8.17355816520946,27,NA,NA,NA
"real","COG_COD",-0.087369512190058,0.698173810951446,16,NA,NA,NA
"real","COG_COL",-4.0368714340467,8.55451809678117,21,NA,NA,NA
"real","COG_CZE",-0.158847247055436,0.960507768169939,27,NA,NA,NA
"real","COG_GBR",-0.702625884373703,1.12677028549276,27,NA,NA,NA
"real","COG_GIN",-1.64450235415664,5.85541444101066,20,NA,NA,NA
"real","COG_IRL",-1.23004801265389,2.26482681065457,27,NA,NA,NA
"real","COG_ISR",-2.85906185837505,8.99422498193093,22,NA,NA,NA
"real","COG_LBN",-1.09525836496487,2.26610314640745,25,NA,NA,NA
"real","COG_MAR",-0.00876852831201832,0.785254389575625,27,NA,NA,NA
"real","COG_MLI",-0.902530655010432,2.98895330462371,22,NA,NA,NA
"real","COG_MUS",-0.191308091717445,0.47204715503902,27,NA,NA,NA
"real","COG_NER",-1.24703339670069,3.37032994138711,20,NA,NA,NA
"real","COG_NGA",-2.22597542448098,5.6171406843731,25,NA,NA,NA
"real","COG_NOR",-0.442491950644181,1.08026822747231,27,NA,NA,NA
"real","COG_RUS",-0.402788441470289,1.94551865688415,25,NA,NA,NA
"real","COG_TGO",-4.33831123408471,6.85623534734793,26,NA,NA,NA
"real","COG_TTO",-1.75064381427823,11.7182293720203,15,NA,NA,NA
"real","COG_TZA",-1.39038533081895,3.12124959626499,24,NA,NA,NA
"real","COG_ZWE",-0.376068910533085,1.95742164319033,19,NA,NA,NA
"real","COK_CZE",-0.158962748039955,1.74920247348604,23,NA,NA,NA
"real","COK_GBR",-0.234916881332678,2.01658038749388,27,NA,NA,NA
"real","COK_LKA",-1.54754833387184,7.81584832867208,11,NA,NA,NA
"real","COL_AND",-1.05449424498103,2.93147033871234,26,NA,NA,NA
"real","COL_COG",-0.0462486667196193,1.81281266117357,26,NA,NA,NA
"real","COL_COM",-0.716275940296306,2.67505491900417,13,NA,NA,NA
"real","COL_CZE",0.20155795414579,2.2991438752114,19,NA,NA,NA
"real","COL_EST",-0.258815395433123,1.18975757832595,19,NA,NA,NA
"real","COL_ETH",-0.828899388203046,2.64818565918697,22,NA,NA,NA
"real","COL_GAB",-1.69644806097372,2.19206359750048,26,NA,NA,NA
"real","COL_LTU",-0.743320539703963,1.66065899523529,19,NA,NA,NA
"real","COL_MRT",-1.52600084973485,10.229770885657,18,NA,NA,NA
"real","COL_SVK",0.236183100194518,1.55509953706415,19,NA,NA,NA
"real","COL_TON",-1.59987146906606,8.87155093204406,9,NA,NA,NA
"real","COL_UKR",-0.424989698840437,1.7536769124332,26,NA,NA,NA
"real","COL_UZB",-0.392279448387977,2.99556629146223,16,NA,NA,NA
"real","COL_ZMB",-0.352100869672992,1.77865078947551,22,NA,NA,NA
"real","COM_COL",-0.915267558417589,3.89189181561198,16,NA,NA,NA
"real","COM_NZL",-0.892015731192157,4.59586577053297,12,NA,NA,NA
"real","COM_THA",-1.36121431192073,3.33310406994512,22,NA,NA,NA
"real","CPV_DZA",-1.33926004674827,8.31486119868111,19,NA,NA,NA
"real","CPV_GBR",-0.578948085125816,3.78600681649975,27,NA,NA,NA
"real","CPV_IRL",-1.8841469806376,10.9014620055483,24,NA,NA,NA
"real","CPV_NIC",-1.42128199247231,9.66644474964389,16,NA,NA,NA
"real","CRI_CZE",-0.0441432814698461,0.835082698672776,19,NA,NA,NA
"real","CRI_GAB",-1.66198498216044,6.8382005332558,12,NA,NA,NA
"real","CRI_KNA",-0.25819022585331,1.03828314223625,27,NA,NA,NA
"real","CRI_MAC",-0.0479595547997731,1.04858703654498,22,NA,NA,NA
"real","CRI_PHL",-0.83607864991113,3.8074225535025,27,NA,NA,NA
"real","CRI_SUR",-0.415488194779295,1.88564706066246,27,NA,NA,NA
"real","CRI_VCT",-0.175705060767275,0.699055519634081,27,NA,NA,NA
"real","CUB_BLZ",-4.46496505597612,17.5880920352958,23,NA,NA,NA
"real","CUB_CZE",-0.407348548894674,0.796216586675469,27,NA,NA,NA
"real","CUB_GAB",-0.709773819873439,2.305071879532,9,NA,NA,NA
"real","CUB_GRD",-2.07693310656578,6.53904287019889,25,NA,NA,NA
"real","CUB_GTM",-0.491055258208414,0.838368691570648,27,NA,NA,NA
"real","CUB_VCT",-1.0713710266422,3.55207157721845,18,NA,NA,NA
"real","CYM_CZE",-1.82081153870393,7.31290768975497,8,NA,NA,NA
"real","CYM_KNA",-1.39553243588104,6.70672176786284,18,NA,NA,NA
"real","CYM_MDG",-0.46147667920456,4.24631471514369,8,NA,NA,NA
"real","CYM_MUS",-0.911775366556295,5.60196359760128,14,NA,NA,NA
"real","CYM_NIC",-1.03142791907619,8.80288957104796,16,NA,NA,NA
"real","CYP_BLZ",-1.05240094086217,6.95731120276852,9,NA,NA,NA
"real","CYP_CRI",-0.671294937014205,4.27126464814798,19,NA,NA,NA
"real","CYP_CZE",-0.0964119534064746,0.42036179104862,10,NA,NA,NA
"real","CYP_EST",-0.174537825750743,0.453183983379797,10,NA,NA,NA
"real","CYP_ETH",0.0937723871173404,0.484686052030282,27,NA,NA,NA
"real","CYP_GEO",0.403125035654931,1.73625529913962,20,NA,NA,NA
"real","CYP_KNA",-0.866088666489564,5.37687720467396,9,NA,NA,NA
"real","CYP_LTU",-1.01003739136723,1.2327569830219,10,NA,NA,NA
"real","CYP_LVA",-0.300444226349569,0.718532420166302,10,NA,NA,NA
"real","CYP_TKM",-0.175388080073717,6.66675247788025,19,NA,NA,NA
"real","CYP_UKR",0.115146836979838,1.51696033646887,20,NA,NA,NA
"real","CYP_URY",-0.284387813890973,2.13976921073344,27,NA,NA,NA
"real","CYP_VCT",-0.766184956533336,1.6966949456742,10,NA,NA,NA
"real","CYP_ZAF",-2.29838924136707,4.37839073031165,8,NA,NA,NA
"real","CZE_AFG",-0.0425484546799768,0.480082557309113,26,NA,NA,NA
"real","CZE_AGO",-0.407906271807344,0.836746437138952,26,NA,NA,NA
"real","CZE_ALB",-0.0946317788138229,0.103543956599467,12,NA,NA,NA
"real","CZE_AND",-0.274940099243036,0.73542511419413,10,NA,NA,NA
"real","CZE_ANT",-0.22470972761896,0.706144985652354,9,NA,NA,NA
"real","CZE_ARE",-0.220112096825483,2.0715743017101,27,NA,NA,NA
"real","CZE_ARG",-0.220846637684253,0.279919161644536,27,NA,NA,NA
"real","CZE_ARM",-0.0576842701758762,1.00928764395543,24,NA,NA,NA
"real","CZE_ATG",-0.702914701024238,3.18971992965433,12,NA,NA,NA
"real","CZE_AUS",-0.208553099962265,0.090572306050003,27,NA,NA,NA
"real","CZE_AZE",-0.101672015554157,0.346974651211251,27,NA,NA,NA
"real","CZE_BDI",-0.200268946190924,3.0281808494502,27,NA,NA,NA
"real","CZE_BEN",-0.172289341594649,0.409949322656869,26,NA,NA,NA
"real","CZE_BFA",-0.155954485059695,0.351407825444451,27,NA,NA,NA
"real","CZE_BGD",0.0517880486410495,0.220078932178834,27,NA,NA,NA
"real","CZE_BHR",-0.620296260371023,0.910145174566408,27,NA,NA,NA
"real","CZE_BIH",-0.207373657492283,0.465026361985259,14,NA,NA,NA
"real","CZE_BLR",-0.0298786855129084,0.935303873015634,27,NA,NA,NA
"real","CZE_BLZ",-0.565713304297583,1.39434221367789,14,NA,NA,NA
"real","CZE_BMU",-0.480207761928037,1.32821351922623,10,NA,NA,NA
"real","CZE_BOL",-0.0150381246106443,0.324509474137117,27,NA,NA,NA
"real","CZE_BRA",-0.184202025169071,0.158532064940048,27,NA,NA,NA
"real","CZE_BRB",-0.318706466243481,1.76714180548462,14,NA,NA,NA
"real","CZE_BRN",-1.2733011749195,1.74112836436191,27,NA,NA,NA
"real","CZE_BTN",-0.712095336204068,3.37524905703834,18,NA,NA,NA
"real","CZE_CAF",-0.302974316833792,1.88286338585431,25,NA,NA,NA
"real","CZE_CAN",-0.0694114602701255,0.0334275510696023,23,NA,NA,NA
"real","CZE_CHL",-0.564366266479571,2.83267068648561,10,NA,NA,NA
"real","CZE_CHN",-0.241903787709041,0.245158518442044,27,NA,NA,NA
"real","CZE_CIV",-0.0607125164385077,0.142727273699179,22,NA,NA,NA
"real","CZE_CMR",-0.153108336213114,0.400197893491172,20,NA,NA,NA
"real","CZE_COD",-0.0834467273907922,0.85572090268768,26,NA,NA,NA
"real","CZE_COG",0.0296636309128496,0.820637307872638,26,NA,NA,NA
"real","CZE_COK",-0.475761747674082,1.54897583216916,16,NA,NA,NA
"real","CZE_COL",0.174471546295087,0.36520382488722,19,NA,NA,NA
"real","CZE_COM",-0.406706157826858,3.0570823712978,20,NA,NA,NA
"real","CZE_CPV",-0.572924720867941,1.37571940559682,26,NA,NA,NA
"real","CZE_CRI",0.20226936225193,0.700568754963678,19,NA,NA,NA
"real","CZE_CUB",-0.34151167539821,2.29627058643262,27,NA,NA,NA
"real","CZE_CYP",-0.00318552185899037,0.136450254457722,10,NA,NA,NA
"real","CZE_DJI",-0.172534932339428,2.31305106259623,26,NA,NA,NA
"real","CZE_DMA",-1.09959031826252,3.78096023280318,12,NA,NA,NA
"real","CZE_DOM",-0.322359760636272,1.19170924264094,13,NA,NA,NA
"real","CZE_DZA",-0.118527820418461,0.244216976343548,10,NA,NA,NA
"real","CZE_ECU",0.225963045893075,0.732687469421355,23,NA,NA,NA
"real","CZE_EGY",-0.0125087999943128,0.0596887387089671,10,NA,NA,NA
"real","CZE_ERI",-1.56999960859905,5.78641808368734,24,NA,NA,NA
"real","CZE_FJI",-0.185849196786725,0.96179289472734,14,NA,NA,NA
"real","CZE_FRO",0.0551819664798712,0.218080799384748,10,NA,NA,NA
"real","CZE_GAB",-0.487286428836914,0.816924228096611,27,NA,NA,NA
"real","CZE_GEO",-0.214343343981634,0.650362393806702,20,NA,NA,NA
"real","CZE_GHA",0.128808449092326,0.329372604465709,22,NA,NA,NA
"real","CZE_GIB",-0.57655392257655,4.79407348111141,26,NA,NA,NA
"real","CZE_GIN",0.111795748951593,1.32789375985118,27,NA,NA,NA
"real","CZE_GMB",-0.332596619951699,1.05514148065794,27,NA,NA,NA
"real","CZE_GRD",-0.622471215717459,2.06786519319335,14,NA,NA,NA
"real","CZE_GTM",0.0908351717461004,0.311446764343156,19,NA,NA,NA
"real","CZE_GUY",-0.297505090772125,0.839161624980377,14,NA,NA,NA
"real","CZE_HND",-0.0174099630414725,0.427737175118912,19,NA,NA,NA
"real","CZE_HRV",-0.0113912220655071,0.0394454608350557,9,NA,NA,NA
"real","CZE_HTI",-0.367001624135042,4.24512849251437,26,NA,NA,NA
"real","CZE_IDN",-0.132860239194327,0.138976638938824,27,NA,NA,NA
"real","CZE_IND",0.11137374511575,0.129549661469627,27,NA,NA,NA
"real","CZE_IRN",0.138467531710084,0.797406108922702,27,NA,NA,NA
"real","CZE_IRQ",-1.2142991576577,4.71797733297532,26,NA,NA,NA
"real","CZE_JAM",-0.354944934868222,1.54534755637439,14,NA,NA,NA
"real","CZE_JOR",-0.0376041320343774,0.0592871779835177,10,NA,NA,NA
"real","CZE_JPN",-0.154203623973676,0.0831485968940423,25,NA,NA,NA
"real","CZE_KAZ",0.0511085276151836,1.46206613235188,27,NA,NA,NA
"real","CZE_KEN",-0.0716528689152809,0.269200692974643,27,NA,NA,NA
"real","CZE_KGZ",0.0327484503233982,0.488430122297253,26,NA,NA,NA
"real","CZE_KHM",-1.20088153720094,2.7615180842268,26,NA,NA,NA
"real","CZE_KNA",-0.617732798207052,2.99787305065733,13,NA,NA,NA
"real","CZE_KOR",-0.111523172218933,0.0677340789040627,17,NA,NA,NA
"real","CZE_KWT",-0.377581735337096,2.4682713343327,27,NA,NA,NA
"real","CZE_LBN",0.0155089359693702,0.109073817917013,10,NA,NA,NA
"real","CZE_LBR",-0.642037763561995,2.56561633070209,26,NA,NA,NA
"real","CZE_LBY",-0.355685283739018,0.692448956773497,26,NA,NA,NA
"real","CZE_LCA",-0.288211325943258,2.39632809064844,12,NA,NA,NA
"real","CZE_LKA",-0.0902091978403294,0.215610711544204,26,NA,NA,NA
"real","CZE_MAC",-0.491218909574227,1.98862885372469,27,NA,NA,NA
"real","CZE_MAR",-0.0597946196170549,0.17124962495692,10,NA,NA,NA
"real","CZE_MDA",-0.230843723616101,0.93684130507337,20,NA,NA,NA
"real","CZE_MDG",0.136143073655664,0.915042364310595,18,NA,NA,NA
"real","CZE_MEX",0.124577652828925,0.210833553238351,10,NA,NA,NA
"real","CZE_MLI",-0.857552202194703,1.74317564113501,27,NA,NA,NA
"real","CZE_MLT",0.0315450492977915,0.393068552419436,10,NA,NA,NA
"real","CZE_MMR",-0.276174447896596,1.53484543632119,27,NA,NA,NA
"real","CZE_MNG",0.471873017674329,0.954239519951959,27,NA,NA,NA
"real","CZE_MOZ",-0.458381154862842,0.885074599915611,21,NA,NA,NA
"real","CZE_MRT",-0.308775767942262,1.34699553587301,26,NA,NA,NA
"real","CZE_MUS",-0.406399761254385,0.793066313993413,18,NA,NA,NA
"real","CZE_MWI",-1.16630658739094,2.46083511832703,25,NA,NA,NA
"real","CZE_MYS",-0.315131438377679,0.289815393143893,27,NA,NA,NA
"real","CZE_NER",-0.0475722047790133,0.839135550569666,27,NA,NA,NA
"real","CZE_NGA",0.0466073154452536,0.296837762832978,27,NA,NA,NA
"real","CZE_NIC",-0.117110406414231,0.489074102588309,19,NA,NA,NA
"real","CZE_NPL",-0.0498144307863229,0.187169466085242,26,NA,NA,NA
"real","CZE_NZL",-0.345228315780931,0.199829541259112,27,NA,NA,NA
"real","CZE_OMN",-0.699475476579997,0.878587136245283,27,NA,NA,NA
"real","CZE_PAK",0.0946889839476831,0.489904498404791,27,NA,NA,NA
"real","CZE_PAN",-0.0609824271585433,0.1085541824835,18,NA,NA,NA
"real","CZE_PER",0.101716355679605,0.239072020187456,19,NA,NA,NA
"real","CZE_PHL",-0.36604528871793,0.503896836638707,27,NA,NA,NA
"real","CZE_PNG",-0.525353040113211,2.8258125900964,12,NA,NA,NA
"real","CZE_PRK",-1.92455051779877,9.24216043664414,26,NA,NA,NA
"real","CZE_PRY",0.114100122658312,0.437711239573827,27,NA,NA,NA
"real","CZE_PYF",-0.678904932650921,1.53676934884703,9,NA,NA,NA
"real","CZE_QAT",-0.825130903291279,1.74151319217106,27,NA,NA,NA
"real","CZE_RUS",0.135215702084393,0.0387753478056216,27,NA,NA,NA
"real","CZE_RWA",-0.827559578701349,1.9795905697832,27,NA,NA,NA
"real","CZE_SAU",-0.217878599266351,0.126102672750833,26,NA,NA,NA
"real","CZE_SDN",0.0557606303818484,0.688012471810859,27,NA,NA,NA
"real","CZE_SEN",0.166418854626071,0.223358724708996,27,NA,NA,NA
"real","CZE_SGP",0.0405577473133269,0.071791067548916,25,NA,NA,NA
"real","CZE_SLB",-0.336331160383386,3.18166135844693,10,NA,NA,NA
"real","CZE_SLE",-0.230760837062303,3.07262952468008,27,NA,NA,NA
"real","CZE_SLV",-0.762309900155864,3.21324281555668,19,NA,NA,NA
"real","CZE_SOM",-0.0483301505425551,3.79424698842093,22,NA,NA,NA
"real","CZE_STP",-2.06576395777574,9.38414255263242,14,NA,NA,NA
"real","CZE_SUR",-1.02464097301625,2.73848230479474,14,NA,NA,NA
"real","CZE_SYC",-1.33118599848843,3.31581516661656,18,NA,NA,NA
"real","CZE_SYR",0.0899190705567197,0.18353494332494,9,NA,NA,NA
"real","CZE_TGO",-0.199504512240527,0.612268849799095,27,NA,NA,NA
"real","CZE_THA",0.066315486763867,0.295622312478525,27,NA,NA,NA
"real","CZE_TJK",0.430765664358536,0.758476330738797,26,NA,NA,NA
"real","CZE_TKL",-1.92390314094976,4.19207923247076,10,NA,NA,NA
"real","CZE_TKM",0.229951080315522,0.607299389849773,26,NA,NA,NA
"real","CZE_TTO",-0.164175217120226,1.40997969534657,13,NA,NA,NA
"real","CZE_TUN",-0.115438675375962,0.276553158159031,10,NA,NA,NA
"real","CZE_TUV",0.41539883603277,12.2499591034344,9,NA,NA,NA
"real","CZE_TWN",-0.070035986713058,0.112261620056947,27,NA,NA,NA
"real","CZE_TZA",-0.0307156865899243,0.567086449347619,27,NA,NA,NA
"real","CZE_UGA",-0.428552530711676,0.622265305347284,27,NA,NA,NA
"real","CZE_UKR",0.182180834779845,0.0760355558133802,20,NA,NA,NA
"real","CZE_URY",-0.261179980707229,0.411789827832194,27,NA,NA,NA
"real","CZE_USA",-0.125563902133934,0.0826729063231152,27,NA,NA,NA
"real","CZE_UZB",0.204821579211351,0.186720035408543,26,NA,NA,NA
"real","CZE_VCT",-1.32305611877062,5.12472455155142,14,NA,NA,NA
"real","CZE_VEN",0.0333759448535339,0.305459699033059,27,NA,NA,NA
"real","CZE_VGB",-0.275211241383107,0.81521017153675,12,NA,NA,NA
"real","CZE_VNM",0.176808516060585,0.953026154169997,27,NA,NA,NA
"real","CZE_WSM",-2.83428164424258,9.12479988285296,19,NA,NA,NA
"real","CZE_YEM",-0.125125804673191,1.57217763319692,26,NA,NA,NA
"real","CZE_ZMB",-0.143970823117492,0.48513124382978,27,NA,NA,NA
"real","CZE_ZWE",-0.127415038488775,0.558128340347167,17,NA,NA,NA
"real","DEU_ETH",0.219815325944054,0.208757960222713,27,NA,NA,NA
"real","DJI_IRL",0.040068340840008,2.39837425946413,27,NA,NA,NA
"real","DJI_SVN",-1.14747901855538,3.81021963908301,22,NA,NA,NA
"real","DMA_AIA",-0.183401442911139,4.73284895045616,18,NA,NA,NA
"real","DMA_ANT",-0.833780580682295,4.13225328900866,17,NA,NA,NA
"real","DMA_AUS",-0.926470704762833,2.71326603369388,26,NA,NA,NA
"real","DMA_BDI",-0.278454155308928,1.87243189330731,19,NA,NA,NA
"real","DMA_COL",-1.51647203454401,4.34039200274974,27,NA,NA,NA
"real","DMA_CUB",-1.05316857979186,4.76565889513994,12,NA,NA,NA
"real","DMA_CZE",-1.04729095140406,4.40965728166857,14,NA,NA,NA
"real","DMA_MKD",-1.12362961213424,3.0430347857855,15,NA,NA,NA
"real","DMA_NIC",-0.568999162976791,2.31554044092139,25,NA,NA,NA
"real","DMA_ROU",-0.714602997570122,2.2555673374034,10,NA,NA,NA
"real","DMA_SVN",-0.989264400891107,1.75394099265495,13,NA,NA,NA
"real","DMA_VEN",-0.573408558836606,2.25347101222071,20,NA,NA,NA
"real","DMA_VGB",-0.0725683258195122,1.067931755132,17,NA,NA,NA
"real","DNK_ETH",0.346399210306286,0.576545405539736,27,NA,NA,NA
"real","DNK_FSM",-1.43297332693607,7.14595365903822,23,NA,NA,NA
"real","DNK_MHL",-2.34929854835578,7.64347911789355,24,NA,NA,NA
"real","DOM_ARG",-0.119968553331151,0.602652732702683,27,NA,NA,NA
"real","DOM_CZE",-0.182354713560686,0.370133259395006,14,NA,NA,NA
"real","DOM_DMA",-0.0688012439057265,0.605177966795317,26,NA,NA,NA
"real","DOM_ISL",0.0509907318998196,0.341344011630709,27,NA,NA,NA
"real","DOM_KNA",0.0989774240611747,0.441635000633624,26,NA,NA,NA
"real","DOM_NIC",-0.211874677770991,0.47948133529349,8,NA,NA,NA
"real","DOM_ROU",-0.718258503982353,2.02555574490127,13,NA,NA,NA
"real","DOM_VCT",-0.215975230517631,0.893188093849062,26,NA,NA,NA
"real","DZA_BHS",-1.08188762814641,6.16312988830286,15,NA,NA,NA
"real","DZA_CZE",-1.80034734204981,7.80279866331966,10,NA,NA,NA
"real","DZA_DOM",-2.29855044145246,10.1139896347931,20,NA,NA,NA
"real","DZA_HRV",-0.72247251313461,8.40662170727309,18,NA,NA,NA
"real","DZA_LBN",0.0270018775120216,0.660612186324898,15,NA,NA,NA
"real","DZA_PYF",-0.722420317150774,3.32749826858229,25,NA,NA,NA
"real","DZA_STP",-0.716490548218234,2.24273847094115,12,NA,NA,NA
"real","DZA_SVN",-0.666438949460678,6.72679658219756,10,NA,NA,NA
"real","DZA_TGO",-2.90373532894094,10.599670185516,24,NA,NA,NA
"real","DZA_UGA",-1.1794567405796,6.73007917712002,24,NA,NA,NA
"real","ECU_ARE",-1.59850183999739,3.07768059192228,24,NA,NA,NA
"real","ECU_BRN",-1.11373129936964,3.90633627748252,20,NA,NA,NA
"real","ECU_CZE",0.357492486912851,1.34276233505447,23,NA,NA,NA
"real","ECU_GRD",-0.806915417938909,2.98091001797448,26,NA,NA,NA
"real","ECU_MDG",-0.265733253469549,1.51578821828775,27,NA,NA,NA
"real","ECU_MUS",-0.738679918680399,1.74515672458435,26,NA,NA,NA
"real","EGY_CAF",-1.97341534650081,2.00387995550433,26,NA,NA,NA
"real","EGY_CZE",0.0299384627388135,0.0357143360076665,10,NA,NA,NA
"real","EGY_GAB",-0.831578887041245,1.50324756223911,27,NA,NA,NA
"real","EGY_GRD",-1.43621156250124,4.17736775648089,22,NA,NA,NA
"real","EGY_UKR",-0.270708875546309,1.37435455176603,27,NA,NA,NA
"real","ERI_CZE",-2.29120143255224,12.8581322105174,23,NA,NA,NA
"real","ERI_JPN",-0.994171006611778,5.66201448802797,25,NA,NA,NA
"real","ESP_AZE",-0.26216392876166,0.309034729278343,27,NA,NA,NA
"real","ESP_ETH",-0.074011325913577,0.153898188396658,27,NA,NA,NA
"real","ESP_KAZ",-0.398366592901403,0.416409918743205,27,NA,NA,NA
"real","ESP_TUV",-2.14956852481803,9.73310498324414,15,NA,NA,NA
"real","EST_BLZ",-0.94858638966779,4.7524785087602,13,NA,NA,NA
"real","EST_CAN",-0.199157247411936,0.376829595893653,23,NA,NA,NA
"real","EST_COL",-0.32880316582307,0.970403374795561,19,NA,NA,NA
"real","EST_CYP",-0.620663820816908,1.0787666691868,10,NA,NA,NA
"real","EST_EGY",-0.990900842521511,3.55382579099008,10,NA,NA,NA
"real","EST_HRV",-0.594031423387931,1.36921250689095,9,NA,NA,NA
"real","EST_IND",-0.892725478195473,1.63757597612311,27,NA,NA,NA
"real","EST_JAM",-0.578308242624199,3.96903795668919,13,NA,NA,NA
"real","EST_KOR",-0.0853864659930681,0.739433872471182,17,NA,NA,NA
"real","EST_LKA",-0.569381881666313,2.19412113584235,27,NA,NA,NA
"real","EST_NZL",-1.4231058446444,5.09531421714556,26,NA,NA,NA
"real","EST_PHL",-0.319121706584958,1.12017521515632,26,NA,NA,NA
"real","ETH_ARE",-0.554828173956661,1.33659862025338,24,NA,NA,NA
"real","ETH_AUS",-0.725620546490212,2.01777579989473,27,NA,NA,NA
"real","ETH_BGD",-0.867972339408268,2.34080224357372,25,NA,NA,NA
"real","ETH_CAN",-0.177534870799726,0.199324244952719,27,NA,NA,NA
"real","ETH_CHE",-0.986250782789567,4.32654700325214,27,NA,NA,NA
"real","ETH_CHN",-1.22261800897114,3.71778866554263,27,NA,NA,NA
"real","ETH_COG",-0.523058141270492,2.5068803851967,23,NA,NA,NA
"real","ETH_COL",-0.0604123103322383,1.78087837708087,27,NA,NA,NA
"real","ETH_DEU",-0.0818481663047841,0.222369159113907,27,NA,NA,NA
"real","ETH_DNK",0.0051296437889291,1.03329163925051,27,NA,NA,NA
"real","ETH_DZA",0.0129246041219724,1.6810593878271,25,NA,NA,NA
"real","ETH_ESP",-0.0594537078907427,0.198704634235415,27,NA,NA,NA
"real","ETH_FIN",-0.0166654548657453,0.233305921522359,27,NA,NA,NA
"real","ETH_GBR",0.142867428894416,0.26484760802984,27,NA,NA,NA
"real","ETH_GRC",-0.369522339068998,1.29293884337784,27,NA,NA,NA
"real","ETH_HRV",-0.732282808518678,1.0563053470881,26,NA,NA,NA
"real","ETH_HUN",-0.0747538731846343,1.05263201437602,27,NA,NA,NA
"real","ETH_IDN",-0.316165026382821,0.579590496186859,27,NA,NA,NA
"real","ETH_IND",-0.143774294700428,0.851102619657933,27,NA,NA,NA
"real","ETH_JAM",-1.04323966107543,2.32312955362397,16,NA,NA,NA
"real","ETH_JPN",0.0892045834722038,0.532456586760774,27,NA,NA,NA
"real","ETH_KOR",-0.956749561787722,1.14036882446264,27,NA,NA,NA
"real","ETH_LKA",-0.55440629350363,1.47892128409155,21,NA,NA,NA
"real","ETH_MAR",-0.458608159014826,3.20293118663897,27,NA,NA,NA
"real","ETH_MEX",0.184082575405574,2.94878640109381,27,NA,NA,NA
"real","ETH_MLT",-1.64260366584863,8.17540940775427,20,NA,NA,NA
"real","ETH_MYS",-0.0231987700364395,1.47113257698393,27,NA,NA,NA
"real","ETH_NLD",-0.583727960694777,0.533736246324521,27,NA,NA,NA
"real","ETH_NOR",-0.740684581059324,2.0314743521902,27,NA,NA,NA
"real","ETH_PRT",-0.695925814547684,3.18735744324019,26,NA,NA,NA
"real","ETH_ROU",0.192760412532161,1.06442842277951,27,NA,NA,NA
"real","ETH_SAU",-0.240549989918597,1.09174578155795,27,NA,NA,NA
"real","ETH_SGP",-0.506918466315928,2.50471166946812,27,NA,NA,NA
"real","ETH_SWE",-0.479321036185416,0.940083667013234,27,NA,NA,NA
"real","ETH_THA",-0.200640134632921,0.590852950477722,27,NA,NA,NA
"real","ETH_TTO",-0.593402804801709,3.67654596435019,13,NA,NA,NA
"real","ETH_TUN",-0.569837584651752,2.17606075346542,24,NA,NA,NA
"real","ETH_TUR",-0.957772165231345,4.4335489786222,26,NA,NA,NA
"real","ETH_USA",-0.29193338104006,0.257972542998366,27,NA,NA,NA
"real","FIN_AZE",-0.625564237130555,0.955197851429705,27,NA,NA,NA
"real","FIN_BIH",-0.453585394247846,2.05702065446065,14,NA,NA,NA
"real","FIN_ETH",-0.0528176977730342,0.66543374008465,27,NA,NA,NA
"real","FIN_MHL",-2.78198551670397,8.0666414223839,20,NA,NA,NA
"real","FIN_TJK",-0.238492763493235,1.35594381189396,27,NA,NA,NA
"real","FJI_BRN",-0.997229593009209,3.69902928309117,19,NA,NA,NA
"real","FJI_GRC",-1.67785802026236,6.51339221151466,12,NA,NA,NA
"real","FJI_NOR",-1.73571915023056,2.81662969423638,26,NA,NA,NA
"real","FLK_AUS",-0.190655465964291,2.68464096546579,14,NA,NA,NA
"real","FLK_NOR",-1.60898260022427,7.90826025524043,15,NA,NA,NA
"real","FRA_GEO",0.0963122498360802,0.178915751129276,20,NA,NA,NA
"real","FRA_LAO",-0.376821018515524,1.58153447531468,27,NA,NA,NA
"real","FRA_TKM",-0.252180726700392,2.13966176009419,27,NA,NA,NA
"real","FRO_BOL",-1.42601862845182,11.9791835311417,9,NA,NA,NA
"real","FRO_CZE",-0.472073995335533,2.70100573660089,10,NA,NA,NA
"real","FRO_ECU",-0.737203910009083,10.0280935278966,8,NA,NA,NA
"real","FRO_HRV",-4.06571443913414,3.82451894854909,14,NA,NA,NA
"real","FSM_CHN",-1.56199305033148,5.67928682349432,20,NA,NA,NA
"real","FSM_GBR",-0.431186644047802,2.19895731404611,23,NA,NA,NA
"real","FSM_KOR",-1.41287988088853,4.59447839037418,27,NA,NA,NA
"real","FSM_THA",-0.0708219264821091,0.226373019129888,27,NA,NA,NA
"real","GAB_AFG",-2.21856667541118,19.1581375137098,8,NA,NA,NA
"real","GAB_AGO",-0.441455496995296,2.06695433913843,26,NA,NA,NA
"real","GAB_ARE",-1.99931931271501,6.63099699937153,22,NA,NA,NA
"real","GAB_ARG",-1.98996629859112,6.48013018701294,23,NA,NA,NA
"real","GAB_BEN",-1.64055661245068,3.316741829884,26,NA,NA,NA
"real","GAB_CIV",-0.346340481699456,1.42657784877279,27,NA,NA,NA
"real","GAB_COD",-1.2147584100898,6.43638158371848,20,NA,NA,NA
"real","GAB_CZE",-0.599078591197231,2.75931547377173,26,NA,NA,NA
"real","GAB_EGY",-0.818929004221989,2.78585983853692,27,NA,NA,NA
"real","GAB_GIN",-1.3295884620104,7.8000064018704,20,NA,NA,NA
"real","GAB_GMB",-3.08200424261459,13.6413304831214,21,NA,NA,NA
"real","GAB_GTM",-1.02961790701597,4.8868368014145,22,NA,NA,NA
"real","GAB_ISR",-1.53376957595494,10.5514363247928,26,NA,NA,NA
"real","GAB_KWT",-1.71873325541297,3.69050401353255,22,NA,NA,NA
"real","GAB_LBN",-0.692280659744878,1.66991871740349,26,NA,NA,NA
"real","GAB_LKA",-1.07581009515167,3.55943059429232,15,NA,NA,NA
"real","GAB_MLI",-0.364762403615521,0.927326433325069,23,NA,NA,NA
"real","GAB_MLT",-4.01425513345514,17.901577670244,12,NA,NA,NA
"real","GAB_MOZ",-1.8085053994208,4.46290081988828,19,NA,NA,NA
"real","GAB_MRT",-1.19612174193519,5.79393534786993,25,NA,NA,NA
"real","GAB_MUS",-1.99673286015888,6.92512317221985,22,NA,NA,NA
"real","GAB_NER",-2.00898708216516,6.2374691422384,27,NA,NA,NA
"real","GAB_NGA",-1.523905039143,3.1585133177128,26,NA,NA,NA
"real","GAB_NOR",-0.529629513523939,0.951664167636867,27,NA,NA,NA
"real","GAB_PHL",-1.8957923101448,5.71602517077379,26,NA,NA,NA
"real","GAB_POL",-0.215057609920304,0.6506086180661,27,NA,NA,NA
"real","GAB_PRK",-1.30629016339847,4.84112412959285,15,NA,NA,NA
"real","GAB_PYF",-1.16800679141978,4.09657219202845,13,NA,NA,NA
"real","GAB_SLE",-0.943399172007829,4.85989919149876,10,NA,NA,NA
"real","GAB_TGO",-1.09773897265805,5.76255240248551,27,NA,NA,NA
"real","GAB_TWN",-0.429379181713868,1.69449334387669,26,NA,NA,NA
"real","GBR_ARM",-0.0792673779148786,0.571049634478726,24,NA,NA,NA
"real","GBR_AZE",-0.218555952112878,0.369290584109556,27,NA,NA,NA
"real","GBR_BIH",0.207026730296493,0.165832934534302,14,NA,NA,NA
"real","GBR_BLR",-0.0587974394051699,0.116950062172135,27,NA,NA,NA
"real","GBR_CAF",-0.195064439710915,0.550091734312571,27,NA,NA,NA
"real","GBR_COK",-0.545191587146161,1.96183063623825,27,NA,NA,NA
"real","GBR_ETH",0.253905957347613,0.380111502992842,27,NA,NA,NA
"real","GBR_FSM",-0.353128085729972,1.28203033229391,27,NA,NA,NA
"real","GBR_GEO",0.104358011609473,0.569654215116028,20,NA,NA,NA
"real","GBR_GIB",0.180617072341134,0.142782794697733,27,NA,NA,NA
"real","GBR_GNB",-0.990259927912737,1.07807219740201,27,NA,NA,NA
"real","GBR_GNQ",-0.0840597581908389,0.591933570308345,27,NA,NA,NA
"real","GBR_KAZ",0.0509952626788541,0.17309678144548,27,NA,NA,NA
"real","GBR_KGZ",0.0423407186025403,0.404676210496894,27,NA,NA,NA
"real","GBR_KIR",-0.299842536921066,1.83178468423939,27,NA,NA,NA
"real","GBR_MDA",-0.0532186822742175,0.096982206678793,20,NA,NA,NA
"real","GBR_MDV",0.192321466177802,0.35071823798557,27,NA,NA,NA
"real","GBR_MHL",0.0188280390991731,5.32548409693035,27,NA,NA,NA
"real","GBR_NIU",-0.829191619694839,3.42689294346201,23,NA,NA,NA
"real","GBR_RUS",-0.0915418467029743,0.0528733719055002,27,NA,NA,NA
"real","GBR_TJK",0.0566625001121018,1.87894593483423,27,NA,NA,NA
"real","GBR_TKM",-0.136166022534314,0.288305360208225,27,NA,NA,NA
"real","GBR_UKR",0.0904077860713076,0.0703390216644567,20,NA,NA,NA
"real","GBR_UZB",0.140837988032526,0.262700152227218,27,NA,NA,NA
"real","GBR_VGB",-0.010870187899578,0.237794579010656,13,NA,NA,NA
"real","GEO_AUS",-1.05595492189097,2.66575132077925,27,NA,NA,NA
"real","GEO_BOL",-2.19016094012395,4.83225986013138,20,NA,NA,NA
"real","GEO_CAN",-1.15552357230482,2.16699567435772,27,NA,NA,NA
"real","GEO_COL",-1.31289355960514,3.32348493222915,26,NA,NA,NA
"real","GEO_CYP",-1.94771138080056,5.41069653730435,19,NA,NA,NA
"real","GEO_CZE",-0.810883495146824,1.51258333235883,20,NA,NA,NA
"real","GEO_GBR",-0.482046271185883,0.829033851819058,20,NA,NA,NA
"real","GEO_ISL",-0.238310274155467,1.31082046819442,12,NA,NA,NA
"real","GEO_LKA",-1.99097756351464,4.96577214470966,20,NA,NA,NA
"real","GEO_MAR",-1.53281430205023,2.93783293173039,27,NA,NA,NA
"real","GEO_MYS",-0.692618895556755,1.25065868453259,27,NA,NA,NA
"real","GEO_NOR",-1.73688373841039,2.18072223616926,22,NA,NA,NA
"real","GEO_NZL",-0.368670491663946,0.608928263404352,26,NA,NA,NA
"real","GEO_PRT",-2.26029082606653,3.8911470459864,19,NA,NA,NA
"real","GEO_ZWE",-2.30359334944953,5.50298172222371,22,NA,NA,NA
"real","GHA_COG",-2.47270951009834,5.62778631342978,23,NA,NA,NA
"real","GHA_CZE",-0.262104473315135,0.788717692357014,22,NA,NA,NA
"real","GHA_GAB",-1.01143130572013,3.41589352847556,25,NA,NA,NA
"real","GHA_GTM",-0.934605785311298,3.43182936149672,21,NA,NA,NA
"real","GHA_MUS",-1.21957975840279,4.63335034319043,25,NA,NA,NA
"real","GHA_PRY",-0.599470095910092,4.55908359794183,11,NA,NA,NA
"real","GIB_CZE",-0.689087305447757,5.71431060100414,26,NA,NA,NA
"real","GIB_GBR",-0.0723780388425917,1.67887837222292,27,NA,NA,NA
"real","GIB_GTM",-2.30319810010968,6.03500756242074,12,NA,NA,NA
"real","GIB_NOR",-2.54855268196472,7.26159292102458,26,NA,NA,NA
"real","GIN_CAF",-2.71761192882754,6.46643150697984,11,NA,NA,NA
"real","GIN_CZE",-0.254839488459314,2.6973616814374,27,NA,NA,NA
"real","GIN_GAB",-1.30040684743364,3.93064640414662,19,NA,NA,NA
"real","GMB_BRA",-2.44118283363779,7.52978492852191,20,NA,NA,NA
"real","GMB_CRI",-0.983184587906294,2.76339028010686,25,NA,NA,NA
"real","GMB_GAB",-0.945105679008765,5.31892943316281,13,NA,NA,NA
"real","GMB_LKA",-1.55910466705288,7.19781853930024,17,NA,NA,NA
"real","GMB_MAR",-1.10919332060319,3.42040168849747,18,NA,NA,NA
"real","GMB_MDG",-1.71490039548951,3.75657581209125,8,NA,NA,NA
"real","GMB_VCT",-0.725645940430453,2.76250886633141,12,NA,NA,NA
"real","GNB_AUS",0.0124342192449915,0.290837522525667,9,NA,NA,NA
"real","GNB_BRA",-2.01418889546005,7.56558243945757,11,NA,NA,NA
"real","GNB_POL",-1.80064175790611,10.2015724870761,13,NA,NA,NA
"real","GNQ_CHL",-1.1787814257395,6.23727868751871,13,NA,NA,NA
"real","GNQ_GBR",-2.56914192959981,5.35395945381262,26,NA,NA,NA
"real","GRC_ARM",0.119761846610419,0.895327946679978,24,NA,NA,NA
"real","GRC_BFA",-0.973695789163546,2.32894750152918,27,NA,NA,NA
"real","GRC_BLR",0.0350528828663808,0.366386175541548,27,NA,NA,NA
"real","GRC_ETH",0.490290191551179,1.51655838482657,27,NA,NA,NA
"real","GRC_GNB",-0.525839366768348,2.93458064733376,19,NA,NA,NA
"real","GRC_GNQ",-0.0366556262028558,2.52773294037504,21,NA,NA,NA
"real","GRC_LCA",-0.276799142219367,1.5228911504536,14,NA,NA,NA
"real","GRC_SLB",-2.42840434574627,6.77674892847377,15,NA,NA,NA
"real","GRC_SUR",-0.000381596024892707,1.14200384644826,14,NA,NA,NA
"real","GRC_TJK",-0.2018708179318,5.18822322155038,26,NA,NA,NA
"real","GRC_TON",-2.57625080198905,5.99058091516853,18,NA,NA,NA
"real","GRC_TUV",0.186817624760632,10.3351687821865,16,NA,NA,NA
"real","GRC_UZB",-0.124718290236248,1.25547324570977,27,NA,NA,NA
"real","GRD_AIA",-1.47233389590079,4.7816243394402,17,NA,NA,NA
"real","GRD_ANT",-0.849567896253651,3.71441826495869,17,NA,NA,NA
"real","GRD_CZE",-0.248461868163194,0.818796539083355,13,NA,NA,NA
"real","GRD_DOM",-0.804153614415642,3.54054168681638,27,NA,NA,NA
"real","GRD_HRV",-0.55034166223833,1.81887254251929,19,NA,NA,NA
"real","GRD_NZL",-1.55456529894278,3.80696313179189,16,NA,NA,NA
"real","GRD_PAN",-1.13710508881971,5.55519208893577,12,NA,NA,NA
"real","GRD_TUN",-1.95909110551554,4.69593476734057,19,NA,NA,NA
"real","GRD_VEN",-1.95850680146413,4.4346102522218,22,NA,NA,NA
"real","GRD_VGB",-0.535266288346839,4.04321925965993,22,NA,NA,NA
"real","GRL_GTM",-1.48684972604166,8.59644610523861,9,NA,NA,NA
"real","GRL_HRV",-1.89157200068874,3.11143949695475,16,NA,NA,NA
"real","GRL_NOR",-0.201668346569431,0.366707957266876,27,NA,NA,NA
"real","GRL_NZL",-6.07043885618171,17.6215215165665,10,NA,NA,NA
"real","GTM_ABW",-1.30002337354079,2.15783389883974,27,NA,NA,NA
"real","GTM_ANT",-0.836824789908919,3.26488668247472,13,NA,NA,NA
"real","GTM_BMU",-1.48937114434517,5.01062605865119,25,NA,NA,NA
"real","GTM_CUB",-0.484937284960193,1.7035722292832,27,NA,NA,NA
"real","GTM_CZE",-0.133210250767927,2.09901531254389,19,NA,NA,NA
"real","GTM_DMA",-0.0924996517059021,1.08889288245957,27,NA,NA,NA
"real","GTM_GRD",-0.309312586358065,0.601607621284123,27,NA,NA,NA
"real","GTM_KNA",-0.589990468492912,1.52271273100278,26,NA,NA,NA
"real","GTM_NGA",-1.97047449813034,8.81128512864713,24,NA,NA,NA
"real","GTM_PRK",-2.21088910196718,7.98495901832858,21,NA,NA,NA
"real","GTM_RUS",0.0246705528486888,1.17743821639477,27,NA,NA,NA
"real","GTM_URY",-0.418359525139612,0.968973543408615,27,NA,NA,NA
"real","GTM_VCT",-0.278975021591603,0.878666025688854,27,NA,NA,NA
"real","GTM_VGB",-1.58670620280374,6.28009883646299,23,NA,NA,NA
"real","GUY_CHN",-0.71164048652756,3.52166762828745,25,NA,NA,NA
"real","GUY_CYP",-2.10105841645673,6.53509396267374,11,NA,NA,NA
"real","GUY_CZE",-1.1052021639679,3.00288509794107,14,NA,NA,NA
"real","GUY_GTM",-1.24451915537983,4.52265924830088,24,NA,NA,NA
"real","GUY_HRV",-0.75887582058595,3.30589823547316,17,NA,NA,NA
"real","GUY_NOR",-0.764455500848103,2.35974157007483,26,NA,NA,NA
"real","HND_BHR",-1.00891985176314,2.75201969034797,20,NA,NA,NA
"real","HND_CMR",-1.79319918123304,6.36703045310635,15,NA,NA,NA
"real","HND_CZE",0.00770120665184525,1.24666046567724,19,NA,NA,NA
"real","HND_DMA",-2.36814203044352,4.79778496101665,24,NA,NA,NA
"real","HND_GRD",-0.181255903954894,0.851655638535403,27,NA,NA,NA
"real","HND_KNA",-0.997146955059066,2.73611063054774,25,NA,NA,NA
"real","HND_MAC",-0.094933056534194,1.58264921632504,24,NA,NA,NA
"real","HND_VCT",-0.379692938660424,1.75013980894486,26,NA,NA,NA
"real","HRV_AND",-0.764631927798731,2.23903353245714,19,NA,NA,NA
"real","HRV_ANT",-1.13183684415757,4.51179027571158,11,NA,NA,NA
"real","HRV_ARM",-1.39007003658796,2.48006773755374,21,NA,NA,NA
"real","HRV_BDI",-1.09285560059952,4.78301771710625,13,NA,NA,NA
"real","HRV_BHS",-2.73567901247614,7.52740154518409,18,NA,NA,NA
"real","HRV_BOL",-0.539474238828821,1.33695869951114,25,NA,NA,NA
"real","HRV_BRN",-1.19902892771459,2.83855147224413,14,NA,NA,NA
"real","HRV_COM",-1.09799484770818,2.1959541295927,12,NA,NA,NA
"real","HRV_CZE",0.0371285745343658,0.107976736555812,9,NA,NA,NA
"real","HRV_DOM",-0.424984392215402,1.83364881667831,13,NA,NA,NA
"real","HRV_ETH",-0.757665477029786,2.14555111667954,27,NA,NA,NA
"real","HRV_FJI",-1.25497537925507,4.59384399012359,9,NA,NA,NA
"real","HRV_GAB",-1.34599735236224,2.78654964901317,25,NA,NA,NA
"real","HRV_GNB",-0.946460587507394,4.2692812064524,15,NA,NA,NA
"real","HRV_GNQ",-0.603632026754615,1.72622672987259,14,NA,NA,NA
"real","HRV_GUY",-0.109493896489075,0.46843535058414,8,NA,NA,NA
"real","HRV_HTI",-0.608099181584788,2.29831246559793,20,NA,NA,NA
"real","HRV_LKA",-0.94057169124861,2.90974853087098,26,NA,NA,NA
"real","HRV_LTU",-0.538029107448761,1.13619479811199,10,NA,NA,NA
"real","HRV_MOZ",-2.85885916139919,5.27512356881392,17,NA,NA,NA
"real","HRV_MRT",-1.13592446711305,4.99262339647434,17,NA,NA,NA
"real","HRV_NIC",-1.20647626484223,2.3640821648141,17,NA,NA,NA
"real","HRV_PYF",-0.520986877008679,1.52394734780322,16,NA,NA,NA
"real","HRV_SVK",0.147734994654578,0.310139843006233,9,NA,NA,NA
"real","HRV_TGO",-2.47807699990127,6.04635998613318,21,NA,NA,NA
"real","HRV_TZA",-1.52613209325852,3.62772910860537,27,NA,NA,NA
"real","HRV_UZB",-0.201210364952995,1.06982993152809,27,NA,NA,NA
"real","HTI_BOL",-1.56191250744758,6.17143644601576,19,NA,NA,NA
"real","HTI_CZE",-0.736285584764693,0.810235230326979,27,NA,NA,NA
"real","HTI_POL",-0.142266078744293,0.684408706581055,20,NA,NA,NA
"real","HTI_THA",-2.52711682348176,7.68748414355079,19,NA,NA,NA
"real","HUN_ANT",-0.0700766217510898,0.465926813254904,10,NA,NA,NA
"real","HUN_ARM",-0.0881350677020523,0.270736365770902,24,NA,NA,NA
"real","HUN_AZE",0.150658239945374,0.615601633361364,27,NA,NA,NA
"real","HUN_BIH",-0.0210880022715957,0.413770341152962,14,NA,NA,NA
"real","HUN_BLZ",-0.274141785660901,1.07968097107811,14,NA,NA,NA
"real","HUN_DMA",-1.12415283217557,2.52390193641865,14,NA,NA,NA
"real","HUN_ETH",0.0565288605425065,0.534044106185995,27,NA,NA,NA
"real","HUN_GEO",0.0489826210188864,0.267363217009472,20,NA,NA,NA
"real","HUN_KGZ",0.118950837744517,0.165315809718195,27,NA,NA,NA
"real","HUN_KNA",-0.365480557571363,0.973004787287402,13,NA,NA,NA
"real","HUN_MKD",0.00480743494824787,0.0877166635243148,10,NA,NA,NA
"real","HUN_STP",-0.601206432546305,3.6629596549894,21,NA,NA,NA
"real","HUN_TCD",-0.972724722444328,2.45832141583248,21,NA,NA,NA
"real","HUN_TJK",0.160725647258222,1.09289528289379,27,NA,NA,NA
"real","HUN_TKM",-0.381362279854187,0.837509050377096,27,NA,NA,NA
"real","HUN_VCT",-0.466977603703247,2.13937835244626,13,NA,NA,NA
"real","IDN_BDI",-0.239564466467919,0.544392728275961,27,NA,NA,NA
"real","IDN_CZE",-0.0849739784084104,0.0646637445690863,27,NA,NA,NA
"real","IDN_DMA",-0.734336257663313,1.50839301160992,27,NA,NA,NA
"real","IDN_ETH",-0.347446944328412,0.268687210024486,27,NA,NA,NA
"real","IDN_KNA",-0.47271400195712,1.39443086405752,27,NA,NA,NA
"real","IDN_VCT",-0.119359281465168,0.20609275809706,26,NA,NA,NA
"real","IND_AZE",-0.246055440134004,1.34982952050697,27,NA,NA,NA
"real","IND_BIH",-0.722086084731465,1.58893371204887,25,NA,NA,NA
"real","IND_BLR",-0.167415480889771,0.446242254730981,27,NA,NA,NA
"real","IND_CZE",0.0945384067956251,0.0287751760909205,27,NA,NA,NA
"real","IND_ETH",-0.0321220593450615,0.0563255549635361,27,NA,NA,NA
"real","IND_GEO",-0.348325566567074,1.07323969490039,27,NA,NA,NA
"real","IND_KAZ",0.144166682784398,0.249140872898232,27,NA,NA,NA
"real","IND_KGZ",0.139213240187498,0.375935788254326,26,NA,NA,NA
"real","IND_MDA",0.0632090740160357,0.338352729403511,27,NA,NA,NA
"real","IND_SVK",-0.106717343715594,0.0773360148158566,27,NA,NA,NA
"real","IND_TJK",-0.00195264474644484,0.600644213873116,27,NA,NA,NA
"real","IND_TKM",-0.226566455907537,0.685721099330896,27,NA,NA,NA
"real","IND_UKR",0.191808591992316,0.149439320675676,27,NA,NA,NA
"real","IND_UZB",-0.296057547665736,0.212695921495698,27,NA,NA,NA
"real","IOT_JPN",-0.560370474736404,2.90508333960071,10,NA,NA,NA
"real","IOT_TUR",-1.65067235024197,5.56623113004426,21,NA,NA,NA
"real","IRL_AZE",0.28771872996776,0.402632938579727,27,NA,NA,NA
"real","IRL_ETH",0.362124590638609,0.338282262559909,27,NA,NA,NA
"real","IRL_GEO",0.213319684809604,0.358273234348635,20,NA,NA,NA
"real","IRL_GNB",-0.322736719691897,1.54418318405021,16,NA,NA,NA
"real","IRL_GNQ",-0.329703899274502,4.61257066758447,27,NA,NA,NA
"real","IRL_KAZ",-0.16113111833228,0.2770088165461,27,NA,NA,NA
"real","IRL_KGZ",-0.0602938608021722,0.480200724746029,27,NA,NA,NA
"real","IRL_KIR",-1.36509763291235,5.46873087944354,9,NA,NA,NA
"real","IRL_MHL",0.726633228020637,8.66345476321745,16,NA,NA,NA
"real","IRL_STP",-1.35095517401047,5.72230388421465,22,NA,NA,NA
"real","IRL_TJK",-1.69816531770294,13.3569788850567,26,NA,NA,NA
"real","IRL_TKM",-0.39498427101435,0.781638321692039,27,NA,NA,NA
"real","IRL_TUV",0.853840346229098,3.29711933934903,9,NA,NA,NA
"real","IRL_UZB",-0.257480770573866,1.47703296780609,27,NA,NA,NA
"real","IRN_BDI",-1.18195424986855,6.09852067915257,22,NA,NA,NA
"real","IRN_COG",-0.794778182226718,2.36890537889898,24,NA,NA,NA
"real","IRN_CZE",-0.160937934009345,0.6136655435556,27,NA,NA,NA
"real","IRN_GAB",-0.7324832476859,1.41577541784002,24,NA,NA,NA
"real","IRN_KNA",-0.459226008463596,2.50213694089976,9,NA,NA,NA
"real","IRN_NOR",0.12411351651011,0.458407802059212,27,NA,NA,NA
"real","IRQ_HUN",-4.78809033074978,23.7854718614958,20,NA,NA,NA
"real","IRQ_SVN",-0.115001184010429,16.3355206802515,22,NA,NA,NA
"real","ISL_ALB",-0.44581105389077,1.73346309938822,12,NA,NA,NA
"real","ISL_CAF",-1.34881215118655,3.76347818763873,12,NA,NA,NA
"real","ISL_DMA",-3.68017175523061,9.95155148837659,13,NA,NA,NA
"real","ISL_ETH",-0.185464415218535,3.58316807010421,26,NA,NA,NA
"real","ISL_GMB",-1.56200808973136,5.37776860261371,11,NA,NA,NA
"real","ISL_GRD",-0.896028688224964,3.58780386558672,23,NA,NA,NA
"real","ISL_KNA",-2.06571872957143,5.32727552964205,22,NA,NA,NA
"real","ISL_PRY",-0.161659286910707,0.556112182587763,17,NA,NA,NA
"real","ISL_VCT",-2.24167138148026,4.74566726476166,24,NA,NA,NA
"real","ISR_BDI",-0.719974970430639,2.47211095654266,27,NA,NA,NA
"real","ISR_COG",-1.60813999166772,3.55588664571754,27,NA,NA,NA
"real","ISR_DMA",-1.68448750317918,2.94939347671235,25,NA,NA,NA
"real","ISR_GAB",-1.57195628412245,2.92459663195712,27,NA,NA,NA
"real","ISR_GRD",-1.03491356225194,1.71184966858491,27,NA,NA,NA
"real","ISR_GTM",-0.00655172667944855,0.143155938413196,27,NA,NA,NA
"real","ISR_KNA",-0.796586883703366,3.08681790177335,23,NA,NA,NA
"real","ISR_MUS",0.00564414683449753,0.221859224464475,27,NA,NA,NA
"real","ISR_NIC",-0.022851787334859,0.259809353107597,27,NA,NA,NA
"real","ISR_VCT",-1.07079609352739,2.31715849557078,25,NA,NA,NA
"real","ITA_ARM",-0.349519123132103,0.415555058177886,24,NA,NA,NA
"real","ITA_AZE",-0.405565565676715,0.998809817238281,27,NA,NA,NA
"real","ITA_GEO",-0.200176680569622,0.425030306830531,20,NA,NA,NA
"real","ITA_KAZ",-0.2447815530149,0.558216916966642,27,NA,NA,NA
"real","ITA_KGZ",-0.0914879500301243,0.900852883638728,27,NA,NA,NA
"real","ITA_UZB",-0.31217536014394,2.25159752206711,27,NA,NA,NA
"real","ITA_VCT",-0.347032307473696,0.463292519133783,14,NA,NA,NA
"real","JAM_BDI",-0.658802290412219,0.999778481796962,13,NA,NA,NA
"real","JAM_CZE",-0.518750332321614,1.10484950014846,14,NA,NA,NA
"real","JAM_EST",-0.0715811976686721,0.515584821384682,13,NA,NA,NA
"real","JAM_MUS",-1.14573612422602,3.37658058567368,25,NA,NA,NA
"real","JAM_PHL",-1.26868013822197,3.95673179597094,25,NA,NA,NA
"real","JOR_BDI",-1.62494579664513,4.46640467391337,18,NA,NA,NA
"real","JOR_BOL",-1.08558687360743,3.00746273452335,20,NA,NA,NA
"real","JOR_COL",-1.01236218824148,2.13093872288198,27,NA,NA,NA
"real","JOR_CZE",-0.0674145245512516,0.4105319760661,10,NA,NA,NA
"real","JOR_JAM",-0.225949700202908,0.500693063341762,24,NA,NA,NA
"real","JOR_MKD",-2.13176716801641,6.53551359162895,27,NA,NA,NA
"real","JOR_MUS",-0.623613293354607,2.85838764590437,27,NA,NA,NA
"real","JOR_NOR",-0.691615054142594,1.70978462287264,8,NA,NA,NA
"real","JOR_RUS",-0.503717718511384,1.22963627378746,27,NA,NA,NA
"real","JOR_TTO",-0.381910083945074,0.726388891317657,23,NA,NA,NA
"real","JOR_UGA",-0.295790087966076,0.352113687685828,27,NA,NA,NA
"real","JOR_UKR",-0.384471965021689,0.800606940572215,27,NA,NA,NA
"real","JPN_CZE",-0.245033886522821,0.207468446659308,25,NA,NA,NA
"real","JPN_ERI",-0.532478618227823,0.859074545039685,27,NA,NA,NA
"real","JPN_ETH",-0.102620206047311,0.064434389446067,27,NA,NA,NA
"real","JPN_MKD",-0.239238258549757,0.416329290153114,27,NA,NA,NA
"real","JPN_SVK",-0.174601863060841,0.137705367800539,25,NA,NA,NA
"real","JPN_TKL",-0.76790678583604,4.2405228142593,24,NA,NA,NA
"real","KAZ_AUS",-0.116623060538768,0.638439094717003,27,NA,NA,NA
"real","KAZ_BRA",-0.830645952016363,2.63041511563614,24,NA,NA,NA
"real","KAZ_CAN",-1.23692802378966,1.80192313256273,27,NA,NA,NA
"real","KAZ_CZE",0.181931345440708,0.306895800005968,27,NA,NA,NA
"real","KAZ_GBR",0.177036745501184,0.737220898994898,27,NA,NA,NA
"real","KAZ_GRC",-0.776694624473926,2.18024060581785,27,NA,NA,NA
"real","KAZ_HUN",-0.126624445161163,1.25934534634403,27,NA,NA,NA
"real","KAZ_IND",-0.428306581054766,0.734128965761035,27,NA,NA,NA
"real","KAZ_MYS",-2.08944224028816,4.94126108412797,26,NA,NA,NA
"real","KAZ_NOR",-0.709398035445687,4.9032534307437,26,NA,NA,NA
"real","KAZ_NZL",0.079934540465272,1.83595925734228,27,NA,NA,NA
"real","KEN_CZE",-0.0763014171094898,0.392410360998591,27,NA,NA,NA
"real","KEN_GAB",-0.917936392322598,2.20340891329289,23,NA,NA,NA
"real","KEN_KNA",-2.01893645817101,5.19215792959698,17,NA,NA,NA
"real","KEN_PRK",-1.08129580350386,2.37443476619428,20,NA,NA,NA
"real","KGZ_CAN",-1.14939240944161,2.96444132884649,27,NA,NA,NA
"real","KGZ_CZE",-0.321464549384581,2.75958092250581,27,NA,NA,NA
"real","KGZ_GBR",-2.61350575818887,5.03136118957397,27,NA,NA,NA
"real","KGZ_HUN",-0.345967862066647,1.95577179318846,27,NA,NA,NA
"real","KGZ_MAR",-0.818190840004993,3.33538888409364,13,NA,NA,NA
"real","KGZ_MYS",-0.854563641457765,1.8595396067119,27,NA,NA,NA
"real","KGZ_PRT",-1.51981819978419,6.00574002153319,20,NA,NA,NA
"real","KGZ_THA",-1.55624660337389,6.4174653703172,27,NA,NA,NA
"real","KHM_CYP",-0.403359360877744,1.29718908897668,25,NA,NA,NA
"real","KHM_CZE",-1.65505799390944,3.15925041046248,27,NA,NA,NA
"real","KHM_GBR",-0.138596531296964,0.320122221970615,27,NA,NA,NA
"real","KHM_MUS",-1.00917052331445,1.76821894720076,23,NA,NA,NA
"real","KHM_NOR",-0.140505208755233,0.269822779832136,27,NA,NA,NA
"real","KIR_BOL",-0.884786315336722,7.06249280831938,9,NA,NA,NA
"real","KIR_CZE",-1.67905906416869,13.6540153852937,21,NA,NA,NA
"real","KIR_IRL",-0.955633728811451,4.97099065405144,13,NA,NA,NA
"real","KIR_MEX",-2.33833645708919,7.72984976361251,12,NA,NA,NA
"real","KIR_THA",-1.09213590152341,3.5876150489125,26,NA,NA,NA
"real","KNA_ABW",-0.252514910136468,2.21439689003327,9,NA,NA,NA
"real","KNA_AIA",-0.528829885576302,1.47733096886435,24,NA,NA,NA
"real","KNA_ANT",-0.0534121816207976,0.367009681080517,17,NA,NA,NA
"real","KNA_BMU",-0.185326819679816,2.91333059776974,14,NA,NA,NA
"real","KNA_CHN",-1.93186625301223,7.54236014878811,23,NA,NA,NA
"real","KNA_KOR",-0.713688128458791,1.98061368889121,23,NA,NA,NA
"real","KNA_THA",-1.62233472808485,2.69671273359209,24,NA,NA,NA
"real","KNA_VGB",0.0669017265447121,1.50769711989014,24,NA,NA,NA
"real","KOR_ARM",-0.70967052674901,0.981378900441052,27,NA,NA,NA
"real","KOR_ATF",-0.642185796059676,3.12188804299074,14,NA,NA,NA
"real","KOR_AZE",-0.311641572239148,0.515323080312677,27,NA,NA,NA
"real","KOR_BLR",-0.291410930673098,0.424229311814037,27,NA,NA,NA
"real","KOR_CZE",-0.135677980972485,0.0727252810215429,17,NA,NA,NA
"real","KOR_EST",-0.237862328516619,0.418683627196278,17,NA,NA,NA
"real","KOR_ETH",0.143167199501549,0.0984057585651829,27,NA,NA,NA
"real","KOR_LTU",-0.171614831843914,0.496816398936752,17,NA,NA,NA
"real","KOR_LVA",-0.607895572197719,0.554378563601068,17,NA,NA,NA
"real","KOR_MDA",-0.242457227105424,0.334225532610072,27,NA,NA,NA
"real","KOR_MKD",0.0196459301568528,0.18644643573832,27,NA,NA,NA
"real","KOR_SVK",-1.222810056673,1.53777019668951,17,NA,NA,NA
"real","KOR_TJK",-0.107103212556538,0.619785371499094,27,NA,NA,NA
"real","KOR_WLF",-1.38284711875436,4.94721126016143,23,NA,NA,NA
"real","KWT_BGR",-1.0044205364048,2.68891333127981,25,NA,NA,NA
"real","KWT_COG",-0.961247335146648,4.33983905757971,18,NA,NA,NA
"real","KWT_HRV",-1.43368727102903,2.87294091438131,23,NA,NA,NA
"real","KWT_NOR",-0.890546653141109,2.66538820618087,19,NA,NA,NA
"real","LAO_CZE",-0.31588462609266,0.738158168866027,27,NA,NA,NA
"real","LAO_GBR",-0.335493012726547,1.27525612912581,27,NA,NA,NA
"real","LAO_HRV",-1.63348832333908,3.05095141130429,26,NA,NA,NA
"real","LAO_MAC",-1.49650201197775,4.92042368710403,15,NA,NA,NA
"real","LAO_MUS",-1.97054622912838,3.64422103910624,20,NA,NA,NA
"real","LAO_NIC",-0.763630107457361,3.99175434193231,23,NA,NA,NA
"real","LAO_TUN",-0.498085727086622,1.86429521619917,25,NA,NA,NA
"real","LBN_CAF",0.055118868745246,0.861586053530685,27,NA,NA,NA
"real","LBN_COG",-0.1869623964099,0.988838684853946,26,NA,NA,NA
"real","LBN_CZE",-0.188403033519361,1.15622971944295,10,NA,NA,NA
"real","LBN_GAB",-0.22350372013314,0.262592527084385,26,NA,NA,NA
"real","LBN_SVN",-0.111692955100949,0.316818618029861,9,NA,NA,NA
"real","LBR_EGY",-2.96513307977072,11.9717651889653,17,NA,NA,NA
"real","LBR_MDG",-1.9876247780832,6.09752138454606,10,NA,NA,NA
"real","LBR_SAU",-0.946732813819767,2.82891148450849,19,NA,NA,NA
"real","LBY_CZE",-1.48193519608811,9.92384288001319,26,NA,NA,NA
"real","LBY_IRL",-4.71847083006154,19.8808083030829,23,NA,NA,NA
"real","LCA_ABW",-0.963374544719332,4.50004058521607,21,NA,NA,NA
"real","LCA_AIA",-0.629652898271028,3.51485992235825,26,NA,NA,NA
"real","LCA_AUS",-0.783383609522806,2.32349295600628,26,NA,NA,NA
"real","LCA_GTM",-3.66652138565834,9.81316658978974,9,NA,NA,NA
"real","LCA_KOR",-3.40392029097816,5.20326605573163,26,NA,NA,NA
"real","LCA_TWN",-1.50318421597489,3.47616990080655,26,NA,NA,NA
"real","LKA_ARM",-0.779004341144652,1.99851727391822,23,NA,NA,NA
"real","LKA_AZE",-0.852743468799623,2.79666603383616,27,NA,NA,NA
"real","LKA_BIH",-0.564615129457449,1.14152789744443,21,NA,NA,NA
"real","LKA_BLR",-0.570236173607028,2.25784966464405,26,NA,NA,NA
"real","LKA_CYM",-1.16526525404369,3.29429848126089,15,NA,NA,NA
"real","LKA_CZE",-0.233300002438764,0.152067709769657,27,NA,NA,NA
"real","LKA_EST",-0.398824294955769,0.667359589331224,27,NA,NA,NA
"real","LKA_ETH",-0.663970332568419,1.84130010075786,26,NA,NA,NA
"real","LKA_GRD",-0.714033795503586,2.30709002482484,23,NA,NA,NA
"real","LKA_KAZ",-0.0428453820618547,0.869630141031127,24,NA,NA,NA
"real","LKA_LTU",-0.191536543250868,0.43241525394195,27,NA,NA,NA
"real","LKA_LVA",-0.377260359256312,0.723792547486167,27,NA,NA,NA
"real","LKA_NRU",-0.0223472669585372,2.8322945238906,14,NA,NA,NA
"real","LKA_TJK",-0.227827099993653,0.664080846691542,21,NA,NA,NA
"real","LKA_UKR",-0.156273460381351,0.721186134804906,27,NA,NA,NA
"real","LKA_UZB",-0.882688572466363,3.70804261115101,27,NA,NA,NA
"real","LSO_EGY",-2.17841796446286,10.6553983898891,16,NA,NA,NA
"real","LTU_CAN",-0.537159142324881,0.610508315823376,23,NA,NA,NA
"real","LTU_COL",-1.07575069435099,1.4702329966635,19,NA,NA,NA
"real","LTU_CYP",-1.49587013897883,2.26478348440126,10,NA,NA,NA
"real","LTU_JAM",-1.4616238699568,4.12790630408591,11,NA,NA,NA
"real","LTU_KOR",0.043967528493906,1.10968903526673,17,NA,NA,NA
"real","LTU_LKA",-0.7431129543063,1.90155790548882,26,NA,NA,NA
"real","LTU_MAC",-1.23645243967612,3.2954921756273,20,NA,NA,NA
"real","LTU_MAR",-0.870530362473525,3.00679043651028,10,NA,NA,NA
"real","LTU_MEX",-0.334429831867337,0.863687295739594,10,NA,NA,NA
"real","LTU_THA",-0.378596995005106,0.873172244343297,27,NA,NA,NA
"real","LVA_ARE",-1.25083781077952,2.21912955702651,27,NA,NA,NA
"real","LVA_BOL",-1.17277984396282,2.23880423167377,24,NA,NA,NA
"real","LVA_BRA",-0.983729216423049,3.36730741409266,27,NA,NA,NA
"real","LVA_CAN",-0.578683925511815,1.12530077623956,23,NA,NA,NA
"real","LVA_COL",-1.31370508010641,6.03711915043889,19,NA,NA,NA
"real","LVA_CYP",-1.0157478314525,3.16544104499928,10,NA,NA,NA
"real","LVA_IND",-0.553636032154156,1.6486890451133,27,NA,NA,NA
"real","LVA_KOR",-0.47231264263417,1.02804965502092,17,NA,NA,NA
"real","LVA_MYS",-0.514755750303351,1.72707127917879,27,NA,NA,NA
"real","LVA_NZL",-1.333017308536,3.58463538826281,25,NA,NA,NA
"real","LVA_PHL",-1.78487353921737,7.02862189782321,26,NA,NA,NA
"real","MAC_CZE",-0.475839301685715,1.0443276658644,27,NA,NA,NA
"real","MAC_JOR",-2.09669289972522,7.76499766717522,13,NA,NA,NA
"real","MAC_NIC",-2.79586594334681,5.95253161772202,24,NA,NA,NA
"real","MAC_PRK",-0.667774021000631,2.06456474890248,14,NA,NA,NA
"real","MAR_ALB",-0.69153497781979,1.63921517920592,25,NA,NA,NA
"real","MAR_AND",-0.368035587438298,1.32621258225292,26,NA,NA,NA
"real","MAR_ANT",-1.78966494920677,3.55154733463876,17,NA,NA,NA
"real","MAR_AZE",-0.839567304309508,2.62349412590634,22,NA,NA,NA
"real","MAR_BDI",-1.3521613425886,3.41109961548858,17,NA,NA,NA
"real","MAR_BFA",-0.712042945809765,1.01061243522748,27,NA,NA,NA
"real","MAR_BLZ",-0.791214109463212,2.28480074340889,17,NA,NA,NA
"real","MAR_CAF",-0.202999783045129,0.671820921007623,27,NA,NA,NA
"real","MAR_COD",0.219105493322792,0.404773212138943,27,NA,NA,NA
"real","MAR_COM",-0.215127708192967,0.717515598781312,27,NA,NA,NA
"real","MAR_CZE",-0.0692518705784023,0.0866389908009859,10,NA,NA,NA
"real","MAR_DJI",-2.80524788699132,4.12929458152272,26,NA,NA,NA
"real","MAR_GEO",-1.49127374583276,2.53235288630569,27,NA,NA,NA
"real","MAR_GIB",-3.16206053666912,6.35322544701448,27,NA,NA,NA
"real","MAR_GMB",-0.477016684519448,0.944915396140169,27,NA,NA,NA
"real","MAR_GNQ",-0.491490064322028,0.607346989291647,27,NA,NA,NA
"real","MAR_HND",-0.521593653188458,0.807558124682773,27,NA,NA,NA
"real","MAR_HTI",-0.786604415928691,1.77149516893634,24,NA,NA,NA
"real","MAR_LBR",-0.517722421649794,1.41021903177461,27,NA,NA,NA
"real","MAR_MAC",-0.8162085269031,2.46921867710691,22,NA,NA,NA
"real","MAR_MDA",-1.40083775242572,3.90995450983862,26,NA,NA,NA
"real","MAR_PAN",-1.22492186983429,4.17189948781736,27,NA,NA,NA
"real","MAR_SOM",-1.04886580524685,1.03293529812468,8,NA,NA,NA
"real","MAR_SVK",-0.0682272516148569,0.220668735494142,10,NA,NA,NA
"real","MAR_SYC",-1.70599159555347,4.98132521414268,23,NA,NA,NA
"real","MAR_UKR",-0.897787598679747,1.07296535542548,27,NA,NA,NA
"real","MAR_URY",-0.353663314812535,1.01116941861166,27,NA,NA,NA
"real","MAR_ZMB",-2.88588687149281,6.5361015253238,23,NA,NA,NA
"real","MDA_CAN",-0.113309700445754,0.686379052570703,27,NA,NA,NA
"real","MDA_CYP",-0.368938062460499,1.10185556534692,20,NA,NA,NA
"real","MDA_CZE",-0.296021861707394,0.35615850259846,20,NA,NA,NA
"real","MDA_FRA",-0.512953954069798,1.80628600599719,20,NA,NA,NA
"real","MDA_GBR",-0.547584579498732,0.63599823480449,20,NA,NA,NA
"real","MDA_HRV",-0.138105303416781,0.235851393074742,10,NA,NA,NA
"real","MDA_IRL",-0.229630996961742,1.31525891170153,20,NA,NA,NA
"real","MDA_KOR",-1.22968804518488,4.57006755801429,26,NA,NA,NA
"real","MDA_MYS",-2.45150581286386,7.93811300008902,19,NA,NA,NA
"real","MDA_NOR",-0.589530375260213,0.944991433281113,27,NA,NA,NA
"real","MDA_THA",-1.1711882890443,4.12556806291854,27,NA,NA,NA
"real","MDG_ANT",-1.27873799633509,5.89365521805366,12,NA,NA,NA
"real","MDG_CZE",-0.137470969492875,1.38110909180214,18,NA,NA,NA
"real","MDG_IRN",-0.611689604952581,2.47907813652018,20,NA,NA,NA
"real","MDG_JAM",-0.350568032449733,1.56950120303632,11,NA,NA,NA
"real","MDG_YEM",-2.01816586736236,6.0198546730146,21,NA,NA,NA
"real","MDV_HUN",-1.19760749245656,4.52646575167483,13,NA,NA,NA
"real","MDV_PRT",-1.17333959882117,3.46921106132211,19,NA,NA,NA
"real","MDV_SAU",-1.20091860999576,1.70287518782273,27,NA,NA,NA
"real","MEX_ABW",-2.04414501412973,3.78635366490357,27,NA,NA,NA
"real","MEX_AND",-0.164581701206513,0.884845131366907,26,NA,NA,NA
"real","MEX_CZE",-0.195639939189004,0.199094956854804,10,NA,NA,NA
"real","MEX_ETH",0.203830719638324,0.771725152643368,27,NA,NA,NA
"real","MEX_UGA",-0.755562366068124,2.7931906029379,27,NA,NA,NA
"real","MHL_CHN",-2.59576756535768,14.1210077256924,19,NA,NA,NA
"real","MHL_HRV",-3.37022980673731,11.1797293811837,18,NA,NA,NA
"real","MHL_KOR",-3.35053764527661,11.0438616070717,26,NA,NA,NA
"real","MHL_PRT",-1.17055476998588,4.23296457933816,21,NA,NA,NA
"real","MKD_ARE",-0.138521865197112,0.425089164731363,27,NA,NA,NA
"real","MKD_CHN",-1.49242065002909,4.84312857778611,27,NA,NA,NA
"real","MKD_DMA",-1.90532131903653,10.3619381231333,8,NA,NA,NA
"real","MKD_EGY",-0.290099887094888,3.29832474460407,27,NA,NA,NA
"real","MKD_HUN",-0.110911203567722,0.40600055191328,10,NA,NA,NA
"real","MKD_IND",-1.0653645592139,2.11581850105425,26,NA,NA,NA
"real","MKD_JPN",-0.0312042110754202,0.387317548317938,27,NA,NA,NA
"real","MKD_KOR",-1.42190972120357,6.7739163666434,27,NA,NA,NA
"real","MKD_NOR",-0.363350360142594,1.51467455183135,8,NA,NA,NA
"real","MKD_NZL",-0.607346535909717,1.75680423228462,27,NA,NA,NA
"real","MLI_COG",-0.171727002766412,1.72081449037586,23,NA,NA,NA
"real","MLI_CYP",-0.54474429188166,3.64344936930999,16,NA,NA,NA
"real","MLI_CZE",-0.702672991287957,4.49677809629198,27,NA,NA,NA
"real","MLI_GAB",-0.329218828048018,2.46778793147903,22,NA,NA,NA
"real","MLI_KWT",-1.1700325624548,2.19898384789915,20,NA,NA,NA
"real","MLI_MUS",-0.786194043508888,6.58583542715285,27,NA,NA,NA
"real","MLI_SAU",-0.842808501575867,2.46162051286733,25,NA,NA,NA
"real","MLT_ARG",-0.699342209951057,1.88695528080327,27,NA,NA,NA
"real","MLT_CAF",-3.85052278036645,4.0920998829334,16,NA,NA,NA
"real","MLT_CZE",-0.114222238193868,0.588738857215601,10,NA,NA,NA
"real","MLT_GAB",-1.52118410896044,5.55583539213084,27,NA,NA,NA
"real","MLT_IND",-0.946407614566867,2.77631833886231,27,NA,NA,NA
"real","MLT_KWT",-0.0190923752302387,0.586852075974856,27,NA,NA,NA
"real","MLT_MAR",-0.223769940674374,0.715959583344714,10,NA,NA,NA
"real","MLT_MUS",-0.327934144892661,1.0846776658653,18,NA,NA,NA
"real","MMR_CYP",-0.186109574330534,1.75777547395383,25,NA,NA,NA
"real","MMR_CZE",-1.81609022376585,2.2431278635178,27,NA,NA,NA
"real","MMR_MAC",-0.249853977377519,3.07948960662212,26,NA,NA,NA
"real","MMR_POL",-1.19705788395662,1.40752484955037,25,NA,NA,NA
"real","MNG_COL",-1.14263146033949,8.08946496877386,23,NA,NA,NA
"real","MNG_CYP",-1.01084183415426,7.78741380404797,15,NA,NA,NA
"real","MNG_CZE",-0.073693627081119,1.15757840892257,27,NA,NA,NA
"real","MNG_HRV",-1.92279024380208,8.65040792110189,23,NA,NA,NA
"real","MNP_MYS",-0.625158181701527,3.28030554203009,11,NA,NA,NA
"real","MOZ_COG",-0.866799629800409,1.68956868092846,23,NA,NA,NA
"real","MOZ_CZE",-1.25586385627745,3.54091907457771,21,NA,NA,NA
"real","MOZ_GAB",-2.01135774908074,5.50545525390985,15,NA,NA,NA
"real","MOZ_HRV",-0.650404043519527,3.11276395838215,21,NA,NA,NA
"real","MOZ_HUN",-0.739698708477281,3.53858454135089,22,NA,NA,NA
"real","MOZ_SVN",-3.21870445414677,8.24315050538337,21,NA,NA,NA
"real","MRT_BOL",-0.620037990792029,3.13031877674432,16,NA,NA,NA
"real","MRT_BRA",-2.18567448197814,9.82465643464199,27,NA,NA,NA
"real","MRT_COG",-1.65417657727495,6.85405394822737,20,NA,NA,NA
"real","MRT_COL",-1.12961911746221,3.77813811937229,22,NA,NA,NA
"real","MRT_CZE",-0.17207486775364,1.14165079840194,26,NA,NA,NA
"real","MRT_GAB",-0.766902299453684,2.64993699114101,20,NA,NA,NA
"real","MRT_HRV",-0.94108555805956,3.80147498944977,25,NA,NA,NA
"real","MSR_BGD",-2.16170281404907,8.51976295669747,13,NA,NA,NA
"real","MSR_COL",-1.99819244182486,6.19549052215877,21,NA,NA,NA
"real","MUS_ARG",-0.310377341429984,0.629548760497407,27,NA,NA,NA
"real","MUS_ATF",-1.64259255853465,5.72057788462333,26,NA,NA,NA
"real","MUS_BHR",-0.660713848254139,2.1053437640023,22,NA,NA,NA
"real","MUS_BRA",-0.51884971933148,1.52522835114103,27,NA,NA,NA
"real","MUS_CZE",-1.68492284815392,3.50056595799262,18,NA,NA,NA
"real","MUS_DOM",-0.572314756205462,1.7860462796575,21,NA,NA,NA
"real","MUS_GAB",-1.51210678045822,4.25804588774337,26,NA,NA,NA
"real","MUS_GHA",-0.776701431439515,3.92066856310398,25,NA,NA,NA
"real","MUS_GTM",-1.39022652452091,4.99444654067135,16,NA,NA,NA
"real","MUS_HND",-0.801010367698627,2.66394097099656,17,NA,NA,NA
"real","MUS_HRV",-1.43141241346361,5.07693603046392,19,NA,NA,NA
"real","MUS_IDN",-0.823943361332953,2.61697846280042,27,NA,NA,NA
"real","MUS_IRN",-1.3274223066357,5.20311919790598,24,NA,NA,NA
"real","MUS_KWT",-1.7877175431625,6.99249798056268,27,NA,NA,NA
"real","MUS_LBN",-0.403786842056078,2.29209860058507,26,NA,NA,NA
"real","MUS_MAR",-1.13838393673754,4.21808891770761,27,NA,NA,NA
"real","MUS_MDV",-1.47496113221515,4.19714891082927,25,NA,NA,NA
"real","MUS_MLT",-0.634587670712867,2.12510492952229,18,NA,NA,NA
"real","MUS_NER",-0.664307858819531,3.18223220350694,24,NA,NA,NA
"real","MUS_NGA",-1.18881749789905,3.89889049118528,27,NA,NA,NA
"real","MUS_OMN",-1.30767186894762,3.09994384044487,27,NA,NA,NA
"real","MUS_PHL",-1.48361720236208,3.91741904348841,27,NA,NA,NA
"real","MUS_PRY",-0.142048237152293,0.634856658207656,22,NA,NA,NA
"real","MUS_ROU",-1.95107094151168,6.47591775610865,18,NA,NA,NA
"real","MUS_RUS",-1.19890179083189,2.39796799298397,27,NA,NA,NA
"real","MUS_SEN",-0.904332988407346,2.27123991620629,27,NA,NA,NA
"real","MUS_SLV",-0.836001178417078,3.27666328075145,20,NA,NA,NA
"real","MUS_TGO",-0.974985807313847,5.14246061589961,27,NA,NA,NA
"real","MUS_TUR",-1.2908011507897,4.25231002830405,19,NA,NA,NA
"real","MUS_VEN",-1.01154699034991,2.59123932048337,13,NA,NA,NA
"real","MWI_BOL",-0.912200553441048,3.91111769593015,15,NA,NA,NA
"real","MWI_COL",-1.68972805391864,4.13512545477009,21,NA,NA,NA
"real","MWI_CZE",-0.0464987268746838,1.2852167370885,27,NA,NA,NA
"real","MYS_ARM",-1.30044441970128,3.23794395811143,27,NA,NA,NA
"real","MYS_AZE",-0.913965913840035,3.11650989161581,27,NA,NA,NA
"real","MYS_CZE",-0.302098896166516,0.370393812763631,27,NA,NA,NA
"real","MYS_ETH",-0.603505933367795,0.784231815181285,27,NA,NA,NA
"real","MYS_GEO",-0.51700200332768,1.2602295913061,27,NA,NA,NA
"real","MYS_KAZ",-0.639672583261439,1.21986423576263,27,NA,NA,NA
"real","MYS_KGZ",-0.823027558383097,1.9098422953654,27,NA,NA,NA
"real","MYS_LVA",-0.826384574978108,2.2871310524154,27,NA,NA,NA
"real","MYS_MDA",-0.410943317613021,0.801605880421283,27,NA,NA,NA
"real","MYS_STP",-2.12545682852577,5.0527223067584,27,NA,NA,NA
"real","MYS_UKR",-0.335277223344908,0.458942050308636,27,NA,NA,NA
"real","MYS_UZB",-0.822239985926002,1.45996065676358,27,NA,NA,NA
"real","MYS_VGB",-1.10514021285037,4.70018007971897,25,NA,NA,NA
"real","NAM_CAN",-1.39869266036749,4.94374994484576,27,NA,NA,NA
"real","NAM_CZE",0.51907469354602,7.20497048814349,22,NA,NA,NA
"real","NAM_IRL",-0.803753087750938,2.70754877684669,18,NA,NA,NA
"real","NAM_KOR",-1.16277541263314,1.58264267205012,26,NA,NA,NA
"real","NAM_MAR",-0.825003075295029,3.08405245007249,23,NA,NA,NA
"real","NAM_POL",-0.934862277595647,2.18490967069956,20,NA,NA,NA
"real","NAM_ROU",-1.61904204798277,7.19434824398364,15,NA,NA,NA
"real","NER_COL",-0.465476125341596,4.49409754835172,16,NA,NA,NA
"real","NER_CZE",-1.10557720809161,3.07997366120315,26,NA,NA,NA
"real","NER_GAB",-1.32135695097879,3.97046054471314,26,NA,NA,NA
"real","NER_POL",-0.0491884881908746,1.28120693405754,22,NA,NA,NA
"real","NER_SAU",-0.898729456357514,4.68579950216818,24,NA,NA,NA
"real","NFK_CHN",-1.77173209538022,9.07212162124635,10,NA,NA,NA
"real","NGA_BDI",-1.00567642221603,3.48853621781736,25,NA,NA,NA
"real","NGA_CAF",-1.97169908788337,3.49686878309694,26,NA,NA,NA
"real","NGA_COG",-1.50126841732982,3.6182848110238,25,NA,NA,NA
"real","NGA_CZE",-0.309620342323972,2.8126088708824,27,NA,NA,NA
"real","NGA_GAB",-1.61392175013179,1.40461103192552,26,NA,NA,NA
"real","NGA_HND",-0.383914223094532,1.50275160525524,20,NA,NA,NA
"real","NGA_MUS",-1.23725015897434,5.04906843589046,26,NA,NA,NA
"real","NIC_ARE",-0.627708015773027,1.60167039673034,24,NA,NA,NA
"real","NIC_CYM",-1.1972089103795,6.61703682483189,25,NA,NA,NA
"real","NIC_CYP",-0.538978937868062,1.56886928298464,18,NA,NA,NA
"real","NIC_CZE",-0.306980077288585,3.67538052817688,19,NA,NA,NA
"real","NIC_DMA",-2.35541195855221,5.31411240052553,24,NA,NA,NA
"real","NIC_GRD",-1.91318797533448,6.55185665298538,9,NA,NA,NA
"real","NIC_KNA",-1.72160569821393,5.95093983312545,9,NA,NA,NA
"real","NIC_RUS",-0.140054133143981,1.44479231140335,27,NA,NA,NA
"real","NIU_CZE",0.0980269239395525,7.31432438753757,25,NA,NA,NA
"real","NIU_GBR",0.855730408650939,4.67773301803933,18,NA,NA,NA
"real","NIU_HRV",0.530923544316208,4.2305123230321,13,NA,NA,NA
"real","NLD_ETH",0.167568762434514,0.268197625857044,27,NA,NA,NA
"real","NOR_ABW",-1.46835468009581,3.50030010782294,27,NA,NA,NA
"real","NOR_AFG",-0.361674245680759,0.983284594699742,26,NA,NA,NA
"real","NOR_AGO",-0.519144380100442,0.963188305630814,27,NA,NA,NA
"real","NOR_ALB",-0.513724245063247,1.61569404976989,16,NA,NA,NA
"real","NOR_AND",-0.195576270766727,1.2114369401204,27,NA,NA,NA
"real","NOR_ANT",-1.15321995181799,2.57398089799875,18,NA,NA,NA
"real","NOR_ATG",-1.06952746619849,1.91839201881723,27,NA,NA,NA
"real","NOR_AZE",-0.698451733166602,1.63121147086995,27,NA,NA,NA
"real","NOR_BDI",-0.638197738241148,2.12855833273465,27,NA,NA,NA
"real","NOR_BEN",-0.764595938640242,1.696320060217,27,NA,NA,NA
"real","NOR_BFA",-1.39352943064206,1.88665895163604,27,NA,NA,NA
"real","NOR_BHR",-0.187326539054878,0.446920119721122,20,NA,NA,NA
"real","NOR_BIH",0.357289735119352,1.08308309880326,21,NA,NA,NA
"real","NOR_BLR",-0.45099597487471,0.886979796412941,27,NA,NA,NA
"real","NOR_BMU",-1.49750745872332,7.26627030827627,27,NA,NA,NA
"real","NOR_BRB",-0.300168867903663,0.883367596675888,27,NA,NA,NA
"real","NOR_BTN",-0.645176930020611,1.62491933291261,27,NA,NA,NA
"real","NOR_CAF",-0.633356299981151,2.27644103290254,26,NA,NA,NA
"real","NOR_CIV",-0.286222930356291,0.517507818879045,27,NA,NA,NA
"real","NOR_COD",-0.117466961097039,0.319577902980409,27,NA,NA,NA
"real","NOR_COG",-1.43103177420765,1.65234366997539,27,NA,NA,NA
"real","NOR_COM",-1.25372768338733,3.03359670493391,21,NA,NA,NA
"real","NOR_CPV",-0.729156980660081,3.04105751220378,27,NA,NA,NA
"real","NOR_CYM",-1.10112021813648,3.01800590694322,27,NA,NA,NA
"real","NOR_DJI",-0.35910009226798,1.54449958705249,27,NA,NA,NA
"real","NOR_DMA",-0.283778073905259,1.36196269947808,27,NA,NA,NA
"real","NOR_DOM",-0.0902139148475865,0.0952452133835747,27,NA,NA,NA
"real","NOR_ETH",0.158540237339161,0.757162597203555,27,NA,NA,NA
"real","NOR_FJI",-0.401561637670429,1.08553347544987,27,NA,NA,NA
"real","NOR_GAB",-0.318186593579779,0.81986422938893,27,NA,NA,NA
"real","NOR_GEO",-0.424136668282232,0.898822020770226,23,NA,NA,NA
"real","NOR_GHA",-0.122897188295809,0.144695905236742,27,NA,NA,NA
"real","NOR_GIB",-1.17152328071933,2.18581553346448,27,NA,NA,NA
"real","NOR_GIN",-0.648425857350968,1.57130506921187,27,NA,NA,NA
"real","NOR_GNB",-1.87092984488533,2.83688067997062,22,NA,NA,NA
"real","NOR_GRD",-0.21776036720711,0.543572879663289,27,NA,NA,NA
"real","NOR_GRL",-0.35611869788275,1.02828537771636,27,NA,NA,NA
"real","NOR_HTI",-0.370627762270994,0.986306071240377,27,NA,NA,NA
"real","NOR_IRN",-0.0620801938695504,0.248917097805604,27,NA,NA,NA
"real","NOR_KAZ",-1.14320397400618,1.52239296185852,27,NA,NA,NA
"real","NOR_KHM",-0.482283065254463,2.58570431742398,27,NA,NA,NA
"real","NOR_KNA",-2.12484932759848,9.28371255813519,26,NA,NA,NA
"real","NOR_LAO",-0.751518262874523,2.1920660416496,27,NA,NA,NA
"real","NOR_LBY",-0.493091094550932,1.16391818745037,27,NA,NA,NA
"real","NOR_MDV",-0.293972646977557,2.07199168069587,27,NA,NA,NA
"real","NOR_MKD",-0.420508804762432,1.79416061213475,8,NA,NA,NA
"real","NOR_MLI",-0.244022561340911,0.632946540918874,27,NA,NA,NA
"real","NOR_MNG",-0.294344304601851,1.62402492545748,27,NA,NA,NA
"real","NOR_MNP",-0.598244058259677,3.0345021860425,17,NA,NA,NA
"real","NOR_MOZ",-0.0887465739394328,1.18635249797429,27,NA,NA,NA
"real","NOR_MRT",-2.80602251505432,5.57696112180541,26,NA,NA,NA
"real","NOR_MUS",-0.325206252579577,0.773445084655435,27,NA,NA,NA
"real","NOR_NER",-1.01000378617125,1.86086019159775,27,NA,NA,NA
"real","NOR_NIC",-0.237762058122579,1.10889479250134,27,NA,NA,NA
"real","NOR_PAN",-0.281032799730315,1.54507324149432,20,NA,NA,NA
"real","NOR_PCN",-1.58639302065101,4.47859858647415,8,NA,NA,NA
"real","NOR_PNG",-0.392608240593725,1.17175903759352,27,NA,NA,NA
"real","NOR_PYF",-0.232400783041272,0.699549948398735,27,NA,NA,NA
"real","NOR_RUS",-0.0259629429802329,0.068805503890125,27,NA,NA,NA
"real","NOR_SDN",-0.181204704964111,0.465039688163591,27,NA,NA,NA
"real","NOR_SEN",-0.153078603631412,1.00544832777668,27,NA,NA,NA
"real","NOR_SLB",-0.684360599982574,2.38670305832641,18,NA,NA,NA
"real","NOR_SLV",-1.16817286997913,2.11041992747343,27,NA,NA,NA
"real","NOR_SOM",-0.530594607959057,1.6549611278419,27,NA,NA,NA
"real","NOR_STP",-1.29641043383792,4.93933499411754,20,NA,NA,NA
"real","NOR_SUR",-0.536929728227827,1.16420707078104,27,NA,NA,NA
"real","NOR_SYC",-0.306164652614179,0.801215897970804,27,NA,NA,NA
"real","NOR_SYR",-0.614723545298839,0.64893966666711,27,NA,NA,NA
"real","NOR_TCD",-0.778187288606829,2.98136223966012,23,NA,NA,NA
"real","NOR_TGO",-1.35869847583244,2.7603204503736,27,NA,NA,NA
"real","NOR_TKL",-0.2767429398609,3.9168744715899,14,NA,NA,NA
"real","NOR_TON",-0.887783138457663,3.76989216862133,20,NA,NA,NA
"real","NOR_TUV",-1.33776699320843,3.43396167304825,10,NA,NA,NA
"real","NOR_TZA",-0.255075673183416,0.922340915878256,27,NA,NA,NA
"real","NOR_UGA",-0.240925677985809,1.00330901243997,27,NA,NA,NA
"real","NOR_UKR",-0.0860305596448419,0.205878121649602,18,NA,NA,NA
"real","NOR_UZB",-0.300488391307781,1.08138733000362,26,NA,NA,NA
"real","NOR_VCT",-1.13751468148675,2.59836615661266,27,NA,NA,NA
"real","NOR_VGB",-0.85272219545075,2.78046212165689,27,NA,NA,NA
"real","NOR_VNM",-0.65116962736468,0.810379542236564,27,NA,NA,NA
"real","NOR_VUT",-2.86456506364316,7.28610315621582,21,NA,NA,NA
"real","NOR_WSM",-1.37553152657506,3.13399997992706,20,NA,NA,NA
"real","NOR_YEM",-0.921576208891167,2.0148077136264,27,NA,NA,NA
"real","NOR_ZMB",-1.16391588412197,1.62298079949057,27,NA,NA,NA
"real","NPL_BRN",-1.13148705940991,2.68108067209072,22,NA,NA,NA
"real","NPL_CZE",-0.413418723053136,0.671371055216556,27,NA,NA,NA
"real","NPL_MAC",-0.865783564250515,1.83537968443182,19,NA,NA,NA
"real","NPL_MAR",-0.843908258842207,2.63645350972518,18,NA,NA,NA
"real","NPL_NOR",-0.303400542701857,0.730881651397893,27,NA,NA,NA
"real","NRU_AUT",-1.42228931291911,6.84196749918264,21,NA,NA,NA
"real","NRU_BOL",-1.73674199801831,4.87661807462568,16,NA,NA,NA
"real","NRU_COL",-0.636750097807312,3.62157555639853,15,NA,NA,NA
"real","NRU_CZE",-1.47403213802031,6.32568750802848,26,NA,NA,NA
"real","NRU_TWN",-0.510997573223168,2.72028151188714,24,NA,NA,NA
"real","NZL_ARM",-1.442418730016,4.95488121245357,22,NA,NA,NA
"real","NZL_COM",-0.515658521233625,1.37577544087034,17,NA,NA,NA
"real","NZL_CPV",-1.73768255254236,3.87780680264679,21,NA,NA,NA
"real","NZL_CXR",-2.61509579055057,6.02559405681072,11,NA,NA,NA
"real","NZL_CZE",-0.0135655504912902,0.0516682393251389,27,NA,NA,NA
"real","NZL_EST",-0.414821988424732,1.76129308619,27,NA,NA,NA
"real","NZL_ETH",-0.378899857766281,0.989800150088529,26,NA,NA,NA
"real","NZL_GEO",-0.437580896502704,2.5127271692735,25,NA,NA,NA
"real","NZL_GIN",-0.81625094586937,2.82969708259587,24,NA,NA,NA
"real","NZL_LTU",-0.528845170118414,1.85414859716934,26,NA,NA,NA
"real","NZL_MSR",-1.62241351087206,5.7246545934028,10,NA,NA,NA
"real","NZL_SVK",-0.125744834976994,0.464015038052191,27,NA,NA,NA
"real","NZL_UZB",-1.15763094745614,5.41764597105359,22,NA,NA,NA
"real","OMN_AFG",-0.348514066308774,3.20873484580898,25,NA,NA,NA
"real","OMN_CZE",-2.29186915530411,7.28339710086898,24,NA,NA,NA
"real","OMN_ETH",-0.742564719537522,0.997903575448639,27,NA,NA,NA
"real","OMN_GMB",-0.949080014353745,3.39105199952789,21,NA,NA,NA
"real","OMN_HRV",-1.01019394189516,2.53737334585198,25,NA,NA,NA
"real","OMN_JAM",-1.25927024475192,3.82506680339,16,NA,NA,NA
"real","OMN_NIC",-2.26629004673162,11.1024655274014,12,NA,NA,NA
"real","OMN_PAN",-0.667651121493515,2.39176465905641,11,NA,NA,NA
"real","OMN_RUS",-0.0759367986386673,1.78405285950863,27,NA,NA,NA
"real","OMN_VNM",-1.34078334263512,2.6434927645986,24,NA,NA,NA
"real","PAK_BDI",-0.915313975984046,1.58216574666477,27,NA,NA,NA
"real","PAK_BIH",-0.656742261738679,3.21879387667923,20,NA,NA,NA
"real","PAK_CRI",-0.622628023897482,1.37524578155816,27,NA,NA,NA
"real","PAK_CZE",-0.215884100653968,0.104922457128586,27,NA,NA,NA
"real","PAK_DOM",-0.340321926815103,1.68336476584354,20,NA,NA,NA
"real","PAK_GNB",-0.901236435544776,1.88045994611286,24,NA,NA,NA
"real","PAK_GRD",-1.09670486870872,2.89049797586705,26,NA,NA,NA
"real","PAK_KNA",-2.86198945770249,3.47088846591754,26,NA,NA,NA
"real","PAK_MNG",-0.60808529166317,1.34312934872773,27,NA,NA,NA
"real","PAK_NRU",0.463179208296406,1.94790569022283,10,NA,NA,NA
"real","PAK_SLV",-0.938711633291777,2.48068505093139,27,NA,NA,NA
"real","PAK_UKR",-0.995487367016829,2.77882746392184,27,NA,NA,NA
"real","PAK_VCT",-0.410364665194214,0.87225439665048,26,NA,NA,NA
"real","PAN_ARE",-0.956364567871516,3.87114356436731,16,NA,NA,NA
"real","PAN_CZE",-0.597520728674421,6.04472154098791,19,NA,NA,NA
"real","PAN_DMA",-0.250480338049066,0.96492313886293,25,NA,NA,NA
"real","PAN_GAB",-2.36712071380871,6.01712072495196,11,NA,NA,NA
"real","PAN_GRD",-0.555841477150711,1.03261237069203,27,NA,NA,NA
"real","PAN_KNA",-0.0709877496136504,0.290862236566964,24,NA,NA,NA
"real","PAN_VCT",-0.153820334389775,0.721229454132058,26,NA,NA,NA
"real","PCN_COL",-1.49047117349874,8.32454484173669,25,NA,NA,NA
"real","PER_CAF",-0.594344209486377,3.71539734526338,8,NA,NA,NA
"real","PER_CZE",0.483402123284584,0.991331438140851,19,NA,NA,NA
"real","PER_GAB",-0.436503994985529,0.989087608162689,25,NA,NA,NA
"real","PER_KNA",-1.58144629044895,4.15699949187736,23,NA,NA,NA
"real","PER_MUS",-0.325583305435876,1.34935872873721,27,NA,NA,NA
"real","PER_PYF",-0.133245178911872,0.586308558970893,26,NA,NA,NA
"real","PHL_ATG",-0.425326589390698,1.46560905500621,24,NA,NA,NA
"real","PHL_BDI",-0.755831968760816,2.77097437417748,21,NA,NA,NA
"real","PHL_BTN",-1.04218270212057,4.15455269945843,25,NA,NA,NA
"real","PHL_CAF",-1.53849531637308,4.06448231336397,17,NA,NA,NA
"real","PHL_CZE",-0.542774887261885,0.865432264709402,27,NA,NA,NA
"real","PHL_DMA",-2.64751929445748,7.20476587976563,23,NA,NA,NA
"real","PHL_DOM",-0.831696998552415,2.12155536533041,27,NA,NA,NA
"real","PHL_GAB",-1.54788817063746,4.12181688529668,25,NA,NA,NA
"real","PHL_GTM",-0.143941232304243,0.230667759524504,27,NA,NA,NA
"real","PHL_PAN",-0.732803152424425,3.89998607938067,27,NA,NA,NA
"real","PHL_RUS",-0.927150475549712,1.80432335154613,27,NA,NA,NA
"real","PHL_SVN",-0.422474890709252,2.00963260556814,27,NA,NA,NA
"real","PHL_VCT",-0.571469737555459,1.84065931243767,25,NA,NA,NA
"real","PNG_BGD",-2.29658823358351,6.23602262000191,15,NA,NA,NA
"real","PNG_ISR",-0.542770532133033,2.73374857031744,16,NA,NA,NA
"real","POL_BDI",-0.952492436138159,4.13154321360468,25,NA,NA,NA
"real","POL_BIH",-0.650462811540538,1.57093736587608,13,NA,NA,NA
"real","POL_CAF",-0.70791565893436,1.998542457713,23,NA,NA,NA
"real","POL_GAB",-0.52179782104961,0.862032844682145,27,NA,NA,NA
"real","POL_GEO",-0.42111107143226,0.399151873077005,20,NA,NA,NA
"real","POL_GRD",-0.51498214809652,1.80640254473301,14,NA,NA,NA
"real","POL_GTM",0.121770862946698,0.867968674095581,19,NA,NA,NA
"real","POL_IRN",-0.139433298346009,1.15558856681616,27,NA,NA,NA
"real","POL_KNA",-0.455077812522922,2.04641330544055,12,NA,NA,NA
"real","POL_MKD",-0.0644422425390112,0.190005034637448,10,NA,NA,NA
"real","POL_MUS",-0.801712817854698,1.22002066975822,18,NA,NA,NA
"real","POL_NIC",-0.304873247922778,1.00426556998901,19,NA,NA,NA
"real","POL_SDN",0.150014723178307,0.921577525105703,27,NA,NA,NA
"real","POL_SWZ",-1.57311402004702,4.54768086737888,15,NA,NA,NA
"real","POL_UGA",-0.771691489929366,1.54331428633286,27,NA,NA,NA
"real","POL_VCT",-1.97713565197362,3.29442402411289,14,NA,NA,NA
"real","PRK_CAF",-0.500373853478009,2.17916487720288,25,NA,NA,NA
"real","PRK_COG",-2.5265481522444,5.35172638380665,16,NA,NA,NA
"real","PRK_CZE",-0.755423457924722,3.2431891985831,27,NA,NA,NA
"real","PRK_DMA",-0.578026362098973,3.4720967053105,17,NA,NA,NA
"real","PRK_GAB",-0.703255767520849,1.77670044080226,15,NA,NA,NA
"real","PRK_GBR",-0.387374326984898,1.48700954483713,27,NA,NA,NA
"real","PRK_GRD",-1.01136489421356,3.88486323080263,22,NA,NA,NA
"real","PRK_GTM",-0.852340414330575,4.142332767531,27,NA,NA,NA
"real","PRK_HRV",-0.934687942356318,5.15024538186354,25,NA,NA,NA
"real","PRK_KNA",-0.51249687515376,2.92408013936388,24,NA,NA,NA
"real","PRK_TWN",-0.685667611468716,1.31463795154468,24,NA,NA,NA
"real","PRK_VCT",-0.327884470869025,2.51443964412274,22,NA,NA,NA
"real","PRT_BTN",-1.43437105813112,8.39767440527626,14,NA,NA,NA
"real","PRT_ETH",-0.204391914951858,0.613470039503849,27,NA,NA,NA
"real","PRT_KAZ",-0.474562983035507,0.481587013231658,27,NA,NA,NA
"real","PRT_LAO",-1.10603537332624,4.4817604151864,22,NA,NA,NA
"real","PRY_CZE",-0.536732201723825,1.45000561505426,27,NA,NA,NA
"real","PRY_IRN",-0.809211151729762,4.03584981209094,17,NA,NA,NA
"real","PRY_KWT",-1.83995838623453,4.4656036387337,23,NA,NA,NA
"real","PRY_MDG",-1.58234947964953,7.23639384770111,24,NA,NA,NA
"real","PRY_MUS",-3.20368127403116,15.0575062509632,23,NA,NA,NA
"real","PRY_NIC",-0.797349687948592,1.1254171151735,27,NA,NA,NA
"real","PYF_HRV",-1.21139599527952,4.45982299384932,13,NA,NA,NA
"real","QAT_BDI",-1.24530534101939,8.63965973234022,16,NA,NA,NA
"real","QAT_BOL",-1.50943310293131,7.95017926552479,16,NA,NA,NA
"real","QAT_CZE",-1.46058680115485,2.7768614222845,24,NA,NA,NA
"real","QAT_DZA",-2.46242707159657,12.8957851978702,12,NA,NA,NA
"real","QAT_JAM",-0.508845821778226,2.34320840376064,14,NA,NA,NA
"real","QAT_NOR",-1.10135809756578,3.06036847979382,20,NA,NA,NA
"real","ROU_ABW",-3.27147400024337,11.0003928930751,8,NA,NA,NA
"real","ROU_COM",-0.637490965219539,4.00620843345765,25,NA,NA,NA
"real","ROU_ETH",-0.831309924591077,1.48901241807743,27,NA,NA,NA
"real","ROU_GRD",0.0470102946872427,0.438225583051129,14,NA,NA,NA
"real","ROU_KGZ",-0.686954567325461,1.05406276105681,27,NA,NA,NA
"real","ROU_KNA",-0.8630851411699,2.30308115064926,10,NA,NA,NA
"real","ROU_SUR",-0.8902284516587,2.52097661546619,9,NA,NA,NA
"real","ROU_VGB",-2.3866328914003,3.73699812978114,13,NA,NA,NA
"real","RUS_ARG",-0.221027407751417,0.150102445344704,27,NA,NA,NA
"real","RUS_BDI",-1.33969521762184,3.28807859431962,26,NA,NA,NA
"real","RUS_BLZ",-1.41276399047883,5.19458669912534,27,NA,NA,NA
"real","RUS_BRB",-2.81219291328935,4.74896734048693,25,NA,NA,NA
"real","RUS_COG",-0.79039479224143,2.84948880113144,26,NA,NA,NA
"real","RUS_CZE",0.264960869633254,0.269474273972008,27,NA,NA,NA
"real","RUS_DMA",-1.45266865442153,6.74542925391825,24,NA,NA,NA
"real","RUS_EGY",-0.331824947842478,2.27617969490962,27,NA,NA,NA
"real","RUS_GAB",-0.385839448522864,1.52876105308817,26,NA,NA,NA
"real","RUS_GBR",-0.084679261868113,0.0420608273863977,27,NA,NA,NA
"real","RUS_GRD",-1.56145436510761,6.75766841055536,24,NA,NA,NA
"real","RUS_GTM",-0.0350314975704782,0.583085143905583,27,NA,NA,NA
"real","RUS_JOR",-0.484467173012122,3.49994580366342,27,NA,NA,NA
"real","RUS_MUS",-0.403661096690143,0.905617621272715,27,NA,NA,NA
"real","RUS_NIC",-0.000202280933191157,0.201278400552236,27,NA,NA,NA
"real","RUS_NOR",0.150511487432402,0.099308958538765,27,NA,NA,NA
"real","RUS_PHL",-0.531513573926356,1.94582597118558,27,NA,NA,NA
"real","RUS_VCT",-1.46385358820309,6.60980351386051,27,NA,NA,NA
"real","RWA_CZE",-0.848396124655563,3.87633359246804,27,NA,NA,NA
"real","RWA_DZA",-4.64089638271632,14.8982773251286,8,NA,NA,NA
"real","RWA_ECU",-1.59398797257292,5.81981543315291,10,NA,NA,NA
"real","RWA_TUN",-1.04526494062701,5.0159893634904,19,NA,NA,NA
"real","RWA_TUR",-1.27456295993838,5.6580935962124,20,NA,NA,NA
"real","SAU_AZE",-0.453561261916555,0.98779103127899,26,NA,NA,NA
"real","SAU_BDI",-1.92438141312195,5.43404806235927,26,NA,NA,NA
"real","SAU_BGR",-1.09317666444934,2.32933947143506,26,NA,NA,NA
"real","SAU_BOL",-3.15398824595686,5.72565468721319,25,NA,NA,NA
"real","SAU_CZE",-0.697360576011127,0.856445047220194,27,NA,NA,NA
"real","SAU_ETH",-0.246220861649362,0.900183118806618,27,NA,NA,NA
"real","SAU_HTI",-0.716360864583491,2.24242873420568,13,NA,NA,NA
"real","SAU_ISL",-0.749684787958686,2.34219595803181,18,NA,NA,NA
"real","SAU_MDV",-0.201997327681235,1.13957479426214,26,NA,NA,NA
"real","SAU_SVK",-0.637927286359283,1.30060528123055,27,NA,NA,NA
"real","SAU_TJK",-0.0629428529823654,0.971568259565416,15,NA,NA,NA
"real","SDN_CAF",-2.43995716483916,7.16104844969535,17,NA,NA,NA
"real","SDN_CZE",-0.0130818537637308,4.51899615346481,27,NA,NA,NA
"real","SDN_GRD",-1.38002126741168,7.59969217035729,14,NA,NA,NA
"real","SDN_GTM",-0.411516686165211,4.20519130334333,23,NA,NA,NA
"real","SEN_BGR",-1.22434577327751,4.31008825703525,21,NA,NA,NA
"real","SEN_BOL",-1.44942490435223,8.55601399857163,20,NA,NA,NA
"real","SEN_CAF",-0.466546805914376,1.1232567548508,27,NA,NA,NA
"real","SEN_CZE",-0.111112471097136,1.26993822230632,27,NA,NA,NA
"real","SEN_DZA",-0.40125931467021,1.6160681719521,27,NA,NA,NA
"real","SEN_MEX",-0.259611367384498,1.54404512377296,25,NA,NA,NA
"real","SEN_MUS",-1.54893217953059,3.73456015330818,27,NA,NA,NA
"real","SEN_NZL",-1.80685753825928,8.92415266121919,21,NA,NA,NA
"real","SEN_TZA",-0.693233909750995,2.31572193231549,26,NA,NA,NA
"real","SGP_ARM",-0.100150524907639,0.22367486937768,23,NA,NA,NA
"real","SGP_BDI",-0.312788067080307,0.689097610372702,27,NA,NA,NA
"real","SGP_BTN",-0.243780882694168,0.542633129743712,22,NA,NA,NA
"real","SGP_CZE",-0.324640998952453,0.335498993025528,25,NA,NA,NA
"real","SGP_DMA",-0.396941486439348,1.98856789502588,27,NA,NA,NA
"real","SGP_ETH",0.215325823450527,0.406065358581743,27,NA,NA,NA
"real","SGP_KNA",-0.909862050507348,2.06178681346733,25,NA,NA,NA
"real","SGP_SVK",-0.202903644986892,0.378809853382416,25,NA,NA,NA
"real","SHN_BOL",-2.27115713742987,10.145144982773,12,NA,NA,NA
"real","SLB_CZE",-1.64238555886199,6.57218648959006,22,NA,NA,NA
"real","SLB_IRL",-1.49830622788923,6.81827641129225,20,NA,NA,NA
"real","SLE_CHN",-3.67246596993252,14.7489503971423,23,NA,NA,NA
"real","SLE_CZE",-0.0152736552189618,0.728150843403049,27,NA,NA,NA
"real","SLE_DMA",-1.13644921670026,4.46267844663057,14,NA,NA,NA
"real","SLE_EGY",-0.588417022402736,2.84566981269926,20,NA,NA,NA
"real","SLE_HRV",-0.917729570178339,4.4927929632984,19,NA,NA,NA
"real","SLE_SAU",-2.93986790367261,6.06733989815981,22,NA,NA,NA
"real","SLV_ARE",-1.21135647028454,2.60322043480742,20,NA,NA,NA
"real","SLV_ARG",-0.316316526402447,0.611701757547758,27,NA,NA,NA
"real","SLV_CZE",-0.481223963520224,1.46398400987268,19,NA,NA,NA
"real","SLV_DMA",-0.948733903498214,2.83309178075711,23,NA,NA,NA
"real","SLV_GAB",-1.94443205164211,3.94982623022954,8,NA,NA,NA
"real","SLV_IRL",-1.05791103488499,1.92958340637143,19,NA,NA,NA
"real","SLV_KNA",-0.527113253153903,1.52766268392276,23,NA,NA,NA
"real","SLV_MUS",-3.68891464346087,7.225664452749,23,NA,NA,NA
"real","SLV_SAU",-1.1439243436124,2.94381431880315,26,NA,NA,NA
"real","SLV_VCT",-0.39257415435967,0.929626835383165,25,NA,NA,NA
"real","SLV_ZAF",-0.827253848986365,2.03914910526861,26,NA,NA,NA
"real","SOM_COL",-0.471180028776462,5.35596908766627,12,NA,NA,NA
"real","SOM_CZE",-1.19870260191814,5.73834850876168,22,NA,NA,NA
"real","SOM_MAR",-0.936676966854429,1.88589557297989,20,NA,NA,NA
"real","SOM_NOR",-0.260818417819617,2.55068936461191,14,NA,NA,NA
"real","STP_CZE",-0.908977080438569,2.17525399812535,26,NA,NA,NA
"real","STP_FIN",-2.03672081482355,8.38172400726252,16,NA,NA,NA
"real","SUR_CZE",-0.435809144881968,1.39468062112323,14,NA,NA,NA
"real","SUR_HRV",-1.26717334750787,5.11947848316722,18,NA,NA,NA
"real","SUR_ROU",-0.958936595966241,2.8538644239406,9,NA,NA,NA
"real","SUR_SAU",-1.65198454865455,4.37969384204294,22,NA,NA,NA
"real","SUR_SVN",-0.892569291025028,3.11860761960848,13,NA,NA,NA
"real","SUR_TUR",-0.477940719952666,2.54394082067415,22,NA,NA,NA
"real","SVK_ARE",-0.259739496211007,0.151967185825854,27,NA,NA,NA
"real","SVK_AUS",-0.692281311429494,0.796898895786717,27,NA,NA,NA
"real","SVK_BOL",-0.488993654544131,0.924464451352701,27,NA,NA,NA
"real","SVK_BRA",-0.0630208835414702,0.186766223883841,27,NA,NA,NA
"real","SVK_CHN",-0.778632728385183,1.07591474291137,27,NA,NA,NA
"real","SVK_HRV",0.0561042937372732,0.0824228711811525,9,NA,NA,NA
"real","SVK_IND",0.564925751198239,1.01054627604867,27,NA,NA,NA
"real","SVK_JAM",-0.079591739468874,1.7791405488785,14,NA,NA,NA
"real","SVK_JOR",-0.694399999974619,3.48047680283003,10,NA,NA,NA
"real","SVK_JPN",-0.164392664897362,0.33470560683141,25,NA,NA,NA
"real","SVK_KOR",-0.162728973257281,0.17594166818728,17,NA,NA,NA
"real","SVK_KWT",-0.75419059351872,1.56352618256957,27,NA,NA,NA
"real","SVK_LKA",-0.650987137375738,1.38252360598261,27,NA,NA,NA
"real","SVK_NZL",-0.829410485045852,1.57058049648937,27,NA,NA,NA
"real","SVK_SAU",-0.409371925675358,0.370448235630075,27,NA,NA,NA
"real","SVK_SGP",-0.347526413215224,0.367909613158618,25,NA,NA,NA
"real","SVK_USA",-0.234611393331623,0.124938502148762,27,NA,NA,NA
"real","SVN_ARE",0.0853365640484567,0.100304768186207,27,NA,NA,NA
"real","SVN_BOL",-0.1870115970508,0.283969112792795,27,NA,NA,NA
"real","SVN_CHN",-0.478797616604199,0.370167996687479,27,NA,NA,NA
"real","SVN_CYP",-0.0239758556661441,0.141633311641849,10,NA,NA,NA
"real","SVN_DOM",-0.589266564397223,1.52170489372831,14,NA,NA,NA
"real","SVN_IRN",-0.173793062054998,1.07488607355387,27,NA,NA,NA
"real","SVN_JOR",-0.388702992529255,1.82885891634546,10,NA,NA,NA
"real","SVN_KEN",-0.303776964186767,1.14691526397497,27,NA,NA,NA
"real","SVN_MAR",-0.157408079625826,0.266298414897334,10,NA,NA,NA
"real","SVN_PHL",-0.957841206140045,1.45453280898898,27,NA,NA,NA
"real","SWE_ETH",-0.130408525621269,0.430061429374668,27,NA,NA,NA
"real","SWE_NRU",0.0205193327157221,3.29110208283455,15,NA,NA,NA
"real","SWE_TKM",-0.760983621909788,1.0715622603735,27,NA,NA,NA
"real","SWZ_COG",-3.70170762640247,9.40988300801714,15,NA,NA,NA
"real","SWZ_CZE",-0.0840502727015005,1.59270127939664,22,NA,NA,NA
"real","SYC_COL",-3.14635927732872,14.8810922988151,18,NA,NA,NA
"real","SYC_CZE",-0.75181716912742,2.33107239251497,16,NA,NA,NA
"real","SYC_JAM",-0.822167563004,2.60645846052173,10,NA,NA,NA
"real","SYC_SAU",-4.10511445707283,18.9964182473111,21,NA,NA,NA
"real","SYR_BRN",-0.653806559338156,1.59608239878239,17,NA,NA,NA
"real","SYR_CZE",-0.873698561692543,1.24957885830498,10,NA,NA,NA
"real","SYR_GRD",-0.305254849590224,0.972534084657422,14,NA,NA,NA
"real","SYR_NZL",-2.0609931951499,2.65409220126648,26,NA,NA,NA
"real","SYR_SVN",-2.26447011938349,4.3759973934932,10,NA,NA,NA
"real","TCA_BRA",-2.42251890716775,5.87269940174941,23,NA,NA,NA
"real","TCA_COG",-0.49995779557103,3.57944941623838,9,NA,NA,NA
"real","TCA_MUS",-0.231037154632828,1.947175765766,15,NA,NA,NA
"real","TCD_BOL",-0.615312214653094,7.4915127895753,8,NA,NA,NA
"real","TCD_MDG",-0.58119027775103,8.38400874696796,14,NA,NA,NA
"real","TCD_MUS",-2.8301641962789,13.0989838792194,20,NA,NA,NA
"real","TGO_CAF",-0.300368347249135,1.47229715107722,26,NA,NA,NA
"real","TGO_COG",-1.13064812340302,1.70519277727432,26,NA,NA,NA
"real","TGO_CZE",-0.700288710361204,3.8004600209756,27,NA,NA,NA
"real","TGO_GAB",-1.02229383201505,1.32505796614171,27,NA,NA,NA
"real","TGO_HUN",-1.53299299889259,7.12480089973688,20,NA,NA,NA
"real","THA_ABW",-0.277419652416854,0.753688795713238,27,NA,NA,NA
"real","THA_AIA",-1.08322718850156,4.40497041740877,25,NA,NA,NA
"real","THA_AZE",-0.415026253460488,0.512198808965763,27,NA,NA,NA
"real","THA_BLR",-0.953108610982049,2.7508867088143,27,NA,NA,NA
"real","THA_COM",-0.185978610122274,0.745247078422228,27,NA,NA,NA
"real","THA_CXR",-0.861032537861193,3.03734097069417,17,NA,NA,NA
"real","THA_CZE",-0.438114477108661,0.425201558026885,27,NA,NA,NA
"real","THA_EST",-0.324777662568786,0.735219736572819,27,NA,NA,NA
"real","THA_ETH",-0.303568651854005,0.274017480864516,27,NA,NA,NA
"real","THA_KGZ",0.0710515810456267,0.633171894886626,27,NA,NA,NA
"real","THA_KNA",-1.60761787610194,2.6165794124331,27,NA,NA,NA
"real","THA_LTU",-0.68050904752673,1.27369359268506,27,NA,NA,NA
"real","THA_MDA",-0.619177646936903,1.23261559987004,27,NA,NA,NA
"real","THA_MHL",-1.20900684956008,1.50505778833259,27,NA,NA,NA
"real","THA_NIU",-0.488248644941015,3.96312742265115,16,NA,NA,NA
"real","THA_TCA",-1.22206289671831,4.1239560105674,26,NA,NA,NA
"real","THA_TJK",-0.726734141303978,1.6193864873502,24,NA,NA,NA
"real","THA_UKR",-0.383464229824498,0.373905479949712,27,NA,NA,NA
"real","THA_VCT",-0.305446558351067,0.607466747356056,26,NA,NA,NA
"real","TJK_ARE",-2.16914807560981,6.94378432775352,14,NA,NA,NA
"real","TJK_CAN",-1.92592383332097,5.68151377680535,26,NA,NA,NA
"real","TJK_CZE",-0.815866796072339,2.7825459943948,27,NA,NA,NA
"real","TJK_DNK",-1.44572758979466,7.71439820126598,24,NA,NA,NA
"real","TJK_FIN",-2.5682297729302,7.33843685236601,22,NA,NA,NA
"real","TJK_GBR",-1.08593138074744,3.49910526177461,27,NA,NA,NA
"real","TJK_GRC",-1.58119322947686,8.75035260191926,24,NA,NA,NA
"real","TJK_HRV",-1.84306330081044,6.33476589136699,25,NA,NA,NA
"real","TJK_HUN",-1.79231876703386,4.60540525922625,25,NA,NA,NA
"real","TJK_IND",-0.53553548127217,1.3779859278253,26,NA,NA,NA
"real","TJK_KOR",-1.37502619797729,5.74685766079923,27,NA,NA,NA
"real","TJK_NLD",-1.37290700747556,3.09401167484543,27,NA,NA,NA
"real","TJK_NOR",-2.80749084041869,13.8409962638691,26,NA,NA,NA
"real","TKL_BOL",-0.786960764840263,3.27750570715736,12,NA,NA,NA
"real","TKL_CZE",-1.24103174948236,2.33234993362325,27,NA,NA,NA
"real","TKM_AUT",-0.778778622773276,4.7000091173667,27,NA,NA,NA
"real","TKM_COL",-1.41161000264061,8.57641345775594,24,NA,NA,NA
"real","TKM_CYP",-4.48934609737553,15.9128292334244,16,NA,NA,NA
"real","TKM_CZE",-0.496601480774598,7.17705719062826,27,NA,NA,NA
"real","TKM_EGY",-1.32468833990596,8.04921878913746,18,NA,NA,NA
"real","TKM_GBR",-1.02021066940587,2.99104089664369,27,NA,NA,NA
"real","TKM_GRC",-0.284002441329882,1.14106925358414,26,NA,NA,NA
"real","TKM_HUN",-3.51388044461032,17.190346185807,26,NA,NA,NA
"real","TKM_IND",0.283974375187624,1.75084485572989,27,NA,NA,NA
"real","TKM_IRL",-1.34366166653018,5.6714152241886,26,NA,NA,NA
"real","TKM_MYS",-1.04648790660174,4.67379058166318,27,NA,NA,NA
"real","TKM_NOR",-0.470454431659943,3.64424571603221,22,NA,NA,NA
"real","TTO_BDI",-0.94134301880009,7.29913844160271,8,NA,NA,NA
"real","TTO_CZE",-2.58696365218935,7.03492098849304,14,NA,NA,NA
"real","TTO_HRV",-0.42343175284706,2.65616327604547,16,NA,NA,NA
"real","TTO_LBN",-0.775314041001025,3.27615318224061,23,NA,NA,NA
"real","TTO_MRT",-2.23202023819574,5.14457891190251,8,NA,NA,NA
"real","TTO_OMN",-1.46282610251298,5.29284719873604,20,NA,NA,NA
"real","TTO_TGO",-2.58509470025171,5.65521804377099,18,NA,NA,NA
"real","TTO_UGA",-2.37791964710853,9.93752983005013,18,NA,NA,NA
"real","TUN_BRB",-0.700895636158488,2.44260833129653,24,NA,NA,NA
"real","TUN_CAF",-0.475695591129039,1.34012319953465,25,NA,NA,NA
"real","TUN_COD",-1.2428042587656,5.28746971277332,16,NA,NA,NA
"real","TUN_CZE",-0.279131397839666,0.612543009088993,10,NA,NA,NA
"real","TUN_DJI",-0.456893290078399,2.79703833579914,23,NA,NA,NA
"real","TUN_GIB",-1.00535330853558,4.26075385698153,18,NA,NA,NA
"real","TUN_LCA",-1.32587111310785,6.72797699151595,12,NA,NA,NA
"real","TUN_MUS",-0.911562502414061,1.27525023571045,24,NA,NA,NA
"real","TUN_NRU",-0.915225606705894,5.23590545079644,13,NA,NA,NA
"real","TUR_CYM",-2.17973517692103,8.28643153947834,24,NA,NA,NA
"real","TUR_ETH",-0.262105518429032,0.269940698103061,27,NA,NA,NA
"real","TUR_GNQ",-1.00882511729627,2.37340758508555,23,NA,NA,NA
"real","TUR_KNA",-1.37495889741919,3.44714527952377,25,NA,NA,NA
"real","TUR_STP",-0.486982708409468,0.617625956607375,22,NA,NA,NA
"real","TUR_TCA",-0.939000009319076,2.08048648929258,22,NA,NA,NA
"real","TUR_TON",-0.557410694773976,2.17489734306933,21,NA,NA,NA
"real","TUV_CZE",0.0619004563017632,7.45286064319702,25,NA,NA,NA
"real","TUV_KOR",-3.79740079141191,14.8613226480159,12,NA,NA,NA
"real","TWN_AZE",-0.788754600261528,1.73662647411614,25,NA,NA,NA
"real","TWN_BDI",-0.357196378040549,0.976925000443595,26,NA,NA,NA
"real","TWN_BEN",-0.244544553603467,0.888531876367769,26,NA,NA,NA
"real","TWN_CZE",-0.0647380974572624,0.0508314308288723,27,NA,NA,NA
"real","TWN_GAB",0.0120321745739401,0.207700531439456,26,NA,NA,NA
"real","TWN_GRD",-0.178317852998525,0.690044285977934,27,NA,NA,NA
"real","TWN_KHM",-1.21879407236152,9.56586347534952,27,NA,NA,NA
"real","TWN_KNA",-0.42092865576683,0.961352736156805,27,NA,NA,NA
"real","TWN_MLI",-0.374345111215131,1.93702589399298,25,NA,NA,NA
"real","TZA_CZE",0.0504337908630686,0.591551231651142,27,NA,NA,NA
"real","TZA_GAB",-2.29245459303204,5.66847787142857,23,NA,NA,NA
"real","UGA_BEN",-1.21843026290145,5.44428636745078,14,NA,NA,NA
"real","UGA_CHL",-1.24149223761988,2.66759851223997,19,NA,NA,NA
"real","UGA_CYP",-0.160473717899009,0.714836603238773,27,NA,NA,NA
"real","UGA_CZE",-0.140735819554066,2.13166436986173,27,NA,NA,NA
"real","UGA_LKA",-1.08959067911023,2.51317661109996,17,NA,NA,NA
"real","UGA_ROU",-0.516607332136971,1.78084902098446,27,NA,NA,NA
"real","UKR_ARE",-0.343634731330889,0.979063104982622,25,NA,NA,NA
"real","UKR_BDI",-1.28239656813123,3.18561664330274,21,NA,NA,NA
"real","UKR_BRA",-0.201960922039498,0.588000684802002,27,NA,NA,NA
"real","UKR_CAN",-0.130880841010506,0.189658189036786,23,NA,NA,NA
"real","UKR_COL",0.0471706693490132,0.245175865460554,27,NA,NA,NA
"real","UKR_CYP",-0.17288631108839,0.532354057044515,20,NA,NA,NA
"real","UKR_CZE",0.167252434637663,0.106035894247257,20,NA,NA,NA
"real","UKR_DMA",-1.0574371776932,3.35906752507651,25,NA,NA,NA
"real","UKR_GBR",-0.101646821154931,0.122471946458851,20,NA,NA,NA
"real","UKR_IND",-0.0652884213332889,0.119013068458527,27,NA,NA,NA
"real","UKR_LCA",-0.674802922191074,3.71204713697789,23,NA,NA,NA
"real","UKR_LKA",-0.768713986837228,1.51338797739445,26,NA,NA,NA
"real","UKR_MAC",-2.08941408249014,5.99559354308022,25,NA,NA,NA
"real","UKR_MAR",-0.223226276574469,0.55402714051675,27,NA,NA,NA
"real","UKR_MYS",-0.0914005863317117,0.132095021468419,27,NA,NA,NA
"real","UKR_NOR",-0.0540147712816269,0.113721502608491,18,NA,NA,NA
"real","UKR_SAU",-0.98313590821161,3.82243783220625,27,NA,NA,NA
"real","UKR_THA",-0.228374696783971,0.672505508663156,27,NA,NA,NA
"real","URY_CZE",0.144587953857905,0.362631208339933,27,NA,NA,NA
"real","URY_GTM",-0.69172791171,1.20444714444998,27,NA,NA,NA
"real","URY_HTI",-0.784508906365905,3.48115296832889,27,NA,NA,NA
"real","URY_LCA",-0.315753093375173,1.52524307655962,23,NA,NA,NA
"real","URY_LKA",-0.99781805970658,2.57712998388673,21,NA,NA,NA
"real","URY_MUS",-1.27185444351198,3.63360163334179,27,NA,NA,NA
"real","USA_CZE",0.0453711636372834,0.0247836502572699,27,NA,NA,NA
"real","USA_ETH",-0.090733280243017,0.131324447003819,27,NA,NA,NA
"real","USA_MKD",-0.0366610604947892,0.232899012366432,27,NA,NA,NA
"real","USA_PCN",-1.43275710779046,4.20080191132997,21,NA,NA,NA
"real","USA_SVK",0.0695723536114934,0.0470753352812801,27,NA,NA,NA
"real","UZB_AUS",-1.78717457792617,4.36094919766725,24,NA,NA,NA
"real","UZB_CAN",-0.981050264126541,3.68860704978392,27,NA,NA,NA
"real","UZB_COL",-1.93087393651224,6.1014728565025,22,NA,NA,NA
"real","UZB_CYP",-1.12765658098716,3.4721428507732,17,NA,NA,NA
"real","UZB_CZE",-0.104563443634802,2.14859207941989,27,NA,NA,NA
"real","UZB_GBR",-1.9380783916439,4.02889056100084,27,NA,NA,NA
"real","UZB_GRC",-1.58840751103453,5.94389758552145,27,NA,NA,NA
"real","UZB_HUN",-1.57701310178634,4.40254645986629,27,NA,NA,NA
"real","UZB_IND",-0.159313769410018,0.664904374531253,27,NA,NA,NA
"real","UZB_IRL",-1.1222718806999,7.36386224536741,27,NA,NA,NA
"real","UZB_MYS",-1.13007946245019,3.58610212741102,26,NA,NA,NA
"real","UZB_NOR",-1.16269358343822,3.85998053902885,20,NA,NA,NA
"real","VCT_AIA",-0.6026076344436,2.64053686221823,25,NA,NA,NA
"real","VCT_ANT",-0.0364277809575492,0.827907556682696,18,NA,NA,NA
"real","VCT_BRA",-2.75250856905558,9.83692126365784,22,NA,NA,NA
"real","VCT_FRA",-1.12717959871966,5.1798041007081,14,NA,NA,NA
"real","VCT_GTM",-1.60587019338612,4.50550460375799,9,NA,NA,NA
"real","VCT_HRV",-1.66818738159817,5.32019052729272,13,NA,NA,NA
"real","VCT_KOR",-2.0649223290254,6.12300062605347,20,NA,NA,NA
"real","VCT_VGB",-0.147313466937732,3.77674956664311,27,NA,NA,NA
"real","VEN_CZE",-0.0730663712814478,1.04998425936342,27,NA,NA,NA
"real","VEN_GAB",-0.254160181357783,1.50407446668337,15,NA,NA,NA
"real","VEN_GRD",-0.700334627206629,1.16905155168673,27,NA,NA,NA
"real","VEN_KNA",-0.534217036951182,3.43728415065099,25,NA,NA,NA
"real","VEN_KWT",-1.61647819200062,2.4438289707646,21,NA,NA,NA
"real","VEN_RUS",-0.0221428172757752,3.23045903515562,27,NA,NA,NA
"real","VEN_VCT",-0.767387656295169,1.55254487559976,27,NA,NA,NA
"real","VGB_BOL",-4.71569333101226,20.705791252592,16,NA,NA,NA
"real","VGB_CZE",-0.706896315754704,2.35427858912881,13,NA,NA,NA
"real","VGB_DMA",-0.789259671022328,1.9747205676848,17,NA,NA,NA
"real","VGB_GBR",-1.14802678483319,4.5056806993108,13,NA,NA,NA
"real","VGB_GRC",-0.927970414641865,5.00780216737717,8,NA,NA,NA
"real","VGB_GRD",-1.15362351009375,3.3489598725153,25,NA,NA,NA
"real","VGB_KNA",-0.0481721167456599,1.40946168201674,24,NA,NA,NA
"real","VGB_NIC",-2.38690815647614,11.9148166287808,11,NA,NA,NA
"real","VGB_VCT",-0.896146149743629,2.36020050727391,26,NA,NA,NA
"real","VNM_BDI",-0.20775313137681,1.10360296926541,22,NA,NA,NA
"real","VNM_CAF",-0.152307774262097,2.8660706524241,24,NA,NA,NA
"real","VNM_COG",0.671471048620829,2.88126551554598,23,NA,NA,NA
"real","VNM_CZE",0.23316370707434,0.144792019285039,27,NA,NA,NA
"real","VNM_GAB",0.332600550982772,2.13987604283906,24,NA,NA,NA
"real","VNM_JAM",-0.522499765878943,1.24332551746164,25,NA,NA,NA
"real","VNM_SVN",-0.0761708907831431,0.119491744210398,27,NA,NA,NA
"real","VUT_MYS",-1.18667432593946,4.3719614832838,24,NA,NA,NA
"real","WLF_USA",-0.5100887193883,2.86347750363082,20,NA,NA,NA
"real","WSM_HUN",-1.97727261710929,10.0870077685926,14,NA,NA,NA
"real","WSM_SWE",-1.5195061364279,4.17600274031181,22,NA,NA,NA
"real","YEM_BRN",-0.837027099981175,11.8118516812328,12,NA,NA,NA
"real","YEM_CHL",-4.1749414495221,16.0239698947047,13,NA,NA,NA
"real","YEM_CZE",-0.664953215438266,3.7751283860074,27,NA,NA,NA
"real","YEM_DZA",-0.857031421256042,2.87349190865588,12,NA,NA,NA
"real","YEM_NOR",-0.211507368819584,1.15117572047274,26,NA,NA,NA
"real","YEM_NZL",-4.69998127055551,15.107175132294,25,NA,NA,NA
"real","YEM_ROU",-1.61706330667846,3.33179104288895,23,NA,NA,NA
"real","ZAF_BEN",-0.491715884666678,2.22121102089759,27,NA,NA,NA
"real","ZAF_CMR",-0.107822134250878,0.538360155298915,27,NA,NA,NA
"real","ZAF_HND",0.186999272777617,2.2364197647892,26,NA,NA,NA
"real","ZAF_NOR",0.872006648358951,1.05901403553912,14,NA,NA,NA
"real","ZAF_PAN",-1.01696506897147,1.96752940334859,25,NA,NA,NA
"real","ZMB_CZE",-0.648835095392288,3.68324534249758,27,NA,NA,NA
"real","ZMB_DZA",-3.42909792357891,9.15138450043388,17,NA,NA,NA
"real","ZMB_NGA",-0.45527556941343,2.69611353696491,25,NA,NA,NA
"real","ZMB_PAK",-0.862413568124963,5.3974422035124,26,NA,NA,NA
"real","ZMB_TUN",-1.6189980682613,6.72045409830407,19,NA,NA,NA
"real","ZWE_CZE",-0.82002749827668,2.43888796574733,18,NA,NA,NA
"real","ZWE_GAB",-2.42053342005833,12.2487953592915,16,NA,NA,NA
"real","ZWE_GEO",-2.03601488019118,13.2906011913655,18,NA,NA,NA
"real","ZWE_GRD",-0.817210485694876,3.71651062303038,10,NA,NA,NA
"real","ZWE_MLI",-2.30518515784937,4.30553306883735,20,NA,NA,NA
"real","ZWE_RUS",-0.177901057632165,1.49107915218423,26,NA,NA,NA
"real","ABW_CRI",-3.6354592196146,12.0005138926276,22,NA,NA,NA
"real","ABW_HND",-1.10240627166776,4.5195902207859,19,NA,NA,NA
"real","ABW_KNA",-0.182192050339689,6.85118007087488,21,NA,NA,NA
"real","ABW_MYS",-4.02925768515337,17.1940841800255,12,NA,NA,NA
"real","ABW_PER",-3.39010709578095,12.0062311266582,24,NA,NA,NA
"real","ABW_THA",-1.23844799239223,14.1704443473116,20,NA,NA,NA
"real","AFG_COL",-0.47222791470563,4.7024614426937,26,NA,NA,NA
"real","AFG_CRI",-1.11193466827751,4.97317516335922,26,NA,NA,NA
"real","AFG_LTU",-0.852910961458347,3.85652430555205,19,NA,NA,NA
"real","AFG_LVA",-2.29955873573358,12.319791793365,14,NA,NA,NA
"real","AFG_MDA",-1.24472392236213,5.40513194448511,13,NA,NA,NA
"real","AFG_PER",0.218246433346811,1.41855463554432,26,NA,NA,NA
"real","AFG_SLV",-1.58856780720267,7.41533804042246,22,NA,NA,NA
"real","AFG_SVK",-0.750148496299242,1.77089863837312,22,NA,NA,NA
"real","AGO_CAF",-1.19565090933656,6.37687256517816,9,NA,NA,NA
"real","AGO_ECU",-2.90103205709808,15.6054566285472,20,NA,NA,NA
"real","AGO_FIN",-4.97568522715855,11.0694446750006,20,NA,NA,NA
"real","AGO_MLT",-5.03926384610384,22.0200519586464,12,NA,NA,NA
"real","AGO_PER",-3.71668632047341,25.0338670111735,23,NA,NA,NA
"real","AGO_SVN",-1.77616103756493,10.1373151884443,22,NA,NA,NA
"real","AGO_TGO",-3.19761758597131,12.6927124021016,19,NA,NA,NA
"real","AIA_CAN",-0.760278372151096,1.98241019826056,25,NA,NA,NA
"real","ALB_CMR",-1.05866104603455,4.10902409928213,25,NA,NA,NA
"real","ALB_COG",-0.250228723588239,3.68219296174462,16,NA,NA,NA
"real","ALB_CYP",-0.493155201651013,0.832507606581551,9,NA,NA,NA
"real","ALB_GTM",-0.898313535381567,7.17463927084208,23,NA,NA,NA
"real","ALB_HND",-2.1604094825651,16.4521856132648,16,NA,NA,NA
"real","ALB_PER",-0.135957008383548,1.16524152983868,23,NA,NA,NA
"real","ALB_SVK",-1.03158942021766,3.06285515441204,11,NA,NA,NA
"real","ALB_ZAF",-0.729503966183043,1.88334900404951,25,NA,NA,NA
"real","AND_ARG",-0.23818404204365,2.24671987726498,25,NA,NA,NA
"real","AND_BOL",-0.561470505907252,4.72832962773239,19,NA,NA,NA
"real","AND_GTM",-0.256369824525409,2.67089333173601,21,NA,NA,NA
"real","AND_HND",-1.5962095320187,8.20201991307498,19,NA,NA,NA
"real","AND_KNA",-0.431026229207631,3.77889624955599,18,NA,NA,NA
"real","AND_NZL",-0.597617669445578,3.87784547928509,17,NA,NA,NA
"real","AND_SVK",-0.0505158091898797,1.9780575247026,9,NA,NA,NA
"real","AND_SVN",-1.08982813992649,6.19826048239323,9,NA,NA,NA
"real","ANT_CRI",-1.54575865583315,2.8931700283871,17,NA,NA,NA
"real","ANT_HND",-1.38108520071234,12.5100266156749,16,NA,NA,NA
"real","ANT_MWI",-0.714017966117391,2.77950289675766,8,NA,NA,NA
"real","ANT_NZL",-2.56434374673114,7.65393995014825,12,NA,NA,NA
"real","ANT_SLV",-0.860101830327629,2.69596274953982,17,NA,NA,NA
"real","ANT_UGA",-0.642565948972159,3.39532526090201,14,NA,NA,NA
"real","ANT_URY",-0.394628994977072,1.98160645756866,15,NA,NA,NA
"real","ANT_VEN",-0.127761756252851,0.649360903446391,17,NA,NA,NA
"real","ARE_GRL",-0.469184218556964,1.69254120802318,20,NA,NA,NA
"real","ARE_GTM",-0.800125966863165,1.35877006654618,25,NA,NA,NA
"real","ARE_ISL",-0.435959618071175,1.80223501477646,19,NA,NA,NA
"real","ARE_LTU",-0.0618525689985443,1.35816442872857,26,NA,NA,NA
"real","ARE_LVA",0.097346946896718,0.450383526941741,26,NA,NA,NA
"real","ARE_MDA",-0.214486274510291,0.680717853033495,25,NA,NA,NA
"real","ARE_MKD",0.0509677087412494,0.646840559896518,26,NA,NA,NA
"real","ARE_MWI",-0.77286846845094,2.78555557400859,24,NA,NA,NA
"real","ARE_POL",-0.173058988891131,0.307753272259299,26,NA,NA,NA
"real","ARE_TGO",-0.580621138294229,1.12692864186243,25,NA,NA,NA
"real","ARE_URY",-1.53991425186974,4.35386733290403,25,NA,NA,NA
"real","ARE_ZAF",-0.949090032327687,2.32085790270131,26,NA,NA,NA
"real","ARG_ARM",-0.993375054618294,2.98166211524236,23,NA,NA,NA
"real","ARG_CAF",-0.444371892877251,0.972547295820464,20,NA,NA,NA
"real","ARG_EST",-0.218699152225655,1.08706726063912,26,NA,NA,NA
"real","ARG_GIB",-4.69803425870797,8.29039084200346,16,NA,NA,NA
"real","ARG_GRL",-0.439177271173352,1.28766298272639,21,NA,NA,NA
"real","ARG_LTU",-0.31105678784606,0.47370760001943,26,NA,NA,NA
"real","ARG_LVA",-0.474769995033969,0.570323988108461,26,NA,NA,NA
"real","ARG_MKD",0.00841274075470608,0.221682980910481,26,NA,NA,NA
"real","ARG_MNG",-0.761625321113775,2.98402147366889,23,NA,NA,NA
"real","ARG_NER",-0.838861208963545,4.13374665665772,26,NA,NA,NA
"real","ARG_PNG",-0.854959715124894,1.48271186011898,22,NA,NA,NA
"real","ARG_STP",-0.683761152026145,4.65824956808484,12,NA,NA,NA
"real","ARG_SVK",-0.16297671702459,0.338279003017609,26,NA,NA,NA
"real","ARG_SYC",-0.898106612124262,2.59895962142267,25,NA,NA,NA
"real","ARG_TCD",-0.293611762791714,0.720158962092448,21,NA,NA,NA
"real","ARG_TKM",-1.74182033674424,5.92125821731175,18,NA,NA,NA
"real","ARG_UKR",-0.410420397739956,0.747700641430316,26,NA,NA,NA
"real","ARM_AUT",-0.766503252971689,1.96668827291382,23,NA,NA,NA
"real","ARM_CYP",-0.905496388012252,6.20851396476614,21,NA,NA,NA
"real","ARM_EGY",-2.06552804139915,6.2125515252196,25,NA,NA,NA
"real","ARM_FRA",-0.388770064132662,0.857620585105743,23,NA,NA,NA
"real","ARM_HUN",-0.270225406593181,0.759549139781681,21,NA,NA,NA
"real","ARM_ITA",-0.279827955959153,0.290473536018909,23,NA,NA,NA
"real","ARM_KWT",-1.26792782451268,2.62063136313478,21,NA,NA,NA
"real","ARM_LVA",0.016409489275525,0.315847408404688,23,NA,NA,NA
"real","ARM_PER",-0.812015958955352,5.09823505384288,17,NA,NA,NA
"real","ARM_POL",-1.04512854072344,2.85293740032881,19,NA,NA,NA
"real","ARM_URY",-0.239551794421953,2.74717751901376,15,NA,NA,NA
"real","ATF_THA",-2.29328019738651,13.0868835786269,10,NA,NA,NA
"real","ATG_BRA",-1.08451947845633,8.40177354208496,25,NA,NA,NA
"real","ATG_CRI",0.186784143440458,4.15567511072494,22,NA,NA,NA
"real","ATG_EGY",0.456475248611367,6.49491762970067,11,NA,NA,NA
"real","ATG_MLT",-1.10510168887854,3.85425695271608,9,NA,NA,NA
"real","ATG_POL",-1.81105247413772,6.24975363701845,10,NA,NA,NA
"real","ATG_SVK",-0.619790882214314,2.46359179994073,13,NA,NA,NA
"real","ATG_UGA",-2.21150509521138,9.65053253883045,15,NA,NA,NA
"real","AUS_ARM",-0.452161078439723,1.56198980694338,26,NA,NA,NA
"real","AUS_ESH",-0.336256342137316,4.47138117575409,12,NA,NA,NA
"real","AUS_GRL",-1.78437126732546,6.28689210506732,23,NA,NA,NA
"real","AUS_KGZ",-0.626194668483637,1.47516059049955,26,NA,NA,NA
"real","AUS_PLW",-0.079006780988962,0.374281872189404,26,NA,NA,NA
"real","AUS_TJK",-0.409228054312221,3.30098257402894,26,NA,NA,NA
"real","AUS_TKM",-0.685020064318235,2.17243683366795,24,NA,NA,NA
"real","AUT_AFG",-0.633197990198381,2.50390374284036,25,NA,NA,NA
"real","AUT_AGO",-0.151924991140151,0.416845040691483,26,NA,NA,NA
"real","AUT_ARM",-0.785344259642601,0.9407845000248,23,NA,NA,NA
"real","AUT_AZE",-0.0697983719005239,0.186859924889244,26,NA,NA,NA
"real","AUT_BEN",-0.008119336622336,0.553226508242028,26,NA,NA,NA
"real","AUT_BFA",0.023461023224658,0.437072933977293,26,NA,NA,NA
"real","AUT_BHS",0.109062145342683,0.380856735044973,13,NA,NA,NA
"real","AUT_BLR",-0.0415396018096552,0.0483659448748143,26,NA,NA,NA
"real","AUT_CIV",0.0764925183339414,0.140334574393215,21,NA,NA,NA
"real","AUT_CMR",-0.0451963669090555,0.156352199131135,19,NA,NA,NA
"real","AUT_COD",-0.233093267416878,0.325770550849334,26,NA,NA,NA
"real","AUT_COK",-2.11248566832941,3.10108608664548,16,NA,NA,NA
"real","AUT_COM",-0.981907788589867,2.14191608437916,18,NA,NA,NA
"real","AUT_CUB",-0.165872692032398,0.293157926704164,26,NA,NA,NA
"real","AUT_CXR",-1.05045298979206,2.61005165994686,10,NA,NA,NA
"real","AUT_DJI",0.311503144571861,1.00318680597862,26,NA,NA,NA
"real","AUT_DOM",-0.0180813706988111,0.123603823636503,12,NA,NA,NA
"real","AUT_ETH",-0.00666732480241974,0.21373117277225,26,NA,NA,NA
"real","AUT_FSM",-1.08787718815686,1.87799598790912,14,NA,NA,NA
"real","AUT_GHA",0.0148428869542313,0.647675187145457,21,NA,NA,NA
"real","AUT_GIB",-0.0689365829755834,1.22947861175812,26,NA,NA,NA
"real","AUT_GMB",-0.348206108580988,0.466910974929223,26,NA,NA,NA
"real","AUT_GNB",-1.34786543979551,3.12994171581822,22,NA,NA,NA
"real","AUT_HND",-0.0234106080149444,0.0645975771555791,18,NA,NA,NA
"real","AUT_HTI",-0.0499053332049128,0.412882853242365,26,NA,NA,NA
"real","AUT_KAZ",0.0499230237550292,0.139430866688038,26,NA,NA,NA
"real","AUT_KHM",-0.194829460070247,1.51685361139666,26,NA,NA,NA
"real","AUT_KIR",-1.04596155254539,3.72095297656408,18,NA,NA,NA
"real","AUT_LAO",-1.9971780391912,3.76012806381421,25,NA,NA,NA
"real","AUT_MDA",-0.160117017290364,0.166636883279171,19,NA,NA,NA
"real","AUT_MDV",-0.168137718326105,0.300932741990417,26,NA,NA,NA
"real","AUT_MLI",-0.533700738036672,1.23763463060298,26,NA,NA,NA
"real","AUT_MNG",-0.239593634966119,0.861421909488421,26,NA,NA,NA
"real","AUT_MNP",-1.53106994583787,6.30068200891326,14,NA,NA,NA
"real","AUT_MRT",-0.279442539987022,0.537152783617621,26,NA,NA,NA
"real","AUT_NER",-0.0641731234822164,0.590294850558693,26,NA,NA,NA
"real","AUT_NIU",-0.0941590170029264,2.0770689408715,10,NA,NA,NA
"real","AUT_NPL",0.0266533296068919,0.485512526910477,26,NA,NA,NA
"real","AUT_NRU",-1.59823882109727,3.48367172511498,18,NA,NA,NA
"real","AUT_PAN",-0.259945924102249,0.391033005791738,18,NA,NA,NA
"real","AUT_PLW",-1.69222928991094,5.27966602137019,18,NA,NA,NA
"real","AUT_SLB",-0.772511506238113,1.96752445355659,20,NA,NA,NA
"real","AUT_SLE",-0.149348930917251,1.55044203494151,26,NA,NA,NA
"real","AUT_SOM",0.0546106801889373,3.88809283083375,26,NA,NA,NA
"real","AUT_STP",-0.562404315361513,2.59862395777769,26,NA,NA,NA
"real","AUT_SUR",-0.255282707510255,0.329233751704359,13,NA,NA,NA
"real","AUT_TCD",-0.765117684943947,1.54336775289754,26,NA,NA,NA
"real","AUT_TGO",-0.265550936772597,0.396902888236568,26,NA,NA,NA
"real","AUT_TKL",-0.443242971939666,3.88412038801795,19,NA,NA,NA
"real","AUT_TKM",-0.243480224774334,0.44779124916462,26,NA,NA,NA
"real","AUT_TON",-1.60723705496597,9.07721777109027,18,NA,NA,NA
"real","AUT_TZA",0.0672432277830821,0.163620264010137,26,NA,NA,NA
"real","AUT_UGA",0.000742096985570091,0.423925153519145,26,NA,NA,NA
"real","AUT_VGB",-0.914322583481532,2.36825603928781,12,NA,NA,NA
"real","AUT_VNM",0.0866371530183845,0.174018900383617,26,NA,NA,NA
"real","AUT_VUT",-0.17609419100028,1.59998879863388,12,NA,NA,NA
"real","AUT_WSM",-0.957258883011301,3.13132089497596,22,NA,NA,NA
"real","AUT_ZMB",-0.0326614959452305,0.353541956920418,26,NA,NA,NA
"real","AZE_AUS",-2.77836514058215,10.7656073694121,26,NA,NA,NA
"real","AZE_AUT",-0.23159496710332,2.00628536563885,26,NA,NA,NA
"real","AZE_BOL",0.339027405905591,13.300612104038,13,NA,NA,NA
"real","AZE_BRA",-2.07425903469279,11.6760271197509,24,NA,NA,NA
"real","AZE_COL",0.143827805795112,8.03749615058558,23,NA,NA,NA
"real","AZE_IND",-1.30110606549133,2.14822781810135,26,NA,NA,NA
"real","AZE_IRL",-2.17958984257593,8.27708281779591,25,NA,NA,NA
"real","AZE_ISL",-4.25887062228232,21.3095169863372,12,NA,NA,NA
"real","AZE_JOR",0.155992048066512,6.11437499332874,21,NA,NA,NA
"real","AZE_KOR",-2.32035279371881,7.14001797649994,26,NA,NA,NA
"real","AZE_LKA",-0.767892010341292,10.1694269402918,17,NA,NA,NA
"real","AZE_LVA",0.453336706218863,5.14461385422793,26,NA,NA,NA
"real","AZE_MAR",-3.43086064416252,10.6144218646869,21,NA,NA,NA
"real","AZE_MKD",-0.97187027755541,9.24787991797135,17,NA,NA,NA
"real","AZE_MLT",-0.677874615636313,2.86352769397492,23,NA,NA,NA
"real","AZE_SVK",0.0129391595153202,7.210876737712,25,NA,NA,NA
"real","AZE_TWN",-2.39371725247327,14.0538788496342,23,NA,NA,NA
"real","BDI_CRI",-2.14666482943989,6.73743513859999,15,NA,NA,NA
"real","BDI_GAB",-1.03283080491812,3.4077366997038,8,NA,NA,NA
"real","BDI_HRV",-0.562163773734373,1.73169475516974,14,NA,NA,NA
"real","BDI_MEX",-0.695055178452342,2.65385592411504,20,NA,NA,NA
"real","BDI_RUS",-0.152559581215143,0.671062297928566,23,NA,NA,NA
"real","BDI_TGO",-2.15306428208364,7.0514557647067,14,NA,NA,NA
"real","BDI_ZAF",-0.30980833738585,3.1300435563838,25,NA,NA,NA
"real","BEN_CAN",-1.11940954532997,2.78581030845218,25,NA,NA,NA
"real","BEN_SVK",-1.02375362678499,3.99409854847013,15,NA,NA,NA
"real","BEN_UKR",-4.21087248717478,16.0687569307381,17,NA,NA,NA
"real","BFA_EGY",-2.09747927617321,2.77749196325838,25,NA,NA,NA
"real","BFA_HRV",-1.83420658809741,6.8273579457109,17,NA,NA,NA
"real","BFA_IND",-1.4080164245256,3.64793208907743,26,NA,NA,NA
"real","BFA_JOR",-0.614310568202908,5.34034086099114,15,NA,NA,NA
"real","BFA_LBN",-1.54796198714794,3.28621509272193,25,NA,NA,NA
"real","BFA_NOR",-1.45262955629592,2.51670658166137,21,NA,NA,NA
"real","BFA_SAU",-1.31859808170623,3.1814001918264,19,NA,NA,NA
"real","BFA_SVK",-0.336642527413887,1.92364690386566,23,NA,NA,NA
"real","BFA_UGA",-3.99473538943154,8.49832937153594,20,NA,NA,NA
"real","BGD_BFA",-0.777519181230481,2.47896098970002,24,NA,NA,NA
"real","BGD_LTU",-0.368431330691481,0.650073380014037,25,NA,NA,NA
"real","BGD_MDA",-0.247606367007954,0.605011867958189,23,NA,NA,NA
"real","BGD_MKD",-0.793919750375769,1.01408027394251,25,NA,NA,NA
"real","BGD_MRT",-0.0910529102976175,1.16796896068478,20,NA,NA,NA
"real","BGD_SVK",-1.49694145389704,3.18407716535223,26,NA,NA,NA
"real","BGD_TON",-1.21364277722263,7.84878465621101,14,NA,NA,NA
"real","BGD_ZAF",-0.631108905751827,0.979133649166806,25,NA,NA,NA
"real","BGR_BDI",-0.717160532009017,1.18367225835934,23,NA,NA,NA
"real","BGR_GRL",-0.577951749173121,1.35935071820411,8,NA,NA,NA
"real","BGR_GTM",-0.259341931681472,0.759789381396815,18,NA,NA,NA
"real","BGR_LVA",-0.057139534431537,0.241851654440255,8,NA,NA,NA
"real","BGR_NPL",-0.411382896935611,1.22896634316393,22,NA,NA,NA
"real","BGR_SLV",-0.343601706129463,1.39449711631698,18,NA,NA,NA
"real","BGR_TGO",-1.42389743389116,4.69381662602153,26,NA,NA,NA
"real","BGR_UGA",-0.590648214713296,0.946320480666892,26,NA,NA,NA
"real","BGR_URY",0.0247112854413987,0.473433756818839,26,NA,NA,NA
"real","BHR_AUT",-0.858432796508749,1.59214919739742,26,NA,NA,NA
"real","BHR_CRI",-1.0069138033094,1.59488024709392,25,NA,NA,NA
"real","BHR_ISL",-2.88451399374346,10.2247487995185,15,NA,NA,NA
"real","BHR_MLT",-0.929099462018236,1.84305294681604,26,NA,NA,NA
"real","BHR_NPL",-0.605935893245443,1.52522845772914,22,NA,NA,NA
"real","BHR_SVK",-2.11076360348521,5.17649064038854,25,NA,NA,NA
"real","BHR_SYC",-0.569372713344611,1.45011841150902,26,NA,NA,NA
"real","BHR_UGA",-2.17433689142513,8.04397806067033,26,NA,NA,NA
"real","BHR_VEN",-2.47591987327197,4.2224022297446,18,NA,NA,NA
"real","BHS_CRI",-1.3516104074701,4.48878842342793,26,NA,NA,NA
"real","BHS_CZE",-0.413721816129694,0.784576086107403,13,NA,NA,NA
"real","BHS_GRL",-0.0958458239098736,0.565114147064744,19,NA,NA,NA
"real","BHS_HND",-2.31389473292084,7.28704600416583,26,NA,NA,NA
"real","BHS_ISL",-1.23514556473383,11.9803079727537,22,NA,NA,NA
"real","BHS_POL",-2.80323159352295,8.85118069319273,13,NA,NA,NA
"real","BHS_SLV",-2.68373996536956,16.6536713274546,26,NA,NA,NA
"real","BHS_SVK",-0.368617153668371,1.26044150873128,13,NA,NA,NA
"real","BHS_SVN",-0.560301849451306,1.07665975547027,12,NA,NA,NA
"real","BHS_SYC",-0.645454785988689,2.03238569946969,18,NA,NA,NA
"real","BHS_VEN",-2.22723081694978,6.31444677750403,21,NA,NA,NA
"real","BIH_AUT",-0.450631353168863,0.397672421144927,13,NA,NA,NA
"real","BIH_COL",-0.162123793287182,1.90087065628392,26,NA,NA,NA
"real","BIH_CRI",-1.20219459100209,5.97771665669705,22,NA,NA,NA
"real","BIH_CYP",-0.128849369916771,2.04457335668342,13,NA,NA,NA
"real","BIH_EGY",0.35674323583926,0.667660795687136,26,NA,NA,NA
"real","BIH_JOR",-0.476419272608056,0.966642108701496,21,NA,NA,NA
"real","BIH_MEX",-0.359270905574193,0.656166336114423,21,NA,NA,NA
"real","BIH_POL",-1.28127107346406,1.31739260579098,13,NA,NA,NA
"real","BIH_SVK",-0.288307806651704,0.556744162948124,13,NA,NA,NA
"real","BIH_TTO",-0.537751303361939,10.7247038464602,9,NA,NA,NA
"real","BLR_AUT",-0.211397453445851,0.423906091317939,26,NA,NA,NA
"real","BLR_EGY",-0.73013010285933,1.25603694512923,26,NA,NA,NA
"real","BLR_GRL",-3.9458607424379,6.67244493653599,15,NA,NA,NA
"real","BLR_JOR",-2.32791891590126,4.1722640355196,25,NA,NA,NA
"real","BLR_LKA",-0.632699499511754,2.14700828238957,23,NA,NA,NA
"real","BLR_LVA",-0.025536183434721,0.135603529962203,26,NA,NA,NA
"real","BLR_MDA",0.0547288473400132,0.598045750377218,17,NA,NA,NA
"real","BLR_MKD",-0.163304385154364,1.30450348423318,26,NA,NA,NA
"real","BLR_PER",-0.595849094723953,2.38579705725918,24,NA,NA,NA
"real","BLR_SVK",0.201588153470259,0.245960440768036,26,NA,NA,NA
"real","BLZ_CUB",-1.28566170883518,3.06319573269247,15,NA,NA,NA
"real","BLZ_MWI",-1.54539130666871,7.43903938477047,13,NA,NA,NA
"real","BLZ_SGP",-1.3074268186002,4.59997249444492,19,NA,NA,NA
"real","BLZ_SVK",-0.860305165559179,2.22246771865526,11,NA,NA,NA
"real","BLZ_SVN",-1.81909758142721,7.2461439337178,13,NA,NA,NA
"real","BLZ_TUR",-0.726999584108853,4.34128066100328,25,NA,NA,NA
"real","BLZ_UGA",-3.90132483734354,14.5616164302105,10,NA,NA,NA
"real","BLZ_URY",-0.777695529099509,3.12688484388329,24,NA,NA,NA
"real","BLZ_VEN",-0.284054434786976,3.09347220901783,25,NA,NA,NA
"real","BMU_BOL",0.0552088239586571,20.0246240840736,17,NA,NA,NA
"real","BMU_CRI",-1.2812203156507,23.3556107365736,26,NA,NA,NA
"real","BMU_GRD",0.302689884732089,10.6597393641512,18,NA,NA,NA
"real","BMU_KNA",0.0588162548596182,9.40804714118401,17,NA,NA,NA
"real","BMU_SLV",-2.04399422247074,37.8195397999918,15,NA,NA,NA
"real","BMU_SVN",1.77729018709503,8.22087193914627,9,NA,NA,NA
"real","BMU_URY",0.388558187377279,16.7104674234751,17,NA,NA,NA
"real","BMU_VCT",-1.37961939425836,11.1057271319895,20,NA,NA,NA
"real","BMU_VEN",0.474124187121722,14.3722738109288,13,NA,NA,NA
"real","BOL_ANT",-4.23350061515998,4.34700913295467,12,NA,NA,NA
"real","BOL_GAB",-0.559136586704169,3.46651057995463,15,NA,NA,NA
"real","BOL_HTI",-0.444131837685333,1.98145343021747,18,NA,NA,NA
"real","BOL_LBN",-0.20498438816543,0.931386754393587,25,NA,NA,NA
"real","BOL_LTU",-0.197341662409715,0.608560767626104,21,NA,NA,NA
"real","BOL_MLT",-0.448268120339513,4.36420636122551,22,NA,NA,NA
"real","BOL_SVK",-2.47997119694084,4.67915569816933,24,NA,NA,NA
"real","BRA_ABW",-0.64151614954919,0.783432945564215,23,NA,NA,NA
"real","BRA_BLR",-0.425452774683348,3.33159566793554,25,NA,NA,NA
"real","BRA_GRL",-0.538880665616408,2.02297458576494,22,NA,NA,NA
"real","BRA_IOT",-0.190729854410123,3.54761864716115,15,NA,NA,NA
"real","BRA_KAZ",-0.704321216772501,3.04278374924146,25,NA,NA,NA
"real","BRA_LTU",-0.368270284263703,0.858239160436382,26,NA,NA,NA
"real","BRA_LVA",-0.10556564130527,0.271249381146429,26,NA,NA,NA
"real","BRA_MDA",-0.534129000780259,1.69818213903368,26,NA,NA,NA
"real","BRA_TKM",-0.459023160258946,2.03049029744794,23,NA,NA,NA
"real","BRA_UKR",0.044032300125174,0.273153393451597,26,NA,NA,NA
"real","BRB_EGY",-4.10573980044527,13.1768653053667,17,NA,NA,NA
"real","BRB_IND",-1.63479435063329,3.02677979120944,24,NA,NA,NA
"real","BRB_IRN",-1.63787809624792,3.78813911765439,11,NA,NA,NA
"real","BRB_ROU",-0.927025452986679,2.81108709707453,13,NA,NA,NA
"real","BRB_UGA",-2.88674132285777,11.1856278964367,14,NA,NA,NA
"real","BRN_BHR",-1.47203201262065,3.95417193580019,19,NA,NA,NA
"real","BRN_NPL",-2.67914279824177,7.38507186020246,23,NA,NA,NA
"real","BTN_FRA",-0.792293063583195,4.40475626254993,25,NA,NA,NA
"real","BTN_ROU",-2.57910219753825,10.2241841940416,10,NA,NA,NA
"real","BTN_SVN",-2.79708276823595,12.5346908830683,22,NA,NA,NA
"real","BWA_CHN",-0.323291332506485,6.93947283291324,22,NA,NA,NA
"real","BWA_COL",-0.788546993955645,17.7342828971738,19,NA,NA,NA
"real","BWA_MYS",0.685021271363046,6.87063796488583,24,NA,NA,NA
"real","CAF_BDI",-4.39810587632566,10.9630592554242,12,NA,NA,NA
"real","CAF_CRI",-0.830507141496339,3.01738232097309,24,NA,NA,NA
"real","CAF_ECU",-1.86441287610131,4.53758207155309,11,NA,NA,NA
"real","CAF_EGY",-2.44793570065705,4.71684083350272,23,NA,NA,NA
"real","CAF_FIN",-2.15813704521818,9.35348042757667,21,NA,NA,NA
"real","CAF_GTM",-2.43611821890322,7.6142836529339,9,NA,NA,NA
"real","CAF_ISR",-1.62165800786162,4.7214866229493,18,NA,NA,NA
"real","CAF_NZL",-1.62644072382509,7.08604317720618,20,NA,NA,NA
"real","CAF_SVK",-1.11198992938304,2.86359011381665,25,NA,NA,NA
"real","CAF_SVN",-0.773929577956841,2.55804728782734,25,NA,NA,NA
"real","CAF_ZAF",-1.91626181912707,3.89284126285835,22,NA,NA,NA
"real","CAN_MKD",-0.199882197897815,0.371474987860445,26,NA,NA,NA
"real","CAN_SVK",-0.00182765176080206,0.0610066518087995,22,NA,NA,NA
"real","CAN_TJK",-0.75443530671298,2.06854829523408,26,NA,NA,NA
"real","CAN_TKM",-0.623426277421305,1.5948458675289,26,NA,NA,NA
"real","CCK_BRA",-1.16195216604677,4.89476394008657,25,NA,NA,NA
"real","CCK_COL",-2.73834729771248,9.44462806394505,18,NA,NA,NA
"real","CCK_CYP",-2.13012060784804,5.8649425682831,21,NA,NA,NA
"real","CCK_FRA",-0.190778377990043,1.69874481950786,24,NA,NA,NA
"real","CCK_ITA",-0.626833075382313,2.24959428447237,13,NA,NA,NA
"real","CCK_MYS",-0.904587737883345,1.36970218295075,8,NA,NA,NA
"real","CCK_SVK",-2.02218449945447,9.81680674262285,22,NA,NA,NA
"real","CCK_SVN",-0.267960404157565,2.87492370772695,19,NA,NA,NA
"real","CHE_ERI",-0.372177332092628,0.76598252940766,26,NA,NA,NA
"real","CHL_CPV",-1.6228026661274,2.84461680971692,24,NA,NA,NA
"real","CHL_LTU",-0.77753016963448,2.78058938213928,9,NA,NA,NA
"real","CHL_LVA",-0.981973085314748,2.72260413068474,9,NA,NA,NA
"real","CHL_SVK",-0.565271039570025,1.32883701948256,9,NA,NA,NA
"real","CHN_ERI",-0.866526403824907,1.52491882100378,26,NA,NA,NA
"real","CIV_BOL",-3.08983210597224,14.2144477410524,22,NA,NA,NA
"real","CIV_JOR",-1.17694902730398,1.03428910056783,26,NA,NA,NA
"real","CIV_LVA",-2.34005141720262,6.97266708970923,12,NA,NA,NA
"real","CIV_SVK",-1.1389937839957,3.91488870298609,21,NA,NA,NA
"real","CIV_UGA",-0.43108010154603,0.992848836609688,26,NA,NA,NA
"real","CMR_CRI",-2.50636660800165,7.09886288468939,24,NA,NA,NA
"real","CMR_LTU",-0.485185001840617,0.86234894258466,15,NA,NA,NA
"real","CMR_MDG",-0.849335813546902,3.06521092784918,25,NA,NA,NA
"real","CMR_MKD",-0.912075188484356,3.62423254065652,22,NA,NA,NA
"real","CMR_SVK",-0.418262787255811,1.59439111428659,18,NA,NA,NA
"real","CMR_UGA",-0.656505332609947,1.54780294119962,25,NA,NA,NA
"real","CMR_VCT",-1.58746912340028,4.02994893556843,19,NA,NA,NA
"real","COD_CMR",-2.72081415491065,4.39357664575897,22,NA,NA,NA
"real","COG_AUT",-2.38864930381099,3.7967463232228,26,NA,NA,NA
"real","COG_BFA",-2.23679446667763,7.04150976101277,24,NA,NA,NA
"real","COG_CHL",-4.00410952443842,18.2385913206159,24,NA,NA,NA
"real","COG_GHA",-1.98696227263911,7.44469592751219,25,NA,NA,NA
"real","COG_HND",-1.98256311081295,13.8372600984261,18,NA,NA,NA
"real","COG_LTU",-0.941693555894946,4.44979734554666,18,NA,NA,NA
"real","COG_MLT",-4.38724510682077,18.5278869495495,14,NA,NA,NA
"real","COG_MRT",-1.38481070805974,4.50738195364993,16,NA,NA,NA
"real","COG_NIC",-5.22134211197486,17.111763262626,8,NA,NA,NA
"real","COG_NPL",-3.27210114913601,13.9942558536414,8,NA,NA,NA
"real","COG_POL",-0.598480331868398,1.5610874675809,25,NA,NA,NA
"real","COG_SVN",-0.695557232562732,2.53040883175545,26,NA,NA,NA
"real","COG_UGA",-1.16251200747163,4.02753029364111,23,NA,NA,NA
"real","COG_ZAF",-0.952308368274564,1.8570497173582,25,NA,NA,NA
"real","COK_AUT",-1.74277812555196,6.88294173104439,18,NA,NA,NA
"real","COK_FRA",-2.14828248295857,4.63465807550981,25,NA,NA,NA
"real","COK_ITA",-0.890801138040316,3.23055746375992,20,NA,NA,NA
"real","COK_SVK",-1.11687210579422,1.71893185930865,18,NA,NA,NA
"real","COL_ARM",-0.683850615177935,2.07751556404909,19,NA,NA,NA
"real","COL_FJI",0.246805965402691,1.49785059153119,22,NA,NA,NA
"real","COL_GNQ",0.0197127499112466,1.00896023440095,17,NA,NA,NA
"real","COL_GRL",-2.64594152429011,5.99365152294682,21,NA,NA,NA
"real","COL_LVA",-0.578206284018904,0.915735574242875,17,NA,NA,NA
"real","COL_MDA",-0.106318181730042,0.611299054082551,25,NA,NA,NA
"real","COL_MKD",-0.0537689223113447,1.11375131325613,26,NA,NA,NA
"real","COL_PLW",-1.07600995168098,4.78721896190727,17,NA,NA,NA
"real","COL_TJK",-0.700532605729723,3.92290677502388,11,NA,NA,NA
"real","COM_CZE",-0.646578824174767,1.23133089593879,24,NA,NA,NA
"real","COM_FIN",-1.62291690963394,7.43155523868632,11,NA,NA,NA
"real","COM_SVK",-0.614702472232517,1.76526550354568,17,NA,NA,NA
"real","COM_SVN",-1.18985287624099,3.30468995201247,18,NA,NA,NA
"real","CPV_AUS",-0.998942872560075,3.15472781534676,19,NA,NA,NA
"real","CPV_FRA",-0.130652388478489,0.653825938812885,26,NA,NA,NA
"real","CPV_HRV",-0.818579734996785,4.48718177530654,13,NA,NA,NA
"real","CPV_HUN",-0.472985212419499,5.33198573629664,8,NA,NA,NA
"real","CPV_MDG",-0.321643184845532,5.28019326229462,10,NA,NA,NA
"real","CPV_PER",-2.5695899998479,11.6185714240188,16,NA,NA,NA
"real","CRI_ABW",-0.319088702899551,1.8704596346087,26,NA,NA,NA
"real","CRI_AIA",-0.190273756545398,1.90875903694827,21,NA,NA,NA
"real","CRI_ANT",-0.158500339838823,0.50617169542835,17,NA,NA,NA
"real","CRI_ATG",-0.0453649071267896,1.63638431768773,26,NA,NA,NA
"real","CRI_BHS",-0.147665395841722,0.665886677615885,26,NA,NA,NA
"real","CRI_BMU",0.230618796793332,1.83968150266542,26,NA,NA,NA
"real","CRI_CIV",-0.670279411532054,0.895830467523347,26,NA,NA,NA
"real","CRI_CMR",-0.199584008300617,1.89012981220564,26,NA,NA,NA
"real","CRI_COG",-0.648444835022808,2.07764802123498,16,NA,NA,NA
"real","CRI_CYM",0.0403651645376162,1.9886114199671,26,NA,NA,NA
"real","CRI_HTI",0.0991615003563306,0.341264033268403,26,NA,NA,NA
"real","CRI_LTU",-0.375069257163361,2.65293819202919,17,NA,NA,NA
"real","CRI_LVA",-0.787802242427312,3.43059062778654,15,NA,NA,NA
"real","CRI_MRT",0.0971114864606114,1.06144223334064,8,NA,NA,NA
"real","CRI_MSR",-0.20150204149764,1.35031472191901,10,NA,NA,NA
"real","CRI_MUS",-0.488399966450038,1.76453907428968,26,NA,NA,NA
"real","CRI_RUS",0.107418277265199,0.484962342801281,26,NA,NA,NA
"real","CRI_SVK",-0.878039942848787,3.37472479315766,18,NA,NA,NA
"real","CRI_TCA",-1.49114088197828,6.94935951080776,15,NA,NA,NA
"real","CRI_VGB",-1.10717604510948,6.14679604941263,19,NA,NA,NA
"real","CUB_CRI",-0.862478529813134,2.14490913434424,26,NA,NA,NA
"real","CUB_JOR",-0.489266749054015,1.28297315935362,25,NA,NA,NA
"real","CUB_LVA",-3.00456640677552,10.7067708616652,18,NA,NA,NA
"real","CUB_MLT",-0.305582433573948,1.1720841745598,26,NA,NA,NA
"real","CUB_MUS",-0.331350372150588,2.13000888238191,24,NA,NA,NA
"real","CUB_MWI",-0.705699716278657,1.97438731163439,8,NA,NA,NA
"real","CUB_SLV",-0.439230062986471,0.833395162080991,17,NA,NA,NA
"real","CUB_SVK",-0.631252065886825,1.88598595196681,26,NA,NA,NA
"real","CXR_IND",-1.56609013624983,2.83456008165492,21,NA,NA,NA
"real","CXR_SVK",-1.96522055394893,7.10697464442045,19,NA,NA,NA
"real","CXR_THA",-4.8009395519123,11.7945756126812,23,NA,NA,NA
"real","CYM_GTM",-3.29124203491552,23.8380551003117,17,NA,NA,NA
"real","CYM_HND",0.110397140383264,0.465409304121408,10,NA,NA,NA
"real","CYM_UGA",-0.29825414492616,6.61771751993295,14,NA,NA,NA
"real","CYP_ARM",-0.153656720905103,2.91067626022607,22,NA,NA,NA
"real","CYP_AZE",-0.806528627847333,2.67210890676338,26,NA,NA,NA
"real","CYP_BIH",-0.140259574283261,0.8033614319302,13,NA,NA,NA
"real","CYP_DMA",-1.04788370292124,5.19251492838659,10,NA,NA,NA
"real","CYP_GUY",-0.398913040143374,1.0358724137758,11,NA,NA,NA
"real","CYP_KAZ",0.419132555654602,1.3123779793137,26,NA,NA,NA
"real","CYP_LCA",-0.785247195177531,2.24228979638872,11,NA,NA,NA
"real","CYP_MDA",0.128035095630683,1.71353194954485,19,NA,NA,NA
"real","CYP_MKD",-0.005017736563504,0.0592573790861933,9,NA,NA,NA
"real","CYP_SLV",-2.24124659462533,9.23770393131399,9,NA,NA,NA
"real","CYP_SVK",-0.00712211499007577,0.0650214060556426,9,NA,NA,NA
"real","CZE_BHS",-0.943317418170543,3.81268240836289,13,NA,NA,NA
"real","CZE_GRL",-0.0220249690826968,0.0370676773843434,9,NA,NA,NA
"real","CZE_KIR",-1.74481414180263,13.9848260473117,8,NA,NA,NA
"real","CZE_LAO",-1.55744675251527,2.28135334602873,25,NA,NA,NA
"real","CZE_MHL",-1.04296379531737,5.0668856279279,17,NA,NA,NA
"real","CZE_MKD",-0.0448567158597239,0.208961796592487,9,NA,NA,NA
"real","CZE_MNP",-2.29398924860189,8.42288935461645,8,NA,NA,NA
"real","CZE_NAM",-0.155113393134103,0.519598243658563,20,NA,NA,NA
"real","CZE_SWZ",-0.856402123621634,2.25177751437498,12,NA,NA,NA
"real","DEU_ERI",-0.0804379634522645,0.198061050038007,26,NA,NA,NA
"real","DEU_MNP",-0.675519750002561,1.92266734240518,26,NA,NA,NA
"real","DJI_CYP",-0.616138417040169,1.54061272926141,13,NA,NA,NA
"real","DJI_DNK",-2.08744807959876,14.1115031646736,24,NA,NA,NA
"real","DJI_JOR",-0.551837718011262,2.78959004110726,11,NA,NA,NA
"real","DJI_NOR",-1.8784588565894,6.15050170527972,15,NA,NA,NA
"real","DJI_OMN",-0.955283472466817,3.77897499230135,16,NA,NA,NA
"real","DJI_TUR",-0.220691295006946,1.40852139233757,24,NA,NA,NA
"real","DMA_BMU",-1.4931607101428,7.19233394151679,19,NA,NA,NA
"real","DMA_BRA",-1.00013826098359,3.00327273810606,24,NA,NA,NA
"real","DMA_DOM",-1.10589701358959,3.2551907282456,25,NA,NA,NA
"real","DMA_HND",-1.46253289505617,4.72968914037807,20,NA,NA,NA
"real","DMA_ISR",-1.01058779742495,1.71393797816313,23,NA,NA,NA
"real","DMA_SVK",-1.77295656469413,5.56991240857604,12,NA,NA,NA
"real","DMA_TWN",-1.39159366528843,2.49561701456637,24,NA,NA,NA
"real","DMA_UGA",-1.63940822814571,11.0607192069779,17,NA,NA,NA
"real","DNK_MNP",-0.913731517548689,3.17012626164954,21,NA,NA,NA
"real","DOM_GRL",-1.84230947675497,8.57847537622676,18,NA,NA,NA
"real","DOM_LKA",-1.10185748592057,3.94042853923774,19,NA,NA,NA
"real","DOM_LVA",-1.34478556881691,1.6238446336589,12,NA,NA,NA
"real","DOM_MAC",-0.0747963205341389,2.72587739077555,23,NA,NA,NA
"real","DOM_SUR",-0.44859093723786,1.19160074377385,25,NA,NA,NA
"real","DOM_SVK",-0.273126037925263,0.568633245083814,13,NA,NA,NA
"real","DOM_UGA",-0.730045002544872,4.11949732384456,10,NA,NA,NA
"real","DZA_BFA",-1.75453682160534,2.85409698465613,26,NA,NA,NA
"real","DZA_HND",-1.61656171335051,14.0377594174609,18,NA,NA,NA
"real","DZA_SVK",-0.0782167195372334,0.522855668219239,9,NA,NA,NA
"real","DZA_UKR",0.194499459675191,1.38065217922545,26,NA,NA,NA
"real","ECU_AZE",-1.29015504581391,3.70655367395271,25,NA,NA,NA
"real","ECU_BHR",-0.97629707935503,2.59652246441444,23,NA,NA,NA
"real","ECU_BLR",-1.47268358743449,7.40357286480065,25,NA,NA,NA
"real","ECU_ETH",-0.486951667116431,4.92138944310955,25,NA,NA,NA
"real","ECU_GEO",-1.15158406788662,4.42166300092116,24,NA,NA,NA
"real","ECU_LTU",-0.14460220340844,1.60893933570003,22,NA,NA,NA
"real","ECU_LVA",-0.538572575876098,1.87956320929719,21,NA,NA,NA
"real","ECU_MKD",-0.784110903392765,2.47935454603528,26,NA,NA,NA
"real","ECU_SEN",-0.591893813405224,2.79169788223485,25,NA,NA,NA
"real","ECU_SVK",-0.0675694316719054,1.77978347434987,22,NA,NA,NA
"real","ECU_SYR",-0.88433853268005,2.62995269387667,26,NA,NA,NA
"real","ECU_UGA",-0.826769679165023,3.37393072118423,25,NA,NA,NA
"real","ECU_UKR",-0.733737096632981,1.51945955460484,25,NA,NA,NA
"real","EGY_ARM",-0.900481115369762,2.71332627228508,25,NA,NA,NA
"real","EGY_AZE",-0.122187152834561,0.590361133216212,26,NA,NA,NA
"real","EGY_BFA",-0.667970135813494,0.97812089821282,26,NA,NA,NA
"real","EGY_BTN",-1.61226014802004,5.64362339522495,11,NA,NA,NA
"real","EGY_DMA",-0.741501507469462,1.64639584866503,21,NA,NA,NA
"real","EGY_DOM",-1.19931313055446,2.93154848317288,24,NA,NA,NA
"real","EGY_EST",-0.234970554716351,0.344609552980592,9,NA,NA,NA
"real","EGY_GEO",-0.689284788708583,1.03953343134535,26,NA,NA,NA
"real","EGY_GMB",-0.671625121178453,2.2583817021674,26,NA,NA,NA
"real","EGY_GNB",-1.40599256781613,3.1819712825808,25,NA,NA,NA
"real","EGY_GRL",-0.336174074320011,1.17536660770335,19,NA,NA,NA
"real","EGY_KAZ",-0.619123104817481,1.22651795731003,26,NA,NA,NA
"real","EGY_KGZ",-0.848238706506974,1.57516943858946,22,NA,NA,NA
"real","EGY_KNA",-1.79278470725638,7.45609877303744,11,NA,NA,NA
"real","EGY_LBR",-0.847785758690109,1.57816460807557,26,NA,NA,NA
"real","EGY_LTU",-0.890198685937764,2.61295493419454,9,NA,NA,NA
"real","EGY_LVA",-0.35758617683233,0.976370819232082,9,NA,NA,NA
"real","EGY_MKD",0.224976305690515,0.461756908528624,26,NA,NA,NA
"real","EGY_NER",-0.590541348806272,1.1835588208713,26,NA,NA,NA
"real","EGY_NPL",-2.27699139743568,5.91487062074333,26,NA,NA,NA
"real","EGY_SLE",-0.378467081295463,1.38860172479479,26,NA,NA,NA
"real","EGY_SLV",-0.495813587344725,1.34969592100633,24,NA,NA,NA
"real","EGY_SOM",-1.55244911415068,2.79260828040879,23,NA,NA,NA
"real","EGY_SVK",-0.131579677433302,0.416926396127137,9,NA,NA,NA
"real","EGY_TGO",-0.729922811889445,2.11002477725957,26,NA,NA,NA
"real","EGY_TJK",-1.0146519678626,6.48863512139367,24,NA,NA,NA
"real","EGY_TKM",-0.914664001157156,3.70889952610469,16,NA,NA,NA
"real","EGY_UZB",-1.35229258570251,2.60786641014077,26,NA,NA,NA
"real","ERI_CHE",-3.66106357560411,6.31192561611711,26,NA,NA,NA
"real","ERI_CRI",-1.85500503532289,6.85141858151226,8,NA,NA,NA
"real","ERI_DEU",-1.60213186649909,7.3403150257181,26,NA,NA,NA
"real","ERI_FIN",-1.50290723244812,9.81759907969225,13,NA,NA,NA
"real","ERI_NLD",-0.556086434881362,7.7659214522906,25,NA,NA,NA
"real","ERI_PRT",-2.26565772920855,10.2093636362029,8,NA,NA,NA
"real","ERI_SAU",-0.122823207561527,4.15630168153557,23,NA,NA,NA
"real","ERI_SWE",0.076029570789284,2.89248648648423,26,NA,NA,NA
"real","ESP_KGZ",-0.355740181665769,0.357969325263668,26,NA,NA,NA
"real","EST_ARG",-0.983207884229362,1.56396403857113,26,NA,NA,NA
"real","EST_BRA",-0.214570445715498,0.229440017968978,26,NA,NA,NA
"real","EST_CRI",-1.84380700680655,7.27945747481196,16,NA,NA,NA
"real","EST_GRL",-1.46637309489655,2.15827532335135,8,NA,NA,NA
"real","EST_JOR",-1.69819407294451,7.04084993296116,8,NA,NA,NA
"real","EST_MDA",0.316545410441591,0.657288780545771,19,NA,NA,NA
"real","EST_MEX",0.25134448278451,0.639596892992076,9,NA,NA,NA
"real","EST_MKD",-0.257881616635788,2.18016471257286,8,NA,NA,NA
"real","EST_MLT",-0.865964636786829,2.91902386450164,9,NA,NA,NA
"real","EST_OMN",-0.480993604153352,0.537219884540701,26,NA,NA,NA
"real","EST_PER",-0.402862356824522,1.70380523800445,18,NA,NA,NA
"real","EST_THA",-0.261488189140378,0.614106042181976,26,NA,NA,NA
"real","EST_URY",-1.62534637248131,3.17970501462894,26,NA,NA,NA
"real","ETH_AUT",-0.0927335817491641,0.422395146420077,26,NA,NA,NA
"real","ETH_CHL",-0.720671264170818,3.32689064668094,19,NA,NA,NA
"real","ETH_FRA",-0.0530709616750961,0.385762335145757,26,NA,NA,NA
"real","ETH_GAB",-1.33562579809112,2.54556749427459,21,NA,NA,NA
"real","ETH_ISL",-0.343885630213741,1.23135076559774,23,NA,NA,NA
"real","ETH_ITA",0.149573485536388,0.20094227732481,26,NA,NA,NA
"real","ETH_JOR",-0.333388648687744,0.818041297100374,23,NA,NA,NA
"real","ETH_LTU",-0.214204388166076,0.531585414084143,23,NA,NA,NA
"real","ETH_MKD",-1.09151374412231,5.00906817542921,21,NA,NA,NA
"real","ETH_OMN",-1.39331626456855,3.42639345977824,24,NA,NA,NA
"real","ETH_SVK",-0.342345198543952,1.57457019562816,25,NA,NA,NA
"real","ETH_SVN",-0.0197478457040163,1.33123773764683,26,NA,NA,NA
"real","ETH_TGO",-1.53117743962971,1.91652380124605,25,NA,NA,NA
"real","FIN_ERI",-0.577613398830862,1.41864523267722,26,NA,NA,NA
"real","FIN_FSM",-1.02178502653759,3.58112355227775,16,NA,NA,NA
"real","FIN_VGB",-0.910027778308859,6.35627356138279,12,NA,NA,NA
"real","FJI_CRI",-1.47913737360075,5.08133050628117,17,NA,NA,NA
"real","FJI_FIN",-3.3460271508804,8.17623336537034,12,NA,NA,NA
"real","FJI_HRV",-1.67956065164498,2.27368968259997,13,NA,NA,NA
"real","FJI_HUN",-0.444420050157298,1.0865387165863,11,NA,NA,NA
"real","FJI_LAO",-2.35072112552653,6.76796451341494,11,NA,NA,NA
"real","FJI_PER",-1.74866248655826,6.16019702707671,21,NA,NA,NA
"real","FJI_PHL",-1.23404894833967,2.64154945941162,23,NA,NA,NA
"real","FJI_SVN",-0.793677215383437,2.28318826226951,14,NA,NA,NA
"real","FLK_CAN",-1.10135673267364,3.79797479035837,23,NA,NA,NA
"real","FLK_SVN",-0.965231405544943,6.26526829101317,8,NA,NA,NA
"real","FLK_TGO",-1.87244347612182,4.42467905969912,12,NA,NA,NA
"real","FRA_AZE",-0.00917381066057186,0.185396395264967,26,NA,NA,NA
"real","FRA_CCK",-0.848823771851093,1.93130340802784,16,NA,NA,NA
"real","FRA_COK",-0.922226136269886,2.49858728399646,25,NA,NA,NA
"real","FRA_ERI",-0.148228575956819,0.452774542983082,26,NA,NA,NA
"real","FRA_ETH",0.149479375267412,0.125395372044385,26,NA,NA,NA
"real","FRA_FSM",-2.56088101080124,3.94737911384719,25,NA,NA,NA
"real","FRA_GIB",-0.357584977747143,0.377675451973097,26,NA,NA,NA
"real","FRA_KGZ",0.0172318536878308,0.109666442847771,26,NA,NA,NA
"real","FRA_MDV",-0.0660886905583647,0.235819449237358,26,NA,NA,NA
"real","FRA_MHL",-0.859357218075863,1.42987636434885,26,NA,NA,NA
"real","FRA_MNG",-0.0794548469746568,0.276400628357806,26,NA,NA,NA
"real","FRA_MNP",-0.201887682301476,1.28724885717454,26,NA,NA,NA
"real","FRA_NRU",-0.381556469170924,3.14650789363073,24,NA,NA,NA
"real","FRA_TON",-1.00938513690887,3.23573821544848,26,NA,NA,NA
"real","FRA_VGB",-0.0805358104535009,0.297660247746858,12,NA,NA,NA
"real","FRA_WSM",-0.843099424907692,1.79121513288797,26,NA,NA,NA
"real","FRO_COL",-0.849695368559714,5.21401993316851,21,NA,NA,NA
"real","FRO_GRL",-0.382421988955813,1.79901897652721,25,NA,NA,NA
"real","FRO_KOR",-0.940695720529829,5.54024227918551,21,NA,NA,NA
"real","FRO_NZL",-2.30521547241248,7.00368364149686,16,NA,NA,NA
"real","FSM_MYS",-0.291865853391056,1.34969658413088,12,NA,NA,NA
"real","GAB_BFA",-1.61387250577631,3.76423031185751,26,NA,NA,NA
"real","GAB_GHA",-1.29445285268832,4.14362598624926,25,NA,NA,NA
"real","GAB_IRL",-0.583124680565315,2.01091424632603,26,NA,NA,NA
"real","GAB_IRN",-1.65522366724746,8.62192473949424,8,NA,NA,NA
"real","GAB_NIC",-3.04020209821753,8.05192133114988,11,NA,NA,NA
"real","GAB_RWA",-1.10032485231689,5.77255235286253,21,NA,NA,NA
"real","GAB_SVN",-1.77514360743408,2.60316837402039,25,NA,NA,NA
"real","GAB_VCT",-0.752509882129689,3.47596015812708,16,NA,NA,NA
"real","GAB_VEN",-1.91286692215235,4.62124585104259,16,NA,NA,NA
"real","GBR_ERI",-0.193427570536232,0.365446157051372,26,NA,NA,NA
"real","GBR_MNP",-0.626609496525212,1.05031803578703,26,NA,NA,NA
"real","GEO_AUT",-0.267935297661667,0.422700472401703,19,NA,NA,NA
"real","GEO_FRA",-0.282215509246502,1.1679321300912,19,NA,NA,NA
"real","GEO_IND",-0.656938025250083,1.29563361098979,25,NA,NA,NA
"real","GEO_KOR",-0.743495189979453,1.75500425259313,25,NA,NA,NA
"real","GEO_LVA",-0.461762736013709,0.64231060703979,19,NA,NA,NA
"real","GEO_MDA",-0.109984776735698,1.81218146770643,8,NA,NA,NA
"real","GEO_MLT",-2.91324558881165,5.84983960084099,17,NA,NA,NA
"real","GEO_PAK",-0.764212154286713,2.59390002404114,21,NA,NA,NA
"real","GEO_SVK",-0.353768340523393,0.945197981465254,19,NA,NA,NA
"real","GEO_URY",-1.78078262304636,5.72414832169407,19,NA,NA,NA
"real","GHA_CRI",-1.64813373691823,4.75210089243236,16,NA,NA,NA
"real","GHA_HND",-2.49725702660303,10.6301895810777,21,NA,NA,NA
"real","GHA_LTU",-2.73413914871225,2.79240733325159,17,NA,NA,NA
"real","GHA_MDG",-2.73524283459633,5.06645118290454,22,NA,NA,NA
"real","GHA_MKD",0.179836980569156,0.621235270042835,26,NA,NA,NA
"real","GHA_MLT",0.0299144480667454,0.521389978714179,21,NA,NA,NA
"real","GHA_MWI",-0.249214013047623,1.75861324449776,26,NA,NA,NA
"real","GHA_SVK",-0.898228086166433,3.22077249159824,21,NA,NA,NA
"real","GHA_UGA",-1.2001855867207,2.38404349409045,26,NA,NA,NA
"real","GHA_URY",-0.818693368247764,3.61714864389893,20,NA,NA,NA
"real","GHA_ZAF",-1.96432697419308,4.61623333856913,26,NA,NA,NA
"real","GIB_AUT",-0.936830460191166,2.33004400540747,26,NA,NA,NA
"real","GIB_CAN",-1.6506956845766,3.88283225701304,26,NA,NA,NA
"real","GIB_CRI",-1.34769988747686,6.07091643002345,23,NA,NA,NA
"real","GIB_EGY",-0.897375261985592,6.83008513297199,26,NA,NA,NA
"real","GIB_FRA",-0.813859302877553,1.55938423015576,26,NA,NA,NA
"real","GIB_ITA",-1.1460270881832,3.27716609358425,26,NA,NA,NA
"real","GIB_KOR",-5.31654848620051,11.5399568812638,23,NA,NA,NA
"real","GIB_MAR",-2.67781041687733,6.70952687833476,23,NA,NA,NA
"real","GIB_MDA",-2.01081273371722,11.9196967444816,15,NA,NA,NA
"real","GIB_MKD",-0.628615099605133,6.40161390766786,8,NA,NA,NA
"real","GIB_MLT",-2.8920665949884,12.3201705990154,19,NA,NA,NA
"real","GIB_MWI",-0.424140554993368,1.69969323682795,20,NA,NA,NA
"real","GIB_POL",-1.20406883772811,6.61335105708093,19,NA,NA,NA
"real","GIB_SVK",-1.1873092123078,6.3531190326063,24,NA,NA,NA
"real","GIB_SVN",-1.39677977634688,4.56125290865984,25,NA,NA,NA
"real","GIB_TGO",-0.833157815529,1.21874807032997,18,NA,NA,NA
"real","GIB_UGA",0.0377070182671258,1.87767391076641,17,NA,NA,NA
"real","GIN_MLT",-3.15750817523322,12.991412314733,10,NA,NA,NA
"real","GIN_NZL",-0.949781340667546,2.16385357401815,23,NA,NA,NA
"real","GIN_POL",-0.303822962225381,1.2951682064458,26,NA,NA,NA
"real","GIN_SVK",-0.901263377120239,4.59721396670226,25,NA,NA,NA
"real","GIN_SVN",-3.03598149666013,12.5673939094765,26,NA,NA,NA
"real","GIN_ZAF",-1.26373506054574,2.40707158330962,26,NA,NA,NA
"real","GMB_COG",-0.056843873153723,1.50775719737956,8,NA,NA,NA
"real","GMB_CZE",-1.15742984246141,3.51381244631658,24,NA,NA,NA
"real","GMB_HUN",-1.17751218720229,5.5787653419497,10,NA,NA,NA
"real","GMB_IND",-0.817736154250119,3.32118220645087,26,NA,NA,NA
"real","GMB_MWI",-0.611354517489701,5.29730352842315,14,NA,NA,NA
"real","GMB_SAU",-1.21318395757233,4.89987576247473,16,NA,NA,NA
"real","GNB_IRL",-0.871574303306831,2.79381294202503,12,NA,NA,NA
"real","GNB_PAK",-2.61531243424917,5.40174292511247,17,NA,NA,NA
"real","GNB_SVN",-3.57391849808085,10.644832234248,17,NA,NA,NA
"real","GNQ_COL",-1.94060898737389,5.2007005372227,11,NA,NA,NA
"real","GNQ_MAR",-1.2226821231789,5.40770945112845,22,NA,NA,NA
"real","GNQ_SWE",-4.33176194464049,13.4120449783248,14,NA,NA,NA
"real","GNQ_TGO",-0.966265117936199,6.45568053988568,14,NA,NA,NA
"real","GRC_KGZ",0.0296338519310152,0.727021917606066,26,NA,NA,NA
"real","GRC_MHL",-0.583846717096689,1.20390343938059,26,NA,NA,NA
"real","GRC_MNG",-0.385760338260594,1.18940404532983,26,NA,NA,NA
"real","GRC_SWZ",-0.568121328169405,8.19819844736714,12,NA,NA,NA
"real","GRD_GIN",-0.811096986875401,2.33192653949574,9,NA,NA,NA
"real","GRD_PER",-2.70050540107823,10.5896945819981,13,NA,NA,NA
"real","GRD_SVK",-0.657712688132097,1.68879396780513,9,NA,NA,NA
"real","GRD_SVN",-1.60847524689962,3.50234832142808,13,NA,NA,NA
"real","GRD_UGA",-1.57131314971764,8.55616108433072,14,NA,NA,NA
"real","GRD_ZAF",-0.677952549756416,6.1415032536392,25,NA,NA,NA
"real","GTM_BRN",-1.33571446310987,3.94072763042432,15,NA,NA,NA
"real","GTM_LVA",-3.19925865919933,6.82289220640088,16,NA,NA,NA
"real","GTM_MAC",-0.384092294358392,0.959539575259032,18,NA,NA,NA
"real","GTM_SVK",-0.508879503335095,1.58360339012033,18,NA,NA,NA
"real","GUY_CRI",-1.41091404037843,5.65530712090249,24,NA,NA,NA
"real","GUY_POL",-0.800165528887601,2.65360588895297,12,NA,NA,NA
"real","GUY_SVK",-1.53825094847588,3.72952404608862,11,NA,NA,NA
"real","GUY_SVN",-1.63371234383267,4.82388638785751,12,NA,NA,NA
"real","GUY_SYC",-0.916029474191444,4.6204579321974,10,NA,NA,NA
"real","HND_ABW",-0.180715934664534,1.08919966610286,20,NA,NA,NA
"real","HND_ANT",-0.995887238563777,4.54238556102163,14,NA,NA,NA
"real","HND_BRB",-0.13421885352721,0.844760624226497,26,NA,NA,NA
"real","HND_CYM",-1.54711098679446,3.44683358215443,8,NA,NA,NA
"real","HND_LKA",-2.15885175999241,5.35447011723316,20,NA,NA,NA
"real","HND_LVA",-1.98089221170714,8.88164637639521,16,NA,NA,NA
"real","HND_MKD",-0.978077344546869,3.27570508326809,22,NA,NA,NA
"real","HND_MSR",-1.52073527301366,3.57998628867375,9,NA,NA,NA
"real","HND_MUS",-0.813123401290557,1.92838484857252,24,NA,NA,NA
"real","HND_SVK",-0.543924371482735,1.95479629692514,18,NA,NA,NA
"real","HND_TGO",-1.93325194168882,2.33967298674872,15,NA,NA,NA
"real","HND_UGA",-2.60013082351884,15.8289358664446,15,NA,NA,NA
"real","HND_URY",-0.946987387046415,2.05190298786534,26,NA,NA,NA
"real","HND_YEM",-2.77577546329924,12.4743164026899,10,NA,NA,NA
"real","HRV_AZE",-1.15568251793334,2.26187246905451,26,NA,NA,NA
"real","HRV_BLZ",-1.62496329275986,3.4223579124402,16,NA,NA,NA
"real","HRV_BWA",-4.58369211242814,11.1897305572311,11,NA,NA,NA
"real","HRV_CPV",-1.50479781695773,6.41333453561754,10,NA,NA,NA
"real","HRV_ERI",-1.57280472576691,4.61034848898602,21,NA,NA,NA
"real","HRV_GRL",-2.74354741791875,5.55436665858148,9,NA,NA,NA
"real","HRV_MDA",-0.310465252643603,0.755581705766639,9,NA,NA,NA
"real","HRV_PRY",-1.80395807082944,4.27457297890305,25,NA,NA,NA
"real","HRV_SLB",-2.11260906096136,3.7093520862035,8,NA,NA,NA
"real","HRV_SOM",-1.34273271257202,3.61743902716877,18,NA,NA,NA
"real","HRV_SUR",-1.07672313088628,2.18067767677909,17,NA,NA,NA
"real","HRV_VGB",-2.34645892431847,6.50650533122933,17,NA,NA,NA
"real","HRV_VNM",-1.02194341553506,2.51342281671851,26,NA,NA,NA
"real","HRV_VUT",-1.61721675621079,7.23829815062372,13,NA,NA,NA
"real","HTI_NIC",-2.04016440414111,5.11770430406856,22,NA,NA,NA
"real","HUN_BTN",-0.497468958810952,2.80226348768414,17,NA,NA,NA
"real","IDN_BTN",-1.62288349202572,3.21396534322358,23,NA,NA,NA
"real","IDN_GRL",-0.357657090217285,0.853958256843478,23,NA,NA,NA
"real","IDN_LTU",-0.782768168120952,2.95090580324439,26,NA,NA,NA
"real","IDN_LVA",-1.11079885705759,2.44031275265495,26,NA,NA,NA
"real","IDN_MDA",-0.447993984712734,0.732806723446531,26,NA,NA,NA
"real","IDN_MKD",-1.01144565595923,1.81062398645751,26,NA,NA,NA
"real","IDN_NPL",-0.533145321678421,0.851581434020199,24,NA,NA,NA
"real","IDN_SVK",-0.228707379467724,0.387945979810693,26,NA,NA,NA
"real","IDN_TCD",-0.267640917437192,1.1131789733369,25,NA,NA,NA
"real","IND_MKD",-0.394127802862365,0.387283221694437,26,NA,NA,NA
"real","IOT_CAN",-0.414754821047648,2.88394845537783,25,NA,NA,NA
"real","IOT_UGA",-1.62085830064604,11.1641946731578,8,NA,NA,NA
"real","IRL_ARM",-0.132162038984968,1.2812038329303,22,NA,NA,NA
"real","IRN_GRL",-0.46772100949153,1.18862583088987,20,NA,NA,NA
"real","IRN_LTU",-0.440710622362919,1.57259957056395,26,NA,NA,NA
"real","IRN_LVA",-0.133176262966989,0.704599144581656,25,NA,NA,NA
"real","IRN_MDA",-0.478511095055309,1.29706246738809,26,NA,NA,NA
"real","IRN_MKD",-0.130146461032423,0.905677530464611,26,NA,NA,NA
"real","IRN_MWI",-1.71798024079863,3.22163722479994,24,NA,NA,NA
"real","IRN_NPL",-1.48704349261175,2.54209992627962,22,NA,NA,NA
"real","IRN_SVK",-0.0656590821759279,0.358613052801932,26,NA,NA,NA
"real","IRN_TGO",-0.549297644899266,1.96634286190791,26,NA,NA,NA
"real","IRN_UGA",-0.32152759568163,0.819750010520473,26,NA,NA,NA
"real","IRN_VCT",-0.885123254879332,4.93306956140705,21,NA,NA,NA
"real","IRQ_CZE",-2.02708467821453,11.1063762975122,24,NA,NA,NA
"real","IRQ_NPL",-0.071337810421553,10.7108641080667,14,NA,NA,NA
"real","IRQ_PRY",0.761122596158466,12.514156982163,8,NA,NA,NA
"real","IRQ_SLV",-1.3696064763709,40.8288577909446,9,NA,NA,NA
"real","ISL_AND",-0.354800376276121,2.15213357357633,25,NA,NA,NA
"real","ISL_BLZ",-2.72449119123185,8.62766856585524,22,NA,NA,NA
"real","ISL_CRI",-0.708937258822619,1.41029708748824,19,NA,NA,NA
"real","ISL_KAZ",-0.443614963052618,1.27593602430808,24,NA,NA,NA
"real","ISL_NIC",-1.31277328908203,2.3884209095163,25,NA,NA,NA
"real","ISL_PYF",-0.0533604663866703,0.271384359486124,25,NA,NA,NA
"real","ISL_TGO",-2.5094414773696,3.77855551821035,20,NA,NA,NA
"real","ISL_UGA",-0.444735444762609,4.75870883360091,26,NA,NA,NA
"real","ISL_VNM",-0.0633789476656715,3.31806592838499,21,NA,NA,NA
"real","ISR_GRL",-2.69230269587498,4.92952620701146,22,NA,NA,NA
"real","ISR_JOR",-0.4408253557054,2.66645444941193,26,NA,NA,NA
"real","ISR_LVA",-0.1273421491534,0.22394182043713,9,NA,NA,NA
"real","ISR_MAR",-0.163031744037658,0.802863136037148,26,NA,NA,NA
"real","ISR_MDA",-0.0603026936075191,0.223657550022233,26,NA,NA,NA
"real","ISR_MKD",-0.0729749881356432,0.158580808554788,26,NA,NA,NA
"real","ISR_NPL",-0.555720637965799,1.30439396402669,26,NA,NA,NA
"real","ISR_SLV",-0.140007475913342,0.275279746152586,26,NA,NA,NA
"real","ISR_TGO",-1.28559832375661,2.08831703740787,26,NA,NA,NA
"real","ISR_UGA",0.0134619847391861,0.433203196281807,26,NA,NA,NA
"real","ITA_CCK",-0.728575100593719,2.17035146481977,16,NA,NA,NA
"real","ITA_COK",-2.06791988950564,4.38647357112379,23,NA,NA,NA
"real","ITA_ERI",-0.105848751360918,0.247046082028169,26,NA,NA,NA
"real","ITA_ETH",0.111565724931326,0.123881061209821,26,NA,NA,NA
"real","ITA_GIB",-0.226811013084437,0.320176275602883,26,NA,NA,NA
"real","ITA_MNP",-0.0538684251477695,0.221639482483998,26,NA,NA,NA
"real","ITA_SUR",-0.220948156103352,0.641095454966315,13,NA,NA,NA
"real","ITA_TON",-0.136912028644568,1.05356864376337,26,NA,NA,NA
"real","ITA_TUV",0.479506985903333,4.0528394687556,23,NA,NA,NA
"real","ITA_VGB",0.0311901908963288,0.114578749096357,12,NA,NA,NA
"real","JAM_GRL",-0.231454962659248,1.47563541925849,20,NA,NA,NA
"real","JAM_JOR",-0.640990384846815,2.06657577964846,19,NA,NA,NA
"real","JAM_LTU",-0.685152924873793,2.83800314419717,10,NA,NA,NA
"real","JAM_LVA",-0.391317987950565,1.13889478139725,9,NA,NA,NA
"real","JAM_SVK",-4.07736225343342,12.3322226437061,13,NA,NA,NA
"real","JAM_SYC",-0.91064374234643,2.72978154137479,19,NA,NA,NA
"real","JAM_UGA",-0.358349692263877,1.02908982694135,26,NA,NA,NA
"real","JOR_AGO",-0.55107534527674,1.4420937941976,25,NA,NA,NA
"real","JOR_ALB",-0.143137561851771,0.380696525282508,26,NA,NA,NA
"real","JOR_AZE",-0.220646086706835,1.20491275429222,26,NA,NA,NA
"real","JOR_CAF",-0.623894402350188,2.51415799544273,14,NA,NA,NA
"real","JOR_CIV",-1.26452576434864,3.95305686032805,25,NA,NA,NA
"real","JOR_CMR",-1.29310831963547,2.96393130473944,26,NA,NA,NA
"real","JOR_COM",-1.63778222990453,5.81010874638336,13,NA,NA,NA
"real","JOR_ETH",-0.305614805050466,1.62956547682946,25,NA,NA,NA
"real","JOR_GAB",-0.523553342727834,1.32366202991972,25,NA,NA,NA
"real","JOR_GEO",-0.367558270678479,1.36331682229644,22,NA,NA,NA
"real","JOR_GHA",-1.33657393979882,3.5133615020725,26,NA,NA,NA
"real","JOR_HRV",-0.959611376750698,1.50843475233671,18,NA,NA,NA
"real","JOR_ISR",-0.836709178241383,2.89143309661477,26,NA,NA,NA
"real","JOR_KAZ",-0.136427996338843,0.688561777974893,24,NA,NA,NA
"real","JOR_MDA",-0.655644030890031,1.69869484363209,26,NA,NA,NA
"real","JOR_MLT",-0.0796372885749531,0.300058300170474,9,NA,NA,NA
"real","JOR_MOZ",-1.20028548480284,6.52927105627455,25,NA,NA,NA
"real","JOR_MWI",-1.3124604134837,6.23102148851473,21,NA,NA,NA
"real","JOR_NGA",-0.343212302088609,1.28191543697733,26,NA,NA,NA
"real","JOR_NPL",-2.38766487210422,7.89791718078218,24,NA,NA,NA
"real","JOR_PAN",-1.11570447406583,4.46521184587399,24,NA,NA,NA
"real","JOR_PHL",-0.166745314704848,0.636955601382483,26,NA,NA,NA
"real","JOR_SEN",-0.5023004935718,1.75084170345745,25,NA,NA,NA
"real","JOR_SLE",-1.16179086687924,4.75412277958903,18,NA,NA,NA
"real","JOR_SOM",0.0808928042428964,0.422614923216495,24,NA,NA,NA
"real","JOR_SVK",-0.1339934507573,0.380484233225042,9,NA,NA,NA
"real","JOR_SYC",-1.23632172249049,3.71270142199447,15,NA,NA,NA
"real","JOR_TGO",-1.57694006493266,3.08458786392052,21,NA,NA,NA
"real","JOR_TJK",-0.514366327529554,1.39010410225842,17,NA,NA,NA
"real","JOR_TKM",-0.431651280118552,2.79634707403063,13,NA,NA,NA
"real","JOR_UZB",-1.00330538662391,2.30768660076639,20,NA,NA,NA
"real","JOR_VEN",-0.611707214263451,1.23140307199758,25,NA,NA,NA
"real","JOR_ZMB",-1.16497303195058,2.19056662866399,23,NA,NA,NA
"real","JOR_ZWE",-1.41073613694642,4.65869478426895,23,NA,NA,NA
"real","JPN_BIH",-0.508583318859886,1.45411294045544,25,NA,NA,NA
"real","JPN_PLW",-0.0699304661359905,0.102040482513157,26,NA,NA,NA
"real","KAZ_COL",-0.236686234902472,2.47155308881695,24,NA,NA,NA
"real","KAZ_CYP",-1.7023762120607,4.07690424719558,26,NA,NA,NA
"real","KAZ_IRL",-2.08360872398065,7.06283160292918,26,NA,NA,NA
"real","KAZ_JOR",-0.467445910532371,3.19547678565458,25,NA,NA,NA
"real","KAZ_LVA",0.0420877350603819,0.960476988368159,26,NA,NA,NA
"real","KAZ_MAR",-0.793445646419442,2.01381298885532,26,NA,NA,NA
"real","KAZ_MKD",-0.800223626276747,3.03837409574883,24,NA,NA,NA
"real","KAZ_OMN",-1.18669999956532,4.06563686282639,23,NA,NA,NA
"real","KAZ_SGP",-1.34964943649683,3.89749302535063,26,NA,NA,NA
"real","KAZ_SVK",-0.635718785627299,2.25457562857397,26,NA,NA,NA
"real","KEN_CRI",-0.812213080225646,1.40293188649895,26,NA,NA,NA
"real","KEN_ECU",-0.958992675595711,2.4308397493531,25,NA,NA,NA
"real","KEN_LVA",-1.18936195560508,3.48458433103,24,NA,NA,NA
"real","KEN_NPL",-1.56653560964177,4.93126447399707,17,NA,NA,NA
"real","KEN_PER",-1.0339261380273,2.49425032630955,24,NA,NA,NA
"real","KEN_SVK",-0.286822038625956,1.24210424311892,26,NA,NA,NA
"real","KEN_URY",-1.1143580296066,2.91090076807603,24,NA,NA,NA
"real","KGZ_CYP",-2.95125526811171,10.5420907782496,20,NA,NA,NA
"real","KGZ_LKA",-2.17485941165776,4.16187845284675,13,NA,NA,NA
"real","KGZ_LVA",-0.600634193781577,2.09835944279246,26,NA,NA,NA
"real","KGZ_MKD",-0.881530479772279,3.13439622752687,21,NA,NA,NA
"real","KGZ_NZL",-0.752741398325175,3.02699958978539,17,NA,NA,NA
"real","KGZ_PER",-1.97878881454607,9.64417659093184,19,NA,NA,NA
"real","KGZ_SVK",-0.830138519421643,3.330452478888,26,NA,NA,NA
"real","KHM_BDI",-0.121111362816879,2.89249306271292,15,NA,NA,NA
"real","KHM_BRA",-0.93595319409879,1.11249941879534,26,NA,NA,NA
"real","KHM_COL",-1.67671551633414,3.04427101531908,23,NA,NA,NA
"real","KHM_GRL",-0.0989052446837831,0.567070318759615,21,NA,NA,NA
"real","KHM_ISL",-0.170193146702081,0.371225551240885,26,NA,NA,NA
"real","KHM_LVA",-1.60635565902959,3.8446850775054,22,NA,NA,NA
"real","KHM_MDA",-0.740442457915602,2.36146881923246,21,NA,NA,NA
"real","KHM_MLT",-0.822117576728116,1.16791534041555,25,NA,NA,NA
"real","KHM_NPL",-0.288093959201461,1.40136789368251,20,NA,NA,NA
"real","KHM_SLV",-1.42767247102386,4.37094944991978,20,NA,NA,NA
"real","KHM_SVN",-0.953439006821508,1.31777146084592,26,NA,NA,NA
"real","KHM_TTO",-0.493715708818778,2.31744842778857,20,NA,NA,NA
"real","KHM_UGA",-2.29300291554675,7.23284067564082,18,NA,NA,NA
"real","KHM_URY",-0.80051973114594,2.79811022207195,25,NA,NA,NA
"real","KIR_CAN",-0.835271584230759,2.30857196207965,25,NA,NA,NA
"real","KIR_GBR",-0.229958671313319,2.00943217551226,20,NA,NA,NA
"real","KNA_CRI",-1.50751599268456,6.34128557810576,14,NA,NA,NA
"real","KNA_CYM",-1.1949804945792,4.03646195294247,10,NA,NA,NA
"real","KNA_DNK",-0.98481364218857,3.6138352166912,10,NA,NA,NA
"real","KNA_DOM",-0.86161154485822,3.15604598836798,21,NA,NA,NA
"real","KNA_ECU",-0.800670018762052,4.06634917705552,10,NA,NA,NA
"real","KNA_ITA",-0.587730513263644,1.32730094496803,13,NA,NA,NA
"real","KNA_MEX",-1.52793664040458,4.77058396235632,26,NA,NA,NA
"real","KNA_NIC",-1.09429561078694,6.03349155312937,10,NA,NA,NA
"real","KNA_NZL",-1.79821004826743,7.18995713535348,14,NA,NA,NA
"real","KOR_ERI",-0.595693627750245,1.23137881544035,26,NA,NA,NA
"real","KOR_PLW",-0.272540136172304,0.802773276695274,26,NA,NA,NA
"real","KWT_ARG",-1.45345338518535,5.94218072970455,25,NA,NA,NA
"real","KWT_CZE",-0.754996551196343,1.86774788980872,24,NA,NA,NA
"real","KWT_MLT",-2.18789135238428,5.50641447473326,26,NA,NA,NA
"real","KWT_MUS",-1.78900924859772,6.12020603306113,25,NA,NA,NA
"real","KWT_NPL",-1.28761077177588,4.74254927741937,22,NA,NA,NA
"real","KWT_NZL",-1.45076640839179,5.79889867284837,25,NA,NA,NA
"real","KWT_SVK",-1.15005411861411,2.68252797822968,24,NA,NA,NA
"real","KWT_SVN",-1.15111239968048,2.17989486586312,26,NA,NA,NA
"real","KWT_TGO",-1.37479473557189,5.10090913093124,24,NA,NA,NA
"real","KWT_UGA",-1.19396195315324,2.47667691155405,26,NA,NA,NA
"real","KWT_VEN",-1.03809092227336,1.88229616377501,24,NA,NA,NA
"real","LAO_EGY",-0.993082462982955,7.88088919071452,20,NA,NA,NA
"real","LAO_GRL",-1.38725064427249,4.52886524573906,15,NA,NA,NA
"real","LAO_HND",-0.270151723174262,2.65116391162006,11,NA,NA,NA
"real","LAO_JOR",-0.612315422974262,3.0305081872702,10,NA,NA,NA
"real","LAO_LTU",-2.24707653164276,14.6011296434972,16,NA,NA,NA
"real","LAO_MKD",-0.409962877670166,1.44163321165994,22,NA,NA,NA
"real","LAO_PER",-0.306697677526101,0.653369051138011,22,NA,NA,NA
"real","LAO_ROU",-1.74864968961605,4.06619259010826,23,NA,NA,NA
"real","LAO_SVK",-1.37010379918815,4.21049718691627,24,NA,NA,NA
"real","LAO_SVN",-0.25115814894825,0.69855462588064,26,NA,NA,NA
"real","LBN_BFA",-0.240001429751635,1.30921377740006,26,NA,NA,NA
"real","LBN_HND",-0.43451462641368,1.87122729852091,26,NA,NA,NA
"real","LBN_LTU",-1.22039271441166,3.0816272242777,9,NA,NA,NA
"real","LBN_MDA",-0.111401104607907,0.857593214235666,26,NA,NA,NA
"real","LBN_MKD",-2.38440527784603,5.11241749626478,26,NA,NA,NA
"real","LBN_MUS",-0.768909817613992,2.07271386454228,25,NA,NA,NA
"real","LBN_SLV",-0.609372561445494,2.10304067938283,20,NA,NA,NA
"real","LBN_SVK",-0.652938653609078,2.66431603600361,9,NA,NA,NA
"real","LBN_TGO",-0.436179203173095,1.40211138675503,26,NA,NA,NA
"real","LBN_UGA",-0.73348595657878,1.01330991457127,26,NA,NA,NA
"real","LBN_URY",-0.857145248546915,1.90491582798293,26,NA,NA,NA
"real","LBR_CHL",-3.73550627827131,13.5909204654687,16,NA,NA,NA
"real","LBR_CZE",-1.08265168040794,3.37914191813485,22,NA,NA,NA
"real","LBR_DZA",-3.72222996929365,12.3986162214262,21,NA,NA,NA
"real","LBR_ZAF",-2.58419486526355,4.73047741073093,23,NA,NA,NA
"real","LBY_HND",-3.91269600755634,20.0135901321653,10,NA,NA,NA
"real","LBY_MKD",-1.21809843966536,8.0065320753727,15,NA,NA,NA
"real","LBY_SVK",-4.44345042901357,10.783989001585,22,NA,NA,NA
"real","LBY_TGO",-2.38106407177125,8.13799467875214,19,NA,NA,NA
"real","LCA_IND",-2.43847654270307,4.4345876693976,26,NA,NA,NA
"real","LCA_NZL",-1.5729533518553,3.83733436584349,17,NA,NA,NA
"real","LCA_PRK",-3.456542408207,13.83623494757,9,NA,NA,NA
"real","LCA_SGP",-1.72279670073438,3.95012305610826,18,NA,NA,NA
"real","LKA_BFA",-1.11547025317332,2.96211331239586,26,NA,NA,NA
"real","LKA_COD",-1.40335237964297,3.60046118091051,19,NA,NA,NA
"real","LKA_DOM",-2.04358687337888,8.8663811614033,23,NA,NA,NA
"real","LKA_GEO",-0.268243867378177,0.530606962807557,25,NA,NA,NA
"real","LKA_GRL",-1.53278189255571,1.18139499297428,24,NA,NA,NA
"real","LKA_MKD",-0.015681041648831,0.272457469697292,26,NA,NA,NA
"real","LKA_NER",-0.818602139402282,2.79472157512395,25,NA,NA,NA
"real","LKA_SVK",-0.861200603438535,1.40276797774016,26,NA,NA,NA
"real","LKA_TKM",-0.428951174142561,0.756478256308734,22,NA,NA,NA
"real","LSO_THA",-0.793589647679665,3.19013349670483,18,NA,NA,NA
"real","LTU_AFG",-1.12579456989962,3.0184994249252,25,NA,NA,NA
"real","LTU_ARG",-0.870952952566176,2.87347615335352,26,NA,NA,NA
"real","LTU_ARM",0.196016213330826,1.14183359012745,23,NA,NA,NA
"real","LTU_BDI",-2.63414376542249,4.99954716342405,9,NA,NA,NA
"real","LTU_BEN",-1.59483707644772,2.64986314687282,20,NA,NA,NA
"real","LTU_BGD",-1.40285203765391,1.74688614932776,25,NA,NA,NA
"real","LTU_BIH",-0.991470939223647,2.85252671916065,13,NA,NA,NA
"real","LTU_BRA",-1.05371703686001,1.94234545278827,26,NA,NA,NA
"real","LTU_BRB",-2.99251928936849,4.39572052709275,8,NA,NA,NA
"real","LTU_CHL",-0.435153231684048,2.20437341502898,9,NA,NA,NA
"real","LTU_CIV",-1.18012999716155,2.69067483605137,17,NA,NA,NA
"real","LTU_CRI",-1.42478114292748,4.28040643593984,15,NA,NA,NA
"real","LTU_CUB",-0.978263570120173,2.59265547934822,26,NA,NA,NA
"real","LTU_DJI",-3.26033754591944,4.91173594320434,17,NA,NA,NA
"real","LTU_ECU",-0.838013588739321,5.01845824354254,21,NA,NA,NA
"real","LTU_EGY",-0.223100147832405,0.878456494648899,9,NA,NA,NA
"real","LTU_ETH",-1.1865868351115,4.11423012158101,20,NA,NA,NA
"real","LTU_GIN",-0.672238422064528,1.96712589281933,23,NA,NA,NA
"real","LTU_GNB",-0.726386011004765,1.46195114994364,11,NA,NA,NA
"real","LTU_GRL",-0.752876448291703,2.51491509766603,8,NA,NA,NA
"real","LTU_IDN",-1.05877383135951,2.29282364503113,26,NA,NA,NA
"real","LTU_IND",-0.807671092507169,1.05114841245386,26,NA,NA,NA
"real","LTU_IRN",-1.81115507027472,3.10852119071846,26,NA,NA,NA
"real","LTU_ISR",-0.145843488140296,0.328018129661515,9,NA,NA,NA
"real","LTU_KHM",-2.32308197617478,7.44046554270606,20,NA,NA,NA
"real","LTU_LAO",-0.624948559041882,2.59933485063826,11,NA,NA,NA
"real","LTU_MKD",-1.64638177078167,5.92746507167218,9,NA,NA,NA
"real","LTU_MLI",-2.07772015645444,4.09022444696036,23,NA,NA,NA
"real","LTU_MLT",-1.11061935285119,1.81253781862326,9,NA,NA,NA
"real","LTU_MNG",-1.30676059711014,2.86617008742315,26,NA,NA,NA
"real","LTU_MRT",-0.652064852171946,2.8325164832128,26,NA,NA,NA
"real","LTU_MYS",-0.628554067488769,1.50004114259503,26,NA,NA,NA
"real","LTU_NER",-0.900476587614545,6.05059923895161,20,NA,NA,NA
"real","LTU_NGA",-2.14580438060729,6.88804603092344,25,NA,NA,NA
"real","LTU_NIC",-0.968362055447181,2.39789672998943,18,NA,NA,NA
"real","LTU_NZL",-1.74844633590964,4.63194181828863,26,NA,NA,NA
"real","LTU_OMN",-2.01177260210334,3.35382975523682,24,NA,NA,NA
"real","LTU_PAK",-0.171617459100027,0.989084370412559,26,NA,NA,NA
"real","LTU_PAN",-0.785429449764954,2.246069136646,18,NA,NA,NA
"real","LTU_PER",-0.436090398959258,1.52221994747754,18,NA,NA,NA
"real","LTU_PHL",-0.32072077007088,1.24001379170605,26,NA,NA,NA
"real","LTU_PRK",-1.31901990989062,4.98110562160724,11,NA,NA,NA
"real","LTU_QAT",-1.33852184081893,3.49929448801582,23,NA,NA,NA
"real","LTU_SEN",-0.860464475157929,3.01559603103997,22,NA,NA,NA
"real","LTU_SGP",-1.08717038305929,3.21854502314921,24,NA,NA,NA
"real","LTU_SLV",-2.83324627291383,5.49098332701945,13,NA,NA,NA
"real","LTU_SYR",-0.545968555223688,2.21803201789535,8,NA,NA,NA
"real","LTU_TTO",-0.670041182332477,3.18622339536099,9,NA,NA,NA
"real","LTU_TUN",-2.30208629056,6.66243847535994,9,NA,NA,NA
"real","LTU_TWN",-0.446269375623325,0.697911126904972,26,NA,NA,NA
"real","LTU_UGA",-1.96639023693744,4.93647971675959,19,NA,NA,NA
"real","LTU_URY",-1.70619690870273,5.08878574178603,25,NA,NA,NA
"real","LTU_VEN",-1.26865745743712,2.87605320181962,26,NA,NA,NA
"real","LTU_VGB",-0.79203667204909,6.18450787612886,11,NA,NA,NA
"real","LTU_VNM",-0.356404394912406,1.0130548952116,26,NA,NA,NA
"real","LVA_AFG",-2.11416207716485,2.34168804689465,26,NA,NA,NA
"real","LVA_ALB",-0.937439630438289,1.94471599315922,9,NA,NA,NA
"real","LVA_ARG",-0.916663700445121,2.91871034091785,26,NA,NA,NA
"real","LVA_ARM",-0.103820147251668,0.293287900318256,23,NA,NA,NA
"real","LVA_AZE",0.0654454749608555,0.936434296641681,26,NA,NA,NA
"real","LVA_BHS",-0.574493649411298,2.27758642682265,12,NA,NA,NA
"real","LVA_BLR",-0.0486796160974106,0.327202335995301,26,NA,NA,NA
"real","LVA_BRB",-2.54410362059928,8.34632564714814,9,NA,NA,NA
"real","LVA_CHL",-2.03447313126235,7.33544694888168,9,NA,NA,NA
"real","LVA_COD",-2.53953310039631,7.27218543269733,15,NA,NA,NA
"real","LVA_CRI",-0.853817558484064,2.61834715964932,15,NA,NA,NA
"real","LVA_CUB",-1.02449695514885,3.44938250700169,25,NA,NA,NA
"real","LVA_ECU",-1.36167929215454,7.05850660206764,20,NA,NA,NA
"real","LVA_EGY",-0.450447568044092,1.63034729777228,9,NA,NA,NA
"real","LVA_GEO",-0.347950132289758,0.450134912566838,19,NA,NA,NA
"real","LVA_GNB",-1.84122408937523,3.56147602741975,13,NA,NA,NA
"real","LVA_GRL",-1.63757919816934,7.25639371336623,8,NA,NA,NA
"real","LVA_HND",-0.705892422201757,4.04430598865956,16,NA,NA,NA
"real","LVA_IDN",-1.4294632702643,6.09701269060698,26,NA,NA,NA
"real","LVA_IRN",-1.80402823756946,4.0968132248497,26,NA,NA,NA
"real","LVA_ISR",0.0432368921059861,0.0887965080569687,9,NA,NA,NA
"real","LVA_JOR",-0.69811697221399,2.93966269427303,8,NA,NA,NA
"real","LVA_KAZ",0.161573190565829,0.315789656775243,26,NA,NA,NA
"real","LVA_KGZ",-0.0979505650454359,0.428981635380608,26,NA,NA,NA
"real","LVA_LBN",-0.269103724580775,1.61048941328858,9,NA,NA,NA
"real","LVA_LBR",-0.733059229035811,1.92805987105696,25,NA,NA,NA
"real","LVA_MAR",-0.574175513059481,1.4169583361525,9,NA,NA,NA
"real","LVA_MDA",0.182774036579533,0.274684454757671,19,NA,NA,NA
"real","LVA_MEX",-1.212031220997,3.30942376214652,9,NA,NA,NA
"real","LVA_MLT",-0.481418281673528,1.31037271336164,9,NA,NA,NA
"real","LVA_MNG",-0.290048359243825,0.800518370993146,26,NA,NA,NA
"real","LVA_NER",-2.67093466921378,7.10204319407566,15,NA,NA,NA
"real","LVA_NGA",-2.83544780719672,10.8463780747873,25,NA,NA,NA
"real","LVA_NIC",-1.10373602823765,4.01441857728864,15,NA,NA,NA
"real","LVA_PAN",-1.08028244148112,5.18039184473635,18,NA,NA,NA
"real","LVA_PER",-1.37836054454022,5.87706153760515,18,NA,NA,NA
"real","LVA_PRK",-1.94589655888793,9.27550249374534,10,NA,NA,NA
"real","LVA_RUS",0.143942443960918,0.0814847775650783,26,NA,NA,NA
"real","LVA_SDN",-2.93625744655699,4.85846767076049,22,NA,NA,NA
"real","LVA_SGP",-0.999941169768946,3.56654006318904,24,NA,NA,NA
"real","LVA_SLE",-2.21705531397734,6.09461178199469,16,NA,NA,NA
"real","LVA_THA",-0.933831343099807,2.32153594475681,26,NA,NA,NA
"real","LVA_TJK",-0.328213983234924,1.12561230825991,26,NA,NA,NA
"real","LVA_TKM",-0.643893918236994,1.27558751961753,26,NA,NA,NA
"real","LVA_TUN",-0.104547791849162,0.242004868291396,9,NA,NA,NA
"real","LVA_TWN",-0.383085741022012,0.964352831584398,26,NA,NA,NA
"real","LVA_TZA",-1.30596612111035,2.56864523203036,23,NA,NA,NA
"real","LVA_UKR",0.242981679769361,0.443419376430539,19,NA,NA,NA
"real","LVA_URY",-2.090331304098,4.4537864429856,24,NA,NA,NA
"real","LVA_UZB",-0.6355153071462,0.383888506929225,26,NA,NA,NA
"real","LVA_VEN",-1.48453961163803,3.7710520653692,24,NA,NA,NA
"real","LVA_VNM",-0.362205933862993,0.999799750787752,26,NA,NA,NA
"real","LVA_YEM",-0.657414174012836,2.30573432460548,26,NA,NA,NA
"real","MAC_GRL",-0.994857810758005,2.53629618112058,18,NA,NA,NA
"real","MAC_HRV",-0.775425756407841,4.85006286427944,26,NA,NA,NA
"real","MAC_MKD",-0.916532277854985,2.15308753885303,24,NA,NA,NA
"real","MAC_MNG",-0.672552132879454,3.42816021701293,10,NA,NA,NA
"real","MAC_SVK",-0.360614138134097,0.956932093997162,26,NA,NA,NA
"real","MAC_SVN",-0.252033623550653,1.23088515554021,26,NA,NA,NA
"real","MAC_SYC",-1.73502426015608,7.13891850665211,12,NA,NA,NA
"real","MAC_UKR",-0.978185633763427,2.14822885591733,26,NA,NA,NA
"real","MAR_BLR",-0.845488422175256,1.91846715106511,24,NA,NA,NA
"real","MAR_BRB",-0.627413195767372,1.38201735411979,24,NA,NA,NA
"real","MAR_BRN",-3.9345016949563,8.53846441289302,22,NA,NA,NA
"real","MAR_CPV",-0.843059871514039,1.98127175493099,26,NA,NA,NA
"real","MAR_GRD",-1.48224641742848,4.78776697115651,20,NA,NA,NA
"real","MAR_LCA",-2.04208233185126,8.86739057409466,19,NA,NA,NA
"real","MAR_LTU",-0.316617801456643,0.68963808746642,9,NA,NA,NA
"real","MAR_LVA",-0.961059556908894,5.3755043801435,8,NA,NA,NA
"real","MAR_MKD",-1.74015061498355,3.22324332430923,26,NA,NA,NA
"real","MAR_PYF",-0.235117996583435,1.46297533129845,25,NA,NA,NA
"real","MAR_UGA",-1.26561334176324,2.31918911429233,24,NA,NA,NA
"real","MDA_AFG",-1.40143072402259,3.37959286765997,16,NA,NA,NA
"real","MDA_AGO",-1.22497730709216,8.26035432691146,20,NA,NA,NA
"real","MDA_ALB",-0.170093940839474,0.565627459578785,9,NA,NA,NA
"real","MDA_AUT",-0.0974182084854403,0.148187754816987,19,NA,NA,NA
"real","MDA_BLR",0.045024242567532,0.203438732641189,17,NA,NA,NA
"real","MDA_COL",-1.25241560189504,4.59501620369322,26,NA,NA,NA
"real","MDA_DZA",-1.61397522632964,6.21688677049073,24,NA,NA,NA
"real","MDA_EGY",-0.771879443416988,3.55994671632167,26,NA,NA,NA
"real","MDA_EST",0.219388813563192,0.590538822057688,19,NA,NA,NA
"real","MDA_GEO",-0.397313066248078,0.948228250271795,8,NA,NA,NA
"real","MDA_IND",-0.105526380755541,1.59690641074961,26,NA,NA,NA
"real","MDA_ISR",-0.17504932352747,1.35342646387716,26,NA,NA,NA
"real","MDA_JOR",-0.526307088464358,2.34894011102997,26,NA,NA,NA
"real","MDA_LBN",-0.42195368680026,0.728857268498583,26,NA,NA,NA
"real","MDA_LKA",-2.349300743881,7.00839368560419,15,NA,NA,NA
"real","MDA_LVA",0.0677217834239494,0.459872741730936,19,NA,NA,NA
"real","MDA_MAR",-0.686664132817789,4.25187207061188,24,NA,NA,NA
"real","MDA_MKD",-0.578216165196285,2.58883832584932,9,NA,NA,NA
"real","MDA_NGA",-1.10253728902068,9.38537319247328,17,NA,NA,NA
"real","MDA_OMN",-1.4270857929064,6.16137838993392,8,NA,NA,NA
"real","MDA_PAN",-0.934239517813949,4.15728509625353,17,NA,NA,NA
"real","MDA_SVK",-0.618102614220978,0.866119569599451,19,NA,NA,NA
"real","MDA_SYR",-0.783857540953069,3.10082787004048,25,NA,NA,NA
"real","MDA_TKM",-0.252315179221319,1.61467755754899,25,NA,NA,NA
"real","MDA_UGA",-1.44009710200033,7.73832438501106,17,NA,NA,NA
"real","MDA_UKR",-0.0257199853638401,0.202323556533777,8,NA,NA,NA
"real","MDA_VNM",-0.755889893276698,2.1502983337891,25,NA,NA,NA
"real","MDG_BLZ",-0.334355252393359,2.97110442128772,8,NA,NA,NA
"real","MDG_CRI",-0.707230192254445,3.28020995215978,23,NA,NA,NA
"real","MDG_LCA",-0.210642879955575,1.66255330979656,9,NA,NA,NA
"real","MDG_LVA",-1.42294542662577,5.68036240637156,14,NA,NA,NA
"real","MDG_MKD",-0.605099782785112,3.0835226944636,19,NA,NA,NA
"real","MDG_NPL",-0.133974199755838,0.752462142261973,12,NA,NA,NA
"real","MDG_SVK",-0.87201627184733,3.82255710086291,17,NA,NA,NA
"real","MDG_URY",-0.400808314813405,1.42991666551254,26,NA,NA,NA
"real","MDV_CZE",-1.36272124910574,2.68712943710664,24,NA,NA,NA
"real","MDV_FRA",-1.12753425754873,3.60753215149303,26,NA,NA,NA
"real","MDV_IDN",-1.87624147997797,8.12744302717608,24,NA,NA,NA
"real","MDV_MAR",-0.830706263815019,2.16718705340858,18,NA,NA,NA
"real","MDV_SVN",-0.816978752706102,2.50061286890268,23,NA,NA,NA
"real","MDV_TUN",-1.64847082089548,6.28429536306054,22,NA,NA,NA
"real","MEX_EST",-0.121265467361309,1.86337378728254,9,NA,NA,NA
"real","MEX_LAO",-2.20334232101907,4.42502834025591,19,NA,NA,NA
"real","MEX_LTU",-0.695225514184929,1.14977759602131,9,NA,NA,NA
"real","MEX_LVA",-0.82053416066639,1.56477632678287,9,NA,NA,NA
"real","MEX_MKD",-0.717747870924656,0.740776754431352,26,NA,NA,NA
"real","MEX_MLI",-0.993313368970656,2.79507521328224,22,NA,NA,NA
"real","MEX_SVK",-0.286629569251758,0.387546487530605,9,NA,NA,NA
"real","MEX_SYC",-1.62854350444069,4.68071504820848,25,NA,NA,NA
"real","MHL_CYP",-4.72465054261983,29.9755652818212,12,NA,NA,NA
"real","MHL_GBR",-0.120502077427533,1.99827684391858,26,NA,NA,NA
"real","MKD_AFG",-0.37900724351503,1.04915608095973,17,NA,NA,NA
"real","MKD_ARM",-0.276451060793487,1.12905561703356,23,NA,NA,NA
"real","MKD_AZE",-0.184331737103838,1.0713157567961,25,NA,NA,NA
"real","MKD_BFA",-0.103094230273806,1.79291362800107,8,NA,NA,NA
"real","MKD_BLR",-0.991840091536859,0.834453450905978,26,NA,NA,NA
"real","MKD_CAN",-0.162032250150208,0.368657930232113,26,NA,NA,NA
"real","MKD_CHL",-0.898476743436516,2.67608475851231,21,NA,NA,NA
"real","MKD_CMR",-3.29621517516419,10.0371574958803,12,NA,NA,NA
"real","MKD_COL",-1.25776438593614,2.43906668858416,23,NA,NA,NA
"real","MKD_CYP",-0.574714048974511,1.35370282533819,9,NA,NA,NA
"real","MKD_CZE",-0.104534122573723,0.173705652273017,9,NA,NA,NA
"real","MKD_DZA",-1.59791110751372,5.33891825874105,20,NA,NA,NA
"real","MKD_EST",-0.506276179972445,1.48317940361163,9,NA,NA,NA
"real","MKD_ETH",-1.54545081148837,5.86250641928026,10,NA,NA,NA
"real","MKD_GEO",-0.321866409558908,0.946858458792013,26,NA,NA,NA
"real","MKD_GRL",-0.373020683577408,1.44306701991041,16,NA,NA,NA
"real","MKD_GTM",-2.91660690670977,8.92932899852427,14,NA,NA,NA
"real","MKD_IDN",-1.13329149287267,3.13678566866922,25,NA,NA,NA
"real","MKD_IRN",-0.43010089251493,1.48379033927309,26,NA,NA,NA
"real","MKD_IRQ",-0.931186316799836,3.1006211496817,20,NA,NA,NA
"real","MKD_ISR",-0.40721359779057,0.538362130132187,26,NA,NA,NA
"real","MKD_JOR",-0.27063003693204,0.78356511382877,26,NA,NA,NA
"real","MKD_KAZ",-0.112630175094466,0.291913738714583,26,NA,NA,NA
"real","MKD_KGZ",-1.86018286874487,4.37158151261544,22,NA,NA,NA
"real","MKD_KWT",-0.223498070152478,0.498802905303206,24,NA,NA,NA
"real","MKD_LBN",-0.435161511955792,2.13618759760873,26,NA,NA,NA
"real","MKD_LBY",-0.697165871093018,2.91369973156851,25,NA,NA,NA
"real","MKD_LTU",-0.672396111858311,2.30479842807118,9,NA,NA,NA
"real","MKD_LVA",-0.480496999176572,1.26744159737373,9,NA,NA,NA
"real","MKD_MDA",-0.0707932429311545,0.488771260092109,9,NA,NA,NA
"real","MKD_MDG",-1.44420372658888,5.33637952081212,12,NA,NA,NA
"real","MKD_MEX",-0.672036455943466,1.46930889434687,26,NA,NA,NA
"real","MKD_MNG",-1.4302827260039,3.71317869692471,10,NA,NA,NA
"real","MKD_MOZ",-0.874852143675341,8.30663258824889,8,NA,NA,NA
"real","MKD_NGA",-0.487603367314022,2.83898317174651,25,NA,NA,NA
"real","MKD_PAK",-1.14854540253266,6.08450840805836,25,NA,NA,NA
"real","MKD_PAN",-1.86152588501908,6.27872886404383,16,NA,NA,NA
"real","MKD_PYF",-1.0719945313808,2.42340642498328,23,NA,NA,NA
"real","MKD_QAT",-1.99058552171157,6.75874212698851,16,NA,NA,NA
"real","MKD_RUS",0.0957480493250971,0.141061234067181,26,NA,NA,NA
"real","MKD_SAU",-0.443932371479943,1.60659785093736,26,NA,NA,NA
"real","MKD_SGP",-0.877724640209277,3.17838916197082,24,NA,NA,NA
"real","MKD_SVK",-0.187960098681989,0.48660174506596,9,NA,NA,NA
"real","MKD_SYC",-1.66478106390995,7.5610778507929,15,NA,NA,NA
"real","MKD_SYR",-1.00694833801643,2.78703119477326,22,NA,NA,NA
"real","MKD_THA",-0.839095344059045,3.04186703164585,22,NA,NA,NA
"real","MKD_TKM",-1.76628655097241,10.9444530052642,13,NA,NA,NA
"real","MKD_TUN",-1.66486117714931,3.96396637545938,23,NA,NA,NA
"real","MKD_TWN",-1.94172888768318,5.43783419569278,25,NA,NA,NA
"real","MKD_UGA",-0.922787986850849,4.77492756147132,15,NA,NA,NA
"real","MKD_URY",-1.86271573561953,2.61459646169919,18,NA,NA,NA
"real","MKD_UZB",-1.29565570123456,8.44147190158548,15,NA,NA,NA
"real","MKD_VEN",-1.43820004130717,3.80850638659133,11,NA,NA,NA
"real","MLI_LTU",-3.90557722888189,14.6172656297669,16,NA,NA,NA
"real","MLI_MLT",-5.01251914895856,13.7353719663172,18,NA,NA,NA
"real","MLI_PHL",-2.17921469909845,10.9681907747669,24,NA,NA,NA
"real","MLI_POL",-0.084803226245269,1.23856026160876,25,NA,NA,NA
"real","MLI_SVK",-1.91223155315984,2.36885883431057,25,NA,NA,NA
"real","MLI_SVN",-1.0671371926176,5.18486692382424,25,NA,NA,NA
"real","MLI_UGA",-3.90462593220853,4.1977682461197,25,NA,NA,NA
"real","MLT_ALB",-0.239174776106459,1.52712295596512,11,NA,NA,NA
"real","MLT_AZE",-0.744509284005389,4.92088808476984,23,NA,NA,NA
"real","MLT_BGR",-0.173013123335252,0.357795920843481,9,NA,NA,NA
"real","MLT_BHS",-3.62288572004681,12.9817691303863,9,NA,NA,NA
"real","MLT_CIV",-4.03487565849133,6.46446567365934,21,NA,NA,NA
"real","MLT_CMR",-1.52247158549598,2.72857748287546,19,NA,NA,NA
"real","MLT_CRI",-1.31058478583181,4.16517933478156,18,NA,NA,NA
"real","MLT_CUB",-2.51862451882717,9.74568664842046,9,NA,NA,NA
"real","MLT_DMA",-2.13415772456799,9.12586502886451,10,NA,NA,NA
"real","MLT_GEO",-1.79894734272263,8.25919907584874,18,NA,NA,NA
"real","MLT_GHA",-1.65852335367605,4.86630509401695,21,NA,NA,NA
"real","MLT_GMB",-1.20026041494806,3.49357407117876,25,NA,NA,NA
"real","MLT_GTM",-1.17885172764992,1.92452119314606,17,NA,NA,NA
"real","MLT_HND",-1.13306297674743,4.18195876353737,14,NA,NA,NA
"real","MLT_IRN",-1.0071765203801,1.62155659601617,26,NA,NA,NA
"real","MLT_ISR",-0.230226202760893,0.984228142117839,9,NA,NA,NA
"real","MLT_JOR",-0.142906565720401,0.2683909805119,9,NA,NA,NA
"real","MLT_KEN",-0.555204067016725,1.04670508501633,26,NA,NA,NA
"real","MLT_KGZ",-0.00417803356189267,1.2472305955185,21,NA,NA,NA
"real","MLT_LBN",-0.583534090412216,0.945613015029102,9,NA,NA,NA
"real","MLT_LBR",-1.01946653913607,4.25865304116973,21,NA,NA,NA
"real","MLT_LTU",-0.598542630512388,1.06368786915652,9,NA,NA,NA
"real","MLT_LVA",-1.02489367264764,1.87162310820343,9,NA,NA,NA
"real","MLT_MKD",-0.902477558177648,2.05745484357781,9,NA,NA,NA
"real","MLT_MLI",-1.32619948991346,4.81690777922703,22,NA,NA,NA
"real","MLT_NER",-0.514660264809171,1.57335814483047,26,NA,NA,NA
"real","MLT_NGA",-1.03621359844602,2.85011803848332,26,NA,NA,NA
"real","MLT_NIC",-2.82850112702789,10.3663615705995,14,NA,NA,NA
"real","MLT_NPL",-1.62658913727061,2.60058224775657,24,NA,NA,NA
"real","MLT_PAK",-1.51865809753654,2.23759312324533,26,NA,NA,NA
"real","MLT_POL",-0.260702844405197,1.04430547671161,9,NA,NA,NA
"real","MLT_SDN",-1.01467507612563,3.12786551160361,26,NA,NA,NA
"real","MLT_SLE",-1.28168163624093,2.72718345505769,26,NA,NA,NA
"real","MLT_SVK",0.0191475307259392,0.175562357529483,9,NA,NA,NA
"real","MLT_SYC",-2.05882976094897,3.82993931170084,15,NA,NA,NA
"real","MLT_SYR",-0.184349928255089,3.13215760209857,8,NA,NA,NA
"real","MLT_TTO",-0.716257179926818,2.69399342614921,10,NA,NA,NA
"real","MLT_TWN",-0.173315900682313,0.515116717965601,26,NA,NA,NA
"real","MLT_UGA",-1.74252407068926,6.45428298653253,24,NA,NA,NA
"real","MLT_UKR",-1.1255437812987,2.4596966052454,19,NA,NA,NA
"real","MLT_URY",-0.51003786794474,2.15581850781345,26,NA,NA,NA
"real","MLT_VEN",-1.59410888020632,5.37323569397259,25,NA,NA,NA
"real","MLT_YEM",-0.195970635669917,0.614624076565433,25,NA,NA,NA
"real","MMR_GRL",-1.79104845384137,4.04397105694572,13,NA,NA,NA
"real","MMR_SVK",-1.83232237687746,4.31036392821576,23,NA,NA,NA
"real","MMR_SVN",-0.731510467760206,1.01984814960583,26,NA,NA,NA
"real","MMR_TGO",-0.923099268043636,4.24642569920137,18,NA,NA,NA
"real","MMR_UGA",-1.06754419938937,13.1121208027218,12,NA,NA,NA
"real","MNG_EGY",-0.187133271767037,3.06471503497206,25,NA,NA,NA
"real","MNG_MUS",-1.42125174303695,5.09045251705062,15,NA,NA,NA
"real","MNG_PHL",-2.22272685995535,6.65864419986654,19,NA,NA,NA
"real","MNG_SVK",-1.69009287142466,8.79352433202233,26,NA,NA,NA
"real","MNP_AUT",-1.45721252924427,3.60950192216879,16,NA,NA,NA
"real","MNP_ITA",-1.28285263841802,5.84350116006807,20,NA,NA,NA
"real","MNP_NLD",-2.30569161441406,5.97903247371835,22,NA,NA,NA
"real","MNP_ROU",-0.60303111346653,1.31084559581588,9,NA,NA,NA
"real","MNP_THA",-1.55196765533096,5.04827177238699,23,NA,NA,NA
"real","MOZ_CRI",-0.779062478335903,5.44169827133214,23,NA,NA,NA
"real","MOZ_JOR",-0.194138020979606,1.48094842732119,16,NA,NA,NA
"real","MOZ_MKD",-1.89387006137546,4.62988831545355,19,NA,NA,NA
"real","MOZ_SVK",-2.73816822645818,7.38919166058699,20,NA,NA,NA
"real","MRT_AUT",-0.325708754382936,1.45732244272668,26,NA,NA,NA
"real","MRT_LKA",-0.840246929430323,1.98168587649726,12,NA,NA,NA
"real","MRT_LVA",-0.94789720646818,6.25080236408653,24,NA,NA,NA
"real","MRT_NZL",-0.320731440790817,0.95653967756331,16,NA,NA,NA
"real","MRT_SVK",-0.253433212238528,2.06710477677729,24,NA,NA,NA
"real","MRT_SVN",-0.317864657069989,2.70058759609431,25,NA,NA,NA
"real","MRT_UGA",-1.28093273406792,5.9089066187578,18,NA,NA,NA
"real","MUS_BFA",-0.274337219223303,1.79109339623435,24,NA,NA,NA
"real","MUS_BGR",-0.696095045056081,1.71220992516599,17,NA,NA,NA
"real","MUS_CAF",-1.92074622369332,5.33610957337055,16,NA,NA,NA
"real","MUS_CIV",-0.486808715915607,2.58460066399939,26,NA,NA,NA
"real","MUS_CMR",-0.634613900851172,2.00188545444403,26,NA,NA,NA
"real","MUS_COG",-2.24792378811939,4.73277848040801,26,NA,NA,NA
"real","MUS_CRI",-2.24861087948748,2.81106801212783,26,NA,NA,NA
"real","MUS_FJI",-2.90621772093042,6.90092225422582,22,NA,NA,NA
"real","MUS_GIN",-2.31635032856902,9.06297048146471,24,NA,NA,NA
"real","MUS_JOR",-0.518960980339397,1.38050400619021,22,NA,NA,NA
"real","MUS_MLI",-1.14683697633039,4.11717876489646,24,NA,NA,NA
"real","MUS_PER",-0.786312001574768,2.89031251276189,26,NA,NA,NA
"real","MUS_SVK",-0.830560926807072,2.10138916018404,17,NA,NA,NA
"real","MUS_SYR",-0.957059273735812,2.49862076332752,18,NA,NA,NA
"real","MUS_URY",-0.428750166930949,1.42636645092652,26,NA,NA,NA
"real","MUS_VNM",-2.85695174007593,9.06830672302647,26,NA,NA,NA
"real","MWI_BFA",-1.47751856109539,4.87684156509979,11,NA,NA,NA
"real","MWI_GTM",-0.758639263304035,1.72288006833554,15,NA,NA,NA
"real","MWI_HND",-1.03741905125225,3.79167168088198,9,NA,NA,NA
"real","MWI_ISL",-1.49117002816618,3.30696931935259,23,NA,NA,NA
"real","MWI_SVK",-2.22846753205667,6.61594830524658,24,NA,NA,NA
"real","MYS_BLR",-1.06082178374103,4.77319776557646,26,NA,NA,NA
"real","MYS_EST",-0.460753555315922,1.63317709644584,26,NA,NA,NA
"real","MYS_LTU",-0.80791810140714,3.20284053805193,26,NA,NA,NA
"real","MYS_MKD",-0.500309837906982,0.975403783890283,26,NA,NA,NA
"real","MYS_NAM",0.327301609517264,2.98105399817034,25,NA,NA,NA
"real","MYS_PLW",-0.678549980956796,1.75369915968886,26,NA,NA,NA
"real","MYS_SVK",-0.479356473896899,0.662172851810373,26,NA,NA,NA
"real","MYS_SWZ",-0.587183361776479,1.4686001840994,23,NA,NA,NA
"real","MYS_TKM",-1.65653243399206,3.86328711367931,26,NA,NA,NA
"real","NAM_CHN",-0.509457873040366,2.91701882529056,24,NA,NA,NA
"real","NAM_KWT",-1.05864108041014,9.03573129084943,19,NA,NA,NA
"real","NAM_MEX",-3.2893779168121,5.61728208652575,22,NA,NA,NA
"real","NAM_MYS",-0.131749539361096,4.13793978181269,26,NA,NA,NA
"real","NAM_SVN",0.120679471744022,1.41378467319093,21,NA,NA,NA
"real","NER_BRA",-1.99727696487614,7.97814199600924,23,NA,NA,NA
"real","NER_COG",-0.498866758012819,3.75096435613644,20,NA,NA,NA
"real","NER_LCA",-0.819708328783646,5.11081945424834,11,NA,NA,NA
"real","NER_LKA",-0.716041379246239,1.87099227324294,15,NA,NA,NA
"real","NER_MUS",-1.68255257910814,2.90721440775938,22,NA,NA,NA
"real","NER_SVK",-0.725228364472637,3.64853468330891,23,NA,NA,NA
"real","NER_UGA",-0.51911545923285,2.36043249038143,25,NA,NA,NA
"real","NER_ZAF",-0.783123970025313,2.99843099544211,24,NA,NA,NA
"real","NGA_GRD",-1.11662671048798,6.5963768480281,15,NA,NA,NA
"real","NGA_GTM",-2.04864107093678,7.0906693154626,18,NA,NA,NA
"real","NGA_KNA",-2.496202637201,5.3655495606528,11,NA,NA,NA
"real","NGA_LCA",-0.716503291308262,4.05475461639699,15,NA,NA,NA
"real","NGA_LTU",-4.28802157581946,7.35932018592583,22,NA,NA,NA
"real","NGA_LVA",-0.790378637296725,3.63424092241254,21,NA,NA,NA
"real","NGA_MKD",-0.151498191600117,1.59726150186751,22,NA,NA,NA
"real","NGA_SVK",-1.38532668070565,3.76535203410167,25,NA,NA,NA
"real","NGA_UGA",-0.10750829747968,0.575556406674231,26,NA,NA,NA
"real","NGA_VCT",-2.35135258307206,4.01775239443288,23,NA,NA,NA
"real","NIC_AGO",-0.730137383914479,3.59377213579076,16,NA,NA,NA
"real","NIC_ANT",-1.98420447389842,5.99979593289084,15,NA,NA,NA
"real","NIC_GRL",-1.4229905972643,4.80723585994994,9,NA,NA,NA
"real","NIC_HTI",-0.31297722812441,1.1290351102551,24,NA,NA,NA
"real","NIC_JOR",-1.44097920420405,3.02516691711001,20,NA,NA,NA
"real","NIC_LTU",-1.24482158217381,4.87986786158507,13,NA,NA,NA
"real","NIC_LVA",-2.53837808579444,6.19025231768848,14,NA,NA,NA
"real","NIC_MLT",-3.04879308558324,9.67234821794989,12,NA,NA,NA
"real","NIC_SVK",-0.428954661178873,1.50904397295339,16,NA,NA,NA
"real","NIU_AUT",0.100232803701515,8.30334330775197,15,NA,NA,NA
"real","NIU_KOR",-0.4083296728485,8.92836725273766,16,NA,NA,NA
"real","NIU_SVK",-0.213427902784355,8.17690680123826,18,NA,NA,NA
"real","NIU_SVN",1.08509298855222,6.1992838967891,16,NA,NA,NA
"real","NIU_UGA",0.567083766988267,4.96244143860221,8,NA,NA,NA
"real","NLD_ERI",-0.485199072240403,2.39391453898112,26,NA,NA,NA
"real","NLD_MNP",-1.7521853819395,3.03576875623705,26,NA,NA,NA
"real","NOR_ARM",-0.413275638673606,2.01297752872656,25,NA,NA,NA
"real","NOR_COK",-1.7775159837973,6.1703734232336,21,NA,NA,NA
"real","NOR_FLK",-1.33702701721941,3.14667726233303,25,NA,NA,NA
"real","NOR_FSM",-0.569350434787399,2.56595185424468,11,NA,NA,NA
"real","NOR_GNQ",-0.416963821242611,2.03268486181784,26,NA,NA,NA
"real","NOR_IRQ",-0.285337476639329,1.73709260372899,24,NA,NA,NA
"real","NOR_KIR",-0.624903179617714,3.11678439080234,8,NA,NA,NA
"real","NOR_MDA",-0.439993957311763,1.24986378170285,26,NA,NA,NA
"real","NOR_MHL",-1.44612509596389,7.09717496314998,25,NA,NA,NA
"real","NOR_RWA",-0.711193803550326,1.39008429524857,26,NA,NA,NA
"real","NOR_TCA",-0.131785017633492,1.37646930863929,17,NA,NA,NA
"real","NOR_TJK",-0.48362457355107,2.8249585253163,26,NA,NA,NA
"real","NOR_TKM",-1.33989976285295,2.76377174186465,24,NA,NA,NA
"real","NPL_BHR",-0.676067318192379,2.77556832131342,18,NA,NA,NA
"real","NPL_DZA",-3.09303100992354,7.77077464622453,16,NA,NA,NA
"real","NPL_EGY",-1.06365509445222,3.63601538724948,26,NA,NA,NA
"real","NPL_HRV",-0.237808504762149,0.469381103178708,26,NA,NA,NA
"real","NPL_IDN",-1.16200282114045,3.33478815011912,24,NA,NA,NA
"real","NPL_IRN",-0.913872641034148,2.85248236659478,15,NA,NA,NA
"real","NPL_ISR",-0.703160176078489,1.72602412830447,26,NA,NA,NA
"real","NPL_JOR",-0.719327815326156,2.5190698442858,16,NA,NA,NA
"real","NPL_KEN",-0.739524069066473,2.82582157212331,16,NA,NA,NA
"real","NPL_KHM",-1.75370942555115,3.56651880549053,18,NA,NA,NA
"real","NPL_LVA",-0.507481852427086,1.62440574670432,21,NA,NA,NA
"real","NPL_MKD",-1.34822465792886,4.43031207804808,14,NA,NA,NA
"real","NPL_MLT",-1.10862042273594,3.1370321075222,21,NA,NA,NA
"real","NPL_PER",-0.85246297983935,2.43771490499453,25,NA,NA,NA
"real","NPL_PHL",-1.07925041213474,3.67043666924633,25,NA,NA,NA
"real","NPL_POL",-0.0585988470216111,0.201683840625069,25,NA,NA,NA
"real","NPL_PRK",-0.17084614517833,0.829989718331755,8,NA,NA,NA
"real","NPL_ROU",-0.811157114906262,2.70693836048523,23,NA,NA,NA
"real","NPL_RUS",-0.481122400310734,1.02594751409905,25,NA,NA,NA
"real","NPL_SAU",-0.801768202343257,2.53496266124958,23,NA,NA,NA
"real","NPL_SVK",-0.841541582357807,2.64371983019849,26,NA,NA,NA
"real","NPL_SVN",-0.12222685280517,0.371479401427381,26,NA,NA,NA
"real","NPL_TZA",-3.09418919214035,6.59018160023986,22,NA,NA,NA
"real","NPL_UGA",-0.852472771388302,2.60331263424335,16,NA,NA,NA
"real","NRU_SVK",-1.16497044888548,5.48690112876983,19,NA,NA,NA
"real","NRU_UGA",-1.40529629400101,8.75252620063871,12,NA,NA,NA
"real","NZL_BLR",-0.591061007736474,0.944168711319743,25,NA,NA,NA
"real","NZL_CYM",-1.49540570549125,4.81814143856315,26,NA,NA,NA
"real","NZL_KAZ",-0.622448510118342,2.45528748447345,25,NA,NA,NA
"real","NZL_LVA",-0.535937152981569,1.74006875737969,26,NA,NA,NA
"real","NZL_MDA",-0.783703762666789,2.08417725079584,24,NA,NA,NA
"real","NZL_MKD",-0.133361105383547,0.600444239968177,26,NA,NA,NA
"real","NZL_PLW",-0.445045971149392,0.843445234393629,26,NA,NA,NA
"real","NZL_TJK",-0.54569756690694,1.45837262914118,16,NA,NA,NA
"real","OMN_AZE",-0.203914642660482,4.26598313172399,26,NA,NA,NA
"real","OMN_BIH",-1.11198650630157,4.35984647383102,19,NA,NA,NA
"real","OMN_CMR",-0.947808257119261,1.49163901019507,25,NA,NA,NA
"real","OMN_ECU",-1.43745405226362,2.57212635271896,21,NA,NA,NA
"real","OMN_KAZ",-0.598953193126122,5.10988504609608,26,NA,NA,NA
"real","OMN_KGZ",-1.01709996954783,8.72741543063355,17,NA,NA,NA
"real","OMN_MEX",-1.21600868279671,2.18673614136766,25,NA,NA,NA
"real","OMN_MUS",-0.519903002429557,1.53772933618578,26,NA,NA,NA
"real","OMN_SEN",-1.19465808011604,3.5099376816578,26,NA,NA,NA
"real","OMN_SVK",-1.1188331536541,2.66809506088712,23,NA,NA,NA
"real","OMN_SVN",-2.09912232483392,5.69737995811085,26,NA,NA,NA
"real","OMN_TGO",-0.634182721741918,1.3832358934242,23,NA,NA,NA
"real","OMN_TKM",-1.54688785771833,4.09113236583885,22,NA,NA,NA
"real","OMN_UKR",-0.515560801959844,3.1897818542078,26,NA,NA,NA
"real","OMN_UZB",-0.692648088452032,6.05318967018381,20,NA,NA,NA
"real","PAK_BFA",-0.621060865629914,4.74215412874807,26,NA,NA,NA
"real","PAK_CAF",-1.56404684519661,3.49643931128628,22,NA,NA,NA
"real","PAK_DMA",-0.791573186956572,2.47917515926859,22,NA,NA,NA
"real","PAK_GRL",-0.136297006946421,0.603701979764197,22,NA,NA,NA
"real","PAK_LTU",-0.82839833327329,3.17964355896105,26,NA,NA,NA
"real","PAK_LVA",-0.915385190829231,2.41005011155581,26,NA,NA,NA
"real","PAK_MDA",-0.673181643968777,1.45033694974913,26,NA,NA,NA
"real","PAK_MKD",-0.258613021631339,0.539366704407488,26,NA,NA,NA
"real","PAK_SVK",-0.365309199636177,0.317296105296972,26,NA,NA,NA
"real","PAK_TCD",-1.28798834558934,4.01372218312171,20,NA,NA,NA
"real","PAN_BRN",-3.56078849752206,9.9741564299278,12,NA,NA,NA
"real","PAN_HTI",-1.6787187984633,5.11043425206953,24,NA,NA,NA
"real","PAN_LTU",-1.09102239597441,5.76570537476931,17,NA,NA,NA
"real","PAN_LVA",-0.596798420474313,2.28017283007911,16,NA,NA,NA
"real","PAN_SUR",-0.303716501263241,1.47348960601375,26,NA,NA,NA
"real","PAN_SVK",-0.541917426450067,3.47475454902871,17,NA,NA,NA
"real","PAN_TGO",-0.562487688458049,2.89789856203488,23,NA,NA,NA
"real","PAN_URY",-0.382308189763139,1.00611874440725,17,NA,NA,NA
"real","PER_AFG",-1.52027270034673,6.34438857092384,16,NA,NA,NA
"real","PER_ALB",-0.717526524079062,3.64325515494626,21,NA,NA,NA
"real","PER_ATG",-0.333468888156121,1.19929482767511,24,NA,NA,NA
"real","PER_BFA",-0.187100149159118,1.91787526375588,25,NA,NA,NA
"real","PER_BHR",-0.644471750597941,1.02141375887497,23,NA,NA,NA
"real","PER_COG",0.00958208899907746,2.00017254036116,25,NA,NA,NA
"real","PER_EST",0.0351126081900475,0.921931990286751,18,NA,NA,NA
"real","PER_FJI",-1.23555696561712,6.73211168309345,23,NA,NA,NA
"real","PER_GEO",-2.57072642585728,7.32611550792292,20,NA,NA,NA
"real","PER_GRL",-1.12351607399174,3.02835999540012,18,NA,NA,NA
"real","PER_KEN",-1.02025080301448,4.52486184832067,23,NA,NA,NA
"real","PER_LTU",-0.406500089660654,1.76188459901344,18,NA,NA,NA
"real","PER_LVA",-0.265887706617395,1.74644788436905,17,NA,NA,NA
"real","PER_MDA",-0.618364667339122,1.71103491869421,25,NA,NA,NA
"real","PER_MKD",-0.315647769499742,2.45770792813968,26,NA,NA,NA
"real","PER_NER",-0.563876981770459,3.35493328073299,22,NA,NA,NA
"real","PER_NPL",-0.093320452408067,0.99326720492128,23,NA,NA,NA
"real","PER_SLE",-0.569545293609802,1.34853431604186,18,NA,NA,NA
"real","PER_SVK",-0.000395122557252295,0.560668829906855,18,NA,NA,NA
"real","PER_TON",-0.208716021939535,2.93040450129974,12,NA,NA,NA
"real","PER_UKR",-0.532328378482971,2.58935243929137,26,NA,NA,NA
"real","PER_YEM",-0.532302950541884,3.74173327984951,26,NA,NA,NA
"real","PHL_BGR",-1.13895459057561,4.21271846880246,25,NA,NA,NA
"real","PHL_COK",-0.460093415191326,2.18090665891326,24,NA,NA,NA
"real","PHL_GRL",-0.17085057547662,0.447412863380946,23,NA,NA,NA
"real","PHL_LTU",-0.542304793529161,1.79145661150643,25,NA,NA,NA
"real","PHL_LVA",-0.861864922306825,2.43322681418732,26,NA,NA,NA
"real","PHL_MHL",-2.27972469000358,4.28417892314256,25,NA,NA,NA
"real","PHL_MKD",-1.6640829054901,3.53461308988991,26,NA,NA,NA
"real","PHL_NPL",-0.384028113642711,0.58742714302925,25,NA,NA,NA
"real","PHL_SVK",-0.308522584605412,0.55392168897947,26,NA,NA,NA
"real","PHL_SYC",-0.931870041071612,2.34860242648695,26,NA,NA,NA
"real","PHL_TGO",-1.55360314534346,3.99068321499443,23,NA,NA,NA
"real","PHL_UGA",-1.07293144963689,2.86164049847741,26,NA,NA,NA
"real","PLW_AUT",-1.33754621289442,4.68599842921318,15,NA,NA,NA
"real","PLW_JPN",-0.0230972841856345,0.198844751245011,26,NA,NA,NA
"real","PLW_KOR",-1.47038118274003,3.39122499739964,23,NA,NA,NA
"real","PLW_MEX",-0.751787627144387,3.3576658163083,20,NA,NA,NA
"real","PLW_THA",-3.60511758606249,16.5829595861459,16,NA,NA,NA
"real","PLW_USA",-1.49047575637244,5.4149372857074,26,NA,NA,NA
"real","PNG_CZE",-0.704771206844036,0.56385407152991,14,NA,NA,NA
"real","PNG_HND",-1.15581334368813,6.38591892908278,13,NA,NA,NA
"real","PNG_ROU",-2.40298147837462,6.07554102714196,11,NA,NA,NA
"real","PNG_SVK",-1.62789427115305,6.74164877297783,11,NA,NA,NA
"real","PNG_SVN",-1.64790837080247,4.19409341157496,12,NA,NA,NA
"real","PNG_VEN",-0.999262334919097,3.36182028845816,11,NA,NA,NA
"real","POL_AGO",-0.267925457362598,0.725933091704246,26,NA,NA,NA
"real","POL_ALB",-0.382768578373321,0.367222839614883,11,NA,NA,NA
"real","POL_ARM",-0.302702458353934,0.236322672010599,23,NA,NA,NA
"real","POL_ATG",-0.92568987990063,4.3970961789466,11,NA,NA,NA
"real","POL_BFA",-0.0532158975836011,0.329859791165626,26,NA,NA,NA
"real","POL_BHR",-0.601430035525023,0.92351169384772,26,NA,NA,NA
"real","POL_BHS",-1.15672648417224,3.6064834669472,13,NA,NA,NA
"real","POL_BRB",-1.08686738869544,1.99472654994833,13,NA,NA,NA
"real","POL_CIV",-0.0181966481979414,0.0545380999138718,21,NA,NA,NA
"real","POL_COD",-0.850069599049251,1.27811530336321,23,NA,NA,NA
"real","POL_COG",-0.84671024817878,2.48715765011052,26,NA,NA,NA
"real","POL_COK",-0.74795680100918,3.76813600600905,13,NA,NA,NA
"real","POL_COM",-0.828663929669552,3.20992911723408,24,NA,NA,NA
"real","POL_CUB",-0.325641083463764,0.357891146605849,26,NA,NA,NA
"real","POL_CXR",-1.67201562458427,12.2899633545421,11,NA,NA,NA
"real","POL_DJI",-0.339799787952101,2.88785305160845,26,NA,NA,NA
"real","POL_DOM",-0.37004075095987,0.633392615197292,13,NA,NA,NA
"real","POL_ETH",0.0918550906076648,0.652111606655663,26,NA,NA,NA
"real","POL_FJI",0.0954040057606773,1.25993950002127,11,NA,NA,NA
"real","POL_GHA",0.127697711195876,0.306886138921332,21,NA,NA,NA
"real","POL_GIB",-0.839451476771129,1.73050166448092,21,NA,NA,NA
"real","POL_GIN",-0.862939714339858,1.12094784406189,26,NA,NA,NA
"real","POL_GRL",-1.71371477486519,5.86522387220251,8,NA,NA,NA
"real","POL_HND",-0.0587429388793878,0.893283546798127,18,NA,NA,NA
"real","POL_KGZ",0.0969191721023471,0.273993058601002,26,NA,NA,NA
"real","POL_KHM",-0.81880413489391,4.1872344885013,24,NA,NA,NA
"real","POL_LBR",-0.340113919640602,1.97351810288462,26,NA,NA,NA
"real","POL_MHL",-0.631889682591623,6.61314872384268,25,NA,NA,NA
"real","POL_MLI",-0.0625019523964479,0.230366242648086,26,NA,NA,NA
"real","POL_MLT",-0.429736261775427,0.603910467131655,9,NA,NA,NA
"real","POL_MNG",0.0114852322920125,0.1386839318317,26,NA,NA,NA
"real","POL_MWI",-1.06889519038263,4.05101198303012,22,NA,NA,NA
"real","POL_NER",0.281821197508039,0.981671418464548,26,NA,NA,NA
"real","POL_PAN",-0.484830602848661,1.24619065362123,18,NA,NA,NA
"real","POL_PHL",-0.379421072703541,0.96260235921288,26,NA,NA,NA
"real","POL_RWA",-0.650023926476975,1.56855700340763,23,NA,NA,NA
"real","POL_SOM",-1.74407566936924,5.4719911632851,15,NA,NA,NA
"real","POL_STP",-0.415874189754585,3.30311172990782,23,NA,NA,NA
"real","POL_SUR",-0.244289792643853,0.773280802035963,13,NA,NA,NA
"real","POL_SYC",-2.22003533747006,11.5093727877615,15,NA,NA,NA
"real","POL_TCD",-0.544817092269433,1.24184734464341,24,NA,NA,NA
"real","POL_TGO",-0.195391984167224,0.553721140912093,26,NA,NA,NA
"real","POL_TZA",-0.431755131281778,0.900245037592928,26,NA,NA,NA
"real","POL_VNM",0.308684949075819,0.2215720488915,26,NA,NA,NA
"real","POL_YEM",0.145759490740121,1.10676435740695,26,NA,NA,NA
"real","POL_ZMB",-1.19282311375683,1.71463901109135,26,NA,NA,NA
"real","POL_ZWE",-0.939217086155829,4.35337225042414,17,NA,NA,NA
"real","PRK_CRI",-0.0115667455835368,1.31455468494496,26,NA,NA,NA
"real","PRK_GRL",-0.567259662685808,2.16890780249006,18,NA,NA,NA
"real","PRK_HND",0.107954451232793,1.04367483296999,24,NA,NA,NA
"real","PRK_LTU",-1.02164478693848,5.17989709244331,18,NA,NA,NA
"real","PRK_LVA",-3.25665520130317,13.6206193178785,13,NA,NA,NA
"real","PRK_MKD",-0.594407060407851,2.25763801840521,25,NA,NA,NA
"real","PRK_NPL",-0.904930928453723,4.24700077618223,8,NA,NA,NA
"real","PRK_SVK",-0.143988328532006,0.638948077443965,26,NA,NA,NA
"real","PRK_SVN",-0.244270238809486,1.72395223131982,26,NA,NA,NA
"real","PRK_SYC",-1.24216100399655,7.20715526746014,20,NA,NA,NA
"real","PRK_TGO",-0.19607647487577,3.0810041398077,25,NA,NA,NA
"real","PRK_UGA",-0.44338251823949,2.01036319934868,26,NA,NA,NA
"real","PRK_URY",-0.0338771245426154,1.10770259975364,26,NA,NA,NA
"real","PRT_ERI",-1.02378562439763,3.74008239126713,23,NA,NA,NA
"real","PRY_GRL",-1.19028680563826,6.00116731318729,13,NA,NA,NA
"real","PRY_MKD",-1.40976841064364,4.49063799905714,15,NA,NA,NA
"real","PRY_SVK",-0.118001152911497,3.02718504065411,23,NA,NA,NA
"real","PRY_SVN",-2.74918745318188,5.47073235222161,24,NA,NA,NA
"real","PRY_VNM",-0.979320859341442,2.61779402017613,21,NA,NA,NA
"real","PYF_TGO",-0.813428531122001,2.89708428779614,12,NA,NA,NA
"real","QAT_AUT",-1.31507677698395,2.49975082519719,26,NA,NA,NA
"real","QAT_BRN",-4.54021326839296,16.5804199533777,16,NA,NA,NA
"real","QAT_FIN",-3.09399623244135,10.9417442155936,24,NA,NA,NA
"real","QAT_HRV",-1.16508281195632,4.68019746653036,24,NA,NA,NA
"real","QAT_MKD",-1.90314637501767,7.53214185746852,23,NA,NA,NA
"real","QAT_SLV",-1.90696709940699,8.06113595708996,13,NA,NA,NA
"real","QAT_SVK",-0.542777370622818,2.47600166265831,24,NA,NA,NA
"real","QAT_SVN",-2.39043587147793,4.65572243040906,22,NA,NA,NA
"real","QAT_TGO",-0.754636396181989,4.00255180419083,19,NA,NA,NA
"real","QAT_UGA",-1.09073870994429,3.35431467022842,25,NA,NA,NA
"real","ROU_ATG",-0.361948990621758,0.840781216734399,13,NA,NA,NA
"real","ROU_BRB",-0.241522820209895,0.583701376093104,12,NA,NA,NA
"real","ROU_STP",-0.413621421873563,3.67841318334535,14,NA,NA,NA
"real","ROU_SYC",-1.57269290403166,4.20159184454814,11,NA,NA,NA
"real","RUS_CAF",-1.62903995003056,3.9529721657987,22,NA,NA,NA
"real","RUS_CRI",-0.0471551906905618,0.159099604420583,26,NA,NA,NA
"real","RUS_GRL",-1.7025145749738,6.65945859962207,24,NA,NA,NA
"real","RUS_HND",-0.164935882670316,0.213316046521404,26,NA,NA,NA
"real","RUS_KWT",-0.744405776993512,1.571909404933,26,NA,NA,NA
"real","RUS_LVA",0.0638222338463924,0.0270721693874081,26,NA,NA,NA
"real","RUS_MKD",-0.0345223632746891,0.501141891708492,26,NA,NA,NA
"real","RUS_MLT",-0.352652856658727,0.47899235270185,26,NA,NA,NA
"real","RUS_MWI",-2.42372161372521,11.1789799054889,21,NA,NA,NA
"real","RUS_NPL",-0.182890637322635,0.455873629567387,25,NA,NA,NA
"real","RUS_SLV",0.000355738682717834,0.695425126903772,26,NA,NA,NA
"real","RUS_SVK",0.209831127992788,0.158720222903148,26,NA,NA,NA
"real","RUS_TGO",-0.675154485066335,3.20272761462248,26,NA,NA,NA
"real","RUS_UGA",-1.18720135852787,3.28920229484563,26,NA,NA,NA
"real","RUS_URY",-0.302593552485878,1.1648430402858,25,NA,NA,NA
"real","RUS_VEN",-0.667787765467536,1.52684257254066,26,NA,NA,NA
"real","RWA_MKD",-1.74838642093804,13.3628588896942,9,NA,NA,NA
"real","SAU_AGO",-1.2365233213259,2.89447689281114,24,NA,NA,NA
"real","SAU_BLR",-2.06102653570216,6.23258382953218,24,NA,NA,NA
"real","SAU_BRB",-1.69414143179618,3.62389782170488,25,NA,NA,NA
"real","SAU_CRI",-1.48765632195417,3.76512008039393,26,NA,NA,NA
"real","SAU_DMA",-1.98846488771844,8.08419024521595,18,NA,NA,NA
"real","SAU_ERI",-0.420413601806341,1.26994015515603,24,NA,NA,NA
"real","SAU_KGZ",-0.344655543940056,1.49913089618851,23,NA,NA,NA
"real","SAU_LBR",-1.04035939916392,2.96973823196966,24,NA,NA,NA
"real","SAU_RUS",-1.31265715572171,2.37698234410716,26,NA,NA,NA
"real","SAU_TGO",-0.816364147180554,2.98118103673058,26,NA,NA,NA
"real","SAU_UKR",-1.89173902931888,5.98498354809139,26,NA,NA,NA
"real","SDN_CRI",-1.10639262990894,7.17366342450549,14,NA,NA,NA
"real","SDN_SLV",-1.08886121849021,6.93568265413606,15,NA,NA,NA
"real","SDN_SVK",-1.88291530218144,10.5063929194063,24,NA,NA,NA
"real","SDN_URY",-2.07657206660767,8.04411861134584,15,NA,NA,NA
"real","SDN_ZAF",0.254717372480741,3.92916629260863,26,NA,NA,NA
"real","SEN_CMR",-0.178662957263297,1.45363224747319,26,NA,NA,NA
"real","SEN_HRV",-1.53373262824656,3.38583256871665,25,NA,NA,NA
"real","SEN_KWT",-0.455875444566633,1.43332641180756,26,NA,NA,NA
"real","SEN_PHL",-1.16028176494275,3.7937057103983,24,NA,NA,NA
"real","SEN_POL",-1.64614386690552,2.57646103425801,24,NA,NA,NA
"real","SEN_SVK",-0.833322050445107,2.60342356919137,25,NA,NA,NA
"real","SEN_SVN",-0.546249092004309,2.07688439173943,26,NA,NA,NA
"real","SEN_UGA",-0.50371022860515,1.55245333975616,25,NA,NA,NA
"real","SEN_VCT",-1.16262386985236,3.12721977653821,13,NA,NA,NA
"real","SEN_VNM",-1.07051317973376,1.81984643343819,23,NA,NA,NA
"real","SEN_ZAF",-0.566507316249775,0.8790041900383,26,NA,NA,NA
"real","SGP_GRL",-0.223105569689148,0.67671883859706,21,NA,NA,NA
"real","SGP_LTU",-0.741612627123348,1.22234400559523,24,NA,NA,NA
"real","SGP_LVA",-0.400482676993481,0.538065959537609,24,NA,NA,NA
"real","SGP_MDA",-0.775254499755383,1.98521921388828,26,NA,NA,NA
"real","SGP_MKD",-0.0789675492332036,0.264576854209561,26,NA,NA,NA
"real","SGP_SUR",-0.672997951171633,0.964368399623655,24,NA,NA,NA
"real","SGP_TGO",-0.524402344903757,0.536659686813386,25,NA,NA,NA
"real","SLB_EGY",-2.06485842011103,7.06412536304028,9,NA,NA,NA
"real","SLB_SVK",-1.77402992568875,7.31327077533569,19,NA,NA,NA
"real","SLB_ZAF",-0.828324851690771,4.22356510384649,25,NA,NA,NA
"real","SLE_LVA",-1.65529002456991,5.11948967375005,11,NA,NA,NA
"real","SLE_MEX",-1.9604548185013,5.08557232894287,20,NA,NA,NA
"real","SLE_ROU",-3.3294193077188,16.4475807382253,21,NA,NA,NA
"real","SLE_SVK",-0.867658156965149,1.72612913386568,26,NA,NA,NA
"real","SLE_UGA",-1.16600087410444,7.18603138946288,24,NA,NA,NA
"real","SLV_ANT",0.0415939199011123,0.374211848633947,16,NA,NA,NA
"real","SLV_BHS",-0.178065654416728,1.48603531430548,24,NA,NA,NA
"real","SLV_BMU",-0.29377171775536,3.15678082472491,25,NA,NA,NA
"real","SLV_BRB",-0.287293406624795,1.01853091929476,26,NA,NA,NA
"real","SLV_CUB",-0.902942365134977,3.50101945092912,16,NA,NA,NA
"real","SLV_GRD",-0.44967616837786,1.70134413125152,25,NA,NA,NA
"real","SLV_HTI",-0.51906452838013,0.998365627131276,25,NA,NA,NA
"real","SLV_LKA",-3.21950055484914,4.95346308293513,19,NA,NA,NA
"real","SLV_LTU",-2.51870931986967,6.80874813362725,12,NA,NA,NA
"real","SLV_MKD",-2.53344718156142,5.50339140374467,20,NA,NA,NA
"real","SLV_SVK",-1.03944733683511,3.38514296536525,18,NA,NA,NA
"real","SLV_SVN",-0.862706802087094,2.20040534373737,18,NA,NA,NA
"real","SLV_URY",-0.291010233284928,0.918262859566508,26,NA,NA,NA
"real","SOM_HRV",-0.75461338147773,3.55609159800043,21,NA,NA,NA
"real","SOM_IRL",-1.73977702032269,4.84247784100016,24,NA,NA,NA
"real","SOM_SVN",-1.57392722529147,8.36993546105298,25,NA,NA,NA
"real","SOM_UGA",-2.4496497805119,10.780789752378,15,NA,NA,NA
"real","SPM_EGY",-1.73141896393344,6.53895376716274,12,NA,NA,NA
"real","SPM_GTM",-0.844024832316905,5.64049060713011,9,NA,NA,NA
"real","STP_DZA",-1.78709940913472,7.58936909092498,11,NA,NA,NA
"real","STP_EGY",-1.84778405990121,6.04753247421448,9,NA,NA,NA
"real","STP_GBR",-1.20079027069832,3.08718829461959,24,NA,NA,NA
"real","STP_POL",-0.590145710272866,2.19460462884317,20,NA,NA,NA
"real","STP_SVK",-1.1686543978542,3.79989937883996,24,NA,NA,NA
"real","STP_ZAF",-0.819082831451423,1.48972988090569,21,NA,NA,NA
"real","SUR_AUS",-0.754069929841897,2.5554231267236,24,NA,NA,NA
"real","SUR_BOL",-1.94487319839925,10.5060397819486,17,NA,NA,NA
"real","SUR_CRI",-0.862080105454706,4.01798577212912,24,NA,NA,NA
"real","SUR_DOM",-0.585315043495722,1.75743020666419,22,NA,NA,NA
"real","SUR_HND",-0.748129687210497,4.29243837430803,20,NA,NA,NA
"real","SUR_LKA",-1.19986449725088,4.05099648548109,10,NA,NA,NA
"real","SUR_LTU",-1.43237441747271,7.03289848667117,9,NA,NA,NA
"real","SUR_MWI",-1.21467741374438,7.54189079589446,9,NA,NA,NA
"real","SUR_NZL",-2.01449172488786,5.38018922988101,23,NA,NA,NA
"real","SUR_RUS",-2.14574277148708,10.0006383531291,24,NA,NA,NA
"real","SUR_SLV",-1.062435271274,5.38786403542781,17,NA,NA,NA
"real","SUR_SVK",-1.41222540943743,3.32559794511561,13,NA,NA,NA
"real","SUR_TGO",-1.81555654799858,5.25282738190973,9,NA,NA,NA
"real","SUR_UGA",-3.73604115767153,6.78575233371071,21,NA,NA,NA
"real","SUR_VEN",-1.30986039325713,4.34491677511957,26,NA,NA,NA
"real","SVK_AFG",-0.405513862068924,3.33288950196416,26,NA,NA,NA
"real","SVK_AGO",-0.22294674273278,3.40572442374726,26,NA,NA,NA
"real","SVK_ALB",-0.173577138897797,0.321430304189207,11,NA,NA,NA
"real","SVK_AND",-0.276943007639943,0.624384272755626,9,NA,NA,NA
"real","SVK_ARG",0.043640256483565,0.248543435401936,26,NA,NA,NA
"real","SVK_ARM",-0.0371062925941575,0.266980309069741,23,NA,NA,NA
"real","SVK_AZE",-0.275874247761785,0.507109295237923,26,NA,NA,NA
"real","SVK_BDI",-0.853558391453968,5.78038414065453,23,NA,NA,NA
"real","SVK_BFA",-0.606233622801267,1.28040555033818,26,NA,NA,NA
"real","SVK_BGD",-0.200048491553782,1.38292325054995,26,NA,NA,NA
"real","SVK_BHR",-0.983781626559146,3.00617288958187,26,NA,NA,NA
"real","SVK_BHS",-1.23322308464617,5.35952522850628,12,NA,NA,NA
"real","SVK_BIH",0.155109079712651,0.0976719522836219,13,NA,NA,NA
"real","SVK_BLR",0.182143386249342,0.164735757863951,26,NA,NA,NA
"real","SVK_CAF",-1.08472381357358,4.78103977814397,24,NA,NA,NA
"real","SVK_CAN",-0.124273631187771,0.0916085794116515,22,NA,NA,NA
"real","SVK_CHL",-0.178932583763785,0.330185698076896,9,NA,NA,NA
"real","SVK_CIV",-0.533657859875708,1.33428126060197,20,NA,NA,NA
"real","SVK_CMR",-0.691760081426825,1.33009041929606,19,NA,NA,NA
"real","SVK_COK",-0.571591889011484,2.16346592947347,11,NA,NA,NA
"real","SVK_COL",0.196280977282152,0.403816640267666,18,NA,NA,NA
"real","SVK_CPV",-1.28240737663984,3.08366909896523,23,NA,NA,NA
"real","SVK_CRI",0.0071767001964679,1.13295375184751,18,NA,NA,NA
"real","SVK_CUB",-0.0960460790305765,0.52559665324029,26,NA,NA,NA
"real","SVK_CYP",-0.0772922572573031,0.196726821432484,9,NA,NA,NA
"real","SVK_DMA",-1.19474869904652,4.24746577507408,8,NA,NA,NA
"real","SVK_DOM",-0.490983995255459,0.876400032066075,12,NA,NA,NA
"real","SVK_DZA",-0.337754073064054,0.680419560530585,9,NA,NA,NA
"real","SVK_ECU",0.194809835994808,1.2870963266877,22,NA,NA,NA
"real","SVK_EGY",-0.0356544174972551,0.091500720767536,9,NA,NA,NA
"real","SVK_ETH",0.0960612587617974,1.02949840890151,26,NA,NA,NA
"real","SVK_FRO",-0.58125501714784,0.705451612247792,8,NA,NA,NA
"real","SVK_GEO",-0.0111694131668769,0.208139948219722,19,NA,NA,NA
"real","SVK_GHA",0.241634699256515,0.768126576709648,21,NA,NA,NA
"real","SVK_GIB",-0.750850094107529,3.71808250379039,26,NA,NA,NA
"real","SVK_GIN",-1.05327620555258,3.39243221253864,24,NA,NA,NA
"real","SVK_GMB",-0.995555579862386,4.50757087689318,24,NA,NA,NA
"real","SVK_GNQ",-2.29837801640371,12.1213471277146,17,NA,NA,NA
"real","SVK_GTM",0.00619887380230373,0.538961187289822,18,NA,NA,NA
"real","SVK_GUY",-0.963372744569694,2.77883996386094,11,NA,NA,NA
"real","SVK_HND",-0.487208992189362,0.940203010000248,18,NA,NA,NA
"real","SVK_HTI",-1.79710799892345,5.61863724203256,22,NA,NA,NA
"real","SVK_IDN",0.103896339615794,0.803386918893971,26,NA,NA,NA
"real","SVK_IRN",0.153750750707619,0.634434627474758,26,NA,NA,NA
"real","SVK_KAZ",0.375451871611615,0.563406127564831,26,NA,NA,NA
"real","SVK_KEN",-0.0811964156702606,0.387997321642688,26,NA,NA,NA
"real","SVK_KGZ",0.225800408764813,0.558030583681282,26,NA,NA,NA
"real","SVK_LAO",-3.40022258547504,8.14780742376977,21,NA,NA,NA
"real","SVK_LBN",-0.0314756822731991,0.128430831468794,9,NA,NA,NA
"real","SVK_LBR",-2.12001104497194,7.04141067267653,22,NA,NA,NA
"real","SVK_LBY",-0.269138218676389,1.11750422950054,26,NA,NA,NA
"real","SVK_MAC",-1.25978098641429,3.16223190060694,24,NA,NA,NA
"real","SVK_MAR",-0.0521938918683708,0.196707001244072,9,NA,NA,NA
"real","SVK_MDA",0.313906144818032,0.343304665642056,19,NA,NA,NA
"real","SVK_MEX",-0.230847041739104,0.908845109156414,9,NA,NA,NA
"real","SVK_MKD",-0.000993880679276736,0.0863468001911935,9,NA,NA,NA
"real","SVK_MLI",-1.18568658589578,2.91550547302385,26,NA,NA,NA
"real","SVK_MLT",-0.388577838872404,0.542126850544235,9,NA,NA,NA
"real","SVK_MMR",-0.750368302425166,4.81455619088229,21,NA,NA,NA
"real","SVK_MNG",0.0370096428286359,0.368378092390753,26,NA,NA,NA
"real","SVK_MOZ",-0.63385987553565,2.81488866022699,18,NA,NA,NA
"real","SVK_MRT",-0.754949346271203,2.59488114750626,24,NA,NA,NA
"real","SVK_MUS",-0.842214786126427,1.37624775876007,17,NA,NA,NA
"real","SVK_MWI",-1.06107792048257,4.72467576981448,21,NA,NA,NA
"real","SVK_MYS",-0.117891752121217,0.441100317715858,26,NA,NA,NA
"real","SVK_NER",-0.367485155096836,0.991696175478457,26,NA,NA,NA
"real","SVK_NGA",-0.0131242438671121,0.992336001579792,26,NA,NA,NA
"real","SVK_NIC",-0.900489618481818,1.22200044387965,18,NA,NA,NA
"real","SVK_NRU",-0.255695914936754,2.83748395747374,8,NA,NA,NA
"real","SVK_OMN",-0.456311403528429,0.557939937864701,26,NA,NA,NA
"real","SVK_PAK",-0.25723728461236,0.564538138994482,26,NA,NA,NA
"real","SVK_PAN",0.0743773237212198,0.892898100764589,18,NA,NA,NA
"real","SVK_PER",0.0801706338261582,0.276789639929454,18,NA,NA,NA
"real","SVK_PHL",-0.901354380980079,2.08040569956166,26,NA,NA,NA
"real","SVK_PRK",-0.897042931087608,6.36556235588864,18,NA,NA,NA
"real","SVK_PRY",-0.518692011034977,1.37079465387903,26,NA,NA,NA
"real","SVK_QAT",-1.08004203283018,2.36312819463447,26,NA,NA,NA
"real","SVK_RUS",0.123442889716691,0.118076708694596,26,NA,NA,NA
"real","SVK_RWA",-0.883498505451362,3.08249592652517,21,NA,NA,NA
"real","SVK_SDN",0.188506214397078,0.855801894247392,26,NA,NA,NA
"real","SVK_SEN",-0.580293672227548,1.52950473533937,26,NA,NA,NA
"real","SVK_SLE",-0.429331516243565,4.29907773506381,24,NA,NA,NA
"real","SVK_SLV",0.0122062995122609,1.27134610061635,18,NA,NA,NA
"real","SVK_SOM",-1.5253056084362,5.17037248236603,11,NA,NA,NA
"real","SVK_STP",-1.59295511192165,3.58127391971778,9,NA,NA,NA
"real","SVK_SUR",-0.758877855266286,2.6190446160198,13,NA,NA,NA
"real","SVK_SYR",0.0707521488266068,0.166317475616231,9,NA,NA,NA
"real","SVK_TCD",-1.14253018996975,5.92357794009602,20,NA,NA,NA
"real","SVK_TGO",-0.676206916241136,9.56329482930925,20,NA,NA,NA
"real","SVK_THA",-0.0559393752531925,0.299929661537227,26,NA,NA,NA
"real","SVK_TJK",0.25836369645018,1.57460998903209,26,NA,NA,NA
"real","SVK_TKM",0.23978466836212,1.13452474005278,26,NA,NA,NA
"real","SVK_TON",-0.456250504919013,7.47118814820606,10,NA,NA,NA
"real","SVK_TTO",-0.0518502610871105,0.832133291310858,13,NA,NA,NA
"real","SVK_TUN",-0.119190073941982,0.309954285208677,9,NA,NA,NA
"real","SVK_TWN",-0.304681827279968,0.339093951494391,26,NA,NA,NA
"real","SVK_TZA",-0.139264282387345,1.12122482521793,25,NA,NA,NA
"real","SVK_UGA",0.117939585096886,1.07406607001885,26,NA,NA,NA
"real","SVK_UKR",0.364634988840561,0.321247757571941,19,NA,NA,NA
"real","SVK_URY",-0.190832902017663,0.549589000276144,26,NA,NA,NA
"real","SVK_UZB",0.446344788847436,0.696581927231156,26,NA,NA,NA
"real","SVK_VEN",-0.491922173705254,0.472624884188675,26,NA,NA,NA
"real","SVK_VNM",0.0935020289370084,0.666142440925392,26,NA,NA,NA
"real","SVK_YEM",-0.361706768253677,1.6046816306009,26,NA,NA,NA
"real","SVK_ZMB",-0.139160193024397,2.43791129316115,26,NA,NA,NA
"real","SVK_ZWE",-0.510781589542038,2.59643320756192,17,NA,NA,NA
"real","SVN_AFG",-0.156780486594009,1.49083458470263,26,NA,NA,NA
"real","SVN_AND",-0.00479195750630907,0.270406201594029,9,NA,NA,NA
"real","SVN_ARM",-0.551605197644957,0.714763592363841,23,NA,NA,NA
"real","SVN_AZE",-0.204609374433863,0.686907220041065,26,NA,NA,NA
"real","SVN_BDI",-1.38927333829919,6.4048858081546,19,NA,NA,NA
"real","SVN_BEN",-0.219372314890023,1.01345341257518,25,NA,NA,NA
"real","SVN_BFA",-0.57367020039864,2.08966786725591,17,NA,NA,NA
"real","SVN_BGD",-0.301875478733062,0.711016728020496,26,NA,NA,NA
"real","SVN_BHR",-0.436964601830958,0.384893670539905,26,NA,NA,NA
"real","SVN_BLZ",-2.39649919075934,15.6477693357756,9,NA,NA,NA
"real","SVN_BRB",-0.346685361393093,0.818997494808371,12,NA,NA,NA
"real","SVN_BRN",-0.575944219071697,1.63249796993674,14,NA,NA,NA
"real","SVN_BTN",-0.617136710341873,3.40678900353843,10,NA,NA,NA
"real","SVN_BWA",-0.818336851524284,6.61716272787092,9,NA,NA,NA
"real","SVN_CAF",-0.394714821183279,2.73906927047858,22,NA,NA,NA
"real","SVN_CIV",-0.050958976389259,0.514395138312834,21,NA,NA,NA
"real","SVN_CMR",-1.05344772379881,1.6294422391536,18,NA,NA,NA
"real","SVN_COD",-0.724405869194701,1.97515384155647,21,NA,NA,NA
"real","SVN_COG",-1.40746789192436,3.8378516870317,24,NA,NA,NA
"real","SVN_CRI",-0.680837798389891,2.07507056176141,18,NA,NA,NA
"real","SVN_CUB",-0.478346745217762,0.742654636830765,25,NA,NA,NA
"real","SVN_DJI",-0.0251842091889501,2.26838383607387,24,NA,NA,NA
"real","SVN_ETH",-0.121628828195568,1.29231362806641,26,NA,NA,NA
"real","SVN_FRO",-0.294602370356158,0.758197870670568,8,NA,NA,NA
"real","SVN_GEO",-0.415173605028586,1.77932958920125,19,NA,NA,NA
"real","SVN_GIB",-0.698468478889416,3.20411483345063,23,NA,NA,NA
"real","SVN_GIN",-1.75241404946862,6.64355789579608,22,NA,NA,NA
"real","SVN_GMB",-0.651894743066841,2.27460223736442,23,NA,NA,NA
"real","SVN_GRD",-0.608881778047359,2.76060454467384,13,NA,NA,NA
"real","SVN_GUY",-1.19195880663864,3.71719289425859,9,NA,NA,NA
"real","SVN_HND",-0.365340895847616,0.981019916400553,18,NA,NA,NA
"real","SVN_JAM",-0.403792390839889,0.968704584358753,13,NA,NA,NA
"real","SVN_KAZ",-0.279823837376524,0.338486974989097,26,NA,NA,NA
"real","SVN_KWT",-0.280884364308355,0.311342345679777,26,NA,NA,NA
"real","SVN_LBN",-0.021919718490177,0.0176478592610733,9,NA,NA,NA
"real","SVN_LBY",-0.666974932954976,1.06559438836176,26,NA,NA,NA
"real","SVN_MAC",-0.488346840425401,1.18855248306607,26,NA,NA,NA
"real","SVN_MDA",-0.0879770137878592,0.247608524822635,19,NA,NA,NA
"real","SVN_MDG",-0.301612252619112,0.573868669538423,17,NA,NA,NA
"real","SVN_MLI",-1.1613166007445,2.27661513769215,23,NA,NA,NA
"real","SVN_MLT",-0.0311092994925209,0.458427999500769,9,NA,NA,NA
"real","SVN_MOZ",-1.3950157235878,3.89611005925021,17,NA,NA,NA
"real","SVN_MUS",-0.678028799314814,1.02978077967857,17,NA,NA,NA
"real","SVN_NER",-0.276138859416764,1.51683274809897,23,NA,NA,NA
"real","SVN_NGA",-0.172582696573374,0.430548236255529,26,NA,NA,NA
"real","SVN_OMN",-0.246575966199337,0.334220128793742,26,NA,NA,NA
"real","SVN_PER",-0.318189576929127,0.21744538566503,18,NA,NA,NA
"real","SVN_PNG",-0.327474381735122,1.28779529666196,11,NA,NA,NA
"real","SVN_PRK",-0.445139402068567,1.17710346003202,21,NA,NA,NA
"real","SVN_PRY",-0.968456427819471,1.58705785958499,26,NA,NA,NA
"real","SVN_PYF",-0.491797673775763,1.80375418223468,9,NA,NA,NA
"real","SVN_QAT",-0.301329980826543,0.239461156601979,26,NA,NA,NA
"real","SVN_RWA",-1.52051185470401,3.26634644434079,23,NA,NA,NA
"real","SVN_SDN",-0.821652877451957,1.69046352388094,26,NA,NA,NA
"real","SVN_SEN",-0.275226410530861,0.627468481097824,26,NA,NA,NA
"real","SVN_SGP",-0.343785127106512,0.440086630379452,24,NA,NA,NA
"real","SVN_SLE",-0.7174001777154,2.42069786434767,21,NA,NA,NA
"real","SVN_SUR",-0.414586169910495,1.73022014118947,10,NA,NA,NA
"real","SVN_SYR",0.0626817133615072,0.126278182782763,9,NA,NA,NA
"real","SVN_TCD",-1.33829495367711,4.37457364915722,9,NA,NA,NA
"real","SVN_TKM",-0.93896212131625,1.70954175591087,26,NA,NA,NA
"real","SVN_TTO",-1.24239552868926,6.83050260013943,12,NA,NA,NA
"real","SVN_TZA",-0.765415105300077,0.906481193697084,26,NA,NA,NA
"real","SVN_UGA",-1.50849775706532,2.75757512662244,26,NA,NA,NA
"real","SVN_UZB",-0.388097946532044,0.806388214199553,26,NA,NA,NA
"real","SVN_VGB",-0.537586285960495,1.46091442671105,11,NA,NA,NA
"real","SVN_VNM",-1.26915792359432,3.04997328341823,24,NA,NA,NA
"real","SVN_WSM",-1.76068194033678,6.5555412725609,9,NA,NA,NA
"real","SVN_YEM",-0.537181262365864,0.896586453118787,26,NA,NA,NA
"real","SWE_ERI",-0.147490970558806,0.555615988220077,26,NA,NA,NA
"real","SWZ_HUN",-3.86332558860156,13.7356272042823,12,NA,NA,NA
"real","SWZ_POL",-2.01074164647857,4.62684089853579,17,NA,NA,NA
"real","SYC_ARE",-3.45697809069875,8.60637238048415,25,NA,NA,NA
"real","SYC_BHR",-1.58115531299294,9.53962591451507,20,NA,NA,NA
"real","SYC_BRN",-0.68542673800247,1.71401102886998,11,NA,NA,NA
"real","SYC_GUY",-1.67875205552274,4.94464516984891,12,NA,NA,NA
"real","SYC_MAR",-1.49080726717214,6.06818079276005,23,NA,NA,NA
"real","SYC_MLT",-0.137342626418471,0.355581317502981,14,NA,NA,NA
"real","SYC_SVK",-1.68117511031927,4.60668704412094,15,NA,NA,NA
"real","SYC_VCT",-1.74088667229851,6.52336995273054,9,NA,NA,NA
"real","SYR_CRI",0.0627770638417657,1.10357895113707,26,NA,NA,NA
"real","SYR_GAB",-0.848253369076002,1.45230562291966,15,NA,NA,NA
"real","SYR_MKD",-1.21729391214621,2.63829643425702,26,NA,NA,NA
"real","SYR_MLT",-1.64073245235686,2.38888812497498,9,NA,NA,NA
"real","SYR_SVK",-0.0550831804310988,1.91547175926528,9,NA,NA,NA
"real","SYR_TGO",-0.899409575333088,1.74727722671119,20,NA,NA,NA
"real","SYR_UGA",-0.644136040613617,1.59426043267108,26,NA,NA,NA
"real","SYR_URY",-2.15199278104523,7.04720734839397,22,NA,NA,NA
"real","SYR_ZAF",0.373802170299051,1.58417236571659,26,NA,NA,NA
"real","TCA_CAN",-0.382037711911396,1.0990684217228,26,NA,NA,NA
"real","TCA_CRI",-1.17065315336465,5.32839156063841,17,NA,NA,NA
"real","TCA_HRV",-1.59688419366006,5.00179771564091,10,NA,NA,NA
"real","TCA_TGO",-1.25008416568471,5.17396329925863,12,NA,NA,NA
"real","TCA_UGA",-1.10066148856258,5.39261033236789,16,NA,NA,NA
"real","TCA_VCT",-0.322456894114342,2.00654532048384,16,NA,NA,NA
"real","TCD_ARG",-1.17341990768568,13.5257903614193,16,NA,NA,NA
"real","TCD_CAN",-2.87208554546201,2.97393612102855,26,NA,NA,NA
"real","TCD_EGY",0.182730007258427,3.47378075264061,22,NA,NA,NA
"real","TCD_MKD",-0.0777522431000882,3.43038979230176,19,NA,NA,NA
"real","TCD_SVK",-1.59915433775105,13.1622359069834,19,NA,NA,NA
"real","TCD_UGA",-0.259556511930327,9.90279638910611,10,NA,NA,NA
"real","TGO_AGO",-3.60351698287746,10.3303959254675,24,NA,NA,NA
"real","TGO_ARE",-3.78707251301946,9.27937119799813,24,NA,NA,NA
"real","TGO_BRN",-4.27908672653425,9.58521623590309,10,NA,NA,NA
"real","TGO_COD",-0.57244052850042,2.13962579444292,25,NA,NA,NA
"real","TGO_COL",-2.40823458732243,16.0149061143383,15,NA,NA,NA
"real","TGO_EGY",-2.04569760340346,13.7763409816674,23,NA,NA,NA
"real","TGO_HRV",-0.628912974292622,3.58570666169532,19,NA,NA,NA
"real","TGO_ISR",-0.60772863663447,4.73856779889879,21,NA,NA,NA
"real","TGO_LBY",-0.076558379475274,1.15816741439649,10,NA,NA,NA
"real","TGO_LKA",-1.56620685995589,8.01056335885987,15,NA,NA,NA
"real","TGO_MLT",-1.25069042209807,4.62337461636737,8,NA,NA,NA
"real","TGO_ROU",-2.6487026033075,20.700247426297,15,NA,NA,NA
"real","TGO_RUS",-1.58324564353349,9.30293054506875,21,NA,NA,NA
"real","TGO_SVK",-1.87843222588341,9.77065445321841,16,NA,NA,NA
"real","TGO_SVN",-1.43779811768618,6.44955376821217,18,NA,NA,NA
"real","TGO_TCD",-0.363111342849739,1.50946040526985,25,NA,NA,NA
"real","TGO_UGA",-0.501460001897768,2.03969676040933,24,NA,NA,NA
"real","TGO_URY",-0.586574189011464,5.01771782877786,22,NA,NA,NA
"real","TGO_VNM",-0.542823953461869,1.32423229686441,23,NA,NA,NA
"real","THA_ARM",-1.39362706703234,3.77325168857847,25,NA,NA,NA
"real","THA_LSO",-0.919697611697119,2.36605219572965,22,NA,NA,NA
"real","THA_LVA",-0.731227808986068,1.41031895054523,26,NA,NA,NA
"real","THA_MKD",-0.511883098632237,0.811175629167491,26,NA,NA,NA
"real","THA_PLW",-0.290621006472919,1.32136840440282,26,NA,NA,NA
"real","THA_SVK",-0.212796026835513,0.179458222558437,26,NA,NA,NA
"real","TJK_JOR",-1.14526054837336,2.94632176524458,12,NA,NA,NA
"real","TJK_LVA",-0.878653511427504,3.60024439077186,24,NA,NA,NA
"real","TJK_MAR",-1.397867710219,10.2048396706876,19,NA,NA,NA
"real","TJK_MKD",-2.87589124307578,12.69603419809,22,NA,NA,NA
"real","TJK_SGP",-1.42681998546034,4.82491538624932,13,NA,NA,NA
"real","TJK_SVK",-2.70770324340405,12.7596932184703,26,NA,NA,NA
"real","TJK_THA",-1.62650540127395,7.54144815069603,26,NA,NA,NA
"real","TJK_URY",-2.48188530307785,5.90344527271164,9,NA,NA,NA
"real","TKL_AUT",-2.00895974634677,5.12426399531102,18,NA,NA,NA
"real","TKL_BRB",-0.629227011816208,4.36121092617344,18,NA,NA,NA
"real","TKL_PER",-0.826533263342005,2.65232590219954,19,NA,NA,NA
"real","TKL_SVK",-1.43278718313305,4.72996684135853,20,NA,NA,NA
"real","TKL_SVN",-1.34801868351191,5.18603200532024,18,NA,NA,NA
"real","TKL_UGA",-3.10575320110629,8.68699527905583,15,NA,NA,NA
"real","TKL_ZAF",-0.26242187091872,1.05275011744691,25,NA,NA,NA
"real","TKM_ARG",-1.41204441271851,7.66246162733142,13,NA,NA,NA
"real","TKM_CAN",-0.779046687161739,4.22161142271489,25,NA,NA,NA
"real","TKM_GRL",-0.602075405216159,6.88592608666455,9,NA,NA,NA
"real","TKM_HRV",-3.12233380831913,9.5039512211181,22,NA,NA,NA
"real","TKM_KOR",-0.0735055208091386,5.48300205699554,26,NA,NA,NA
"real","TKM_LVA",-0.685227341193215,11.2599315099633,23,NA,NA,NA
"real","TKM_MDA",-0.784843156116298,5.71259720225967,23,NA,NA,NA
"real","TKM_SVK",-3.44178373884889,14.3326283995343,21,NA,NA,NA
"real","TON_ESP",-1.70739887815774,5.82398582117042,17,NA,NA,NA
"real","TTO_BIH",-3.08320013911907,13.096144712998,20,NA,NA,NA
"real","TTO_FJI",-0.62080311399446,2.25919372231563,16,NA,NA,NA
"real","TTO_GRL",-1.11059194625356,6.84709839823824,11,NA,NA,NA
"real","TTO_KWT",-3.98152101774116,7.60758778291142,22,NA,NA,NA
"real","TTO_MAC",-1.1160428478306,3.48813307776169,16,NA,NA,NA
"real","TTO_MDG",-3.23024974058939,8.74602914241669,20,NA,NA,NA
"real","TTO_MKD",-0.847908411123962,7.95864715952916,11,NA,NA,NA
"real","TUN_AND",-0.0961508063967916,0.682612373623595,26,NA,NA,NA
"real","TUN_GRL",-0.697816005406752,2.18204471063531,17,NA,NA,NA
"real","TUN_LVA",-1.67487897278207,4.48846600573727,9,NA,NA,NA
"real","TUN_MKD",-1.89294873927566,5.2955524352702,22,NA,NA,NA
"real","TUN_PAN",-0.467780070125103,1.75618139863055,26,NA,NA,NA
"real","TUN_SVK",-0.341395721560135,0.765514096904155,9,NA,NA,NA
"real","TUN_ZAF",-0.0217056359847625,0.489868604146186,26,NA,NA,NA
"real","TUR_GRL",-1.77797871588295,2.70817450367419,25,NA,NA,NA
"real","TUR_MDV",-1.27351339454341,2.14254115365342,25,NA,NA,NA
"real","TUV_AUT",-0.0440022598055253,9.79120228201938,16,NA,NA,NA
"real","TUV_IRL",-1.35588349209375,8.22763247542918,15,NA,NA,NA
"real","TWN_DJI",-0.314437270419452,3.40412643018583,24,NA,NA,NA
"real","TWN_GRL",-0.521562885951897,2.0615211038949,23,NA,NA,NA
"real","TWN_LTU",-0.270985240656242,0.69703637186635,26,NA,NA,NA
"real","TWN_LVA",-0.422892346341649,0.567269251689078,26,NA,NA,NA
"real","TWN_MDA",-0.5910909328108,1.69331133611524,26,NA,NA,NA
"real","TWN_MKD",-0.306320980646264,0.633020009467109,26,NA,NA,NA
"real","TWN_MOZ",-0.235823307057564,0.569253143385564,24,NA,NA,NA
"real","TWN_SVK",-0.310640220338961,0.307190156587066,26,NA,NA,NA
"real","TWN_SWZ",-0.75213140502574,3.9340043300663,22,NA,NA,NA
"real","TWN_UGA",-0.34658074853698,0.278358929452702,26,NA,NA,NA
"real","TZA_COG",-2.26384043520776,5.15706052988585,24,NA,NA,NA
"real","TZA_LTU",-1.44248978501345,4.25913355955801,21,NA,NA,NA
"real","TZA_LVA",-1.20242165568119,3.79744319767977,17,NA,NA,NA
"real","TZA_SVK",-1.60856111070224,4.73229033124485,23,NA,NA,NA
"real","UGA_ARE",-1.63432173486578,3.5792453885871,26,NA,NA,NA
"real","UGA_ARG",-1.71090879493189,6.13291498853816,19,NA,NA,NA
"real","UGA_ATG",-0.729190239058136,3.30697299395556,9,NA,NA,NA
"real","UGA_CAF",-1.71596792567135,3.98769088443335,21,NA,NA,NA
"real","UGA_CRI",-2.06867954203558,3.51356856465134,22,NA,NA,NA
"real","UGA_FJI",-2.76391894287471,13.1756809623454,14,NA,NA,NA
"real","UGA_GTM",-1.73000621639129,6.40712892403941,16,NA,NA,NA
"real","UGA_HND",-0.700247499513975,2.76627116714428,22,NA,NA,NA
"real","UGA_ISR",-0.222937611157569,0.470624013098376,26,NA,NA,NA
"real","UGA_MAC",-1.68217474218858,2.68569811236465,17,NA,NA,NA
"real","UGA_MEX",-0.694799188350671,1.8622191276059,26,NA,NA,NA
"real","UGA_MKD",-0.579487910971079,2.87466302886441,24,NA,NA,NA
"real","UGA_MLT",-0.757490031568764,2.59587302147071,25,NA,NA,NA
"real","UGA_NGA",-1.06678469030609,3.67897124500272,25,NA,NA,NA
"real","UGA_NPL",-1.11488066357309,2.89644786809326,15,NA,NA,NA
"real","UGA_PYF",-0.530591153687262,2.88917078875858,18,NA,NA,NA
"real","UGA_QAT",-2.41319749799092,8.2753759338506,18,NA,NA,NA
"real","UGA_SOM",-1.25457726868358,3.08782573715361,18,NA,NA,NA
"real","UGA_SVK",-1.43781724091031,2.90193646510357,24,NA,NA,NA
"real","UGA_ZAF",0.105955124789768,1.10705758938263,26,NA,NA,NA
"real","UKR_ARG",-0.115779269960237,0.458246822391125,26,NA,NA,NA
"real","UKR_CRI",-0.562719296101264,2.0074233262423,26,NA,NA,NA
"real","UKR_EGY",-0.375960237175692,0.345682673127968,26,NA,NA,NA
"real","UKR_GRD",-0.545900007166534,2.49119022316296,25,NA,NA,NA
"real","UKR_GRL",-0.896369293961746,2.61498115483199,20,NA,NA,NA
"real","UKR_JOR",-0.0956035595654706,0.156893775833834,26,NA,NA,NA
"real","UKR_LVA",0.0674942672696723,0.0638265364319294,19,NA,NA,NA
"real","UKR_MDA",-0.0369848192344541,0.0942302821766816,8,NA,NA,NA
"real","UKR_MLT",-0.427701223071096,1.00596881139485,19,NA,NA,NA
"real","UKR_MWI",-1.35100476733537,3.56091877407789,21,NA,NA,NA
"real","UKR_PAK",-0.550382046398344,1.2451153034495,26,NA,NA,NA
"real","UKR_PER",-0.174425419935987,1.32749678068572,26,NA,NA,NA
"real","UKR_SVK",0.144455007847871,0.0713403452696723,19,NA,NA,NA
"real","UKR_TGO",-0.549535612692071,2.58362457051719,26,NA,NA,NA
"real","UKR_UGA",-1.10758873995459,2.98857351314591,26,NA,NA,NA
"real","UKR_URY",-0.516289364225458,2.0891706834938,25,NA,NA,NA
"real","UKR_VEN",-0.312522453618494,2.61275539129986,25,NA,NA,NA
"real","URY_ANT",-1.68774425266795,3.32295095554235,17,NA,NA,NA
"real","URY_ATG",-0.789126160801667,2.62682792327608,24,NA,NA,NA
"real","URY_BHR",-0.810973437013294,2.01112275790776,20,NA,NA,NA
"real","URY_BLR",-0.160020500489951,0.818692098750454,23,NA,NA,NA
"real","URY_DMA",-0.373231644227764,1.24573523187995,21,NA,NA,NA
"real","URY_DOM",-0.476670575562042,0.801508133609928,26,NA,NA,NA
"real","URY_GRL",-0.834956426478896,2.98289421199271,19,NA,NA,NA
"real","URY_LTU",0.0434230213862382,0.811743941599181,26,NA,NA,NA
"real","URY_LVA",-0.851587441943166,3.04020571063838,26,NA,NA,NA
"real","URY_MKD",-1.06812315023649,1.27314956019108,26,NA,NA,NA
"real","URY_RUS",-0.685122436519214,1.16881363370904,26,NA,NA,NA
"real","URY_SLV",-0.651394574574635,1.14451865000643,26,NA,NA,NA
"real","URY_SUR",-0.645177353294643,2.53487684009065,26,NA,NA,NA
"real","URY_SVK",-0.398181670829992,1.78072328284653,26,NA,NA,NA
"real","URY_UKR",-0.747030983960373,1.55596944741268,26,NA,NA,NA
"real","USA_PLW",-0.0857717029221867,0.0816963203332318,26,NA,NA,NA
"real","UZB_BRA",-2.224946477748,9.84396962140657,26,NA,NA,NA
"real","UZB_EGY",-1.28361649236591,4.62528798173984,23,NA,NA,NA
"real","UZB_LVA",-0.301089053403264,0.660283125173511,26,NA,NA,NA
"real","UZB_MAR",-0.295094281420869,0.851513083275768,26,NA,NA,NA
"real","UZB_MLT",-1.85077656884886,3.16454586479039,9,NA,NA,NA
"real","UZB_SVK",-0.674171555762422,3.70840282411714,26,NA,NA,NA
"real","UZB_URY",-1.04783447067223,3.69446069110739,19,NA,NA,NA
"real","VCT_CHN",-4.16033627330289,7.47788161436561,21,NA,NA,NA
"real","VCT_CRI",-1.86218801848685,4.713934691503,17,NA,NA,NA
"real","VCT_TWN",-1.2710990235409,6.26250404230318,23,NA,NA,NA
"real","VEN_AIA",-3.95502211068325,5.68159827255875,15,NA,NA,NA
"real","VEN_AND",-0.945466591514979,4.61804319852358,24,NA,NA,NA
"real","VEN_ANT",-0.639715144977157,2.66190062997493,17,NA,NA,NA
"real","VEN_BHS",-1.1428600208219,7.536142718448,25,NA,NA,NA
"real","VEN_BMU",-2.41151234236422,18.6263435600159,21,NA,NA,NA
"real","VEN_CIV",-2.4609861908288,20.0128017217246,25,NA,NA,NA
"real","VEN_CYM",-0.519933275665259,1.71559531357114,9,NA,NA,NA
"real","VEN_GNQ",0.579492953611456,4.99559248869301,8,NA,NA,NA
"real","VEN_HTI",-0.261873286169635,4.09790167778252,18,NA,NA,NA
"real","VEN_KEN",-1.54918088999159,5.6235501268323,17,NA,NA,NA
"real","VEN_LTU",-2.49520908517612,10.0283016960076,22,NA,NA,NA
"real","VEN_MUS",-4.82451948852034,11.2319619706561,26,NA,NA,NA
"real","VEN_SVK",-0.282321847405437,2.39686269482146,26,NA,NA,NA
"real","VEN_SVN",-2.04383394142553,3.76074789792264,26,NA,NA,NA
"real","VEN_TCA",-0.0690068051643197,1.49710954967254,11,NA,NA,NA
"real","VEN_TGO",-2.27931229972549,8.11274621625677,19,NA,NA,NA
"real","VEN_UGA",-5.72035657719468,14.433372309624,21,NA,NA,NA
"real","VEN_VGB",-2.36585301633434,6.54727962017316,15,NA,NA,NA
"real","VEN_YEM",-2.76324345375108,7.27216023327041,15,NA,NA,NA
"real","VGB_CRI",-1.61955069158574,3.50183146982404,24,NA,NA,NA
"real","VGB_FRA",0.0114670295299271,0.885936098364494,12,NA,NA,NA
"real","VGB_GRL",-0.787017115389878,4.29415273463903,9,NA,NA,NA
"real","VGB_ITA",-0.637394048405019,2.52447098512555,11,NA,NA,NA
"real","VGB_MWI",-2.52693581780614,9.18743154698997,8,NA,NA,NA
"real","VGB_ROU",-0.696145954143132,5.54866512654981,12,NA,NA,NA
"real","VGB_SVN",-0.209201263695769,1.37312534193793,12,NA,NA,NA
"real","VGB_UGA",-2.31310008608533,4.9590978102329,17,NA,NA,NA
"real","VGB_VEN",-1.9378215967794,3.62456481960432,18,NA,NA,NA
"real","VNM_BFA",0.277367869410758,4.20782417380458,26,NA,NA,NA
"real","VNM_GRL",0.215920922540096,0.824107020889009,25,NA,NA,NA
"real","VNM_GTM",-0.6471955885113,1.28884030314685,23,NA,NA,NA
"real","VNM_HND",-1.11107185792009,4.09899144551917,24,NA,NA,NA
"real","VNM_JOR",-0.709324200229882,1.21730078853961,25,NA,NA,NA
"real","VNM_LTU",-0.219137882138882,1.19422855942313,26,NA,NA,NA
"real","VNM_LVA",-1.05810948258323,1.05419314544538,26,NA,NA,NA
"real","VNM_NPL",-1.00419058228095,2.20250813642853,23,NA,NA,NA
"real","VNM_SVK",-1.25907222984095,1.33974131926143,26,NA,NA,NA
"real","VNM_TGO",0.123108910269105,1.02745608969719,26,NA,NA,NA
"real","VNM_UGA",0.170060626370302,3.35406409683908,26,NA,NA,NA
"real","VNM_URY",-0.667194250315474,0.564760606550316,26,NA,NA,NA
"real","VNM_VCT",-0.69385643453126,0.829405252419471,22,NA,NA,NA
"real","VUT_GRC",-4.08773589150815,8.23768980728389,13,NA,NA,NA
"real","VUT_IRL",-1.09289805273852,4.81132673395448,19,NA,NA,NA
"real","VUT_SVN",-2.17503601920347,10.3631989484419,15,NA,NA,NA
"real","VUT_WLF",-0.105980170239054,1.75467387868571,12,NA,NA,NA
"real","WLF_CRI",-1.87600625475425,5.77612761207709,13,NA,NA,NA
"real","WSM_AUT",-2.3128135854568,6.47506555457807,23,NA,NA,NA
"real","WSM_CZE",-1.43521234215086,4.39024299589137,19,NA,NA,NA
"real","WSM_IND",-1.72473961895796,4.8913661089921,21,NA,NA,NA
"real","WSM_POL",-0.581085541330481,3.28626815055921,19,NA,NA,NA
"real","WSM_SVK",-3.49255812190252,10.2051039730137,13,NA,NA,NA
"real","YEM_AUT",-2.09776200741433,6.13586675817247,26,NA,NA,NA
"real","YEM_HND",-2.48077715077332,7.2625069834836,16,NA,NA,NA
"real","YEM_ISL",-0.368717922530823,1.31612907849676,8,NA,NA,NA
"real","YEM_POL",-0.450467221057387,2.08904906671927,24,NA,NA,NA
"real","YEM_SVN",-1.88243891407505,6.93312878030733,23,NA,NA,NA
"real","YEM_SYC",-3.61454457010419,10.8501622852901,18,NA,NA,NA
"real","YEM_TGO",-0.427414224050542,1.46048167396334,17,NA,NA,NA
"real","YEM_UGA",-1.16202851534717,5.37812803055176,19,NA,NA,NA
"real","ZAF_BFA",-0.817051851540567,3.29276714874879,22,NA,NA,NA
"real","ZAF_BOL",-0.380844523747619,1.23002839916285,22,NA,NA,NA
"real","ZAF_CUB",-0.470546778569544,2.32431800210449,21,NA,NA,NA
"real","ZAF_DZA",-0.439447225416795,0.745170897820789,25,NA,NA,NA
"real","ZAF_GMB",-0.547005391029338,1.49821790996114,25,NA,NA,NA
"real","ZAF_JOR",0.0423971694661585,0.28594889753366,26,NA,NA,NA
"real","ZAF_LVA",-0.143814552530743,2.57649619442234,8,NA,NA,NA
"real","ZAF_MDA",-0.0881156740857635,0.501639441380951,25,NA,NA,NA
"real","ZAF_MDV",0.404126198066069,0.705638581128764,26,NA,NA,NA
"real","ZAF_MLI",-0.740716716377158,2.34538448804216,24,NA,NA,NA
"real","ZAF_MRT",-0.249240165211273,2.03827665617029,22,NA,NA,NA
"real","ZAF_NER",-0.331391339478714,1.64547055533865,25,NA,NA,NA
"real","ZAF_PAK",-0.91036901837126,2.79081715678002,26,NA,NA,NA
"real","ZAF_RUS",-0.082617089122264,2.43581261879436,26,NA,NA,NA
"real","ZAF_RWA",-0.513965656811085,2.13346643213303,26,NA,NA,NA
"real","ZAF_SOM",-0.67102738700357,1.30563284484027,21,NA,NA,NA
"real","ZAF_TGO",-0.737507103173169,2.7164403751185,26,NA,NA,NA
"real","ZAF_TUN",-0.092404580701897,1.40221245568676,26,NA,NA,NA
"real","ZAF_UGA",-0.355086761316683,1.37828547192868,26,NA,NA,NA
"real","ZAF_UKR",-1.16090767556353,3.86651103429495,26,NA,NA,NA
"real","ZAF_YEM",-0.799098865949077,2.19649873287082,26,NA,NA,NA
"real","ZMB_CAF",-5.04169812061033,9.66800012619298,9,NA,NA,NA
"real","ZMB_HND",-0.709405825690348,5.36685600529373,15,NA,NA,NA
"real","ZMB_SVK",-0.753428080141577,6.83947616118598,23,NA,NA,NA
"real","ZWE_ALB",-1.10591696222649,5.18284215074036,12,NA,NA,NA
"real","ZWE_BFA",-0.746298304145569,3.43499198634421,23,NA,NA,NA
"real","ZWE_CAF",-1.49538996719748,5.58883981197385,18,NA,NA,NA
"real","ZWE_EST",-0.380363853448894,1.51337974882823,17,NA,NA,NA
"real","ZWE_GRL",-0.837249415855476,1.17584066771137,8,NA,NA,NA
"real","ZWE_KNA",-2.30465602295262,8.73690724963321,8,NA,NA,NA
"real","ZWE_LTU",-1.17827312736586,2.96543825368804,10,NA,NA,NA
"real","ZWE_MRT",-0.983749116731049,2.08945552243499,12,NA,NA,NA
"real","ZWE_SVK",-2.27381402123661,5.02069164221517,17,NA,NA,NA
"real","ZWE_TGO",-0.77588648335149,6.84402289710801,13,NA,NA,NA
"real","ZWE_UKR",-0.510760247984704,3.16405335053295,25,NA,NA,NA
"real","ZWE_URY",-2.2702735988578,10.6191501307706,11,NA,NA,NA
"real","ZWE_VCT",-1.53693741754042,3.58861842689212,16,NA,NA,NA
"real","ABW_ISR",-1.59193677337039,7.41667679935645,17,NA,NA,NA
"real","ABW_SDN",-0.271669580736199,4.76182997794405,22,NA,NA,NA
"real","ABW_SUR",-0.910222030291028,6.2610432721698,22,NA,NA,NA
"real","ABW_TZA",-0.569617640345969,6.05064468967644,18,NA,NA,NA
"real","AFG_AND",-0.543321938948727,2.32165591185535,15,NA,NA,NA
"real","AFG_BFA",-0.113650535029554,2.1737945455408,19,NA,NA,NA
"real","AFG_EST",-1.70633023333137,8.35773430933863,23,NA,NA,NA
"real","AFG_ETH",-0.552822005992941,6.99935738299994,23,NA,NA,NA
"real","AFG_HND",-2.36965456223255,15.6953796854908,17,NA,NA,NA
"real","AFG_TZA",-1.3396374317222,5.91823274900842,20,NA,NA,NA
"real","AFG_UGA",-0.27865792057486,4.57093164288039,15,NA,NA,NA
"real","AFG_VEN",-0.956835779260256,4.68335414715357,15,NA,NA,NA
"real","AFG_ZAF",-0.246184110337557,1.24005173120884,23,NA,NA,NA
"real","AFG_ZMB",-0.245316564800225,2.15695442821167,8,NA,NA,NA
"real","AFG_ZWE",-1.60472971002374,6.14242250067181,13,NA,NA,NA
"real","AGO_BOL",-3.49353427404026,12.1062191010635,15,NA,NA,NA
"real","AGO_CIV",-3.30331631259277,11.1532021213028,21,NA,NA,NA
"real","AGO_CRI",-4.12839931132865,5.98057413675716,23,NA,NA,NA
"real","AGO_SGP",-1.64063178943333,6.15102705971532,22,NA,NA,NA
"real","AGO_VEN",-0.954058721680112,2.39021860303252,20,NA,NA,NA
"real","AGO_ZAF",-1.43385648025133,4.57571891986013,24,NA,NA,NA
"real","AIA_BMU",-3.2806258949583,10.3764231768481,8,NA,NA,NA
"real","AIA_TZA",-0.320495077152671,2.88483514968511,12,NA,NA,NA
"real","ALB_BFA",-0.144399272821779,1.56901402602541,16,NA,NA,NA
"real","ALB_BMU",-0.116270521193767,2.99105343094108,10,NA,NA,NA
"real","ALB_CRI",0.237751381590959,1.30683639842055,25,NA,NA,NA
"real","ALB_ETH",-0.136272489879031,3.55577811784501,20,NA,NA,NA
"real","ALB_MLT",-1.50709626486829,8.06437097660142,10,NA,NA,NA
"real","ALB_MUS",-0.941306791965125,2.58206888838703,25,NA,NA,NA
"real","ALB_SDN",-1.36663301435223,9.83990610682915,18,NA,NA,NA
"real","ALB_SEN",-2.26926226407091,7.8340544047133,20,NA,NA,NA
"real","ALB_SLV",-0.451819410399964,3.21793643290526,20,NA,NA,NA
"real","ALB_TZA",-1.73238544454995,10.6865694809501,22,NA,NA,NA
"real","ALB_UGA",-0.472261728776879,4.77752737116774,9,NA,NA,NA
"real","ALB_ZMB",-0.216185426373285,3.13081395920551,9,NA,NA,NA
"real","AND_ARE",-2.09244481395182,5.30300911518901,20,NA,NA,NA
"real","AND_BFA",-0.170603999235206,2.71633647563798,17,NA,NA,NA
"real","AND_CRI",-0.800596558868279,2.90131002308405,22,NA,NA,NA
"real","AND_PAN",-1.18611984017878,9.70362242457625,12,NA,NA,NA
"real","AND_SDN",-0.240921647132869,1.51753260031963,19,NA,NA,NA
"real","AND_SLV",-1.18008151720385,4.40351190416721,18,NA,NA,NA
"real","AND_TWN",-0.455721255605799,2.96692665816032,23,NA,NA,NA
"real","AND_TZA",-3.74263674754311,4.60975642733085,23,NA,NA,NA
"real","AND_UGA",-0.710208191164242,2.21963521159666,13,NA,NA,NA
"real","AND_ZWE",-0.931111314817546,4.83468611209619,19,NA,NA,NA
"real","ANT_AND",-1.56652590380149,5.02901200189809,8,NA,NA,NA
"real","ANT_ETH",-0.498348955063275,6.33662007980639,12,NA,NA,NA
"real","ANT_GIN",-1.5854887669484,3.51542733235151,8,NA,NA,NA
"real","ANT_ISR",-1.65682782435738,3.91148672589937,9,NA,NA,NA
"real","ANT_NOR",-2.81290465080859,12.3075018218609,16,NA,NA,NA
"real","ANT_PAN",-1.6835819756933,4.78800320525687,16,NA,NA,NA
"real","ANT_SUR",-0.0125623286981659,0.548643098072552,14,NA,NA,NA
"real","ANT_TGO",-3.29368227364197,20.2670938348719,14,NA,NA,NA
"real","ANT_TZA",-0.525495232189325,3.50011495845555,15,NA,NA,NA
"real","ANT_ZMB",-1.12574181936405,4.95120713195212,11,NA,NA,NA
"real","ARE_BFA",-0.642027054217828,2.13877984493864,24,NA,NA,NA
"real","ARE_BMU",-1.806506560682,5.26309065196374,13,NA,NA,NA
"real","ARE_CIV",-0.642343613100516,0.922890699534674,25,NA,NA,NA
"real","ARE_CMR",-0.584423118712595,0.810034031878018,25,NA,NA,NA
"real","ARE_CRI",-1.6541349553876,2.62494197239027,25,NA,NA,NA
"real","ARE_DMA",-1.61879421354468,5.38705360902114,20,NA,NA,NA
"real","ARE_EST",-0.392582584917219,0.918358872374785,25,NA,NA,NA
"real","ARE_ISR",-1.89451427201976,3.35186839462247,15,NA,NA,NA
"real","ARE_KGZ",0.0641233422896519,2.33383014321914,24,NA,NA,NA
"real","ARE_NER",-0.619419408443871,2.08854171125216,25,NA,NA,NA
"real","ARE_ZMB",-0.456515684759183,2.3044631478775,25,NA,NA,NA
"real","ARE_ZWE",-0.847852670350385,4.61138303581153,23,NA,NA,NA
"real","ARG_BLR",-0.878921971903262,2.54450381806203,25,NA,NA,NA
"real","ARG_BWA",-0.609055179226331,7.33990202688754,15,NA,NA,NA
"real","ARG_COM",-0.858636870068867,1.71294931757855,21,NA,NA,NA
"real","ARG_KAZ",-0.587362346798113,1.33146345054291,24,NA,NA,NA
"real","ARG_MDA",-0.51284325931306,0.671246938131889,25,NA,NA,NA
"real","ARG_MDV",-0.498770285255733,0.913720716115894,18,NA,NA,NA
"real","ARM_BOL",-0.919794604585716,6.03499779046282,18,NA,NA,NA
"real","ARM_BRA",-0.429183739748822,2.40566347898059,22,NA,NA,NA
"real","ARM_CRI",-1.42250217611576,5.88458453129753,15,NA,NA,NA
"real","ARM_EST",-0.149751895425459,1.07883826186393,22,NA,NA,NA
"real","ARM_MEX",-1.33520332619385,3.96406578515238,23,NA,NA,NA
"real","ARM_MUS",-2.63568438265663,13.7467472965013,13,NA,NA,NA
"real","ARM_OMN",-0.831579313868571,7.60000196925667,13,NA,NA,NA
"real","ARM_SVK",-0.792896653926849,2.61717704504944,21,NA,NA,NA
"real","ARM_TZA",-0.891081157474324,3.47282094338829,16,NA,NA,NA
"real","ATG_BMU",-1.28904505994419,17.564469950715,11,NA,NA,NA
"real","ATG_GIN",-2.53687246053427,5.03920141528867,9,NA,NA,NA
"real","ATG_SDN",-0.293027926929437,9.56506655987047,10,NA,NA,NA
"real","ATG_TGO",-2.39551702124504,9.03432417062133,11,NA,NA,NA
"real","ATG_THA",0.637590363752851,3.55322473509015,25,NA,NA,NA
"real","ATG_TZA",-1.84116174331709,9.04754252971859,19,NA,NA,NA
"real","ATG_ZWE",0.281936956797181,10.6202276678324,13,NA,NA,NA
"real","AUS_AND",-0.33367418837511,1.04749995476437,23,NA,NA,NA
"real","AUS_MDA",-0.235334840610842,0.792073593012391,24,NA,NA,NA
"real","AUT_ERI",-0.770336331857278,1.55023256722447,25,NA,NA,NA
"real","AUT_MHL",-0.143067185315783,1.27141710455547,22,NA,NA,NA
"real","AZE_AND",-0.403307935774799,7.74358856468597,10,NA,NA,NA
"real","AZE_EST",0.591235574055948,2.84156248502929,25,NA,NA,NA
"real","BDI_BFA",-1.24912316534209,3.30001452809906,16,NA,NA,NA
"real","BDI_BGD",-3.66187676494802,15.6890695554352,15,NA,NA,NA
"real","BDI_CIV",-2.34424235436383,5.53087000380073,16,NA,NA,NA
"real","BDI_COG",-0.953522812927365,7.22231221515986,19,NA,NA,NA
"real","BDI_CZE",-1.02837476747719,3.44874562857079,24,NA,NA,NA
"real","BDI_GIN",-2.06372167432018,5.17146586836538,20,NA,NA,NA
"real","BDI_TUN",-1.00937329116531,4.33379729212736,14,NA,NA,NA
"real","BEN_HUN",-2.32437427964454,11.7795973528043,15,NA,NA,NA
"real","BEN_TCD",-0.997469562542974,2.48101343985496,23,NA,NA,NA
"real","BEN_UGA",-0.95350795804448,1.8539062189554,18,NA,NA,NA
"real","BFA_CMR",-1.06006787080654,5.00002883367528,24,NA,NA,NA
"real","BFA_EST",-1.98533642007942,14.7619996082316,14,NA,NA,NA
"real","BFA_ETH",-2.87942383489241,10.5968171901486,21,NA,NA,NA
"real","BFA_HUN",-0.457375257384247,3.77516906737959,15,NA,NA,NA
"real","BFA_MDG",-0.577927648175748,3.51883449449343,23,NA,NA,NA
"real","BFA_POL",0.0234071207160637,0.842343375216181,25,NA,NA,NA
"real","BFA_RUS",-0.506455687329831,6.5253669331848,20,NA,NA,NA
"real","BFA_SDN",-2.61004758160654,3.53425374846633,19,NA,NA,NA
"real","BFA_SGP",-1.6640882256695,5.6059708323352,22,NA,NA,NA
"real","BFA_TCD",-1.23021226407013,2.43792935965013,23,NA,NA,NA
"real","BFA_TZA",-1.0924134149589,5.30652246628745,22,NA,NA,NA
"real","BFA_ZAF",-2.10784259826937,8.38273300200376,22,NA,NA,NA
"real","BGD_BLZ",-0.546268125526714,2.13230112752088,16,NA,NA,NA
"real","BGD_EST",-0.551299722188249,0.772283383730359,25,NA,NA,NA
"real","BGD_KNA",-0.753154465190162,3.12980412391356,18,NA,NA,NA
"real","BGD_LVA",-0.434585124696657,1.12090818544752,23,NA,NA,NA
"real","BGD_SLB",0.159606895241322,0.454496934283406,19,NA,NA,NA
"real","BGD_UKR",-1.41816267961952,3.70235921978007,25,NA,NA,NA
"real","BGR_AND",-0.761924568776525,2.38480778132562,10,NA,NA,NA
"real","BGR_BFA",-1.07428708937818,2.53849919338143,25,NA,NA,NA
"real","BGR_BMU",-0.614883255286043,3.57097045777135,8,NA,NA,NA
"real","BGR_CIV",-0.073072154980151,0.788493112430069,20,NA,NA,NA
"real","BGR_CMR",-0.0936898463470785,0.935393051428468,18,NA,NA,NA
"real","BGR_ETH",-0.662432233386614,1.23470260829413,25,NA,NA,NA
"real","BGR_GIN",-0.36980897083144,1.6715115792561,25,NA,NA,NA
"real","BGR_GMB",-1.20163082347759,3.36902527195368,23,NA,NA,NA
"real","BGR_GRD",-1.16357006710481,4.60076777503896,11,NA,NA,NA
"real","BGR_KGZ",-0.059674476162963,0.278124735089096,25,NA,NA,NA
"real","BGR_MDV",-0.892740286953965,3.47952446059957,24,NA,NA,NA
"real","BGR_PAN",-0.479960540798668,1.236836735827,17,NA,NA,NA
"real","BGR_PHL",-0.892872180286384,2.94184540698562,25,NA,NA,NA
"real","BGR_SDN",-0.0636301510955971,1.54137834132907,25,NA,NA,NA
"real","BGR_TZA",-0.255750569444,0.964652930291943,25,NA,NA,NA
"real","BGR_ZMB",-0.320643606390271,2.44164734882153,24,NA,NA,NA
"real","BHR_ARG",-1.05185836208764,4.28667481737648,23,NA,NA,NA
"real","BHR_BMU",-0.69554922767254,8.86647081069827,9,NA,NA,NA
"real","BHR_MDV",-1.61257100469561,4.54211922135968,25,NA,NA,NA
"real","BHR_SUR",-1.06661768913274,6.72447857255604,8,NA,NA,NA
"real","BHR_TZA",-1.60096051149354,6.92163230995388,25,NA,NA,NA
"real","BHR_ZWE",-2.12121140195546,10.6761263309151,16,NA,NA,NA
"real","BHS_BMU",-2.18111784975506,7.34132595463601,24,NA,NA,NA
"real","BHS_EST",-0.504866950396029,4.25679654547648,12,NA,NA,NA
"real","BHS_ISR",-1.0743027823938,6.47607388722632,25,NA,NA,NA
"real","BHS_LTU",-1.33051343122479,5.43080924219976,13,NA,NA,NA
"real","BHS_LVA",-1.60144781025711,7.43768636773786,9,NA,NA,NA
"real","BHS_MLT",-0.497928336034432,1.17735963660278,8,NA,NA,NA
"real","BHS_UGA",-1.30448005432697,6.6992566328679,13,NA,NA,NA
"real","BHS_URY",-1.06182750742341,5.16068511464376,22,NA,NA,NA
"real","BHS_ZWE",-2.23622727979531,8.45606646750323,10,NA,NA,NA
"real","BIH_ARG",-0.362749703299595,0.527761152472739,25,NA,NA,NA
"real","BIH_CAN",-0.472485546201529,0.535434070635608,25,NA,NA,NA
"real","BIH_ISR",0.16657877000733,1.60483947616012,25,NA,NA,NA
"real","BLR_AND",-3.02070553929148,6.65580451750176,23,NA,NA,NA
"real","BLR_ARG",-0.862132845151427,1.93984437000656,25,NA,NA,NA
"real","BLR_BOL",-2.25744152008537,4.21455674590905,21,NA,NA,NA
"real","BLR_CRI",-1.28608702975776,5.5205666890456,22,NA,NA,NA
"real","BLR_CYP",-1.52874462069677,4.09940887011787,24,NA,NA,NA
"real","BLR_EST",-0.259492458018236,0.222387712598643,25,NA,NA,NA
"real","BLR_GIN",-0.32893280341142,1.61011891561468,25,NA,NA,NA
"real","BLR_ISR",-0.995385561223401,1.36862509552929,25,NA,NA,NA
"real","BLR_MAC",-0.597239214710305,3.25169524242843,14,NA,NA,NA
"real","BLR_MEX",-0.0692554382114342,0.719633696676629,23,NA,NA,NA
"real","BLR_MLT",-4.46619233473611,9.14361283057031,24,NA,NA,NA
"real","BLR_SGP",-1.12298059684512,1.80659546112644,25,NA,NA,NA
"real","BLR_TGO",-1.57749123258033,7.02251457198324,19,NA,NA,NA
"real","BLR_TUN",-1.08551929483241,2.41983857428651,25,NA,NA,NA
"real","BLR_UGA",-2.40990992792222,8.81911353543852,21,NA,NA,NA
"real","BLR_URY",-1.06044813375023,5.10656243118434,24,NA,NA,NA
"real","BLZ_EST",-1.932704054682,10.197568124952,11,NA,NA,NA
"real","BLZ_ETH",-2.91464516008459,4.69745445672682,18,NA,NA,NA
"real","BLZ_ISR",-1.08586918610476,7.5932523437913,17,NA,NA,NA
"real","BLZ_MUS",-0.642139504013664,4.67979338143833,21,NA,NA,NA
"real","BMU_PAN",-0.322378932951315,13.1704822846926,12,NA,NA,NA
"real","BMU_SYC",0.0791379532136983,9.22764848982594,10,NA,NA,NA
"real","BMU_UGA",-0.914041510826364,33.8404250258646,8,NA,NA,NA
"real","BMU_ZMB",-1.69151870303618,10.3081228035749,13,NA,NA,NA
"real","BMU_ZWE",-1.64497822913022,25.9241310726584,10,NA,NA,NA
"real","BOL_ALB",-1.23063893450779,5.12487598284507,14,NA,NA,NA
"real","BOL_BHS",-1.75572255846174,3.11604465405153,21,NA,NA,NA
"real","BOL_LVA",-0.28874247519001,3.48449010572744,20,NA,NA,NA
"real","BOL_UGA",-1.45715862250874,7.49583448928132,10,NA,NA,NA
"real","BRA_UZB",-1.31131187707967,4.86180971228825,25,NA,NA,NA
"real","BRB_AND",-0.994558086655784,4.73134702758827,17,NA,NA,NA
"real","BRB_BGD",-1.41079293005858,9.46279521793315,21,NA,NA,NA
"real","BRB_BMU",-0.00155687768957603,1.51073118331515,24,NA,NA,NA
"real","BRB_CRI",-0.151945671566162,0.795050872068943,25,NA,NA,NA
"real","BRB_DZA",-1.32559844694704,6.22986496969655,13,NA,NA,NA
"real","BRB_GTM",-2.83589569641322,10.8126738999282,25,NA,NA,NA
"real","BRB_ISR",-0.823731173781405,2.38728501769443,24,NA,NA,NA
"real","BRB_MKD",-2.3398548205987,10.3503617449491,24,NA,NA,NA
"real","BRB_ZWE",-1.18190068667338,4.89980162127492,13,NA,NA,NA
"real","BRN_CMR",-1.18649826147418,5.16455259539161,15,NA,NA,NA
"real","BRN_COG",-0.650015140505874,4.0263431298143,12,NA,NA,NA
"real","BRN_HUN",-1.84900160366108,6.47138551816269,20,NA,NA,NA
"real","BRN_ISR",-1.40199093339191,4.84307912706507,12,NA,NA,NA
"real","BRN_NER",-1.18071877605824,4.37214022105622,12,NA,NA,NA
"real","BRN_POL",-1.39409378884563,3.88561121383495,18,NA,NA,NA
"real","BRN_SDN",-2.01336571832894,11.4249212372335,14,NA,NA,NA
"real","BRN_SVN",-1.22944720509723,4.37686629268887,22,NA,NA,NA
"real","BRN_TUN",-2.36425617348824,10.6400692079726,19,NA,NA,NA
"real","BRN_TZA",-2.0671527979341,9.77807938141168,20,NA,NA,NA
"real","BRN_UGA",-1.74901941814953,8.10112812008921,10,NA,NA,NA
"real","BRN_ZWE",-4.64713179995802,12.6887345027355,8,NA,NA,NA
"real","BTN_CRI",-1.12715434036276,6.78308874623952,11,NA,NA,NA
"real","BTN_IRL",-1.20655790748965,8.71200839966169,14,NA,NA,NA
"real","BTN_TZA",-1.18199060716282,10.4889507963112,13,NA,NA,NA
"real","BTN_UGA",-1.95120421122388,9.68190709270734,9,NA,NA,NA
"real","BWA_CZE",-1.42867930323688,4.73566304959396,16,NA,NA,NA
"real","BWA_POL",-1.4586814842992,6.54250411576332,17,NA,NA,NA
"real","CAF_AGO",-1.57890781245419,7.08332573204186,10,NA,NA,NA
"real","CAF_BFA",-0.928109663195899,2.32153775988248,17,NA,NA,NA
"real","CAF_BRB",-1.99384111316327,7.47975677038532,15,NA,NA,NA
"real","CAF_DZA",-0.801395487569606,2.76689041913925,19,NA,NA,NA
"real","CAF_MWI",-1.56434588606795,7.34236050868361,8,NA,NA,NA
"real","CAF_NIC",-1.2580900050659,6.33056779888733,13,NA,NA,NA
"real","CAF_PRK",0.0397117850561527,2.34376360461807,9,NA,NA,NA
"real","CAN_AND",0.0291557760692969,0.413851685503784,25,NA,NA,NA
"real","CAN_BIH",-0.183556133117211,0.415393015196019,25,NA,NA,NA
"real","CCK_CAN",-0.740184866854893,4.20899193233049,24,NA,NA,NA
"real","CCK_CRI",-0.913808322503314,4.01084900842719,16,NA,NA,NA
"real","CCK_HRV",-0.94302695090196,1.83701572210278,14,NA,NA,NA
"real","CCK_SDN",-0.876528558682967,2.81076794540315,10,NA,NA,NA
"real","CCK_THA",-1.03567849913712,3.86360271052939,23,NA,NA,NA
"real","CHL_BMU",-0.174636928160356,2.05143768188978,18,NA,NA,NA
"real","CHL_EST",-0.454715213653591,1.37977399757388,8,NA,NA,NA
"real","CHL_KAZ",-0.677817789073091,1.38113892525257,25,NA,NA,NA
"real","CHL_MKD",-0.259351085239369,0.330312190724942,25,NA,NA,NA
"real","CHL_MLI",-1.24064995933087,3.4661093717606,22,NA,NA,NA
"real","CHL_SWZ",-0.746906334852561,3.43355113960898,21,NA,NA,NA
"real","CHL_UKR",-0.712287913219863,1.07360746291233,25,NA,NA,NA
"real","CHN_PLW",-0.388523510494053,0.692888562494629,25,NA,NA,NA
"real","CIV_AGO",-0.289286129178346,1.4618133755621,25,NA,NA,NA
"real","CIV_BHS",-1.69914713308969,4.81632341164116,24,NA,NA,NA
"real","CIV_COD",-0.40968673141151,2.87180006256789,25,NA,NA,NA
"real","CIV_COM",-1.24963323669173,3.03119943325793,16,NA,NA,NA
"real","CIV_CUB",-1.15926715117295,5.34876702782171,8,NA,NA,NA
"real","CIV_EST",-1.49811533193938,7.70578881948387,20,NA,NA,NA
"real","CIV_ETH",-1.04641650023239,2.49701206803741,25,NA,NA,NA
"real","CIV_GIB",-1.55893419701258,6.48770323457964,19,NA,NA,NA
"real","CIV_GNQ",-0.939710418602168,2.81489526079596,25,NA,NA,NA
"real","CIV_LBN",-0.233503049061324,0.320554683401141,25,NA,NA,NA
"real","CIV_MOZ",-0.773359370124221,1.76023622432896,25,NA,NA,NA
"real","CIV_MWI",-1.66717647347292,3.80903953896939,21,NA,NA,NA
"real","CIV_PAN",-2.96941264365484,7.2861507939414,24,NA,NA,NA
"real","CIV_RUS",0.0112794707419271,0.999316643710159,25,NA,NA,NA
"real","CIV_STP",-1.35428674527909,5.07750025989926,20,NA,NA,NA
"real","CIV_SYC",-1.35230755330513,4.40268310175534,20,NA,NA,NA
"real","CIV_SYR",-0.566407645923964,1.08843709271422,25,NA,NA,NA
"real","CIV_TCD",0.100288727090982,0.244028843539771,25,NA,NA,NA
"real","CIV_TZA",-0.584697321236412,2.67786351343412,25,NA,NA,NA
"real","CIV_VCT",-0.833142473928714,3.62875483907466,23,NA,NA,NA
"real","CIV_ZMB",0.176491344228319,0.744335504480938,25,NA,NA,NA
"real","CMR_AGO",-0.436012527062282,2.26365496995049,23,NA,NA,NA
"real","CMR_BFA",-0.27581062178829,1.30149635475295,25,NA,NA,NA
"real","CMR_COM",-1.0832370244201,5.2286697870385,19,NA,NA,NA
"real","CMR_EST",-1.53460600097196,4.56204786444961,16,NA,NA,NA
"real","CMR_GMB",-1.71389752348842,4.42768779447456,22,NA,NA,NA
"real","CMR_KEN",-1.78155795195961,3.18908762989186,25,NA,NA,NA
"real","CMR_KWT",-0.899638545467941,3.10874893750272,23,NA,NA,NA
"real","CMR_LBN",-0.298863456842015,0.499649367533569,25,NA,NA,NA
"real","CMR_LVA",-0.914290970531497,2.47072317120847,10,NA,NA,NA
"real","CMR_MLI",-0.305763491901324,1.58173047800106,25,NA,NA,NA
"real","CMR_MRT",-1.05882322818317,3.670560057207,21,NA,NA,NA
"real","CMR_NER",-0.931340086492036,4.60794981991365,25,NA,NA,NA
"real","CMR_STP",-0.610195726064913,1.94945804444162,23,NA,NA,NA
"real","CMR_SYR",-0.81666110004463,1.89613048400952,16,NA,NA,NA
"real","CMR_ZMB",-1.14383144495012,3.31917041271484,23,NA,NA,NA
"real","COD_CIV",-4.41668192256593,6.70144596987689,25,NA,NA,NA
"real","COD_HND",-3.70175718138657,13.9908517984786,15,NA,NA,NA
"real","COD_TGO",-2.40018660744548,4.73621490189712,23,NA,NA,NA
"real","COG_CRI",-4.39574049882253,9.21606038686443,19,NA,NA,NA
"real","COG_ETH",-1.40321381126594,2.99003950692844,20,NA,NA,NA
"real","COG_SVK",-3.05334167258149,4.49671356853448,23,NA,NA,NA
"real","COG_VEN",-2.12827979724193,4.91012732860754,19,NA,NA,NA
"real","COK_CRI",-1.80473986253479,7.84620326685224,18,NA,NA,NA
"real","COK_GIN",-0.311635639950321,2.1830066456682,12,NA,NA,NA
"real","COL_BIH",-0.44533701214619,2.93094752232976,19,NA,NA,NA
"real","COL_BWA",-1.23622798898694,14.5079873525559,13,NA,NA,NA
"real","COL_KHM",-1.41174834122616,5.00298491837301,20,NA,NA,NA
"real","COL_NER",-0.546991377551781,2.34633470311617,23,NA,NA,NA
"real","COL_WSM",-1.46803516017297,8.66949872478296,9,NA,NA,NA
"real","COM_ARE",-1.71966460795893,5.13184476359259,21,NA,NA,NA
"real","COM_ARG",-0.27713688703729,0.967152551397604,24,NA,NA,NA
"real","COM_CMR",-0.562937280885594,0.987940653384828,13,NA,NA,NA
"real","COM_HRV",-0.558021949168794,2.91404431541878,18,NA,NA,NA
"real","COM_MKD",-0.517521448015447,1.7408544623205,9,NA,NA,NA
"real","COM_POL",-0.71654990445259,3.06581660856407,20,NA,NA,NA
"real","CPV_ETH",-1.15715276507208,5.20178173208951,14,NA,NA,NA
"real","CPV_POL",-1.46776763792799,2.69800360361404,17,NA,NA,NA
"real","CPV_SDN",-0.289783902559747,5.41280712873679,13,NA,NA,NA
"real","CPV_SGP",-0.51012853156159,2.57146186532548,21,NA,NA,NA
"real","CPV_SVK",-0.921390844323808,2.72580855200808,20,NA,NA,NA
"real","CRI_AND",-1.92995805155427,4.97425058168755,21,NA,NA,NA
"real","CRI_ARM",-1.25704663612695,8.7259174800383,19,NA,NA,NA
"real","CRI_BDI",-0.909917342762823,10.6868289327822,9,NA,NA,NA
"real","CRI_BFA",-0.983603935295928,3.6728543004218,14,NA,NA,NA
"real","CRI_EST",-0.53674344048814,2.7477364549347,17,NA,NA,NA
"real","CRI_ETH",0.151801563631738,0.831720028664065,20,NA,NA,NA
"real","CRI_GIN",0.0807392313899283,1.34481660116693,11,NA,NA,NA
"real","CRI_MDA",-0.371218365300975,0.648582861855488,22,NA,NA,NA
"real","CRI_NAM",-0.270837209890837,3.68725328721177,13,NA,NA,NA
"real","CRI_SDN",-1.48770858070514,7.71719176597455,19,NA,NA,NA
"real","CRI_ZMB",-0.687803461523214,2.79013299237523,18,NA,NA,NA
"real","CUB_AND",0.154048616283729,0.926454668074067,24,NA,NA,NA
"real","CUB_BMU",-1.09091477855947,7.36086861840409,18,NA,NA,NA
"real","CUB_CIV",-0.868922358200382,1.48083678258435,25,NA,NA,NA
"real","CUB_KGZ",-3.95126701095973,6.99601272813931,23,NA,NA,NA
"real","CUB_KNA",-0.953960580398592,3.4138287992733,19,NA,NA,NA
"real","CUB_SEN",-2.65277183346761,3.951057753312,25,NA,NA,NA
"real","CUB_SYC",-0.890807664819056,3.15370938151613,20,NA,NA,NA
"real","CUB_UGA",-1.33394513425381,2.82762548799531,19,NA,NA,NA
"real","CXR_BOL",-1.0437881606748,3.63591886095299,12,NA,NA,NA
"real","CXR_CRI",-0.917997954877024,4.39197985797635,8,NA,NA,NA
"real","CXR_POL",-0.536806675796354,1.62675774869445,19,NA,NA,NA
"real","CXR_SGP",-0.926967605515551,3.02476299226164,25,NA,NA,NA
"real","CYM_BMU",-0.0562111642304142,5.54015925607777,12,NA,NA,NA
"real","CYM_BOL",-1.61936000394585,13.702379551448,9,NA,NA,NA
"real","CYM_CRI",-0.663706323752393,6.84086493985273,24,NA,NA,NA
"real","CYM_GRD",-4.07773732409962,8.72405129655099,21,NA,NA,NA
"real","CYM_ISR",-0.227850355011638,4.89984122861831,14,NA,NA,NA
"real","CYM_PER",-2.28970875733332,13.9439337122873,13,NA,NA,NA
"real","CYP_BLR",-0.457371428350287,1.91848704844142,25,NA,NA,NA
"real","CYP_COM",-0.153101552343425,0.518356261674262,9,NA,NA,NA
"real","CYP_ERI",-0.221293196814623,1.09620864633577,25,NA,NA,NA
"real","CYP_GNQ",-0.120963824027312,3.35711847435552,11,NA,NA,NA
"real","CYP_HND",-1.07923500527791,4.97612686867323,12,NA,NA,NA
"real","CYP_KGZ",-0.734871894963418,3.80116841284722,22,NA,NA,NA
"real","CYP_MDV",-0.621301335909152,1.02537430086988,22,NA,NA,NA
"real","CYP_SUR",-0.387204201865409,2.11489628042883,11,NA,NA,NA
"real","CYP_TJK",-1.18745205076152,6.81725482842052,10,NA,NA,NA
"real","CYP_UZB",-2.12872634049818,4.65658452425754,23,NA,NA,NA
"real","CZE_ETH",0.0440982884709717,0.432987196046327,25,NA,NA,NA
"real","CZE_MDV",-1.29826090232953,1.82637996608182,23,NA,NA,NA
"real","CZE_PLW",-1.47158907088116,6.85502985774785,11,NA,NA,NA
"real","CZE_TCD",-0.521545075812634,1.04857909575741,24,NA,NA,NA
"real","CZE_ZAF",-1.64381765765958,3.29975417432743,8,NA,NA,NA
"real","DEU_LSO",-0.496235026210336,1.37919454462331,18,NA,NA,NA
"real","DEU_PLW",-0.962600186996446,2.38977239748945,24,NA,NA,NA
"real","DJI_GRL",-0.557357262939494,2.06434305198816,13,NA,NA,NA
"real","DJI_ISR",-0.652214591211555,4.64929210921292,19,NA,NA,NA
"real","DMA_ARG",-0.856187128495643,3.14659751267421,22,NA,NA,NA
"real","DMA_CIV",-1.42364653610128,4.18221489560479,16,NA,NA,NA
"real","DMA_CMR",-2.7284664172629,6.28453999718549,13,NA,NA,NA
"real","DMA_EST",-1.38771651689233,3.03587038189705,11,NA,NA,NA
"real","DMA_MAC",-0.507749145868804,2.08136769234788,18,NA,NA,NA
"real","DMA_MUS",-1.1907679560022,3.03783792250459,13,NA,NA,NA
"real","DMA_PAN",-2.16637920118173,5.70022279467034,16,NA,NA,NA
"real","DMA_SDN",-2.06911584893903,9.618021540885,19,NA,NA,NA
"real","DMA_SLV",-1.35968652253631,4.69086583485906,19,NA,NA,NA
"real","DMA_TCA",-0.580271975463723,2.70274630006028,8,NA,NA,NA
"real","DMA_TZA",-1.72696301524293,6.96205746099139,20,NA,NA,NA
"real","DMA_ZMB",-1.8034267522256,12.0031764015896,11,NA,NA,NA
"real","DMA_ZWE",-2.33110623206048,8.81005906065189,10,NA,NA,NA
"real","DNK_NAM",-0.734089732611393,2.33607202460459,17,NA,NA,NA
"real","DOM_AND",-0.0308342997293126,0.411175967590565,25,NA,NA,NA
"real","DOM_BMU",-0.518268760367904,0.790992720909663,21,NA,NA,NA
"real","DOM_CIV",-1.73171444767371,3.63641543350103,22,NA,NA,NA
"real","DOM_CMR",-2.56996569219594,12.1004475386759,21,NA,NA,NA
"real","DOM_EST",-0.907383293244232,2.56553671407968,12,NA,NA,NA
"real","DOM_GIN",-2.53132275055731,14.6109376292944,10,NA,NA,NA
"real","DOM_ISR",-0.918221179842989,1.3961565465392,25,NA,NA,NA
"real","DOM_MUS",0.00381589919494408,0.83947925726548,23,NA,NA,NA
"real","DOM_SDN",-0.463566482506395,2.43844667835699,16,NA,NA,NA
"real","DOM_SGP",-0.296994506170823,0.572677661839164,25,NA,NA,NA
"real","DOM_TZA",-0.341932339527307,2.54426352705149,12,NA,NA,NA
"real","DZA_ETH",-2.0380297694905,5.10937900077024,21,NA,NA,NA
"real","DZA_MKD",-1.34066022572611,13.5623704935682,18,NA,NA,NA
"real","DZA_SLV",-4.55834443588327,14.757375328552,13,NA,NA,NA
"real","DZA_TCD",-2.1708697308755,8.08738299776839,15,NA,NA,NA
"real","ECU_AFG",-0.49868539316973,6.4309740694353,20,NA,NA,NA
"real","ECU_AND",-1.06624565047903,4.96706459083895,21,NA,NA,NA
"real","ECU_BFA",-0.769151336586514,3.57197533737107,18,NA,NA,NA
"real","ECU_CIV",-2.90324878327866,4.40246306852024,25,NA,NA,NA
"real","ECU_COM",-1.09521663262511,9.00698949554454,12,NA,NA,NA
"real","ECU_EST",-0.330090724974958,1.41615334705943,21,NA,NA,NA
"real","ECU_MDA",-0.362554261096964,0.590544656689138,25,NA,NA,NA
"real","ECU_VCT",-0.822977560247271,2.65938276454348,22,NA,NA,NA
"real","EGY_AND",-1.21431358202384,2.3563894603887,23,NA,NA,NA
"real","EGY_BIH",-0.488456501238602,0.919458400365543,25,NA,NA,NA
"real","EGY_BMU",0.0847025481885722,4.31311908881189,18,NA,NA,NA
"real","EGY_BRB",-0.239898590778916,1.03883572013205,24,NA,NA,NA
"real","EGY_GIB",-2.74602221547569,7.83213780734946,11,NA,NA,NA
"real","EGY_HND",-0.442111996507675,1.06855127213335,23,NA,NA,NA
"real","EGY_MDV",-0.940732920977204,3.15777784040955,22,NA,NA,NA
"real","EGY_MSR",-0.87665774766972,5.55791301696795,11,NA,NA,NA
"real","EGY_SUR",-0.486663496833213,1.19811771003595,20,NA,NA,NA
"real","ERI_AUT",-1.293962816983,10.969193218902,25,NA,NA,NA
"real","ERI_BRA",-0.724685697971099,8.10894608955222,15,NA,NA,NA
"real","ERI_ESP",-2.47227204139946,7.90493342735839,21,NA,NA,NA
"real","ERI_EST",-1.12755555436114,11.9675050758286,12,NA,NA,NA
"real","ERI_FRA",0.28728812185065,4.04906605656502,25,NA,NA,NA
"real","ERI_GBR",0.212028768716142,3.70425560953258,24,NA,NA,NA
"real","ERI_IRL",-0.80551446275032,10.1245719522605,25,NA,NA,NA
"real","ERI_ITA",0.53198370623752,1.85728440734023,25,NA,NA,NA
"real","ERI_MEX",0.279562358168114,3.57684303550843,13,NA,NA,NA
"real","ERI_USA",0.256652399818855,3.21211747675318,25,NA,NA,NA
"real","ESH_SVN",0.375836770586276,2.04616566582758,11,NA,NA,NA
"real","ESP_ERI",-0.274254441280758,0.886417783518919,25,NA,NA,NA
"real","ESP_MHL",-1.97296664809137,8.40589627800311,22,NA,NA,NA
"real","ESP_MNP",-0.983257595193708,3.36701491320243,25,NA,NA,NA
"real","EST_AFG",-2.01038903877245,3.54020602019975,23,NA,NA,NA
"real","EST_AGO",-2.34229337583888,7.7347329234113,25,NA,NA,NA
"real","EST_ARM",-0.333604535067127,0.408928767857613,22,NA,NA,NA
"real","EST_AZE",0.0302934445519039,1.23218189430587,25,NA,NA,NA
"real","EST_BHS",-0.116389733935753,2.18542957613989,12,NA,NA,NA
"real","EST_BLR",0.106615899125029,0.444133446450574,25,NA,NA,NA
"real","EST_BOL",-1.41820300408061,1.97242747866808,24,NA,NA,NA
"real","EST_BRB",-1.05764541344304,4.838432435199,12,NA,NA,NA
"real","EST_CHL",-2.21397685763773,4.03984279722095,8,NA,NA,NA
"real","EST_CUB",-0.817837044165691,2.92789394020709,22,NA,NA,NA
"real","EST_CYM",-1.13702152322279,3.79269002093739,8,NA,NA,NA
"real","EST_DMA",-1.15544039777974,3.31862940176702,8,NA,NA,NA
"real","EST_DZA",-1.32194580121237,8.21675920961012,8,NA,NA,NA
"real","EST_GEO",-0.133097264498445,0.599547843989622,18,NA,NA,NA
"real","EST_GHA",-1.24975047965505,2.76593970093121,20,NA,NA,NA
"real","EST_GIB",-3.6006952162072,10.0229167798021,25,NA,NA,NA
"real","EST_GMB",-0.67101370069877,1.53791106068449,13,NA,NA,NA
"real","EST_HND",-2.28388105423278,3.37268769612544,17,NA,NA,NA
"real","EST_IDN",-0.819507694822641,1.04835823271364,25,NA,NA,NA
"real","EST_IRN",-0.844457497549151,2.45677462018652,24,NA,NA,NA
"real","EST_ISR",-0.119656568322289,0.374038686708679,8,NA,NA,NA
"real","EST_KAZ",0.0446784912621072,0.587499484981481,25,NA,NA,NA
"real","EST_KEN",-1.80686565314366,4.07196907681982,24,NA,NA,NA
"real","EST_KGZ",-0.131259112741858,0.671919728393255,25,NA,NA,NA
"real","EST_KHM",-0.651081247941183,3.23888232160272,25,NA,NA,NA
"real","EST_LAO",-0.978656304549707,4.38677303639468,17,NA,NA,NA
"real","EST_LBN",-0.194527539728489,0.757884737260125,8,NA,NA,NA
"real","EST_LBR",-1.31766568763527,5.29392786903352,25,NA,NA,NA
"real","EST_LBY",-1.33660664044883,3.71342832028517,24,NA,NA,NA
"real","EST_MAC",-2.28907591231059,5.84866556462366,18,NA,NA,NA
"real","EST_MMR",-0.625505049182753,1.06850577686696,18,NA,NA,NA
"real","EST_MNG",-0.399565476811086,1.95950624034442,24,NA,NA,NA
"real","EST_MRT",-2.07672241988873,6.70992828548396,23,NA,NA,NA
"real","EST_MYS",-0.399227812573913,0.774068921843689,25,NA,NA,NA
"real","EST_NGA",-1.22115303698182,2.15548185878733,24,NA,NA,NA
"real","EST_PAK",-0.770033783092097,2.57554139004807,24,NA,NA,NA
"real","EST_PAN",-0.237083497303477,1.80033131465457,17,NA,NA,NA
"real","EST_RUS",0.134517172229628,0.151741327195762,25,NA,NA,NA
"real","EST_SDN",-1.5750859405924,5.99238505995517,25,NA,NA,NA
"real","EST_SYR",-0.15490826203023,1.22857417190383,8,NA,NA,NA
"real","EST_TJK",-0.0345089225319574,2.65013821049744,25,NA,NA,NA
"real","EST_TKM",-0.377191641749578,0.914202278570547,25,NA,NA,NA
"real","EST_TWN",-0.364802079688682,0.423116836231402,25,NA,NA,NA
"real","EST_TZA",-0.779224848065315,1.81548635092915,20,NA,NA,NA
"real","EST_UZB",0.0734545648552596,0.32172146470648,25,NA,NA,NA
"real","EST_VCT",-0.829698534400349,2.89179502801835,12,NA,NA,NA
"real","EST_VEN",-1.80906293213638,7.45492087069515,25,NA,NA,NA
"real","EST_VUT",-0.52142924611632,3.96108095912571,9,NA,NA,NA
"real","ETH_ARG",-0.715516029509341,2.5639408026895,25,NA,NA,NA
"real","ETH_BFA",-0.550064871545429,1.64516892746198,21,NA,NA,NA
"real","ETH_CMR",-1.60442449068871,5.30650472420201,19,NA,NA,NA
"real","ETH_CZE",-0.213543346619641,0.510542126891474,25,NA,NA,NA
"real","ETH_ECU",-0.477044673687592,4.05355475059251,14,NA,NA,NA
"real","ETH_EST",-1.18899271091043,3.12692833726205,23,NA,NA,NA
"real","ETH_GMB",-0.683623756690614,1.59046938720528,15,NA,NA,NA
"real","ETH_GTM",-0.671564710896737,1.99784897308588,24,NA,NA,NA
"real","ETH_IRL",-0.784345749729258,1.65399698059562,24,NA,NA,NA
"real","ETH_ISR",-0.28173703080889,0.895616399776832,25,NA,NA,NA
"real","ETH_KWT",-0.762600190624801,1.26384251031214,24,NA,NA,NA
"real","ETH_LBN",-0.638680684119013,0.75525572310867,24,NA,NA,NA
"real","ETH_LBR",-1.18140056970619,5.41150570019468,12,NA,NA,NA
"real","ETH_NPL",-1.11295456262774,3.44733060278711,18,NA,NA,NA
"real","ETH_PAK",-0.396583009786479,1.47242539907062,24,NA,NA,NA
"real","ETH_PER",-1.26029698990303,4.616487610008,21,NA,NA,NA
"real","ETH_TCD",-0.747983614313729,4.53133475435774,15,NA,NA,NA
"real","ETH_TWN",-0.534180200871012,1.12193105383709,25,NA,NA,NA
"real","ETH_YEM",0.004661154280048,0.258028126961092,24,NA,NA,NA
"real","ETH_ZAF",0.152612075065058,0.736256290970723,24,NA,NA,NA
"real","FIN_MNP",-2.04788791531343,3.89153083543763,22,NA,NA,NA
"real","FJI_BMU",-0.256694855337435,2.50461531037888,12,NA,NA,NA
"real","FJI_CHL",-0.83507395326636,2.20378739054444,18,NA,NA,NA
"real","FJI_CZE",-0.764933033172787,1.37749583745096,13,NA,NA,NA
"real","FJI_EST",-3.48284725782697,11.4544828137789,9,NA,NA,NA
"real","FJI_PAN",-1.71423451769601,6.33829244952169,14,NA,NA,NA
"real","FJI_SVK",-1.32279033628352,3.52811707796655,9,NA,NA,NA
"real","FJI_TZA",-1.30125428224909,6.37423390493996,14,NA,NA,NA
"real","FLK_GIN",-1.12454476227835,8.31699857177898,8,NA,NA,NA
"real","FLK_TZA",-1.40667548143734,7.48236506685932,11,NA,NA,NA
"real","FRA_PLW",-0.546829284717444,1.56143816394255,22,NA,NA,NA
"real","FRO_PAN",-0.286646922281714,1.60659254305436,8,NA,NA,NA
"real","FRO_PER",-7.05747834212587,23.5809751509841,11,NA,NA,NA
"real","FSM_IRL",-1.67607422001739,5.24327147781594,23,NA,NA,NA
"real","FSM_POL",-1.11261190063309,2.38090314131274,14,NA,NA,NA
"real","GAB_BOL",-2.20278933741926,6.26313946271827,14,NA,NA,NA
"real","GAB_ETH",-0.992005266779325,6.93355881007418,23,NA,NA,NA
"real","GAB_MKD",-2.63323950040928,11.139055356743,14,NA,NA,NA
"real","GAB_NZL",-1.42156946940946,3.54608700236702,25,NA,NA,NA
"real","GAB_SDN",-1.79649892843555,4.9959365715737,23,NA,NA,NA
"real","GAB_TZA",-0.898452565285034,3.86702861854028,25,NA,NA,NA
"real","GAB_UGA",-2.81249793616724,6.04006081076076,20,NA,NA,NA
"real","GAB_ZWE",-2.48083981710042,9.34038494003904,20,NA,NA,NA
"real","GBR_PLW",-0.275019538580987,0.722586633298879,25,NA,NA,NA
"real","GEO_AND",-0.958628267250384,4.12829440488856,19,NA,NA,NA
"real","GEO_DZA",-0.974998232556965,5.33312337341453,25,NA,NA,NA
"real","GEO_EST",-0.129329539299667,0.939209844565843,18,NA,NA,NA
"real","GEO_ISR",-0.702082253174865,0.738294677837981,25,NA,NA,NA
"real","GEO_JOR",-1.85874819099061,4.07299580315288,23,NA,NA,NA
"real","GEO_KGZ",-0.403510295832473,0.962814465373487,25,NA,NA,NA
"real","GEO_MEX",-0.810489927027276,2.85555379007137,21,NA,NA,NA
"real","GEO_MUS",-0.764781419683024,2.63634699584964,25,NA,NA,NA
"real","GEO_THA",0.0928892652780554,1.69040427660274,25,NA,NA,NA
"real","GEO_TZA",-1.45350543304129,4.64916700269502,25,NA,NA,NA
"real","GHA_BDI",-1.23954586535061,3.49580660561875,17,NA,NA,NA
"real","GHA_BWA",-0.474798308028001,5.44820988679533,24,NA,NA,NA
"real","GHA_EST",-0.573829841469913,2.76433291066989,20,NA,NA,NA
"real","GHA_ETH",-0.415761000073794,1.37014179787359,25,NA,NA,NA
"real","GHA_ISR",0.0217951931028935,0.71723391763126,25,NA,NA,NA
"real","GHA_ZMB",-0.600569061189654,2.14991049854002,25,NA,NA,NA
"real","GIB_ARG",-3.86552562731835,14.3816227995849,12,NA,NA,NA
"real","GIB_BFA",-3.41279636741472,6.2737236420627,10,NA,NA,NA
"real","GIB_CIV",-2.03810393885725,8.96019724985608,19,NA,NA,NA
"real","GIB_CMR",-1.76332464054593,8.10912388743828,10,NA,NA,NA
"real","GIB_EST",-1.78858170141928,7.56418686727688,20,NA,NA,NA
"real","GIB_ETH",-1.17787891063721,8.45117324737354,17,NA,NA,NA
"real","GIB_GIN",-1.96216149025807,3.67934114848884,14,NA,NA,NA
"real","GIB_TZA",-1.65030346372139,5.29996584882732,22,NA,NA,NA
"real","GIB_URY",-2.48013261162131,7.70818907770608,9,NA,NA,NA
"real","GIB_ZMB",-0.558296441373181,3.63573378802854,19,NA,NA,NA
"real","GIB_ZWE",-0.940130870827801,5.28117079001868,13,NA,NA,NA
"real","GIN_AGO",-1.92576152936217,4.26467764449738,19,NA,NA,NA
"real","GIN_ATG",-4.6416331740714,19.7539674240611,8,NA,NA,NA
"real","GIN_BMU",-0.341583552533441,4.03011258405088,9,NA,NA,NA
"real","GIN_COD",-0.890529539758176,4.03260551441315,17,NA,NA,NA
"real","GIN_COG",-1.91135725028313,3.69685301855298,23,NA,NA,NA
"real","GIN_CRI",-0.969506123176756,4.64698357215822,13,NA,NA,NA
"real","GIN_CYP",-3.75769779268437,20.8897178654947,14,NA,NA,NA
"real","GIN_GRD",-4.19550509388332,8.16236116187075,10,NA,NA,NA
"real","GIN_GTM",-4.32827877231758,8.06108482729733,16,NA,NA,NA
"real","GIN_HND",-1.81014280055696,13.0586065293787,15,NA,NA,NA
"real","GIN_HRV",-1.01072802539129,4.23142904055869,23,NA,NA,NA
"real","GIN_ISR",-1.61453147954201,6.97543115999362,23,NA,NA,NA
"real","GIN_JOR",-5.15496750805475,12.4605239197571,17,NA,NA,NA
"real","GIN_KEN",-2.42843807349488,5.01158144946987,18,NA,NA,NA
"real","GIN_LBN",-2.22652661955217,5.00119014005039,25,NA,NA,NA
"real","GIN_OMN",-2.00295421427155,6.85749537920509,8,NA,NA,NA
"real","GIN_RUS",-0.54466140793123,6.07246989436357,25,NA,NA,NA
"real","GIN_UGA",-2.59735780470368,5.51355261187606,24,NA,NA,NA
"real","GIN_UKR",0.0398095443892224,1.31920168755977,25,NA,NA,NA
"real","GIN_VCT",-0.980623938350132,4.28748876673796,12,NA,NA,NA
"real","GMB_AUS",-0.9893595935064,2.79345143178788,24,NA,NA,NA
"real","GMB_BOL",-0.741118015263386,3.33931687815852,8,NA,NA,NA
"real","GMB_EGY",-1.18702944964687,4.16750263852238,13,NA,NA,NA
"real","GMB_IDN",-1.66182824956619,4.23302955121135,24,NA,NA,NA
"real","GMB_IRL",-0.940494163274429,4.22573293345246,25,NA,NA,NA
"real","GMB_LBN",-0.683388874886222,3.13931282843809,21,NA,NA,NA
"real","GMB_POL",-1.17299115030492,4.72739017713664,18,NA,NA,NA
"real","GMB_RUS",-1.43852109879442,5.21101662824614,23,NA,NA,NA
"real","GMB_SDN",-1.47161604342235,5.47492515963847,15,NA,NA,NA
"real","GMB_TZA",-0.921718540723172,8.76879800792445,22,NA,NA,NA
"real","GMB_ZMB",-0.874726595428939,8.18512481399794,13,NA,NA,NA
"real","GMB_ZWE",-1.06685540668906,7.5261798538522,18,NA,NA,NA
"real","GNB_CMR",-0.34645915205577,1.01538556560791,14,NA,NA,NA
"real","GNB_GRC",-0.664167524706324,2.34412489101985,11,NA,NA,NA
"real","GNB_NZL",-0.622400042975766,1.89644073268085,8,NA,NA,NA
"real","GNB_TUR",-0.821448200540006,2.07295089699084,13,NA,NA,NA
"real","GNQ_BFA",-1.85534958048884,6.77660479328347,18,NA,NA,NA
"real","GNQ_CAN",-3.22202606678254,19.5610554195172,25,NA,NA,NA
"real","GNQ_CIV",-1.72708693293986,11.868733254034,21,NA,NA,NA
"real","GNQ_CRI",-2.51802029142221,8.99191690683565,9,NA,NA,NA
"real","GNQ_ETH",-0.299637635125748,5.76484897616151,12,NA,NA,NA
"real","GNQ_ISR",-1.44042422299758,7.29587893877416,15,NA,NA,NA
"real","GNQ_PAK",-4.44698526370044,13.9415094344634,17,NA,NA,NA
"real","GNQ_TZA",-0.175121911955354,7.4722788750194,11,NA,NA,NA
"real","GRC_ERI",-0.413241512668687,2.04040518153503,22,NA,NA,NA
"real","GRD_CRI",-4.45276627994847,11.282633596161,20,NA,NA,NA
"real","GRD_LKA",-1.38220640732205,3.92332600867411,8,NA,NA,NA
"real","GRD_ROU",-0.369723460572344,1.1501421200616,11,NA,NA,NA
"real","GRD_SDN",-0.868270531856337,3.23770246187932,19,NA,NA,NA
"real","GRD_TZA",-1.38373005179908,5.47136407187686,13,NA,NA,NA
"real","GRL_MUS",-1.06206014387629,2.21040661020999,14,NA,NA,NA
"real","GRL_SLV",-1.91087768965736,10.6511548606581,9,NA,NA,NA
"real","GRL_TWN",-0.40530828244499,0.74022730310642,25,NA,NA,NA
"real","GTM_CIV",-1.412896586211,4.04187251780714,25,NA,NA,NA
"real","GTM_KEN",-1.46976011934706,5.17690564813613,21,NA,NA,NA
"real","GTM_LTU",-2.19702561495796,8.5649690420643,17,NA,NA,NA
"real","GTM_SDN",-1.06566357161985,3.22055551859781,25,NA,NA,NA
"real","GTM_TGO",-1.45896327818321,3.014894584555,18,NA,NA,NA
"real","GTM_UGA",-1.82969498739964,6.14883745566106,23,NA,NA,NA
"real","GTM_ZMB",-1.29610084425119,6.65190585194719,17,NA,NA,NA
"real","GUY_HND",-0.69116713852735,2.81289473021783,19,NA,NA,NA
"real","GUY_PAN",-2.44755842340052,5.31792980690013,25,NA,NA,NA
"real","GUY_SLV",-1.68741926071637,6.57933590841329,22,NA,NA,NA
"real","GUY_TGO",-0.837810653777111,3.11967966006947,12,NA,NA,NA
"real","HND_AND",-2.04143433332268,2.51661809251894,24,NA,NA,NA
"real","HND_ATG",0.0614659418864003,0.816396494818427,20,NA,NA,NA
"real","HND_BMU",-0.289123718183532,0.510945540578059,12,NA,NA,NA
"real","HND_CIV",-2.29586507551421,4.45421493386995,23,NA,NA,NA
"real","HND_CUB",-1.65293554786928,6.63342576779982,23,NA,NA,NA
"real","HND_EST",-0.9192419871623,2.16762289001621,16,NA,NA,NA
"real","HND_GIN",-1.37999535953927,6.21817363401437,13,NA,NA,NA
"real","HND_MNG",-0.0186878319832242,1.23572238499719,10,NA,NA,NA
"real","HRV_KIR",-1.16748233501784,5.72259109142922,8,NA,NA,NA
"real","HRV_MNG",-1.58289483635933,6.86487786234171,22,NA,NA,NA
"real","HRV_PRK",-0.79463544426122,2.38967917229842,16,NA,NA,NA
"real","HTI_EST",-1.44891357875329,3.48952969329948,23,NA,NA,NA
"real","HTI_ISL",-0.40436024347762,0.850903659049152,14,NA,NA,NA
"real","HTI_ISR",-0.0908181774207066,0.679023563883507,13,NA,NA,NA
"real","HTI_PRY",-1.90657485141264,9.18646738871622,10,NA,NA,NA
"real","HTI_SVK",-0.804534477865348,1.64881652714524,22,NA,NA,NA
"real","HTI_TUN",-1.51721541110231,6.89843193499231,13,NA,NA,NA
"real","HTI_UGA",-1.82737213335598,4.44660616402363,17,NA,NA,NA
"real","HUN_AND",-0.591098581301652,1.38690909626524,8,NA,NA,NA
"real","HUN_BFA",-0.893777584173819,1.35956817239049,25,NA,NA,NA
"real","HUN_CYM",-1.11245222399328,2.1591960675174,8,NA,NA,NA
"real","HUN_SWZ",-1.58065869229089,4.54361238836379,13,NA,NA,NA
"real","IDN_AND",-0.261656363402603,0.804129878422792,25,NA,NA,NA
"real","IDN_BMU",0.155207390302643,0.795669112939619,24,NA,NA,NA
"real","IDN_COM",-0.363831661993701,2.10405554838832,25,NA,NA,NA
"real","IDN_EST",-0.31077371325234,0.35867786902322,25,NA,NA,NA
"real","IDN_GMB",-0.603366529442652,2.2130397258149,25,NA,NA,NA
"real","IDN_KIR",-0.757178940566509,1.07532085275056,25,NA,NA,NA
"real","IND_ARM",-0.540172508037846,1.09559635978554,25,NA,NA,NA
"real","IND_NAM",-0.698017584204495,2.92230850284573,23,NA,NA,NA
"real","IOT_BGD",-0.400826419800483,4.47413957976605,17,NA,NA,NA
"real","IOT_CRI",-1.94878696822241,7.74462052762048,18,NA,NA,NA
"real","IOT_SDN",-1.96800462284488,4.80795414468796,14,NA,NA,NA
"real","IRL_ERI",-3.6305060154534,5.84236139175092,22,NA,NA,NA
"real","IRL_MNP",-1.50166027141596,8.95559340149879,16,NA,NA,NA
"real","IRN_AND",-0.705545462905649,3.16913506583099,24,NA,NA,NA
"real","IRN_BFA",-0.431603430067046,0.794933026609116,25,NA,NA,NA
"real","IRN_BMU",-0.994189032558407,6.28709446020474,12,NA,NA,NA
"real","IRN_CIV",-0.554684401479682,0.751775355811658,25,NA,NA,NA
"real","IRN_DMA",-0.986607015003017,3.16810420988311,10,NA,NA,NA
"real","IRN_EST",-0.164853451243864,0.709702369244166,25,NA,NA,NA
"real","IRN_ETH",-0.258072247589946,0.785992252473039,24,NA,NA,NA
"real","IRN_MDV",-0.98223607351831,2.80714239208048,22,NA,NA,NA
"real","IRN_ZMB",-0.611042089152616,1.74418669660479,25,NA,NA,NA
"real","IRQ_ETH",-2.99147152227896,13.6381760957577,21,NA,NA,NA
"real","ISL_BDI",-1.60962167048067,7.79959205431466,10,NA,NA,NA
"real","ISL_BFA",-2.67668689105815,7.44802357127328,19,NA,NA,NA
"real","ISL_CIV",-0.649040342990928,1.09270227021265,25,NA,NA,NA
"real","ISL_MDA",-0.626546598063313,1.3227581658479,24,NA,NA,NA
"real","ISL_MOZ",-1.30498857435892,5.33646113474346,21,NA,NA,NA
"real","ISL_NER",-2.25851763737378,6.97451243041943,22,NA,NA,NA
"real","ISL_SLV",-1.11707408585036,3.00828371099211,20,NA,NA,NA
"real","ISL_SUR",-1.50384792048685,4.09785973420799,9,NA,NA,NA
"real","ISL_VGB",-1.39376124876279,2.03874384149508,18,NA,NA,NA
"real","ISR_ABW",-0.50101569570793,1.27413147508791,23,NA,NA,NA
"real","ISR_ALB",-1.29007020268852,3.12429052906276,25,NA,NA,NA
"real","ISR_AND",-0.562036731240139,1.90111360224792,24,NA,NA,NA
"real","ISR_ANT",-0.244770754410964,0.457862350414299,16,NA,NA,NA
"real","ISR_ARE",-1.27863391290684,3.15701116155969,21,NA,NA,NA
"real","ISR_ARM",-1.04881705316541,4.60008755352014,25,NA,NA,NA
"real","ISR_ATG",-0.96778495664061,1.65537509397624,25,NA,NA,NA
"real","ISR_AZE",-0.395232037560129,0.567714963298527,25,NA,NA,NA
"real","ISR_BFA",-0.388002742530891,1.71990929163055,25,NA,NA,NA
"real","ISR_BHS",-2.09690096065872,2.80770759448725,25,NA,NA,NA
"real","ISR_BIH",-0.0365729058112206,0.410961823802765,25,NA,NA,NA
"real","ISR_BLR",-0.189585148860192,0.15009585607791,25,NA,NA,NA
"real","ISR_BMU",-2.94718950824368,6.01397230266684,25,NA,NA,NA
"real","ISR_COD",-0.400200901485132,1.81421929583364,25,NA,NA,NA
"real","ISR_CYM",-3.70492971720198,11.1559875457394,24,NA,NA,NA
"real","ISR_DJI",-0.0883818092967128,1.77732822275898,23,NA,NA,NA
"real","ISR_EST",0.0331692790223009,0.0670840521804513,8,NA,NA,NA
"real","ISR_ETH",-0.189721144669778,0.603984195690733,25,NA,NA,NA
"real","ISR_FJI",-1.25484547502784,3.00491135478384,25,NA,NA,NA
"real","ISR_GEO",-0.103354359064204,0.496632976437479,25,NA,NA,NA
"real","ISR_GIB",-2.04540790023032,6.45956252164709,25,NA,NA,NA
"real","ISR_GIN",-1.15031189866459,2.39086834574087,23,NA,NA,NA
"real","ISR_GMB",-0.509935605902965,1.85477640417158,23,NA,NA,NA
"real","ISR_GNQ",-1.31738961729982,4.33556396813724,25,NA,NA,NA
"real","ISR_HTI",-0.121479489044227,1.15393503690688,25,NA,NA,NA
"real","ISR_KAZ",0.0200954720867204,0.0855404470877487,25,NA,NA,NA
"real","ISR_KGZ",-0.0977886800015929,0.402251193853098,25,NA,NA,NA
"real","ISR_KHM",-1.17787366476292,3.1229586606432,25,NA,NA,NA
"real","ISR_LAO",-0.739497688743112,2.5414751482749,25,NA,NA,NA
"real","ISR_LBR",-1.11813790383789,4.66160421184291,22,NA,NA,NA
"real","ISR_MNG",-0.657984955708719,1.94063074530876,25,NA,NA,NA
"real","ISR_NER",-0.375910421238806,1.69757833455159,25,NA,NA,NA
"real","ISR_PNG",-0.508899711904728,1.18056314562131,25,NA,NA,NA
"real","ISR_PYF",-0.347593194166992,0.926469151267513,25,NA,NA,NA
"real","ISR_RUS",-0.0344862931344751,0.0228812883539958,25,NA,NA,NA
"real","ISR_RWA",-0.00361799008717893,0.984444788264639,25,NA,NA,NA
"real","ISR_SAU",-0.584782136153994,3.05302732305061,17,NA,NA,NA
"real","ISR_SEN",-0.450659832352738,1.12353512383055,25,NA,NA,NA
"real","ISR_SLE",-0.596065886647421,1.11942639143827,24,NA,NA,NA
"real","ISR_TCD",-0.799678108621085,2.23246687721517,19,NA,NA,NA
"real","ISR_TJK",0.138374480750454,1.02604904669452,25,NA,NA,NA
"real","ISR_TKM",-0.342360348995248,1.57606348010653,25,NA,NA,NA
"real","ISR_TZA",-0.162611664129126,0.244344945284696,25,NA,NA,NA
"real","ISR_UKR",-0.065352383749866,0.0854051484022789,25,NA,NA,NA
"real","ISR_UZB",0.0393838214555286,0.383986518433595,25,NA,NA,NA
"real","ISR_VNM",-0.623958282623805,0.435191498975935,25,NA,NA,NA
"real","ISR_ZMB",-0.614577864493874,1.04933647613845,25,NA,NA,NA
"real","ITA_LSO",-0.444879031212512,1.7555053007976,16,NA,NA,NA
"real","ITA_PLW",-0.715220489558543,1.25685773804471,19,NA,NA,NA
"real","JAM_BFA",-0.544883958800997,1.82136966052139,18,NA,NA,NA
"real","JAM_COM",-1.46973837906661,4.05627606596428,9,NA,NA,NA
"real","JAM_GIN",-2.37293100455964,5.36527224706669,16,NA,NA,NA
"real","JAM_KWT",-0.593549763349875,2.20554060373193,18,NA,NA,NA
"real","JAM_MKD",-1.04057285775717,4.34708867745713,18,NA,NA,NA
"real","JAM_SEN",-0.585619204653678,1.59231394606145,13,NA,NA,NA
"real","JAM_TZA",-1.14180365419113,2.08229809098202,24,NA,NA,NA
"real","JAM_ZMB",-0.671324180136335,1.79532087638326,24,NA,NA,NA
"real","JAM_ZWE",-1.21837910530609,3.70197462715117,19,NA,NA,NA
"real","JOR_AFG",-0.517726163403062,1.78645951825362,22,NA,NA,NA
"real","JOR_ARM",-1.48447600488657,3.78106615743924,22,NA,NA,NA
"real","JOR_BIH",-0.115696975027886,0.808873352966932,24,NA,NA,NA
"real","JOR_BLR",-1.07501250174557,1.2910219554369,24,NA,NA,NA
"real","JOR_COG",-0.588634502900351,1.66302147525039,22,NA,NA,NA
"real","JOR_CRI",-1.06414945342754,6.11199998928366,23,NA,NA,NA
"real","JOR_CUB",-1.13871754903055,3.40739392859663,15,NA,NA,NA
"real","JOR_DOM",-0.249010595765187,0.563116957108285,23,NA,NA,NA
"real","JOR_ERI",-0.742127096658875,3.37148206778402,24,NA,NA,NA
"real","JOR_FJI",-0.462331348772982,2.81957060089054,20,NA,NA,NA
"real","JOR_GIN",-1.32680683588653,2.51949122428804,24,NA,NA,NA
"real","JOR_GRD",-1.54452618665914,5.11786617890707,14,NA,NA,NA
"real","JOR_KGZ",-1.28486345028791,1.86579784733395,23,NA,NA,NA
"real","JOR_LBR",-1.36945150693777,4.34204776040675,21,NA,NA,NA
"real","JOR_NER",-0.501691066232563,0.898958184010095,22,NA,NA,NA
"real","JOR_PRY",-1.46879442552988,6.4573628046639,17,NA,NA,NA
"real","JOR_TCD",-0.876123245453382,2.28548200715992,20,NA,NA,NA
"real","JOR_TZA",-0.22446793317379,1.10258894670668,25,NA,NA,NA
"real","JOR_VNM",-0.31384324722322,1.69386672771268,24,NA,NA,NA
"real","KAZ_ARG",-0.404664306539927,2.20888092863648,25,NA,NA,NA
"real","KAZ_CHL",-0.293194545929428,2.50146079167361,25,NA,NA,NA
"real","KAZ_EST",0.0768371815843579,0.324633287247745,25,NA,NA,NA
"real","KAZ_ISR",-1.5742606225459,4.79769349207107,25,NA,NA,NA
"real","KAZ_KWT",-0.367979026103492,3.72457060285924,24,NA,NA,NA
"real","KAZ_MEX",-0.308554733425638,5.16490832570432,25,NA,NA,NA
"real","KAZ_THA",0.104732241196256,1.77911688755134,25,NA,NA,NA
"real","KEN_AND",-1.87206582529889,6.7251095145958,19,NA,NA,NA
"real","KEN_BLZ",-3.53163065123976,9.5657878747855,8,NA,NA,NA
"real","KEN_BMU",-3.5227266616098,8.5113890336406,18,NA,NA,NA
"real","KEN_EST",-0.881638520987995,1.67472448853116,25,NA,NA,NA
"real","KEN_MAC",-0.612929468296098,2.84206735353319,24,NA,NA,NA
"real","KEN_NER",-0.386750922468403,1.03711292258708,25,NA,NA,NA
"real","KGZ_ARE",-1.39753557370727,5.78802770402401,23,NA,NA,NA
"real","KGZ_AUT",-0.42464903324065,1.51631946361426,25,NA,NA,NA
"real","KGZ_BGR",-0.485520781308316,1.02530572399689,25,NA,NA,NA
"real","KGZ_EGY",-0.624495094094417,3.32225506888989,20,NA,NA,NA
"real","KGZ_GEO",0.0348785951393055,0.298150635888453,25,NA,NA,NA
"real","KGZ_IND",-0.391063006113016,1.84586536632668,25,NA,NA,NA
"real","KGZ_IRL",-1.54344736095967,4.79308472359863,22,NA,NA,NA
"real","KGZ_ISR",-0.886430613138211,2.54316432954921,22,NA,NA,NA
"real","KGZ_MEX",-1.42661775879425,5.14236504341778,22,NA,NA,NA
"real","KGZ_MNG",0.178217677673407,0.745541440915653,25,NA,NA,NA
"real","KGZ_PRK",-2.52487567150808,13.9628000785649,11,NA,NA,NA
"real","KGZ_SVN",-0.11317421251794,0.535646993017359,25,NA,NA,NA
"real","KGZ_ZAF",-0.187012307161723,1.36561233859621,25,NA,NA,NA
"real","KHM_CRI",-1.53761772352034,5.93884183517774,22,NA,NA,NA
"real","KHM_ETH",-0.644328786804176,4.99622942686811,22,NA,NA,NA
"real","KHM_PAN",-0.769349368506268,2.17559264827944,21,NA,NA,NA
"real","KHM_POL",-1.32061173734978,3.18524382888834,23,NA,NA,NA
"real","KHM_SUR",-0.598811183089655,1.61857124038742,16,NA,NA,NA
"real","KHM_SVK",-1.48573587296829,2.61916415586116,24,NA,NA,NA
"real","KHM_TZA",-1.45975180382758,1.83333513321838,20,NA,NA,NA
"real","KHM_ZMB",0.01541190408599,7.24492069257449,13,NA,NA,NA
"real","KIR_FIN",-1.51652325103649,5.70771956342592,14,NA,NA,NA
"real","KIR_FRA",-0.427760951042111,2.66970855631152,23,NA,NA,NA
"real","KIR_SGP",-1.43768520707008,8.46110752729914,14,NA,NA,NA
"real","KIR_TGO",-0.145276753591857,1.39681104248562,8,NA,NA,NA
"real","KNA_TZA",-1.55994096796843,6.1631731955139,19,NA,NA,NA
"real","KNA_ZAF",-0.878986220899504,3.51063933960404,22,NA,NA,NA
"real","KWT_BFA",-2.15788574031102,6.82107293227151,25,NA,NA,NA
"real","KWT_CMR",-1.78133542157909,2.55252084601511,23,NA,NA,NA
"real","KWT_COM",-1.82584317033475,5.33340122019487,22,NA,NA,NA
"real","KWT_EST",-2.04809632019252,5.78612846738098,17,NA,NA,NA
"real","KWT_ETH",-2.51039491704716,6.09099994209255,24,NA,NA,NA
"real","KWT_GIN",-1.37219184770271,3.27850755701063,23,NA,NA,NA
"real","KWT_HND",-1.37298396881178,5.37596219083036,15,NA,NA,NA
"real","KWT_PHL",-1.58231876018089,5.69458406227711,25,NA,NA,NA
"real","KWT_RUS",-2.2687906695213,5.68710123395473,25,NA,NA,NA
"real","KWT_TZA",-1.07756007246224,2.55895099506221,25,NA,NA,NA
"real","KWT_ZMB",-3.29645555994683,18.5577274653588,24,NA,NA,NA
"real","KWT_ZWE",-2.08882845556009,11.1598458992803,21,NA,NA,NA
"real","LAO_AND",-0.618305125896547,1.79226673397601,22,NA,NA,NA
"real","LAO_BMU",-1.33310669879387,5.83608796775798,11,NA,NA,NA
"real","LAO_COL",-0.859853608276853,0.860828477746885,22,NA,NA,NA
"real","LAO_CRI",-1.29853928147833,5.13686449286536,19,NA,NA,NA
"real","LAO_EST",-0.261653124512996,0.928472431043876,25,NA,NA,NA
"real","LAO_PAN",-0.367424200931888,0.82451538293778,12,NA,NA,NA
"real","LAO_TZA",-0.728492888574099,4.69385693164839,12,NA,NA,NA
"real","LAO_URY",-1.80685682532066,2.19947218804256,23,NA,NA,NA
"real","LAO_ZMB",-1.08488036078097,6.42830714187697,10,NA,NA,NA
"real","LBN_CIV",-0.226909483852431,0.243619716445535,25,NA,NA,NA
"real","LBN_CRI",-2.06260063949663,4.24666825017959,21,NA,NA,NA
"real","LBN_ETH",-0.245751145245728,0.486719475122975,24,NA,NA,NA
"real","LBN_GIN",-0.356750753265207,0.570388476134789,25,NA,NA,NA
"real","LBN_GMB",-0.2984483323912,0.664449266718739,25,NA,NA,NA
"real","LBN_KGZ",-1.76252148988278,6.64982053031473,20,NA,NA,NA
"real","LBN_MWI",-1.16036187134377,2.89904207159869,24,NA,NA,NA
"real","LBN_PER",-0.854816127095946,2.20715595053396,24,NA,NA,NA
"real","LBN_SUR",-0.285732227297945,1.42148231041514,21,NA,NA,NA
"real","LBN_TCD",-0.693490275501689,1.45976453078376,24,NA,NA,NA
"real","LBN_TZA",-0.160106009266026,0.238598993538877,25,NA,NA,NA
"real","LBN_ZMB",-0.681387249121106,0.92229269925499,25,NA,NA,NA
"real","LBR_HND",-2.8907905375031,6.87552635458671,13,NA,NA,NA
"real","LBR_ISR",-1.83111349013477,8.71881115417771,18,NA,NA,NA
"real","LBR_MKD",-1.37442617437636,6.4896713118387,14,NA,NA,NA
"real","LBR_NZL",-3.61361252177181,6.05436987180262,17,NA,NA,NA
"real","LBR_SDN",-1.39427041753365,4.94233560866207,12,NA,NA,NA
"real","LBR_ZMB",-2.73580045219575,8.53864565004272,10,NA,NA,NA
"real","LBR_ZWE",-3.14473597329491,6.97481191191279,9,NA,NA,NA
"real","LBY_BFA",-1.73678914041898,6.66334570669774,24,NA,NA,NA
"real","LBY_SVN",-2.34430336756804,7.85082220496543,25,NA,NA,NA
"real","LCA_ARG",-2.49688510049258,5.46867741452799,11,NA,NA,NA
"real","LCA_CRI",-1.88818032777822,4.48160507127414,20,NA,NA,NA
"real","LCA_SDN",-0.727744170749107,4.15754971071029,9,NA,NA,NA
"real","LCA_URY",-1.80978588674925,8.15621283358867,8,NA,NA,NA
"real","LKA_AND",-0.263020757144599,0.977722813498577,24,NA,NA,NA
"real","LKA_BDI",-2.03199640888443,7.66290140089576,20,NA,NA,NA
"real","LSO_GIN",-3.62388483813524,23.6714429187453,9,NA,NA,NA
"real","LTU_AGO",-2.63859963071932,5.91260683535951,25,NA,NA,NA
"real","LTU_ALB",-1.56372952254244,2.46055119194718,8,NA,NA,NA
"real","LTU_BHS",-0.907245308139299,4.20235678072872,12,NA,NA,NA
"real","LTU_GIB",-2.24547488694671,7.46854708714448,24,NA,NA,NA
"real","LTU_LBR",-1.60685857339008,4.02906821002053,25,NA,NA,NA
"real","LTU_SDN",-2.22652235482887,5.89869018197001,21,NA,NA,NA
"real","LTU_SLE",-0.827965667892247,3.58045564577061,20,NA,NA,NA
"real","LTU_YEM",-1.34624815601995,4.9150586400301,25,NA,NA,NA
"real","LVA_BGD",-1.73539069431782,4.66775047525783,23,NA,NA,NA
"real","LVA_BHR",-1.18089804155575,1.46123095377113,24,NA,NA,NA
"real","LVA_BLZ",-0.941725957539521,2.20306005948255,12,NA,NA,NA
"real","LVA_MRT",-2.49019727037289,7.68722034082194,16,NA,NA,NA
"real","LVA_MUS",-0.794107696796783,3.2444911078701,13,NA,NA,NA
"real","LVA_PAK",-1.46756067010231,2.6952475623048,25,NA,NA,NA
"real","MAC_CMR",-2.07060511853672,4.73820404820958,19,NA,NA,NA
"real","MAC_DOM",-0.50284062634259,1.91879814556559,21,NA,NA,NA
"real","MAC_EST",-0.65008890120668,1.43177392537241,25,NA,NA,NA
"real","MAC_MNP",-0.353267707900894,0.995363224712534,8,NA,NA,NA
"real","MAC_NER",-2.30045316159631,5.11132079974614,13,NA,NA,NA
"real","MAC_ROU",-1.33332920521314,4.4580412085026,25,NA,NA,NA
"real","MAC_SDN",-2.57670454060438,7.73338948261643,19,NA,NA,NA
"real","MAR_BMU",-0.143365181609885,1.77851902529233,20,NA,NA,NA
"real","MAR_EST",-0.659326672661759,2.13214271883311,8,NA,NA,NA
"real","MAR_ETH",-2.00096008749221,5.3660198791033,25,NA,NA,NA
"real","MAR_GNB",-0.574707595511521,1.54551199238929,24,NA,NA,NA
"real","MAR_GRL",-0.641599847693316,2.13319994980878,19,NA,NA,NA
"real","MAR_ISR",-0.734309787953285,0.682399365156776,25,NA,NA,NA
"real","MAR_PRY",-2.05450376660564,7.20738902809476,21,NA,NA,NA
"real","MAR_RWA",-1.75415319021317,3.84430468763412,22,NA,NA,NA
"real","MAR_TCD",-0.767385649607305,1.80589351141427,24,NA,NA,NA
"real","MDA_AND",-0.674663675961753,1.97610571036312,20,NA,NA,NA
"real","MDA_ARE",-1.50393043126958,4.00917846308153,22,NA,NA,NA
"real","MDA_ARG",-1.7624247906972,6.95849432946033,17,NA,NA,NA
"real","MDA_CHL",-1.56366450296702,5.43502046217897,18,NA,NA,NA
"real","MDA_COD",-0.419442311697678,3.22285430186174,8,NA,NA,NA
"real","MDA_IRN",-0.620057044240153,1.7460263464041,25,NA,NA,NA
"real","MDA_ISL",-0.101279689999044,0.824484938703331,24,NA,NA,NA
"real","MDA_LBY",-0.912268448331859,1.60413446531641,16,NA,NA,NA
"real","MDA_MLT",-2.02941855800061,4.90737369534794,16,NA,NA,NA
"real","MDA_MUS",-0.671366744870352,1.86178422456403,23,NA,NA,NA
"real","MDA_NZL",-3.61699467682272,6.70066043734577,23,NA,NA,NA
"real","MDA_PAK",-1.53163268965929,3.30617623376659,18,NA,NA,NA
"real","MDA_RWA",-0.71681329153375,5.43200323309266,12,NA,NA,NA
"real","MDA_SLV",-2.77164672037479,12.8369928012345,12,NA,NA,NA
"real","MDA_TWN",-0.743644601600005,2.61755003443486,23,NA,NA,NA
"real","MDA_URY",-2.03408617482796,7.01957542270008,19,NA,NA,NA
"real","MDA_YEM",-1.14118458407863,8.1786485147587,15,NA,NA,NA
"real","MDG_ALB",-1.36374739106618,6.91229630943733,12,NA,NA,NA
"real","MDG_CAF",-0.849735877549628,6.23439539780564,19,NA,NA,NA
"real","MDG_GIB",-1.13241254978523,9.88544898632175,8,NA,NA,NA
"real","MDG_GIN",-1.55100803771919,8.89100662666195,18,NA,NA,NA
"real","MDG_GMB",-1.12314144130229,4.29928739327506,10,NA,NA,NA
"real","MDV_ARE",-2.6578117501936,6.62515274392658,25,NA,NA,NA
"real","MDV_CHL",-2.26273329781056,6.61098234554343,8,NA,NA,NA
"real","MDV_COL",-1.67511489824802,9.20266634388644,12,NA,NA,NA
"real","MDV_DZA",-1.79918746852759,3.96609510786753,20,NA,NA,NA
"real","MDV_HRV",-1.45662720219716,5.67398978189786,15,NA,NA,NA
"real","MDV_POL",-0.380124254580271,1.57505300824044,20,NA,NA,NA
"real","MDV_SVK",-1.5455980691469,4.54654089921091,21,NA,NA,NA
"real","MDV_TWN",-1.39291067726234,5.83691379516088,25,NA,NA,NA
"real","MDV_TZA",-2.4395263416416,15.5385117778285,19,NA,NA,NA
"real","MEX_ARM",-1.82635427028716,9.02655558555285,24,NA,NA,NA
"real","MEX_BLR",-0.269364439438309,0.659896511481935,23,NA,NA,NA
"real","MEX_GEO",-1.74348657540317,4.08139229448625,25,NA,NA,NA
"real","MEX_KAZ",-0.378211498361874,1.09124496018333,23,NA,NA,NA
"real","MEX_KIR",-0.837084657296337,8.03124910766747,13,NA,NA,NA
"real","MEX_PLW",-0.920464360432032,4.22645908894024,13,NA,NA,NA
"real","MEX_UKR",-0.762887417413958,1.0697310573973,25,NA,NA,NA
"real","MEX_WLF",-0.880162521145965,3.10313193185629,17,NA,NA,NA
"real","MHL_AUT",-3.49030743713166,9.97555505750981,15,NA,NA,NA
"real","MHL_GRC",-1.07069673960808,5.82528948608317,22,NA,NA,NA
"real","MHL_ISR",-0.613604463438329,2.72200419361919,12,NA,NA,NA
"real","MHL_SGP",-2.63917068030151,9.13981404496507,24,NA,NA,NA
"real","MHL_SWE",-1.73002495936557,7.26970771850073,22,NA,NA,NA
"real","MKD_ARG",-0.991583991318998,5.98827565181596,25,NA,NA,NA
"real","MKD_GHA",-1.53690455020728,5.34256642195248,17,NA,NA,NA
"real","MKD_HND",-1.19199477462311,4.99585783589694,16,NA,NA,NA
"real","MKD_MLT",-0.659610310241721,3.08430684724048,8,NA,NA,NA
"real","MKD_MYS",-0.833475679960497,2.86967949464441,23,NA,NA,NA
"real","MKD_PER",-0.433080113101894,1.70227682040845,20,NA,NA,NA
"real","MKD_PHL",-0.830770957196949,2.18773357208721,20,NA,NA,NA
"real","MLI_AND",-1.61928164488412,4.63498375920368,13,NA,NA,NA
"real","MLI_CAF",-0.408762861777955,1.71200886199361,17,NA,NA,NA
"real","MLI_CMR",-0.727358868931487,3.81650257556626,25,NA,NA,NA
"real","MLI_EST",-1.61813726786826,7.88459434360914,24,NA,NA,NA
"real","MLI_JOR",-1.39304288760793,4.41530948265644,15,NA,NA,NA
"real","MLI_MWI",-1.40438247763075,6.32331594133547,18,NA,NA,NA
"real","MLI_PAK",-1.08251745946778,6.78551158516274,21,NA,NA,NA
"real","MLI_SDN",-1.18692866233763,7.92365764937838,25,NA,NA,NA
"real","MLI_SLV",-1.40293545242379,5.50454587188568,14,NA,NA,NA
"real","MLI_TZA",-0.718892514802982,3.07890290402038,25,NA,NA,NA
"real","MLT_AFG",-1.39910936582151,10.0796947537461,16,NA,NA,NA
"real","MLT_AGO",-0.776979341076232,3.27285772443799,23,NA,NA,NA
"real","MLT_ARM",-1.20021454907595,6.3257743273443,20,NA,NA,NA
"real","MLT_COD",-0.739143896125532,1.21836893881462,15,NA,NA,NA
"real","MLT_EST",-2.22856665849316,5.52831544024363,8,NA,NA,NA
"real","MLT_ETH",-0.168615330841349,1.10455685771807,25,NA,NA,NA
"real","MLT_IDN",-1.40219162330939,3.46828007768197,25,NA,NA,NA
"real","MLT_KAZ",-1.2586534347635,2.77375475467601,24,NA,NA,NA
"real","MLT_MDA",-1.76744163854258,3.4823846843167,18,NA,NA,NA
"real","MLT_PAN",-1.77187842979041,4.99507773636664,14,NA,NA,NA
"real","MLT_SOM",-0.396505373288246,0.651292219133368,16,NA,NA,NA
"real","MLT_TGO",-2.63354138672093,4.41957932874689,24,NA,NA,NA
"real","MLT_TKM",-1.34347198197058,9.71532209895159,15,NA,NA,NA
"real","MLT_ZMB",-2.02843300158609,15.694304572864,21,NA,NA,NA
"real","MLT_ZWE",-2.56675667549274,7.77414397972356,14,NA,NA,NA
"real","MMR_AND",-3.15966795226059,3.73389113643337,21,NA,NA,NA
"real","MMR_CRI",-1.52674829389105,3.70492441668247,21,NA,NA,NA
"real","MMR_EST",-0.820573558803637,1.6038483207461,25,NA,NA,NA
"real","MMR_ETH",-2.6612613290865,5.90729358687051,16,NA,NA,NA
"real","MMR_GTM",-2.07822076472135,9.60639088965437,16,NA,NA,NA
"real","MMR_ZMB",-0.310055627899858,3.21917664835888,8,NA,NA,NA
"real","MNG_ARG",-2.79946496700473,10.9969347274474,19,NA,NA,NA
"real","MNG_ETH",-2.25187311543897,12.4697060073668,8,NA,NA,NA
"real","MNG_NOR",-0.525276588666648,1.14513750407325,25,NA,NA,NA
"real","MNG_POL",-0.832442901358327,1.95696924310968,25,NA,NA,NA
"real","MNG_SVN",-1.00501297086301,2.79151524629767,23,NA,NA,NA
"real","MNP_DEU",-0.130948153783397,1.51593338949508,16,NA,NA,NA
"real","MNP_ESP",-0.829416446012202,3.35051608839742,25,NA,NA,NA
"real","MNP_FRA",-0.330784435532049,2.74856912019794,25,NA,NA,NA
"real","MNP_IRL",-1.22920430218489,5.53751842837985,18,NA,NA,NA
"real","MNP_SGP",-0.337706917348021,2.23971738513574,25,NA,NA,NA
"real","MOZ_EST",-3.79554249257462,11.4654329445289,8,NA,NA,NA
"real","MOZ_URY",-2.78721783881612,12.9046141361388,10,NA,NA,NA
"real","MRT_AND",-4.98514175659111,4.75801317952402,20,NA,NA,NA
"real","MRT_ARG",-1.31593263662058,7.3599110337522,24,NA,NA,NA
"real","MRT_CMR",-0.110285855615772,0.495283454113846,24,NA,NA,NA
"real","MRT_CRI",-3.77575585802057,5.22946914242052,19,NA,NA,NA
"real","MRT_DZA",-1.24564130593364,6.31577124886825,25,NA,NA,NA
"real","MRT_EST",-1.35478075387619,6.74782139060656,25,NA,NA,NA
"real","MRT_LTU",-0.493616017400284,2.00856751758536,24,NA,NA,NA
"real","MRT_MDA",-1.51204706898166,5.70418232353621,20,NA,NA,NA
"real","MRT_MUS",-2.62217411871487,6.60520484137835,20,NA,NA,NA
"real","MRT_MWI",-0.673053015638327,3.1473095962385,9,NA,NA,NA
"real","MRT_NOR",-0.609734713499869,3.4385313661343,25,NA,NA,NA
"real","MRT_POL",-1.99601539518464,4.41038371025893,22,NA,NA,NA
"real","MRT_URY",-0.774966742519191,2.75251342274679,20,NA,NA,NA
"real","MRT_ZAF",-2.99224283264315,3.9853626009972,22,NA,NA,NA
"real","MRT_ZWE",-0.883901208060406,6.25434032599619,12,NA,NA,NA
"real","MSR_VEN",-1.59263881924789,3.50888568527065,8,NA,NA,NA
"real","MUS_AND",-0.539788871511625,2.17157457876937,23,NA,NA,NA
"real","MUS_BGD",-1.50887377632978,4.33100515442097,25,NA,NA,NA
"real","MUS_BMU",-4.05636043486026,5.25671898236419,20,NA,NA,NA
"real","MUS_ECU",-1.20169421135381,4.51250119954169,19,NA,NA,NA
"real","MUS_EST",-0.898310235140978,1.57289085215259,16,NA,NA,NA
"real","MUS_GEO",-0.916548975007607,4.81717755877091,12,NA,NA,NA
"real","MUS_GMB",-1.50106606308022,5.09751491089017,22,NA,NA,NA
"real","MUS_KNA",-2.20625222768779,6.72114620277877,14,NA,NA,NA
"real","MUS_LAO",-1.31687662843229,2.34180155463307,8,NA,NA,NA
"real","MUS_LTU",-1.98641573198546,9.24654127851915,13,NA,NA,NA
"real","MUS_LVA",-1.11437728850963,2.90085443670652,15,NA,NA,NA
"real","MUS_MDA",-0.291498085922887,1.21856282659011,25,NA,NA,NA
"real","MUS_MKD",-0.730030185336681,1.69753908564984,24,NA,NA,NA
"real","MUS_MRT",-1.26689691394049,4.20650815192374,19,NA,NA,NA
"real","MUS_SUR",-0.899139200025582,3.14353571606987,10,NA,NA,NA
"real","MUS_TCD",-2.46445540287529,7.66602635133762,17,NA,NA,NA
"real","MUS_UKR",-0.671888863040508,1.83081886262831,25,NA,NA,NA
"real","MUS_VUT",-1.87106780868206,9.60791963828537,15,NA,NA,NA
"real","MWI_BHR",-1.12557280729785,2.53304276075611,19,NA,NA,NA
"real","MWI_CRI",-0.636842543491943,2.65754791879045,24,NA,NA,NA
"real","MWI_GIN",-1.43174938482096,4.54855224659482,16,NA,NA,NA
"real","MWI_GRL",-1.57117044719714,3.26593643300321,10,NA,NA,NA
"real","MWI_TUR",-0.203012491019354,0.780133361935223,25,NA,NA,NA
"real","MYS_BWA",0.0783564257674017,0.853280297262543,22,NA,NA,NA
"real","MYS_TUV",0.142928151072551,2.41817414864945,25,NA,NA,NA
"real","NAM_HUN",-0.0458122353240293,0.576294923769737,20,NA,NA,NA
"real","NAM_IND",-0.744135631418962,1.73579167304184,22,NA,NA,NA
"real","NAM_ISL",-1.75540087696956,6.14600437575123,9,NA,NA,NA
"real","NAM_OMN",-1.38392813029602,7.74084091675799,13,NA,NA,NA
"real","NER_AGO",-0.677730563497503,1.38154344236627,17,NA,NA,NA
"real","NER_CAF",-1.62671761301013,3.37490476273378,20,NA,NA,NA
"real","NER_CMR",-1.96126999861364,5.86965162318915,24,NA,NA,NA
"real","NER_COD",-1.07991991625439,1.99011945304829,14,NA,NA,NA
"real","NER_ETH",-1.18722870650645,4.4854293114767,25,NA,NA,NA
"real","NER_SDN",-2.20446301995614,4.09538988649727,23,NA,NA,NA
"real","NER_SVN",-0.962065564318873,2.97450322077822,24,NA,NA,NA
"real","NER_TCD",-2.46927526744454,5.84342492205378,25,NA,NA,NA
"real","NER_TZA",-1.21387096517071,8.52786028441589,24,NA,NA,NA
"real","NER_ZMB",-0.365108290540461,2.92805104493107,24,NA,NA,NA
"real","NFK_BRA",0.226456810195989,5.94340416403505,15,NA,NA,NA
"real","NGA_BMU",-4.36877116422895,35.9644280311557,12,NA,NA,NA
"real","NGA_EST",-0.556904833350569,2.93238193252699,24,NA,NA,NA
"real","NGA_ETH",-1.81817469111788,3.28002920110703,25,NA,NA,NA
"real","NGA_ISR",-0.290723452908346,1.28988085043382,25,NA,NA,NA
"real","NGA_JOR",-4.54090206671046,13.1303313137238,20,NA,NA,NA
"real","NGA_TCD",-1.0950273446613,3.37606185459742,23,NA,NA,NA
"real","NGA_ZMB",-0.247559515181766,0.523450221829039,25,NA,NA,NA
"real","NIC_AND",-0.820517377798893,4.28695283096357,21,NA,NA,NA
"real","NIC_BFA",-1.9834887253093,6.1055642865892,12,NA,NA,NA
"real","NIC_BMU",-0.256080859693192,1.5054185891409,13,NA,NA,NA
"real","NIC_COG",-1.277956925485,5.02298914066614,12,NA,NA,NA
"real","NIC_MDG",-1.05836256868666,3.43420754185951,13,NA,NA,NA
"real","NIC_QAT",-0.535697407158752,3.79080756512207,12,NA,NA,NA
"real","NIC_SEN",-3.59115412578294,5.88609136491894,12,NA,NA,NA
"real","NIC_TGO",-1.56360455908535,6.98780363072185,12,NA,NA,NA
"real","NIC_UGA",-0.845218704576818,2.91250132641626,20,NA,NA,NA
"real","NIU_COL",0.840888786836467,4.63123770437153,17,NA,NA,NA
"real","NIU_MKD",-0.776540180144896,14.1834133880789,14,NA,NA,NA
"real","NOR_ERI",-0.709735559199501,2.18152652710897,25,NA,NA,NA
"real","NOR_KGZ",-0.185917776308392,0.963427682100807,24,NA,NA,NA
"real","NOR_SHN",-1.01843482767782,2.31315775731484,9,NA,NA,NA
"real","NPL_AND",-0.855117652188525,2.59480491194692,23,NA,NA,NA
"real","NPL_BMU",-0.393379523582338,1.5567663023418,14,NA,NA,NA
"real","NPL_CMR",-1.75417189363294,3.1257526275776,8,NA,NA,NA
"real","NPL_CRI",-0.333952003222559,0.748307255531264,23,NA,NA,NA
"real","NPL_ETH",-0.84001828270584,3.39137128036673,20,NA,NA,NA
"real","NPL_GRL",-0.0923700195223377,0.696861080529213,15,NA,NA,NA
"real","NPL_SDN",-2.9889231263581,10.0538566942698,15,NA,NA,NA
"real","NRU_BRA",-6.2433593450451,13.3855968679497,10,NA,NA,NA
"real","NRU_CRI",-1.95570646250252,5.41502178311667,15,NA,NA,NA
"real","NRU_POL",-0.81381705483921,5.87721325180343,17,NA,NA,NA
"real","NRU_ZWE",-1.13579144988304,12.2069029674927,8,NA,NA,NA
"real","NZL_LBR",-0.611894356134957,2.35240679219489,20,NA,NA,NA
"real","OMN_AGO",-0.212976728584329,0.731086221801888,24,NA,NA,NA
"real","OMN_ARM",-0.369987181642744,2.5111738809134,24,NA,NA,NA
"real","OMN_CIV",-1.09878324408787,1.74759462274846,25,NA,NA,NA
"real","OMN_COG",-1.25460326225872,2.02932414564076,25,NA,NA,NA
"real","OMN_COL",-1.97322523528334,4.61781845192183,22,NA,NA,NA
"real","OMN_GIN",-0.342642482175679,0.999482142671008,23,NA,NA,NA
"real","OMN_KHM",-0.7479851922552,2.66874903273924,21,NA,NA,NA
"real","OMN_LVA",-1.87562010505473,4.81668660467229,18,NA,NA,NA
"real","OMN_MAC",-0.395947483872887,1.10088751026163,11,NA,NA,NA
"real","OMN_MDV",-0.899180926335022,1.16652035772496,25,NA,NA,NA
"real","OMN_MRT",0.00579885129402309,1.05147143764759,24,NA,NA,NA
"real","OMN_TJK",-0.488891598807053,8.92141223169851,13,NA,NA,NA
"real","OMN_VEN",-3.53592223203422,7.34920413157052,22,NA,NA,NA
"real","PAK_AND",-0.202823405706086,0.667902114457023,23,NA,NA,NA
"real","PAK_BLR",-0.842982482275141,2.5167651757442,25,NA,NA,NA
"real","PAK_BMU",-0.705742427451924,1.41384199419913,19,NA,NA,NA
"real","PAK_EST",-0.192275567282631,0.351036641013515,25,NA,NA,NA
"real","PAK_ETH",-0.91615068576026,1.82379946175373,24,NA,NA,NA
"real","PAK_GEO",-1.1620653299119,3.33100912527132,23,NA,NA,NA
"real","PAK_HTI",-0.918649493195057,4.34518996827562,22,NA,NA,NA
"real","PAK_KIR",-0.201211767695178,1.62922757096685,15,NA,NA,NA
"real","PAK_WSM",-1.15802160939705,3.99870871228472,21,NA,NA,NA
"real","PAN_ABW",-0.595867319416295,1.91665509726432,25,NA,NA,NA
"real","PAN_AND",-1.08052325415396,5.72662303889859,19,NA,NA,NA
"real","PAN_ANT",-0.733144052538564,1.83097320142799,16,NA,NA,NA
"real","PAN_ATG",-1.02835719900528,4.28674093478927,24,NA,NA,NA
"real","PAN_BFA",-2.93908082457367,5.72796531795657,15,NA,NA,NA
"real","PAN_BMU",-0.7270202420216,3.09136347907393,24,NA,NA,NA
"real","PAN_CIV",-1.81629013024992,6.11462666386401,24,NA,NA,NA
"real","PAN_CMR",-1.73667150752374,10.310550766381,20,NA,NA,NA
"real","PAN_EST",-1.13690295135505,5.55677872392289,17,NA,NA,NA
"real","PAN_GIN",-1.47725083891544,9.32600975508446,11,NA,NA,NA
"real","PAN_GMB",-0.817527622670653,1.95775007217408,15,NA,NA,NA
"real","PAN_MDA",-0.697898838602702,1.59690455320254,20,NA,NA,NA
"real","PAN_MKD",-0.559995264452659,4.44025994013054,25,NA,NA,NA
"real","PAN_PHL",-0.699547525022535,1.21216287497065,25,NA,NA,NA
"real","PAN_RUS",-1.25340839565185,5.45619283570022,25,NA,NA,NA
"real","PAN_SDN",-1.38858727358431,8.88087411086478,18,NA,NA,NA
"real","PAN_UGA",-1.12710864510596,3.13186523747984,19,NA,NA,NA
"real","PAN_ZWE",-1.23780104025678,7.86032231987065,16,NA,NA,NA
"real","PER_AGO",-0.558143873494769,1.87079870378263,24,NA,NA,NA
"real","PER_AND",-0.314467195723602,1.05540072277929,24,NA,NA,NA
"real","PER_BIH",-0.257446151989923,1.9153200490497,19,NA,NA,NA
"real","PER_BLR",-0.271315996782007,1.64614846758093,24,NA,NA,NA
"real","PER_ETH",-1.54321858483816,6.33287695240795,24,NA,NA,NA
"real","PER_FSM",-0.352752506722242,1.26691285279786,15,NA,NA,NA
"real","PER_GNQ",-0.964971376048822,2.98578142469232,17,NA,NA,NA
"real","PER_GRD",-0.823607587085293,1.98641108679746,25,NA,NA,NA
"real","PER_PLW",-2.5651390368054,17.1944301787363,8,NA,NA,NA
"real","PER_TCA",-0.168917043070327,2.74406059589772,13,NA,NA,NA
"real","PER_UZB",-0.775353628506131,7.48563772006989,9,NA,NA,NA
"real","PER_VCT",-1.06453066365348,4.75895627053581,23,NA,NA,NA
"real","PHL_AND",-0.452518348273777,0.646489026783399,25,NA,NA,NA
"real","PHL_BFA",-1.0740870607494,2.80878642612655,23,NA,NA,NA
"real","PHL_BMU",-0.0688171597795722,2.03259682328457,25,NA,NA,NA
"real","PHL_BRB",-0.284363925181103,1.53614624346803,25,NA,NA,NA
"real","PHL_EST",-0.508939544276926,1.16892099179405,25,NA,NA,NA
"real","PHL_ETH",-0.695747761264081,1.70733862024228,23,NA,NA,NA
"real","PHL_GRD",-1.18716697938134,2.92960242931228,23,NA,NA,NA
"real","PHL_MDV",-0.191568618187172,0.624878344216987,25,NA,NA,NA
"real","PHL_NER",-0.465052144305237,1.74460834270036,25,NA,NA,NA
"real","PHL_SLV",-0.833202964371503,1.60514161607107,25,NA,NA,NA
"real","PHL_SUR",-1.0245707574399,2.41540929775701,24,NA,NA,NA
"real","PHL_ZMB",-0.783178638071974,1.34088436607795,25,NA,NA,NA
"real","PLW_BRA",-2.02611957290026,8.36967556497662,23,NA,NA,NA
"real","PLW_CHN",-0.760595715195777,3.53529789855931,14,NA,NA,NA
"real","PLW_POL",-0.626536203333132,2.30704268025006,12,NA,NA,NA
"real","PNG_BFA",-1.11515540840016,7.17729042386737,9,NA,NA,NA
"real","PNG_BRA",-2.29211494700654,7.4743996439232,16,NA,NA,NA
"real","PNG_ECU",-2.61599243668011,6.28518910402036,13,NA,NA,NA
"real","PNG_GRL",-1.10568056190311,4.16140269542456,12,NA,NA,NA
"real","PNG_ISL",-4.34765494789302,3.81592595556247,25,NA,NA,NA
"real","PNG_SAU",-1.80715953120612,5.2542320208222,12,NA,NA,NA
"real","POL_AND",-0.0668601863470544,0.304092926573184,8,NA,NA,NA
"real","POL_BTN",-0.444871775923613,2.51316427949314,19,NA,NA,NA
"real","POL_HTI",-0.695544551584496,0.909688073683366,24,NA,NA,NA
"real","POL_IRQ",-0.64569651919099,1.73157956091126,23,NA,NA,NA
"real","POL_LAO",-0.311798524754951,1.17708662481629,20,NA,NA,NA
"real","POL_MRT",-0.0997822663984753,1.50297098974695,23,NA,NA,NA
"real","POL_VUT",-2.60152972223284,7.89244600057902,20,NA,NA,NA
"real","PRK_AND",-1.06582006029969,4.98756901189516,21,NA,NA,NA
"real","PRK_BFA",-1.60524630553717,4.34751986822124,24,NA,NA,NA
"real","PRK_BMU",0.208459805598669,1.95795762522359,9,NA,NA,NA
"real","PRK_CIV",-2.21259105732916,3.35488593391972,25,NA,NA,NA
"real","PRK_EST",-0.903786311045876,1.8154140611433,25,NA,NA,NA
"real","PRK_ETH",-0.0026565153232733,1.34084952370519,24,NA,NA,NA
"real","PRK_KGZ",-1.40612741222574,6.8124073265391,19,NA,NA,NA
"real","PRK_MDA",-0.383621153689087,1.9235281181231,24,NA,NA,NA
"real","PRK_NER",-0.645654074756053,1.1957810533609,25,NA,NA,NA
"real","PRK_SUR",-0.203847144376608,1.1183281675804,23,NA,NA,NA
"real","PRK_ZMB",-1.6908738685147,5.96036746444345,23,NA,NA,NA
"real","PRT_ARM",-0.555861111498293,0.838557216952696,22,NA,NA,NA
"real","PRT_MNG",-1.25601509495879,2.15931522159914,24,NA,NA,NA
"real","PRT_NRU",-1.86909357128012,5.46380984225787,9,NA,NA,NA
"real","PRT_PLW",-2.23530293299114,15.6932136261921,11,NA,NA,NA
"real","PRY_AND",-1.35567634412073,5.60557255472806,9,NA,NA,NA
"real","PRY_GIN",-0.641868478960068,1.81181178418201,15,NA,NA,NA
"real","PRY_GRD",-2.9983767892189,5.35635802748797,12,NA,NA,NA
"real","PRY_LVA",-0.391673662236083,1.2809155741761,16,NA,NA,NA
"real","PRY_MDA",-0.580957522504193,6.90699224052135,13,NA,NA,NA
"real","PRY_UKR",-0.447432268915088,2.655983040528,23,NA,NA,NA
"real","PYF_CRI",-0.867084696559685,3.18428527455842,23,NA,NA,NA
"real","PYF_CZE",-0.115253003327875,0.77434930091337,8,NA,NA,NA
"real","PYF_GIN",-1.63782887713524,6.72049927734336,11,NA,NA,NA
"real","PYF_ROU",-0.893835605301134,2.85502030038335,9,NA,NA,NA
"real","PYF_SAU",-1.10172858658223,3.15935997266948,9,NA,NA,NA
"real","QAT_ARG",-3.14188936164456,15.0297853895586,25,NA,NA,NA
"real","QAT_CRI",-1.97117401403919,6.65194522203539,22,NA,NA,NA
"real","QAT_GIN",-1.91635889941132,4.61779740959654,16,NA,NA,NA
"real","QAT_MDA",-0.898830276746587,6.6915269552743,16,NA,NA,NA
"real","QAT_URY",-1.47909951485948,6.94104388708152,22,NA,NA,NA
"real","ROU_ERI",-1.34217916181062,5.55713868338293,20,NA,NA,NA
"real","ROU_GNQ",-0.116852721165175,3.38212726555184,23,NA,NA,NA
"real","ROU_PNG",-0.585909271691469,3.84930711447701,8,NA,NA,NA
"real","RUS_AND",-2.66724384016833,5.20174683325888,24,NA,NA,NA
"real","RUS_BFA",-0.616658262783493,1.23955666965973,25,NA,NA,NA
"real","RUS_BMU",-0.435027835025675,7.31778812552174,25,NA,NA,NA
"real","RUS_CIV",0.152155932020671,0.683488413042966,25,NA,NA,NA
"real","RUS_CMR",-0.206949480284129,0.285422052828077,25,NA,NA,NA
"real","RUS_COM",-1.00639284640096,4.30338803436019,12,NA,NA,NA
"real","RUS_EST",0.0877868331807755,0.0481126447906195,25,NA,NA,NA
"real","RUS_ETH",-0.0755295473908545,0.54821227652842,25,NA,NA,NA
"real","RUS_GIN",-0.358248358563621,0.615415417713339,25,NA,NA,NA
"real","RUS_GMB",-1.78501011569726,4.77809491160646,25,NA,NA,NA
"real","RUS_ISR",-0.0428531082732867,0.0968893701602894,25,NA,NA,NA
"real","RUS_KNA",-1.15123952401739,6.52192702963819,24,NA,NA,NA
"real","RUS_MDV",-1.1926052244109,2.60211308228685,24,NA,NA,NA
"real","RUS_NER",-0.284335372313233,1.28723834570647,25,NA,NA,NA
"real","RUS_PAN",-0.246566193341594,1.29566845574841,25,NA,NA,NA
"real","RUS_SDN",-0.723874416394711,1.06584059399557,25,NA,NA,NA
"real","RUS_SYC",-0.985873357855987,5.42908792506397,25,NA,NA,NA
"real","RUS_TCD",-1.96950567189466,12.1477039162732,21,NA,NA,NA
"real","RUS_TZA",-0.692511965384806,1.62342597952834,25,NA,NA,NA
"real","RUS_ZAF",-0.627955870615377,1.28474393237022,25,NA,NA,NA
"real","RUS_ZMB",-1.76731884380973,3.32149009981873,25,NA,NA,NA
"real","RUS_ZWE",-1.27790943719883,4.65114290475278,24,NA,NA,NA
"real","RWA_BFA",-1.75340229435128,4.23605390852676,22,NA,NA,NA
"real","RWA_CIV",-0.508808867552175,1.60477573822095,20,NA,NA,NA
"real","RWA_POL",-0.532920283744251,7.61128983192824,23,NA,NA,NA
"real","SAU_AND",-0.670750676611601,3.3389071155965,9,NA,NA,NA
"real","SAU_EST",-1.11982152277268,2.80989321276142,24,NA,NA,NA
"real","SAU_LTU",-2.5645110088101,6.05755672610794,22,NA,NA,NA
"real","SAU_LVA",-1.14161643264493,2.24494379713613,23,NA,NA,NA
"real","SAU_MKD",-1.44111214351247,3.7770265843269,25,NA,NA,NA
"real","SAU_NIC",-1.257417945993,2.95303925682499,21,NA,NA,NA
"real","SAU_SYC",-2.428576325433,9.32645817994993,22,NA,NA,NA
"real","SAU_TKM",-1.38563177651306,3.03995032795659,23,NA,NA,NA
"real","SAU_UZB",-1.27105817014855,1.93664329647404,19,NA,NA,NA
"real","SDN_BGR",-0.669444489873381,6.58134536708311,25,NA,NA,NA
"real","SDN_CIV",-3.31178070471879,7.43440474288404,14,NA,NA,NA
"real","SDN_MDV",-1.3866518102797,9.48554455894224,8,NA,NA,NA
"real","SDN_MKD",-0.484808258310245,7.55968767869899,21,NA,NA,NA
"real","SDN_MLI",-2.08184364727629,6.53757856213192,21,NA,NA,NA
"real","SDN_TCD",-2.76317419435458,18.6591469513104,16,NA,NA,NA
"real","SDN_TGO",-4.1254420723434,5.09028071297228,11,NA,NA,NA
"real","SEN_AGO",-1.03952217790846,2.87776457520778,22,NA,NA,NA
"real","SEN_ARG",-3.47689711295738,7.0090732151034,25,NA,NA,NA
"real","SEN_BMU",-0.639284941543062,2.08139396134499,9,NA,NA,NA
"real","SEN_EST",-2.18390972928403,3.06837987775209,24,NA,NA,NA
"real","SEN_GRD",-1.70970850813223,3.23168675571965,13,NA,NA,NA
"real","SEN_ISR",-0.901902252685918,2.46452202984531,24,NA,NA,NA
"real","SEN_KHM",-0.674315869762462,5.24009004440824,8,NA,NA,NA
"real","SEN_PER",-2.37411387050928,5.15391953153941,24,NA,NA,NA
"real","SEN_SDN",-1.66269137887067,2.20054689455761,24,NA,NA,NA
"real","SEN_TCD",-0.873361403742668,2.34628445365305,25,NA,NA,NA
"real","SEN_URY",-1.23559474406023,4.21821347200951,20,NA,NA,NA
"real","SEN_ZWE",-2.07322719243764,4.91635950082575,22,NA,NA,NA
"real","SGP_AGO",-0.81768999181056,0.858765891464693,25,NA,NA,NA
"real","SGP_AND",-0.378314804006586,1.09181862144096,24,NA,NA,NA
"real","SGP_BFA",-0.34806020270804,0.742445886516101,24,NA,NA,NA
"real","SGP_BLR",-0.380410228649119,0.707428235728062,25,NA,NA,NA
"real","SGP_COD",0.189657802864278,0.614177151376312,21,NA,NA,NA
"real","SGP_CPV",-0.948647825837442,1.70316550940005,25,NA,NA,NA
"real","SGP_CXR",-0.272555983593007,0.935137571512842,25,NA,NA,NA
"real","SGP_EST",-0.205355223200192,0.245756476134194,23,NA,NA,NA
"real","SGP_GMB",-0.645509926497583,1.37758672125565,25,NA,NA,NA
"real","SGP_GNB",-0.870424049521464,2.94729852373188,16,NA,NA,NA
"real","SGP_KAZ",-0.390874927629878,0.403852576565663,25,NA,NA,NA
"real","SGP_KGZ",-0.561164139370303,1.21958561384344,24,NA,NA,NA
"real","SGP_KIR",-0.982041667388332,1.38813418107787,24,NA,NA,NA
"real","SGP_MHL",-0.865673491918867,4.27004007776629,25,NA,NA,NA
"real","SGP_MNP",-0.325921195942076,1.10039538551131,25,NA,NA,NA
"real","SGP_NER",-0.372282351563375,0.628320067605114,25,NA,NA,NA
"real","SHN_SAU",-0.319413964623797,2.20096665091003,14,NA,NA,NA
"real","SHN_SDN",-1.06330844509735,3.37190968642197,20,NA,NA,NA
"real","SHN_UGA",-1.26243133420592,9.57001193457512,9,NA,NA,NA
"real","SLE_BMU",-0.553823979934961,8.37786572293424,9,NA,NA,NA
"real","SLE_CMR",-1.74002979458056,3.66170955914545,19,NA,NA,NA
"real","SLE_EST",-0.486467871413719,1.09866998915819,25,NA,NA,NA
"real","SLE_ETH",-1.45286730594363,6.34237379504645,24,NA,NA,NA
"real","SLE_MWI",-0.148891060176598,4.09387810771835,18,NA,NA,NA
"real","SLE_TTO",-1.06441840202324,4.98442754290713,17,NA,NA,NA
"real","SLE_ZMB",-1.01693412962421,4.20766230067951,19,NA,NA,NA
"real","SLV_ALB",-1.74353942494561,8.26629741214121,8,NA,NA,NA
"real","SLV_ATG",-0.374411251369812,1.30262461921817,21,NA,NA,NA
"real","SLV_BGD",-1.69039931733918,8.76778230586052,22,NA,NA,NA
"real","SLV_BGR",-2.67435415243447,7.47310199417548,15,NA,NA,NA
"real","SLV_CIV",-3.10871394321275,5.911612350355,14,NA,NA,NA
"real","SLV_CYM",-0.0532922416206908,1.26464225738683,23,NA,NA,NA
"real","SLV_EGY",-2.77750538117856,4.34877693995901,21,NA,NA,NA
"real","SLV_GIN",-0.718251691986927,1.91129623758279,8,NA,NA,NA
"real","SLV_HRV",-1.34759889264455,5.1738688422558,17,NA,NA,NA
"real","SLV_IDN",-2.71503726820228,5.71315082497869,25,NA,NA,NA
"real","SLV_MLT",-0.696711882480403,3.12092938467923,10,NA,NA,NA
"real","SLV_PHL",-1.17102519882109,3.38501471923424,24,NA,NA,NA
"real","SLV_ROU",-1.68188586342522,3.28627791602641,16,NA,NA,NA
"real","SLV_SDN",-0.494047665422945,1.53121793532469,22,NA,NA,NA
"real","SLV_SUR",-0.33694379977589,1.46977284147021,23,NA,NA,NA
"real","SLV_TUN",-2.44112291872089,8.98395618975407,21,NA,NA,NA
"real","SLV_TZA",-3.19596679907487,8.72966161386771,16,NA,NA,NA
"real","SLV_VNM",-1.30116001145838,4.30979325946455,20,NA,NA,NA
"real","SOM_ARG",-1.03299517627467,4.42296637324329,21,NA,NA,NA
"real","SOM_ETH",-2.05472546297633,8.43015532230502,21,NA,NA,NA
"real","SOM_GIN",-0.541168457555109,6.9513351766953,8,NA,NA,NA
"real","SOM_POL",-0.896347546845482,4.53230918399027,19,NA,NA,NA
"real","SOM_SDN",-2.03313881155631,9.96100026018246,19,NA,NA,NA
"real","SOM_SVK",-1.11435682312688,3.75787752301985,18,NA,NA,NA
"real","SOM_TZA",-1.82031092122561,13.5188325239389,20,NA,NA,NA
"real","SOM_ZAF",-0.457127069362388,2.8895921588256,24,NA,NA,NA
"real","SPM_BRA",-2.5554225724832,6.07160063488569,16,NA,NA,NA
"real","STP_EST",-1.76829722517919,3.92676676860481,11,NA,NA,NA
"real","STP_UGA",-2.15784449873675,8.77009348719623,9,NA,NA,NA
"real","STP_ZWE",-2.26548611413649,5.70924365473048,11,NA,NA,NA
"real","SUR_ABW",-0.256200983334561,1.65654208793853,22,NA,NA,NA
"real","SUR_ANT",-0.522585413406526,1.33121379111767,14,NA,NA,NA
"real","SUR_ARG",-3.65641636989191,11.5841534488939,22,NA,NA,NA
"real","SUR_BMU",-3.36958621715376,10.4821599863614,8,NA,NA,NA
"real","SUR_CMR",-3.9873444361413,20.3092007345289,20,NA,NA,NA
"real","SUR_DZA",-2.87381907813736,8.35298183033551,9,NA,NA,NA
"real","SUR_GTM",-1.17681356211542,4.99137425393834,19,NA,NA,NA
"real","SUR_SDN",-0.996645226364001,1.64498415647172,22,NA,NA,NA
"real","SUR_ZWE",-1.57774693052807,5.67443457297818,8,NA,NA,NA
"real","SVK_BEN",0.00680485756300905,1.36661025317389,25,NA,NA,NA
"real","SVK_BLZ",-1.02530253304099,8.81842254651992,10,NA,NA,NA
"real","SVK_COD",-0.386822803013811,2.59016137040658,19,NA,NA,NA
"real","SVK_FJI",-1.09909282877191,8.24871927004023,11,NA,NA,NA
"real","SVK_GAB",-0.055218527934763,0.308788858388303,25,NA,NA,NA
"real","SVK_IRQ",-0.972347850091903,4.55990340663303,24,NA,NA,NA
"real","SVK_KHM",-0.802160563462636,3.42702287585869,22,NA,NA,NA
"real","SVK_NPL",-0.746200668658495,2.91722934925397,22,NA,NA,NA
"real","SVK_PNG",-0.133798783454952,0.796450612599574,8,NA,NA,NA
"real","SVK_VGB",-0.400650205050817,0.583653660458311,11,NA,NA,NA
"real","SVK_ZAF",0.0593458383586849,1.66053038759594,8,NA,NA,NA
"real","SVN_BHS",-1.02375860822599,4.78766758320542,11,NA,NA,NA
"real","SVN_GNB",-0.997553274720241,3.13244793101928,15,NA,NA,NA
"real","SVN_GNQ",-1.31175635424918,4.63045377024965,11,NA,NA,NA
"real","SVN_KGZ",-0.37102365428415,0.503030860320945,25,NA,NA,NA
"real","SVN_LBR",-0.67730671294874,2.13601952687904,25,NA,NA,NA
"real","SVN_MNG",-0.931554637372486,1.85778263269951,20,NA,NA,NA
"real","SVN_TJK",-0.534096173771896,0.765753401839304,19,NA,NA,NA
"real","SVN_ZWE",-1.10901476424137,3.50229950228855,14,NA,NA,NA
"real","SWE_FSM",-1.50072688005829,3.65487589697508,22,NA,NA,NA
"real","SWE_MHL",-1.387039474374,8.74569754886755,24,NA,NA,NA
"real","SWE_MNP",-0.815688718419387,2.2549440900162,25,NA,NA,NA
"real","SWE_VGB",-0.449995384338546,1.30859363884016,11,NA,NA,NA
"real","SWZ_OMN",-0.851468592057945,7.58103220005737,9,NA,NA,NA
"real","SWZ_SGP",-0.398045089437057,2.80385399920924,23,NA,NA,NA
"real","SYC_CMR",-2.02375936090284,4.23665660033607,18,NA,NA,NA
"real","SYC_PER",-1.14229119785608,2.08297918908918,21,NA,NA,NA
"real","SYR_BFA",-0.95144756060448,2.62481363914641,21,NA,NA,NA
"real","SYR_CAF",-0.389384609551649,0.990533240167847,9,NA,NA,NA
"real","SYR_CIV",-0.290175361575282,0.641426463053996,25,NA,NA,NA
"real","SYR_EST",-2.31707996828843,4.57439405514943,8,NA,NA,NA
"real","SYR_ETH",-0.65908987407959,2.2316592292012,24,NA,NA,NA
"real","SYR_HND",-1.07721912398336,4.68937564604413,21,NA,NA,NA
"real","SYR_KGZ",-1.03547501320022,3.71565526286922,22,NA,NA,NA
"real","SYR_LTU",-0.487304450442202,2.36257081893507,8,NA,NA,NA
"real","SYR_MDA",-1.31554129172445,3.90564252056297,24,NA,NA,NA
"real","SYR_NER",-1.16950256874332,4.68893450302638,18,NA,NA,NA
"real","SYR_PRY",-0.332979213220991,1.90432585520906,23,NA,NA,NA
"real","SYR_TZA",-1.98421797116992,3.20589276811074,25,NA,NA,NA
"real","SYR_ZWE",-0.483104816017599,2.39046608433457,15,NA,NA,NA
"real","TCA_MKD",-1.65273560122299,6.63453494536451,9,NA,NA,NA
"real","TCA_MYS",-1.33717650742858,2.60322441180383,9,NA,NA,NA
"real","TCD_BFA",-1.17631178705883,7.01279760883829,19,NA,NA,NA
"real","TCD_CRI",-0.687499120323121,9.09649774951107,13,NA,NA,NA
"real","TCD_CZE",-0.341791557351233,12.7769799537731,24,NA,NA,NA
"real","TCD_GIN",-0.154056367853154,5.90578171058586,9,NA,NA,NA
"real","TCD_HUN",-0.739010333826048,11.2930325232207,12,NA,NA,NA
"real","TCD_SDN",-0.828323905359382,4.23214631528128,16,NA,NA,NA
"real","TCD_TGO",0.538130869784743,2.81884595035041,10,NA,NA,NA
"real","TGO_BGD",-0.895980328067904,4.22462202636713,25,NA,NA,NA
"real","TGO_ETH",-1.00057681971088,5.4890318187383,24,NA,NA,NA
"real","TGO_GNQ",-0.865250734740197,2.57625468296338,22,NA,NA,NA
"real","TGO_MUS",-2.72998606963201,12.5270814062679,20,NA,NA,NA
"real","TGO_PAK",-0.920288396605936,4.54501061369412,24,NA,NA,NA
"real","TGO_PAN",-0.561030707759029,2.5448235006093,16,NA,NA,NA
"real","TGO_PRK",-2.24262509730152,4.36492236371546,8,NA,NA,NA
"real","TGO_RWA",-1.39568824216024,3.09349758607447,22,NA,NA,NA
"real","TGO_SAU",-1.92204012402671,8.91147038490509,18,NA,NA,NA
"real","TGO_SGP",-0.478243481058741,1.74800037247686,24,NA,NA,NA
"real","TGO_STP",-0.437325216925297,1.09734703170326,25,NA,NA,NA
"real","TGO_UKR",-0.760784518537451,1.69267339716135,18,NA,NA,NA
"real","THA_ATG",-0.367675623316209,1.61033981560582,25,NA,NA,NA
"real","THA_CCK",-1.21012252681374,4.28078245745709,18,NA,NA,NA
"real","THA_GEO",-0.115567555928883,0.169339515352432,25,NA,NA,NA
"real","THA_KAZ",-0.733992672556341,1.33370512106807,25,NA,NA,NA
"real","THA_UZB",-0.214700280781927,0.421093681302889,25,NA,NA,NA
"real","TJK_CHL",-1.57109785002833,3.99716554529505,18,NA,NA,NA
"real","TJK_COL",-1.6296153577253,6.29328707213329,14,NA,NA,NA
"real","TJK_CRI",-1.99725083020094,6.77293197314569,16,NA,NA,NA
"real","TJK_DZA",-0.196171522074628,0.295746140178364,23,NA,NA,NA
"real","TJK_EGY",-1.15937010659389,2.33093363770436,24,NA,NA,NA
"real","TJK_EST",-2.36347249578159,16.1802209796919,23,NA,NA,NA
"real","TJK_GRL",-1.63849814405486,3.89950526572206,8,NA,NA,NA
"real","TJK_NZL",-1.84372943012876,5.08747040826611,18,NA,NA,NA
"real","TJK_OMN",-1.23332861815745,3.32897125394991,10,NA,NA,NA
"real","TKL_MUS",-1.02495498769068,3.90907909157745,20,NA,NA,NA
"real","TKL_POL",-1.07908880002383,3.0191082558958,20,NA,NA,NA
"real","TKL_SDN",-1.27931325668024,2.87661859622858,16,NA,NA,NA
"real","TKL_TZA",-0.534636005520986,3.25171254225108,23,NA,NA,NA
"real","TKM_AND",-0.748164475344744,4.07971076242197,8,NA,NA,NA
"real","TKM_BRA",-1.16358204601038,8.68173290870555,21,NA,NA,NA
"real","TKM_CHL",-0.775803541025088,4.16944943846457,14,NA,NA,NA
"real","TKM_EST",-1.57364410698661,10.7847389000301,24,NA,NA,NA
"real","TKM_MAR",-2.06881681361512,6.24878639025331,23,NA,NA,NA
"real","TKM_MEX",-0.330890237457665,3.13832889831195,19,NA,NA,NA
"real","TKM_MKD",-0.51955278290731,4.23436071547838,16,NA,NA,NA
"real","TON_DNK",-0.595490576590095,2.79261660833722,14,NA,NA,NA
"real","TON_SVN",-1.57128121344923,4.80156090531284,8,NA,NA,NA
"real","TTO_ALB",-0.971016202244518,4.33480263008107,17,NA,NA,NA
"real","TTO_COM",-0.387248635793031,1.31623035758014,13,NA,NA,NA
"real","TTO_SLE",-1.10665878948127,3.81660516813583,16,NA,NA,NA
"real","TTO_SVK",-0.171775121467965,2.03759301691387,11,NA,NA,NA
"real","TUN_ANT",-1.99284809605936,6.05404301243413,10,NA,NA,NA
"real","TUN_BMU",-0.143945287264949,3.24321808279598,19,NA,NA,NA
"real","TUN_EST",-0.595147550999656,0.891674440229698,8,NA,NA,NA
"real","TUN_ETH",-0.63957128929032,2.13100302324771,22,NA,NA,NA
"real","TUN_HTI",-1.1821409021293,3.05732542363109,10,NA,NA,NA
"real","TUN_LBR",-0.440662405379738,0.978138518751737,25,NA,NA,NA
"real","TUN_SUR",-0.338267244222351,1.01161189738368,20,NA,NA,NA
"real","TUN_UKR",-0.479847798784602,3.05271342432978,25,NA,NA,NA
"real","TUN_ZMB",-0.827289808190388,3.15408549850869,20,NA,NA,NA
"real","TUR_KHM",-0.791006558720649,1.46773308349219,25,NA,NA,NA
"real","TUV_EST",-0.370283369138459,16.5202099753638,11,NA,NA,NA
"real","TUV_HUN",1.13961274391402,8.39851599473868,13,NA,NA,NA
"real","TUV_JPN",-0.851368395842356,10.3019521273496,17,NA,NA,NA
"real","TUV_SVK",-0.101251774221354,7.02439353882706,23,NA,NA,NA
"real","TWN_AND",-0.0316547457109461,0.254968202796202,25,NA,NA,NA
"real","TWN_BMU",-0.902315564555571,1.92365067206156,21,NA,NA,NA
"real","TWN_BWA",0.150298100898961,1.20883541570403,21,NA,NA,NA
"real","TWN_EST",-0.187136794431898,0.216507666496188,25,NA,NA,NA
"real","TWN_ETH",-0.0665202050195671,0.122238470236632,24,NA,NA,NA
"real","TWN_GEO",-0.391009584826802,1.04356996401334,25,NA,NA,NA
"real","TWN_MDV",-0.000382409975710374,0.0782149143128295,25,NA,NA,NA
"real","TWN_MRT",-0.294517099997487,1.93613103659712,24,NA,NA,NA
"real","TWN_NER",-0.100619391783581,0.897152318289015,25,NA,NA,NA
"real","TWN_TCD",-0.643123352311775,1.89602676379418,24,NA,NA,NA
"real","TWN_TZA",-0.107502058696185,0.0955112337321225,25,NA,NA,NA
"real","TWN_ZMB",-0.00914696144227236,0.237336669854574,25,NA,NA,NA
"real","TZA_CRI",-3.22050879963129,8.71602686425551,22,NA,NA,NA
"real","TZA_DMA",-0.724665161608941,2.62533032311703,10,NA,NA,NA
"real","TZA_ISR",-0.0450927669792927,0.209580889083653,25,NA,NA,NA
"real","TZA_NER",-1.35783109195741,5.08547820757784,22,NA,NA,NA
"real","TZA_SEN",-0.555014301460128,1.7942781703898,24,NA,NA,NA
"real","UGA_ANT",-1.24659975709404,3.46404110610023,9,NA,NA,NA
"real","UGA_BFA",-1.31371352134825,2.49657927573349,15,NA,NA,NA
"real","UGA_CMR",-0.879349838337994,3.33148486725946,19,NA,NA,NA
"real","UGA_COG",-2.00435436602021,15.0542433662603,24,NA,NA,NA
"real","UGA_CUB",-0.225681377940738,0.860812635610777,16,NA,NA,NA
"real","UGA_EST",-1.93398801284817,7.65572695130498,21,NA,NA,NA
"real","UGA_GAB",-1.8299550395799,4.61960008642934,19,NA,NA,NA
"real","UGA_GIN",-1.9377223887723,4.58228218741815,20,NA,NA,NA
"real","UGA_GMB",-2.69256278861562,8.61291441300001,17,NA,NA,NA
"real","UGA_KWT",-2.2728363804909,5.25846160119319,21,NA,NA,NA
"real","UGA_SYR",-0.401467283884617,0.885943001100323,17,NA,NA,NA
"real","UGA_VNM",-1.19838682353638,4.66600742483549,22,NA,NA,NA
"real","UGA_YEM",-1.53723137185132,3.8868607490283,18,NA,NA,NA
"real","UKR_AND",-0.455650298064775,1.59689208669182,24,NA,NA,NA
"real","UKR_BMU",-0.498633647777134,4.01232625658806,15,NA,NA,NA
"real","UKR_BRB",-1.5059113923671,3.05688167911562,24,NA,NA,NA
"real","UKR_CHL",-0.340475159397136,0.936975368095599,25,NA,NA,NA
"real","UKR_CMR",-0.320142933572385,1.24839838497752,25,NA,NA,NA
"real","UKR_GIN",-0.0177841616202243,0.569818653772832,25,NA,NA,NA
"real","UKR_ISR",-0.0852050250870176,0.136706003650034,25,NA,NA,NA
"real","UKR_KNA",-2.78860563313947,5.95822863231065,22,NA,NA,NA
"real","UKR_KWT",-0.796704362543577,3.1302661293574,25,NA,NA,NA
"real","UKR_MEX",0.166241608340056,0.460363049476372,25,NA,NA,NA
"real","UKR_MUS",-0.769813218416284,2.81672463618197,25,NA,NA,NA
"real","UKR_OMN",-0.435210658947012,1.34372347201565,25,NA,NA,NA
"real","UKR_SDN",-0.473984882081186,1.25630307090178,25,NA,NA,NA
"real","UKR_TCD",-0.795361822172047,2.67262889714402,21,NA,NA,NA
"real","UKR_TUN",-0.334325682364591,0.820901419713107,25,NA,NA,NA
"real","UKR_TZA",-0.422497119790764,0.618854436273986,24,NA,NA,NA
"real","UKR_ZWE",-1.03271977803933,2.33339296361297,23,NA,NA,NA
"real","URY_AGO",-0.658634099728197,0.927642085216041,25,NA,NA,NA
"real","URY_AND",-1.26768905865476,4.36139409389599,22,NA,NA,NA
"real","URY_BIH",-1.16501448683985,2.63927538421801,22,NA,NA,NA
"real","URY_EST",-0.415065311301272,1.54773380732123,25,NA,NA,NA
"real","URY_LBR",-0.567235451437961,1.42007906685673,23,NA,NA,NA
"real","URY_MOZ",-0.605480941640695,1.75174807987176,18,NA,NA,NA
"real","URY_MRT",-1.60225426513438,2.82427223336504,20,NA,NA,NA
"real","URY_MSR",-0.425590527047544,4.30926190439733,10,NA,NA,NA
"real","URY_PRK",-0.291860573481471,1.58473027942573,20,NA,NA,NA
"real","URY_SDN",-0.582470002995251,1.90326415030316,15,NA,NA,NA
"real","URY_SHN",-0.986479260924174,2.05989821270716,13,NA,NA,NA
"real","URY_SLE",-2.01295992843159,7.04800009721007,17,NA,NA,NA
"real","URY_TZA",-3.05478530479286,9.25858077023876,14,NA,NA,NA
"real","URY_VCT",-1.83771444945992,5.81634241414112,23,NA,NA,NA
"real","URY_VGB",-0.560496886312303,2.35086813562119,15,NA,NA,NA
"real","URY_ZWE",-0.62622999773906,1.92307084576003,25,NA,NA,NA
"real","USA_ERI",-0.366508986220794,0.807439610891013,25,NA,NA,NA
"real","UZB_ARG",-2.26960374976306,8.99224093294089,20,NA,NA,NA
"real","UZB_CRI",-2.32289073744526,6.63680667962968,12,NA,NA,NA
"real","UZB_EST",-0.835125517512877,2.44707929097711,25,NA,NA,NA
"real","UZB_ISR",-0.184224993067604,0.830232861316257,25,NA,NA,NA
"real","UZB_KWT",-0.937342441264136,3.11470146801583,16,NA,NA,NA
"real","UZB_MEX",-0.673182783793407,3.91294033028214,24,NA,NA,NA
"real","UZB_MKD",-0.425571179397699,1.2621217167193,22,NA,NA,NA
"real","UZB_THA",-1.16071009220938,3.58922746125111,25,NA,NA,NA
"real","VCT_CUB",-0.72068598944359,3.5993659363188,11,NA,NA,NA
"real","VCT_SDN",-0.587323147362025,2.05604546446092,22,NA,NA,NA
"real","VCT_TCA",-1.43893847976452,4.66050528792174,19,NA,NA,NA
"real","VCT_TGO",-2.39108416638035,5.47313693986042,11,NA,NA,NA
"real","VEN_BFA",-1.80553784029151,14.1065001941764,21,NA,NA,NA
"real","VEN_BGR",-1.13408421489158,5.9494578665203,25,NA,NA,NA
"real","VEN_EST",-1.67865602425743,7.79436526153684,25,NA,NA,NA
"real","VEN_NER",-1.00389387121106,3.36294258925836,15,NA,NA,NA
"real","VEN_ZMB",-1.50888157689086,6.43451923902934,18,NA,NA,NA
"real","VGB_AUT",-5.19034952719718,10.1948124210484,10,NA,NA,NA
"real","VGB_BMU",-1.53471156577335,10.8809688313605,9,NA,NA,NA
"real","VGB_EST",-0.679733708904776,4.29245101321484,10,NA,NA,NA
"real","VGB_IRL",-0.401377690464506,3.74496117358047,9,NA,NA,NA
"real","VGB_SDN",-0.786223369408038,4.34829098720708,13,NA,NA,NA
"real","VGB_SWE",-2.26200548924424,4.97602234809573,9,NA,NA,NA
"real","VGB_TGO",-0.686779583814114,3.13609601455162,9,NA,NA,NA
"real","VGB_TZA",-0.826125036226046,2.78122028465467,11,NA,NA,NA
"real","VNM_AND",-0.61727630904887,1.09713505660681,24,NA,NA,NA
"real","VNM_BMU",-0.374533029356409,1.62340176224017,18,NA,NA,NA
"real","VNM_CIV",0.25425233296527,0.483316646854081,25,NA,NA,NA
"real","VNM_CRI",-1.58866613588749,2.38624638461121,25,NA,NA,NA
"real","VNM_EST",-0.219265112221009,0.569631003568401,25,NA,NA,NA
"real","VNM_ETH",-0.625926135396094,2.0913223084858,24,NA,NA,NA
"real","VNM_GMB",0.131888802079217,2.66751445151879,25,NA,NA,NA
"real","VNM_GRD",-0.405251469863172,1.44981771148211,23,NA,NA,NA
"real","VNM_ISR",-0.453071400897119,0.497939946738927,25,NA,NA,NA
"real","VNM_KNA",-0.854435207672733,1.60041495978886,20,NA,NA,NA
"real","VNM_MDA",-0.155526318046172,0.709883240338646,25,NA,NA,NA
"real","VNM_MDV",-1.04935313108965,2.22208027913053,24,NA,NA,NA
"real","VNM_MKD",-0.638755555280352,0.674892301952381,24,NA,NA,NA
"real","VNM_MWI",-0.198940906657405,0.654550566553401,23,NA,NA,NA
"real","VNM_PRY",-0.453116718719012,0.300491667294829,25,NA,NA,NA
"real","VNM_ZMB",-0.219356239462121,0.613323051961176,24,NA,NA,NA
"real","VUT_COL",-2.76183895420773,9.26145987913106,11,NA,NA,NA
"real","VUT_CZE",-1.44237979154592,3.19787458671107,17,NA,NA,NA
"real","WSM_CHN",-1.28812990468241,3.64063849519746,20,NA,NA,NA
"real","WSM_CMR",-1.46330922008609,4.20908044008286,9,NA,NA,NA
"real","WSM_CRI",-1.89759007608364,9.36368824311097,10,NA,NA,NA
"real","WSM_ESP",-1.48352080950571,3.81392149680595,21,NA,NA,NA
"real","WSM_SGP",-1.15923470536786,4.06173243901469,23,NA,NA,NA
"real","YEM_ARG",-1.38921213597997,6.50936574804325,18,NA,NA,NA
"real","YEM_BFA",-1.62570569163369,6.15006405964152,10,NA,NA,NA
"real","YEM_CMR",-1.55692582954059,5.13213886725581,13,NA,NA,NA
"real","YEM_COM",-0.155009812975155,0.95227103643585,23,NA,NA,NA
"real","YEM_ETH",-0.62699770144856,1.54583330937533,24,NA,NA,NA
"real","YEM_GIN",-0.596377434249916,3.13956539060656,18,NA,NA,NA
"real","YEM_GMB",-1.39754569725997,2.17326364037914,18,NA,NA,NA
"real","YEM_PAN",-0.407687846209448,1.05376111210858,8,NA,NA,NA
"real","YEM_PHL",-4.41040999731698,12.7324765525607,22,NA,NA,NA
"real","YEM_TZA",-0.983928789039344,5.14894784250959,24,NA,NA,NA
"real","YEM_ZMB",-1.19261287461045,1.4087872136265,14,NA,NA,NA
"real","ZAF_ARM",-0.68668882775654,0.971578921910423,22,NA,NA,NA
"real","ZAF_AZE",-1.29395861282774,2.38653235254748,22,NA,NA,NA
"real","ZAF_BIH",-0.307596186780593,0.760915906790552,24,NA,NA,NA
"real","ZAF_CZE",-0.0478910072361342,0.729523291048778,8,NA,NA,NA
"real","ZAF_DJI",-0.472679500943199,1.0727614157144,22,NA,NA,NA
"real","ZAF_ETH",-0.31661679156854,0.996146565074332,24,NA,NA,NA
"real","ZAF_GEO",-0.334312741007901,0.80342287563281,23,NA,NA,NA
"real","ZAF_GIN",-0.554801365119011,2.72044155888572,24,NA,NA,NA
"real","ZAF_KIR",-1.71571700688201,2.63699969710657,19,NA,NA,NA
"real","ZAF_KNA",-0.390721176922361,1.6473309313514,25,NA,NA,NA
"real","ZAF_SEN",-0.249308221253638,0.28806770805638,25,NA,NA,NA
"real","ZAF_SLE",-0.607878303947973,1.20631109649676,25,NA,NA,NA
"real","ZAF_SLV",0.156026330923235,2.71183646770265,24,NA,NA,NA
"real","ZAF_SUR",-1.27012436783157,2.39825138478572,23,NA,NA,NA
"real","ZAF_TCD",-0.445613635313381,1.25316398723195,25,NA,NA,NA
"real","ZAF_TTO",-0.782549952081857,2.51390881582948,24,NA,NA,NA
"real","ZAF_VCT",-0.521188979345221,1.09678888017296,22,NA,NA,NA
"real","ZMB_ARG",-0.863679982494683,6.24645626257048,20,NA,NA,NA
"real","ZMB_BEN",-1.54866267794209,3.1763712304566,15,NA,NA,NA
"real","ZMB_BFA",-1.3313024894158,3.79307679281306,12,NA,NA,NA
"real","ZMB_BRB",-1.60063946892039,8.80169778431659,9,NA,NA,NA
"real","ZMB_CRI",-2.74388109555809,7.86490853582161,21,NA,NA,NA
"real","ZMB_ISR",0.0464357104348666,1.35039371861678,25,NA,NA,NA
"real","ZMB_KWT",-1.76433193178983,11.9378674101978,24,NA,NA,NA
"real","ZMB_PHL",-1.07983006570231,5.75612986670415,19,NA,NA,NA
"real","ZMB_PRK",-3.4759139966037,10.1060208585742,15,NA,NA,NA
"real","ZMB_RUS",-0.831374118575634,2.86895230457898,25,NA,NA,NA
"real","ZMB_VNM",-1.31074959938714,5.41660657626208,18,NA,NA,NA
"real","ZWE_AND",-1.74007974696445,8.43892987855108,10,NA,NA,NA
"real","ZWE_BHR",-2.23030985572227,4.95611841226833,18,NA,NA,NA
"real","ZWE_BMU",-1.42274593562525,7.05291503529424,14,NA,NA,NA
"real","ZWE_BRB",-0.859000041053004,3.78459355463412,22,NA,NA,NA
"real","ZWE_GMB",-0.762566953768394,1.66087688137012,16,NA,NA,NA
"real","ZWE_JAM",-0.678798232110711,2.76529438044947,21,NA,NA,NA
"real","ZWE_LBN",-0.747506960125976,2.79050100646628,24,NA,NA,NA
"real","ZWE_LVA",-1.04818398180131,4.63763945260293,15,NA,NA,NA
"real","ZWE_SLV",-2.10299555717366,7.00733252835865,13,NA,NA,NA
"real","ZWE_SUR",-1.07702217806083,3.55140151512558,13,NA,NA,NA
"real","ZWE_UZB",-2.0746844176168,16.9234245001628,8,NA,NA,NA
"real","ABW_BGD",-2.06308172805642,11.7011435505368,11,NA,NA,NA
"real","ABW_ECU",-2.91852050672293,13.8640376975531,22,NA,NA,NA
"real","ABW_JAM",-0.446364384375284,2.75127602949036,23,NA,NA,NA
"real","ABW_PAN",-0.953603129630964,5.06373359907223,23,NA,NA,NA
"real","ABW_PHL",-1.21669953286523,6.86211365478422,19,NA,NA,NA
"real","ABW_TUR",-1.82791278062179,15.5397765695457,18,NA,NA,NA
"real","ABW_VEN",0.694066465329802,2.90908576455711,24,NA,NA,NA
"real","AFG_BEN",-0.596313530461697,3.4656920115758,15,NA,NA,NA
"real","AFG_CMR",-0.719825554517335,4.07106891986523,16,NA,NA,NA
"real","AFG_KNA",-0.686249576421207,2.37353519767742,20,NA,NA,NA
"real","AFG_MLI",-0.359428847726961,4.43497839214521,15,NA,NA,NA
"real","AFG_MUS",-0.996511295621543,4.73873447191551,19,NA,NA,NA
"real","AFG_PHL",-0.865819275542643,2.85895033246066,22,NA,NA,NA
"real","AFG_PYF",-0.461261391825726,1.6599755068575,21,NA,NA,NA
"real","AFG_RUS",-0.170633093871284,2.86151091342917,24,NA,NA,NA
"real","AFG_SEN",-1.14394180008046,4.23126765940518,17,NA,NA,NA
"real","AFG_UKR",-0.662227763863468,3.9303259392474,21,NA,NA,NA
"real","AFG_URY",-0.868951633197223,6.05221558225406,18,NA,NA,NA
"real","AGO_BGR",-3.45465263186364,9.04891000710236,16,NA,NA,NA
"real","AGO_CMR",-2.35008514820971,11.4526255087844,22,NA,NA,NA
"real","AGO_GHA",-1.55158636909695,6.39382486157907,23,NA,NA,NA
"real","AGO_ISR",-3.24878553753121,13.0584569096949,22,NA,NA,NA
"real","AGO_MAR",-1.92856594610497,3.9867720324732,16,NA,NA,NA
"real","AGO_NER",-0.182172856499067,3.00469701629206,12,NA,NA,NA
"real","AGO_NGA",-1.59210394711865,4.25890410198124,22,NA,NA,NA
"real","AGO_PAN",-2.240957204498,16.96054049804,12,NA,NA,NA
"real","AGO_PHL",-1.58638951409357,4.4608180975618,17,NA,NA,NA
"real","AGO_RUS",-1.89402948335665,4.62064487160229,22,NA,NA,NA
"real","AGO_SEN",-2.60578276277191,11.9357914873107,18,NA,NA,NA
"real","AIA_AZE",-0.695374660905522,3.30852906708141,23,NA,NA,NA
"real","AIA_RUS",-1.10797634309841,4.68840464105059,24,NA,NA,NA
"real","AIA_UKR",-1.59703572811477,8.20533162960828,21,NA,NA,NA
"real","ALB_AGO",-0.693082971509898,2.50487202291744,15,NA,NA,NA
"real","ALB_AND",-0.18795629905993,3.25074141160263,21,NA,NA,NA
"real","ALB_FRO",0.697227956274263,1.31911305546462,13,NA,NA,NA
"real","ALB_IRN",-0.213912304224008,3.40568396201587,16,NA,NA,NA
"real","ALB_MLI",-0.137568226024243,0.994449440576983,15,NA,NA,NA
"real","ALB_RUS",-0.112468132867481,2.33074527465534,24,NA,NA,NA
"real","ALB_RWA",-1.47221442482999,14.8298273613937,17,NA,NA,NA
"real","ALB_UKR",-0.464381093622445,3.91660056746662,21,NA,NA,NA
"real","AND_ALB",-1.1448419991764,6.81497476691322,20,NA,NA,NA
"real","AND_CUB",-2.70971712775471,6.47954452609904,17,NA,NA,NA
"real","AND_DZA",-1.15975933742652,8.70699886823122,23,NA,NA,NA
"real","AND_GIB",-0.426365461258977,6.17372373337067,9,NA,NA,NA
"real","AND_GNQ",0.494333377989604,1.43098149036998,9,NA,NA,NA
"real","AND_MLI",-0.998897235133099,2.70126162566019,15,NA,NA,NA
"real","AND_NOR",-0.511599737997935,4.13327217709012,23,NA,NA,NA
"real","AND_UKR",-1.05231510602757,6.6249131485561,23,NA,NA,NA
"real","ANT_ALB",-0.667727298733188,7.39616186664887,10,NA,NA,NA
"real","ANT_BGD",-1.45401284820742,9.90756867262467,14,NA,NA,NA
"real","ANT_CIV",-1.98566281249093,12.3793723468361,13,NA,NA,NA
"real","ANT_GHA",-0.791043714445061,2.57672045051104,9,NA,NA,NA
"real","ANT_MLI",-1.17481665373892,4.55898026475988,8,NA,NA,NA
"real","ANT_PRY",0.114003695618361,0.37031257044106,12,NA,NA,NA
"real","ANT_ROU",-2.90704740199771,15.1587067492607,9,NA,NA,NA
"real","ANT_RUS",-1.76674734376916,7.86653037360558,14,NA,NA,NA
"real","ANT_RWA",-1.18739361344942,2.7520365819338,12,NA,NA,NA
"real","ARE_ALB",-0.647435970321086,2.46199083497385,24,NA,NA,NA
"real","ARE_AZE",0.440144004601156,1.12719396771605,24,NA,NA,NA
"real","ARE_BGR",-0.200339720306812,0.509485252843212,24,NA,NA,NA
"real","ARE_ECU",-0.221930328991557,0.828530883516419,24,NA,NA,NA
"real","ARE_FRO",-1.37024408986378,2.795161109888,22,NA,NA,NA
"real","ARE_GAB",-0.61736607367186,1.48350140323993,21,NA,NA,NA
"real","ARE_GEO",-0.0441172445081573,0.488779870929386,24,NA,NA,NA
"real","ARE_GHA",-0.505034476804518,0.667384177208799,23,NA,NA,NA
"real","ARE_HND",-0.650810219465493,2.04778263657322,24,NA,NA,NA
"real","ARE_MLI",-0.0592410778339722,0.197404829874645,23,NA,NA,NA
"real","ARE_MNG",-1.10407283708955,1.93405605387749,17,NA,NA,NA
"real","ARE_PRY",-2.70709446598544,6.4934013204816,21,NA,NA,NA
"real","ARE_PYF",-0.827665546914365,1.09309361353413,24,NA,NA,NA
"real","ARE_SUR",-2.03481055259302,5.15113980357036,20,NA,NA,NA
"real","ARE_UKR",-0.339543718355832,0.400862587506514,24,NA,NA,NA
"real","ARG_AIA",-4.68727754084024,13.1668997138743,8,NA,NA,NA
"real","ARG_BIH",-0.637619838538097,1.72865842055361,24,NA,NA,NA
"real","ARG_ERI",-1.14011968349293,2.85545686470677,11,NA,NA,NA
"real","ARG_FJI",-0.260350371327536,1.30156728807859,24,NA,NA,NA
"real","ARG_GEO",-0.576835832163937,1.97693559840736,24,NA,NA,NA
"real","ARG_RWA",-1.83027396622373,8.09969684614588,22,NA,NA,NA
"real","ARG_UZB",-0.912333471110513,3.0721725170936,19,NA,NA,NA
"real","ARM_AUS",-0.337690598575226,1.22999113146615,23,NA,NA,NA
"real","ARM_BGR",-1.6872956952332,3.64947957273584,21,NA,NA,NA
"real","ARM_CHL",-3.31037728676048,6.73002517551675,20,NA,NA,NA
"real","ARM_DZA",-1.68822417369361,7.48297372260663,14,NA,NA,NA
"real","ARM_ECU",-0.893128374343207,7.84121710231077,15,NA,NA,NA
"real","ARM_IND",-1.42403927867755,3.02235669499464,23,NA,NA,NA
"real","ARM_MLT",-0.578404185062664,5.22858658137207,13,NA,NA,NA
"real","ARM_NOR",-0.861126360205552,2.09186452869171,21,NA,NA,NA
"real","ATF_KOR",0.0299474717319722,8.94135103536953,10,NA,NA,NA
"real","ATF_MUS",-0.795481418208102,6.1838772513887,12,NA,NA,NA
"real","ATG_GHA",-2.65835569717494,11.0868559417355,23,NA,NA,NA
"real","ATG_MKD",0.70662462942045,5.78700861387668,12,NA,NA,NA
"real","ATG_MUS",-1.99495300119453,12.0259988505804,23,NA,NA,NA
"real","ATG_PAN",-0.504300030262961,3.86327940878379,16,NA,NA,NA
"real","ATG_PHL",-1.5764835193422,14.0533836905057,18,NA,NA,NA
"real","ATG_SGP",-1.33233750326353,7.62818175623538,22,NA,NA,NA
"real","ATG_ZAF",-1.31090757887614,3.10501143809394,22,NA,NA,NA
"real","AUT_GNQ",-0.76767535462031,2.53640688898246,20,NA,NA,NA
"real","AZE_ARE",0.0661344949070198,4.51417379882925,24,NA,NA,NA
"real","AZE_BLR",-0.644828943671115,2.93615706515927,24,NA,NA,NA
"real","AZE_DZA",-2.39084236126209,7.21616087482729,20,NA,NA,NA
"real","AZE_ECU",-0.321130672026056,5.77168534544085,15,NA,NA,NA
"real","AZE_ISR",-0.453591375082892,2.81455645251376,24,NA,NA,NA
"real","AZE_LBN",-0.405404644595191,2.97921178427917,24,NA,NA,NA
"real","AZE_MUS",-1.69123373895805,13.5526015581041,11,NA,NA,NA
"real","AZE_MYS",-2.91411765686433,6.7600801019604,23,NA,NA,NA
"real","AZE_OMN",-1.31250991997236,6.50299950143907,20,NA,NA,NA
"real","AZE_TZA",-0.968455501789107,9.87802693858255,16,NA,NA,NA
"real","AZE_VNM",-1.29996688376371,2.98016777485488,24,NA,NA,NA
"real","BDI_DZA",-2.43142875840265,9.73493993234447,11,NA,NA,NA
"real","BDI_GHA",-0.837790734520989,2.01049772366001,12,NA,NA,NA
"real","BDI_PHL",-0.892578948793157,4.09061633431635,13,NA,NA,NA
"real","BDI_SVK",-1.86017196525503,6.02117237110261,19,NA,NA,NA
"real","BEN_CZE",-1.56325655457301,11.638998924711,24,NA,NA,NA
"real","BEN_MLT",-1.97345621531381,6.75819864072388,9,NA,NA,NA
"real","BEN_RUS",-2.06286989541392,9.34170899439203,22,NA,NA,NA
"real","BEN_SVN",-1.27866991638206,8.80191361886746,23,NA,NA,NA
"real","BFA_COD",-0.0955347416414591,4.29080506449062,18,NA,NA,NA
"real","BFA_COG",-0.848279352923833,3.10136618764079,21,NA,NA,NA
"real","BFA_MWI",-0.196355184495947,5.28417483155657,10,NA,NA,NA
"real","BFA_PAK",-1.03792295872867,4.86946612799707,19,NA,NA,NA
"real","BFA_RWA",-3.19844925703035,2.77218673991802,20,NA,NA,NA
"real","BGD_CAF",-2.02857665450378,2.93416251687344,13,NA,NA,NA
"real","BGD_FRO",0.00765075734538678,1.27952698478175,18,NA,NA,NA
"real","BGD_KGZ",-0.172906296623067,0.479604882480989,22,NA,NA,NA
"real","BGD_KIR",0.18405637810251,0.886429747693546,13,NA,NA,NA
"real","BGD_PYF",-0.00737503307184637,0.0861699934126677,24,NA,NA,NA
"real","BGR_AFG",0.295454864731135,2.46247785810427,24,NA,NA,NA
"real","BGR_AGO",-0.547526912636273,0.792462505394805,24,NA,NA,NA
"real","BGR_ARM",-0.137247659913632,0.434782305762953,21,NA,NA,NA
"real","BGR_ATG",-2.1052420785098,6.36931394531602,11,NA,NA,NA
"real","BGR_AZE",0.215578478139045,0.810996697476106,24,NA,NA,NA
"real","BGR_BEN",-1.64425641941009,2.55156691994606,24,NA,NA,NA
"real","BGR_BHR",-0.64462467106531,1.26794496653935,24,NA,NA,NA
"real","BGR_BHS",-1.25205852343278,4.00440040494078,11,NA,NA,NA
"real","BGR_BLR",0.0603551547634495,0.176612691016299,24,NA,NA,NA
"real","BGR_BLZ",-1.28226844967512,4.16148994414877,11,NA,NA,NA
"real","BGR_BRB",-0.741024596922497,2.15352825308556,11,NA,NA,NA
"real","BGR_BTN",-0.251031849264541,3.01862580000824,10,NA,NA,NA
"real","BGR_COD",-0.465944963965557,1.86860436346876,20,NA,NA,NA
"real","BGR_DOM",-0.186484044918464,0.714571497718654,11,NA,NA,NA
"real","BGR_GEO",-0.00733106788506185,0.0976828908124047,17,NA,NA,NA
"real","BGR_GHA",-0.409867168071856,1.39497635748468,19,NA,NA,NA
"real","BGR_GNQ",-1.06875154418376,2.8602902949406,20,NA,NA,NA
"real","BGR_HND",-0.142036144713972,1.39794464761019,16,NA,NA,NA
"real","BGR_KAZ",0.043269180347009,0.287063984265379,24,NA,NA,NA
"real","BGR_KEN",-0.2796583486911,0.743968794613569,24,NA,NA,NA
"real","BGR_KHM",-0.304322265295215,1.49661899257736,24,NA,NA,NA
"real","BGR_LAO",-0.797606728505444,1.38236937384989,15,NA,NA,NA
"real","BGR_LBR",-0.450067957997245,1.0698230295491,24,NA,NA,NA
"real","BGR_MLI",-0.982734252489647,1.86612516931059,23,NA,NA,NA
"real","BGR_MOZ",-1.72553637705039,2.29073159794775,18,NA,NA,NA
"real","BGR_MRT",-0.894870362704748,5.41241715625528,23,NA,NA,NA
"real","BGR_MWI",-0.552788696390153,0.888696529393561,22,NA,NA,NA
"real","BGR_NGA",-0.331560209617133,1.11767567799227,24,NA,NA,NA
"real","BGR_PRK",-0.403389798100648,1.81247463515225,22,NA,NA,NA
"real","BGR_PYF",-0.018310636222325,0.302187127575739,10,NA,NA,NA
"real","BGR_QAT",-0.849495389850827,2.16945672388661,24,NA,NA,NA
"real","BGR_RUS",0.110278729507747,0.0541338748997303,24,NA,NA,NA
"real","BGR_SLE",-0.640334452760317,1.62417444904101,20,NA,NA,NA
"real","BGR_TJK",-0.561160478525201,3.57680572970392,24,NA,NA,NA
"real","BGR_TKM",-0.162009231678032,0.81707741078675,24,NA,NA,NA
"real","BGR_UKR",0.261890515423053,0.295779501121517,17,NA,NA,NA
"real","BGR_UZB",0.0451141783555916,0.131225111077199,24,NA,NA,NA
"real","BGR_VNM",-0.173680475445256,0.242951277209618,24,NA,NA,NA
"real","BGR_YEM",-0.702856441727595,1.60496555116513,24,NA,NA,NA
"real","BHR_ALB",-0.808669572260528,2.82593056262243,17,NA,NA,NA
"real","BHR_AND",-1.71221452024689,3.4851398181364,11,NA,NA,NA
"real","BHR_BFA",-3.92566969846897,13.4305807993144,12,NA,NA,NA
"real","BHR_BGR",-1.61526603372538,4.98755668407372,21,NA,NA,NA
"real","BHR_GHA",-1.32296333314855,3.79651703981392,24,NA,NA,NA
"real","BHR_KGZ",-2.5286455517569,8.10178699209419,15,NA,NA,NA
"real","BHR_NIC",-1.0551782026602,5.81742700621837,14,NA,NA,NA
"real","BHR_PER",-3.51383635508715,9.11031742367558,21,NA,NA,NA
"real","BHR_PHL",-0.413997588444872,1.36932789128245,24,NA,NA,NA
"real","BHR_PYF",-2.22781210235594,4.13452802677832,11,NA,NA,NA
"real","BHR_RUS",-0.97107641316987,3.55763544548082,22,NA,NA,NA
"real","BHR_SEN",-1.37158351251615,3.75618026446935,24,NA,NA,NA
"real","BHR_SLV",-2.39195392678648,6.71676585686809,15,NA,NA,NA
"real","BHR_SVN",-1.95667828727873,4.8254536917054,24,NA,NA,NA
"real","BHR_UKR",-1.09063244649958,2.57356487933423,20,NA,NA,NA
"real","BHR_URY",-2.41503818400621,8.43578401589186,19,NA,NA,NA
"real","BHS_BGR",-1.30406832715876,3.00859491635786,10,NA,NA,NA
"real","BHS_GHA",-2.48060794029147,11.4762574201046,24,NA,NA,NA
"real","BHS_KEN",-2.81238412429599,5.68051269473881,18,NA,NA,NA
"real","BHS_MDV",-3.26296395986154,7.64538747419122,24,NA,NA,NA
"real","BHS_NGA",-1.51613189564274,5.44453953911591,21,NA,NA,NA
"real","BHS_PYF",-1.81405026878103,6.65916348425647,17,NA,NA,NA
"real","BHS_RUS",-0.418559690276235,2.38888685140608,24,NA,NA,NA
"real","BHS_UKR",-1.13798599913103,6.9295574964733,23,NA,NA,NA
"real","BIH_BRA",-1.7173766664211,3.8894007979146,24,NA,NA,NA
"real","BIH_DZA",-1.3727158202989,7.19860654528584,23,NA,NA,NA
"real","BIH_GAB",-1.03828908058652,1.93349065973181,10,NA,NA,NA
"real","BIH_ISL",-0.922236526958073,1.1061358133985,18,NA,NA,NA
"real","BIH_MAR",-0.591810492903212,1.2010580900421,24,NA,NA,NA
"real","BIH_MYS",-0.674978906877957,1.95014291690209,24,NA,NA,NA
"real","BIH_PHL",-1.10725644054398,3.70185030776447,23,NA,NA,NA
"real","BIH_RUS",-0.227232860753458,1.0367111773305,24,NA,NA,NA
"real","BIH_UKR",-0.977126147396284,3.3307677523639,24,NA,NA,NA
"real","BIH_URY",-1.57481600921828,5.07218264231126,19,NA,NA,NA
"real","BLR_AZE",-0.0844830119127766,0.422653902108857,24,NA,NA,NA
"real","BLR_BGD",-0.615964997713517,1.78974658395435,24,NA,NA,NA
"real","BLR_DZA",-0.323930253543783,2.94984265770182,24,NA,NA,NA
"real","BLR_FRO",-1.88799753999919,5.24933562532709,14,NA,NA,NA
"real","BLR_GAB",-1.48600230349577,7.45737182779029,18,NA,NA,NA
"real","BLR_GEO",-0.224904804791513,0.347056984659621,24,NA,NA,NA
"real","BLR_GHA",-1.35908939226156,3.22497537414201,24,NA,NA,NA
"real","BLR_MLI",-2.19570369167241,9.64781165162977,24,NA,NA,NA
"real","BLR_NGA",-0.582926440434711,1.57868844274709,24,NA,NA,NA
"real","BLR_SDN",-0.418557759250326,1.44224907153712,23,NA,NA,NA
"real","BLZ_DZA",-2.15427466141713,8.54059411997433,20,NA,NA,NA
"real","BLZ_GHA",-3.12261015123328,6.46055229422468,14,NA,NA,NA
"real","BLZ_PHL",-1.70192807883084,6.49277952784672,14,NA,NA,NA
"real","BLZ_PYF",-0.937893886268762,6.01241731639002,10,NA,NA,NA
"real","BLZ_RUS",-1.2145155856649,6.12392640175945,24,NA,NA,NA
"real","BLZ_TZA",-2.37643045771507,10.9532044276703,12,NA,NA,NA
"real","BLZ_UKR",-0.620481535752062,2.8061473075525,22,NA,NA,NA
"real","BLZ_VGB",-2.83851526801785,13.2227799275048,18,NA,NA,NA
"real","BMU_MDV",-2.41769249889977,18.7533600373831,11,NA,NA,NA
"real","BMU_MLT",1.18821071036689,12.9567369380548,8,NA,NA,NA
"real","BMU_NGA",-1.57406937106068,17.1460824951529,16,NA,NA,NA
"real","BMU_RUS",-1.43133803022895,6.3692479429228,24,NA,NA,NA
"real","BMU_UKR",-2.77496061006755,23.9231403815159,10,NA,NA,NA
"real","BOL_AGO",-0.939494051441622,2.74335481805235,16,NA,NA,NA
"real","BRA_ARM",-0.844692629886213,1.80350584866301,23,NA,NA,NA
"real","BRA_AZE",-0.844935064873857,2.25039515666121,23,NA,NA,NA
"real","BRA_BIH",-0.86069072575108,2.25141639215049,24,NA,NA,NA
"real","BRA_FSM",-1.19547836077301,2.70221801410668,21,NA,NA,NA
"real","BRA_GEO",-0.206346670030129,1.07889481475008,24,NA,NA,NA
"real","BRA_KGZ",-0.611521255870329,2.13461615249338,23,NA,NA,NA
"real","BRA_MKD",-0.207659298217789,0.82243932939513,24,NA,NA,NA
"real","BRB_EST",-1.19034320518631,4.16942996259734,8,NA,NA,NA
"real","BRB_GHA",-1.63039303304909,6.11242227644939,23,NA,NA,NA
"real","BRB_ISL",-1.44330611119849,5.87427072136999,17,NA,NA,NA
"real","BRB_MDG",-2.42926891419857,6.13884979339126,14,NA,NA,NA
"real","BRB_MLT",-1.32917156022425,2.81927094278683,8,NA,NA,NA
"real","BRB_MUS",-1.27993204981869,4.60954381249446,14,NA,NA,NA
"real","BRB_NGA",-5.99475081678461,18.6842297309094,23,NA,NA,NA
"real","BRB_PHL",-0.928153485127955,3.03796171971869,24,NA,NA,NA
"real","BRB_PYF",-0.239422515017786,2.27718835680027,18,NA,NA,NA
"real","BRB_RUS",-1.57473191231591,4.60129723821354,23,NA,NA,NA
"real","BRB_SVK",-0.315365851953855,1.26340739235748,11,NA,NA,NA
"real","BRB_SVN",-5.24679376972082,17.8891832291332,11,NA,NA,NA
"real","BRB_TZA",-1.52072196969298,8.59560028932177,15,NA,NA,NA
"real","BRB_URY",-1.25931850873831,5.70333831678699,18,NA,NA,NA
"real","BRN_BFA",-1.90324130275085,8.23208987082591,12,NA,NA,NA
"real","BRN_EST",-1.1804319650015,4.09476317076565,13,NA,NA,NA
"real","BRN_NGA",-1.47496405199645,6.24788645304701,23,NA,NA,NA
"real","BRN_ROU",-1.36804352633291,7.11186359588374,16,NA,NA,NA
"real","BRN_RWA",-2.04307170957896,5.82540878953141,16,NA,NA,NA
"real","BRN_UKR",-2.6189713507307,5.55934819034318,10,NA,NA,NA
"real","BTN_BGR",-0.72647000321007,10.6254374372113,8,NA,NA,NA
"real","BTN_PHL",-1.3358226093742,10.1681060075904,13,NA,NA,NA
"real","BTN_UKR",-2.49834415093511,13.6254958160467,9,NA,NA,NA
"real","CAF_GHA",-1.79983968179973,3.24317703372666,16,NA,NA,NA
"real","CAF_HND",-1.89077524152747,6.46739502702913,15,NA,NA,NA
"real","CAF_KEN",-1.4314681512066,4.99336839285121,12,NA,NA,NA
"real","CAF_PHL",-1.1637760997727,4.90767086061515,10,NA,NA,NA
"real","CAF_PYF",-1.20603752345225,3.93204079721029,15,NA,NA,NA
"real","CAF_RUS",-0.602309833723971,2.55800886353167,23,NA,NA,NA
"real","CAF_RWA",-1.37429232172669,4.24683907026454,14,NA,NA,NA
"real","CAF_UGA",-0.805161448377738,2.41350757833309,13,NA,NA,NA
"real","CAN_FRO",-0.108946573342947,0.590996514056895,24,NA,NA,NA
"real","CAN_MNG",-0.739496482175849,1.2043851050301,24,NA,NA,NA
"real","CCK_BGD",-0.981709081788274,8.01552771091265,11,NA,NA,NA
"real","CCK_BGR",-1.38758198911229,4.21843236283356,8,NA,NA,NA
"real","CCK_RWA",-1.45625228986762,7.92723031279402,13,NA,NA,NA
"real","CHE_PYF",-0.0396717009121828,0.0493148775759402,24,NA,NA,NA
"real","CHL_MDA",-0.501533966651699,1.30210506910598,22,NA,NA,NA
"real","CHL_MDV",-1.12976548638763,3.41074927241015,21,NA,NA,NA
"real","CHL_MNG",-1.2880796243489,2.92456553805822,19,NA,NA,NA
"real","CHL_RWA",-0.923111655863185,1.65442480304463,15,NA,NA,NA
"real","CIV_ALB",-0.747613199874094,2.21378987492867,19,NA,NA,NA
"real","CIV_BDI",-0.706424293819417,1.65942538194436,23,NA,NA,NA
"real","CIV_DMA",-1.22951124630605,6.21908370254195,14,NA,NA,NA
"real","CIV_FRO",-1.5598073798471,4.02726229902235,13,NA,NA,NA
"real","CIV_LTU",-1.03076685832375,2.844168818869,18,NA,NA,NA
"real","CIV_MDA",0.0284341989002029,0.770801399845425,23,NA,NA,NA
"real","CIV_MKD",-2.68034571743066,4.91132093479579,21,NA,NA,NA
"real","CIV_PYF",-0.0982421771891754,0.795252546440786,24,NA,NA,NA
"real","CIV_RWA",-0.187253270886009,1.71913019663901,24,NA,NA,NA
"real","CIV_UKR",-0.782077082983003,2.89984100685323,24,NA,NA,NA
"real","CIV_URY",-1.37296438488322,2.81043684958311,19,NA,NA,NA
"real","CMR_ETH",-0.727271808402567,2.39373154568072,24,NA,NA,NA
"real","CMR_GRL",-0.643028423930629,1.65757174882501,12,NA,NA,NA
"real","CMR_MAC",-0.596551361392326,2.61410154471827,10,NA,NA,NA
"real","CMR_MWI",-1.36021453897682,5.37777831097316,21,NA,NA,NA
"real","CMR_PYF",-0.3880068153229,0.991423990194913,24,NA,NA,NA
"real","CMR_RUS",-0.286791449199404,0.864065736233926,24,NA,NA,NA
"real","CMR_RWA",-3.581358670105,3.32194706132185,24,NA,NA,NA
"real","CMR_UKR",-2.09439358577164,6.06369843157215,22,NA,NA,NA
"real","COD_BFA",-1.72723839894993,5.7684145358217,19,NA,NA,NA
"real","COD_GHA",-2.52911417953938,5.65549415747145,17,NA,NA,NA
"real","COD_GIN",-0.351763017999805,1.59089778220308,18,NA,NA,NA
"real","COD_NGA",-3.50340640278209,6.90647514181588,19,NA,NA,NA
"real","COD_RUS",-0.341903319203427,2.64518294888551,24,NA,NA,NA
"real","COD_SVK",-4.18804899018018,13.3941539166514,20,NA,NA,NA
"real","COD_UKR",-1.73180897968944,4.75089492033149,21,NA,NA,NA
"real","COG_MKD",-1.29200249204294,8.22601283172687,17,NA,NA,NA
"real","COG_RWA",-0.541494533362088,3.31377506927915,23,NA,NA,NA
"real","COK_BGD",-1.29672576398771,9.0675624068125,11,NA,NA,NA
"real","COK_BRA",-2.58149084415956,14.9694476578504,10,NA,NA,NA
"real","COK_POL",-0.848451368489888,4.31337247155269,17,NA,NA,NA
"real","COK_SVN",-0.726032917831846,4.98412989321499,18,NA,NA,NA
"real","COL_MNG",-0.373566886518284,1.70220467411139,16,NA,NA,NA
"real","COL_OMN",-0.958650068282054,1.24085970653116,22,NA,NA,NA
"real","COL_RWA",-0.0973329047339729,1.79769882485794,24,NA,NA,NA
"real","COM_CRI",-1.22441879396325,4.86464548928001,20,NA,NA,NA
"real","COM_GHA",-1.66439373872285,4.46858651027942,8,NA,NA,NA
"real","COM_NOR",-0.479093056967301,1.0615327069185,21,NA,NA,NA
"real","COM_OMN",-0.8255459626127,3.01383331620209,12,NA,NA,NA
"real","COM_SAU",-1.3561382391202,4.39352298014173,18,NA,NA,NA
"real","CPV_BOL",-0.863960117247105,3.42807782825465,15,NA,NA,NA
"real","CPV_CRI",-1.65843536334527,7.19091969505589,13,NA,NA,NA
"real","CPV_CZE",-1.51152644659685,4.25588965791751,20,NA,NA,NA
"real","CPV_IND",-1.87862150770886,5.7706441050337,17,NA,NA,NA
"real","CPV_RUS",-1.04418019930699,6.80817433773986,23,NA,NA,NA
"real","CPV_TUN",-3.12383414749771,11.8075620952345,15,NA,NA,NA
"real","CPV_TZA",-1.99005953946264,11.1249273815307,16,NA,NA,NA
"real","CRI_CPV",0.018412982512637,1.35003191164934,15,NA,NA,NA
"real","CRI_GRL",-1.11910242675387,4.90108532261676,12,NA,NA,NA
"real","CRI_IDN",-0.432387053104627,0.745169262025635,24,NA,NA,NA
"real","CRI_IRN",-1.5940442097145,7.22463051964944,21,NA,NA,NA
"real","CRI_MLI",-0.697357977574952,3.04377212162056,17,NA,NA,NA
"real","CRI_NGA",-0.848042096811482,3.21857938296791,24,NA,NA,NA
"real","CRI_NPL",-0.0198178963742266,1.60498067752852,16,NA,NA,NA
"real","CRI_PYF",-0.303915395227194,0.576054672343157,24,NA,NA,NA
"real","CRI_STP",-0.449707724736501,1.57163475730259,12,NA,NA,NA
"real","CRI_TZA",-0.363920494490083,2.08866666999612,23,NA,NA,NA
"real","CRI_UKR",-0.91982575286674,3.31257224752897,24,NA,NA,NA
"real","CUB_AZE",-2.13861804144716,4.34592464052931,21,NA,NA,NA
"real","CUB_EST",-1.76602590944005,5.11035734415292,24,NA,NA,NA
"real","CUB_GMB",-1.10448438110021,4.59550436492527,9,NA,NA,NA
"real","CUB_LCA",-0.863335633117959,5.48968537407545,24,NA,NA,NA
"real","CUB_MDA",-2.43814468910419,4.86379347821758,21,NA,NA,NA
"real","CUB_PYF",-0.145779020294111,0.681870195195106,24,NA,NA,NA
"real","CUB_RUS",-0.265780993860224,1.48739674644597,24,NA,NA,NA
"real","CUB_UKR",-0.992154289635151,2.05767276341873,24,NA,NA,NA
"real","CXR_BGD",-2.2508811238367,5.09028514773032,13,NA,NA,NA
"real","CXR_PHL",-1.24584644163178,4.41476025456756,13,NA,NA,NA
"real","CYM_BGD",-0.714881495485002,4.61154412089972,11,NA,NA,NA
"real","CYM_GHA",-0.591381278922578,4.4808979876194,9,NA,NA,NA
"real","CYM_KOR",-0.629445233716855,4.72460142648325,20,NA,NA,NA
"real","CYM_PHL",-4.44959839021019,11.0402061137628,19,NA,NA,NA
"real","CYM_TZA",-0.844205710743837,6.85219110981591,11,NA,NA,NA
"real","CYP_BFA",-0.0290592804034612,2.25476258312288,22,NA,NA,NA
"real","CZE_VUT",-1.84681037548969,8.29348328226632,13,NA,NA,NA
"real","DJI_RUS",-3.43304754811139,14.3977612109174,14,NA,NA,NA
"real","DMA_ALB",-0.905321614704208,2.95719638306893,9,NA,NA,NA
"real","DMA_EGY",-2.62405670960145,10.1074847734345,14,NA,NA,NA
"real","DMA_GHA",-1.02186587237135,4.2498047546124,10,NA,NA,NA
"real","DMA_MDG",-0.549495652617161,2.56466627207658,9,NA,NA,NA
"real","DMA_NGA",-1.34406415882584,5.83780385267967,13,NA,NA,NA
"real","DMA_NOR",-0.479186674514611,0.970671970123009,13,NA,NA,NA
"real","DMA_PHL",-2.8412441443783,7.11092713772223,12,NA,NA,NA
"real","DMA_PYF",-1.03399701184316,3.39817820427656,13,NA,NA,NA
"real","DMA_RWA",-1.29775040538023,5.12905170818048,13,NA,NA,NA
"real","DMA_URY",-3.65203290566043,4.80909643881547,19,NA,NA,NA
"real","DMA_ZAF",-0.655395200333236,2.07589642505526,24,NA,NA,NA
"real","DNK_PLW",-0.749423687547327,2.79680729673043,16,NA,NA,NA
"real","DOM_ABW",-0.41097296923965,0.762399294926396,20,NA,NA,NA
"real","DOM_ANT",0.0102105592279001,0.516441788069793,13,NA,NA,NA
"real","DOM_ATG",-0.30976226015422,0.791117099837006,23,NA,NA,NA
"real","DOM_BHS",-0.439408550679528,0.576538277430235,24,NA,NA,NA
"real","DOM_CUB",-0.138487751309446,1.11863032771611,23,NA,NA,NA
"real","DOM_CYM",-0.587291918310946,1.93217957579999,20,NA,NA,NA
"real","DOM_EGY",-1.80443142666058,3.42186605544947,20,NA,NA,NA
"real","DOM_GHA",-0.720998689210267,4.07880124993753,19,NA,NA,NA
"real","DOM_HTI",-0.188667162303292,0.376925930858349,21,NA,NA,NA
"real","DOM_KWT",-1.1719361598177,3.21593961443187,20,NA,NA,NA
"real","DOM_MSR",-0.608689256750362,2.49404524141736,22,NA,NA,NA
"real","DOM_NGA",-2.83065519639343,13.6237881594987,22,NA,NA,NA
"real","DOM_OMN",-1.02687281840626,3.37190084200991,8,NA,NA,NA
"real","DOM_PYF",-0.119911677080965,0.418334970567177,24,NA,NA,NA
"real","DOM_RUS",-0.458442081545047,0.464225180446349,24,NA,NA,NA
"real","DOM_TCA",-0.397086910833858,1.06233613987486,22,NA,NA,NA
"real","DOM_UKR",-0.667175958417855,2.53829708324397,23,NA,NA,NA
"real","DOM_VGB",-0.264677549466895,0.857752388347666,21,NA,NA,NA
"real","DZA_KHM",-1.09957106824702,13.7262089300836,14,NA,NA,NA
"real","DZA_KWT",-1.47376743884666,6.41539716955166,10,NA,NA,NA
"real","DZA_MDA",-6.37319629960326,13.1644415354902,13,NA,NA,NA
"real","DZA_TJK",-2.27747755702708,25.4891286682428,18,NA,NA,NA
"real","DZA_VCT",-3.6449030477812,20.6844624414714,8,NA,NA,NA
"real","ECU_ABW",-1.58413184167437,3.15714362503753,23,NA,NA,NA
"real","ECU_ARM",-0.717689988255542,1.52812135169926,21,NA,NA,NA
"real","ECU_CYM",-2.97943763932722,2.30582585826776,23,NA,NA,NA
"real","ECU_GAB",-0.915075693868206,2.10486814507774,19,NA,NA,NA
"real","ECU_KAZ",-0.775585504289589,3.86625529737545,24,NA,NA,NA
"real","ECU_KNA",-2.32993161221873,3.60881090418283,20,NA,NA,NA
"real","ECU_MLI",-2.9115777188739,6.33958038603042,12,NA,NA,NA
"real","ECU_NER",-1.60894655267815,4.7337710075147,21,NA,NA,NA
"real","ECU_SWZ",-2.91033071562612,11.9983191528352,17,NA,NA,NA
"real","ECU_TGO",-0.855160852298216,4.0651807297497,12,NA,NA,NA
"real","ECU_UZB",-1.36918950327239,3.4187286567193,18,NA,NA,NA
"real","ECU_ZMB",-0.685101800671506,4.12570002349306,17,NA,NA,NA
"real","EGY_HTI",-0.825581647797054,2.46823943022074,18,NA,NA,NA
"real","EGY_MDA",-0.0966077773093842,0.287042942336174,24,NA,NA,NA
"real","EGY_PAN",-1.15556632722129,3.24605249724376,24,NA,NA,NA
"real","EGY_PYF",0.0569830830813561,0.388107475609012,24,NA,NA,NA
"real","EGY_STP",-1.39807169846211,8.65307181290445,15,NA,NA,NA
"real","ERI_COL",-0.217473413851768,11.0530719073017,24,NA,NA,NA
"real","ERI_GRC",-0.117569967454197,6.22063449780854,9,NA,NA,NA
"real","ERI_MYS",-1.60684252567344,10.0710483661369,17,NA,NA,NA
"real","ERI_NOR",-0.212442961754622,1.78770364105467,20,NA,NA,NA
"real","ERI_PER",-0.782458477176055,9.71794906161258,12,NA,NA,NA
"real","ERI_POL",0.36615404650842,6.77704098163435,22,NA,NA,NA
"real","ERI_SVK",-1.66890984120532,5.52472915438648,20,NA,NA,NA
"real","ESH_RUS",-2.5647595573913,10.1454775375347,17,NA,NA,NA
"real","EST_ALB",-0.60318218598323,2.16871515357096,8,NA,NA,NA
"real","EST_ATG",-0.669297910508992,2.36110842465834,11,NA,NA,NA
"real","EST_CIV",-1.07066132476812,3.50736156230836,19,NA,NA,NA
"real","EST_CMR",-0.448722738401382,1.71595783852587,14,NA,NA,NA
"real","EST_ECU",-1.6360931369666,3.71019732132794,20,NA,NA,NA
"real","EST_KWT",-1.14717615827654,3.6172309030859,23,NA,NA,NA
"real","EST_MHL",-0.897601290431184,9.8252328338525,22,NA,NA,NA
"real","EST_PRK",-1.58055330721435,6.34645731712126,9,NA,NA,NA
"real","EST_PRY",-1.16129104194223,2.99853933204987,19,NA,NA,NA
"real","EST_SGP",-0.756539480738502,1.71623727969232,22,NA,NA,NA
"real","EST_SLE",-1.21672216496857,4.2958216630121,18,NA,NA,NA
"real","EST_SLV",-1.52424580186343,6.46098785839491,15,NA,NA,NA
"real","EST_TGO",-2.68756476395116,10.0343328995078,22,NA,NA,NA
"real","EST_VGB",-0.565369990252959,1.77340851091249,10,NA,NA,NA
"real","EST_VNM",-0.188229190624082,0.552872248396556,24,NA,NA,NA
"real","EST_YEM",-1.83947234638963,4.19939867352334,21,NA,NA,NA
"real","ETH_BGR",-0.621961670992889,1.66268966052259,24,NA,NA,NA
"real","ETH_BRA",-0.131196130006838,1.52120396944955,24,NA,NA,NA
"real","ETH_CIV",-1.81036311664594,2.91434235017271,24,NA,NA,NA
"real","ETH_GHA",-0.485167034547494,0.703582586558275,24,NA,NA,NA
"real","ETH_GIN",-0.36541181094674,1.64555187666584,18,NA,NA,NA
"real","ETH_HND",-1.86363711955703,2.95333340888587,21,NA,NA,NA
"real","ETH_MLI",-0.588741769607246,1.51977845200906,23,NA,NA,NA
"real","ETH_NGA",-1.29398933234387,4.70690310808805,24,NA,NA,NA
"real","ETH_NZL",-0.666132476204669,2.36396094084304,24,NA,NA,NA
"real","ETH_POL",0.122492589481482,1.34840489588694,23,NA,NA,NA
"real","ETH_PYF",-0.786447104538343,1.95161201024773,24,NA,NA,NA
"real","ETH_RUS",-0.846541534100367,2.86190633149103,24,NA,NA,NA
"real","FIN_NRU",0.0560598459203593,3.10288281466619,9,NA,NA,NA
"real","FJI_ARG",-1.26401938283092,5.78202860156046,15,NA,NA,NA
"real","FJI_BGD",-3.68167127398427,18.1362238785342,14,NA,NA,NA
"real","FJI_MAC",-0.765540795202232,2.10575638429228,14,NA,NA,NA
"real","FJI_NGA",-1.04198764681488,5.53611226843541,11,NA,NA,NA
"real","FJI_TGO",-1.3950881207742,2.06092681552645,16,NA,NA,NA
"real","FJI_TUR",-0.916955767029401,2.14761521675981,22,NA,NA,NA
"real","FLK_FRO",-2.41634184217124,24.2708602904072,10,NA,NA,NA
"real","FLK_MKD",-0.80863975509016,3.72388603164967,17,NA,NA,NA
"real","FLK_SDN",-1.34720568672724,4.31160654046522,10,NA,NA,NA
"real","FLK_TUR",-0.752349455430737,4.34321296175647,15,NA,NA,NA
"real","FRA_TUV",0.0370141768166523,11.3820223259956,16,NA,NA,NA
"real","FRO_AUS",-0.96858813855937,7.10286733260411,8,NA,NA,NA
"real","FRO_BLR",-0.366049352876214,2.7070560893759,19,NA,NA,NA
"real","FRO_CAN",-0.0561129594675191,0.862596758626932,24,NA,NA,NA
"real","FRO_JPN",-0.158571482223282,0.446172305994691,15,NA,NA,NA
"real","FRO_MDA",-1.12151363833221,2.2246268763705,19,NA,NA,NA
"real","FRO_NGA",-0.816390128140823,2.71383327830603,24,NA,NA,NA
"real","FRO_RUS",-0.824800351214227,1.44094816606001,24,NA,NA,NA
"real","FRO_TUR",-0.798246879549208,5.61078470574031,19,NA,NA,NA
"real","FRO_TWN",-0.565597138609583,1.33853521931083,22,NA,NA,NA
"real","FRO_UKR",-0.514297725226675,1.61629133375697,20,NA,NA,NA
"real","FSM_MEX",-1.47645046197862,4.93670851124922,18,NA,NA,NA
"real","FSM_NLD",-0.620416787753568,2.14400672621467,18,NA,NA,NA
"real","GAB_BGD",-2.31349458895636,7.04467247345062,15,NA,NA,NA
"real","GAB_BRN",-1.4516434603859,1.93957476967731,10,NA,NA,NA
"real","GAB_DMA",-1.29740114720959,5.01491328712742,9,NA,NA,NA
"real","GAB_OMN",-0.7046738066641,2.92301142775346,18,NA,NA,NA
"real","GAB_RUS",-3.97796750650012,8.43155872225883,24,NA,NA,NA
"real","GAB_STP",-0.267317344534494,0.738531865036968,24,NA,NA,NA
"real","GAB_SYR",-0.482352735185064,2.7021569617836,8,NA,NA,NA
"real","GAB_TTO",-1.12999169594428,5.62673875501441,19,NA,NA,NA
"real","GEO_AFG",-1.01204441483378,2.31258369404084,18,NA,NA,NA
"real","GEO_ALB",-1.49765314065464,4.37684032641491,22,NA,NA,NA
"real","GEO_ARG",-2.06869793610473,7.04638593283689,23,NA,NA,NA
"real","GEO_BLR",-0.274521799751122,0.270862111909006,24,NA,NA,NA
"real","GEO_CRI",-2.08160434848539,4.52226299858526,19,NA,NA,NA
"real","GEO_ECU",-1.90929191269751,5.04899528855244,23,NA,NA,NA
"real","GEO_EGY",-2.24154496218916,4.43197782319441,23,NA,NA,NA
"real","GEO_FRO",-1.73138749060957,7.27854100045919,8,NA,NA,NA
"real","GEO_HND",-1.80616033824476,4.41624114247959,18,NA,NA,NA
"real","GEO_IRN",-0.227466797911062,0.977075116125823,24,NA,NA,NA
"real","GEO_LBN",-2.30334245781439,8.13572274948018,24,NA,NA,NA
"real","GEO_MLI",-1.8427764919609,8.31520947942635,9,NA,NA,NA
"real","GEO_MNG",0.208648458897367,0.915919245382423,24,NA,NA,NA
"real","GEO_SYR",-2.6554379485181,6.57677805718572,24,NA,NA,NA
"real","GEO_TJK",-0.104921017385999,0.836112848946033,24,NA,NA,NA
"real","GEO_UZB",-0.842480730488981,0.851220894215718,24,NA,NA,NA
"real","GHA_AFG",-0.650943468879899,14.6196079025456,13,NA,NA,NA
"real","GHA_AGO",-0.926424999731326,1.73757549143745,21,NA,NA,NA
"real","GHA_ATG",-4.89353309894299,14.1709652170546,21,NA,NA,NA
"real","GHA_BHS",-2.62234606832494,10.8104911834064,21,NA,NA,NA
"real","GHA_FRO",-1.13506844461553,3.52634958142194,14,NA,NA,NA
"real","GHA_GRD",-2.27723241897552,6.70499126385053,11,NA,NA,NA
"real","GHA_LBN",-0.559505055856628,0.585545091618455,24,NA,NA,NA
"real","GHA_LCA",-0.966285311667324,7.41928566924408,12,NA,NA,NA
"real","GHA_PAN",-3.68671417017894,12.6447418781653,18,NA,NA,NA
"real","GHA_RUS",0.253103139719329,0.218715001319516,24,NA,NA,NA
"real","GHA_RWA",-1.16442281135904,4.25358621650838,24,NA,NA,NA
"real","GHA_SUR",-2.09337944616612,9.81520557403117,14,NA,NA,NA
"real","GHA_UKR",-0.398935522030792,2.55888878090921,24,NA,NA,NA
"real","GHA_VCT",-2.48100233980413,8.91833446317634,18,NA,NA,NA
"real","GHA_YEM",-0.971337740842633,6.17219934734565,15,NA,NA,NA
"real","GIB_AND",-0.533920878975203,3.86353474399463,9,NA,NA,NA
"real","GIB_GAB",-2.95804602402688,5.94088782894316,10,NA,NA,NA
"real","GIB_GHA",-2.11552635633076,9.5190237992434,19,NA,NA,NA
"real","GIB_ISR",-1.67190762648163,4.08269587057454,24,NA,NA,NA
"real","GIB_LTU",-4.58637367109987,14.8698176792831,15,NA,NA,NA
"real","GIB_LVA",-1.69644666795221,8.99508467600269,19,NA,NA,NA
"real","GIB_MUS",-1.53390404926573,5.35395541145211,8,NA,NA,NA
"real","GIB_NGA",-1.23522555178589,5.33098570582293,19,NA,NA,NA
"real","GIB_RUS",-0.566925577899306,3.77416541329259,24,NA,NA,NA
"real","GIB_RWA",-0.496674628895957,6.08030051028575,8,NA,NA,NA
"real","GIB_UKR",-1.68744117899199,10.1463087291645,21,NA,NA,NA
"real","GIN_ARE",-4.27467510988263,20.6745341943503,19,NA,NA,NA
"real","GIN_EST",-2.31002853123712,8.00374906756527,18,NA,NA,NA
"real","GIN_RWA",-0.769158253215444,5.74423939274431,20,NA,NA,NA
"real","GIN_TCD",-1.52306630659592,4.36123276826534,9,NA,NA,NA
"real","GIN_ZMB",-2.31059170407606,8.93486973612786,17,NA,NA,NA
"real","GMB_CMR",-0.102581886732653,0.980291411553627,23,NA,NA,NA
"real","GMB_PRK",-0.51390391527523,1.9462202126607,9,NA,NA,NA
"real","GMB_PYF",-1.03510101037503,4.84820641913478,9,NA,NA,NA
"real","GMB_SVN",-1.59787049729421,6.57919797412633,23,NA,NA,NA
"real","GMB_UGA",-5.40237381704151,9.90742594024951,20,NA,NA,NA
"real","GNB_SGP",-2.26396102083901,7.40632481068122,10,NA,NA,NA
"real","GNQ_AUT",-1.45661320496961,13.1754355874793,19,NA,NA,NA
"real","GNQ_GHA",-0.682295639880611,1.59627708583154,15,NA,NA,NA
"real","GNQ_PHL",-4.0305944357462,16.3751637914345,13,NA,NA,NA
"real","GNQ_PYF",-0.930932390644779,10.7445246269498,10,NA,NA,NA
"real","GNQ_RUS",-2.60757175648238,9.54317602341077,15,NA,NA,NA
"real","GRC_STP",-1.38200541341101,8.41025405085599,13,NA,NA,NA
"real","GRD_BGR",-1.01435781263858,2.66506419948905,9,NA,NA,NA
"real","GRD_GHA",-2.21842754448313,6.18277249085475,11,NA,NA,NA
"real","GRD_MDA",-0.994147934311829,3.99976491035565,13,NA,NA,NA
"real","GRD_UKR",-1.66960228802061,2.24199225854449,21,NA,NA,NA
"real","GRL_BGD",-1.30831457793001,7.60854689843993,9,NA,NA,NA
"real","GRL_FRO",-2.13560522263792,8.21064287925761,21,NA,NA,NA
"real","GRL_MAC",-0.858633677579284,1.43012567658502,10,NA,NA,NA
"real","GRL_MDA",-2.60286738128073,7.25846380991995,12,NA,NA,NA
"real","GRL_NGA",-1.11733005277143,4.72283343896096,16,NA,NA,NA
"real","GRL_PYF",-0.95263898932803,3.61494228442616,21,NA,NA,NA
"real","GTM_ALB",-1.78677468400364,4.22834181788254,20,NA,NA,NA
"real","GTM_CMR",-2.60002934806277,8.59605713604823,24,NA,NA,NA
"real","GTM_COD",-2.26846896708241,6.56905817113505,15,NA,NA,NA
"real","GTM_GAB",-1.74831135282353,5.28354125068446,10,NA,NA,NA
"real","GTM_GHA",-2.71602970346828,7.86570666265023,23,NA,NA,NA
"real","GTM_MLI",-2.25995445013444,6.5627867365161,11,NA,NA,NA
"real","GTM_TZA",-1.63907719766557,8.72072098037741,19,NA,NA,NA
"real","GTM_UKR",-1.33011199832523,6.41505988642133,24,NA,NA,NA
"real","GUY_AND",-1.1005027127029,5.15638393774682,11,NA,NA,NA
"real","GUY_BGR",-2.63467306937354,9.09371797408937,10,NA,NA,NA
"real","GUY_EST",-0.230458961312274,0.653736280289405,10,NA,NA,NA
"real","GUY_MDA",-0.130024313514316,1.01887197467511,13,NA,NA,NA
"real","GUY_RUS",-0.546316577759497,1.64047671172029,23,NA,NA,NA
"real","GUY_UKR",-0.489205957865195,1.45922193895128,24,NA,NA,NA
"real","HND_BHS",-0.396466173043696,0.851258649081955,24,NA,NA,NA
"real","HND_GEO",-0.0955377931874624,1.30325614414355,17,NA,NA,NA
"real","HND_GHA",-2.60316060083475,7.32320721471051,20,NA,NA,NA
"real","HND_GRL",-1.19839752962929,5.01704420469479,11,NA,NA,NA
"real","HND_MDA",-0.233338183515283,1.51109957376354,19,NA,NA,NA
"real","HND_NGA",-0.929781019151061,5.56436356230405,18,NA,NA,NA
"real","HND_PHL",-0.692129954034773,1.19991684345693,24,NA,NA,NA
"real","HND_PYF",-0.694302523616225,1.37151545917654,24,NA,NA,NA
"real","HND_RUS",-0.311288763534944,0.928738544035302,24,NA,NA,NA
"real","HND_SDN",-1.18683730657919,4.58577172308211,22,NA,NA,NA
"real","HND_TZA",-2.06330209336525,6.97382131985037,19,NA,NA,NA
"real","HND_UKR",-1.45118696231921,6.36505687440583,22,NA,NA,NA
"real","HRV_CYM",-3.21019162416639,11.0951426543784,11,NA,NA,NA
"real","HRV_FRO",-0.793319727879279,1.77684611683139,16,NA,NA,NA
"real","HRV_LAO",-1.43567536425297,1.93836095087382,11,NA,NA,NA
"real","HRV_MAC",-1.094100520838,3.51025722214815,23,NA,NA,NA
"real","HRV_SYC",-0.63866097702297,1.68611248205409,14,NA,NA,NA
"real","HRV_ZAF",-1.41926566093932,4.1544661984251,15,NA,NA,NA
"real","HTI_AIA",-1.03836400590426,3.72372207616448,8,NA,NA,NA
"real","HTI_ARE",-0.44727446235111,1.070860966251,9,NA,NA,NA
"real","HTI_HRV",-0.456430246020963,1.64262045045606,22,NA,NA,NA
"real","HTI_IND",-1.04509610100225,1.75255727739555,20,NA,NA,NA
"real","HTI_MLI",-1.98546183294164,4.55533989818998,10,NA,NA,NA
"real","HTI_PHL",-1.29507814832603,3.85835471386832,23,NA,NA,NA
"real","HTI_PYF",-0.572489152963158,1.18225551781673,24,NA,NA,NA
"real","HTI_TZA",-0.676320705735643,3.3356102530867,15,NA,NA,NA
"real","HTI_URY",-1.45305237019552,4.65983454084325,17,NA,NA,NA
"real","HUN_NAM",-0.715903062050082,1.56944789136663,17,NA,NA,NA
"real","IDN_AZE",-0.982359220259066,1.9704630820886,23,NA,NA,NA
"real","IDN_FRO",-0.2054812436084,0.839440933221552,15,NA,NA,NA
"real","IDN_GEO",0.0406722579025314,0.457578105978116,24,NA,NA,NA
"real","IDN_MNG",-0.322254214524498,1.45169866733616,24,NA,NA,NA
"real","IDN_PYF",0.00488917568529994,0.0444694664555365,24,NA,NA,NA
"real","IDN_RWA",-0.588496924328086,0.454956051532735,24,NA,NA,NA
"real","IDN_UKR",-0.376579711965714,0.571533562800997,24,NA,NA,NA
"real","IND_ESH",-2.07289179968138,12.5685474835309,19,NA,NA,NA
"real","IND_PLW",-0.254271951567496,1.15377824623256,19,NA,NA,NA
"real","IOT_BRA",-0.349042811166399,4.54951772964298,12,NA,NA,NA
"real","IOT_GHA",-1.86619223816034,9.99671537322457,15,NA,NA,NA
"real","IOT_PER",-2.56489352852376,8.01058822215862,11,NA,NA,NA
"real","IOT_RUS",-0.952404585380864,6.53656024305848,16,NA,NA,NA
"real","IOT_TGO",-0.494895551164118,4.63301840871618,11,NA,NA,NA
"real","IRN_ALB",-0.150319325221898,0.84409145885232,23,NA,NA,NA
"real","IRN_BLZ",-1.97826148881795,6.7846826125024,14,NA,NA,NA
"real","IRN_GEO",-0.335360830398403,0.434810172278181,24,NA,NA,NA
"real","IRN_MLI",-0.402987943670988,0.821931167704515,23,NA,NA,NA
"real","IRN_NER",-0.322581199866975,0.948920293073354,24,NA,NA,NA
"real","IRN_PYF",-1.12048044039299,2.0852336180931,24,NA,NA,NA
"real","IRN_RUS",-0.020811128430475,0.193332193410125,22,NA,NA,NA
"real","IRN_RWA",-1.37414598600211,1.94817031963466,24,NA,NA,NA
"real","IRN_UKR",0.0819887794952811,0.438232360708295,24,NA,NA,NA
"real","IRQ_COM",-1.5850281980148,10.504738551555,9,NA,NA,NA
"real","IRQ_HND",-0.770197168102251,13.206993937031,16,NA,NA,NA
"real","IRQ_KGZ",-1.05803352747446,9.10493277675459,8,NA,NA,NA
"real","IRQ_LVA",0.0398761860558328,4.58483850520836,10,NA,NA,NA
"real","IRQ_RUS",-1.80898439803247,9.43015813126156,20,NA,NA,NA
"real","IRQ_TGO",-0.0883920475548315,3.68049786123259,8,NA,NA,NA
"real","ISL_ABW",-0.504360876504819,2.4830225127793,11,NA,NA,NA
"real","ISL_AZE",-1.17544677589546,3.90123786202917,22,NA,NA,NA
"real","ISL_BIH",-0.0501122401888699,0.437623932270147,16,NA,NA,NA
"real","ISL_FLK",-0.750870375642317,4.50790723328678,16,NA,NA,NA
"real","ISL_GEO",-1.05218601834956,4.63745695725783,18,NA,NA,NA
"real","ISL_GHA",-1.47840463537878,3.68720535639554,24,NA,NA,NA
"real","ISL_KGZ",-1.22436669890795,7.10579517183065,20,NA,NA,NA
"real","ISL_MLI",-2.40225211633359,4.82192722424332,21,NA,NA,NA
"real","ISL_RWA",-1.76209787865355,8.75122249131649,23,NA,NA,NA
"real","ISL_TZA",-1.06199319141996,7.3302006914935,24,NA,NA,NA
"real","ISR_BEN",-1.92278926353414,3.25314204853026,24,NA,NA,NA
"real","ISR_MDV",-0.654202769244903,3.00691314832082,24,NA,NA,NA
"real","ISR_MLI",-1.15959766606909,2.61162116722974,24,NA,NA,NA
"real","ISR_OMN",-0.0805989144667208,1.86125728362434,19,NA,NA,NA
"real","ISR_QAT",-0.373429058240495,3.02908995465974,16,NA,NA,NA
"real","JAM_AND",-0.156901712954485,1.20179923418753,22,NA,NA,NA
"real","JAM_BGR",-1.04120515832736,2.90686216858605,11,NA,NA,NA
"real","JAM_KAZ",-0.155534685363398,0.606923394851675,21,NA,NA,NA
"real","JAM_MDG",-4.49400828800757,10.2586203113275,12,NA,NA,NA
"real","JAM_MDV",-0.613321969118172,1.52513380379786,24,NA,NA,NA
"real","JAM_NER",-0.923782444108858,2.61266548844654,18,NA,NA,NA
"real","JAM_PAK",-1.45523867598886,3.28040530043041,19,NA,NA,NA
"real","JAM_PYF",-0.0667819303207282,0.278943627392006,24,NA,NA,NA
"real","JAM_RWA",-1.12588798573179,2.91037281570755,19,NA,NA,NA
"real","JAM_UKR",-2.8315377494485,7.83027477359718,24,NA,NA,NA
"real","JOR_MLI",-1.45119225408771,3.62680511258599,19,NA,NA,NA
"real","JOR_PYF",-1.23516024390043,4.7822041970626,20,NA,NA,NA
"real","JOR_ZAF",-0.591293803977575,1.99616839071993,22,NA,NA,NA
"real","JPN_LSO",-0.931555301733265,3.46812589043112,21,NA,NA,NA
"real","KAZ_BGR",-0.759054404958835,1.20648448794474,24,NA,NA,NA
"real","KAZ_DZA",-1.94540480689957,5.03814886246061,23,NA,NA,NA
"real","KAZ_JAM",-0.935869639656434,4.55178395144478,9,NA,NA,NA
"real","KAZ_MNG",0.187847074692869,0.611832795293975,24,NA,NA,NA
"real","KAZ_PHL",-2.64894458768414,8.77718397791477,24,NA,NA,NA
"real","KAZ_TZA",-2.02904731162079,5.72502786852671,19,NA,NA,NA
"real","KEN_BHS",-2.44595449199122,9.73792442796564,17,NA,NA,NA
"real","KEN_BIH",-0.732742400632333,2.08859298299425,20,NA,NA,NA
"real","KEN_BRN",-4.05909255156081,12.0776739896802,22,NA,NA,NA
"real","KEN_DMA",-2.35408481235307,7.35032809708615,11,NA,NA,NA
"real","KEN_FRO",-1.43825536355717,1.09734937541879,15,NA,NA,NA
"real","KEN_GRD",-2.81586543552134,6.04450909362163,16,NA,NA,NA
"real","KEN_GRL",-0.33427270707341,1.00890039804903,15,NA,NA,NA
"real","KEN_GTM",-0.762238794859623,1.86501032094977,21,NA,NA,NA
"real","KEN_KGZ",-0.557099915500237,2.92183057305237,19,NA,NA,NA
"real","KEN_LCA",-0.110462200884869,2.19238594807248,13,NA,NA,NA
"real","KEN_MKD",-0.375144176619608,0.89554136626878,22,NA,NA,NA
"real","KEN_PYF",-0.783183166514883,2.95190357560347,24,NA,NA,NA
"real","KEN_RUS",-0.863431199536032,2.38499490843933,24,NA,NA,NA
"real","KEN_SLV",-0.971428579193124,2.79873236726804,23,NA,NA,NA
"real","KEN_UKR",-1.27065316315896,4.89908053353675,24,NA,NA,NA
"real","KGZ_BRA",-1.38429023771405,4.45486238974913,21,NA,NA,NA
"real","KGZ_EST",-0.937292283476806,3.0267967734203,24,NA,NA,NA
"real","KGZ_LBN",-0.952452505427081,1.55469370355273,23,NA,NA,NA
"real","KHM_EST",-0.772293995827694,1.26637810206776,23,NA,NA,NA
"real","KHM_FRO",-0.791067379250981,0.899708613463139,14,NA,NA,NA
"real","KHM_GHA",-1.80090964159285,5.05198919504561,21,NA,NA,NA
"real","KHM_ISR",-1.66038011705664,2.32872520623101,22,NA,NA,NA
"real","KHM_MAC",-0.835229295279564,1.62961224285075,23,NA,NA,NA
"real","KHM_MLI",-3.09845874295388,5.42776053867241,20,NA,NA,NA
"real","KHM_PYF",-0.575325069852331,0.646346396342273,24,NA,NA,NA
"real","KHM_ROU",-1.20271474984537,2.76281108291258,23,NA,NA,NA
"real","KHM_RUS",-0.898084706124762,2.37354782612832,24,NA,NA,NA
"real","KHM_SDN",-1.09511544349588,5.12243636054145,20,NA,NA,NA
"real","KHM_UKR",-1.03993992442305,2.00297447413714,24,NA,NA,NA
"real","KIR_ALB",-0.940739163693871,4.59609016007825,9,NA,NA,NA
"real","KIR_BGR",-0.578770940108185,3.56369600762063,9,NA,NA,NA
"real","KIR_NGA",-1.9129456151263,17.0425756675754,10,NA,NA,NA
"real","KIR_PHL",-0.369870594452852,0.845075694991202,12,NA,NA,NA
"real","KNA_ARG",-1.81687397772995,7.159523665144,20,NA,NA,NA
"real","KNA_CIV",-2.05288783320144,4.81349943041237,12,NA,NA,NA
"real","KNA_GRC",-2.87924557103922,6.38107644122904,9,NA,NA,NA
"real","KNA_IDN",-2.00215677797311,10.2596093817782,15,NA,NA,NA
"real","KNA_IND",-1.99897705135136,4.05379961919099,14,NA,NA,NA
"real","KNA_RUS",-1.11972138131238,3.92437846358692,20,NA,NA,NA
"real","KNA_SDN",-0.896672389709415,4.5973101671027,16,NA,NA,NA
"real","KNA_TWN",-1.17892325287794,3.26477180058959,23,NA,NA,NA
"real","KOR_BIH",-0.404111306031154,1.24322876251212,24,NA,NA,NA
"real","KOR_LSO",-1.80681199748466,6.22841376017995,21,NA,NA,NA
"real","KWT_ALB",-1.27330936167904,5.4410617333485,23,NA,NA,NA
"real","KWT_ARM",-1.33828302109347,5.84512958846043,21,NA,NA,NA
"real","KWT_CIV",-0.143433189058075,1.46858622705187,23,NA,NA,NA
"real","KWT_GAB",-0.549523915471496,1.03981458409009,21,NA,NA,NA
"real","KWT_GEO",-1.64464530290834,3.55490396978104,22,NA,NA,NA
"real","KWT_GHA",-0.592848258171868,1.98721973142774,24,NA,NA,NA
"real","KWT_NER",-1.03232781634314,3.41543338594932,24,NA,NA,NA
"real","KWT_NGA",-0.486214373306363,1.97734595808474,23,NA,NA,NA
"real","KWT_PAN",-0.975370477125839,3.90411951565368,13,NA,NA,NA
"real","KWT_PYF",-1.19150511067744,3.18369791426657,8,NA,NA,NA
"real","KWT_SEN",-1.06079633556269,3.53676023143405,24,NA,NA,NA
"real","KWT_TKM",-2.00978022502115,3.25920537089654,16,NA,NA,NA
"real","KWT_TTO",-1.32363528182118,5.80416012925474,16,NA,NA,NA
"real","KWT_UKR",-1.42523154443528,3.55230386679421,21,NA,NA,NA
"real","LAO_ECU",-0.90754345244442,1.81482668080928,12,NA,NA,NA
"real","LAO_FRO",-0.869155351100521,2.61605300236403,13,NA,NA,NA
"real","LAO_GHA",-2.20935868668714,6.08369220817964,13,NA,NA,NA
"real","LAO_MLT",-0.982694919770269,5.91211203062154,13,NA,NA,NA
"real","LAO_NGA",-3.59484843501795,7.46863204051761,18,NA,NA,NA
"real","LAO_PYF",-0.620264969004382,2.65166406134813,23,NA,NA,NA
"real","LAO_RUS",-1.38246772211734,3.02247745716257,24,NA,NA,NA
"real","LAO_SDN",-1.40399455362756,3.67963640848356,21,NA,NA,NA
"real","LAO_TWN",-0.232080810147072,1.05065872937616,24,NA,NA,NA
"real","LAO_UKR",-1.23979167681955,3.76089873583383,24,NA,NA,NA
"real","LAO_ZAF",-0.844568372595156,1.15901193527181,22,NA,NA,NA
"real","LBN_ALB",-0.872610027737827,3.90519065183099,24,NA,NA,NA
"real","LBN_AZE",-0.476828417192243,0.989166005836524,24,NA,NA,NA
"real","LBN_GEO",-0.264366998638493,1.14117650447277,24,NA,NA,NA
"real","LBN_GHA",-0.254709248176687,0.35113161390061,24,NA,NA,NA
"real","LBN_MLI",-0.246347023136517,0.438285140422415,24,NA,NA,NA
"real","LBN_NER",-0.182441512289362,0.533300975501067,24,NA,NA,NA
"real","LBN_NGA",-0.566172636140253,0.691561497289907,24,NA,NA,NA
"real","LBN_PHL",-0.352113174345391,0.947442769988976,24,NA,NA,NA
"real","LBN_PYF",-0.703556062168793,2.80446992963513,24,NA,NA,NA
"real","LBN_RUS",0.172276014215961,0.220224724239702,24,NA,NA,NA
"real","LBN_RWA",-1.55754053937422,4.14080367237984,18,NA,NA,NA
"real","LBN_UKR",0.185412856505607,0.664157346860469,24,NA,NA,NA
"real","LBR_BGR",-3.47499094359007,8.51751293254752,22,NA,NA,NA
"real","LBR_CRI",-1.0987483838936,3.65962612324011,9,NA,NA,NA
"real","LBR_EST",-1.30725061798511,5.17892391219574,9,NA,NA,NA
"real","LBR_LTU",-3.56112198704029,16.6358576656755,14,NA,NA,NA
"real","LBR_LVA",-2.33047461241212,5.57278876515107,12,NA,NA,NA
"real","LBR_RUS",-1.28490658837053,3.77792586579362,24,NA,NA,NA
"real","LBR_SVN",-1.27472548570036,4.49297611826534,19,NA,NA,NA
"real","LBR_TTO",-0.776216752236175,2.41636425358646,11,NA,NA,NA
"real","LBR_UKR",-1.16964446575006,4.5010461666383,20,NA,NA,NA
"real","LBY_BGR",-1.64612977571342,6.31800209345503,23,NA,NA,NA
"real","LBY_EST",-2.59563053782617,6.54639638171059,8,NA,NA,NA
"real","LBY_SEN",-2.34693800275966,11.5097676524031,21,NA,NA,NA
"real","LCA_CZE",-2.51857009310354,9.11483004312075,8,NA,NA,NA
"real","LCA_PER",-5.36050986735002,10.7497236612678,18,NA,NA,NA
"real","LCA_TCA",-0.400428931369228,1.95268820202755,18,NA,NA,NA
"real","LCA_TZA",-0.951048354908402,5.10515812599344,8,NA,NA,NA
"real","LKA_KGZ",0.0453693999592266,0.760540979155367,23,NA,NA,NA
"real","LKA_MDA",-0.21103396117594,0.829811659331614,24,NA,NA,NA
"real","LKA_PYF",-0.173494500290239,0.296909725328056,24,NA,NA,NA
"real","LKA_RWA",-1.01425711364632,1.80936741887937,24,NA,NA,NA
"real","LSO_BFA",-1.27977719127103,6.26316617154374,8,NA,NA,NA
"real","LSO_CHL",-0.868375875759366,4.26540485275101,18,NA,NA,NA
"real","LTU_BLZ",-1.71750450777825,2.76899075710978,11,NA,NA,NA
"real","LTU_GAB",-0.671518981583201,1.42312943978261,20,NA,NA,NA
"real","LTU_GHA",-2.38935055220838,7.14756259976291,19,NA,NA,NA
"real","LTU_HND",-1.61197951564644,3.03452710199323,14,NA,NA,NA
"real","LTU_KEN",-1.67150704249404,6.91557211113945,19,NA,NA,NA
"real","LTU_KWT",-0.449814687664062,1.28237790312671,21,NA,NA,NA
"real","LTU_VCT",-1.84822703625884,5.61225888700891,11,NA,NA,NA
"real","LVA_ATG",-2.18833441805548,4.07265778547123,11,NA,NA,NA
"real","LVA_BIH",-0.28727237267567,1.12774511183217,11,NA,NA,NA
"real","LVA_GHA",-1.87004281592133,4.71826536390564,17,NA,NA,NA
"real","LVA_GIB",-1.83061770437085,3.44525313747844,23,NA,NA,NA
"real","LVA_GTM",-1.62841132437141,4.7729839339121,14,NA,NA,NA
"real","LVA_TGO",-3.21272450784544,11.6734860642157,21,NA,NA,NA
"real","LVA_VCT",-1.98907494635471,3.48075221652527,11,NA,NA,NA
"real","LVA_VGB",-1.19440770069048,4.59571402896886,10,NA,NA,NA
"real","MAC_FRO",-0.0734794177115854,0.194560519801113,14,NA,NA,NA
"real","MAC_KNA",-1.90455717954212,7.7359050659942,9,NA,NA,NA
"real","MAC_SEN",-1.96229590758527,6.81733485709012,13,NA,NA,NA
"real","MAC_TZA",-3.58885609678939,9.15470970332351,17,NA,NA,NA
"real","MAC_ZWE",-0.760036277569867,4.73233846512935,8,NA,NA,NA
"real","MAR_ARM",-0.777645937164723,1.46044401218926,18,NA,NA,NA
"real","MAR_BIH",-0.499377503555608,0.994940735844261,20,NA,NA,NA
"real","MAR_NPL",-1.70614967616691,6.37994003437398,20,NA,NA,NA
"real","MAR_TKM",-1.29495238325792,5.61042097691435,10,NA,NA,NA
"real","MDA_BOL",-0.283864485010548,2.84542607026154,16,NA,NA,NA
"real","MDA_BRA",-1.92919522753409,7.82064272640902,22,NA,NA,NA
"real","MDA_ECU",-1.07689387653452,4.63855956763263,19,NA,NA,NA
"real","MDA_GHA",-0.372344019086256,0.811109010723206,15,NA,NA,NA
"real","MDA_MNG",-0.720660869197739,1.87823818477871,19,NA,NA,NA
"real","MDA_SGP",-1.24585865213387,3.99580523321573,20,NA,NA,NA
"real","MDA_TUN",-1.64851373504503,4.09291103851659,22,NA,NA,NA
"real","MDG_GUY",-0.517651066485776,2.71887946418614,16,NA,NA,NA
"real","MDG_MDA",-0.500891011088675,1.01288022471806,17,NA,NA,NA
"real","MDG_MLI",-1.70261402709054,3.43105977715243,21,NA,NA,NA
"real","MDG_NIC",-1.33314083530172,6.06250817584632,23,NA,NA,NA
"real","MDV_BGR",-1.00526565439164,3.01469007924642,13,NA,NA,NA
"real","MDV_BHR",-0.629808474824139,2.38379215202447,20,NA,NA,NA
"real","MDV_MDA",-0.619538510234324,3.38236878304119,10,NA,NA,NA
"real","MDV_MLT",-1.60826503946621,5.41321374417271,16,NA,NA,NA
"real","MDV_PYF",-1.25736632401191,4.46377999316437,12,NA,NA,NA
"real","MDV_RUS",-1.51901863461222,10.4234078640298,16,NA,NA,NA
"real","MEX_AZE",-0.603716847302252,1.81450833207178,24,NA,NA,NA
"real","MEX_FSM",-1.19996169233219,9.37341581798118,15,NA,NA,NA
"real","MEX_MDA",-0.294699989872723,1.21760897049262,24,NA,NA,NA
"real","MEX_TKM",-0.729853942901779,4.10137681239499,10,NA,NA,NA
"real","MEX_UZB",-1.69294534315433,4.95912809342318,16,NA,NA,NA
"real","MHL_FRA",-2.37078235762311,7.29004358096334,21,NA,NA,NA
"real","MHL_POL",-0.668071898079146,2.17781254980693,21,NA,NA,NA
"real","MHL_UKR",-0.823628249803065,3.00021941601519,12,NA,NA,NA
"real","MKD_AND",-0.638274539883863,2.11411673741421,22,NA,NA,NA
"real","MKD_FRO",-0.248824189612427,1.00463827502033,14,NA,NA,NA
"real","MKD_GAB",-2.09427619116832,6.81062757393754,10,NA,NA,NA
"real","MKD_LBR",-1.36393025324206,3.9825117746844,10,NA,NA,NA
"real","MKD_PRY",-2.98645957639206,6.81825464400291,8,NA,NA,NA
"real","MLI_ALB",-1.15335469739313,4.22782431289949,12,NA,NA,NA
"real","MLI_ARE",-2.8870666785791,12.1453693163471,17,NA,NA,NA
"real","MLI_BGR",-1.9722178782578,5.50986983011106,17,NA,NA,NA
"real","MLI_ETH",-0.241822256655394,1.3674692776554,24,NA,NA,NA
"real","MLI_GRD",-1.13382523293528,5.4685196252403,10,NA,NA,NA
"real","MLI_LBN",-1.31578319664926,2.88543481183686,24,NA,NA,NA
"real","MLI_MDG",-1.12135235109842,4.60093487208158,20,NA,NA,NA
"real","MLI_PRK",-1.99620241092771,7.15739584497551,11,NA,NA,NA
"real","MLI_RUS",-3.20351204861404,11.579419233752,24,NA,NA,NA
"real","MLI_RWA",-0.302134572133123,2.7709179563077,22,NA,NA,NA
"real","MLI_SYR",-0.543408176038599,6.06641791782349,8,NA,NA,NA
"real","MLI_TCD",-0.786218334618973,4.7288894234996,17,NA,NA,NA
"real","MLT_ATG",-0.882274868220106,2.95714874822052,11,NA,NA,NA
"real","MLT_BFA",-1.9747986606882,4.3465854035091,19,NA,NA,NA
"real","MLT_BRN",-2.72469548508104,7.65714952281243,19,NA,NA,NA
"real","MLT_COG",-3.16195937171887,6.35849459792169,20,NA,NA,NA
"real","MLT_GIB",-3.47361755858615,13.8590685988683,20,NA,NA,NA
"real","MLT_GIN",-1.62702815912172,5.81514289771235,22,NA,NA,NA
"real","MLT_MAC",-1.70780005068812,4.89646420345107,21,NA,NA,NA
"real","MLT_MDV",-0.0516025398251882,0.261072031894391,24,NA,NA,NA
"real","MLT_MWI",-1.60628075399165,12.8332182538025,18,NA,NA,NA
"real","MLT_PHL",-0.929575346048859,2.58880737713578,24,NA,NA,NA
"real","MLT_PNG",-0.0975260513734753,0.329575849569079,8,NA,NA,NA
"real","MLT_SLB",-0.80610818802593,4.27903210857067,9,NA,NA,NA
"real","MLT_SLV",-1.14055436001553,4.21928478480534,12,NA,NA,NA
"real","MLT_SUR",-0.989251647089005,2.41302199961567,11,NA,NA,NA
"real","MLT_VNM",-2.34587834829854,8.39427367295157,24,NA,NA,NA
"real","MMR_FRO",-0.793446475786241,4.14316703886433,17,NA,NA,NA
"real","MMR_ISR",-1.02544814706433,1.13207470827005,24,NA,NA,NA
"real","MMR_RUS",-1.40116559706818,5.06811807641333,23,NA,NA,NA
"real","MMR_RWA",0.374245585937081,2.83168765523722,8,NA,NA,NA
"real","MNG_BGR",-1.37181273234337,3.52685304678442,24,NA,NA,NA
"real","MNG_CAN",-1.70604847490825,5.76182191027845,24,NA,NA,NA
"real","MNG_GEO",-1.8795077714181,9.98605051768976,9,NA,NA,NA
"real","MNG_KAZ",0.0424002460023839,0.905156899057906,24,NA,NA,NA
"real","MNG_KGZ",-0.513977278952734,1.37321274385544,20,NA,NA,NA
"real","MNG_RUS",0.384835435201894,0.856868011926554,24,NA,NA,NA
"real","MNG_TWN",-2.04407678725586,5.58117980076535,23,NA,NA,NA
"real","MNG_URY",-0.600806678446338,4.78102877979721,16,NA,NA,NA
"real","MNG_UZB",-2.12512303245792,7.44602258587427,17,NA,NA,NA
"real","MNP_BGR",-0.874299944384152,3.35172371286664,9,NA,NA,NA
"real","MNP_CRI",-1.018640532511,3.97143555786589,13,NA,NA,NA
"real","MNP_DNK",-0.948311896834927,1.91100678709838,14,NA,NA,NA
"real","MNP_GBR",-1.57209234807141,6.04938853098668,21,NA,NA,NA
"real","MNP_MEX",-1.03822604597661,5.76788592816719,18,NA,NA,NA
"real","MNP_SVN",-2.78347190826716,9.69078572214736,18,NA,NA,NA
"real","MOZ_AND",-1.69799954624771,6.87741781534027,9,NA,NA,NA
"real","MOZ_RUS",0.0698767928863051,0.501381673412974,23,NA,NA,NA
"real","MOZ_TGO",-1.83831763470993,8.58985137636004,12,NA,NA,NA
"real","MOZ_UKR",-0.348044571325202,0.931617676244815,19,NA,NA,NA
"real","MRT_BGR",-2.01902899468527,7.10234600586636,21,NA,NA,NA
"real","MRT_GEO",-1.02273677915971,4.65223120171558,12,NA,NA,NA
"real","MRT_KWT",-0.206034086707263,1.56569734301939,18,NA,NA,NA
"real","MRT_MAC",-2.5072527505247,12.3962460989043,9,NA,NA,NA
"real","MRT_MKD",-2.14581058347032,7.9190414169294,17,NA,NA,NA
"real","MRT_PYF",-1.12828858419831,5.00142281811756,20,NA,NA,NA
"real","MRT_ROU",-3.45306907368464,15.3259885146522,19,NA,NA,NA
"real","MRT_RUS",-0.0432157153282566,1.87566413011773,24,NA,NA,NA
"real","MRT_RWA",-0.865064509203421,4.5052268328287,16,NA,NA,NA
"real","MRT_TZA",-1.76994671381767,6.26251176137329,21,NA,NA,NA
"real","MRT_UKR",-0.298666370842355,2.43408256579052,23,NA,NA,NA
"real","MSR_GHA",-0.744375428317975,2.27806368401148,14,NA,NA,NA
"real","MSR_NGA",-2.07580231253773,6.66913711040354,14,NA,NA,NA
"real","MSR_NIC",-1.59313705785416,5.42852165325878,13,NA,NA,NA
"real","MSR_SDN",-0.963146888302898,4.5055907222233,16,NA,NA,NA
"real","MSR_TZA",-1.79604390005584,5.34458999203609,8,NA,NA,NA
"real","MUS_ATG",-2.29956928615741,9.11825473848343,14,NA,NA,NA
"real","MUS_BEN",-1.46440305341625,3.77423338475552,24,NA,NA,NA
"real","MUS_BOL",-0.790339030988979,1.62176230741916,19,NA,NA,NA
"real","MUS_DZA",-1.6047673158753,4.15432166752739,22,NA,NA,NA
"real","MUS_KAZ",-0.551670821438752,1.39965096108356,19,NA,NA,NA
"real","MUS_MHL",-3.11627270036454,5.06388314368623,15,NA,NA,NA
"real","MWI_CUB",-1.33937150579997,3.94739557000534,8,NA,NA,NA
"real","MWI_PRY",-1.82651676609517,6.93405241126152,11,NA,NA,NA
"real","MWI_PYF",-0.927108892895,2.11231736667172,12,NA,NA,NA
"real","MYS_BIH",-0.596497924616998,1.48869095490608,24,NA,NA,NA
"real","MYS_ERI",-0.905172205563672,2.64568501613956,24,NA,NA,NA
"real","MYS_TJK",-0.997711018979634,1.7340171009165,24,NA,NA,NA
"real","NAM_BRA",-2.28947442375527,4.24065095791461,18,NA,NA,NA
"real","NAM_FRO",-2.16928906978315,12.8330134548882,17,NA,NA,NA
"real","NER_EST",-2.47732530757896,5.46361157803945,22,NA,NA,NA
"real","NER_IND",-1.80281287021794,3.88428732797276,24,NA,NA,NA
"real","NER_KWT",-2.29568893734591,11.4598028881522,17,NA,NA,NA
"real","NER_LTU",-2.08161986950911,9.43111951252126,9,NA,NA,NA
"real","NER_MOZ",-0.596143182073414,4.80157765306118,13,NA,NA,NA
"real","NER_PHL",-1.23592575178135,5.53450055291917,17,NA,NA,NA
"real","NER_PNG",-0.537444495709711,7.61561925747527,9,NA,NA,NA
"real","NER_PYF",-2.00009774106812,10.808431877849,13,NA,NA,NA
"real","NER_RWA",-0.291222234564248,3.45705736093882,21,NA,NA,NA
"real","NER_SGP",-2.10517135239127,5.4072157798558,18,NA,NA,NA
"real","NFK_MYS",-0.692117681638089,0.821128987082116,16,NA,NA,NA
"real","NFK_SVN",-0.536582909702483,2.87051514996154,15,NA,NA,NA
"real","NGA_AGO",-0.670127640665076,1.85028719175741,21,NA,NA,NA
"real","NGA_ALB",-5.98138048665533,19.4377712941845,11,NA,NA,NA
"real","NGA_BHS",-3.7887855263174,18.0395877367947,19,NA,NA,NA
"real","NGA_COD",-3.27956608860152,5.18007982736217,16,NA,NA,NA
"real","NGA_FRO",-5.27209932449802,11.1106643478694,13,NA,NA,NA
"real","NGA_LBN",-1.58609884266303,1.80063324238476,24,NA,NA,NA
"real","NGA_MDA",-3.92156098430324,6.27596786392699,20,NA,NA,NA
"real","NGA_PYF",-0.622246872754254,2.32018222956435,21,NA,NA,NA
"real","NGA_RUS",-0.120610691027678,1.45634280816543,24,NA,NA,NA
"real","NGA_RWA",-0.540309463436084,3.68467730319668,23,NA,NA,NA
"real","NGA_UKR",-1.10428852793144,2.35671430639204,24,NA,NA,NA
"real","NIC_LBN",-0.624550775695101,2.56410113317564,24,NA,NA,NA
"real","NIC_MAC",-0.133976765722823,1.81355802127852,22,NA,NA,NA
"real","NIC_OMN",-0.675868515655525,1.31492067950654,10,NA,NA,NA
"real","NIC_PYF",-0.896049699060661,2.36243520650643,22,NA,NA,NA
"real","NIC_RWA",-1.5517397807835,9.81073345385588,16,NA,NA,NA
"real","NIU_RUS",0.0194526812524388,12.7030618912875,14,NA,NA,NA
"real","NIU_UKR",-0.557595402575807,6.80561260021761,8,NA,NA,NA
"real","NOR_AIA",-1.54689583793183,3.78639646113287,16,NA,NA,NA
"real","NOR_MSR",-1.4853113475396,6.60399345806141,13,NA,NA,NA
"real","NOR_PRK",-2.46425581459257,6.90353165885548,10,NA,NA,NA
"real","NOR_WLF",-0.92255201365724,3.82976092379204,10,NA,NA,NA
"real","NPL_FRO",-0.715573814100127,2.10354456911874,11,NA,NA,NA
"real","NPL_GHA",-3.57315341546236,6.24137173496492,19,NA,NA,NA
"real","NPL_GTM",-0.679799128662791,1.52858226841751,18,NA,NA,NA
"real","NPL_HND",-0.53911824341561,1.76131377489526,13,NA,NA,NA
"real","NPL_NGA",-2.67866317693085,15.0065930457993,17,NA,NA,NA
"real","NPL_PYF",-0.552737945418784,0.952286128328506,22,NA,NA,NA
"real","NPL_UKR",-0.721512056968308,2.36776856028465,23,NA,NA,NA
"real","NPL_URY",-0.777240412288904,2.0517912081882,22,NA,NA,NA
"real","NRU_BGD",-1.96963077528632,6.76000368891961,17,NA,NA,NA
"real","NRU_BGR",-1.17903941893635,4.05979653840179,9,NA,NA,NA
"real","NRU_GHA",-3.17989026266691,6.07534667736172,12,NA,NA,NA
"real","NRU_IND",-0.942559661190748,3.84534903960089,23,NA,NA,NA
"real","NRU_MDA",-3.04828067853318,10.6145393065562,8,NA,NA,NA
"real","NRU_NGA",-1.78160114942347,8.77650741464489,17,NA,NA,NA
"real","NRU_PHL",-3.36753221595662,11.7445272609333,14,NA,NA,NA
"real","NRU_RUS",-0.796801296179442,4.97766500938906,12,NA,NA,NA
"real","NRU_SDN",-1.12169368695817,4.25618880131767,13,NA,NA,NA
"real","NRU_SLV",-1.16560155092777,5.30023271651231,8,NA,NA,NA
"real","NRU_TGO",-0.968322647780199,3.37384740710667,8,NA,NA,NA
"real","NRU_TZA",-1.55820116710755,9.60711386970781,20,NA,NA,NA
"real","NZL_AZE",-0.229185185209962,0.897417446485543,24,NA,NA,NA
"real","NZL_ERI",-1.2949232071296,2.94974053610719,23,NA,NA,NA
"real","NZL_KGZ",-0.8640809172233,2.14910626454019,23,NA,NA,NA
"real","OMN_BOL",-2.15459201514666,9.63789652242191,16,NA,NA,NA
"real","OMN_EST",-3.1490791760338,7.3212146727063,20,NA,NA,NA
"real","OMN_GRD",-1.45062603896365,5.11457228694961,10,NA,NA,NA
"real","OMN_ISR",-1.97002639506677,7.80721017381303,11,NA,NA,NA
"real","OMN_MLI",-1.28257901293163,3.77215256198472,21,NA,NA,NA
"real","OMN_MOZ",-2.60926956962321,7.7442570856803,22,NA,NA,NA
"real","OMN_PER",-2.07018897978622,5.31919276665284,22,NA,NA,NA
"real","OMN_SLE",0.021539624653093,0.605062082618728,23,NA,NA,NA
"real","OMN_TTO",-0.558697148758744,1.41058681863809,17,NA,NA,NA
"real","OMN_URY",-2.82663253685935,17.1745829897436,14,NA,NA,NA
"real","OMN_ZAF",-1.3483343873688,5.65338453791011,21,NA,NA,NA
"real","PAK_LAO",-1.38109096189535,2.61613642972636,23,NA,NA,NA
"real","PAK_PYF",0.0238069577483195,0.0818535984759941,24,NA,NA,NA
"real","PAN_AZE",-2.37038933929513,11.2713432462487,21,NA,NA,NA
"real","PAN_GHA",-1.26783058352391,1.76335376427876,23,NA,NA,NA
"real","PAN_KGZ",-0.689483163791158,3.32420220696324,15,NA,NA,NA
"real","PAN_NER",-2.44717580076692,3.70828569504546,13,NA,NA,NA
"real","PAN_OMN",-3.28857665383313,6.20452149576027,10,NA,NA,NA
"real","PAN_TZA",-1.52247011157185,3.91515112872274,22,NA,NA,NA
"real","PAN_UKR",-0.893704187396033,1.76395966839714,24,NA,NA,NA
"real","PAN_ZMB",-3.00968024393753,11.2923414791244,14,NA,NA,NA
"real","PER_ARM",-0.242853868759273,0.531396734058522,17,NA,NA,NA
"real","PER_BWA",-2.49749124043578,16.1956588313351,13,NA,NA,NA
"real","PER_FRO",-2.38073852351322,4.47947003379335,17,NA,NA,NA
"real","PER_KAZ",-0.521078797173116,5.30799840726892,22,NA,NA,NA
"real","PER_LAO",-0.589210543420924,2.34709088172012,13,NA,NA,NA
"real","PER_MSR",-0.564381572871406,3.08689730725336,17,NA,NA,NA
"real","PER_SYC",-2.03962339648776,5.21968608830157,15,NA,NA,NA
"real","PER_TGO",-1.01020793083786,3.28962888050557,22,NA,NA,NA
"real","PHL_ABW",-0.326605608179266,1.44343331012975,24,NA,NA,NA
"real","PHL_AGO",-1.24476795598424,1.52077269536833,24,NA,NA,NA
"real","PHL_ANT",-0.458670962005456,1.24078357930394,15,NA,NA,NA
"real","PHL_ATF",-4.24784341419287,13.4696958173358,14,NA,NA,NA
"real","PHL_BIH",-0.113196063619403,0.39268990441421,24,NA,NA,NA
"real","PHL_BLR",-0.616751322640754,2.01701198752031,23,NA,NA,NA
"real","PHL_COD",-1.90717171207458,4.59209189448511,14,NA,NA,NA
"real","PHL_CPV",-1.53766648893275,3.43822777791514,19,NA,NA,NA
"real","PHL_FSM",-0.302658620111309,0.771887654915279,24,NA,NA,NA
"real","PHL_GIB",-1.45916514335479,8.00981999784336,21,NA,NA,NA
"real","PHL_GNQ",-2.63173418541175,8.28849617113588,10,NA,NA,NA
"real","PHL_HTI",-1.05161211597462,2.78973994486257,24,NA,NA,NA
"real","PHL_KIR",-0.308764114408592,1.01714102972444,21,NA,NA,NA
"real","PHL_MLI",-0.729679174361291,2.64376756085281,23,NA,NA,NA
"real","PHL_MNG",-1.03991706038473,2.69372647843616,24,NA,NA,NA
"real","PHL_MRT",-4.18566949521332,15.0607506412003,19,NA,NA,NA
"real","PHL_PLW",-0.0338285488729574,0.283660871388437,24,NA,NA,NA
"real","PHL_SLB",-0.510650800392848,2.05831566090828,24,NA,NA,NA
"real","PHL_TCA",-1.51147859800394,3.9475218710808,21,NA,NA,NA
"real","PHL_UKR",-0.44286248788258,0.605101779554056,24,NA,NA,NA
"real","PHL_VGB",-1.0755444575998,3.92778407554244,24,NA,NA,NA
"real","PHL_VUT",-0.481492002248768,1.72244832813434,24,NA,NA,NA
"real","PHL_WSM",-0.782086667660101,2.69246658314111,23,NA,NA,NA
"real","PHL_YEM",-0.784895948722948,1.09653985826817,24,NA,NA,NA
"real","PLW_FRA",-0.699631942159053,1.98982609791192,18,NA,NA,NA
"real","PLW_NLD",-1.07146849413411,2.52412319309969,11,NA,NA,NA
"real","PLW_PHL",-2.52121832017649,7.25214427448808,22,NA,NA,NA
"real","PLW_SVN",-2.06780019249663,6.20873026112094,8,NA,NA,NA
"real","PNG_BGR",-3.1738601630296,10.66623402978,10,NA,NA,NA
"real","PNG_GAB",-0.609689357065649,2.48892576097441,8,NA,NA,NA
"real","PNG_GHA",-3.3854090013829,5.97642774861363,14,NA,NA,NA
"real","PNG_HRV",-0.242919948520625,0.626052407290752,12,NA,NA,NA
"real","PNG_MAC",0.361703078644843,1.17705628639858,13,NA,NA,NA
"real","PNG_MKD",-1.29471592843207,6.46915277486173,8,NA,NA,NA
"real","PNG_NGA",-2.55567043006468,9.63936709298205,17,NA,NA,NA
"real","PNG_SDN",-1.74263686797784,5.6786190071893,16,NA,NA,NA
"real","PNG_TZA",-2.2490666404962,14.5101477501692,12,NA,NA,NA
"real","PNG_ZAF",-0.262909682129873,4.25002458778,24,NA,NA,NA
"real","POL_KIR",-1.88545514779319,8.04345056540898,14,NA,NA,NA
"real","POL_MDV",-1.41917401561569,3.21882636706639,19,NA,NA,NA
"real","POL_MOZ",-0.769273657879451,1.86540821890039,18,NA,NA,NA
"real","POL_SLB",-1.41448540734263,9.1346554578926,9,NA,NA,NA
"real","POL_VGB",-0.869491054157399,1.54101835766081,10,NA,NA,NA
"real","PRK_ALB",-0.342792371392952,2.74817738510681,21,NA,NA,NA
"real","PRK_AZE",-1.10893137354092,8.42078306530855,21,NA,NA,NA
"real","PRK_FRO",-0.0327941310079306,1.1778457414859,14,NA,NA,NA
"real","PRK_GEO",-0.156451648209648,1.36580756112039,15,NA,NA,NA
"real","PRK_GMB",-0.876063238097898,4.11527220741006,16,NA,NA,NA
"real","PRK_ISR",-4.6113090845486,7.07762768154087,10,NA,NA,NA
"real","PRK_MLI",-0.732123709514537,1.78018969153329,19,NA,NA,NA
"real","PRK_MNG",-0.528011556602952,2.30218502809421,17,NA,NA,NA
"real","PRK_PYF",-0.232471881986705,2.37135892496477,24,NA,NA,NA
"real","PRK_RUS",0.28192034696204,0.888673497304916,24,NA,NA,NA
"real","PRK_SLV",-0.26228588305275,1.96600240045896,21,NA,NA,NA
"real","PRK_UKR",-0.216449163048213,2.78456013910625,24,NA,NA,NA
"real","PRY_FRO",-1.4016737928543,2.89209982880973,12,NA,NA,NA
"real","PRY_MAC",-0.45545737509383,6.48105234318488,14,NA,NA,NA
"real","PRY_PYF",-2.97114771264353,8.57631560516043,23,NA,NA,NA
"real","PRY_SDN",-0.833066055867339,3.10261133589497,14,NA,NA,NA
"real","PYF_AND",-0.695311443395537,2.87761164179617,12,NA,NA,NA
"real","PYF_BGD",-1.6579227918626,9.16324366195081,12,NA,NA,NA
"real","PYF_CHE",-0.558944129445615,1.7375635564651,24,NA,NA,NA
"real","PYF_GHA",-2.04160949258939,5.69098395284815,12,NA,NA,NA
"real","PYF_HND",-1.11126521235291,3.29123478898258,11,NA,NA,NA
"real","PYF_MAR",-1.09632878815069,2.70380413133861,12,NA,NA,NA
"real","PYF_NOR",-0.311928183328064,1.99890572324863,24,NA,NA,NA
"real","PYF_RUS",-1.00014324863593,3.99236284942859,22,NA,NA,NA
"real","PYF_THA",-0.790491148065051,2.03549386359889,24,NA,NA,NA
"real","PYF_UKR",-1.22107592449856,5.14200232119015,16,NA,NA,NA
"real","PYF_VUT",-1.33146012478788,5.76417672962337,22,NA,NA,NA
"real","PYF_WLF",0.0485887179371286,0.864739376778289,24,NA,NA,NA
"real","PYF_WSM",-1.54626294102536,3.87918134578815,24,NA,NA,NA
"real","QAT_CIV",-0.661183743059747,1.54618371756472,23,NA,NA,NA
"real","QAT_GHA",-1.05524444876199,2.46665104424497,23,NA,NA,NA
"real","QAT_NGA",-0.756741007186219,3.23174073206911,23,NA,NA,NA
"real","QAT_RUS",-1.18025529917455,5.2940607838042,21,NA,NA,NA
"real","QAT_SEN",-0.658023476702374,1.61371870701949,23,NA,NA,NA
"real","QAT_TZA",-0.313462728385241,2.37706197922325,24,NA,NA,NA
"real","QAT_UKR",-1.31865043252819,3.01993275134193,24,NA,NA,NA
"real","QAT_VEN",-2.15256546184355,6.49651691163002,18,NA,NA,NA
"real","ROU_FRO",-0.229012527179906,0.595099387733129,10,NA,NA,NA
"real","ROU_LAO",-2.27976948000214,5.17513023966707,15,NA,NA,NA
"real","ROU_PYF",-2.02106496491811,3.92934040784701,10,NA,NA,NA
"real","RUS_AFG",-0.188334516934363,0.133540712957093,24,NA,NA,NA
"real","RUS_AGO",-0.0449310208559538,0.82709441082366,24,NA,NA,NA
"real","RUS_AIA",-1.6333155824587,4.90155265895018,23,NA,NA,NA
"real","RUS_ALB",-0.197977535526347,0.567378987402022,24,NA,NA,NA
"real","RUS_ATG",-1.45355809188651,5.08340371648444,21,NA,NA,NA
"real","RUS_BEN",-1.88244651451085,4.46671854652793,24,NA,NA,NA
"real","RUS_BHS",-0.234407852352713,1.38741377908264,24,NA,NA,NA
"real","RUS_BIH",-0.380960197527938,0.357764382504978,24,NA,NA,NA
"real","RUS_COD",-1.17071668357764,3.81191947217428,23,NA,NA,NA
"real","RUS_CUB",-0.0439340399684031,0.460492225807399,24,NA,NA,NA
"real","RUS_CYM",-0.714550947427618,2.89343452581404,22,NA,NA,NA
"real","RUS_DJI",-1.86429495566586,6.17074878166386,22,NA,NA,NA
"real","RUS_DOM",-0.395944895178063,1.30043260497468,24,NA,NA,NA
"real","RUS_ERI",-1.53187629566167,12.6694110155247,22,NA,NA,NA
"real","RUS_FRO",-0.268895594385458,1.5361667327053,24,NA,NA,NA
"real","RUS_GHA",-0.166014536169545,0.38493723042553,24,NA,NA,NA
"real","RUS_GIB",0.343713298106718,1.81560674571819,24,NA,NA,NA
"real","RUS_GNB",-0.835415715812547,3.84103188480714,16,NA,NA,NA
"real","RUS_GNQ",-0.30573838138148,1.10565067511207,24,NA,NA,NA
"real","RUS_IRN",-0.00424354228597513,0.320041991988761,22,NA,NA,NA
"real","RUS_IRQ",0.181145266309579,0.945416504104723,24,NA,NA,NA
"real","RUS_KHM",-0.367699903976741,0.902394395283496,24,NA,NA,NA
"real","RUS_LAO",-0.156386886174861,0.720953874863179,24,NA,NA,NA
"real","RUS_LBN",-0.0201491977370552,0.251549940114378,24,NA,NA,NA
"real","RUS_LBR",-0.19489267898296,1.07862614394321,24,NA,NA,NA
"real","RUS_LBY",-0.962126263212343,3.76113080968029,24,NA,NA,NA
"real","RUS_MHL",-0.383092561390871,3.54261169334202,20,NA,NA,NA
"real","RUS_MLI",-0.488400805793654,1.2224374746337,24,NA,NA,NA
"real","RUS_MNG",0.107952926343714,0.0325582066444448,24,NA,NA,NA
"real","RUS_MRT",-0.680393799142036,1.96298786518884,24,NA,NA,NA
"real","RUS_NGA",-0.165069567706407,0.746391183451441,24,NA,NA,NA
"real","RUS_PNG",-0.255020742131763,2.42354791916869,24,NA,NA,NA
"real","RUS_PRK",0.133595734901552,0.489098814782582,24,NA,NA,NA
"real","RUS_PYF",-0.0721182907204153,0.323269749716969,24,NA,NA,NA
"real","RUS_QAT",-1.1885893264484,2.74638082151946,24,NA,NA,NA
"real","RUS_RWA",-0.764726325561364,1.76396332193184,24,NA,NA,NA
"real","RUS_SEN",-0.215383478855757,0.399194842474425,24,NA,NA,NA
"real","RUS_SLE",-0.717690291790066,2.75935921677581,24,NA,NA,NA
"real","RUS_SUR",-1.30718697027589,4.33123217648502,21,NA,NA,NA
"real","RUS_TCA",-1.12340235484805,4.88998357468889,19,NA,NA,NA
"real","RUS_VGB",-0.154973191686046,0.441777923755004,24,NA,NA,NA
"real","RUS_VNM",0.299114903552474,0.279081189549553,19,NA,NA,NA
"real","RUS_VUT",-2.3738239068664,16.3527946946612,14,NA,NA,NA
"real","RUS_YEM",-0.567410517213548,1.28846904320567,24,NA,NA,NA
"real","RWA_BGD",-2.41909097227351,9.92622926054216,16,NA,NA,NA
"real","RWA_CHL",-0.449625529393542,1.18997445308898,9,NA,NA,NA
"real","RWA_GHA",-1.73029401411737,5.95057509913398,21,NA,NA,NA
"real","RWA_JAM",-1.77864277193843,5.21279726496187,12,NA,NA,NA
"real","RWA_LBN",-1.08220308607436,5.76031447186006,19,NA,NA,NA
"real","RWA_SVK",-0.987832201511218,5.60865810046719,22,NA,NA,NA
"real","RWA_ZAF",-0.0449255292302415,2.42536489559727,24,NA,NA,NA
"real","SAU_ARM",-0.453939811409859,1.39716041648909,18,NA,NA,NA
"real","SAU_BIH",-0.636183765893002,2.78175667959038,19,NA,NA,NA
"real","SAU_GRD",-1.20708269655999,5.52707576394704,24,NA,NA,NA
"real","SAU_ISR",-0.881626828161615,4.41279596971744,11,NA,NA,NA
"real","SAU_MDA",-0.897319745282319,2.32942325760444,22,NA,NA,NA
"real","SAU_RWA",-0.970722172178104,2.96203001217718,24,NA,NA,NA
"real","SDN_ALB",-2.68530379117921,19.2676530038983,13,NA,NA,NA
"real","SDN_GAB",-1.06741530365679,10.8037479200527,9,NA,NA,NA
"real","SDN_SOM",-0.95122725621312,11.4225698126157,11,NA,NA,NA
"real","SDN_UKR",0.0168566707227787,2.01465955432445,24,NA,NA,NA
"real","SEN_ARE",-1.87029901041219,7.55147900408706,22,NA,NA,NA
"real","SEN_COD",-0.230956859433119,1.8001989266099,24,NA,NA,NA
"real","SEN_GNQ",-0.890355451039974,2.52921203943743,24,NA,NA,NA
"real","SEN_IRN",-1.81892157670348,4.33601833924781,20,NA,NA,NA
"real","SEN_PYF",-0.307596686778031,2.11351009463446,24,NA,NA,NA
"real","SEN_RUS",-1.6500426827889,4.35174671742824,24,NA,NA,NA
"real","SEN_RWA",-0.479819544009065,4.27522553115558,23,NA,NA,NA
"real","SEN_SYC",-1.85787080934542,4.99768396918722,12,NA,NA,NA
"real","SEN_SYR",-0.719846019604022,1.95835636886604,8,NA,NA,NA
"real","SGP_FRO",-0.373610318584972,1.7530930072132,21,NA,NA,NA
"real","SGP_GEO",-0.687933873060888,1.28488828871694,24,NA,NA,NA
"real","SGP_MLI",-0.0952558554942962,0.578861408858949,23,NA,NA,NA
"real","SGP_RWA",-0.568022234835779,0.85961590035822,24,NA,NA,NA
"real","SHN_AUS",-1.39537392299829,4.12541490708445,20,NA,NA,NA
"real","SHN_BGD",-0.585887077741625,3.76333077277123,13,NA,NA,NA
"real","SHN_BRA",-2.39070808615499,12.4086799888707,14,NA,NA,NA
"real","SHN_PHL",-1.72856157774308,8.25099939659153,12,NA,NA,NA
"real","SHN_RWA",-0.44385486332564,4.39151772689707,12,NA,NA,NA
"real","SHN_TUR",-1.0644445979633,4.40558141000455,16,NA,NA,NA
"real","SLB_PHL",0.0156527521208963,0.271889956102949,24,NA,NA,NA
"real","SLB_PYF",-1.65164791505721,8.3250346259567,21,NA,NA,NA
"real","SLB_SDN",-1.35170134563708,3.76331982946818,11,NA,NA,NA
"real","SLE_ALB",-0.686507501855619,3.7234510910443,15,NA,NA,NA
"real","SLE_GRD",-0.607423451487956,3.651078286181,20,NA,NA,NA
"real","SLE_GRL",-0.4590168351788,1.9346515288043,15,NA,NA,NA
"real","SLE_LCA",-2.12183859834205,7.41504612953743,8,NA,NA,NA
"real","SLE_PHL",-0.863697033041652,4.06980577562064,17,NA,NA,NA
"real","SLE_SDN",-1.99044476473198,7.37958653795887,20,NA,NA,NA
"real","SLE_SVN",-1.51295224845553,5.38614778135975,22,NA,NA,NA
"real","SLE_TWN",-2.5347967040261,4.5349943392218,24,NA,NA,NA
"real","SLV_AND",-0.450113861340797,1.51430981302175,21,NA,NA,NA
"real","SLV_EST",-0.802968662612028,2.00683253203226,16,NA,NA,NA
"real","SLV_FRO",-1.68734236100169,3.53309860285074,11,NA,NA,NA
"real","SLV_GHA",-2.0007489808639,5.26965258159587,14,NA,NA,NA
"real","SLV_PAK",-0.808717363675492,2.28784103238516,17,NA,NA,NA
"real","SLV_PRK",-1.92032205523935,8.39621691592028,17,NA,NA,NA
"real","SLV_PYF",-0.326783085728177,0.791618916965033,24,NA,NA,NA
"real","SLV_RUS",-0.678672181097143,5.19409221209833,24,NA,NA,NA
"real","SLV_SYC",-1.34291845881923,4.11836403123422,14,NA,NA,NA
"real","SLV_VGB",-1.64825060876751,4.85592167843907,16,NA,NA,NA
"real","SOM_ECU",-4.20957891430407,14.8359353707195,8,NA,NA,NA
"real","SOM_EST",-2.86917184412279,9.23509459770305,11,NA,NA,NA
"real","SOM_GHA",-5.46283450042487,8.85239247915658,13,NA,NA,NA
"real","SOM_SLV",-0.555016897713435,2.96989607300469,8,NA,NA,NA
"real","SOM_UKR",-3.02233772898547,10.9352117830697,16,NA,NA,NA
"real","STP_BGD",-2.94454780502548,10.9030238272031,16,NA,NA,NA
"real","STP_GAB",-0.581242752913729,1.50345920553503,23,NA,NA,NA
"real","STP_GHA",-1.11139035753289,3.39340278014681,12,NA,NA,NA
"real","STP_ISR",-0.701285643427271,2.48549690103263,11,NA,NA,NA
"real","STP_NZL",-2.79714870528652,8.21870667815428,16,NA,NA,NA
"real","STP_PER",-2.24761943696644,5.64182474956668,15,NA,NA,NA
"real","STP_PHL",-1.21640625403701,3.5336718827024,12,NA,NA,NA
"real","STP_SLV",-1.57973437257053,2.87637448991003,9,NA,NA,NA
"real","STP_TTO",-1.15762798338449,5.0447365654026,10,NA,NA,NA
"real","STP_TZA",-2.40538302669741,13.6985519818601,13,NA,NA,NA
"real","SUR_ALB",-0.308686244169372,2.10223824445882,11,NA,NA,NA
"real","SUR_BGR",-1.42811345103958,4.28041733633553,10,NA,NA,NA
"real","SUR_EST",-2.14336357058952,7.98558428944548,10,NA,NA,NA
"real","SUR_GHA",-3.33253332646473,11.9484733518243,20,NA,NA,NA
"real","SUR_LBR",-2.00306246384287,6.18887772554606,12,NA,NA,NA
"real","SUR_MDG",-1.7192930606169,6.53974776527827,16,NA,NA,NA
"real","SUR_PAN",-0.890022477045445,2.66458067000214,23,NA,NA,NA
"real","SUR_PHL",-1.59363017952902,4.29209010623582,19,NA,NA,NA
"real","SUR_PRK",-1.71417935111335,7.99893311663874,19,NA,NA,NA
"real","SUR_SGP",-2.28644062449197,6.37180432500633,18,NA,NA,NA
"real","SUR_TZA",-1.91212694019985,10.7990354644585,24,NA,NA,NA
"real","SUR_UKR",-1.07423140549786,4.73314742016837,19,NA,NA,NA
"real","SVK_COG",-0.730905117448848,2.14430911262789,23,NA,NA,NA
"real","SVK_MDG",-0.837156626716489,1.25100462574363,13,NA,NA,NA
"real","SVK_MHL",-0.673534014193509,9.28452566968487,10,NA,NA,NA
"real","SVK_SYC",-0.783847747581344,1.9818247102651,13,NA,NA,NA
"real","SVN_FJI",-0.985490438002351,3.45421773869455,10,NA,NA,NA
"real","SVN_GAB",-0.924142135532722,2.71870587432474,24,NA,NA,NA
"real","SVN_KHM",-1.29972081060171,2.25557447065381,22,NA,NA,NA
"real","SVN_MDV",-1.51904184602034,3.00373946316158,18,NA,NA,NA
"real","SVN_NPL",-1.11532941477184,3.0828807922779,23,NA,NA,NA
"real","SVN_SOM",-1.37058222178547,2.23373308065976,12,NA,NA,NA
"real","SVN_TGO",-0.283421831169618,1.22218786527811,20,NA,NA,NA
"real","SWZ_HRV",-0.570552385450317,1.60567924651324,17,NA,NA,NA
"real","SWZ_TWN",-0.521481489329684,1.57540360299648,21,NA,NA,NA
"real","SYC_CIV",-1.75241231208974,5.19061981513213,17,NA,NA,NA
"real","SYC_CYP",-0.345040731465512,1.26318228402929,14,NA,NA,NA
"real","SYC_DOM",-1.63556702439462,7.96017704860794,11,NA,NA,NA
"real","SYC_EST",-1.65899581927643,10.4939076384953,11,NA,NA,NA
"real","SYC_GAB",-2.59309910951577,7.44654169029612,10,NA,NA,NA
"real","SYC_GHA",-0.861727020751224,3.49135084231174,23,NA,NA,NA
"real","SYC_HRV",-0.239023833004194,0.60170320884945,15,NA,NA,NA
"real","SYC_PHL",-1.32707191889522,3.30564368246357,22,NA,NA,NA
"real","SYC_ROU",-1.00572986799262,4.49540826565058,11,NA,NA,NA
"real","SYC_RUS",-1.18322306300874,3.9434780785049,23,NA,NA,NA
"real","SYC_SLV",-2.47333516584869,5.89596506613482,15,NA,NA,NA
"real","SYC_SVN",-3.28805894946171,15.4937470600575,14,NA,NA,NA
"real","SYC_UKR",-0.365440038497593,1.02751684468912,24,NA,NA,NA
"real","SYR_ALB",-0.189868528334579,1.13511554254468,19,NA,NA,NA
"real","SYR_AND",-0.416315743385433,2.71159515591398,13,NA,NA,NA
"real","SYR_AZE",-0.101216512231176,0.631329155905686,24,NA,NA,NA
"real","SYR_BEN",-0.216533412900354,1.03218816854137,19,NA,NA,NA
"real","SYR_GEO",-0.198523669321569,0.370826636404982,24,NA,NA,NA
"real","SYR_GHA",-0.964971424714491,4.3227060617692,24,NA,NA,NA
"real","SYR_GMB",-1.81109952022789,3.06056224418241,17,NA,NA,NA
"real","SYR_LCA",0.449656165596217,2.94539009727492,14,NA,NA,NA
"real","SYR_NGA",-1.70851137955243,3.3217313857337,23,NA,NA,NA
"real","SYR_PYF",0.226914009485545,1.20221680219586,23,NA,NA,NA
"real","SYR_SEN",-0.986039685020263,2.2546840396601,23,NA,NA,NA
"real","SYR_UKR",-0.473329922371523,1.01399182463523,24,NA,NA,NA
"real","SYR_ZMB",-1.75266832834539,6.92377811175164,22,NA,NA,NA
"real","TCA_BGR",-0.966444591354674,5.82897491689602,11,NA,NA,NA
"real","TCA_LCA",-1.48271662907213,4.16750715219268,20,NA,NA,NA
"real","TCA_MDA",-0.355643901524852,1.94268368794681,13,NA,NA,NA
"real","TCA_PER",-2.85501429650675,8.10714362793494,12,NA,NA,NA
"real","TCA_RUS",-1.73713023377802,8.47907673753331,24,NA,NA,NA
"real","TCA_THA",-0.328328027701134,1.44315314510583,24,NA,NA,NA
"real","TCA_TZA",-2.027599007779,4.0072694748147,14,NA,NA,NA
"real","TCA_UKR",-0.95639878485473,7.49866264855502,19,NA,NA,NA
"real","TCD_BRA",-1.93119871414084,10.1564475707336,19,NA,NA,NA
"real","TCD_GHA",-1.33080410857555,5.79819089095905,18,NA,NA,NA
"real","TCD_MLI",0.165546384093837,4.17187792528815,14,NA,NA,NA
"real","TCD_NER",-2.27551121674282,5.74200723839903,19,NA,NA,NA
"real","TCD_NGA",-1.95977325267062,2.79935654924104,19,NA,NA,NA
"real","TCD_ROU",-2.00024831269157,24.5682288159747,9,NA,NA,NA
"real","TCD_RWA",-0.977938257868105,12.5508588235025,16,NA,NA,NA
"real","TGO_ARG",-6.42317245998154,18.8411790203244,9,NA,NA,NA
"real","TGO_COM",-2.70119355396077,5.14369261510159,9,NA,NA,NA
"real","TGO_EST",-2.51589663432411,7.78606289395563,13,NA,NA,NA
"real","TGO_LBN",-2.74100762675844,11.4938566630341,22,NA,NA,NA
"real","TGO_SDN",-0.951606345200067,2.83146694542443,16,NA,NA,NA
"real","TJK_GEO",-0.753290193944265,1.63281320466965,23,NA,NA,NA
"real","TJK_HND",-2.7019279843223,12.0608045407527,8,NA,NA,NA
"real","TJK_MYS",-2.53356615749758,6.92968037785967,15,NA,NA,NA
"real","TJK_SAU",-1.01726582522622,2.58410986053464,15,NA,NA,NA
"real","TJK_ZAF",-1.20746219992604,3.09103286285679,21,NA,NA,NA
"real","TKL_EST",-0.919542715606549,3.05327328984115,19,NA,NA,NA
"real","TKL_GHA",-1.24267436507777,5.05660752798306,13,NA,NA,NA
"real","TKL_NGA",-0.784628427221876,2.74693488486703,18,NA,NA,NA
"real","TKL_PYF",-0.813600776326054,1.9215525815416,13,NA,NA,NA
"real","TKM_ALB",-1.12359761725846,4.87281972491687,11,NA,NA,NA
"real","TKM_FRO",-0.668057372071875,3.51726786947083,11,NA,NA,NA
"real","TKM_MNG",-0.244208126070117,12.3887260687802,9,NA,NA,NA
"real","TKM_PYF",-1.66453152635041,10.1717572331041,10,NA,NA,NA
"real","TON_SDN",-2.87305310360816,4.72676043454993,14,NA,NA,NA
"real","TTO_AGO",-1.48582650758503,4.25234403983781,21,NA,NA,NA
"real","TTO_AND",-1.55768272093309,7.93950299402523,11,NA,NA,NA
"real","TTO_BFA",-1.33397178496911,4.1439717646793,17,NA,NA,NA
"real","TTO_COG",-0.870130266152659,6.14169862152458,16,NA,NA,NA
"real","TTO_FRO",-2.70828760959371,6.02913365356206,12,NA,NA,NA
"real","TTO_STP",-0.80519039194941,3.52839793121917,8,NA,NA,NA
"real","TUN_BDI",-1.06074001645613,4.57939774817239,14,NA,NA,NA
"real","TUN_FRO",-0.370892837954742,0.45808525116391,17,NA,NA,NA
"real","TUN_GEO",-1.26526224321109,7.20345421406556,17,NA,NA,NA
"real","TUN_GRD",-1.85638558887432,5.43850771909747,14,NA,NA,NA
"real","TUN_KNA",-0.634490921277565,2.14674730031585,12,NA,NA,NA
"real","TUN_STP",-0.569957051300314,3.08633983360509,16,NA,NA,NA
"real","TUR_ABW",-0.314041732477308,1.52032826721943,22,NA,NA,NA
"real","TUR_PYF",-0.277775077921708,0.252088233961982,24,NA,NA,NA
"real","TUR_VUT",-0.7920861525976,2.30958348347385,20,NA,NA,NA
"real","TUV_COM",0.753774401942777,4.43595851961263,8,NA,NA,NA
"real","TUV_GBR",-0.0245464633153235,3.83479201800285,15,NA,NA,NA
"real","TUV_POL",-0.695237177965255,5.54474425521651,18,NA,NA,NA
"real","TUV_UKR",-0.471041557165119,6.3872282597383,9,NA,NA,NA
"real","TWN_ALB",-0.427410347965637,0.636557059331274,24,NA,NA,NA
"real","TWN_BGR",-0.102121934009361,0.280227766298926,24,NA,NA,NA
"real","TWN_CPV",-1.36525070245932,2.83117010394582,24,NA,NA,NA
"real","TWN_KGZ",-0.903557890797245,3.19219375217419,24,NA,NA,NA
"real","TWN_MNG",-0.0782515855938248,0.526220697052186,24,NA,NA,NA
"real","TWN_RWA",-0.409863948986353,0.787735955760759,24,NA,NA,NA
"real","TWN_VNM",-0.175565499480536,1.18536771520226,24,NA,NA,NA
"real","TWN_YEM",-0.438133126337469,1.99715703940608,24,NA,NA,NA
"real","TZA_CIV",-1.4060040785422,4.06564416047821,24,NA,NA,NA
"real","TZA_GMB",-0.617320549090117,1.67446946700004,24,NA,NA,NA
"real","TZA_LCA",-0.683808376768261,4.59441620064998,9,NA,NA,NA
"real","TZA_MLT",-0.588379517225304,1.02268784592822,22,NA,NA,NA
"real","TZA_PAN",-4.84229486383409,6.22222676783444,15,NA,NA,NA
"real","TZA_UKR",-0.660470429319368,2.56078175418246,24,NA,NA,NA
"real","UGA_AND",-1.82038164844464,5.71577939616695,14,NA,NA,NA
"real","UGA_BGD",-1.77910737698482,5.59207286030316,23,NA,NA,NA
"real","UGA_BHR",-0.958549874222728,4.99922226953585,15,NA,NA,NA
"real","UGA_BWA",-1.05711812163936,3.11307571523147,21,NA,NA,NA
"real","UGA_CIV",-1.93282136890426,6.22460429104228,22,NA,NA,NA
"real","UGA_GHA",-1.06431289680807,2.1037306230056,24,NA,NA,NA
"real","UGA_GRD",-2.61794527640214,7.85867790215738,15,NA,NA,NA
"real","UGA_LVA",-1.26794366218058,3.42089336926916,16,NA,NA,NA
"real","UGA_MMR",-2.93859837824821,11.7447938954911,10,NA,NA,NA
"real","UGA_NER",-1.78266167438069,4.91083671254348,22,NA,NA,NA
"real","UGA_PHL",-1.31819235979139,4.63541027313769,18,NA,NA,NA
"real","UGA_RUS",-0.423416596594435,2.24991996575392,23,NA,NA,NA
"real","UGA_TCD",-1.38394251381696,4.11398714116751,14,NA,NA,NA
"real","UGA_VEN",-1.12230002801637,4.65223502414257,13,NA,NA,NA
"real","UKR_AFG",0.0567639010010425,0.635156831198036,24,NA,NA,NA
"real","UKR_AGO",-0.319113570720157,1.62717228055013,24,NA,NA,NA
"real","UKR_AIA",-1.57298148979446,7.83276746551197,18,NA,NA,NA
"real","UKR_ALB",-0.235302012641088,0.456654791578847,24,NA,NA,NA
"real","UKR_BGD",-0.85463133371285,1.73898344316219,24,NA,NA,NA
"real","UKR_BHR",-0.568874226504686,1.42950982205885,22,NA,NA,NA
"real","UKR_BHS",-1.57662768983875,7.6192549354066,24,NA,NA,NA
"real","UKR_BIH",-0.668026710446615,2.52550559893394,24,NA,NA,NA
"real","UKR_BLZ",-1.46479209297017,2.20888695361551,24,NA,NA,NA
"real","UKR_BOL",-0.47831664190355,1.64228493909322,23,NA,NA,NA
"real","UKR_CAF",-0.754305496101681,2.17038784067534,19,NA,NA,NA
"real","UKR_CIV",-0.461028215040185,0.909388999754518,23,NA,NA,NA
"real","UKR_COD",-1.26910683673704,3.9751333966533,22,NA,NA,NA
"real","UKR_COK",-3.17627215888454,7.0460649807286,14,NA,NA,NA
"real","UKR_CUB",-0.316312847924227,0.493955706654683,24,NA,NA,NA
"real","UKR_CYM",-2.38340779396465,8.83384749205027,19,NA,NA,NA
"real","UKR_DJI",-1.55480662639435,5.47029171199722,22,NA,NA,NA
"real","UKR_ECU",-0.292072599168485,2.4953676689301,24,NA,NA,NA
"real","UKR_ERI",-1.9544013486299,8.76029080161096,15,NA,NA,NA
"real","UKR_FRO",-1.93805095704706,3.69349596585483,16,NA,NA,NA
"real","UKR_GAB",-0.930169329676454,3.31411558962973,23,NA,NA,NA
"real","UKR_GHA",-0.602450983648782,1.95390258979852,24,NA,NA,NA
"real","UKR_GIB",-2.13093378503236,10.2398499253546,24,NA,NA,NA
"real","UKR_GTM",-0.341105324032788,1.66805302905056,24,NA,NA,NA
"real","UKR_GUY",-0.83337156211203,1.82637245317781,24,NA,NA,NA
"real","UKR_HND",-1.70726028315509,7.09063793453258,23,NA,NA,NA
"real","UKR_IDN",-0.266724430431561,0.385329519402099,24,NA,NA,NA
"real","UKR_IRN",-0.253619150831749,0.624461053537031,24,NA,NA,NA
"real","UKR_KEN",-0.828828323276409,2.3280075549157,24,NA,NA,NA
"real","UKR_KHM",-0.289880511476006,1.01602355667409,23,NA,NA,NA
"real","UKR_LBN",-0.00660640751959714,0.122222013958455,24,NA,NA,NA
"real","UKR_LBR",-0.678157774213113,1.63090294766024,24,NA,NA,NA
"real","UKR_LBY",-1.17783500157894,5.58598610085155,24,NA,NA,NA
"real","UKR_MLI",-0.896529950096664,3.19944896744336,23,NA,NA,NA
"real","UKR_MMR",-0.70296999843682,3.09438805145319,24,NA,NA,NA
"real","UKR_MNG",-0.175461368640908,0.313869875021217,24,NA,NA,NA
"real","UKR_MOZ",-0.269739471535448,0.787306253358688,23,NA,NA,NA
"real","UKR_MRT",0.0547196034583682,0.745154650303999,24,NA,NA,NA
"real","UKR_NGA",-0.0734024836467749,0.313878514682497,24,NA,NA,NA
"real","UKR_NIC",-0.616865118939388,3.7650809766056,24,NA,NA,NA
"real","UKR_NPL",-1.31128333199194,2.91317333817743,24,NA,NA,NA
"real","UKR_PAN",-0.322078668233025,1.41840271266495,24,NA,NA,NA
"real","UKR_PHL",-0.486314660518151,1.35544917718114,24,NA,NA,NA
"real","UKR_PNG",-0.928173348081913,7.06856043205778,15,NA,NA,NA
"real","UKR_PRK",-0.611511122982147,3.28585977792016,23,NA,NA,NA
"real","UKR_PYF",-0.68376811400076,1.86716910766374,23,NA,NA,NA
"real","UKR_RWA",-0.874125643651427,2.16585922153426,24,NA,NA,NA
"real","UKR_SEN",-0.955730817638801,3.88687074274515,24,NA,NA,NA
"real","UKR_SLE",-0.528300646440892,1.97840215386229,23,NA,NA,NA
"real","UKR_SYC",-0.796283238712138,2.81796159260456,24,NA,NA,NA
"real","UKR_SYR",-0.663256322772663,2.39437013733232,24,NA,NA,NA
"real","UKR_TCA",-0.918900277828679,3.26157495089085,10,NA,NA,NA
"real","UKR_VCT",-1.72946737690303,3.97724005861247,24,NA,NA,NA
"real","UKR_VGB",-0.889836029579546,2.22051844422886,24,NA,NA,NA
"real","UKR_VNM",0.209388688503472,0.874861966111647,24,NA,NA,NA
"real","UKR_YEM",-0.317756268504629,1.01456999607517,24,NA,NA,NA
"real","URY_FRO",-2.12236051239794,6.36287033684831,17,NA,NA,NA
"real","URY_GHA",-0.848805551800347,4.29174373401012,24,NA,NA,NA
"real","URY_GIN",-0.872691979111917,1.86842778113959,20,NA,NA,NA
"real","URY_GRD",-1.14721766688023,5.92414500097422,23,NA,NA,NA
"real","URY_KNA",-1.28430327318205,3.14591911880926,14,NA,NA,NA
"real","URY_MDA",-0.446249667905026,1.11148816246451,21,NA,NA,NA
"real","URY_PYF",-1.18772370714192,6.62167766279793,21,NA,NA,NA
"real","URY_SYR",-1.4022111080123,3.70079530186995,21,NA,NA,NA
"real","URY_YEM",-2.8136029143906,5.3827554472264,21,NA,NA,NA
"real","UZB_DZA",-2.62282734433828,9.26778643038033,15,NA,NA,NA
"real","UZB_GEO",-0.0409449625587486,0.73683929248639,24,NA,NA,NA
"real","UZB_JOR",-0.778549918863416,2.38438226225445,22,NA,NA,NA
"real","UZB_MNG",-0.810393492505233,1.23054104924411,17,NA,NA,NA
"real","UZB_OMN",-0.792444124434366,3.99575541643649,10,NA,NA,NA
"real","VCT_CYM",-1.08391038803602,3.00686183562344,10,NA,NA,NA
"real","VCT_GHA",-2.0487247994876,5.37073678131991,11,NA,NA,NA
"real","VCT_IRL",-3.1124190633443,14.2005120813199,8,NA,NA,NA
"real","VCT_ISR",-1.66259509567522,5.59108632287781,8,NA,NA,NA
"real","VCT_LTU",-1.08050019155823,5.29031263908735,8,NA,NA,NA
"real","VCT_TZA",-1.08664836110242,3.97918078267403,10,NA,NA,NA
"real","VEN_ABW",-0.855286118040953,3.66132105502773,23,NA,NA,NA
"real","VEN_AGO",-1.2158965048766,4.25969825937677,20,NA,NA,NA
"real","VEN_ALB",-1.36551494420608,4.46617837630277,14,NA,NA,NA
"real","VEN_COG",-3.42846296634831,4.46443924762556,18,NA,NA,NA
"real","VEN_GEO",-2.52625894958105,9.43515188253417,10,NA,NA,NA
"real","VEN_LVA",-5.04176284730328,11.73533256222,15,NA,NA,NA
"real","VEN_PYF",-0.901520991312483,4.67234162002004,24,NA,NA,NA
"real","VEN_STP",-0.830797234132015,4.31897380478253,14,NA,NA,NA
"real","VEN_UKR",-0.864239732541025,3.40842994509176,23,NA,NA,NA
"real","VGB_GEO",-0.685701708940316,2.51003344733261,24,NA,NA,NA
"real","VGB_PER",-1.45802772702581,7.81400024817369,16,NA,NA,NA
"real","VGB_PRY",-1.36384863262476,3.33201458749543,12,NA,NA,NA
"real","VGB_RUS",-1.23088672530916,4.05745655249536,24,NA,NA,NA
"real","VGB_TUR",-0.988357625447631,5.94416764692566,24,NA,NA,NA
"real","VGB_UKR",-2.42866022204204,9.72967901406129,24,NA,NA,NA
"real","VGB_URY",-1.00774961511977,1.86106467844436,22,NA,NA,NA
"real","VNM_AZE",-1.13022475722758,1.57403607125606,22,NA,NA,NA
"real","VNM_COM",-0.58296264304804,3.1682151398424,21,NA,NA,NA
"real","VNM_FRO",-0.0905627578524615,0.150951418564401,14,NA,NA,NA
"real","VNM_MLI",0.458499555280389,2.41501676770745,23,NA,NA,NA
"real","VNM_MNG",0.245518166273615,0.299589954013864,22,NA,NA,NA
"real","VNM_NER",0.458829131648983,3.23296687724422,24,NA,NA,NA
"real","VNM_PYF",-0.270842151589087,0.113736075409319,24,NA,NA,NA
"real","VNM_RUS",-0.0872260648408071,0.0674086264712546,19,NA,NA,NA
"real","VNM_SLV",-1.03034429318649,1.61358533875387,23,NA,NA,NA
"real","VNM_SYC",-0.429966758993525,1.39009993111837,23,NA,NA,NA
"real","VNM_TWN",0.188898959636593,0.157939385935629,24,NA,NA,NA
"real","VNM_UKR",0.00645266657477445,0.0499779141806821,24,NA,NA,NA
"real","VUT_CRI",-4.08785605191032,18.3773716521709,13,NA,NA,NA
"real","VUT_PYF",-1.33864621861681,6.90816721043935,23,NA,NA,NA
"real","WLF_NGA",-1.07424115846919,3.11629399394349,11,NA,NA,NA
"real","WSM_DZA",-2.33947185785891,5.38365954031901,14,NA,NA,NA
"real","WSM_RUS",-3.13639268957735,17.3279413465553,15,NA,NA,NA
"real","YEM_BGR",-0.60072193975886,6.81879364854323,15,NA,NA,NA
"real","YEM_GHA",-0.232091764527084,0.74217455500629,24,NA,NA,NA
"real","YEM_MLT",-5.1381198195084,19.8531006629762,9,NA,NA,NA
"real","YEM_NGA",-2.01510039342795,6.64967451073378,20,NA,NA,NA
"real","YEM_RUS",-1.19117599116544,4.6284765160464,23,NA,NA,NA
"real","ZAF_ALB",-0.4516823957677,0.912631615874754,22,NA,NA,NA
"real","ZAF_ATG",-0.324033192147053,1.62998872765269,21,NA,NA,NA
"real","ZAF_BGD",-0.285292750502657,0.491488945632344,24,NA,NA,NA
"real","ZAF_BRN",-0.165251430538728,0.485163177200359,22,NA,NA,NA
"real","ZAF_DMA",-0.618359520294602,1.8352159092389,23,NA,NA,NA
"real","ZAF_FRO",-0.558405742660525,8.02297371092376,22,NA,NA,NA
"real","ZAF_NIC",-0.143014072122348,1.22615811204831,23,NA,NA,NA
"real","ZAF_SYR",-0.407944678221518,1.07535550896552,24,NA,NA,NA
"real","ZMB_BGR",-1.17876378603338,3.7364125271496,24,NA,NA,NA
"real","ZMB_BOL",-1.31562520264256,9.18635856920502,9,NA,NA,NA
"real","ZMB_CIV",-2.43361932089401,8.2825248944986,17,NA,NA,NA
"real","ZMB_GHA",-0.463243980530567,1.0473211678949,24,NA,NA,NA
"real","ZMB_GMB",-0.835807213631906,3.3521742314853,16,NA,NA,NA
"real","ZMB_LBN",-0.790192262349793,3.06446078940654,22,NA,NA,NA
"real","ZMB_ROU",-2.73290544125843,5.60464885106592,23,NA,NA,NA
"real","ZMB_UKR",-0.352873659848476,2.20154993180186,21,NA,NA,NA
"real","ZWE_CRI",-2.91948067416155,9.34679331639876,16,NA,NA,NA
"real","ZWE_PRY",-0.651659758449659,6.10776652727012,17,NA,NA,NA
"real","ABW_BHS",-2.12754193286908,8.72818409925274,20,NA,NA,NA
"real","ABW_GUY",-0.263358601236181,4.52292704114518,23,NA,NA,NA
"real","ABW_HKG",-0.714949449474745,7.5043581451078,22,NA,NA,NA
"real","ABW_IDN",-3.44859702994891,11.7746124609995,11,NA,NA,NA
"real","ABW_LBN",-1.38972611655125,9.40233601198175,22,NA,NA,NA
"real","ABW_NZL",0.0733082700813867,2.60954509033601,15,NA,NA,NA
"real","ABW_UGA",0.612556703240459,5.14356162925541,9,NA,NA,NA
"real","AFG_FRO",-0.486652361129217,2.15696881795277,12,NA,NA,NA
"real","AFG_HKG",-0.366942145776322,0.948406794576064,17,NA,NA,NA
"real","AFG_LBN",-0.492519356317805,3.26977299959577,23,NA,NA,NA
"real","AFG_MKD",-2.49895127947033,5.82846009969963,21,NA,NA,NA
"real","AFG_NGA",-5.17504430404371,12.8947849663528,19,NA,NA,NA
"real","AFG_TWN",-1.0657861740249,3.29844567240883,22,NA,NA,NA
"real","AFG_VCT",-0.909362865009141,2.77786764621602,9,NA,NA,NA
"real","AGO_ARG",-4.09666229960784,15.9907534911356,18,NA,NA,NA
"real","AGO_HKG",-1.97687993500464,6.03038185889959,23,NA,NA,NA
"real","AGO_HND",-1.96656163599309,7.85652473616635,14,NA,NA,NA
"real","AGO_LBN",-1.36163442539127,3.31053982101591,16,NA,NA,NA
"real","AGO_TWN",-0.23238658198313,0.455955913738043,23,NA,NA,NA
"real","AGO_URY",-3.55860000615905,38.4031628629785,13,NA,NA,NA
"real","AIA_ARM",-1.48796012647636,6.47548677646889,14,NA,NA,NA
"real","AIA_IDN",-2.30367028447626,7.64548506639178,23,NA,NA,NA
"real","AIA_ISR",-0.957449718334675,4.15493614699542,14,NA,NA,NA
"real","AIA_LBN",-1.478518612341,3.77295157501168,14,NA,NA,NA
"real","AIA_LCA",-1.32637719666688,5.765652168225,20,NA,NA,NA
"real","AIA_TUR",-1.5372937824814,3.62158320673294,8,NA,NA,NA
"real","ALB_BRN",-0.520756382952536,6.22830063441171,10,NA,NA,NA
"real","ALB_CIV",-0.932257651916824,2.14697723305341,23,NA,NA,NA
"real","ALB_GAB",-1.3169752638554,5.37811322052426,10,NA,NA,NA
"real","ALB_ISR",-0.760159819946531,2.21509504137702,22,NA,NA,NA
"real","ALB_KNA",-0.774410798797853,3.96342392967521,19,NA,NA,NA
"real","ALB_LBN",-0.404084117226342,1.40885509085863,23,NA,NA,NA
"real","ALB_PHL",-1.42100013880122,3.98509005566426,14,NA,NA,NA
"real","ALB_PRY",-2.30352419399265,6.30733556313317,13,NA,NA,NA
"real","ALB_PYF",-0.192142631563878,1.73757683043585,23,NA,NA,NA
"real","AND_AUS",-0.576223238825794,3.90255667722396,16,NA,NA,NA
"real","AND_BGR",-1.1147190762461,4.41575038487315,9,NA,NA,NA
"real","AND_CMR",-0.792354504990641,4.34690671756026,18,NA,NA,NA
"real","AND_GAB",-0.256071092280571,4.0708377964723,12,NA,NA,NA
"real","AND_GHA",-2.31636643895033,13.3117032924691,14,NA,NA,NA
"real","AND_IND",-1.86585980576655,6.47824260929846,23,NA,NA,NA
"real","AND_LBN",-0.169578976880406,2.94341351790858,23,NA,NA,NA
"real","AND_LCA",-0.940552627235633,6.88405446902927,10,NA,NA,NA
"real","AND_MAR",-1.63964494185701,3.99449273869522,22,NA,NA,NA
"real","AND_PER",-1.65086367546424,9.22365915192843,23,NA,NA,NA
"real","AND_PHL",-2.30838235201144,14.7444484886309,14,NA,NA,NA
"real","AND_RUS",-0.325198496309533,1.77697148453364,23,NA,NA,NA
"real","AND_ZMB",-0.193714053263203,3.25404275232332,22,NA,NA,NA
"real","ANT_BHS",-0.354932668310151,1.3092774636121,14,NA,NA,NA
"real","ANT_BRB",-0.40331587941289,0.814087588616995,14,NA,NA,NA
"real","ANT_HKG",-0.590269507767667,6.19704555162814,10,NA,NA,NA
"real","ANT_PYF",-0.530800878874031,1.23369835751742,9,NA,NA,NA
"real","ANT_SDN",-1.28224044418796,3.97178217118301,12,NA,NA,NA
"real","ARE_AND",-1.80981778075407,5.67750151649369,23,NA,NA,NA
"real","ARE_ARM",0.211401871626013,0.700544648188826,22,NA,NA,NA
"real","ARE_BRB",-0.587981066769193,2.02715799450307,23,NA,NA,NA
"real","ARE_GUY",-0.743215691405086,2.01847070074896,23,NA,NA,NA
"real","ARE_HKG",-0.0885880556608973,0.107301195044291,23,NA,NA,NA
"real","ARE_NIC",-0.982026024361021,1.43136602123469,23,NA,NA,NA
"real","ARG_ETH",-1.06170454495366,1.87741001152379,23,NA,NA,NA
"real","ARG_HKG",0.0666988036481421,0.0762034512057112,23,NA,NA,NA
"real","ARM_ARE",-0.149319192023713,0.624611274331984,22,NA,NA,NA
"real","ARM_BLR",0.160901512085782,0.192084933048001,14,NA,NA,NA
"real","ARM_IDN",-1.66995451663368,4.81619724906739,21,NA,NA,NA
"real","ARM_IRN",0.0188767594625678,0.51544870898253,21,NA,NA,NA
"real","ARM_ISR",-1.28188826627928,4.64047595079688,23,NA,NA,NA
"real","ARM_LBN",-0.0703045427190456,0.682567934567822,23,NA,NA,NA
"real","ARM_SLV",-1.03917927210296,4.81941220282633,13,NA,NA,NA
"real","ARM_SVN",-1.02455713117689,2.9314866970577,18,NA,NA,NA
"real","ARM_SYR",-2.18388630341739,7.18834229489202,22,NA,NA,NA
"real","ARM_TJK",-0.749129664709393,5.52137609777899,13,NA,NA,NA
"real","ARM_UZB",0.119438883006764,0.473764625669662,22,NA,NA,NA
"real","ATG_BOL",-0.958162567906355,9.69118202256784,13,NA,NA,NA
"real","ATG_CPV",-0.342600287188103,8.11083350366271,9,NA,NA,NA
"real","ATG_ETH",0.522939582119018,4.17039285933326,20,NA,NA,NA
"real","ATG_IDN",-1.74184400836867,5.0917041645559,23,NA,NA,NA
"real","ATG_LBN",-0.715142678051082,8.99802939882747,20,NA,NA,NA
"real","ATG_PYF",-2.59680691274081,10.697711214148,17,NA,NA,NA
"real","ATG_TWN",-1.59242849886832,6.25854228368085,23,NA,NA,NA
"real","ATG_ZMB",-0.097686046004671,8.20060354552299,17,NA,NA,NA
"real","AUS_HKG",-0.0595694711457313,0.132406284989238,23,NA,NA,NA
"real","AUT_HKG",0.0639394004711113,0.229860287332794,23,NA,NA,NA
"real","AZE_CUB",-1.31788861747391,18.3357066269497,18,NA,NA,NA
"real","AZE_HKG",-1.10964768368305,4.57713917884375,23,NA,NA,NA
"real","AZE_IDN",-2.23645798303391,12.4078743310594,22,NA,NA,NA
"real","AZE_PAN",-0.728320037358394,5.53553151618105,10,NA,NA,NA
"real","AZE_SYR",-2.51703926838195,10.4986802077825,14,NA,NA,NA
"real","AZE_ZMB",-0.473422920075995,3.76016869598604,23,NA,NA,NA
"real","BDI_BRA",-2.76494331118866,4.71000496032492,13,NA,NA,NA
"real","BDI_CMR",-2.50487825615926,6.54150495269486,17,NA,NA,NA
"real","BDI_IDN",-1.25250115881528,8.84098056234989,18,NA,NA,NA
"real","BDI_LBN",-2.59558314731705,5.38544570108618,21,NA,NA,NA
"real","BDI_MLI",-0.789170909841788,2.193715902599,15,NA,NA,NA
"real","BDI_NER",-1.19779757534356,3.91977753934776,15,NA,NA,NA
"real","BDI_NGA",-1.66669832812106,4.00099759853254,19,NA,NA,NA
"real","BEN_HKG",-0.368145816800447,1.57326772385145,23,NA,NA,NA
"real","BEN_RWA",-1.71600733497324,3.36609909458065,19,NA,NA,NA
"real","BEN_ZMB",-1.88923829347163,6.12798252633049,15,NA,NA,NA
"real","BFA_AGO",-0.703364334466027,3.45704091015641,13,NA,NA,NA
"real","BFA_ARE",-1.69884585678635,3.78406468849135,19,NA,NA,NA
"real","BFA_AUS",-0.492533302977283,2.88326953826861,22,NA,NA,NA
"real","BFA_BGD",-2.80679145076482,13.9684221539266,14,NA,NA,NA
"real","BFA_CRI",-1.09187643543536,5.92730549145743,16,NA,NA,NA
"real","BFA_ISR",-1.00625236033199,3.73923793217556,22,NA,NA,NA
"real","BFA_MKD",-0.695106841043781,2.57334621820889,9,NA,NA,NA
"real","BFA_PHL",-2.08392359631891,10.7009588931672,15,NA,NA,NA
"real","BFA_ROU",-1.32681011789278,5.23625311611753,15,NA,NA,NA
"real","BGD_AIA",-2.4341737224946,11.564169941575,9,NA,NA,NA
"real","BGD_BLR",-1.14941777545245,1.82301034603043,23,NA,NA,NA
"real","BGD_CPV",-0.853855263863547,1.88866949750229,16,NA,NA,NA
"real","BGD_HKG",0.242476679690083,0.272758674177113,23,NA,NA,NA
"real","BGD_SYC",-1.66195281646888,7.71883767261685,16,NA,NA,NA
"real","BGR_COM",-1.76459629311094,7.0740400928571,22,NA,NA,NA
"real","BGR_DJI",-2.9714742779645,9.66956295564603,20,NA,NA,NA
"real","BGR_GIB",-1.33100603802775,4.79515090830253,23,NA,NA,NA
"real","BGR_HKG",-0.561338737558847,0.865274488040659,23,NA,NA,NA
"real","BGR_HTI",-1.28142809802766,2.68018473294458,23,NA,NA,NA
"real","BGR_MHL",-1.88110535215004,4.93504627759733,23,NA,NA,NA
"real","BGR_NER",-0.175074502786858,3.08274853468029,23,NA,NA,NA
"real","BGR_RWA",-0.708684937465101,1.42563036603225,22,NA,NA,NA
"real","BHR_BRB",-1.3230217963783,5.2691787095953,16,NA,NA,NA
"real","BHR_CMR",-2.03489135063521,6.55086036094435,22,NA,NA,NA
"real","BHR_ETH",-2.41372788704153,8.33565859374824,23,NA,NA,NA
"real","BHR_FRO",-0.474883161764297,2.381890726584,12,NA,NA,NA
"real","BHR_GEO",-0.886160734549263,3.86364772357503,14,NA,NA,NA
"real","BHR_GRD",-1.11536145349775,4.3319828989014,10,NA,NA,NA
"real","BHR_HKG",-0.0420427849741781,0.360266388001263,23,NA,NA,NA
"real","BHR_IRN",-0.774370947544697,3.04608556859156,23,NA,NA,NA
"real","BHR_MLI",-0.75361453287406,3.7674180901336,15,NA,NA,NA
"real","BHR_POL",-1.19929424409362,3.3871374537246,21,NA,NA,NA
"real","BHR_VCT",-1.4564419133399,5.65194431123798,11,NA,NA,NA
"real","BHR_ZMB",-2.69118848591113,10.7398915661925,22,NA,NA,NA
"real","BHS_ABW",-0.828688854787659,2.71593226945345,21,NA,NA,NA
"real","BHS_AND",-0.691176146514611,2.31338107285794,20,NA,NA,NA
"real","BHS_ANT",-0.173767607438964,1.52622948715567,14,NA,NA,NA
"real","BHS_ARM",-2.40696680507292,8.87045122693274,18,NA,NA,NA
"real","BHS_CYM",-0.560524177931374,6.6991391627118,22,NA,NA,NA
"real","BHS_DOM",-2.863248481524,9.17563556379148,23,NA,NA,NA
"real","BHS_ETH",-4.41432230339049,13.8597697344195,14,NA,NA,NA
"real","BHS_GEO",-2.29457215340735,14.8591278285114,13,NA,NA,NA
"real","BHS_HKG",-0.748711480047155,3.00124969747551,23,NA,NA,NA
"real","BHS_LBN",-0.338615715029136,2.21317058678051,23,NA,NA,NA
"real","BHS_PRY",-2.76944118949116,18.2076738510527,18,NA,NA,NA
"real","BHS_TCA",-1.61289955950428,5.76370831409745,22,NA,NA,NA
"real","BHS_VGB",-1.36083171726033,6.50136632012479,21,NA,NA,NA
"real","BIH_AND",-0.54046984371034,1.31982109541995,22,NA,NA,NA
"real","BIH_IDN",-1.38883950826327,3.61117019820213,23,NA,NA,NA
"real","BIH_IRN",-0.805166806089198,1.49147291321587,23,NA,NA,NA
"real","BIH_KOR",-1.86468547577314,5.72907124241437,23,NA,NA,NA
"real","BIH_LBN",-0.86975784114526,1.18309126654731,23,NA,NA,NA
"real","BIH_LTU",-3.00742112524722,5.33379855335009,9,NA,NA,NA
"real","BIH_PYF",-0.842603813894912,1.5460396959745,20,NA,NA,NA
"real","BIH_SLV",-1.02870726163347,3.16829379728891,19,NA,NA,NA
"real","BIH_TUN",-0.857482399724277,1.42865194353702,23,NA,NA,NA
"real","BIH_TWN",-0.501561156676333,0.823168518532163,23,NA,NA,NA
"real","BIH_TZA",-0.692557759304058,1.19881852543858,14,NA,NA,NA
"real","BLR_ARM",-0.495959416094357,0.614150702884673,14,NA,NA,NA
"real","BLR_BRB",-2.49105973786616,8.09038725721088,15,NA,NA,NA
"real","BLR_ECU",0.0661510264389708,0.876614943408689,22,NA,NA,NA
"real","BLR_ETH",-0.251685996995586,1.36359156677006,23,NA,NA,NA
"real","BLR_HKG",0.0469928461027292,1.52114802308485,23,NA,NA,NA
"real","BLR_IDN",-0.917670148684546,1.91881499342434,23,NA,NA,NA
"real","BLR_IRN",-0.112582329393271,0.237355606923759,21,NA,NA,NA
"real","BLR_LBN",-0.732653396039454,1.55201366734381,23,NA,NA,NA
"real","BLR_MNG",-0.42182435663399,0.377282673787463,23,NA,NA,NA
"real","BLR_TTO",-3.17053685609989,15.1114293468757,16,NA,NA,NA
"real","BLR_TZA",-0.446542549301302,1.16960749825414,22,NA,NA,NA
"real","BLZ_BGD",-3.15934248132239,9.56584047277511,16,NA,NA,NA
"real","BLZ_HKG",-0.408829085001489,3.20451940402967,23,NA,NA,NA
"real","BLZ_IDN",-1.13334476130275,4.83880495515507,23,NA,NA,NA
"real","BLZ_KWT",-0.333272313269707,1.96437321199674,14,NA,NA,NA
"real","BLZ_LBN",-0.774028425779717,4.99965484561386,19,NA,NA,NA
"real","BLZ_PAK",-0.783456156790928,2.49594318876703,18,NA,NA,NA
"real","BLZ_TCA",-0.99852119599507,3.96266859508923,9,NA,NA,NA
"real","BLZ_ZMB",-2.75836091319095,8.05298310515158,20,NA,NA,NA
"real","BMU_BHS",0.202088848198905,7.40323886297881,22,NA,NA,NA
"real","BMU_BRB",0.124422307177383,4.33867867435311,23,NA,NA,NA
"real","BMU_ETH",-2.02900041886598,11.8971131938842,9,NA,NA,NA
"real","BMU_IDN",-3.38464409208878,18.8932814491809,20,NA,NA,NA
"real","BMU_ISR",-0.412287103610441,3.85791448843722,18,NA,NA,NA
"real","BMU_LBN",-1.52174392639178,16.8259427460081,11,NA,NA,NA
"real","BMU_PHL",-1.884304185526,10.3283271636691,19,NA,NA,NA
"real","BOL_ETH",-0.26508789499732,3.19268727966571,18,NA,NA,NA
"real","BOL_HKG",-0.69882816191492,1.09027084957913,23,NA,NA,NA
"real","BRA_HKG",-0.0471404233091145,0.019099766244651,23,NA,NA,NA
"real","BRA_WSM",-1.00654524275491,2.47256411362372,22,NA,NA,NA
"real","BRB_ABW",0.163282289869746,0.921354863904652,23,NA,NA,NA
"real","BRB_AIA",0.057038242044639,0.488959669733357,23,NA,NA,NA
"real","BRB_ANT",-0.0874820557904021,0.601128597513259,14,NA,NA,NA
"real","BRB_BGR",-1.39311426139842,2.7909664996878,10,NA,NA,NA
"real","BRB_CYM",0.255697518992284,0.840917927138905,23,NA,NA,NA
"real","BRB_GAB",-1.36452463777805,4.20501592284749,17,NA,NA,NA
"real","BRB_HKG",-1.32703859499079,2.81160172380474,23,NA,NA,NA
"real","BRB_KGZ",-3.57646160681231,7.85862965173173,12,NA,NA,NA
"real","BRB_LBN",-2.69811962744253,9.38729420260981,21,NA,NA,NA
"real","BRB_MNG",-0.593996860791536,2.51128615879951,11,NA,NA,NA
"real","BRB_SHN",-1.07649471749779,4.86743758406997,12,NA,NA,NA
"real","BRB_SLE",-1.46575660918995,6.8175758273599,18,NA,NA,NA
"real","BRB_SLV",-1.38086827635504,3.26329054737569,23,NA,NA,NA
"real","BRB_TCA",-0.136774486653371,1.01993164629241,23,NA,NA,NA
"real","BRB_TON",-0.454116067741244,5.25127965239442,12,NA,NA,NA
"real","BRB_TUR",-0.393138180780598,2.83697724244752,23,NA,NA,NA
"real","BRB_TWN",-0.259038250444637,1.76960167217106,23,NA,NA,NA
"real","BRB_UKR",-1.37609810421271,6.38922186069949,21,NA,NA,NA
"real","BRB_VGB",0.321242294843505,1.79873503297196,23,NA,NA,NA
"real","BRB_ZMB",-0.919528696286217,4.16020978752001,13,NA,NA,NA
"real","BRN_EGY",-1.16076382639228,4.38835922278308,23,NA,NA,NA
"real","BRN_HKG",-0.337190577729333,1.59411331047547,23,NA,NA,NA
"real","BRN_HRV",-0.972250952529555,2.24573619627964,15,NA,NA,NA
"real","BRN_LBN",-4.83524445671732,9.46657041619853,22,NA,NA,NA
"real","BRN_QAT",-1.347749029826,4.06006170432445,20,NA,NA,NA
"real","BTN_CZE",-1.04913648136703,4.19147832449357,18,NA,NA,NA
"real","BTN_EGY",-0.774840636544527,7.36554992258276,11,NA,NA,NA
"real","BTN_ETH",-0.779366541844491,7.08223324898571,10,NA,NA,NA
"real","BTN_HKG",-3.32118787956156,9.58822092438245,18,NA,NA,NA
"real","BTN_LBN",-0.911570079380297,5.1330699724325,13,NA,NA,NA
"real","BTN_SDN",-3.15449925980409,6.87305438689119,9,NA,NA,NA
"real","BTN_SVK",-1.33700447728184,5.42493225351318,13,NA,NA,NA
"real","BTN_TUR",-2.03111422206528,8.66264679639788,14,NA,NA,NA
"real","BTN_ZMB",-0.133270512317409,4.79480624419985,14,NA,NA,NA
"real","BWA_CHL",-1.79480519015765,9.12600141949508,13,NA,NA,NA
"real","BWA_KWT",-1.10120526369731,7.53561214578954,16,NA,NA,NA
"real","BWA_SVN",-1.33178919287172,7.98069793432617,14,NA,NA,NA
"real","CAF_ARG",-1.72862169133955,6.82416026299184,8,NA,NA,NA
"real","CAF_CHL",-1.15641356455286,4.76396017314093,11,NA,NA,NA
"real","CAF_EST",-1.32221751695031,4.97800681389847,14,NA,NA,NA
"real","CAF_LBN",-0.843331733737949,1.69328904442105,23,NA,NA,NA
"real","CAN_FLK",-0.244979379832128,1.1660570907507,22,NA,NA,NA
"real","CAN_HKG",-0.0124628490879945,0.0180229656900192,23,NA,NA,NA
"real","CCK_AUT",-0.993192240080036,6.16880305691689,17,NA,NA,NA
"real","CCK_BRB",-1.18122548181455,5.82889950926287,20,NA,NA,NA
"real","CCK_ECU",-1.38567588973245,3.93000665665333,18,NA,NA,NA
"real","CCK_IDN",-2.7387341152897,4.17025190035272,23,NA,NA,NA
"real","CCK_TZA",-1.35282951875169,6.73189304426712,16,NA,NA,NA
"real","CHE_FSM",-1.38683258026941,5.56003085628242,23,NA,NA,NA
"real","CHE_HKG",-0.00164954185189156,0.00652011927970931,14,NA,NA,NA
"real","CHE_MHL",-0.713087188426305,4.16841919370298,23,NA,NA,NA
"real","CHE_MNP",-0.499763514110659,0.990342504848621,23,NA,NA,NA
"real","CHE_PLW",-1.67322104387971,5.91383756803932,21,NA,NA,NA
"real","CHE_SWZ",-0.88002307465169,1.78516279788547,8,NA,NA,NA
"real","CHL_ARM",-0.740479565404357,1.90301913146807,20,NA,NA,NA
"real","CHL_AZE",-0.99017608279431,1.56107735710708,23,NA,NA,NA
"real","CHL_HKG",0.0184632066232774,0.192073073997263,16,NA,NA,NA
"real","CHL_TJK",-0.893466568950446,4.14654809827613,11,NA,NA,NA
"real","CIV_AND",-3.0316371987357,8.31921972929399,11,NA,NA,NA
"real","CIV_BRB",-0.862622166364982,3.04104332080858,19,NA,NA,NA
"real","CIV_GTM",-1.59229406591089,4.67326351455567,18,NA,NA,NA
"real","CIV_HKG",-0.595861534576356,1.4935171641672,23,NA,NA,NA
"real","CIV_HND",-1.07203275062172,7.24710747091241,13,NA,NA,NA
"real","CIV_HTI",-0.91196111833459,1.67483846420705,20,NA,NA,NA
"real","CIV_KHM",-1.10748284637686,4.63683944036229,13,NA,NA,NA
"real","CIV_PRK",-1.02550816146703,3.31876778527776,11,NA,NA,NA
"real","CIV_PRY",-1.18050403738319,4.03400004255565,12,NA,NA,NA
"real","CIV_SLV",-3.24772665252414,9.99394003515436,17,NA,NA,NA
"real","CIV_VEN",-0.368024697526412,1.99678116358032,17,NA,NA,NA
"real","CIV_VNM",-1.08965172534106,1.39303862872143,23,NA,NA,NA
"real","CMR_BMU",-1.786100273184,4.60884921112385,11,NA,NA,NA
"real","CMR_CPV",-1.43463085438148,7.6757341205426,17,NA,NA,NA
"real","CMR_DJI",-2.50913670548761,13.9032784118851,9,NA,NA,NA
"real","CMR_HKG",-0.205955623448403,1.33455773661178,23,NA,NA,NA
"real","CMR_HND",-1.66451240508909,5.78402550204402,19,NA,NA,NA
"real","CMR_JAM",-0.51257232983561,1.59175190931536,12,NA,NA,NA
"real","CMR_JOR",-0.319217753545707,0.766449815981096,22,NA,NA,NA
"real","CMR_LCA",-0.789575650118056,4.28518662499776,10,NA,NA,NA
"real","COD_AND",-1.70105998149878,3.38694321593333,12,NA,NA,NA
"real","COD_CPV",-0.74127425023591,4.44380181963662,13,NA,NA,NA
"real","COD_HKG",-0.902859521507762,1.38530982957753,23,NA,NA,NA
"real","COD_IDN",-3.31463658302852,13.7494203997817,16,NA,NA,NA
"real","COD_ISR",-1.76816626366994,5.1164735122336,16,NA,NA,NA
"real","COD_LBN",-1.36474782256196,5.1344110759092,16,NA,NA,NA
"real","COD_MKD",-1.40556395970577,7.39354419828666,8,NA,NA,NA
"real","COD_MLI",-0.937962350010593,3.11399761404883,14,NA,NA,NA
"real","COD_PER",-2.22717632198074,7.9633434669094,15,NA,NA,NA
"real","COD_PHL",-1.55096195113274,9.26284050094773,11,NA,NA,NA
"real","COG_BGD",-0.928597041630248,4.33422046240926,18,NA,NA,NA
"real","COG_ECU",-2.76623735144278,12.9592183883493,18,NA,NA,NA
"real","COG_HKG",0.0812795071671753,0.645820232838274,23,NA,NA,NA
"real","COG_KEN",-1.28416965315533,4.99923432940388,19,NA,NA,NA
"real","COG_PHL",-3.80766154686958,10.2317893684057,16,NA,NA,NA
"real","COG_ZMB",-2.6243774470679,6.48738262917539,14,NA,NA,NA
"real","COK_HUN",-0.444140174803084,1.64198371620958,12,NA,NA,NA
"real","COK_IDN",-0.604626562161795,3.10753374406905,22,NA,NA,NA
"real","COK_NGA",-3.3273838918627,9.3527132724089,13,NA,NA,NA
"real","COK_RUS",-1.36417856523093,5.80918927779264,13,NA,NA,NA
"real","COK_TZA",-1.72986180294965,6.34068611823358,10,NA,NA,NA
"real","COL_AZE",-0.460594898001407,2.3905213302371,22,NA,NA,NA
"real","COL_BLR",-0.21765338889077,1.5801719690275,23,NA,NA,NA
"real","COL_CPV",-0.711371128461872,1.67062458524737,17,NA,NA,NA
"real","COL_HKG",-0.187924186461279,0.303499705202517,23,NA,NA,NA
"real","COL_KAZ",-0.70761872632182,1.86272035216333,23,NA,NA,NA
"real","COL_SYC",-0.714030041985314,4.23203968839598,20,NA,NA,NA
"real","COM_BFA",-1.27366043740327,4.82259023123738,9,NA,NA,NA
"real","COM_BGD",-1.50622590405033,6.67929021920578,11,NA,NA,NA
"real","COM_BRA",-0.49941464938847,1.55651246903353,23,NA,NA,NA
"real","COM_IDN",-2.964854384404,15.1138080365704,19,NA,NA,NA
"real","COM_MYS",-0.480729104168166,1.16597549971059,14,NA,NA,NA
"real","COM_PYF",-1.37587809428639,2.58470605820001,15,NA,NA,NA
"real","CPV_AGO",-0.986768659266364,3.69581907578873,21,NA,NA,NA
"real","CPV_ARG",-0.38359807253752,1.02672982907628,9,NA,NA,NA
"real","CPV_BGD",-2.40938210154684,6.41328037670486,13,NA,NA,NA
"real","CPV_CHL",-0.93475906014005,2.97280718885886,18,NA,NA,NA
"real","CPV_GUY",-2.9494690299264,9.69124490812319,13,NA,NA,NA
"real","CPV_HKG",-0.808071032095689,2.47428870396339,11,NA,NA,NA
"real","CPV_IDN",-1.43637677385411,4.55592102026801,23,NA,NA,NA
"real","CPV_KOR",-1.12041831504881,4.81583937800859,22,NA,NA,NA
"real","CPV_LBN",-0.819706654897624,3.33149621251718,20,NA,NA,NA
"real","CPV_NOR",-1.34079129648136,4.59637472630364,17,NA,NA,NA
"real","CPV_STP",-1.14406505433891,3.75518443492526,18,NA,NA,NA
"real","CPV_SVN",-1.03536897921727,3.53281238784427,11,NA,NA,NA
"real","CRI_HKG",-0.421533214493038,0.572814188641835,23,NA,NA,NA
"real","CRI_IRQ",-2.78290599952357,20.6399319900909,14,NA,NA,NA
"real","CRI_KEN",-1.05711337308733,4.15461768196632,22,NA,NA,NA
"real","CRI_MKD",-0.877687399080536,3.13120529388735,23,NA,NA,NA
"real","CRI_MNG",-0.130003255659761,1.48414675217539,11,NA,NA,NA
"real","CRI_NER",-0.646622236406503,2.15297668600756,21,NA,NA,NA
"real","CRI_RWA",-0.563054574833053,5.54341756820393,18,NA,NA,NA
"real","CRI_VNM",-1.08411778813873,3.52028386459697,22,NA,NA,NA
"real","CUB_BFA",-2.06883471709041,4.33862739817915,16,NA,NA,NA
"real","CUB_BHS",-1.68523699622356,5.52941229730906,22,NA,NA,NA
"real","CUB_CPV",-0.551775710489853,2.55314492560779,23,NA,NA,NA
"real","CUB_ETH",-0.732476207318065,2.30034056471367,22,NA,NA,NA
"real","CUB_FRO",-0.686083398680471,1.48566642751892,13,NA,NA,NA
"real","CUB_HKG",-0.227571515687589,0.635183999881669,23,NA,NA,NA
"real","CUB_ISR",-1.05820536853091,3.91214087162498,23,NA,NA,NA
"real","CUB_LBN",-0.835818934056602,2.0626051960305,23,NA,NA,NA
"real","CUB_ZAF",-0.318097819509292,1.20114218897982,21,NA,NA,NA
"real","CXR_BRA",-1.0533337352376,3.99534990229869,10,NA,NA,NA
"real","CXR_IDN",-0.882986898759716,3.0632548510553,22,NA,NA,NA
"real","CXR_LBN",-1.45104992803255,4.25836407942263,12,NA,NA,NA
"real","CXR_NGA",-1.40594640676102,1.77659056933754,19,NA,NA,NA
"real","CXR_SVN",-1.62879503192135,7.70161724578044,12,NA,NA,NA
"real","CYM_BHS",-0.995813303393615,1.55732432770419,16,NA,NA,NA
"real","CYM_BRB",-0.28524579177633,2.80690514164462,23,NA,NA,NA
"real","CYM_ETH",-1.70875007554774,5.16062715178078,12,NA,NA,NA
"real","CYM_GIN",-1.28743809371608,8.49656067770534,9,NA,NA,NA
"real","CYM_GUY",-1.48024563536611,6.17909337245595,17,NA,NA,NA
"real","CYM_LBN",-1.54407971067047,4.15758660697246,9,NA,NA,NA
"real","CYM_NOR",-3.25934655042835,19.1430017882675,15,NA,NA,NA
"real","CYM_SDN",0.265796857507593,2.52396502383017,17,NA,NA,NA
"real","CYM_TUR",-1.76868430820328,6.22020878701776,16,NA,NA,NA
"real","CYM_UKR",-2.45369301243289,28.3700901522216,9,NA,NA,NA
"real","CYM_VCT",-0.316122433774619,7.25543284599652,17,NA,NA,NA
"real","CYP_CPV",-0.872102909747617,4.47142419417592,19,NA,NA,NA
"real","CYP_FJI",-2.03668312083592,6.25063711398858,10,NA,NA,NA
"real","CYP_HKG",-0.114041395610172,0.209474557865455,23,NA,NA,NA
"real","CYP_NPL",-1.17693240033844,3.45143969318926,23,NA,NA,NA
"real","CZE_BWA",-0.426024539040675,2.67888018829039,16,NA,NA,NA
"real","CZE_HKG",0.0952276514868993,0.0812371232448806,23,NA,NA,NA
"real","DEU_HKG",0.0563696036639861,0.0519904437348686,23,NA,NA,NA
"real","DJI_BFA",-0.784425261558199,3.23449901126795,13,NA,NA,NA
"real","DJI_BGD",-2.70515668774108,18.7979984857088,12,NA,NA,NA
"real","DJI_HKG",-0.208414074692493,2.43151641940995,23,NA,NA,NA
"real","DJI_NGA",-1.74457737950085,4.52954891561243,16,NA,NA,NA
"real","DJI_ROU",-2.18896913511385,11.0270469350916,9,NA,NA,NA
"real","DJI_SVK",-0.556979192375326,3.20146944381966,18,NA,NA,NA
"real","DMA_AND",-1.36375929352954,2.96628366353812,11,NA,NA,NA
"real","DMA_BGD",-1.13233321115168,2.58183413473149,12,NA,NA,NA
"real","DMA_IDN",-1.73271979562643,3.22768873855387,23,NA,NA,NA
"real","DMA_LBN",-0.319912328796641,0.774250551468812,23,NA,NA,NA
"real","DMA_RUS",-2.03081515932924,6.75596810324342,23,NA,NA,NA
"real","DNK_HKG",-0.00267018663596359,0.0514478438297895,23,NA,NA,NA
"real","DOM_AFG",-1.41545344100902,9.2015928629219,8,NA,NA,NA
"real","DOM_AIA",-0.130856016547844,0.880294491369147,21,NA,NA,NA
"real","DOM_BHR",-0.264529940157229,0.288432966762514,21,NA,NA,NA
"real","DOM_GIB",-0.307677064640333,1.71732711378928,14,NA,NA,NA
"real","DOM_HKG",-0.0423288299678526,0.50711321228353,23,NA,NA,NA
"real","DOM_LBN",-0.101527971962005,0.766066044081392,23,NA,NA,NA
"real","DOM_MDA",-0.151957669379661,1.12321920392408,21,NA,NA,NA
"real","DOM_STP",-0.739139454558349,3.4274009073823,14,NA,NA,NA
"real","DOM_SYC",-0.523378236396625,3.82667581885031,10,NA,NA,NA
"real","DOM_TGO",-5.27825592219737,22.0716878059751,14,NA,NA,NA
"real","DZA_ALB",-0.790439533371399,4.07081356627444,19,NA,NA,NA
"real","DZA_BHR",0.158226982366835,1.9533827183549,10,NA,NA,NA
"real","DZA_GRL",-0.857255109063455,1.50772512738077,14,NA,NA,NA
"real","DZA_HKG",-1.75595862825569,4.08770463564368,23,NA,NA,NA
"real","ECU_ATG",-0.983451715756961,3.38658689936913,21,NA,NA,NA
"real","ECU_CPV",-0.337632985600508,1.42571060350361,17,NA,NA,NA
"real","ECU_FJI",-1.00138099868615,5.83543365445762,13,NA,NA,NA
"real","ECU_HKG",-0.12915709025169,0.143977014779509,23,NA,NA,NA
"real","ECU_SYC",-1.50029177105781,2.97494726773024,13,NA,NA,NA
"real","EGY_BHS",-0.744304122844328,2.00024182456818,23,NA,NA,NA
"real","EGY_GNQ",-0.608249799511241,3.91511876742461,8,NA,NA,NA
"real","EGY_HKG",0.0187453272137703,0.240234776203782,23,NA,NA,NA
"real","EGY_VCT",-1.27263076116324,6.50595771469202,21,NA,NA,NA
"real","ERI_DNK",-0.0387499360823715,3.6957842831532,21,NA,NA,NA
"real","ERI_IDN",-0.824200287402413,11.6715417781549,20,NA,NA,NA
"real","ERI_KOR",-3.45196618486995,8.48161232364061,22,NA,NA,NA
"real","ERI_LBN",-0.220354569436241,8.79515837962763,20,NA,NA,NA
"real","ERI_SVN",-0.670833447754443,3.13573459785749,16,NA,NA,NA
"real","ERI_UKR",-1.86476112657962,19.5958277067653,9,NA,NA,NA
"real","ESP_FSM",-0.927848514629833,4.06584702686464,18,NA,NA,NA
"real","ESP_HKG",0.0818522684681976,0.0803541856331012,23,NA,NA,NA
"real","ESP_NRU",-0.80537249882864,7.02230734403383,14,NA,NA,NA
"real","ESP_PLW",-1.14302967721213,3.76502064237735,15,NA,NA,NA
"real","EST_BHR",-1.25226614250852,2.88919201060858,21,NA,NA,NA
"real","EST_BIH",-1.43740948430317,2.6489184124017,10,NA,NA,NA
"real","EST_COD",-0.618675670174885,3.01658309209871,13,NA,NA,NA
"real","EST_GAB",-1.85465375855052,5.6610271230936,15,NA,NA,NA
"real","EST_GIN",-2.39841175110257,4.0888952433242,19,NA,NA,NA
"real","EST_HKG",-0.313138776345482,0.279105080411401,23,NA,NA,NA
"real","EST_HTI",-0.773060643474641,2.16197413515389,11,NA,NA,NA
"real","EST_MUS",-0.8958077821094,2.65335952241724,14,NA,NA,NA
"real","EST_SEN",-1.97561798066063,5.19767091445878,20,NA,NA,NA
"real","EST_ZMB",-1.01675509290559,3.35519677807059,15,NA,NA,NA
"real","ETH_BOL",-4.19454780209052,8.3886655721805,17,NA,NA,NA
"real","ETH_CYP",-0.367816958900551,0.986929057447867,23,NA,NA,NA
"real","ETH_HKG",-0.69654085749903,0.958668487942931,23,NA,NA,NA
"real","ETH_IRN",-1.99091251225354,5.74876727305089,19,NA,NA,NA
"real","ETH_LVA",-0.792953428162164,1.53972569206847,15,NA,NA,NA
"real","ETH_NER",-1.63686718113779,4.90835576739196,23,NA,NA,NA
"real","ETH_NIC",-3.34938491906187,18.5785992151984,14,NA,NA,NA
"real","ETH_PHL",-0.626540698081593,2.4626762948737,22,NA,NA,NA
"real","ETH_PRK",-1.25121213187079,6.54031296887896,19,NA,NA,NA
"real","FIN_HKG",-0.0379560163678668,0.313605221580953,23,NA,NA,NA
"real","FIN_TKL",-0.615521723086382,3.76091537215321,14,NA,NA,NA
"real","FJI_BRA",-0.38302709844732,0.931575161189988,22,NA,NA,NA
"real","FJI_BRB",-1.15707205836246,5.50780959912475,14,NA,NA,NA
"real","FJI_ECU",-1.08076155467656,3.5253336542334,16,NA,NA,NA
"real","FJI_GHA",-1.37683102219344,6.21203750097711,12,NA,NA,NA
"real","FJI_HKG",0.000306449134807205,0.397106490848685,23,NA,NA,NA
"real","FJI_IDN",-0.621932707044728,2.69274745148429,23,NA,NA,NA
"real","FJI_ISR",-1.00061142488793,2.58560887072643,18,NA,NA,NA
"real","FJI_JAM",-2.92436723921913,15.4776296739666,13,NA,NA,NA
"real","FJI_URY",-0.60512965116763,2.54893724490042,15,NA,NA,NA
"real","FLK_IDN",-0.789994789237944,5.71620059609993,16,NA,NA,NA
"real","FLK_LBN",-2.02723764335905,7.35423990635902,11,NA,NA,NA
"real","FLK_NGA",-1.25363454806164,4.2353848571709,8,NA,NA,NA
"real","FRA_HKG",0.00982349454550402,0.0181675629415802,23,NA,NA,NA
"real","FRO_CHN",-0.0286242564438599,0.510352523666365,22,NA,NA,NA
"real","FRO_GHA",-2.4070874189179,11.7412100726241,13,NA,NA,NA
"real","FRO_IDN",-1.78162143575271,9.90643066376519,19,NA,NA,NA
"real","FRO_ISR",-0.336932622787618,1.23644683263591,14,NA,NA,NA
"real","FRO_MAR",-2.88009005441107,20.8687575799964,11,NA,NA,NA
"real","FRO_PYF",-0.688234233572567,5.29353245734677,13,NA,NA,NA
"real","FRO_SDN",-1.02368183912434,2.02268597360105,8,NA,NA,NA
"real","FSM_AUT",-1.73561162745389,5.71476884058708,13,NA,NA,NA
"real","FSM_BRA",-1.88558124932871,6.0440465004639,22,NA,NA,NA
"real","FSM_CHE",-0.878814366866286,2.8012549906733,11,NA,NA,NA
"real","FSM_DEU",-0.39159566779925,2.37949065905446,22,NA,NA,NA
"real","FSM_FRA",-0.926605792368959,2.75670345548024,22,NA,NA,NA
"real","FSM_KNA",-0.914616009397058,4.7639069033084,20,NA,NA,NA
"real","FSM_SVN",-3.77728608269353,6.11502819426433,12,NA,NA,NA
"real","GAB_BRB",-2.02289132963685,9.40718185923724,18,NA,NA,NA
"real","GAB_CRI",-1.2541474549952,3.84805119078716,14,NA,NA,NA
"real","GAB_ECU",-0.614909772930804,1.36724157003324,15,NA,NA,NA
"real","GAB_HKG",-0.782227349348654,2.62540789820453,23,NA,NA,NA
"real","GAB_JOR",-0.833789463108207,2.54592127778371,15,NA,NA,NA
"real","GAB_UKR",-2.30936702324942,14.4133424650119,22,NA,NA,NA
"real","GAB_URY",-3.44134916296819,6.20238564000487,13,NA,NA,NA
"real","GBR_HKG",-9.44644972131083e-06,0.0306817887063683,23,NA,NA,NA
"real","GEO_ARE",-0.682576574870095,1.03071832903868,23,NA,NA,NA
"real","GEO_BRB",-0.708186821584627,2.38004157801103,22,NA,NA,NA
"real","GEO_HKG",-0.408703113985387,0.821837399300444,21,NA,NA,NA
"real","GEO_IDN",-0.333839515546009,0.975442106681617,23,NA,NA,NA
"real","GEO_JAM",-0.881486754864572,2.44167784846595,8,NA,NA,NA
"real","GEO_TWN",-1.0056614820672,2.14872662194306,23,NA,NA,NA
"real","GEO_VEN",-1.90872228980751,5.93923983733271,14,NA,NA,NA
"real","GEO_VGB",-0.927011827002425,5.4777923799298,10,NA,NA,NA
"real","GEO_ZMB",-0.596397875296803,2.62303772480968,20,NA,NA,NA
"real","GHA_ALB",-0.995789490620204,2.13985019560655,15,NA,NA,NA
"real","GHA_AND",-2.03871947262249,9.79276332933146,10,NA,NA,NA
"real","GHA_ARM",-0.163551140957131,1.19757963898548,19,NA,NA,NA
"real","GHA_BMU",-2.13475189920736,5.85473662516274,15,NA,NA,NA
"real","GHA_BRB",-0.421353721803069,1.66606660379129,22,NA,NA,NA
"real","GHA_CAF",-1.33236553047983,6.96107939674763,18,NA,NA,NA
"real","GHA_DOM",-1.16857765003933,5.34853377120599,22,NA,NA,NA
"real","GHA_HKG",-0.964953825025534,0.94914398272734,23,NA,NA,NA
"real","GHA_LVA",-1.3870561159145,5.51383052015999,16,NA,NA,NA
"real","GHA_NPL",-1.6558454945552,5.26753326905055,15,NA,NA,NA
"real","GHA_SYC",-1.7587925511872,3.13547451124381,20,NA,NA,NA
"real","GIB_AZE",-0.482183626648168,5.7651439869478,21,NA,NA,NA
"real","GIB_BGR",-1.76847946578573,4.62791576579808,23,NA,NA,NA
"real","GIB_FRO",-2.38212853885381,8.58639804201219,10,NA,NA,NA
"real","GIB_GEO",-0.140596464506838,3.80919366378701,18,NA,NA,NA
"real","GIB_HKG",-0.209402056572352,1.08678484066735,23,NA,NA,NA
"real","GIB_IDN",-3.99836421023776,17.6049444862359,10,NA,NA,NA
"real","GIB_NER",-0.0713398923333474,3.79162475508397,8,NA,NA,NA
"real","GIB_SDN",-1.66102199392434,7.47471322439518,17,NA,NA,NA
"real","GIN_ALB",-1.70152339315896,4.25283334857159,10,NA,NA,NA
"real","GIN_BGR",-0.918317069328201,2.48336315981112,16,NA,NA,NA
"real","GIN_BRB",-1.0005319434098,2.851172641771,19,NA,NA,NA
"real","GIN_HKG",0.133083341805085,0.643122607592163,23,NA,NA,NA
"real","GIN_LVA",-1.34292481625176,3.85964730658147,9,NA,NA,NA
"real","GIN_SYC",-3.70411662557827,12.4962560443623,13,NA,NA,NA
"real","GMB_BGR",-1.40050705987805,6.99147244620912,14,NA,NA,NA
"real","GMB_HKG",-0.891665092220445,4.26511433598163,23,NA,NA,NA
"real","GMB_KWT",-1.8272312523055,7.27148104857099,11,NA,NA,NA
"real","GMB_MOZ",-0.345691406704957,5.82175284887935,9,NA,NA,NA
"real","GMB_MUS",-1.62359427523023,3.71927196787938,18,NA,NA,NA
"real","GMB_PHL",-1.25203689384894,2.62475585751728,12,NA,NA,NA
"real","GMB_RWA",-0.839288600557959,8.09791984332452,14,NA,NA,NA
"real","GMB_SLV",-1.94044804931098,5.79704707371057,13,NA,NA,NA
"real","GMB_UKR",-1.05612888267356,8.20866679461234,14,NA,NA,NA
"real","GMB_URY",-2.2589892161199,11.837099333814,9,NA,NA,NA
"real","GNB_HKG",-1.50147408087932,4.74801022893658,16,NA,NA,NA
"real","GNQ_GIN",-2.08666405366233,7.52604209103006,9,NA,NA,NA
"real","GNQ_HKG",-3.26948273767388,21.6144042891315,8,NA,NA,NA
"real","GNQ_IDN",-5.9885777278202,41.4025168825628,12,NA,NA,NA
"real","GNQ_NGA",-1.392515078365,2.89056209700532,19,NA,NA,NA
"real","GNQ_TWN",-1.90709328730644,6.74481066254198,23,NA,NA,NA
"real","GRC_HKG",-0.270590697702174,0.621384283588687,23,NA,NA,NA
"real","GRC_KHM",-0.424298886312363,1.70614142653468,23,NA,NA,NA
"real","GRC_MNP",-1.49795695897797,6.60822714288014,10,NA,NA,NA
"real","GRD_CHL",-1.07858566606118,3.53898600123697,13,NA,NA,NA
"real","GRD_CYM",-3.50931715692714,5.48920290918558,17,NA,NA,NA
"real","GRD_ETH",-1.36905746193047,6.21866928910327,19,NA,NA,NA
"real","GRD_IDN",-1.46415821243696,4.00241153389623,22,NA,NA,NA
"real","GRD_RUS",-0.897290524313734,5.36087900010929,22,NA,NA,NA
"real","GRL_IDN",-1.94438625724424,7.55628839499301,18,NA,NA,NA
"real","GRL_RUS",-2.17598640541989,5.8042049725742,23,NA,NA,NA
"real","GRL_TUN",-2.55369199635104,11.2824674628276,9,NA,NA,NA
"real","GRL_UKR",-1.67641364585558,6.02365976095458,21,NA,NA,NA
"real","GTM_CPV",-2.55521379338647,8.33201629838295,10,NA,NA,NA
"real","GTM_EST",-1.34781175644176,2.57129554279934,15,NA,NA,NA
"real","GTM_ETH",-1.33394002139716,2.665402212314,19,NA,NA,NA
"real","GTM_HKG",-0.207763824169493,0.270642639580891,23,NA,NA,NA
"real","GTM_NAM",-0.675695905697604,5.45195735466205,9,NA,NA,NA
"real","GUY_ABW",-1.299292709195,5.67037830668558,23,NA,NA,NA
"real","GUY_AIA",-0.966434344663419,3.06327352296216,23,NA,NA,NA
"real","GUY_ANT",-0.124733806500506,0.633166380715786,14,NA,NA,NA
"real","GUY_ATF",-0.656002844764357,1.44345887881738,16,NA,NA,NA
"real","GUY_BMU",-1.4355974205442,11.6144280995431,23,NA,NA,NA
"real","GUY_CYM",-1.17858717213383,2.00842654859664,21,NA,NA,NA
"real","GUY_DOM",-0.168973119276287,0.41814556655919,23,NA,NA,NA
"real","GUY_GAB",-0.902538751890833,2.76167995297862,9,NA,NA,NA
"real","GUY_GEO",-0.36606739028264,3.56815768150271,10,NA,NA,NA
"real","GUY_HKG",-0.0816230501830627,0.177662618654645,23,NA,NA,NA
"real","GUY_ISR",-0.717031370717027,3.05456933490598,20,NA,NA,NA
"real","GUY_KWT",-1.46960147284778,7.98392440515677,18,NA,NA,NA
"real","GUY_LBN",-0.621010800234838,1.86981534973503,22,NA,NA,NA
"real","GUY_SEN",-3.95148268867927,20.2453410283852,12,NA,NA,NA
"real","GUY_TCA",-0.722745997874404,2.70785683727157,22,NA,NA,NA
"real","GUY_TWN",-0.136398180977546,0.783925219720828,23,NA,NA,NA
"real","GUY_VGB",-1.4124331736364,4.20200261959194,23,NA,NA,NA
"real","HKG_ABW",0.0992972659503507,0.50820860386794,23,NA,NA,NA
"real","HKG_AFG",0.125188790191189,1.02266748636599,21,NA,NA,NA
"real","HKG_AGO",0.023905699366325,0.294260631667593,23,NA,NA,NA
"real","HKG_ALB",-0.395484185712065,0.636247123927539,23,NA,NA,NA
"real","HKG_AND",-0.0230595116680594,0.667370167839789,23,NA,NA,NA
"real","HKG_ANT",-0.149878904092124,1.02011613566249,10,NA,NA,NA
"real","HKG_ARE",0.0554161179532314,0.123437920714749,23,NA,NA,NA
"real","HKG_ARG",-0.197865529952259,0.841096638475794,23,NA,NA,NA
"real","HKG_ARM",-0.183039498795627,0.793822477248056,23,NA,NA,NA
"real","HKG_AUS",-0.0359506940777588,0.0206180472360455,23,NA,NA,NA
"real","HKG_AUT",-0.01596503933828,0.137083400994481,23,NA,NA,NA
"real","HKG_AZE",-0.665727644827413,0.75133344557071,23,NA,NA,NA
"real","HKG_BDI",-0.663414377486743,1.01815897429767,23,NA,NA,NA
"real","HKG_BEN",-0.242459747215178,0.453696646227072,23,NA,NA,NA
"real","HKG_BFA",-0.260962441220717,1.0327445065789,23,NA,NA,NA
"real","HKG_BGD",-0.107986987327528,0.228211740552288,23,NA,NA,NA
"real","HKG_BGR",-0.257824569814314,0.40016534885813,23,NA,NA,NA
"real","HKG_BHR",0.0559271652648121,0.847459116423413,23,NA,NA,NA
"real","HKG_BHS",-0.579416232149121,0.810653702185433,23,NA,NA,NA
"real","HKG_BIH",0.0286551866938229,0.2429043880171,23,NA,NA,NA
"real","HKG_BLR",-0.402864819460958,0.589465721927073,23,NA,NA,NA
"real","HKG_BLZ",-0.845951455076953,1.27526798127545,23,NA,NA,NA
"real","HKG_BMU",-0.931940764983146,6.79645103717465,15,NA,NA,NA
"real","HKG_BOL",-0.09897221950787,0.0947521919398795,23,NA,NA,NA
"real","HKG_BRA",0.0501869669296756,0.0559192391148328,23,NA,NA,NA
"real","HKG_BRB",-0.0594664138922929,0.394250746098669,23,NA,NA,NA
"real","HKG_BRN",-0.0183404826307141,0.380987720571749,23,NA,NA,NA
"real","HKG_BTN",-0.536637315136561,1.64849902944918,23,NA,NA,NA
"real","HKG_CAF",-0.355130135586387,0.907643896982885,23,NA,NA,NA
"real","HKG_CAN",0.0319701143686077,0.0499827055013255,23,NA,NA,NA
"real","HKG_CHE",-0.0802397732349019,0.0431945867402962,14,NA,NA,NA
"real","HKG_CHL",-0.253736564747714,1.2345640300597,16,NA,NA,NA
"real","HKG_CIV",-0.0823554927320857,0.186290409328184,23,NA,NA,NA
"real","HKG_CMR",-0.253193828076446,0.468124701029333,23,NA,NA,NA
"real","HKG_COD",0.209565928794869,1.12998562077371,23,NA,NA,NA
"real","HKG_COG",-0.067369768633977,2.09121575818399,23,NA,NA,NA
"real","HKG_COL",0.10488752702212,0.223268275790264,23,NA,NA,NA
"real","HKG_COM",-1.33778451289046,2.16576789700528,23,NA,NA,NA
"real","HKG_CPV",-1.16266926483762,2.80357225963768,22,NA,NA,NA
"real","HKG_CRI",-0.182705100503778,0.202746652694627,23,NA,NA,NA
"real","HKG_CUB",-0.270923900166467,0.806855238127524,23,NA,NA,NA
"real","HKG_CYP",-0.130662000659688,0.326876029432055,23,NA,NA,NA
"real","HKG_CZE",0.0852762239215467,0.214125791999366,23,NA,NA,NA
"real","HKG_DEU",-0.00292615848766029,0.0400226956685722,23,NA,NA,NA
"real","HKG_DJI",0.0211230514945386,0.710324113184802,23,NA,NA,NA
"real","HKG_DMA",-0.0558167603447247,0.147867222191919,14,NA,NA,NA
"real","HKG_DNK",0.00980849733995119,0.0535631422664308,23,NA,NA,NA
"real","HKG_DOM",0.0521894415866549,0.101378755063743,23,NA,NA,NA
"real","HKG_DZA",-0.495994336443916,0.781481174902521,23,NA,NA,NA
"real","HKG_ECU",-0.219592455594656,0.48794438882778,23,NA,NA,NA
"real","HKG_EGY",0.111821188398858,0.20780908097067,23,NA,NA,NA
"real","HKG_ESP",-0.0569763259608257,0.100912424247944,23,NA,NA,NA
"real","HKG_EST",-0.0904994631606328,0.0777137400533947,23,NA,NA,NA
"real","HKG_ETH",-0.787435531343623,0.809602051534175,23,NA,NA,NA
"real","HKG_FIN",-0.0842722850779085,0.272885244103824,23,NA,NA,NA
"real","HKG_FJI",0.0629516525689704,0.158901535728849,23,NA,NA,NA
"real","HKG_FRA",-0.0800490127274815,0.0732767294987163,23,NA,NA,NA
"real","HKG_FRO",-0.0275089104840077,0.162513815280058,13,NA,NA,NA
"real","HKG_GAB",-0.175935831557241,0.301397374909213,23,NA,NA,NA
"real","HKG_GBR",-0.022629840002476,0.0949559008043247,23,NA,NA,NA
"real","HKG_GEO",-0.803983772985232,1.12118770109226,21,NA,NA,NA
"real","HKG_GHA",-0.0673004536699073,0.0942015067938795,23,NA,NA,NA
"real","HKG_GIB",0.152305127195243,0.733368829570104,23,NA,NA,NA
"real","HKG_GIN",-0.0114285262573965,0.3012139561004,23,NA,NA,NA
"real","HKG_GMB",-0.171584178026998,0.443079629733234,23,NA,NA,NA
"real","HKG_GNB",-0.489262075394769,1.20383577171454,23,NA,NA,NA
"real","HKG_GNQ",-0.0735256683397942,0.516775423443903,23,NA,NA,NA
"real","HKG_GRC",-0.110135453150274,0.166103636311299,23,NA,NA,NA
"real","HKG_GRD",-0.118763511624488,0.135164055589018,23,NA,NA,NA
"real","HKG_GRL",-0.465582259925723,2.28620511766221,21,NA,NA,NA
"real","HKG_GTM",-0.258717369662804,0.310143752502735,23,NA,NA,NA
"real","HKG_GUY",-0.17927843079713,0.21276145812973,23,NA,NA,NA
"real","HKG_HND",-0.179981941007095,1.20994352440804,23,NA,NA,NA
"real","HKG_HRV",-0.0737255915039495,0.247507989900332,23,NA,NA,NA
"real","HKG_HTI",-0.30906114063297,0.745852378404026,23,NA,NA,NA
"real","HKG_HUN",-0.304813684368197,0.440308236525735,23,NA,NA,NA
"real","HKG_IDN",-0.352877617931496,0.382696671555903,23,NA,NA,NA
"real","HKG_IND",-0.276627093491229,0.199746267079666,23,NA,NA,NA
"real","HKG_IRL",0.0071644745827052,0.422743358747445,23,NA,NA,NA
"real","HKG_IRN",-0.368454533921198,0.751883675173833,23,NA,NA,NA
"real","HKG_IRQ",-1.30692074690379,2.46081002239142,21,NA,NA,NA
"real","HKG_ISL",0.05329305853298,0.108706299381437,14,NA,NA,NA
"real","HKG_ISR",-0.00507466648702519,0.0748252186292185,23,NA,NA,NA
"real","HKG_ITA",-0.0904219113207294,0.103699557489451,23,NA,NA,NA
"real","HKG_JAM",-0.0619021511704681,0.065187553473889,23,NA,NA,NA
"real","HKG_JOR",-0.259435595150342,0.985013380331814,23,NA,NA,NA
"real","HKG_JPN",-0.116143504208454,0.200173273951499,23,NA,NA,NA
"real","HKG_KAZ",-0.047202345592733,0.668450612212103,23,NA,NA,NA
"real","HKG_KEN",-0.221644073634058,0.332452977724647,23,NA,NA,NA
"real","HKG_KGZ",-0.531036823183416,0.939243553004887,23,NA,NA,NA
"real","HKG_KHM",0.0464392867573273,0.102891656183377,23,NA,NA,NA
"real","HKG_KIR",-0.0643601784262467,0.155114945736769,23,NA,NA,NA
"real","HKG_KNA",-0.397759367144202,1.24182010202063,21,NA,NA,NA
"real","HKG_KOR",-0.0381620212111931,0.0838384914494636,23,NA,NA,NA
"real","HKG_KWT",-0.146594688402057,0.806189569611017,23,NA,NA,NA
"real","HKG_LAO",0.0600147117612961,0.218685326051421,23,NA,NA,NA
"real","HKG_LBN",-0.133467665359306,0.281295055680012,23,NA,NA,NA
"real","HKG_LBR",-0.00245596635078391,0.520244898600862,23,NA,NA,NA
"real","HKG_LBY",-0.287830837354873,0.525819546633903,23,NA,NA,NA
"real","HKG_LCA",0.217573999212469,0.328801270880378,23,NA,NA,NA
"real","HKG_LKA",0.0253523377280572,0.214261884535402,23,NA,NA,NA
"real","HKG_LTU",-0.13090389070068,0.24499259414905,23,NA,NA,NA
"real","HKG_LVA",-0.353658003395126,0.528919276463478,23,NA,NA,NA
"real","HKG_MAC",-0.316199378008885,0.168077589422056,19,NA,NA,NA
"real","HKG_MAR",0.0689481121368097,0.309902518199004,23,NA,NA,NA
"real","HKG_MDA",-0.257302429435698,0.450033156189214,23,NA,NA,NA
"real","HKG_MDG",-0.439266550531414,1.16168365790093,23,NA,NA,NA
"real","HKG_MDV",-0.0746336147430049,0.117731855439455,23,NA,NA,NA
"real","HKG_MEX",0.149865197862164,0.63301516084152,23,NA,NA,NA
"real","HKG_MKD",-0.130822673941748,0.185706632940413,23,NA,NA,NA
"real","HKG_MLI",-0.368087948903212,1.21484919677056,23,NA,NA,NA
"real","HKG_MLT",-0.00551815323307499,0.115856494370672,23,NA,NA,NA
"real","HKG_MMR",0.147851167571001,0.828889965389056,23,NA,NA,NA
"real","HKG_MNG",0.104029795920371,0.419975889100476,23,NA,NA,NA
"real","HKG_MOZ",-0.070003215614629,0.204879243225355,23,NA,NA,NA
"real","HKG_MRT",-0.203385259549955,1.41512872748421,23,NA,NA,NA
"real","HKG_MUS",-0.149378753302122,0.556415718817553,23,NA,NA,NA
"real","HKG_MWI",-0.177397530137413,0.331349372118808,23,NA,NA,NA
"real","HKG_MYS",-0.0248167352808727,0.0220528433123676,23,NA,NA,NA
"real","HKG_NER",-0.139165647838673,1.04277174986955,23,NA,NA,NA
"real","HKG_NGA",-0.0425764490607568,0.312703807931696,23,NA,NA,NA
"real","HKG_NIC",-0.0269509394989495,0.219865306666334,23,NA,NA,NA
"real","HKG_NLD",-0.0475597670423038,0.133135364255864,23,NA,NA,NA
"real","HKG_NOR",-0.0902255781773538,0.0661621759787547,14,NA,NA,NA
"real","HKG_NPL",-0.326381497775407,2.11772130506298,23,NA,NA,NA
"real","HKG_NRU",-0.0470092520478627,2.56399896200908,22,NA,NA,NA
"real","HKG_NZL",-0.105984835153078,0.0739520605969577,13,NA,NA,NA
"real","HKG_OMN",-0.142074294443926,0.532715397349747,23,NA,NA,NA
"real","HKG_PAK",0.101184849107895,0.269496130526898,23,NA,NA,NA
"real","HKG_PAN",-0.907245675104852,2.35273871871754,23,NA,NA,NA
"real","HKG_PER",0.0984744269538918,0.219676486855563,23,NA,NA,NA
"real","HKG_PHL",-0.0314849285050341,0.0162028238472898,23,NA,NA,NA
"real","HKG_PNG",-0.137762519871533,0.369704154146299,23,NA,NA,NA
"real","HKG_POL",-0.0947910454532112,0.12202480162216,23,NA,NA,NA
"real","HKG_PRK",-0.285282242543452,1.85497360408081,23,NA,NA,NA
"real","HKG_PRT",0.00233861493149194,0.0347469800716014,23,NA,NA,NA
"real","HKG_PRY",-0.0384586354964936,0.257668885435192,23,NA,NA,NA
"real","HKG_PYF",0.0251583272807678,0.0399552840025971,23,NA,NA,NA
"real","HKG_QAT",0.0932146649793705,0.619875492129376,23,NA,NA,NA
"real","HKG_ROU",-0.041228283180486,0.119511455504171,23,NA,NA,NA
"real","HKG_RUS",-0.591068768105006,0.799875265942702,23,NA,NA,NA
"real","HKG_RWA",-0.611393091873495,0.811148886466859,23,NA,NA,NA
"real","HKG_SAU",-0.115768508317963,0.390890700917034,23,NA,NA,NA
"real","HKG_SDN",-0.180873634578522,0.786241699332578,23,NA,NA,NA
"real","HKG_SEN",-0.119362985085053,0.227937128114973,23,NA,NA,NA
"real","HKG_SGP",0.0279468101565703,0.0252302495422232,23,NA,NA,NA
"real","HKG_SLB",-0.0834354113815019,0.421450178436608,23,NA,NA,NA
"real","HKG_SLE",-0.0420091258207224,0.398626493673038,23,NA,NA,NA
"real","HKG_SLV",-0.237012344614674,0.694773823831114,23,NA,NA,NA
"real","HKG_SOM",-1.85336465879024,3.89408579064018,22,NA,NA,NA
"real","HKG_SUR",-0.0346010736470662,0.0976908016798622,23,NA,NA,NA
"real","HKG_SVK",-0.211628564398389,0.255121637150121,23,NA,NA,NA
"real","HKG_SVN",0.0238280797756488,0.041645475142422,23,NA,NA,NA
"real","HKG_SWE",0.0114925077198534,0.048007487302065,23,NA,NA,NA
"real","HKG_SYC",-0.678934106435819,0.737073811355403,23,NA,NA,NA
"real","HKG_SYR",-0.374925981584374,1.13866270955211,23,NA,NA,NA
"real","HKG_TCD",-1.28549515256088,4.35764453102749,22,NA,NA,NA
"real","HKG_TGO",-0.0609968724791344,1.33417351569089,23,NA,NA,NA
"real","HKG_THA",-0.0444155939049207,0.0265337524602948,23,NA,NA,NA
"real","HKG_TJK",-1.13568706452715,1.90868602550336,22,NA,NA,NA
"real","HKG_TKM",-0.688602973157529,0.967566109677346,23,NA,NA,NA
"real","HKG_TON",-0.273058593250428,0.370009594843766,23,NA,NA,NA
"real","HKG_TTO",-0.221212971831979,0.38017389190523,23,NA,NA,NA
"real","HKG_TUN",-0.00168606822248473,0.0407449184594488,23,NA,NA,NA
"real","HKG_TUR",0.129426044539254,0.387824254068801,23,NA,NA,NA
"real","HKG_TUV",0.258253021372468,3.56430284604353,23,NA,NA,NA
"real","HKG_TWN",-0.041672892315505,0.0382936977794119,23,NA,NA,NA
"real","HKG_TZA",-0.192460555255448,0.251187119981029,23,NA,NA,NA
"real","HKG_UGA",0.0772315239421174,0.375669080564094,23,NA,NA,NA
"real","HKG_UKR",-0.219647825147687,0.182204536359584,23,NA,NA,NA
"real","HKG_URY",-0.00337449882867177,0.185683815083141,23,NA,NA,NA
"real","HKG_USA",0.00286425555643919,0.0111921997061299,23,NA,NA,NA
"real","HKG_UZB",-0.596859190815579,1.20113936405132,23,NA,NA,NA
"real","HKG_VCT",-0.142851255358521,0.297074161373245,23,NA,NA,NA
"real","HKG_VEN",-0.223619472829617,0.409892522764063,23,NA,NA,NA
"real","HKG_VNM",0.116765506328635,0.0619797318604014,23,NA,NA,NA
"real","HKG_VUT",0.112711755522779,0.277791736414145,23,NA,NA,NA
"real","HKG_WSM",-0.457281761815266,0.600782597991208,23,NA,NA,NA
"real","HKG_YEM",-0.158183368974023,1.16023208350102,23,NA,NA,NA
"real","HKG_ZAF",-0.236913273234646,0.634519489772577,23,NA,NA,NA
"real","HKG_ZMB",-0.330676949651716,0.284632086056277,23,NA,NA,NA
"real","HKG_ZWE",-0.191923853989745,0.316665907745168,23,NA,NA,NA
"real","HND_BFA",-2.64450618158287,9.05917626155273,16,NA,NA,NA
"real","HND_ETH",-1.49786026226316,6.72888641101712,20,NA,NA,NA
"real","HND_HKG",-0.351752541253915,0.462308473876603,23,NA,NA,NA
"real","HND_RWA",-1.49327483981031,9.72527795442514,14,NA,NA,NA
"real","HND_ZMB",-2.07329109888058,13.9806996478851,12,NA,NA,NA
"real","HRV_HKG",-0.521847623583106,0.876366938751791,23,NA,NA,NA
"real","HRV_NPL",-1.25294861415561,3.36362823628908,21,NA,NA,NA
"real","HTI_BGD",-4.09826176021897,15.8735733200456,9,NA,NA,NA
"real","HTI_BGR",-0.0867141167888319,0.568171428934132,10,NA,NA,NA
"real","HTI_ETH",-2.4277849967554,7.59797579001984,16,NA,NA,NA
"real","HTI_HKG",-0.477217814539766,0.953831586464911,20,NA,NA,NA
"real","HTI_IDN",-2.28161784423141,5.28445836280876,22,NA,NA,NA
"real","HTI_NER",-0.800877930937804,7.04245883493076,11,NA,NA,NA
"real","HTI_ROU",-0.371916524588489,0.981636842463006,18,NA,NA,NA
"real","HTI_RUS",-1.18284808671839,3.28141904295766,21,NA,NA,NA
"real","HTI_TWN",-1.63016975526687,4.16626450066358,23,NA,NA,NA
"real","HUN_COK",-0.299630828040743,1.12297729735998,16,NA,NA,NA
"real","HUN_HKG",-0.32005398426315,0.570792663326473,23,NA,NA,NA
"real","IDN_ABW",-0.147412087376153,1.1300630071677,23,NA,NA,NA
"real","IDN_ARM",-0.844285240428255,2.26641948126788,23,NA,NA,NA
"real","IDN_ATG",0.0735313378319747,0.918308065056425,23,NA,NA,NA
"real","IDN_BIH",-0.611719556989728,1.27302713599386,23,NA,NA,NA
"real","IDN_BLR",-0.271443860940967,0.797371832650042,23,NA,NA,NA
"real","IDN_COD",-0.94163814607522,6.22399569789363,21,NA,NA,NA
"real","IDN_COK",0.0582322147124162,0.917348173219398,23,NA,NA,NA
"real","IDN_CPV",-0.027244374619092,0.342414661807228,23,NA,NA,NA
"real","IDN_CYM",-1.18190966071537,3.94204963447634,23,NA,NA,NA
"real","IDN_DOM",-0.0756326794402643,0.0928099114001633,23,NA,NA,NA
"real","IDN_ERI",-0.393590567703158,1.23334775798094,23,NA,NA,NA
"real","IDN_FSM",-0.361617955035271,1.10794259718226,22,NA,NA,NA
"real","IDN_GNQ",-0.320959621662081,1.12704070848033,23,NA,NA,NA
"real","IDN_HKG",0.0588593060315012,0.0461004992694723,23,NA,NA,NA
"real","IDN_HTI",-0.764290091411653,1.13814241315851,23,NA,NA,NA
"real","IDN_KAZ",-0.657996611823476,0.959162848504557,23,NA,NA,NA
"real","IDN_MHL",-0.787508162388647,2.32028492897955,23,NA,NA,NA
"real","IDN_MNP",-0.203292405571012,1.56963567867853,22,NA,NA,NA
"real","IDN_NIU",-1.46016256388252,7.3557832373533,13,NA,NA,NA
"real","IDN_NRU",-0.307691270668778,4.04880912500247,22,NA,NA,NA
"real","IDN_PLW",-0.221924714374664,1.06304860507228,21,NA,NA,NA
"real","IDN_SLB",-0.391723545445564,0.848885157958313,23,NA,NA,NA
"real","IDN_TKM",-0.199601678784238,0.642129444231127,23,NA,NA,NA
"real","IDN_TON",-0.165500248225152,0.679569119637014,23,NA,NA,NA
"real","IDN_TUV",-0.146088060796462,2.96439687371668,23,NA,NA,NA
"real","IDN_UZB",-0.509641959143302,0.840826976647803,23,NA,NA,NA
"real","IDN_VGB",-0.708210398441325,1.70573807918585,22,NA,NA,NA
"real","IDN_VUT",-0.325765881110152,1.97277114715833,23,NA,NA,NA
"real","IDN_WLF",-0.28780993607272,0.856867682790468,22,NA,NA,NA
"real","IDN_WSM",-0.422911264718351,1.19715452409025,23,NA,NA,NA
"real","IND_HKG",0.0871064384842844,0.0301393701030299,23,NA,NA,NA
"real","IND_NIU",0.12831468371378,2.63101349161745,18,NA,NA,NA
"real","IOT_LBN",-0.634810992683665,2.97004198264805,14,NA,NA,NA
"real","IOT_PHL",-0.779183746864549,6.62116365445768,8,NA,NA,NA
"real","IRL_HKG",0.069105960826827,0.175071006672795,23,NA,NA,NA
"real","IRN_ARM",0.0711237775667738,0.142113160806583,21,NA,NA,NA
"real","IRN_BHR",0.00777510327385269,0.513344368232086,23,NA,NA,NA
"real","IRN_BHS",-0.947951421236729,4.30371106698531,14,NA,NA,NA
"real","IRN_BIH",-0.94627530533216,1.1111360782208,23,NA,NA,NA
"real","IRN_BLR",-0.248803716377679,0.467114159227507,21,NA,NA,NA
"real","IRN_CAF",-1.61148636569615,4.05238051315627,20,NA,NA,NA
"real","IRN_COD",-0.578927520354194,3.87419691457329,11,NA,NA,NA
"real","IRN_ERI",-0.842763767389155,3.01426498838302,14,NA,NA,NA
"real","IRN_GMB",-0.482205075285667,1.08955029075811,18,NA,NA,NA
"real","IRN_HKG",-0.209070937665929,0.424750878409865,23,NA,NA,NA
"real","IRN_LBN",0.0889312963657641,0.278007698738014,23,NA,NA,NA
"real","IRN_LBR",-1.17006153927867,2.72995956056589,15,NA,NA,NA
"real","IRN_MRT",-0.716611507984152,2.10569568887128,23,NA,NA,NA
"real","IRN_SLE",-0.723152005176582,2.8657699746836,17,NA,NA,NA
"real","IRN_YEM",-0.07860824331832,0.378258724750926,23,NA,NA,NA
"real","IRQ_BGR",-4.73351439775661,15.4667060245877,22,NA,NA,NA
"real","IRQ_HKG",-1.67223595528436,6.4026436873982,16,NA,NA,NA
"real","IRQ_KEN",-1.25315209854065,5.02791505157621,13,NA,NA,NA
"real","IRQ_SVK",-4.39615455264396,8.61495562295162,18,NA,NA,NA
"real","IRQ_UGA",-2.14733725238808,7.44876994348556,16,NA,NA,NA
"real","ISL_ARM",-0.596100925307041,1.74599926868892,22,NA,NA,NA
"real","ISL_DOM",0.0261019344654251,1.01585993986092,20,NA,NA,NA
"real","ISL_FJI",-0.849045657483481,3.45334871436139,18,NA,NA,NA
"real","ISL_GIN",-1.67061265917263,5.06997028666252,15,NA,NA,NA
"real","ISL_HKG",-0.195685803549513,0.265508051939095,14,NA,NA,NA
"real","ISL_LBN",-0.145230258423461,0.274016680625975,9,NA,NA,NA
"real","ISL_MNG",-0.58883406905897,2.9789398062745,17,NA,NA,NA
"real","ISR_AIA",-1.98135857867984,4.55389499123836,17,NA,NA,NA
"real","ISR_CPV",-0.962476943213709,3.23713454332046,23,NA,NA,NA
"real","ISR_FSM",-1.28168383963583,6.4295705898583,10,NA,NA,NA
"real","ISR_GNB",-0.92546266571922,2.30458493416142,17,NA,NA,NA
"real","ISR_HKG",-0.0418249817920949,0.0250814319575778,23,NA,NA,NA
"real","ISR_KWT",-0.840679151447675,2.22536615010441,16,NA,NA,NA
"real","ISR_PRK",-1.95494409994061,3.58483398751112,15,NA,NA,NA
"real","ISR_SUR",-0.75399492415591,1.592467281811,23,NA,NA,NA
"real","ISR_VGB",-1.70229562631549,8.13279224157821,15,NA,NA,NA
"real","ITA_HKG",0.0211947919471219,0.0162095248763322,23,NA,NA,NA
"real","JAM_ABW",-0.547118786364974,4.44576674353712,23,NA,NA,NA
"real","JAM_CIV",-1.06292778824649,2.61470459191507,19,NA,NA,NA
"real","JAM_ETH",-1.15149400044804,2.27687383260334,22,NA,NA,NA
"real","JAM_GEO",-2.58053643563504,14.4432051769494,21,NA,NA,NA
"real","JAM_HKG",-0.971934750901237,1.47596297766404,23,NA,NA,NA
"real","JAM_IDN",-1.73402409019884,4.57621254067472,23,NA,NA,NA
"real","JAM_LBN",-0.394405948162602,0.897250198252076,23,NA,NA,NA
"real","JAM_PRK",-0.818303397109992,5.24767102058773,11,NA,NA,NA
"real","JAM_SDN",-0.86735841859554,4.21592577661905,16,NA,NA,NA
"real","JOR_BEN",-0.891450816009307,2.61723427881069,21,NA,NA,NA
"real","JOR_BMU",-1.03105349863799,4.94922806812884,11,NA,NA,NA
"real","JOR_BRB",-0.483708973783004,1.96787630085995,22,NA,NA,NA
"real","JOR_GMB",-0.771908207256909,1.7185481550944,12,NA,NA,NA
"real","JOR_GRL",-1.70239943709,3.82440902138078,14,NA,NA,NA
"real","JOR_HKG",-0.500828242966757,0.706476342726864,23,NA,NA,NA
"real","JOR_KNA",-1.03593347651055,3.68117119866928,12,NA,NA,NA
"real","JOR_RWA",-0.651930067993577,1.81603553694598,21,NA,NA,NA
"real","JOR_VCT",-1.24284739984389,4.80429080136987,17,NA,NA,NA
"real","JPN_HKG",0.00462313982756451,0.00473814270355723,23,NA,NA,NA
"real","JPN_NAM",-0.789283606524965,3.89132951311591,23,NA,NA,NA
"real","JPN_SWZ",-0.40170810803457,2.36763209583122,21,NA,NA,NA
"real","KAZ_CRI",-2.74050574806792,12.172016876121,20,NA,NA,NA
"real","KAZ_IDN",-0.241712708984497,0.910442164990983,23,NA,NA,NA
"real","KAZ_LBN",-0.418466393766119,1.45841011383672,23,NA,NA,NA
"real","KAZ_PYF",-0.580665071696865,2.92448834772593,19,NA,NA,NA
"real","KAZ_SLV",-1.99278400880047,10.1430380896571,18,NA,NA,NA
"real","KAZ_TUN",-0.470550085955092,1.92151419471748,23,NA,NA,NA
"real","KEN_AFG",0.0398653361261354,0.560329801227606,21,NA,NA,NA
"real","KEN_HKG",0.0104947654469592,0.136247662568096,23,NA,NA,NA
"real","KEN_TCD",-1.33009336068791,2.75223712201905,20,NA,NA,NA
"real","KEN_VEN",-3.13397725569314,8.90910938939322,21,NA,NA,NA
"real","KEN_VNM",-0.440028616509644,1.95444729112321,22,NA,NA,NA
"real","KGZ_DZA",-3.08217945563626,10.0208046286042,17,NA,NA,NA
"real","KGZ_FRO",-0.429207151927819,1.73816253607082,13,NA,NA,NA
"real","KGZ_IDN",-0.630288435974499,1.1730394862568,23,NA,NA,NA
"real","KGZ_MUS",-2.73015439438619,6.20178952806429,8,NA,NA,NA
"real","KGZ_TWN",-1.68812264837186,3.76559469774533,23,NA,NA,NA
"real","KHM_AND",-1.61680897262862,2.96488574009207,21,NA,NA,NA
"real","KHM_ARG",-1.09432700209294,2.91890538494205,23,NA,NA,NA
"real","KHM_GAB",-2.76848167284717,13.3984984953223,14,NA,NA,NA
"real","KHM_HKG",-0.295212420932994,2.05699266321242,23,NA,NA,NA
"real","KHM_KOR",0.0606595833134033,0.239271317672554,12,NA,NA,NA
"real","KHM_LBN",-0.866905094627273,1.1350114175324,23,NA,NA,NA
"real","KHM_OMN",-2.25972357618924,7.41833943371813,12,NA,NA,NA
"real","KHM_ZAF",-0.802913645702058,1.73169054236524,22,NA,NA,NA
"real","KIR_HKG",0.0615785172403553,2.71729270447646,22,NA,NA,NA
"real","KIR_LBN",-0.938017203740828,11.1586917908939,12,NA,NA,NA
"real","KIR_TWN",-1.22159285933067,8.38644778825406,20,NA,NA,NA
"real","KNA_BHR",-0.77676218027277,3.32315618784863,11,NA,NA,NA
"real","KNA_BRA",-1.31421331812439,4.68611520949874,22,NA,NA,NA
"real","KNA_DZA",-0.965285125831958,2.76308359492078,21,NA,NA,NA
"real","KNA_ETH",-0.940464428744008,2.98341290469512,10,NA,NA,NA
"real","KNA_LBN",-1.54275790308892,4.45785241308243,16,NA,NA,NA
"real","KNA_PAN",-1.63624013579785,5.49778882280711,11,NA,NA,NA
"real","KNA_RWA",-1.91439664738679,14.6707883955408,8,NA,NA,NA
"real","KNA_TCA",-0.38886977355842,2.78444090646818,8,NA,NA,NA
"real","KNA_TUR",-2.96677766635691,14.4777350358807,16,NA,NA,NA
"real","KNA_UGA",-0.946281505965946,5.50314546654922,10,NA,NA,NA
"real","KOR_HKG",0.0326969894356696,0.0254304066112685,23,NA,NA,NA
"real","KOR_KHM",0.00994212025569093,0.0624140091002829,12,NA,NA,NA
"real","KWT_AZE",-0.827627963576441,2.67621835871145,23,NA,NA,NA
"real","KWT_BRN",-1.46286998984883,3.81546903549706,17,NA,NA,NA
"real","KWT_CRI",-1.61415422772979,3.87522455974112,18,NA,NA,NA
"real","KWT_GMB",-1.38174461229692,4.44712667053603,17,NA,NA,NA
"real","KWT_HKG",-0.0762314123018613,0.88442612884678,23,NA,NA,NA
"real","KWT_LVA",-2.57989608884551,11.2169383159524,15,NA,NA,NA
"real","KWT_MDV",-2.5322631234976,5.65262980554741,19,NA,NA,NA
"real","KWT_MLI",-1.08124417899088,4.02244909942865,16,NA,NA,NA
"real","KWT_MNG",-1.34747850827173,4.30287075759863,18,NA,NA,NA
"real","KWT_POL",-1.93787369721864,2.48081576665259,21,NA,NA,NA
"real","KWT_RWA",-2.0558325641128,9.87709775262499,19,NA,NA,NA
"real","KWT_SYC",-2.21011683899155,3.22385417280888,19,NA,NA,NA
"real","LAO_ARG",-0.890224157265065,2.64038892643068,20,NA,NA,NA
"real","LAO_CIV",-2.07697515243987,4.57581639417523,18,NA,NA,NA
"real","LAO_HKG",-1.62448854942303,3.31285664292916,23,NA,NA,NA
"real","LAO_LBN",0.0101787976528214,0.466667898053297,23,NA,NA,NA
"real","LBN_AGO",-0.314561093449949,0.505091680680937,23,NA,NA,NA
"real","LBN_AIA",-0.208850879050094,1.19842272834289,22,NA,NA,NA
"real","LBN_ANT",-0.0500282455194176,0.873853728550045,13,NA,NA,NA
"real","LBN_ARM",-0.127754900188197,2.11735747884436,23,NA,NA,NA
"real","LBN_BIH",-0.132424452278669,1.6684668427378,22,NA,NA,NA
"real","LBN_BLR",-1.43892746525603,2.01855703969342,23,NA,NA,NA
"real","LBN_COD",-0.834783249864835,3.48578192104212,20,NA,NA,NA
"real","LBN_CPV",-0.112141877826531,0.534933655117,17,NA,NA,NA
"real","LBN_CUB",-1.15256886170734,2.81926651350746,18,NA,NA,NA
"real","LBN_DJI",-0.0272836276095829,0.348243529620042,23,NA,NA,NA
"real","LBN_DMA",-0.724582039466741,3.42786034176715,20,NA,NA,NA
"real","LBN_ERI",-1.20361675854527,4.2313136751853,21,NA,NA,NA
"real","LBN_GNB",-0.29018646500868,1.63289850595376,19,NA,NA,NA
"real","LBN_GNQ",-0.591781997343599,2.12665365514096,22,NA,NA,NA
"real","LBN_HKG",-0.0204913798903286,0.439739626909604,23,NA,NA,NA
"real","LBN_IRN",-0.634591153021516,1.84046504595548,23,NA,NA,NA
"real","LBN_KAZ",-0.126687837361427,1.04353369315388,23,NA,NA,NA
"real","LBN_LBR",0.00977248535410353,0.293553754847526,23,NA,NA,NA
"real","LBN_MAC",-0.175829928076319,1.11002237730859,17,NA,NA,NA
"real","LBN_MDG",-1.02049657663004,3.56528514562617,20,NA,NA,NA
"real","LBN_MOZ",-0.739012995461673,1.29277604587112,23,NA,NA,NA
"real","LBN_MRT",0.294600134777999,1.09643294894239,23,NA,NA,NA
"real","LBN_NIC",-1.73267572888755,5.58653443481039,17,NA,NA,NA
"real","LBN_PRK",-0.757360092398949,3.16456903176801,14,NA,NA,NA
"real","LBN_SLE",-0.349932675610415,0.483975215372024,23,NA,NA,NA
"real","LBN_SYC",-1.67511091497594,5.06125340702166,20,NA,NA,NA
"real","LBN_TKM",-0.854025464705979,3.26337650555385,19,NA,NA,NA
"real","LBN_TWN",-0.406091908922292,0.442814591803631,23,NA,NA,NA
"real","LBN_UZB",-1.30171536211062,8.25940634070171,16,NA,NA,NA
"real","LBN_VNM",-0.374698521641372,1.55942841138717,22,NA,NA,NA
"real","LBN_ZWE",-1.35093338418567,3.10548696928924,23,NA,NA,NA
"real","LBR_BHS",-1.84435791207743,3.58012691726024,18,NA,NA,NA
"real","LBR_GAB",-0.942735359423966,2.81216090925294,9,NA,NA,NA
"real","LBR_HKG",-0.908416471149302,2.45634667155574,23,NA,NA,NA
"real","LBR_POL",-0.557833648988671,2.81664331732406,21,NA,NA,NA
"real","LBR_TWN",-1.38590557584826,4.32444780714365,21,NA,NA,NA
"real","LBY_CIV",-1.95458656678015,7.04603676565065,19,NA,NA,NA
"real","LBY_MLI",-1.48343382508909,5.50370267057763,18,NA,NA,NA
"real","LBY_TWN",-2.30681509394358,11.5342338618497,20,NA,NA,NA
"real","LCA_HKG",-0.485267442164027,1.33734417897975,18,NA,NA,NA
"real","LCA_LBN",-1.10869037891296,6.62141366537679,10,NA,NA,NA
"real","LCA_NOR",-0.806975083117502,3.61965870348668,12,NA,NA,NA
"real","LCA_SLV",-5.72294139053637,13.5321419990526,11,NA,NA,NA
"real","LCA_THA",-1.48687175905099,4.68385212784392,20,NA,NA,NA
"real","LCA_UKR",-1.49030365811619,7.87508039464899,13,NA,NA,NA
"real","LKA_HKG",-0.0996104150157684,0.197036834574202,23,NA,NA,NA
"real","LKA_MNG",-0.466360891043772,1.54071412781904,22,NA,NA,NA
"real","LTU_ATG",-1.76378008118938,5.27230106536802,8,NA,NA,NA
"real","LTU_BOL",-1.02727613291751,1.7803229328571,22,NA,NA,NA
"real","LTU_CMR",-0.749589754996844,2.10162914866976,16,NA,NA,NA
"real","LTU_COD",-0.959176813791727,2.37083866444872,16,NA,NA,NA
"real","LTU_GTM",-1.40498495092493,5.64091081897635,11,NA,NA,NA
"real","LTU_HKG",-0.17907001343626,0.678431504302622,23,NA,NA,NA
"real","LTU_SYC",-0.915920324709243,6.44074240747249,11,NA,NA,NA
"real","LTU_ZWE",-0.705158832691454,4.6415006750799,9,NA,NA,NA
"real","LVA_COG",-2.71684538370535,8.29560336950235,17,NA,NA,NA
"real","LVA_GNQ",-0.564340770559158,1.53989620890467,13,NA,NA,NA
"real","LVA_HKG",-0.12569017766335,0.45202942170124,23,NA,NA,NA
"real","LVA_KEN",-1.8051884300914,4.94980678964789,20,NA,NA,NA
"real","LVA_KWT",-1.10263388075015,2.57790084441831,23,NA,NA,NA
"real","LVA_LKA",-0.443540601975303,0.748259038799425,23,NA,NA,NA
"real","LVA_MDG",-1.18464924515021,4.55952694585752,9,NA,NA,NA
"real","LVA_MHL",-1.18415946604144,2.56854572140272,22,NA,NA,NA
"real","LVA_SEN",-1.62194869335885,4.36859944571813,20,NA,NA,NA
"real","LVA_SLV",-1.34639036464407,5.6785973595587,12,NA,NA,NA
"real","LVA_TTO",-0.460411009136724,1.0035053500058,10,NA,NA,NA
"real","MAC_BFA",-0.419671162665588,1.01719784838881,8,NA,NA,NA
"real","MAC_BOL",-0.649812194062951,3.61332795253675,18,NA,NA,NA
"real","MAC_ETH",-1.94540987873882,5.67911597299568,8,NA,NA,NA
"real","MAC_HKG",-0.16381172198023,0.700580157414739,19,NA,NA,NA
"real","MAC_LTU",-1.73752324162762,6.54693508233746,21,NA,NA,NA
"real","MAC_LVA",-1.0472721694565,3.28550803820145,20,NA,NA,NA
"real","MAC_VCT",-1.03539654373335,4.59578792299541,8,NA,NA,NA
"real","MAR_HKG",-0.443950589586507,1.26934764432613,23,NA,NA,NA
"real","MAR_KAZ",-0.636767185509521,2.01144405913704,23,NA,NA,NA
"real","MAR_VCT",-1.38948451843408,3.49150568041298,16,NA,NA,NA
"real","MDA_BHS",-1.00048704716354,6.38240712855747,8,NA,NA,NA
"real","MDA_HKG",-1.39974475201684,3.66690386340073,21,NA,NA,NA
"real","MDA_IDN",-2.09010457980213,4.39273771123928,22,NA,NA,NA
"real","MDA_MLI",-2.47497479861117,7.82699654119019,13,NA,NA,NA
"real","MDA_PYF",-0.407411906956703,0.785875429145347,15,NA,NA,NA
"real","MDA_SEN",-0.686276431938438,4.89042675965922,16,NA,NA,NA
"real","MDA_SYC",-2.06607003315203,11.7087015393547,15,NA,NA,NA
"real","MDG_HKG",0.236441243918174,0.736155789550758,23,NA,NA,NA
"real","MDG_KHM",-1.75262381494388,9.70383201163684,15,NA,NA,NA
"real","MDG_LBR",-1.34667993604332,5.27005271824314,12,NA,NA,NA
"real","MDV_BRA",-0.890122019243927,3.90294586115909,17,NA,NA,NA
"real","MDV_FRO",-0.618831545362541,1.95381259733005,13,NA,NA,NA
"real","MDV_HKG",-0.104303199959459,0.171333294453764,23,NA,NA,NA
"real","MDV_ISR",-0.387052394006014,1.29755063707208,17,NA,NA,NA
"real","MDV_LBN",-0.654672504067489,2.35141397717259,23,NA,NA,NA
"real","MDV_NOR",-1.58305454433319,3.80793568863023,17,NA,NA,NA
"real","MEX_HKG",0.0281542858095416,0.0813747841100178,23,NA,NA,NA
"real","MEX_KGZ",-1.02674614241708,3.2349898240346,21,NA,NA,NA
"real","MEX_MHL",-0.813029154138601,4.48815016107798,16,NA,NA,NA
"real","MHL_BRA",-1.13836945899285,5.53328167078956,16,NA,NA,NA
"real","MHL_CHE",-2.1188298193006,7.50584950130057,17,NA,NA,NA
"real","MHL_DZA",-1.66989505800966,10.3649093184857,11,NA,NA,NA
"real","MHL_FRO",-3.29452023669091,7.66809893287881,9,NA,NA,NA
"real","MHL_LBN",-1.94514483802579,8.25690394828975,18,NA,NA,NA
"real","MHL_MKD",-1.06805631020778,9.31315772576617,19,NA,NA,NA
"real","MKD_BRA",-0.888583540023883,2.9125260191982,22,NA,NA,NA
"real","MKD_BRB",-3.73799615681687,17.0573138172252,16,NA,NA,NA
"real","MKD_CRI",-0.963252335650354,2.85124328297245,16,NA,NA,NA
"real","MKD_CUB",-1.93243354662795,5.93022957999776,11,NA,NA,NA
"real","MKD_HKG",-0.894384005641923,1.47433506357725,23,NA,NA,NA
"real","MKD_KEN",-1.6474259167616,4.98373496073556,17,NA,NA,NA
"real","MKD_MAC",-0.533338094256114,4.18017136345322,14,NA,NA,NA
"real","MKD_NIC",-1.65981982548149,4.25021630988556,20,NA,NA,NA
"real","MKD_SLE",-0.825911411098973,2.70203735397492,15,NA,NA,NA
"real","MKD_YEM",-0.844839982404777,3.15712392844606,17,NA,NA,NA
"real","MKD_ZWE",-1.47237860564956,10.071553973325,12,NA,NA,NA
"real","MLI_AGO",-0.657251932458119,3.78495232547706,18,NA,NA,NA
"real","MLI_BRB",-0.507019209957029,3.29185590171472,19,NA,NA,NA
"real","MLI_ECU",-0.161373112763726,2.79505907494829,12,NA,NA,NA
"real","MLI_GUY",-0.748773324444073,2.61710409681535,8,NA,NA,NA
"real","MLI_HKG",-0.743754562024666,1.59190564969305,23,NA,NA,NA
"real","MLI_KEN",-1.60842298708285,5.07544968722598,22,NA,NA,NA
"real","MLI_VCT",-1.46149579090386,7.03764560874842,14,NA,NA,NA
"real","MLI_VEN",-1.98331236527756,14.8674442531282,14,NA,NA,NA
"real","MLI_ZMB",0.0760116074994239,2.96089656358194,19,NA,NA,NA
"real","MLT_BEN",-1.62239366649939,6.32019660519587,20,NA,NA,NA
"real","MLT_FJI",-1.5726355992759,5.74323534222835,9,NA,NA,NA
"real","MLT_HKG",-0.448587092361418,1.09598424874987,23,NA,NA,NA
"real","MLT_LAO",-3.87050328194648,9.13409106813583,8,NA,NA,NA
"real","MMR_HKG",0.318969083472768,0.337993139812706,23,NA,NA,NA
"real","MMR_LBN",-0.204646462982818,0.347694860670454,23,NA,NA,NA
"real","MMR_SYC",-0.874633697979418,5.62042409921855,8,NA,NA,NA
"real","MMR_UKR",-2.03363474358672,7.51882543926044,22,NA,NA,NA
"real","MNG_ARE",-1.4913858954917,5.64794010541462,17,NA,NA,NA
"real","MNG_BRA",-2.06054271122556,8.5032585182085,21,NA,NA,NA
"real","MNG_EST",-4.08227741070797,10.9483429850831,17,NA,NA,NA
"real","MNG_GTM",-0.277755985563817,2.03724995678419,11,NA,NA,NA
"real","MNG_HKG",-0.17997227459307,0.860976672907192,23,NA,NA,NA
"real","MNG_IDN",-1.9554561542196,4.89719671743946,23,NA,NA,NA
"real","MNG_KWT",-0.397630303254139,4.54972468049867,21,NA,NA,NA
"real","MNG_LBN",-0.371970800567477,2.28105396498555,23,NA,NA,NA
"real","MNG_MAC",-1.19228233286911,6.94458428346595,9,NA,NA,NA
"real","MNG_NPL",0.0116907656797589,1.83988390943135,22,NA,NA,NA
"real","MNG_PRK",-1.37633815070284,5.34618159100078,16,NA,NA,NA
"real","MNG_PYF",-0.786138473961081,2.94937935774196,16,NA,NA,NA
"real","MNG_UKR",-0.273384960722496,2.86409587074029,23,NA,NA,NA
"real","MNG_VCT",-0.264785665864831,0.809929458297859,9,NA,NA,NA
"real","MNG_VNM",-2.09865271562233,5.2798900954248,16,NA,NA,NA
"real","MNP_ARG",-0.562641226901215,3.39149345494476,15,NA,NA,NA
"real","MNP_BRA",-1.00647904268928,4.12712475785946,15,NA,NA,NA
"real","MNP_CHE",-1.41499648001394,3.96487158226408,15,NA,NA,NA
"real","MNP_CYP",-0.74372611077437,4.11766852652727,8,NA,NA,NA
"real","MNP_LBN",-0.803121722564126,3.26327528029039,21,NA,NA,NA
"real","MOZ_BGR",-4.23126715862158,7.6617463764506,18,NA,NA,NA
"real","MOZ_CIV",-1.90497695119767,3.79329329496705,16,NA,NA,NA
"real","MOZ_HKG",-0.309063907835167,2.17554557132176,23,NA,NA,NA
"real","MOZ_MLI",-0.000182522344540637,1.45946767270532,11,NA,NA,NA
"real","MRT_BGD",-2.24121772539664,7.30971027535442,17,NA,NA,NA
"real","MRT_HKG",-0.0357485754512749,0.325472115975592,23,NA,NA,NA
"real","MRT_HND",-1.12204520589361,7.40238493078379,17,NA,NA,NA
"real","MRT_KEN",-4.94755343238326,10.8790466244507,17,NA,NA,NA
"real","MRT_LBN",0.154180371888104,0.486499489073493,23,NA,NA,NA
"real","MRT_TWN",-1.29947004913921,2.3903394332938,23,NA,NA,NA
"real","MSR_ECU",-1.83325932108074,6.53766473823474,13,NA,NA,NA
"real","MSR_EGY",-0.579237679077165,2.02142073714013,10,NA,NA,NA
"real","MSR_IDN",-2.15522020729702,4.46298714665308,18,NA,NA,NA
"real","MSR_LBN",-0.942799712411695,2.4392207179878,20,NA,NA,NA
"real","MSR_TWN",-1.39201591666403,4.75819169836792,22,NA,NA,NA
"real","MUS_BRB",-1.26398765646808,3.02482878036832,21,NA,NA,NA
"real","MUS_GRL",-0.618106552143815,1.7794600484848,16,NA,NA,NA
"real","MUS_HKG",-0.056797416110441,0.233845876735184,23,NA,NA,NA
"real","MUS_NIC",-0.246402149940302,2.19360790438761,23,NA,NA,NA
"real","MUS_NPL",-1.35850335169351,7.15886545200818,14,NA,NA,NA
"real","MUS_YEM",-1.43760281245146,5.1580365867194,14,NA,NA,NA
"real","MWI_ARE",-2.08770951726702,4.53687033236193,23,NA,NA,NA
"real","MWI_BIH",-0.571876943931833,3.67611590286383,18,NA,NA,NA
"real","MWI_BRA",-0.267637862497909,1.57418621091418,23,NA,NA,NA
"real","MWI_ECU",-1.33252283917132,6.82662504408471,16,NA,NA,NA
"real","MWI_HKG",-0.785356668846166,1.26177227055527,23,NA,NA,NA
"real","MWI_IRN",-1.36360471488488,5.97193753538359,16,NA,NA,NA
"real","MWI_LCA",-0.275601794215953,4.64402723702983,12,NA,NA,NA
"real","MWI_MKD",-0.736839340841096,7.87544347981216,22,NA,NA,NA
"real","MWI_MLI",-3.3987952331735,8.18766381683809,13,NA,NA,NA
"real","MWI_NPL",-2.98915799311552,9.51856412866083,11,NA,NA,NA
"real","MWI_ROU",-0.418321605048001,2.68425634884933,22,NA,NA,NA
"real","MWI_RUS",-0.302554930843913,2.12796153780593,23,NA,NA,NA
"real","MWI_SLB",-0.0946348540715445,0.99612939271728,8,NA,NA,NA
"real","MWI_UKR",-0.574218171463014,2.27938324598089,22,NA,NA,NA
"real","MYS_GNQ",-1.10466438881103,4.49691512932352,21,NA,NA,NA
"real","MYS_HKG",-0.0492307538937065,0.018605078974295,23,NA,NA,NA
"real","NAM_ARE",-1.89277705379604,3.98146561349851,22,NA,NA,NA
"real","NAM_ARG",-2.21567506676527,8.5022642851291,18,NA,NA,NA
"real","NAM_AZE",-1.62145822040445,8.65879484455525,16,NA,NA,NA
"real","NAM_BIH",-1.84304705530894,6.69213726052497,20,NA,NA,NA
"real","NAM_BLZ",-1.86696042426469,3.99291685866935,22,NA,NA,NA
"real","NAM_CHE",-0.8509715180232,1.80287974469415,10,NA,NA,NA
"real","NAM_CHL",-1.13023306567974,3.51838650209492,21,NA,NA,NA
"real","NAM_COG",-1.20851719813937,3.5765787530047,23,NA,NA,NA
"real","NAM_DMA",-2.81999519176292,12.5862447125806,9,NA,NA,NA
"real","NAM_GAB",-1.254886850352,5.64631014641998,19,NA,NA,NA
"real","NAM_HKG",-0.840103214231541,1.16525286297021,23,NA,NA,NA
"real","NAM_IDN",-1.40201180946981,3.74579202289118,22,NA,NA,NA
"real","NAM_ISR",-1.23580724048327,3.56458270453388,23,NA,NA,NA
"real","NAM_LVA",-0.359436879162414,3.0123967685428,18,NA,NA,NA
"real","NAM_RUS",-0.569054460165063,1.29229164018969,22,NA,NA,NA
"real","NAM_SAU",-0.671474850730315,3.55006962610543,22,NA,NA,NA
"real","NAM_SLE",-1.00400117354957,5.15695549549416,20,NA,NA,NA
"real","NER_ARG",-1.90058242204392,6.22463825235881,19,NA,NA,NA
"real","NER_BDI",-0.642796183930564,3.32769166918468,18,NA,NA,NA
"real","NER_KEN",-1.31069520443477,7.78344226843923,23,NA,NA,NA
"real","NER_LBN",-2.11540409544394,7.29226050229758,23,NA,NA,NA
"real","NER_MNG",-0.540740792803097,3.26806444793344,9,NA,NA,NA
"real","NFK_IDN",-0.714796841384767,2.0255963275945,20,NA,NA,NA
"real","NFK_NGA",-1.44703942638641,2.17138078970051,19,NA,NA,NA
"real","NGA_HKG",-0.416372967916341,0.532173441267108,23,NA,NA,NA
"real","NIC_ABW",-0.397720482287654,1.06669774937227,13,NA,NA,NA
"real","NIC_BHS",-1.35418543253375,1.62641357939547,21,NA,NA,NA
"real","NIC_CIV",-3.39210746452893,13.7993060396461,18,NA,NA,NA
"real","NIC_EST",-0.96678148459532,1.86037718432283,14,NA,NA,NA
"real","NIC_ETH",-0.601921116958016,8.18950417569912,19,NA,NA,NA
"real","NIC_HKG",-1.04820246201324,1.91562435816542,23,NA,NA,NA
"real","NIC_MLI",-2.97238751637409,5.74721954592813,10,NA,NA,NA
"real","NIC_SUR",-0.799289644013322,5.15004200315341,15,NA,NA,NA
"real","NIC_SWZ",-1.87077853240159,13.7319082969258,9,NA,NA,NA
"real","NIC_SYR",-0.0240729881507047,0.870071659833182,15,NA,NA,NA
"real","NIC_VGB",-0.370114123377445,2.3875155500502,11,NA,NA,NA
"real","NIU_BRA",0.529130476527836,7.94157575663052,13,NA,NA,NA
"real","NIU_HKG",-0.0242162522358771,5.30232481548571,11,NA,NA,NA
"real","NIU_IDN",-4.02891563746122,15.1860425475826,17,NA,NA,NA
"real","NIU_ROU",-0.389336447972838,17.705031924439,8,NA,NA,NA
"real","NIU_THA",0.874640145833975,8.32484278121086,19,NA,NA,NA
"real","NLD_HKG",0.059837951432248,0.0689909456917348,23,NA,NA,NA
"real","NLD_PLW",-1.18705779962984,5.60168820625275,21,NA,NA,NA
"real","NOR_HKG",-0.136083021901459,0.122382722726898,14,NA,NA,NA
"real","NPL_ARM",-0.781010837323642,2.2009024702798,21,NA,NA,NA
"real","NPL_CIV",-1.37826952795949,5.42835553942895,14,NA,NA,NA
"real","NPL_EST",-0.355440886944008,1.01684865444322,23,NA,NA,NA
"real","NPL_GIN",-0.357409175109377,1.47548382062007,13,NA,NA,NA
"real","NPL_HKG",-0.235842035611694,0.67096948182959,23,NA,NA,NA
"real","NPL_LBN",-0.717660665063453,2.01593700014952,23,NA,NA,NA
"real","NPL_MLI",-2.36349428339781,5.16395961556984,12,NA,NA,NA
"real","NPL_NER",-2.10145491907777,4.29977293718171,10,NA,NA,NA
"real","NPL_TGO",-0.800331387196667,3.00936268040067,9,NA,NA,NA
"real","NPL_TTO",-0.492793649310708,1.93409394809817,10,NA,NA,NA
"real","NRU_CPV",-0.98245527562515,4.15777731538963,9,NA,NA,NA
"real","NRU_ETH",-0.530428928366474,3.62706250091689,11,NA,NA,NA
"real","NRU_IDN",-2.17417566816109,6.84032106813429,21,NA,NA,NA
"real","NRU_LBN",-1.50268004675931,7.65321980816752,13,NA,NA,NA
"real","NRU_RWA",-2.19552942233163,10.2355751095733,9,NA,NA,NA
"real","NRU_UKR",-1.15407961459804,3.83083802437553,11,NA,NA,NA
"real","NZL_AIA",-0.763573679885157,2.44326150850546,11,NA,NA,NA
"real","NZL_BIH",-0.248039010429962,0.586854842825091,23,NA,NA,NA
"real","NZL_HKG",0.00985537088583782,0.0794780722905543,13,NA,NA,NA
"real","NZL_SWZ",-2.06541080167183,5.04792176010078,22,NA,NA,NA
"real","OMN_BEN",-1.81442365136651,4.46248906632304,19,NA,NA,NA
"real","OMN_CUB",-0.417068124732738,1.2024500008687,10,NA,NA,NA
"real","OMN_GEO",-0.669394807329765,2.53660195651134,22,NA,NA,NA
"real","OMN_HKG",-0.0860249221273735,0.278901453879577,23,NA,NA,NA
"real","OMN_LBR",-0.177356013489689,0.463942212772468,22,NA,NA,NA
"real","OMN_LTU",-3.04953069449784,12.2202050574955,21,NA,NA,NA
"real","OMN_PYF",-1.15221118481506,2.62776727100868,16,NA,NA,NA
"real","PAK_ALB",-0.880512144760244,2.60916373621623,20,NA,NA,NA
"real","PAK_ARM",-0.661005536362452,2.8559512868626,21,NA,NA,NA
"real","PAK_CPV",-1.07422824430275,3.45805672503466,22,NA,NA,NA
"real","PAK_HKG",-0.022423345308103,1.02122404087495,23,NA,NA,NA
"real","PAN_ARM",-2.51101788812399,12.2681674263197,21,NA,NA,NA
"real","PAN_CPV",-2.02843356397041,7.62893908319326,19,NA,NA,NA
"real","PAN_ETH",-0.939040500344109,3.29867130622863,22,NA,NA,NA
"real","PAN_GEO",-0.333536707246766,2.85156277666152,19,NA,NA,NA
"real","PAN_GRL",-1.07574019210768,4.33589441358336,8,NA,NA,NA
"real","PAN_HKG",0.014255009610832,0.222465265872295,23,NA,NA,NA
"real","PAN_NGA",-1.89537830022527,6.45147321051008,22,NA,NA,NA
"real","PAN_SYC",-1.63154735340425,3.7190732603932,19,NA,NA,NA
"real","PCN_AUS",-1.80851920284915,3.99365674125361,19,NA,NA,NA
"real","PCN_BRA",-0.616327645032649,4.8058024898617,13,NA,NA,NA
"real","PCN_LBN",-0.790243566308936,1.66764413883037,10,NA,NA,NA
"real","PER_AZE",-0.469029710146918,1.28495824313825,19,NA,NA,NA
"real","PER_CPV",-0.387592383933463,0.803880255089645,19,NA,NA,NA
"real","PER_HKG",0.0208542899439948,0.11675962307203,23,NA,NA,NA
"real","PER_KIR",-0.392838419115261,8.36132714619034,13,NA,NA,NA
"real","PER_MNG",-0.604456371229818,1.97701340201116,11,NA,NA,NA
"real","PER_SWZ",-1.81207903430921,9.71579556474684,20,NA,NA,NA
"real","PER_VUT",-1.03759390798521,9.6790196011318,11,NA,NA,NA
"real","PER_WSM",-0.352956933331459,3.82441165275736,17,NA,NA,NA
"real","PER_ZMB",-1.13741789294241,4.72239123576298,22,NA,NA,NA
"real","PHL_CYM",-0.471333325358029,1.03166784918096,21,NA,NA,NA
"real","PHL_HKG",-0.127733509990858,0.16626129009618,23,NA,NA,NA
"real","PHL_KAZ",-0.855860648445711,2.10367321760142,23,NA,NA,NA
"real","PHL_LBR",-4.29640466917525,15.2148353690064,22,NA,NA,NA
"real","PHL_UZB",-0.687677162092822,3.42229634038907,23,NA,NA,NA
"real","PLW_COL",-1.09523736989145,4.46352537623801,16,NA,NA,NA
"real","PLW_DEU",-0.873601354212715,2.6771634635419,21,NA,NA,NA
"real","PLW_ESP",-1.54916910149524,4.32070342219599,10,NA,NA,NA
"real","PLW_GBR",-0.748978562075439,2.03576983584255,11,NA,NA,NA
"real","PNG_HKG",-0.170693459434839,2.1676782599501,23,NA,NA,NA
"real","PNG_LBN",-3.12280554998983,10.8208259281741,16,NA,NA,NA
"real","PNG_MAR",-0.844774379940698,5.57182982838972,11,NA,NA,NA
"real","POL_ERI",-0.56856495889985,2.45866946383545,20,NA,NA,NA
"real","POL_HKG",-0.316437562027364,0.211413438139566,23,NA,NA,NA
"real","POL_PNG",-1.24215978490993,5.18450754235273,10,NA,NA,NA
"real","POL_TON",-2.07014756831046,10.9627776257114,18,NA,NA,NA
"real","PRK_BHS",-0.876434794825892,1.90688448693648,13,NA,NA,NA
"real","PRK_BRB",-0.854919995635038,5.78552923401121,23,NA,NA,NA
"real","PRK_HKG",-0.497960587168436,3.44419964467554,20,NA,NA,NA
"real","PRK_LBN",-0.801913903768201,3.6435298045691,23,NA,NA,NA
"real","PRT_HKG",0.0847529072497,0.0859965789438237,23,NA,NA,NA
"real","PRT_NAM",-0.53859675659495,2.5888545914939,18,NA,NA,NA
"real","PRT_TUV",-2.69872506797559,18.9805517685,9,NA,NA,NA
"real","PRY_COM",-1.45594605832627,8.94337855769546,11,NA,NA,NA
"real","PRY_HKG",-0.00681312520508028,0.786450072122524,23,NA,NA,NA
"real","PRY_TGO",-0.71004524648644,2.48851852422002,17,NA,NA,NA
"real","PYF_ARE",-1.62274521036988,4.05176395338183,23,NA,NA,NA
"real","PYF_CIV",-1.12340991787504,4.59059337198729,9,NA,NA,NA
"real","PYF_COM",-1.55967911494141,4.88109073968694,10,NA,NA,NA
"real","PYF_HKG",-0.903543915571524,2.4432516578676,23,NA,NA,NA
"real","PYF_IDN",-1.98722252394971,2.82269112286241,23,NA,NA,NA
"real","PYF_ISR",-0.917263729248509,3.88453364151066,15,NA,NA,NA
"real","PYF_TON",-0.248154076755326,0.880722340878163,19,NA,NA,NA
"real","QAT_CMR",-0.124945554868603,0.309776662210531,21,NA,NA,NA
"real","QAT_ETH",0.220562196956588,1.46557066163264,23,NA,NA,NA
"real","QAT_GAB",-2.84692327710254,4.09718552635893,13,NA,NA,NA
"real","QAT_HKG",-0.518683581823209,0.589974858217378,23,NA,NA,NA
"real","QAT_LTU",-1.40209732984369,6.85599158285586,21,NA,NA,NA
"real","QAT_MDV",-1.7178430958002,4.29168124423905,20,NA,NA,NA
"real","QAT_MUS",-1.34747915671822,5.85610051521542,21,NA,NA,NA
"real","QAT_ZMB",-1.26238736191417,7.27734687012369,21,NA,NA,NA
"real","ROU_HKG",0.0691209918758943,0.267937528129267,23,NA,NA,NA
"real","ROU_KHM",-0.728280530254421,2.21448427471108,23,NA,NA,NA
"real","ROU_MHL",-2.72887673936027,10.9977622877523,22,NA,NA,NA
"real","ROU_SOM",-1.70862037747039,3.18399893889588,14,NA,NA,NA
"real","ROU_TON",-1.11770236088451,8.98312690960148,10,NA,NA,NA
"real","ROU_WLF",-1.37088636808468,4.37641087893335,8,NA,NA,NA
"real","RUS_ANT",-2.29613632572498,10.7172192109009,14,NA,NA,NA
"real","RUS_BHR",-1.10054577650378,2.05771992581668,22,NA,NA,NA
"real","RUS_CPV",-1.58566035195309,6.83941971007504,22,NA,NA,NA
"real","RUS_ESH",-2.37277398843365,6.479668774071,16,NA,NA,NA
"real","RUS_HKG",-0.00125833264657554,0.138390385901578,23,NA,NA,NA
"real","RUS_HTI",-0.261143173153602,0.428945738235143,22,NA,NA,NA
"real","RUS_MOZ",-1.42838519364882,3.40864737619427,22,NA,NA,NA
"real","RUS_WSM",-0.587010088166363,1.41580419647991,16,NA,NA,NA
"real","RWA_BRA",-1.57243117013261,5.09461464964157,19,NA,NA,NA
"real","RWA_COG",-1.08545811763455,2.24161579146275,20,NA,NA,NA
"real","RWA_CRI",-1.56562213244166,6.68914245126561,11,NA,NA,NA
"real","RWA_IDN",-5.330914514549,20.2566884478359,20,NA,NA,NA
"real","RWA_IND",-0.999417250670573,3.69287983402359,21,NA,NA,NA
"real","RWA_ISR",-1.18131601756233,4.07982664743407,19,NA,NA,NA
"real","RWA_NER",-2.13234071193846,4.59069154013239,15,NA,NA,NA
"real","RWA_NGA",-1.06841133157539,4.15862940210488,22,NA,NA,NA
"real","RWA_TWN",-1.03122691170273,3.6750965967236,17,NA,NA,NA
"real","SAU_FRO",-1.04953240982168,2.70026760398041,13,NA,NA,NA
"real","SAU_HKG",0.109156657137646,0.092791440222824,23,NA,NA,NA
"real","SAU_VCT",-4.00832799905504,3.76685492295262,21,NA,NA,NA
"real","SDN_ABW",-0.128713222923818,4.45554477326864,19,NA,NA,NA
"real","SDN_BRB",0.138363588189882,2.18002962066225,22,NA,NA,NA
"real","SDN_EST",-1.6844058263928,3.24904198813446,16,NA,NA,NA
"real","SDN_HKG",0.0824006713356123,1.74836730020054,23,NA,NA,NA
"real","SDN_LTU",0.0227715845611461,2.01790145751509,15,NA,NA,NA
"real","SDN_LVA",-0.572909223124626,4.36880287780015,11,NA,NA,NA
"real","SDN_MDA",-1.07203851258883,5.08340740259106,20,NA,NA,NA
"real","SDN_MRT",-0.934910748320244,4.37017488296313,17,NA,NA,NA
"real","SDN_RUS",0.244547973359195,1.06728894025687,23,NA,NA,NA
"real","SEN_BRB",-1.66371947164929,4.51843562344275,21,NA,NA,NA
"real","SEN_ETH",0.0381988036823174,0.703025127653413,23,NA,NA,NA
"real","SEN_HKG",0.063382547524693,0.0975004681391252,23,NA,NA,NA
"real","SEN_HTI",-1.38184751160037,3.533410923009,12,NA,NA,NA
"real","SEN_LBN",-0.592746401271835,0.956152988745091,23,NA,NA,NA
"real","SEN_LBY",-1.33613973737908,3.51994027403711,20,NA,NA,NA
"real","SEN_LVA",-2.6578783320591,6.56313067550555,11,NA,NA,NA
"real","SEN_MDA",-0.627435609977994,2.34070911458616,16,NA,NA,NA
"real","SEN_PAK",-0.873636867057476,2.59544219947894,19,NA,NA,NA
"real","SEN_STP",-1.42043417855343,4.79262105906543,17,NA,NA,NA
"real","SEN_YEM",-0.473341766824976,1.65699883829287,11,NA,NA,NA
"real","SGP_HKG",-0.0825918870452902,0.062897904604378,23,NA,NA,NA
"real","SGP_TUV",-0.412606000881399,4.33225450084617,18,NA,NA,NA
"real","SHN_BRB",-1.97170127188749,10.4490988448243,16,NA,NA,NA
"real","SHN_ETH",-0.544809717569629,2.08030982386018,9,NA,NA,NA
"real","SHN_IDN",-0.68899658685934,2.64867997190055,23,NA,NA,NA
"real","SHN_LBN",-4.17746587643973,8.35328697159354,14,NA,NA,NA
"real","SHN_MEX",-0.875901967485605,3.80747948882379,18,NA,NA,NA
"real","SHN_TZA",-1.93089069836506,12.2872968645947,20,NA,NA,NA
"real","SLB_HKG",-0.0522698694168181,0.727232926833927,23,NA,NA,NA
"real","SLB_IDN",-1.1754535773722,3.97847351723876,22,NA,NA,NA
"real","SLB_LBN",-0.643474896678758,1.47292533040508,16,NA,NA,NA
"real","SLE_BRB",-1.24156913532103,5.96689975441312,23,NA,NA,NA
"real","SLE_ISR",-0.841873089145787,2.46561941542201,18,NA,NA,NA
"real","SLE_LBN",-0.461015738879308,0.827427565219523,23,NA,NA,NA
"real","SLE_MKD",-1.38208539393327,2.71354021090238,23,NA,NA,NA
"real","SLE_TZA",-0.885724235487221,8.62347495250729,23,NA,NA,NA
"real","SLE_VCT",-0.640372820389557,3.32296727964175,22,NA,NA,NA
"real","SLV_ETH",-1.85556376750645,3.4531538565415,23,NA,NA,NA
"real","SLV_HKG",-0.805156955313937,2.09954087598292,23,NA,NA,NA
"real","SLV_LBN",-0.50976680700948,0.593761664365306,23,NA,NA,NA
"real","SLV_UKR",-1.61309448981646,6.61406976255138,23,NA,NA,NA
"real","SOM_BGR",-4.53450337088076,12.4398748839857,13,NA,NA,NA
"real","SOM_LBN",-0.819965873346053,3.054199180816,23,NA,NA,NA
"real","SOM_PHL",-1.9107345386181,6.76027587959024,12,NA,NA,NA
"real","STP_BGR",-0.619874537428372,1.25100190742858,8,NA,NA,NA
"real","STP_ECU",-1.45235962285323,5.62174415193936,10,NA,NA,NA
"real","STP_IDN",-1.84910954736506,5.71878597701881,22,NA,NA,NA
"real","STP_LBN",-1.13178385646992,3.71094652824106,16,NA,NA,NA
"real","STP_NGA",-1.2252012781499,3.40152270677808,21,NA,NA,NA
"real","STP_TWN",-1.42994028837342,4.84635208007461,16,NA,NA,NA
"real","SUR_BGD",-2.07187372568957,3.53428971273011,22,NA,NA,NA
"real","SUR_ETH",-0.934544543806298,8.34191481761605,23,NA,NA,NA
"real","SUR_HKG",-1.73128775404506,1.70452112054074,23,NA,NA,NA
"real","SUR_LBN",-0.755605990692583,2.08253876835271,23,NA,NA,NA
"real","SUR_MUS",-1.36837339367104,4.82105630462423,13,NA,NA,NA
"real","SUR_PER",-1.23719215738426,3.31515641993548,21,NA,NA,NA
"real","SUR_ZMB",-0.634094450675896,4.40790364633011,10,NA,NA,NA
"real","SVK_BRB",-0.482005137143484,1.69418839617089,10,NA,NA,NA
"real","SVK_BRN",-0.768247286006205,3.17118872287528,22,NA,NA,NA
"real","SVK_BTN",-1.03440852129837,3.41361325776196,9,NA,NA,NA
"real","SVK_HKG",-0.119100244798826,0.220465387565195,23,NA,NA,NA
"real","SVN_AGO",-2.27424789562764,2.92331090102841,22,NA,NA,NA
"real","SVN_HKG",-0.490775096343698,0.464635640252438,23,NA,NA,NA
"real","SVN_MRT",-1.77653796132508,3.41535182625148,17,NA,NA,NA
"real","SVN_SLV",-0.333123452785304,1.41298263354046,15,NA,NA,NA
"real","SWE_CXR",-1.26152037544995,2.66274483957939,9,NA,NA,NA
"real","SWE_HKG",0.0338851181943962,0.138449575551883,23,NA,NA,NA
"real","SWZ_IDN",-0.193548273447097,0.698152176609812,22,NA,NA,NA
"real","SWZ_LBN",-0.158230565399437,1.32616403955862,21,NA,NA,NA
"real","SWZ_RUS",-0.730084094541169,2.17518372663149,22,NA,NA,NA
"real","SWZ_SVN",-1.8065863210723,4.02731673745023,17,NA,NA,NA
"real","SYC_BRB",-1.01999302725512,3.62845352288284,14,NA,NA,NA
"real","SYC_HKG",-0.385707183568706,1.00028529278873,23,NA,NA,NA
"real","SYC_IDN",-1.47735369783653,3.0114061499645,23,NA,NA,NA
"real","SYC_ISR",-2.39158692932458,9.46027450563579,18,NA,NA,NA
"real","SYC_LBN",-0.717316060917314,2.03545849758671,23,NA,NA,NA
"real","SYC_MAC",0.0771167075486191,0.953951717400083,9,NA,NA,NA
"real","SYC_NGA",-1.72568693761463,4.70836418988346,17,NA,NA,NA
"real","SYC_TTO",-2.98121816147588,6.78471841635275,12,NA,NA,NA
"real","SYR_COM",-0.751528623370715,3.31911343225139,11,NA,NA,NA
"real","SYR_GUY",-0.591413648295372,6.62849771412402,14,NA,NA,NA
"real","SYR_HKG",-0.628409126735578,1.87845103736276,23,NA,NA,NA
"real","SYR_KEN",-1.468783714271,6.03803992775029,20,NA,NA,NA
"real","SYR_MNG",-0.307557263147242,5.5791790457209,9,NA,NA,NA
"real","TCA_BRB",-1.53051194808945,4.08189976067148,21,NA,NA,NA
"real","TCA_CIV",-1.13951087153105,3.11903936438094,18,NA,NA,NA
"real","TCA_ETH",-0.694217054948395,6.67795864566669,23,NA,NA,NA
"real","TCA_IDN",-1.53430302200034,4.82321112883818,16,NA,NA,NA
"real","TCA_LBN",-2.49193677471987,4.30922273137526,16,NA,NA,NA
"real","TCA_NGA",-2.10222897520377,8.6261707236127,18,NA,NA,NA
"real","TCA_RWA",-1.08768808862181,3.56195480863678,19,NA,NA,NA
"real","TCD_BGD",-2.3145385433998,14.2896857291674,11,NA,NA,NA
"real","TCD_ECU",-0.116784330367095,15.353363961188,11,NA,NA,NA
"real","TCD_HKG",-1.63510400533819,13.2612234518568,13,NA,NA,NA
"real","TCD_LBN",-0.83850215216492,8.60132040721301,15,NA,NA,NA
"real","TCD_NIC",-0.623140144046313,15.238375874817,8,NA,NA,NA
"real","TCD_SEN",-1.4640346859416,4.2202232440225,9,NA,NA,NA
"real","TCD_SWZ",-2.30804806382642,12.8747899489179,8,NA,NA,NA
"real","TCD_TTO",-1.0689049128634,7.32761391183213,9,NA,NA,NA
"real","TCD_TZA",-1.26690469259942,9.22410047408379,10,NA,NA,NA
"real","TGO_BHR",-2.18476957519657,8.38178037041141,12,NA,NA,NA
"real","TGO_CRI",-1.14287735097876,5.73310165767243,12,NA,NA,NA
"real","TGO_HKG",0.0732114718951717,0.257182611082689,23,NA,NA,NA
"real","TGO_HND",-1.19572419419955,10.4118776986569,9,NA,NA,NA
"real","TGO_TZA",-0.995422521715178,6.07341388960982,22,NA,NA,NA
"real","THA_HKG",-0.0167862351809952,0.00877721078714696,23,NA,NA,NA
"real","THA_TUV",0.211853050173142,3.77141421227199,22,NA,NA,NA
"real","TJK_HKG",-0.383553185248636,1.46418824121633,16,NA,NA,NA
"real","TJK_IDN",-1.85920513886733,5.91873538137936,22,NA,NA,NA
"real","TJK_ISR",-1.14467335885828,3.4509453399667,11,NA,NA,NA
"real","TJK_LBN",-0.557012091901066,3.63354441699632,23,NA,NA,NA
"real","TJK_MEX",-0.678427794501421,3.0903288979347,17,NA,NA,NA
"real","TJK_TUN",-1.33812144150494,3.03775778231627,22,NA,NA,NA
"real","TKL_BRA",-1.58214832455691,5.29095036814993,18,NA,NA,NA
"real","TKL_ETH",-0.639714643207407,2.24283217034882,14,NA,NA,NA
"real","TKL_FIN",-1.35667370762206,4.01539962991585,13,NA,NA,NA
"real","TKL_IND",-0.589602423931625,2.69794322205611,17,NA,NA,NA
"real","TKL_LBN",-0.684346101595981,2.12906036697804,23,NA,NA,NA
"real","TKL_ZMB",-1.31471773378588,3.35134075397117,21,NA,NA,NA
"real","TKM_IDN",-1.09956729739205,7.66024929195473,23,NA,NA,NA
"real","TKM_LBN",-2.21752250857857,7.73053560969863,23,NA,NA,NA
"real","TKM_MLT",-4.0624440914729,17.0502754365769,10,NA,NA,NA
"real","TON_BGD",-3.90479192941041,14.9783613211071,8,NA,NA,NA
"real","TON_ETH",-0.840640551324765,3.1478873311853,10,NA,NA,NA
"real","TON_HKG",-1.02166622110432,2.74960867275581,21,NA,NA,NA
"real","TON_IDN",-2.41883825614786,6.52159173781564,16,NA,NA,NA
"real","TON_IRL",-1.14513903847477,2.85780148489238,18,NA,NA,NA
"real","TON_LBN",-0.729454431759095,1.8759190386308,15,NA,NA,NA
"real","TTO_CIV",-1.14336873922886,5.96046266748127,20,NA,NA,NA
"real","TTO_GEO",-4.2772035462209,14.1595743693361,12,NA,NA,NA
"real","TTO_HKG",-0.282850664421651,1.07413349680823,23,NA,NA,NA
"real","TTO_MUS",-4.93184676658045,18.3758541899709,18,NA,NA,NA
"real","TTO_NER",-3.5139091809399,11.3898581428573,10,NA,NA,NA
"real","TTO_QAT",-2.63406599002163,10.5112160289107,13,NA,NA,NA
"real","TTO_SPM",-0.481017822579433,4.37660153216877,13,NA,NA,NA
"real","TUN_CPV",-0.899307548843178,3.82059762209578,20,NA,NA,NA
"real","TUN_HKG",0.159746958529464,0.3571820276599,23,NA,NA,NA
"real","TUN_KAZ",-0.281213250815082,0.747972558403611,20,NA,NA,NA
"real","TUN_MWI",-0.629487791157208,2.23226535262544,18,NA,NA,NA
"real","TUR_AIA",-0.441597970869563,1.38255999523318,20,NA,NA,NA
"real","TUR_HKG",0.0700309785046489,0.192352913058863,23,NA,NA,NA
"real","TUV_IDN",-1.49998150033818,14.279700166752,14,NA,NA,NA
"real","TUV_LBN",-0.804799778620534,5.63796759335494,10,NA,NA,NA
"real","TWN_AIA",-0.443386585811266,1.49272726507171,23,NA,NA,NA
"real","TWN_ARM",-0.414418485992223,0.769615094368743,23,NA,NA,NA
"real","TWN_ATG",-0.151677026214318,0.552952429244124,23,NA,NA,NA
"real","TWN_BIH",-0.852284830083713,3.64684198151859,23,NA,NA,NA
"real","TWN_BLR",-0.0973939091552735,0.14350648212695,23,NA,NA,NA
"real","TWN_COM",-0.564838975572205,1.76163574289352,19,NA,NA,NA
"real","TWN_ERI",-1.03291954145902,3.20665319564769,22,NA,NA,NA
"real","TWN_GNQ",-0.613226972648356,2.24799117566918,23,NA,NA,NA
"real","TWN_HKG",-0.0186950540363341,0.00521285125221912,23,NA,NA,NA
"real","TWN_HTI",-0.181421521960063,0.349117012288269,23,NA,NA,NA
"real","TWN_IRQ",-1.26265515440589,4.00495343647908,23,NA,NA,NA
"real","TWN_KAZ",-0.353728186577758,0.440219989226246,23,NA,NA,NA
"real","TWN_LAO",-0.319663507585931,0.384336804977798,23,NA,NA,NA
"real","TWN_MSR",-0.64534940909163,1.77030917301807,21,NA,NA,NA
"real","TWN_SLE",0.000617108113940513,0.276356149874191,23,NA,NA,NA
"real","TWN_SOM",-0.950461625001998,2.66439528219966,22,NA,NA,NA
"real","TWN_TJK",-0.638929189848138,1.74413115073589,19,NA,NA,NA
"real","TWN_TUV",-1.480975924016,4.68006849322392,21,NA,NA,NA
"real","TWN_UZB",-0.094874509048593,0.353184092547865,23,NA,NA,NA
"real","TWN_VUT",-1.19525838926321,3.51005934676533,23,NA,NA,NA
"real","TZA_ALB",-1.77512972508032,10.1758994280035,10,NA,NA,NA
"real","TZA_AND",-1.85433665516092,7.05739300076543,18,NA,NA,NA
"real","TZA_ATG",-1.45690760511732,6.59883790102409,15,NA,NA,NA
"real","TZA_BFA",-1.31333126907356,3.05914903071423,18,NA,NA,NA
"real","TZA_BHS",-2.29076218158007,8.84636179269291,11,NA,NA,NA
"real","TZA_GIB",-1.13365730593342,12.9306966666312,15,NA,NA,NA
"real","TZA_HKG",0.0825370172326285,0.166983470538119,23,NA,NA,NA
"real","TZA_JAM",-0.587936300084446,2.02542027437086,18,NA,NA,NA
"real","TZA_LBN",-0.798264888374456,1.54006667620631,23,NA,NA,NA
"real","TZA_MDV",-0.428440200902037,4.46622714626514,19,NA,NA,NA
"real","TZA_MLI",-0.41399700971125,2.127592943328,23,NA,NA,NA
"real","TZA_MRT",-0.857064153480696,2.47986641816046,22,NA,NA,NA
"real","TZA_PYF",-0.724814473085808,3.71719983584996,11,NA,NA,NA
"real","TZA_RUS",-0.352745585130777,1.00069604586766,23,NA,NA,NA
"real","TZA_SHN",-2.14589262718301,7.51770094089262,16,NA,NA,NA
"real","TZA_SOM",-0.249422550494825,1.18234604687389,22,NA,NA,NA
"real","TZA_SYR",-1.38389297678607,7.23574783477507,17,NA,NA,NA
"real","TZA_YEM",-0.65693162868494,1.33606810606697,23,NA,NA,NA
"real","UGA_FSM",-4.2699181455701,7.04592578132413,12,NA,NA,NA
"real","UGA_HKG",-0.0942042417017543,0.211481438814057,23,NA,NA,NA
"real","UGA_KNA",-0.963076601112045,3.14514219806153,13,NA,NA,NA
"real","UGA_LBN",-0.267426332707207,0.590799520514315,23,NA,NA,NA
"real","UGA_MLI",-1.34248035458345,2.82270949592523,22,NA,NA,NA
"real","UGA_PRY",-2.12725497649809,7.81302164189014,10,NA,NA,NA
"real","UGA_SLE",-0.769551702292373,2.84137274336656,20,NA,NA,NA
"real","UGA_TGO",-0.261653187803677,1.00189911734204,19,NA,NA,NA
"real","UGA_UKR",-0.662042931620973,2.09433704806902,22,NA,NA,NA
"real","UKR_BEN",-0.927492564007307,3.30289222682111,23,NA,NA,NA
"real","UKR_DOM",-0.729945985784826,1.80103722920223,23,NA,NA,NA
"real","UKR_ETH",-0.433570931217461,0.866489857682484,23,NA,NA,NA
"real","UKR_GNQ",-0.842186805782945,4.11999166748637,21,NA,NA,NA
"real","UKR_HKG",-0.129717664298342,0.585457265652564,23,NA,NA,NA
"real","UKR_HTI",-1.67487966378899,6.11657272031235,14,NA,NA,NA
"real","UKR_IOT",0.0449978118221236,2.11282939395277,8,NA,NA,NA
"real","UKR_MHL",-1.6385983721318,2.86076633683984,21,NA,NA,NA
"real","UKR_QAT",-0.644989694326881,1.82786888648576,22,NA,NA,NA
"real","UKR_TTO",-0.424707090951147,1.89993402764782,23,NA,NA,NA
"real","UKR_VUT",-1.68209286287811,4.12722620549812,16,NA,NA,NA
"real","UKR_ZMB",-0.669429561173366,1.50859684081017,23,NA,NA,NA
"real","URY_ALB",-0.760574473851063,1.83064973617715,23,NA,NA,NA
"real","URY_AZE",-0.800279146950715,2.52589332408509,20,NA,NA,NA
"real","URY_CPV",-1.4964715255781,4.54988736680634,20,NA,NA,NA
"real","URY_HKG",0.0965533744143637,0.187758163517517,23,NA,NA,NA
"real","URY_RWA",-2.25086404880978,3.94859524610887,13,NA,NA,NA
"real","USA_HKG",-0.00648548109515654,0.0115817016010376,23,NA,NA,NA
"real","UZB_ARM",-0.275237119623214,0.961965276959006,22,NA,NA,NA
"real","UZB_CHL",-1.44868477435768,2.99848986443673,14,NA,NA,NA
"real","UZB_HKG",-0.52286551947421,1.18522435420187,23,NA,NA,NA
"real","UZB_IDN",-0.407446292343052,1.22718305337468,23,NA,NA,NA
"real","UZB_LBN",-0.421549561720265,2.8062105010982,23,NA,NA,NA
"real","UZB_NZL",-0.929181131005273,2.8378643263882,21,NA,NA,NA
"real","UZB_PHL",-2.16297503205286,11.5383206697828,16,NA,NA,NA
"real","UZB_TUN",-0.860593844651848,3.34373114253668,22,NA,NA,NA
"real","UZB_TZA",-2.01398658214873,5.8099234572324,9,NA,NA,NA
"real","VCT_DZA",-3.12890295200039,11.0384391197045,17,NA,NA,NA
"real","VCT_IDN",-0.890737665412642,3.8357857612229,17,NA,NA,NA
"real","VCT_NOR",-5.2392775761227,16.4635231184486,9,NA,NA,NA
"real","VCT_UKR",-3.83383891149679,11.2116841000993,10,NA,NA,NA
"real","VEN_ETH",-1.67729791961948,3.32785733024449,19,NA,NA,NA
"real","VEN_HKG",-0.341160565297541,0.562855169530238,23,NA,NA,NA
"real","VEN_MLI",-1.26087256039338,3.50633141592082,10,NA,NA,NA
"real","VEN_MSR",-1.14394008312637,3.86825556426985,12,NA,NA,NA
"real","VGB_AZE",-1.15959192308586,7.5138828960902,22,NA,NA,NA
"real","VGB_BRB",-1.04933390443086,1.64686115604509,23,NA,NA,NA
"real","VGB_IDN",-0.519808134346911,1.31494022591153,23,NA,NA,NA
"real","VGB_NOR",-2.56020869927842,10.3152146264521,10,NA,NA,NA
"real","VGB_PHL",-1.65769490415248,3.37550651952852,22,NA,NA,NA
"real","VGB_PYF",0.0581333989683912,1.02142261898757,18,NA,NA,NA
"real","VNM_ARM",-0.37402279406676,1.08835483048974,17,NA,NA,NA
"real","VNM_CPV",0.248041806687497,2.51451210956473,23,NA,NA,NA
"real","VNM_HKG",-0.172139277732926,0.0451808334446759,23,NA,NA,NA
"real","VNM_KIR",-0.83541731270484,1.09821646179864,18,NA,NA,NA
"real","VNM_LBN",-0.0967085832829275,0.0904529818704047,23,NA,NA,NA
"real","VUT_AUT",-1.00896856993031,4.95821430976179,15,NA,NA,NA
"real","VUT_BGR",-0.832686919253337,3.00599996667895,9,NA,NA,NA
"real","VUT_CIV",-5.66788780796052,24.0062646948265,8,NA,NA,NA
"real","VUT_HKG",0.108517770459258,0.965721830185777,23,NA,NA,NA
"real","VUT_RUS",-0.781901975381648,2.91368181221424,19,NA,NA,NA
"real","VUT_SVK",-5.38013748660024,15.61713919734,16,NA,NA,NA
"real","WSM_BGD",-2.50082812792977,11.4064513857922,14,NA,NA,NA
"real","WSM_BHS",-2.02979992307037,4.90490923151539,9,NA,NA,NA
"real","WSM_BRA",-1.26786293850222,4.73812869303475,21,NA,NA,NA
"real","WSM_HKG",-0.676006579387034,2.36187685222065,23,NA,NA,NA
"real","WSM_IDN",-1.15027698254829,2.76434401101515,23,NA,NA,NA
"real","WSM_PHL",-2.33911372707228,9.21158775076039,17,NA,NA,NA
"real","WSM_SDN",-1.41369141394798,9.26161050646109,9,NA,NA,NA
"real","WSM_TWN",-1.33324585141799,4.00227783394351,22,NA,NA,NA
"real","YEM_HKG",0.187061054719067,0.835802997076197,23,NA,NA,NA
"real","YEM_MLI",-1.0306439084438,1.51490817888412,14,NA,NA,NA
"real","YEM_MUS",-1.08257328523411,4.76966770664602,16,NA,NA,NA
"real","ZAF_BHS",-0.699917564459689,1.8897911396059,23,NA,NA,NA
"real","ZAF_DOM",-0.231414910849758,0.260525910247268,22,NA,NA,NA
"real","ZAF_HKG",-0.220886266492776,0.354548231274122,23,NA,NA,NA
"real","ZAF_KHM",-0.290563929601561,0.730560291676158,22,NA,NA,NA
"real","ZAF_LCA",-0.158144984525827,1.8674829496758,21,NA,NA,NA
"real","ZAF_PNG",-0.299646839724782,0.262749854147001,23,NA,NA,NA
"real","ZMB_COG",-1.38928342397065,9.22008298004567,22,NA,NA,NA
"real","ZMB_HKG",-1.12829461025072,1.88754027791089,23,NA,NA,NA
"real","ZMB_MLI",-0.414100885525685,2.28918024495812,20,NA,NA,NA
"real","ZMB_NER",-1.07621324135331,6.05678348020133,17,NA,NA,NA
"real","ZMB_PER",-1.09572878099031,5.90214147618122,20,NA,NA,NA
"real","ZWE_HKG",-0.494451202515233,1.1226912566645,23,NA,NA,NA
"real","ZWE_MKD",-0.668892378846653,2.46743920308753,22,NA,NA,NA
"real","ABW_BRB",-1.1722911168536,3.86790249608325,22,NA,NA,NA
"real","ABW_MNG",-2.08847375407903,7.7086039335833,8,NA,NA,NA
"real","ABW_ZMB",-0.66867443736046,4.68315263628015,12,NA,NA,NA
"real","AFG_BLR",-0.100901114478799,1.64840046589207,21,NA,NA,NA
"real","AFG_YEM",-1.08819070418896,6.47544388578665,14,NA,NA,NA
"real","AGO_BFA",-1.52308902013131,4.85405186088837,17,NA,NA,NA
"real","AGO_CZE",-1.64926114127588,4.38549736434347,20,NA,NA,NA
"real","AGO_GIN",-2.79686738946051,8.74486935049812,13,NA,NA,NA
"real","AGO_GMB",-1.13070755177046,2.65888562552982,14,NA,NA,NA
"real","AIA_BLR",-1.93088742017695,4.45510689011461,14,NA,NA,NA
"real","AIA_BRB",-1.23873367947501,2.85332335896362,22,NA,NA,NA
"real","AIA_GRD",-1.52362601307925,5.16737637530904,20,NA,NA,NA
"real","AIA_GUY",-1.56279174997239,5.51340149624045,20,NA,NA,NA
"real","AIA_KAZ",-1.07067167506152,5.9160244164929,20,NA,NA,NA
"real","AIA_PNG",-0.00369761736200103,1.89021969492464,8,NA,NA,NA
"real","AIA_TWN",-1.45221911869017,6.00735166961576,19,NA,NA,NA
"real","AIA_VCT",-1.7275781050331,4.24806443565448,21,NA,NA,NA
"real","ALB_GEO",-1.49024745451047,6.81950166299147,20,NA,NA,NA
"real","ALB_GHA",-1.02093957117873,1.85359008576609,15,NA,NA,NA
"real","ALB_GRL",0.0236839308150551,1.64616830179107,9,NA,NA,NA
"real","ALB_MDG",-0.706323484208295,3.97394426023245,18,NA,NA,NA
"real","ALB_NIC",-0.609365718793714,3.86148873205829,16,NA,NA,NA
"real","ALB_PAN",-1.01922266354432,5.53588228693035,18,NA,NA,NA
"real","AND_BLR",-0.789146937084004,6.89767048790796,21,NA,NA,NA
"real","AND_CIV",-3.35639280624232,6.84608055392832,16,NA,NA,NA
"real","AND_HKG",-0.737860728689245,3.95287993248948,22,NA,NA,NA
"real","AND_ISR",-1.19148109596636,4.38738359390108,19,NA,NA,NA
"real","AND_MKD",-0.707014571057535,3.71948211170373,21,NA,NA,NA
"real","ANT_AIA",-0.289071340208007,0.895359925246617,9,NA,NA,NA
"real","ANT_ATG",-0.837572608278016,1.77625868852654,9,NA,NA,NA
"real","ANT_BEN",-0.831169032954687,3.0389498997159,10,NA,NA,NA
"real","ANT_CUB",-1.3828296733436,8.23839485435832,11,NA,NA,NA
"real","ANT_DOM",-1.08636426793492,1.94626087593929,11,NA,NA,NA
"real","ANT_LBN",-1.26035796890835,4.12635280918242,10,NA,NA,NA
"real","ANT_NGA",-0.898019836434234,4.32088689761685,12,NA,NA,NA
"real","ANT_PHL",-1.39517571991744,6.29724792571152,13,NA,NA,NA
"real","ANT_TWN",-3.47575509846189,16.1502335006354,9,NA,NA,NA
"real","ANT_UKR",-1.68482205906264,6.16096220285677,9,NA,NA,NA
"real","ARE_BEN",-1.06291813606589,2.61314850685569,22,NA,NA,NA
"real","ARE_BLR",-0.51903106019656,0.602625470946747,22,NA,NA,NA
"real","ARE_KAZ",-0.15929061446223,1.32445913896288,22,NA,NA,NA
"real","ARE_PAN",-1.35007454968367,4.19580764526512,20,NA,NA,NA
"real","ARE_PNG",-1.94405874986596,6.11743846698422,17,NA,NA,NA
"real","ARG_AZE",-0.766682215840288,1.52131999326146,22,NA,NA,NA
"real","ARG_BDI",-2.09528932886533,7.41368510351011,19,NA,NA,NA
"real","ARG_GNB",-0.713443301670393,1.33889530861202,13,NA,NA,NA
"real","ARG_KGZ",-0.786100072708708,1.77710737739179,22,NA,NA,NA
"real","ARM_HKG",-0.901646607621173,1.33049188496588,22,NA,NA,NA
"real","ARM_MKD",-2.32694342350736,16.4504402328974,16,NA,NA,NA
"real","ARM_PYF",-1.16263001580084,6.70050120373025,8,NA,NA,NA
"real","ATF_RUS",0.187967722250983,1.86710320272556,12,NA,NA,NA
"real","ATG_ANT",-1.33840324481836,7.92868430021646,9,NA,NA,NA
"real","ATG_BEN",-1.94077329042236,6.73884644376891,8,NA,NA,NA
"real","ATG_CIV",-2.49557619668119,21.7376742696524,9,NA,NA,NA
"real","ATG_ECU",-0.868633892196391,10.249807339848,12,NA,NA,NA
"real","ATG_KAZ",0.476970620888067,10.0445462639781,8,NA,NA,NA
"real","ATG_NGA",-4.66836164122208,10.2451230476957,21,NA,NA,NA
"real","AUS_NCL",0.123561321220329,0.119692704906261,22,NA,NA,NA
"real","AUS_SHN",-0.59504428460518,2.35997707593079,20,NA,NA,NA
"real","AUT_CCK",-0.337224364326584,1.10796396004294,8,NA,NA,NA
"real","AUT_SWZ",-0.337572599383634,1.52230026384862,16,NA,NA,NA
"real","AZE_ALB",-1.42528764953316,9.5996181551552,16,NA,NA,NA
"real","AZE_ARG",-2.39147912296924,9.31758068499056,21,NA,NA,NA
"real","AZE_BRN",-0.653064321654879,3.28561563668044,13,NA,NA,NA
"real","AZE_IRQ",-1.05398994756691,3.54173653976453,19,NA,NA,NA
"real","AZE_KEN",-2.61475164964657,12.5694720580751,12,NA,NA,NA
"real","AZE_NAM",-2.11496451939894,9.83619196173223,17,NA,NA,NA
"real","AZE_PNG",0.229588483462484,5.65012542696588,9,NA,NA,NA
"real","BDI_ARE",-2.17722375567787,11.8044733733504,21,NA,NA,NA
"real","BDI_BEN",-1.16328620020935,2.26751397279296,12,NA,NA,NA
"real","BEN_DJI",-0.793724766957671,3.41477289205266,14,NA,NA,NA
"real","BEN_ISR",-1.95751596021738,4.61747087265001,15,NA,NA,NA
"real","BEN_KEN",-1.83034790038687,5.56881722899916,17,NA,NA,NA
"real","BEN_KWT",-0.994313011193805,3.86451367214703,15,NA,NA,NA
"real","BEN_LBN",-3.07019087588667,10.0355503619933,21,NA,NA,NA
"real","BEN_MDA",-0.573504349324101,1.83294784764747,8,NA,NA,NA
"real","BEN_NAM",-3.52201934526815,18.4887616648348,11,NA,NA,NA
"real","BEN_NOR",-2.20221202441741,6.47584601721437,15,NA,NA,NA
"real","BEN_OMN",-0.901721340725201,4.3188612119579,8,NA,NA,NA
"real","BEN_SWZ",-2.61076482737105,15.5378201126634,9,NA,NA,NA
"real","BEN_SYR",-1.07195845493364,3.47666264947241,11,NA,NA,NA
"real","BFA_HKG",-0.917472641869786,4.0586522400693,20,NA,NA,NA
"real","BFA_KAZ",-1.21842563877229,8.30262540363382,9,NA,NA,NA
"real","BFA_KWT",-0.287321284284012,5.07420947321526,16,NA,NA,NA
"real","BFA_PYF",-0.386609722448265,4.08769335195286,16,NA,NA,NA
"real","BFA_VEN",-1.15665789285421,11.8107224307896,11,NA,NA,NA
"real","BFA_ZWE",-1.94852023664948,8.31141269951755,10,NA,NA,NA
"real","BGD_GNB",-0.118314689458765,0.568105942346812,13,NA,NA,NA
"real","BGD_HTI",-3.00536445294672,9.42257386952877,13,NA,NA,NA
"real","BGD_KAZ",-0.499784807892603,0.899323099752317,22,NA,NA,NA
"real","BGR_CPV",-1.35138883817953,4.09592946750852,21,NA,NA,NA
"real","BGR_GNB",-0.257953494135767,0.868900850228595,14,NA,NA,NA
"real","BGR_NCL",-0.687990287609458,2.1211253747716,8,NA,NA,NA
"real","BGR_STP",-2.10770622918243,6.83730507072083,16,NA,NA,NA
"real","BGR_TUV",-1.3735774994787,4.42247422972701,9,NA,NA,NA
"real","BHR_AZE",-0.963474993956572,5.08827083661581,20,NA,NA,NA
"real","BHR_BEN",-2.26179459432367,13.0265377914056,16,NA,NA,NA
"real","BHR_CIV",-2.49026087516191,5.97159890081349,22,NA,NA,NA
"real","BHR_EST",-1.31883894988008,4.80085536565151,17,NA,NA,NA
"real","BHR_GIN",-2.4412558300289,10.7586925834024,12,NA,NA,NA
"real","BHR_LVA",-0.890378405763478,2.91410510662526,18,NA,NA,NA
"real","BHR_NER",-1.92866395261675,13.2134394970895,16,NA,NA,NA
"real","BHR_PRY",-2.12460584976791,7.76610741234835,16,NA,NA,NA
"real","BHS_AZE",-2.12508427034162,12.1835780594054,9,NA,NA,NA
"real","BHS_BEN",-1.59829469188823,6.70281106063962,8,NA,NA,NA
"real","BHS_BLR",-0.977123012791325,6.39731334980441,21,NA,NA,NA
"real","BHS_CUB",-3.98969814440824,20.2808066318829,17,NA,NA,NA
"real","BHS_MDA",-0.673051667614889,1.84942152976274,21,NA,NA,NA
"real","BHS_MKD",-1.21857124768269,5.92192075306159,20,NA,NA,NA
"real","BHS_TZA",-1.75724230595435,8.9488872056736,15,NA,NA,NA
"real","BHS_ZAF",-0.877718509376529,2.5224948660639,21,NA,NA,NA
"real","BHS_ZMB",-2.73245147250812,12.6787744179477,10,NA,NA,NA
"real","BIH_BLR",-2.29391532040477,3.45110056102477,22,NA,NA,NA
"real","BIH_ECU",-1.12415300658972,6.42466598112856,16,NA,NA,NA
"real","BIH_EST",-0.0260600733059039,0.530564147035239,9,NA,NA,NA
"real","BIH_FRO",-0.761386004274315,1.25364351373801,10,NA,NA,NA
"real","BIH_OMN",-1.35195872077308,4.62865554559256,18,NA,NA,NA
"real","BLR_AFG",-0.399263101883865,0.786736368267177,22,NA,NA,NA
"real","BLR_AGO",-0.360973438421309,3.03425565397432,22,NA,NA,NA
"real","BLR_ALB",-1.14852756433043,4.7062925340418,22,NA,NA,NA
"real","BLR_BEN",-1.10852974074098,4.05057261902285,20,NA,NA,NA
"real","BLR_BIH",-0.433220578725627,0.97479429429433,22,NA,NA,NA
"real","BLR_CAF",-1.42735592246857,4.49438012168609,10,NA,NA,NA
"real","BLR_CHL",-0.272093039982009,0.886730796219046,22,NA,NA,NA
"real","BLR_CIV",-0.211763786215423,0.248069323614917,22,NA,NA,NA
"real","BLR_CMR",-0.236197245441889,0.441498216924803,22,NA,NA,NA
"real","BLR_COD",-0.922852098489249,3.19659356358977,14,NA,NA,NA
"real","BLR_COG",-0.358626188076324,0.793003440172648,21,NA,NA,NA
"real","BLR_COL",-0.34492183477095,1.19278057221296,22,NA,NA,NA
"real","BLR_CUB",-0.360845296509059,0.70123154999173,22,NA,NA,NA
"real","BLR_DOM",-1.41754950011288,5.78869629768426,21,NA,NA,NA
"real","BLR_GTM",-1.40844508464554,4.7437485790118,19,NA,NA,NA
"real","BLR_IRQ",-0.362366010481701,3.88133324834051,22,NA,NA,NA
"real","BLR_KWT",-1.04930869578849,2.24396699568828,22,NA,NA,NA
"real","BLR_LBR",-1.26868352071512,5.71597908795021,15,NA,NA,NA
"real","BLR_MRT",-0.831929753216591,5.31330344885463,16,NA,NA,NA
"real","BLR_MUS",-2.27222775831565,7.28071938339875,20,NA,NA,NA
"real","BLR_NIC",-0.00970053054031043,0.297222166744305,22,NA,NA,NA
"real","BLR_PAK",-0.113852249934331,0.485703897432302,22,NA,NA,NA
"real","BLR_PAN",-1.10313467625917,3.03836289238231,22,NA,NA,NA
"real","BLR_PRK",-0.0469004200640129,1.37315242216013,20,NA,NA,NA
"real","BLR_PYF",-0.831631498487647,2.37550311040364,21,NA,NA,NA
"real","BLR_SLV",-1.27186729936813,5.16472817269964,20,NA,NA,NA
"real","BLR_SYC",-1.82878174247959,10.7020447860827,16,NA,NA,NA
"real","BLR_SYR",-0.614742765185537,0.954173779032605,22,NA,NA,NA
"real","BLR_TKM",-0.289978031597342,0.552546731557717,22,NA,NA,NA
"real","BLR_VEN",-1.18941601187493,1.82501929843055,22,NA,NA,NA
"real","BLR_VGB",-0.577668553541658,2.15200905646869,22,NA,NA,NA
"real","BLR_VNM",0.0234240137567741,0.38014192004654,17,NA,NA,NA
"real","BLR_YEM",-0.751469516357702,2.68949722943942,22,NA,NA,NA
"real","BLR_ZMB",-0.76948736659077,2.36963104589177,21,NA,NA,NA
"real","BLR_ZWE",-1.61404802638569,4.12058885349934,21,NA,NA,NA
"real","BLZ_CIV",-0.909471634070249,3.44558060607807,22,NA,NA,NA
"real","BLZ_GEO",-0.589097301061954,2.68836394745505,19,NA,NA,NA
"real","BLZ_KAZ",-1.99060936213091,5.75581330546304,17,NA,NA,NA
"real","BLZ_NGA",-5.13416475880861,12.406454948901,18,NA,NA,NA
"real","BLZ_SDN",-1.22848970503615,5.87870905957081,13,NA,NA,NA
"real","BMU_BLR",-0.673918869078507,6.42881104616342,21,NA,NA,NA
"real","BMU_MDA",0.365098999747096,8.10537448562322,11,NA,NA,NA
"real","BOL_BGR",-2.27801982002931,5.88975057172062,21,NA,NA,NA
"real","BOL_BRN",-2.01122560495526,5.85591634191005,13,NA,NA,NA
"real","BOL_CIV",-1.06280870885454,4.80847000593925,15,NA,NA,NA
"real","BOL_COG",-0.753768740892879,5.56444719391017,11,NA,NA,NA
"real","BOL_FRO",-0.445353029901452,1.46944737153386,9,NA,NA,NA
"real","BOL_KAZ",-0.873314733009022,5.10105322789477,18,NA,NA,NA
"real","BOL_MDG",-1.06972160101108,6.05033441981581,12,NA,NA,NA
"real","BOL_SEN",-1.96213504632565,4.07540430321412,10,NA,NA,NA
"real","BOL_UKR",-0.6706665544562,1.12925303026889,20,NA,NA,NA
"real","BRA_COK",-1.27413840533351,5.41958159147218,17,NA,NA,NA
"real","BRA_NCL",-0.0662715014438075,0.129080388150647,22,NA,NA,NA
"real","BRA_SWZ",-1.08666444488993,3.36097442861552,17,NA,NA,NA
"real","BRB_ALB",-0.272959497031687,4.24577034020122,11,NA,NA,NA
"real","BRB_CPV",-0.692429119746693,2.07531731408637,12,NA,NA,NA
"real","BRB_CUB",-1.73973301905241,2.81334358482559,22,NA,NA,NA
"real","BRB_ETH",-1.12769738749028,4.94531821967209,10,NA,NA,NA
"real","BRB_GEO",-0.670644900758108,5.39699916443963,16,NA,NA,NA
"real","BRB_GMB",-0.396485569117117,1.74656965772783,15,NA,NA,NA
"real","BRB_KAZ",-1.05520748487348,4.24461633571655,17,NA,NA,NA
"real","BRB_NER",-3.04987267077631,9.2957876763248,11,NA,NA,NA
"real","BRN_BRA",-2.56713552870087,5.86026110113001,20,NA,NA,NA
"real","BRN_BRB",-1.31257467061798,3.24789572751085,14,NA,NA,NA
"real","BRN_CIV",-0.775129230755667,3.97867623626091,10,NA,NA,NA
"real","BRN_FRO",-2.23581994860625,5.40607096444966,10,NA,NA,NA
"real","BRN_MAR",-1.63091400172623,6.25426302647772,15,NA,NA,NA
"real","BRN_MNG",-1.80323057071873,7.35403365297994,8,NA,NA,NA
"real","BRN_PNG",-1.37508118033282,5.22386302295028,19,NA,NA,NA
"real","BTN_AUS",-1.38233517098576,7.79351551157173,22,NA,NA,NA
"real","BTN_DNK",-1.02069709340326,4.66032566690162,18,NA,NA,NA
"real","BTN_EST",0.398019544534623,2.7091132466471,8,NA,NA,NA
"real","BTN_PER",-1.08517442202646,4.05125060912425,11,NA,NA,NA
"real","BTN_POL",-0.823337056627701,5.74136717822265,18,NA,NA,NA
"real","BTN_SLV",-2.24633157595797,16.0704346864041,10,NA,NA,NA
"real","CAF_HKG",-0.748827350109786,2.23733781696433,20,NA,NA,NA
"real","CAF_KAZ",-1.10410656474764,4.3427939958684,13,NA,NA,NA
"real","CAF_NER",-2.74595462070032,7.51330017953066,14,NA,NA,NA
"real","CAN_NCL",-0.362904379791197,0.610285144805718,22,NA,NA,NA
"real","CCK_EST",-0.959854768480024,5.44720694112105,13,NA,NA,NA
"real","CCK_LBN",-1.02382800269024,3.91510050803306,17,NA,NA,NA
"real","CHE_IOT",-0.775266805573622,3.7494239421827,18,NA,NA,NA
"real","CHE_NAM",-1.73914054605548,10.5677327216352,9,NA,NA,NA
"real","CHE_NCL",-0.0503601562913255,0.469151566424414,22,NA,NA,NA
"real","CHL_BLR",-0.517226654326517,1.32369848286602,22,NA,NA,NA
"real","CHL_GEO",-2.31013566157341,3.92063863387134,21,NA,NA,NA
"real","CHN_NCL",-0.0976204269983654,0.140491657682817,22,NA,NA,NA
"real","CIV_BLR",-1.36614543241042,7.80017800109239,22,NA,NA,NA
"real","CIV_GEO",-2.6625047580453,8.03792262901754,17,NA,NA,NA
"real","CIV_NCL",-0.745606906445228,5.31266077182342,21,NA,NA,NA
"real","CIV_TTO",-3.15047946818241,11.7277340465695,22,NA,NA,NA
"real","CIV_YEM",-1.48539806865516,7.09105883162182,13,NA,NA,NA
"real","CMR_AND",-1.00780661688458,3.16523725876531,16,NA,NA,NA
"real","CMR_BLR",-2.16604512334003,4.12859831157193,19,NA,NA,NA
"real","CMR_DOM",-0.658573004613383,2.27983900851559,19,NA,NA,NA
"real","CMR_GRD",-0.671391625575516,1.83970386016135,15,NA,NA,NA
"real","CMR_OMN",-0.458361878048077,0.947887978236733,18,NA,NA,NA
"real","CMR_SLV",-0.925279683491992,5.55603588189209,21,NA,NA,NA
"real","COD_BEN",-1.9220558665523,3.27758850079647,21,NA,NA,NA
"real","COD_BLR",-2.3770902627303,6.13478003120268,19,NA,NA,NA
"real","COD_EST",-2.49077748722413,10.3437931476604,14,NA,NA,NA
"real","COD_GTM",-3.65874245089887,11.2932949688604,14,NA,NA,NA
"real","COD_KAZ",-1.65443976090908,7.36067178798162,13,NA,NA,NA
"real","COG_BLR",-0.51883305703625,1.85467919859093,17,NA,NA,NA
"real","COG_EST",-1.14659438897836,4.42551372434591,17,NA,NA,NA
"real","COG_ISL",-4.06615552113486,17.0643386310283,12,NA,NA,NA
"real","COG_KAZ",-2.04383102868346,6.96173368937216,14,NA,NA,NA
"real","COG_SDN",-1.25497788116464,3.82096755389067,12,NA,NA,NA
"real","COK_CHE",-0.905987691804148,6.95508737945207,17,NA,NA,NA
"real","COK_EST",-1.59132098123785,6.50416193200476,10,NA,NA,NA
"real","COK_LBN",-1.35881480470055,5.17702744182556,10,NA,NA,NA
"real","COK_NIC",-3.78594521892978,12.4258891121657,9,NA,NA,NA
"real","COK_NOR",-3.66984659789158,6.60882115361779,15,NA,NA,NA
"real","COK_RWA",-1.16197597442104,6.31428269029753,10,NA,NA,NA
"real","COL_ERI",-4.07743581402358,16.005754867951,8,NA,NA,NA
"real","COL_GEO",-0.513427484608943,2.73143338683218,22,NA,NA,NA
"real","COL_KGZ",-0.647125681774748,2.01514964880175,20,NA,NA,NA
"real","COM_BLR",-0.387865261217605,0.851491161473007,15,NA,NA,NA
"real","COM_HKG",-1.34002039794102,2.91789477561611,16,NA,NA,NA
"real","COM_RUS",-0.819426804677718,1.98722490433502,22,NA,NA,NA
"real","CPV_KAZ",-0.535818179397759,4.45352867906918,9,NA,NA,NA
"real","CPV_PHL",-2.02791998403375,9.40893775808895,10,NA,NA,NA
"real","CPV_ROU",-2.04743128276675,12.5295350115547,11,NA,NA,NA
"real","CPV_TUR",-1.56396177379674,5.66143144608232,15,NA,NA,NA
"real","CPV_UGA",-2.0085487626155,10.0068709288498,11,NA,NA,NA
"real","CRI_AFG",-0.690795136412466,5.4392490715293,12,NA,NA,NA
"real","CRI_BEN",-1.87788545711555,2.8607230476727,14,NA,NA,NA
"real","CRI_BLR",-0.487725780183592,3.49765020932221,22,NA,NA,NA
"real","CRI_GHA",-0.411607700535354,0.917093776733665,21,NA,NA,NA
"real","CRI_KAZ",-0.658571716535147,1.13091052692683,22,NA,NA,NA
"real","CRI_KGZ",-1.30474944232108,3.8557110541098,19,NA,NA,NA
"real","CRI_MMR",-1.73736418870555,2.91854778334025,14,NA,NA,NA
"real","CRI_PNG",-0.239624740865818,1.96151582987814,15,NA,NA,NA
"real","CRI_UGA",-0.901717920545265,5.7517401040024,22,NA,NA,NA
"real","CUB_ANT",-0.165651334037128,1.4374691062691,11,NA,NA,NA
"real","CUB_BLR",-0.536361840269838,2.45003124817078,22,NA,NA,NA
"real","CUB_KAZ",-0.981717304977018,5.13674411941885,22,NA,NA,NA
"real","CUB_MKD",-1.2523303140603,4.16272480247968,22,NA,NA,NA
"real","CUB_MLI",-2.07103904584898,6.66907692885097,9,NA,NA,NA
"real","CXR_CZE",-0.657003479375274,1.8570058574829,18,NA,NA,NA
"real","CXR_MDG",-0.940372809473518,2.43044699052584,8,NA,NA,NA
"real","CXR_NZL",-1.11672941314519,7.00352656595587,18,NA,NA,NA
"real","CYM_BEN",0.0770726268532307,5.43331251176794,8,NA,NA,NA
"real","CYM_IND",-5.04150980625207,14.7511757507563,17,NA,NA,NA
"real","CYM_KAZ",-2.32469334132151,12.2503723492932,10,NA,NA,NA
"real","CYM_NGA",-1.49224522895726,13.8488950185899,16,NA,NA,NA
"real","CYM_SLV",-1.7251616640169,7.25069938810394,20,NA,NA,NA
"real","CYP_ATG",-0.567495665513708,1.50079692855099,9,NA,NA,NA
"real","CZE_GNB",-0.61332175907717,3.47987233247647,14,NA,NA,NA
"real","DJI_SEN",-3.15122468198973,9.41639224113502,14,NA,NA,NA
"real","DJI_TGO",-1.37436445509534,6.15496237277131,8,NA,NA,NA
"real","DMA_BLR",-2.57184586562314,7.34622948485554,18,NA,NA,NA
"real","DMA_KAZ",-3.08782965408058,7.67746643784563,18,NA,NA,NA
"real","DMA_PNG",-0.929774024590935,9.02465229086966,8,NA,NA,NA
"real","DMA_UKR",-2.70780474146464,9.45409565457321,18,NA,NA,NA
"real","DNK_ERI",-0.156640393902508,0.511674291080923,22,NA,NA,NA
"real","DOM_BEN",-3.59410156607328,10.4516123904684,15,NA,NA,NA
"real","DOM_BGD",-1.08789053888474,3.52074274533984,21,NA,NA,NA
"real","DOM_BLR",-0.701658845545181,2.28724212862198,21,NA,NA,NA
"real","DOM_CAF",-2.6324112405673,8.75648099086172,13,NA,NA,NA
"real","DOM_ZMB",-1.0120967288416,6.41979520894472,12,NA,NA,NA
"real","DZA_AGO",-1.28203579030874,4.17377200216113,18,NA,NA,NA
"real","DZA_FRO",-0.289916430109969,5.86085659956258,10,NA,NA,NA
"real","DZA_GEO",-1.27520253286564,5.66753553246348,11,NA,NA,NA
"real","DZA_GMB",-1.70834112882164,5.53444958413413,18,NA,NA,NA
"real","DZA_KAZ",-2.38078146980256,3.99922091100794,18,NA,NA,NA
"real","DZA_KEN",-2.40239544485319,6.6226012681683,19,NA,NA,NA
"real","DZA_URY",-2.04507028520013,11.6693109644522,19,NA,NA,NA
"real","ECU_AGO",-0.552426561837781,2.66908074191455,20,NA,NA,NA
"real","ECU_KGZ",-0.350964171641696,0.898308030747405,22,NA,NA,NA
"real","ECU_PNG",-1.3836420784948,10.8220147166657,15,NA,NA,NA
"real","EGY_ATG",-0.828423981453075,3.3566375897446,21,NA,NA,NA
"real","EGY_LAO",-0.418369816018365,4.24658701233919,8,NA,NA,NA
"real","ERI_CHN",-2.16559334599654,5.03697182600554,21,NA,NA,NA
"real","ERI_TWN",-1.14959188087312,13.4255621187244,20,NA,NA,NA
"real","ERI_YEM",-0.345607030676404,11.0356818718832,17,NA,NA,NA
"real","EST_BEN",-1.95757839389488,5.29681673927786,18,NA,NA,NA
"real","EST_COG",-1.64181667944123,3.3475239661645,13,NA,NA,NA
"real","EST_GTM",-2.30888604731806,5.3500202256512,14,NA,NA,NA
"real","EST_MLI",-0.902287287153215,2.2776123069975,18,NA,NA,NA
"real","EST_UGA",-1.82460562243398,7.56041626556368,18,NA,NA,NA
"real","ETH_AND",-1.39686640738792,4.36114127616428,16,NA,NA,NA
"real","ETH_BEN",-1.15532150721578,2.22819502299913,20,NA,NA,NA
"real","ETH_BHR",-2.16628012169068,7.32733299343429,20,NA,NA,NA
"real","ETH_BLR",-0.702461367136712,2.02768044884864,19,NA,NA,NA
"real","ETH_SEN",-0.374731913683765,1.19386613854473,20,NA,NA,NA
"real","ETH_SLV",-2.54137910105159,10.4564465041651,16,NA,NA,NA
"real","ETH_SOM",-0.254163298303702,1.13418340653224,19,NA,NA,NA
"real","ETH_UKR",-0.940468445310242,4.62307816022685,22,NA,NA,NA
"real","FJI_RUS",-1.19143119162204,5.40303623716209,21,NA,NA,NA
"real","FJI_SLV",-0.423888212423574,1.95570176800295,13,NA,NA,NA
"real","FLK_BGD",-2.57201981925476,14.2190185575602,9,NA,NA,NA
"real","FRO_IND",-2.39987233846897,8.13621610693078,15,NA,NA,NA
"real","FRO_MKD",-0.8509193596022,4.22976580190265,17,NA,NA,NA
"real","FRO_MUS",-2.43708181570534,6.7508522841827,16,NA,NA,NA
"real","FSM_ESP",-1.53183554333701,4.18491891270086,17,NA,NA,NA
"real","FSM_PHL",-0.856930027780725,2.86073424185499,20,NA,NA,NA
"real","GAB_BDI",-2.74105193852225,7.21043555191069,12,NA,NA,NA
"real","GAB_CPV",-1.74738925631061,11.2026417582632,13,NA,NA,NA
"real","GAB_EST",-4.5463860349856,8.77886240537856,16,NA,NA,NA
"real","GAB_GEO",-1.09196547375473,5.59184077107317,13,NA,NA,NA
"real","GAB_VNM",-2.08698993264627,7.63736380811944,16,NA,NA,NA
"real","GEO_BTN",0.122568691034625,3.77471697767594,8,NA,NA,NA
"real","GEO_GRL",-0.912159487534794,1.65850991942013,15,NA,NA,NA
"real","GEO_MKD",-1.94528825045136,4.99768359650855,22,NA,NA,NA
"real","GEO_NGA",-2.49382271576549,4.29472837869108,16,NA,NA,NA
"real","GEO_NIC",-1.31786991664505,1.98554961201827,18,NA,NA,NA
"real","GEO_PAN",-0.845867437744764,3.13280896122745,21,NA,NA,NA
"real","GEO_PER",-1.51473338855837,3.60305699201474,21,NA,NA,NA
"real","GEO_PNG",0.647277558982317,4.04818807838993,8,NA,NA,NA
"real","GEO_SLV",-0.148805279062833,1.80602150640015,17,NA,NA,NA
"real","GEO_TGO",-0.490168554252384,2.22786045963833,11,NA,NA,NA
"real","GEO_TTO",-2.36575560387691,6.44322233516855,19,NA,NA,NA
"real","GEO_VNM",-0.812469686233864,1.66241087572991,21,NA,NA,NA
"real","GHA_BLR",-0.401600927881993,3.51339446387299,22,NA,NA,NA
"real","GHA_DJI",0.241596841388682,0.995695427291554,14,NA,NA,NA
"real","GHA_KAZ",-0.341548841924914,1.99339889642757,22,NA,NA,NA
"real","GHA_MDA",-2.4102308469621,6.06123963501685,20,NA,NA,NA
"real","GHA_PYF",-0.795125103198966,1.97413651848706,22,NA,NA,NA
"real","GIB_ALB",-0.592068791095228,2.35898651461056,11,NA,NA,NA
"real","GIB_BDI",-0.164361342687746,1.30190878424438,9,NA,NA,NA
"real","GIB_ECU",-1.31933062319965,7.02557524329756,10,NA,NA,NA
"real","GIB_KAZ",-1.08266776517829,5.87984587620497,19,NA,NA,NA
"real","GIB_PHL",-2.32667657066239,8.90319330733021,14,NA,NA,NA
"real","GMB_BLR",-1.98659275964271,5.88985769403522,14,NA,NA,NA
"real","GMB_BRB",-1.29273592641256,5.16758757703589,19,NA,NA,NA
"real","GMB_KAZ",-1.19745228484239,4.4167638040015,13,NA,NA,NA
"real","GMB_KEN",-2.24334359201338,10.9456951797892,17,NA,NA,NA
"real","GMB_PNG",-1.78397991957234,14.4760120689968,8,NA,NA,NA
"real","GMB_TTO",-1.40647368576596,4.04339672633143,8,NA,NA,NA
"real","GNQ_BEN",-1.97906279980899,11.0730170141688,17,NA,NA,NA
"real","GNQ_CZE",-0.712268504427766,3.18018880532781,17,NA,NA,NA
"real","GNQ_SEN",-0.861413130225195,2.33947960863992,20,NA,NA,NA
"real","GRD_BLR",-1.63559953302555,5.05709452454143,15,NA,NA,NA
"real","GRD_BMU",-1.62935295761585,8.74760501432805,12,NA,NA,NA
"real","GRD_SLV",-2.02430035660003,8.9704434979051,11,NA,NA,NA
"real","GRD_TCA",-2.66024209618843,7.21425062704056,8,NA,NA,NA
"real","GRL_BLR",-2.07397622529393,5.14521487736839,11,NA,NA,NA
"real","GRL_GIN",-0.998501519023967,3.88595901727954,8,NA,NA,NA
"real","GRL_MEX",-0.248734663493118,1.21665010194259,10,NA,NA,NA
"real","GTM_BEN",-3.39887417161711,11.3282492340569,17,NA,NA,NA
"real","GTM_BLR",-0.621191315239198,3.75925049465459,21,NA,NA,NA
"real","GTM_CAF",-0.979748858312225,8.25305230095199,11,NA,NA,NA
"real","GTM_GIN",-3.3921084152989,15.4810808637021,13,NA,NA,NA
"real","GTM_GRL",-2.89962097406455,8.55348939400273,11,NA,NA,NA
"real","GTM_MKD",-3.05330643683699,9.11473268189326,21,NA,NA,NA
"real","GTM_MNG",-1.96915836933585,10.4436657123797,10,NA,NA,NA
"real","GTM_PYF",-0.669799947352388,2.33302958572468,21,NA,NA,NA
"real","GUY_AGO",-1.76237068102399,5.22053659621152,15,NA,NA,NA
"real","GUY_BLR",-0.748703271932981,1.76641202042969,14,NA,NA,NA
"real","GUY_PYF",-2.12694287885421,6.58629998073593,19,NA,NA,NA
"real","HKG_NCL",0.0979611017100124,0.402219343009804,18,NA,NA,NA
"real","HKG_PCN",-1.72450687278873,8.43813499927348,10,NA,NA,NA
"real","HND_BEN",-1.21077013531008,4.82491689132286,18,NA,NA,NA
"real","HND_BLR",-1.39519917629577,3.83344200388578,21,NA,NA,NA
"real","HND_FJI",-1.06637107445908,2.98963766450537,12,NA,NA,NA
"real","HND_KAZ",-0.248708275764196,0.964913947122826,20,NA,NA,NA
"real","HND_SUR",-0.426181077837033,2.20194079986779,21,NA,NA,NA
"real","HRV_BRB",-0.972584033457029,3.34048142862112,10,NA,NA,NA
"real","HTI_BEN",-1.19601360736669,1.81045966565232,9,NA,NA,NA
"real","HTI_MUS",-0.863693589018676,4.97979169250281,21,NA,NA,NA
"real","HTI_SVN",-1.04156423108742,1.81896995361215,22,NA,NA,NA
"real","HUN_ERI",-1.03821063598695,3.4133636966691,16,NA,NA,NA
"real","HUN_MHL",0.178061437140028,3.59515786670486,11,NA,NA,NA
"real","IDN_AIA",-0.67245883697002,3.88219590688245,22,NA,NA,NA
"real","IDN_CCK",-0.912965090136395,3.0741599540172,8,NA,NA,NA
"real","IDN_CXR",-0.472646249325405,2.06959159170656,18,NA,NA,NA
"real","IDN_FLK",-0.568643820814877,3.41350336411858,11,NA,NA,NA
"real","IDN_KGZ",-0.00933933711339774,0.318908656248361,22,NA,NA,NA
"real","IDN_MSR",-2.08058796486994,9.17044526326547,16,NA,NA,NA
"real","IDN_NAM",-1.15773226912336,2.21533687163803,22,NA,NA,NA
"real","IDN_NCL",-0.0315006528652884,0.107921257585331,22,NA,NA,NA
"real","IDN_NFK",-2.20299028028317,7.24690414086392,21,NA,NA,NA
"real","IDN_TCA",-0.370415744674232,1.41741923207851,22,NA,NA,NA
"real","IDN_TJK",-0.0583558607735217,1.03671194981836,22,NA,NA,NA
"real","IDN_TKL",-0.907257460412548,3.48587974964454,17,NA,NA,NA
"real","IND_NCL",-0.180978306676434,0.275735207791915,22,NA,NA,NA
"real","IOT_BEN",-0.0899005509489337,2.44138910825924,8,NA,NA,NA
"real","IOT_CHE",-0.227063808459869,5.81897020073122,13,NA,NA,NA
"real","IOT_ECU",-0.227960500512871,0.955657178823748,10,NA,NA,NA
"real","IOT_THA",-1.56091594237876,8.25693167454332,21,NA,NA,NA
"real","IRN_AGO",-0.889672398325294,1.43891482269772,18,NA,NA,NA
"real","IRN_HTI",-0.480499195953611,1.16689725330826,11,NA,NA,NA
"real","IRN_NAM",-2.30741873103395,14.1506855832486,17,NA,NA,NA
"real","IRN_PNG",-1.11828143133421,6.57735175117656,9,NA,NA,NA
"real","IRN_TCD",-0.739467833439371,2.86806339852281,12,NA,NA,NA
"real","IRQ_CRI",-1.02212116973059,4.48144000229956,13,NA,NA,NA
"real","IRQ_TWN",-0.0927067864850599,0.259149440770278,22,NA,NA,NA
"real","ISL_BLR",-0.336348920911443,1.70135853397839,22,NA,NA,NA
"real","ISL_HND",-0.955254012302511,3.76745381863572,20,NA,NA,NA
"real","ISL_QAT",-0.656748422077188,3.12381595746725,13,NA,NA,NA
"real","ISL_SLE",-0.0768781820331924,1.64318178096295,8,NA,NA,NA
"real","ISL_SYC",-1.46501646390623,4.10712437430603,20,NA,NA,NA
"real","ISR_COM",-1.39224570244397,2.95542633398015,12,NA,NA,NA
"real","ISR_NCL",-0.147722615852077,0.606305535577441,20,NA,NA,NA
"real","JAM_ALB",-0.513581584125956,1.26617952937677,9,NA,NA,NA
"real","JAM_AZE",-3.05582746602429,11.326521664415,14,NA,NA,NA
"real","JAM_BEN",-1.09336780813636,2.78573756996649,15,NA,NA,NA
"real","JAM_BLR",-0.692292529024271,1.66565196889039,22,NA,NA,NA
"real","JAM_MDA",-1.63747422642755,5.9624787900604,20,NA,NA,NA
"real","JOR_NIC",-0.174854955860612,0.36839893357034,20,NA,NA,NA
"real","JOR_PNG",-1.10732056344755,5.85103795786169,8,NA,NA,NA
"real","JPN_NCL",0.00508364066497589,0.0509978191948194,22,NA,NA,NA
"real","KAZ_ALB",-1.04884198132654,4.0754165861403,17,NA,NA,NA
"real","KAZ_AND",-1.55363616472386,4.55383790840128,16,NA,NA,NA
"real","KAZ_ARE",-0.490440370365782,2.90048268094693,22,NA,NA,NA
"real","KAZ_BEN",-1.41936128144367,11.2480263907543,8,NA,NA,NA
"real","KAZ_BFA",-1.07160449895651,7.78734632971093,14,NA,NA,NA
"real","KAZ_BGD",-1.2267821709967,8.27161888846168,17,NA,NA,NA
"real","KAZ_CIV",-1.692018109721,7.93481981536225,18,NA,NA,NA
"real","KAZ_CMR",-1.16397601359828,6.66579814483727,12,NA,NA,NA
"real","KAZ_COD",-2.85482261456391,7.97800638591508,10,NA,NA,NA
"real","KAZ_CUB",-2.12651062798359,15.2218933130867,14,NA,NA,NA
"real","KAZ_DOM",-1.92902723311832,9.14891390894036,18,NA,NA,NA
"real","KAZ_ECU",-1.23474453882952,6.53330467045957,20,NA,NA,NA
"real","KAZ_ETH",-1.71784590037312,16.7179613637584,17,NA,NA,NA
"real","KAZ_GHA",-0.518567829116252,3.70244245690488,20,NA,NA,NA
"real","KAZ_GIB",-0.9628402983626,6.10880094025092,11,NA,NA,NA
"real","KAZ_GTM",-1.47422029125279,13.09709654687,15,NA,NA,NA
"real","KAZ_HKG",-0.77993100742843,1.97670174739062,22,NA,NA,NA
"real","KAZ_KEN",-1.64071938970909,7.9699517773953,18,NA,NA,NA
"real","KAZ_LKA",-1.38167805372098,7.81750829550264,18,NA,NA,NA
"real","KAZ_MOZ",-1.49273100301031,7.21229611485645,15,NA,NA,NA
"real","KAZ_MUS",-0.462022201766212,3.48604064078018,9,NA,NA,NA
"real","KAZ_NER",-0.873510380309366,6.10650843606506,8,NA,NA,NA
"real","KAZ_NGA",-1.18650757817357,6.54916699284769,20,NA,NA,NA
"real","KAZ_NIC",-1.53855550940614,13.7807336724336,12,NA,NA,NA
"real","KAZ_PAN",-1.98411417290382,7.12325527872369,18,NA,NA,NA
"real","KAZ_PER",-1.34743018808933,11.1510296768125,21,NA,NA,NA
"real","KAZ_QAT",-0.196654852362062,2.37626117453684,21,NA,NA,NA
"real","KAZ_SDN",-1.64564046267293,4.35914763162541,17,NA,NA,NA
"real","KAZ_SYR",-0.992848492935553,3.81222252768285,17,NA,NA,NA
"real","KAZ_TTO",-3.07357439100936,8.9948695077709,19,NA,NA,NA
"real","KAZ_URY",-2.808919530443,12.2443039075531,8,NA,NA,NA
"real","KAZ_VEN",-1.14551229175033,5.72832448965407,20,NA,NA,NA
"real","KAZ_VGB",-1.85238604316353,9.99435114779081,20,NA,NA,NA
"real","KAZ_VNM",0.0647187642760807,2.08606000067422,17,NA,NA,NA
"real","KAZ_YEM",-2.2849352225797,8.87812438583983,13,NA,NA,NA
"real","KEN_HND",-1.25351776732025,5.31245176684659,18,NA,NA,NA
"real","KEN_KAZ",-1.68240488637784,11.1764416133489,22,NA,NA,NA
"real","KEN_LTU",-1.01419319709311,2.8464463552062,22,NA,NA,NA
"real","KGZ_COL",-1.89648230181553,7.38610218125178,20,NA,NA,NA
"real","KGZ_HKG",-0.915484610416885,3.65687562360683,19,NA,NA,NA
"real","KGZ_PNG",-1.91574236669964,4.75486187290521,8,NA,NA,NA
"real","KGZ_SLV",-2.29696363063749,8.08698162654357,12,NA,NA,NA
"real","KGZ_SYR",-0.588612631274372,2.36539621921955,17,NA,NA,NA
"real","KGZ_ZMB",-2.05648188076114,8.02199321288245,15,NA,NA,NA
"real","KHM_AZE",-2.59693500283053,7.69875694777489,13,NA,NA,NA
"real","KHM_BFA",0.191061953941044,1.39011852475271,18,NA,NA,NA
"real","KHM_BLR",-1.42209904479874,6.26268815131606,21,NA,NA,NA
"real","KHM_CIV",-1.18388060148177,3.0655764431776,21,NA,NA,NA
"real","KHM_NGA",-1.19742474839677,3.53368058984285,19,NA,NA,NA
"real","KHM_ZWE",-2.94742112927861,8.45284063217187,15,NA,NA,NA
"real","KIR_BEN",-0.158471184604414,2.07708230375068,10,NA,NA,NA
"real","KIR_HRV",-1.39199168436239,2.23546949741099,12,NA,NA,NA
"real","KIR_UKR",-1.13801745181362,7.46591463691338,8,NA,NA,NA
"real","KNA_CZE",-0.887443982359753,2.20310100812372,8,NA,NA,NA
"real","KNA_HUN",-0.931069218629113,1.23842257647801,10,NA,NA,NA
"real","KNA_SVK",-3.07434086080173,11.273882671453,9,NA,NA,NA
"real","KOR_AIA",-0.575284786154064,1.54549858009468,22,NA,NA,NA
"real","KOR_NCL",-0.196164737322009,0.186633665474399,22,NA,NA,NA
"real","KWT_BEN",-1.12730219948616,3.30356926658099,22,NA,NA,NA
"real","KWT_KAZ",-1.36654406303863,4.03012564844448,19,NA,NA,NA
"real","KWT_LTU",-2.77844487286084,11.1420420816241,19,NA,NA,NA
"real","KWT_MAC",-0.398303585032296,2.5764514756668,10,NA,NA,NA
"real","KWT_PER",-4.51418363691847,14.9433307898682,17,NA,NA,NA
"real","KWT_PNG",0.0340199584600994,2.6270984036391,14,NA,NA,NA
"real","KWT_SLV",-1.79038789487691,8.47578965750914,12,NA,NA,NA
"real","KWT_URY",-2.25211912179942,16.3528444455835,16,NA,NA,NA
"real","LAO_ETH",-0.965875109544564,3.84082865949511,11,NA,NA,NA
"real","LAO_RWA",-0.942513215448053,6.9739843809552,10,NA,NA,NA
"real","LBN_AFG",-0.752789324235927,2.73784370548477,21,NA,NA,NA
"real","LBN_ATG",-0.197851669965995,1.82077146141063,21,NA,NA,NA
"real","LBN_COM",-1.46570323865284,5.6887601824049,16,NA,NA,NA
"real","LBN_CXR",0.058769539978465,0.922134786806292,8,NA,NA,NA
"real","LBN_MDV",-1.04449365896031,2.5458866420081,20,NA,NA,NA
"real","LBN_MNG",-1.32966914424656,5.8433785071794,13,NA,NA,NA
"real","LBN_NPL",-0.583035471613832,2.05679223818293,15,NA,NA,NA
"real","LBN_PNG",-0.686599763095544,5.32565061245586,8,NA,NA,NA
"real","LBN_SOM",-0.415835768894022,2.42550211373068,14,NA,NA,NA
"real","LBR_BLR",-1.12976003194801,2.93259772827348,13,NA,NA,NA
"real","LBR_ETH",-2.11450734879177,6.07638823673468,14,NA,NA,NA
"real","LBR_KAZ",-1.31436992578484,3.55564523669862,10,NA,NA,NA
"real","LBR_LBN",-3.5970382839853,8.75543169335217,21,NA,NA,NA
"real","LBR_SLV",-2.03859180992457,8.37568236812151,8,NA,NA,NA
"real","LCA_ALB",-0.210885338525932,1.17392245752288,9,NA,NA,NA
"real","LCA_ARE",-1.0581019843253,3.78131324023334,14,NA,NA,NA
"real","LKA_NCL",-0.31921937572279,0.955294097181582,21,NA,NA,NA
"real","LSO_SAU",-0.339379673619149,0.94260194780202,21,NA,NA,NA
"real","LTU_MMR",-1.56859986768939,6.19270681364199,16,NA,NA,NA
"real","LVA_BEN",-2.365515330196,5.69756892896525,21,NA,NA,NA
"real","LVA_CAF",-1.60927173778684,8.90198061465869,9,NA,NA,NA
"real","LVA_DMA",-0.921797294128647,2.92413200838564,8,NA,NA,NA
"real","LVA_IRQ",-0.540742168264264,1.53315712618461,21,NA,NA,NA
"real","LVA_KHM",-0.629272252967731,1.2020875035489,22,NA,NA,NA
"real","LVA_LAO",-1.03484127719714,2.6110433600715,16,NA,NA,NA
"real","LVA_MLI",-1.29760513187596,2.64840714736099,21,NA,NA,NA
"real","LVA_PRY",-1.86127126672995,3.56747785276282,21,NA,NA,NA
"real","LVA_UGA",-2.18522554278588,5.43152001845617,19,NA,NA,NA
"real","MAC_BIH",-0.628255532372541,1.73201603764076,22,NA,NA,NA
"real","MAC_BLR",-1.48197141344197,3.54902655800927,18,NA,NA,NA
"real","MAC_BRB",-0.317710946991743,2.62985097929277,22,NA,NA,NA
"real","MAC_NCL",-0.278817822095439,0.838432082241559,18,NA,NA,NA
"real","MAR_KGZ",-0.397059915186813,1.03211790008785,22,NA,NA,NA
"real","MAR_NCL",0.0731783852269522,0.206205611908209,22,NA,NA,NA
"real","MAR_PNG",-0.315529064911335,3.89713298339614,12,NA,NA,NA
"real","MAR_SLB",-1.1205402555785,4.01659331836935,9,NA,NA,NA
"real","MDA_COG",-0.440760505558198,1.8272695526015,20,NA,NA,NA
"real","MDA_NER",-1.4115682124764,4.61673527188238,13,NA,NA,NA
"real","MDA_VGB",-0.834486733551974,4.97377450592911,11,NA,NA,NA
"real","MDG_AND",-0.463985534101218,1.33931169153093,20,NA,NA,NA
"real","MDG_BLR",-2.85841139120411,3.51303820571688,18,NA,NA,NA
"real","MDG_EST",-0.476423165147151,1.48839591987529,13,NA,NA,NA
"real","MDG_GRL",-0.976901457157707,4.30793424007196,12,NA,NA,NA
"real","MDG_KAZ",-1.29435039220211,4.05847212605688,20,NA,NA,NA
"real","MDG_NCL",-0.61688564534201,1.89892933628133,22,NA,NA,NA
"real","MDG_PHL",-0.302083341198497,1.17515341701065,21,NA,NA,NA
"real","MDV_CYP",-1.37634961166821,4.38406271578854,11,NA,NA,NA
"real","MDV_EST",-0.662011425686936,1.84563610656727,14,NA,NA,NA
"real","MDV_KWT",-0.805478680172623,3.78748449889211,17,NA,NA,NA
"real","MDV_UKR",-1.77081721355032,4.08441211329963,11,NA,NA,NA
"real","MDV_ZAF",-2.01528160885748,3.75919796304247,21,NA,NA,NA
"real","MEX_AIA",-0.256116741594129,0.742024229974741,16,NA,NA,NA
"real","MEX_BIH",-0.506714674330153,1.21311262055594,19,NA,NA,NA
"real","MEX_NCL",-0.311041887810762,1.3627336416445,18,NA,NA,NA
"real","MHL_CZE",-1.31789166597874,6.98949272445284,14,NA,NA,NA
"real","MHL_IDN",-2.25297710143984,10.6101807237685,22,NA,NA,NA
"real","MHL_IRL",-1.93314291919937,4.65588899208756,9,NA,NA,NA
"real","MHL_ITA",-1.86531176505105,6.9470452128184,20,NA,NA,NA
"real","MHL_PHL",-0.463073915899256,3.44773837872159,21,NA,NA,NA
"real","MHL_THA",-0.329097032770349,1.17073375557239,22,NA,NA,NA
"real","MKD_BHR",-0.502638392467516,1.16752494307309,21,NA,NA,NA
"real","MKD_BMU",-0.296139495369113,1.17385909086094,10,NA,NA,NA
"real","MKD_GIN",-1.38286743897898,7.67310776859091,9,NA,NA,NA
"real","MKD_MAR",-0.940285683093044,2.68788757082722,22,NA,NA,NA
"real","MKD_MUS",-1.1511428287551,2.70606744139716,18,NA,NA,NA
"real","MKD_OMN",-0.856040162294186,1.94665407726798,13,NA,NA,NA
"real","MKD_PRK",-1.50786891416495,4.94075348179899,11,NA,NA,NA
"real","MKD_VGB",-4.79966899812483,9.63703417484249,9,NA,NA,NA
"real","MLI_ARG",-1.41651114647048,3.04214828630738,12,NA,NA,NA
"real","MLI_BOL",-0.876547225159124,4.54898149514416,19,NA,NA,NA
"real","MLI_MOZ",-0.730615658917692,6.74221912603178,15,NA,NA,NA
"real","MLT_BLR",-0.977708536148843,4.19048274194843,22,NA,NA,NA
"real","MLT_GUY",-0.469288248068604,1.97660923188426,8,NA,NA,NA
"real","MLT_HTI",-2.36215750228948,16.4395972338996,13,NA,NA,NA
"real","MLT_KHM",-0.732326583553457,2.43649199014192,14,NA,NA,NA
"real","MMR_BFA",-1.11706368989257,10.3822379470165,15,NA,NA,NA
"real","MMR_BLR",-1.7733574938047,4.43489292843206,20,NA,NA,NA
"real","MMR_BRB",-2.03950193021384,9.08702575607079,10,NA,NA,NA
"real","MMR_SLV",-0.537525686886034,1.32045341467344,12,NA,NA,NA
"real","MNG_ARM",-2.26711110542882,11.5040097430412,10,NA,NA,NA
"real","MNG_BLR",-1.46403725457641,3.43152578864893,18,NA,NA,NA
"real","MNG_ISR",-1.33054442637896,3.28782879222472,18,NA,NA,NA
"real","MNG_JOR",-1.42044315966545,13.1149740930348,11,NA,NA,NA
"real","MNG_MKD",-2.49237381032982,9.34462373279244,12,NA,NA,NA
"real","MNG_ZWE",-1.02562856170488,3.72420827927507,9,NA,NA,NA
"real","MNP_COL",-1.70589426226059,9.46048981595095,17,NA,NA,NA
"real","MNP_IDN",-2.21273619648588,9.12508924812931,14,NA,NA,NA
"real","MNP_PER",-1.82192584738777,7.35299451625484,20,NA,NA,NA
"real","MNP_SWE",-0.557089204833845,2.88707760853134,19,NA,NA,NA
"real","MOZ_BFA",-0.367281210240366,4.76840029477084,14,NA,NA,NA
"real","MOZ_ISR",-0.833893025983537,2.32705737150912,17,NA,NA,NA
"real","MOZ_LBN",-1.42009881287089,4.31144489681326,22,NA,NA,NA
"real","MOZ_PNG",-1.12570757064789,2.87068141823854,8,NA,NA,NA
"real","MOZ_PYF",-0.155050314072081,2.13529441265492,10,NA,NA,NA
"real","MRT_BLR",0.0325970322860204,1.48001803892542,21,NA,NA,NA
"real","MRT_KAZ",-1.42447872753116,5.01265314434187,17,NA,NA,NA
"real","MRT_NIC",-1.99075928535326,6.6407888703419,19,NA,NA,NA
"real","MUS_BLR",-0.971934569557905,1.88172745382742,22,NA,NA,NA
"real","MUS_IOT",-1.01275147821848,9.2004177704958,8,NA,NA,NA
"real","MUS_KGZ",-1.58574357330704,4.16841894130054,15,NA,NA,NA
"real","MUS_KHM",-0.699835342680314,3.16423005815939,20,NA,NA,NA
"real","MUS_LBR",-1.62091913974333,2.39931250501484,15,NA,NA,NA
"real","MUS_NCL",-0.388369411964355,2.58576905170432,22,NA,NA,NA
"real","MUS_NIU",-0.438562602116744,5.4645129985341,12,NA,NA,NA
"real","MUS_PNG",-2.16829743336343,9.44321269357742,12,NA,NA,NA
"real","MUS_QAT",-1.55160763923037,2.2365608614212,21,NA,NA,NA
"real","MWI_DOM",-2.12483043212446,7.77916248509247,17,NA,NA,NA
"real","MWI_KGZ",-0.890261048716885,6.87575279505232,13,NA,NA,NA
"real","MWI_KWT",-1.04847132856377,3.51108375939566,17,NA,NA,NA
"real","MWI_LVA",-1.35063338064085,11.3666521410592,12,NA,NA,NA
"real","MWI_MRT",-0.536083064109999,1.47001426536625,16,NA,NA,NA
"real","MWI_NIC",-1.49003166297686,4.10235215350087,12,NA,NA,NA
"real","MWI_VCT",-0.706281430628779,1.74205460630017,9,NA,NA,NA
"real","MYS_NCL",-0.635302957288811,0.869373645413508,22,NA,NA,NA
"real","NAM_BHS",-4.38117032780715,14.1785394206647,21,NA,NA,NA
"real","NAM_HRV",-1.16338625744999,1.95561674347082,17,NA,NA,NA
"real","NAM_MLT",-2.8159647192992,8.21904167956647,17,NA,NA,NA
"real","NAM_SVK",-1.07201747447717,2.22648516467255,16,NA,NA,NA
"real","NCL_AUS",-0.204668966988612,0.805792344587234,22,NA,NA,NA
"real","NCL_BOL",-1.26593048053598,5.98132692018035,19,NA,NA,NA
"real","NCL_CAN",-0.254777572805513,0.756247405599775,22,NA,NA,NA
"real","NCL_CHE",-1.35946876052725,4.79126113971229,19,NA,NA,NA
"real","NCL_CHN",-1.58339256765292,6.21954327843128,22,NA,NA,NA
"real","NCL_CRI",-2.0532736069106,6.69301242545187,20,NA,NA,NA
"real","NCL_DZA",-2.41771891756348,9.62699780378386,11,NA,NA,NA
"real","NCL_ECU",-0.529020592802444,2.42875415864798,11,NA,NA,NA
"real","NCL_ETH",-0.617033288504971,6.11851975943058,10,NA,NA,NA
"real","NCL_GHA",-0.800594924681534,3.71282453004374,11,NA,NA,NA
"real","NCL_GIN",-0.702009102080786,3.86863906612507,9,NA,NA,NA
"real","NCL_HKG",-0.421256854636466,0.9834461607112,18,NA,NA,NA
"real","NCL_IDN",-0.312304493304224,1.61681209923781,22,NA,NA,NA
"real","NCL_IND",-0.548257082209929,3.6518644913677,22,NA,NA,NA
"real","NCL_JPN",-0.00509816964373036,0.0496472580439783,22,NA,NA,NA
"real","NCL_KOR",-0.298923256566899,1.37913550482506,22,NA,NA,NA
"real","NCL_LBN",-1.17282634724589,5.9914018233473,17,NA,NA,NA
"real","NCL_NIC",-1.22962563865538,4.99655400699528,16,NA,NA,NA
"real","NCL_NZL",-0.415818797136027,0.534274699289671,22,NA,NA,NA
"real","NCL_PAK",-2.68383085428692,10.0729741525982,18,NA,NA,NA
"real","NCL_PHL",-3.85410609489415,6.50685061872184,18,NA,NA,NA
"real","NCL_PNG",-0.954845825751467,2.47795131636977,15,NA,NA,NA
"real","NCL_PYF",-0.388517856468895,0.649133806002157,22,NA,NA,NA
"real","NCL_RWA",-1.22399167917099,5.82401174038411,15,NA,NA,NA
"real","NCL_SGP",-1.00080786487479,2.35346705563564,22,NA,NA,NA
"real","NCL_THA",-2.02365275415744,2.72942846583791,22,NA,NA,NA
"real","NCL_TWN",-0.0177182377057274,0.266365556268954,22,NA,NA,NA
"real","NCL_TZA",-1.63181978063545,5.88370586080521,18,NA,NA,NA
"real","NCL_UKR",-4.50278846192828,26.7202186764727,18,NA,NA,NA
"real","NCL_USA",-0.097554870099018,0.173258830985584,22,NA,NA,NA
"real","NER_BGD",-0.743760126211758,4.69813508266809,15,NA,NA,NA
"real","NER_KAZ",-1.63896060213403,7.83657203501875,8,NA,NA,NA
"real","NER_RUS",-4.06370375975752,13.0919703868836,20,NA,NA,NA
"real","NER_TTO",-1.33009949306996,3.95632117872014,11,NA,NA,NA
"real","NER_YEM",-0.877063929648599,5.78843171206505,10,NA,NA,NA
"real","NFK_CZE",-1.08724792262344,4.05067427596486,13,NA,NA,NA
"real","NFK_GHA",-0.565548796543357,2.38732307162983,15,NA,NA,NA
"real","NGA_BLR",-1.51742806146945,5.63743586593713,22,NA,NA,NA
"real","NGA_BRB",-7.77959134253277,20.5117892751687,21,NA,NA,NA
"real","NGA_GEO",-4.17498033560873,10.234053247738,15,NA,NA,NA
"real","NGA_KAZ",-0.451137079552959,3.15248269311636,21,NA,NA,NA
"real","NGA_NPL",-1.84714965100123,8.5929859090869,12,NA,NA,NA
"real","NGA_PNG",-4.10590113895947,13.5012522632617,11,NA,NA,NA
"real","NGA_YEM",-0.823864953872279,2.6257472220144,17,NA,NA,NA
"real","NIC_BLR",-2.18223891544628,6.72570926182017,19,NA,NA,NA
"real","NIC_BRB",-1.24042755141438,3.03423632777918,21,NA,NA,NA
"real","NIC_KEN",-0.418073120755111,2.49874439158965,17,NA,NA,NA
"real","NIC_KWT",-0.930441557591293,2.57966213389182,17,NA,NA,NA
"real","NIC_UKR",-1.66390005224489,9.19680417271459,21,NA,NA,NA
"real","NIC_ZMB",-1.53956648970708,10.7977104223307,21,NA,NA,NA
"real","NIU_EST",0.310389674075878,16.8938822335616,10,NA,NA,NA
"real","NIU_GEO",-1.15565933778524,3.32932616993607,11,NA,NA,NA
"real","NIU_KAZ",-0.536899051728092,12.7026031312662,13,NA,NA,NA
"real","NIU_MEX",1.07220819731969,5.57286367091501,9,NA,NA,NA
"real","NIU_SDN",-0.0797597347584126,3.50054080734228,9,NA,NA,NA
"real","NOR_NCL",-0.144943076677475,0.231782057776058,22,NA,NA,NA
"real","NPL_BLR",-1.71490461851908,1.76889714007103,22,NA,NA,NA
"real","NPL_BOL",-1.36007425904061,6.93250086263313,17,NA,NA,NA
"real","NPL_ECU",-1.28578482495287,2.253661188129,20,NA,NA,NA
"real","NPL_MMR",-2.01926788607727,5.0873682886051,13,NA,NA,NA
"real","NPL_PAN",-0.365309315505779,1.862288392594,10,NA,NA,NA
"real","NPL_RWA",-0.419951587559763,1.18992349476852,10,NA,NA,NA
"real","NPL_SLV",-2.3870983015222,6.19537994903405,11,NA,NA,NA
"real","NRU_ECU",-0.155289122619599,1.64058995091109,9,NA,NA,NA
"real","NZL_NCL",0.0846181460485406,0.0709813403962654,22,NA,NA,NA
"real","OMN_ALB",-2.78239639461406,9.42284730348709,12,NA,NA,NA
"real","OMN_BFA",-1.28675574561539,3.6263716101153,13,NA,NA,NA
"real","OMN_NER",-1.01475799199373,5.33353596077346,17,NA,NA,NA
"real","PAN_BEN",-1.76790654028074,4.63971350292644,20,NA,NA,NA
"real","PAN_BLR",-0.569287984733528,1.76485197398348,22,NA,NA,NA
"real","PAN_KAZ",-1.17230930148946,3.83994111191523,22,NA,NA,NA
"real","PAN_RWA",-0.889746293622354,4.59565305360745,13,NA,NA,NA
"real","PCN_CRI",-1.15305007075746,5.92782846446439,11,NA,NA,NA
"real","PCN_KOR",-0.865148043221976,3.11294486069909,16,NA,NA,NA
"real","PCN_SDN",-1.81252537503777,5.64674836060706,9,NA,NA,NA
"real","PER_BDI",0.0570951278757127,3.16560384715159,9,NA,NA,NA
"real","PHL_AFG",-1.29065134031449,2.52179050825438,22,NA,NA,NA
"real","PHL_AZE",-0.981028834150474,2.449355684419,22,NA,NA,NA
"real","PHL_DJI",-1.27619441986258,5.91599608946742,21,NA,NA,NA
"real","PHL_GNB",-2.05652791045881,6.89580826733958,14,NA,NA,NA
"real","PHL_MDA",-0.627547985402499,0.918795339445208,22,NA,NA,NA
"real","PHL_NCL",-0.706601388269726,1.23129658871958,22,NA,NA,NA
"real","PHL_NFK",-1.01659896942612,3.3958667396394,11,NA,NA,NA
"real","PHL_RWA",-0.911623999500713,2.2157593708905,20,NA,NA,NA
"real","PHL_SHN",-1.61392388270248,7.99217119346359,13,NA,NA,NA
"real","PHL_SOM",-1.18742668271504,2.53803652443862,18,NA,NA,NA
"real","PLW_AUS",-2.08694984297991,5.90912712539619,19,NA,NA,NA
"real","PLW_IDN",-1.603218032441,5.27937469324134,11,NA,NA,NA
"real","PNG_MUS",-5.28795072570212,14.1191495861476,16,NA,NA,NA
"real","PNG_NCL",0.258310141664278,0.670497634818235,18,NA,NA,NA
"real","PNG_RUS",-0.132924825169822,1.42229953313312,22,NA,NA,NA
"real","PNG_UKR",-0.880668276055914,3.40972484801486,19,NA,NA,NA
"real","POL_CPV",-1.39087929790349,4.77015175681528,22,NA,NA,NA
"real","PRK_BLR",-0.5552826721294,3.0641661907405,22,NA,NA,NA
"real","PRK_CPV",-0.132396646506988,2.23396256272028,15,NA,NA,NA
"real","PRK_KAZ",-0.250570507352483,1.15218047154938,15,NA,NA,NA
"real","PRK_PNG",-1.12996182651439,1.44734129354826,8,NA,NA,NA
"real","PRK_PRY",-1.44162086068249,14.2141156858448,12,NA,NA,NA
"real","PRT_FSM",-1.0217270231092,7.1272797438652,14,NA,NA,NA
"real","PRT_SWZ",-0.643418621841403,1.88804618479681,16,NA,NA,NA
"real","PRY_KAZ",-1.66113835951336,11.4282933777747,15,NA,NA,NA
"real","PRY_RWA",-2.95947362038651,17.6389332959725,9,NA,NA,NA
"real","PYF_ANT",-1.62235925774029,7.39847258951579,10,NA,NA,NA
"real","PYF_ECU",-1.28514773287927,4.07107168263885,10,NA,NA,NA
"real","PYF_KAZ",-1.78947810895901,4.84698477280844,12,NA,NA,NA
"real","PYF_LBN",-0.457933286436815,1.52963907850671,21,NA,NA,NA
"real","PYF_MUS",-2.28146688937011,5.26799890714326,18,NA,NA,NA
"real","PYF_NCL",-0.175558408454357,0.834504787577628,22,NA,NA,NA
"real","QAT_AZE",-1.72841945888768,2.41744718374988,20,NA,NA,NA
"real","QAT_BEN",-3.34059325047121,6.45876763349676,16,NA,NA,NA
"real","QAT_BFA",0.166159164855479,1.20327247666056,21,NA,NA,NA
"real","QAT_BGR",-1.17268217636151,2.45234790268264,22,NA,NA,NA
"real","QAT_FRO",-0.291181231868487,1.78657309920421,10,NA,NA,NA
"real","QAT_KAZ",-0.344064413391429,1.91420031903365,21,NA,NA,NA
"real","QAT_MDG",-1.00409464035368,3.89502463120394,22,NA,NA,NA
"real","QAT_MLI",-0.212075947492147,2.14963628158368,19,NA,NA,NA
"real","QAT_NPL",-0.561113911435778,7.71987939490176,20,NA,NA,NA
"real","ROU_SWZ",-1.16408059917175,9.97212868231174,11,NA,NA,NA
"real","ROU_VUT",-2.17877145188216,5.99079579654759,15,NA,NA,NA
"real","RUS_SLB",-2.3290645814324,10.7145053581,14,NA,NA,NA
"real","RUS_STP",-1.30594345827254,6.88770388142595,18,NA,NA,NA
"real","RWA_BGR",-1.76939551274531,4.60101859717465,14,NA,NA,NA
"real","RWA_BLR",-1.53796855495766,3.28192491776467,11,NA,NA,NA
"real","RWA_BRB",-0.89130652548953,5.31824790775828,8,NA,NA,NA
"real","RWA_HKG",-0.615601261230314,2.6389566920876,22,NA,NA,NA
"real","RWA_KAZ",-1.27906361999891,7.25168198462165,18,NA,NA,NA
"real","RWA_PHL",-1.14761884111308,7.2773196065915,11,NA,NA,NA
"real","RWA_ROU",-0.0800170045423551,1.85169423234314,22,NA,NA,NA
"real","RWA_RUS",-0.427063781707345,4.06060788885355,22,NA,NA,NA
"real","RWA_SEN",-0.886457148496579,3.08720814633518,19,NA,NA,NA
"real","RWA_UKR",-0.984793861985256,2.77215788991761,19,NA,NA,NA
"real","SAU_BLZ",-2.70657328823924,7.25124154529899,18,NA,NA,NA
"real","SDN_BLR",-3.25779253070573,8.99506975225077,21,NA,NA,NA
"real","SDN_DOM",-0.785297657189152,6.55397510992303,18,NA,NA,NA
"real","SDN_PYF",-1.31200168736455,8.23153849327433,12,NA,NA,NA
"real","SEN_CRI",-1.99739232637082,6.12656226654717,21,NA,NA,NA
"real","SEN_DJI",-0.585007337906417,3.43637702484931,19,NA,NA,NA
"real","SEN_MKD",-2.31152348217803,5.94045233768824,20,NA,NA,NA
"real","SEN_OMN",-2.21532747591046,5.3796239929,10,NA,NA,NA
"real","SEN_PNG",-1.1227782010813,7.81675860114097,18,NA,NA,NA
"real","SEN_VEN",-0.752573772520476,2.77783788576479,13,NA,NA,NA
"real","SGP_ATF",-2.53071561648646,6.69649887758791,10,NA,NA,NA
"real","SGP_COK",-0.866694122276195,2.70806274628003,18,NA,NA,NA
"real","SGP_NCL",-0.300228051834263,0.51193943772529,22,NA,NA,NA
"real","SGP_SWZ",-0.47331970071498,1.02158826966193,21,NA,NA,NA
"real","SHN_KAZ",-2.66675807980025,13.0886800359309,12,NA,NA,NA
"real","SHN_PNG",-0.28202351451035,1.35399681193456,8,NA,NA,NA
"real","SLB_BGD",-1.96297915477665,12.4262834164115,17,NA,NA,NA
"real","SLE_HKG",-0.489863161253572,1.90849100568434,21,NA,NA,NA
"real","SLE_KAZ",-2.39561553205915,7.40948530785703,18,NA,NA,NA
"real","SLE_OMN",-2.31053231665128,5.15594014316633,8,NA,NA,NA
"real","SLE_PNG",0.421918665368412,4.77062806133984,8,NA,NA,NA
"real","SLE_UKR",-2.03389374419761,8.57660603923831,18,NA,NA,NA
"real","SLE_URY",-3.91703880043841,10.7643275259944,16,NA,NA,NA
"real","SLV_AZE",-3.07342691219314,10.341409602928,14,NA,NA,NA
"real","SLV_BLR",-2.52822677499319,8.44020575417318,19,NA,NA,NA
"real","SLV_IRN",-2.84458952233122,4.59096708235522,9,NA,NA,NA
"real","SLV_KAZ",-3.18136180279001,13.1187000571748,19,NA,NA,NA
"real","SOM_HKG",-0.536198891171529,1.2533543958338,22,NA,NA,NA
"real","SOM_MLT",-1.50157507409845,10.9989137499945,11,NA,NA,NA
"real","SOM_YEM",-0.348797966134813,2.11762835690527,17,NA,NA,NA
"real","SPM_IND",-2.98314771676344,7.91592398228038,11,NA,NA,NA
"real","STP_BEN",-1.25371381686496,4.81834368142975,9,NA,NA,NA
"real","STP_ROU",-1.28396177503639,5.96859603168851,10,NA,NA,NA
"real","STP_RUS",-1.60064160767,4.76930381955028,13,NA,NA,NA
"real","STP_TUR",-2.97413038057317,13.3048745182901,16,NA,NA,NA
"real","SUR_BEN",-0.796816739760545,4.47137297589993,10,NA,NA,NA
"real","SUR_GMB",-1.55023974955859,4.55980121800393,10,NA,NA,NA
"real","SUR_GRL",-2.98945380371473,8.91982279523001,8,NA,NA,NA
"real","SUR_KAZ",-1.96932356122276,9.18179183399398,13,NA,NA,NA
"real","SVK_DJI",-0.671828813532714,1.39958552815393,18,NA,NA,NA
"real","SVK_ERI",-1.5182614109063,8.39363431127557,13,NA,NA,NA
"real","SVK_WSM",-2.12811586633986,8.94001878171692,10,NA,NA,NA
"real","SVN_MMR",-1.1445900616761,1.96776828047345,15,NA,NA,NA
"real","SWE_PLW",-1.61290724219734,6.67702609245575,17,NA,NA,NA
"real","SWZ_BGD",-0.383093041119662,3.4846497051086,18,NA,NA,NA
"real","SWZ_MYS",-0.522251023821144,1.51596341457642,22,NA,NA,NA
"real","SWZ_ROU",-3.48478786059363,15.8096623472475,17,NA,NA,NA
"real","SYC_ARG",-0.264480279387109,0.999651497062503,14,NA,NA,NA
"real","SYC_BLR",-0.811229505929783,2.38208266898559,15,NA,NA,NA
"real","SYC_CHN",-1.45253017437353,3.79994699070879,22,NA,NA,NA
"real","SYC_CUB",-1.2581284641008,3.74127444637721,14,NA,NA,NA
"real","SYC_NOR",-2.4571796064223,6.00726612746466,22,NA,NA,NA
"real","SYR_BLR",-0.72262575651677,5.29553310550263,22,NA,NA,NA
"real","SYR_KAZ",-0.830034923587734,1.95822667321527,20,NA,NA,NA
"real","SYR_PRK",-1.11517815670154,9.14935080979726,10,NA,NA,NA
"real","TCA_IND",-0.700370030531792,1.87181665456651,20,NA,NA,NA
"real","TCA_KAZ",-0.542413466836452,2.5305019298898,14,NA,NA,NA
"real","TCA_MDG",-1.41809062865974,6.65303306626702,15,NA,NA,NA
"real","TCD_BEN",-0.741098583653144,7.94003375442161,17,NA,NA,NA
"real","TCD_CIV",-2.9503843963548,4.3206107885944,12,NA,NA,NA
"real","TCD_EST",-2.1256569580039,15.7978911524912,10,NA,NA,NA
"real","TCD_ETH",-1.28439491099774,6.21783461833781,19,NA,NA,NA
"real","TCD_RUS",-0.480204414846424,7.0665297683372,19,NA,NA,NA
"real","TGO_KWT",-2.8888545625535,6.53250378073322,9,NA,NA,NA
"real","TGO_MOZ",-1.25965473246215,5.17894771818152,17,NA,NA,NA
"real","TGO_PER",-3.31398801470804,18.757876480068,15,NA,NA,NA
"real","TGO_SLV",-3.32243428165789,9.69553641152111,12,NA,NA,NA
"real","TGO_SYC",-3.59723097319692,9.45060736815487,12,NA,NA,NA
"real","TGO_VEN",-1.1832768652371,7.60208973422143,8,NA,NA,NA
"real","THA_NCL",-0.149845662595523,0.121092236504062,22,NA,NA,NA
"real","TJK_AUS",-2.62506704746278,5.58692017612116,20,NA,NA,NA
"real","TJK_SLV",-1.32559762433323,5.22949524524277,9,NA,NA,NA
"real","TKL_PNG",-0.995511301687705,9.80502812061698,8,NA,NA,NA
"real","TKM_AUS",-1.54031701956102,4.80541335917848,19,NA,NA,NA
"real","TKM_BGD",-1.66267573346762,9.03502215987333,11,NA,NA,NA
"real","TKM_BLR",0.152682286367506,0.80646985370426,22,NA,NA,NA
"real","TKM_ISR",-0.787414407089257,11.6560032387984,19,NA,NA,NA
"real","TON_CZE",-1.053315563942,2.74236195547749,15,NA,NA,NA
"real","TON_GHA",-0.764047384616181,2.76709193333563,9,NA,NA,NA
"real","TON_IND",-2.02765421582025,7.59326096888015,14,NA,NA,NA
"real","TON_NLD",-0.971455718686624,4.21879195592166,15,NA,NA,NA
"real","TON_SVK",-1.90776255481425,8.82352868753444,18,NA,NA,NA
"real","TTO_ATF",-1.71483856211477,2.91150595666622,17,NA,NA,NA
"real","TTO_KAZ",-0.886144117922516,3.53244472256512,16,NA,NA,NA
"real","TTO_MDA",-1.0894367241003,5.20481922841494,9,NA,NA,NA
"real","TTO_SYC",-2.80825674501249,7.25740870208708,14,NA,NA,NA
"real","TTO_UKR",-1.51851606452716,3.4928265560243,17,NA,NA,NA
"real","TUN_AZE",-1.35082710693359,3.66202225929089,22,NA,NA,NA
"real","TUN_BLR",-0.850783920628406,2.84848923968803,22,NA,NA,NA
"real","TUN_COM",-0.508121360831739,1.58360677234987,17,NA,NA,NA
"real","TUN_DOM",-1.1777508542012,3.13566108777453,21,NA,NA,NA
"real","TUN_NCL",-0.10082386715439,1.35434071719838,22,NA,NA,NA
"real","TUN_PNG",-1.65353264688406,4.59769496804916,9,NA,NA,NA
"real","TUN_WLF",0.0199486427262283,0.926399280648925,9,NA,NA,NA
"real","TUR_IOT",-2.25290560866687,6.68914403528654,16,NA,NA,NA
"real","TUR_SPM",-0.655374011733491,2.42459052196475,11,NA,NA,NA
"real","TUV_KAZ",-0.623913790070301,6.03836141988333,10,NA,NA,NA
"real","TWN_ANT",-0.0826717447559589,0.672977973822388,11,NA,NA,NA
"real","TWN_BTN",-1.02574937681488,2.69797114358862,21,NA,NA,NA
"real","TWN_COK",-0.380004118562972,2.93162250965043,21,NA,NA,NA
"real","TWN_NCL",0.0211098583578359,0.120201810227974,22,NA,NA,NA
"real","TWN_TKM",-1.06577684046468,1.85256488890176,22,NA,NA,NA
"real","TZA_BHR",-0.764640905571301,2.68458798375349,22,NA,NA,NA
"real","TZA_BRB",-1.04914557270894,3.12078221094037,18,NA,NA,NA
"real","TZA_GEO",-0.554327791848731,2.16967204641609,18,NA,NA,NA
"real","TZA_GTM",-0.621477219841831,3.19319986215,14,NA,NA,NA
"real","TZA_LBR",-2.53859584115196,5.89889967821666,15,NA,NA,NA
"real","TZA_MNG",-2.17411202653643,5.56821105448706,11,NA,NA,NA
"real","TZA_NPL",-1.53610586163488,4.73047721310069,15,NA,NA,NA
"real","TZA_NRU",-0.573973055008419,3.81708201296267,13,NA,NA,NA
"real","TZA_PRY",-1.43185402911116,7.82002609828061,10,NA,NA,NA
"real","TZA_SLE",-0.833041077593435,3.82980671569652,22,NA,NA,NA
"real","TZA_SUR",-0.809741323420614,5.20578598996642,18,NA,NA,NA
"real","TZA_TGO",-1.24623333911998,3.83043485217691,17,NA,NA,NA
"real","UGA_DMA",-0.150148437016633,2.61382298645038,12,NA,NA,NA
"real","UGA_JAM",-1.1691195173035,4.71951820399989,14,NA,NA,NA
"real","UGA_LCA",-1.93676765766595,6.80066254399936,10,NA,NA,NA
"real","UGA_NIC",-4.24532037257747,16.3055407719701,12,NA,NA,NA
"real","UKR_BFA",-0.403614137790198,1.78563646295769,21,NA,NA,NA
"real","UKR_COG",-0.247048148972025,1.6869560121034,22,NA,NA,NA
"real","UKR_GNB",-0.480518891104317,1.99751263743559,14,NA,NA,NA
"real","UKR_IRQ",-0.552505285291976,1.22087263316418,22,NA,NA,NA
"real","UKR_LAO",-1.48170694985557,5.61226438128361,17,NA,NA,NA
"real","UKR_MDG",-0.310372019791348,0.940646383620658,20,NA,NA,NA
"real","UKR_NER",-0.748667056548743,1.62665098989782,20,NA,NA,NA
"real","UKR_PRY",-0.951321761930665,1.51982457915416,20,NA,NA,NA
"real","UKR_SLV",-0.753573627024109,2.67552628644291,22,NA,NA,NA
"real","URY_ABW",-0.73218691627011,2.04889274962186,22,NA,NA,NA
"real","URY_AIA",-0.10325416110408,0.251244574386012,9,NA,NA,NA
"real","URY_ETH",-0.979732181334213,4.2810185061379,18,NA,NA,NA
"real","URY_GEO",-0.54815484055297,1.61971066449349,22,NA,NA,NA
"real","URY_GMB",-1.78050269484032,4.62420752282688,18,NA,NA,NA
"real","URY_KAZ",-1.06210280520664,1.58978487821295,22,NA,NA,NA
"real","URY_NGA",-0.766638474610615,3.36426055978773,22,NA,NA,NA
"real","USA_NCL",-0.00227639105353069,0.0802119230035315,22,NA,NA,NA
"real","UZB_BRB",-1.71288639344069,5.40880921856644,19,NA,NA,NA
"real","UZB_TTO",-1.65005866285258,7.07292574710225,12,NA,NA,NA
"real","VCT_BGD",-1.89926276003949,5.80275340394203,10,NA,NA,NA
"real","VCT_CIV",-4.90862336466848,25.6726667390252,10,NA,NA,NA
"real","VCT_CZE",-1.45221069004872,5.37469309861497,9,NA,NA,NA
"real","VCT_ECU",-2.12658570870428,7.77729304205215,10,NA,NA,NA
"real","VCT_EGY",-0.947519192922937,2.54200433150038,11,NA,NA,NA
"real","VCT_HND",-2.46074750902357,9.24096524423328,11,NA,NA,NA
"real","VCT_NZL",-1.09801250777563,2.17819623052313,18,NA,NA,NA
"real","VEN_AZE",-3.02623192492767,9.3435338407398,20,NA,NA,NA
"real","VEN_BLR",-5.46360310457907,13.1916754734767,21,NA,NA,NA
"real","VEN_BRN",-1.76103708263262,8.14523763049938,18,NA,NA,NA
"real","VEN_KAZ",-1.67141057126627,4.4667443076262,20,NA,NA,NA
"real","VEN_SEN",-1.86604148362247,8.42281611050161,21,NA,NA,NA
"real","VGB_BLR",-1.96002526975581,15.873546447931,18,NA,NA,NA
"real","VGB_GTM",-3.08892378328476,5.57545319519461,21,NA,NA,NA
"real","VGB_KAZ",-1.96332862742073,8.25717790509676,20,NA,NA,NA
"real","VGB_MDA",-2.52161699162672,16.4712610706216,9,NA,NA,NA
"real","VGB_MKD",-1.79359289856158,7.42439305627129,19,NA,NA,NA
"real","VNM_ALB",-0.376116771955037,0.77085965645088,21,NA,NA,NA
"real","VNM_BLR",0.295912495706589,0.616475566079804,17,NA,NA,NA
"real","VNM_BTN",-0.383204328134221,1.85509576671871,11,NA,NA,NA
"real","VNM_KAZ",-1.78610447969208,3.25056548394508,17,NA,NA,NA
"real","VNM_PAN",-0.746291525934354,3.35244095766346,22,NA,NA,NA
"real","VNM_PNG",-0.397614497546959,0.8133623618231,19,NA,NA,NA
"real","VNM_RWA",-0.0566399326925602,5.13576086408692,22,NA,NA,NA
"real","VNM_SYR",-0.329076275851839,0.773142096934723,20,NA,NA,NA
"real","VUT_BGD",-2.01404947452112,10.1994576683004,13,NA,NA,NA
"real","VUT_ECU",-2.2751840147985,7.82676486830755,16,NA,NA,NA
"real","VUT_POL",-3.08193371630229,8.47639467882071,20,NA,NA,NA
"real","VUT_SDN",-0.765108196907011,5.39491363601774,13,NA,NA,NA
"real","VUT_ZAF",-1.70404178233366,6.93892522667547,20,NA,NA,NA
"real","WLF_CAN",-0.530378754597017,4.56076119310406,18,NA,NA,NA
"real","WLF_SDN",-0.536394677247271,2.46996513687642,13,NA,NA,NA
"real","WSM_DNK",-1.4193095473344,4.63465774258126,11,NA,NA,NA
"real","YEM_ERI",-0.190728477306943,1.32871116124423,17,NA,NA,NA
"real","YEM_IRN",-1.43758909826174,5.50179413750097,16,NA,NA,NA
"real","YEM_MKD",-1.49159077205195,4.66473871251634,9,NA,NA,NA
"real","YEM_NPL",-1.88694979056283,5.62140881599451,13,NA,NA,NA
"real","YEM_SOM",-0.804804633291726,3.58521342474884,15,NA,NA,NA
"real","YEM_SVK",-1.95523050723114,8.14739469684264,17,NA,NA,NA
"real","YEM_UKR",-1.84739928807116,5.81677850801053,16,NA,NA,NA
"real","ZAF_BLR",-0.278935364407366,1.55454778832701,22,NA,NA,NA
"real","ZAF_BLZ",-0.235252208190245,1.063085712799,21,NA,NA,NA
"real","ZAF_BTN",-1.02551504805447,3.12660500036774,18,NA,NA,NA
"real","ZAF_GRD",-0.235068896919014,0.254397326988168,21,NA,NA,NA
"real","ZAF_IRQ",-0.458080364656965,1.50684374676401,22,NA,NA,NA
"real","ZAF_KAZ",-0.296420340361712,0.598975374191274,22,NA,NA,NA
"real","ZAF_KGZ",-0.469710615244092,0.838436850848743,22,NA,NA,NA
"real","ZAF_MMR",-0.327916817030599,0.891059574739005,21,NA,NA,NA
"real","ZAF_NPL",-1.20252276040988,2.23741229788702,21,NA,NA,NA
"real","ZAF_TKL",-1.06697994227498,3.72242881453402,20,NA,NA,NA
"real","ZMB_BHS",-0.646414223554448,9.38276652398963,8,NA,NA,NA
"real","ZMB_BLR",-4.23878482095682,5.74224470999769,18,NA,NA,NA
"real","ZMB_GEO",-0.444013981949177,9.98601052349595,13,NA,NA,NA
"real","ZMB_KAZ",-0.471605687865292,2.15756853836882,17,NA,NA,NA
"real","ZMB_NIC",-1.41216073852088,10.0454632330955,14,NA,NA,NA
"real","ZWE_BLR",-0.773828973349611,2.2419726106259,21,NA,NA,NA
"real","ZWE_DOM",-3.54695041719666,11.6786926477179,18,NA,NA,NA
"real","ZWE_KAZ",-0.886163226588283,5.09819877127307,19,NA,NA,NA
"real","ABW_LKA",-0.851311942704073,3.13868338126844,16,NA,NA,NA
"real","ABW_NIC",-3.17869742273911,24.6388241073416,13,NA,NA,NA
"real","ABW_SGP",-2.92391970654715,16.0658202875628,13,NA,NA,NA
"real","ABW_SLV",-2.04637703492773,13.1078376107091,21,NA,NA,NA
"real","ABW_URY",-1.35207363860696,11.2129944537002,11,NA,NA,NA
"real","AFG_ATG",-1.12567091545114,3.91042919683717,12,NA,NA,NA
"real","AFG_BDI",-1.07249525728014,6.43861231677249,8,NA,NA,NA
"real","AFG_BEL",-2.90452237139212,9.71441938793038,21,NA,NA,NA
"real","AFG_MWI",0.38671642715356,2.48480309779654,8,NA,NA,NA
"real","AFG_NER",-0.10785731422661,2.74625722580057,11,NA,NA,NA
"real","AGO_BEL",0.0799742988454525,0.970204178154092,21,NA,NA,NA
"real","AGO_CUB",-2.69908630984877,12.7357823338392,10,NA,NA,NA
"real","AGO_EST",-1.30226792088943,2.68838999636496,10,NA,NA,NA
"real","AGO_GTM",-4.59667555996249,5.59213745968695,12,NA,NA,NA
"real","AGO_STP",-0.520100375750075,0.811294564558136,21,NA,NA,NA
"real","AIA_ATG",-0.595049134898323,1.33265067284716,20,NA,NA,NA
"real","AIA_BLZ",-0.9382758514671,3.35788877765517,10,NA,NA,NA
"real","AIA_MEX",-1.8769894316963,5.33126772499686,15,NA,NA,NA
"real","AIA_SGP",-1.71804180312452,4.43739396048743,10,NA,NA,NA
"real","ALB_ARE",-0.50248178899681,2.63788670029859,17,NA,NA,NA
"real","ALB_CUB",-1.06969452998648,3.90525513282073,8,NA,NA,NA
"real","ALB_DMA",-0.0850301142566746,4.34667214763386,13,NA,NA,NA
"real","ALB_HKG",-1.31405876502832,5.37728616705126,20,NA,NA,NA
"real","ALB_NCL",0.1608715656934,1.87493686512644,17,NA,NA,NA
"real","ALB_SGP",-1.49792792925579,5.02210488979293,21,NA,NA,NA
"real","ALB_TGO",-1.33979845985628,3.29495459842562,11,NA,NA,NA
"real","AND_BRB",-0.208257699429383,2.11465862476929,16,NA,NA,NA
"real","AND_CAN",-0.17197229084354,2.17031422932803,21,NA,NA,NA
"real","AND_GEO",-0.315300571548844,5.66833142202872,17,NA,NA,NA
"real","AND_IDN",-2.23730149520026,6.81714136023083,21,NA,NA,NA
"real","AND_MUS",-2.03013483944231,10.0897254118863,14,NA,NA,NA
"real","AND_PAK",-1.12119923015957,5.14040769381082,14,NA,NA,NA
"real","AND_SEN",-1.43767336903422,4.63464662808421,18,NA,NA,NA
"real","AND_SGP",-0.714917168174136,3.73436250415986,18,NA,NA,NA
"real","AND_URY",-0.617068477985199,5.87457833966264,19,NA,NA,NA
"real","AND_VCT",-1.43140118080693,3.67210199627545,13,NA,NA,NA
"real","AND_VEN",-3.44506696562442,15.1485467422105,15,NA,NA,NA
"real","ANT_MSR",-0.46589227749393,1.73097838973006,11,NA,NA,NA
"real","ARE_BEL",-0.115700011044034,0.163874345112554,21,NA,NA,NA
"real","ARE_BLZ",-2.40858974728612,10.5252171802566,17,NA,NA,NA
"real","ARE_CPV",-1.05129167268054,3.38380551439361,20,NA,NA,NA
"real","ARE_CUB",-0.853984697746511,1.41272514735664,18,NA,NA,NA
"real","ARE_KNA",-0.909151121433288,3.30257835101222,18,NA,NA,NA
"real","ARE_LCA",-0.12420088977808,0.909952944746358,21,NA,NA,NA
"real","ARE_LUX",-0.0641264577408454,0.735903447023308,21,NA,NA,NA
"real","ARE_NCL",-0.633286612102277,0.831623294287675,21,NA,NA,NA
"real","ARE_TKM",-0.239974219741298,1.28645832556558,15,NA,NA,NA
"real","ARG_BEL",0.0204920022932271,0.0279247236942495,21,NA,NA,NA
"real","ARG_LUX",-0.207662796829978,0.615684526647902,21,NA,NA,NA
"real","ARG_MSR",-0.306235121139822,1.78593760447968,13,NA,NA,NA
"real","ARG_NCL",-0.349344141401231,0.766602356240388,17,NA,NA,NA
"real","ARM_BEL",0.016126911809827,0.45492652396332,18,NA,NA,NA
"real","ARM_IRQ",-2.50036005248262,8.84003986340394,16,NA,NA,NA
"real","ARM_PAK",-0.588970498918924,2.92642547651512,20,NA,NA,NA
"real","ARM_PRT",-1.81617299627533,6.18155114543625,15,NA,NA,NA
"real","ARM_VNM",-2.09571306988954,13.980761807688,16,NA,NA,NA
"real","ATF_NGA",-0.590554885491322,1.08412219236713,8,NA,NA,NA
"real","ATG_ABW",0.462160843725316,7.05032077956101,11,NA,NA,NA
"real","ATG_AIA",-0.764886033602044,3.64836101861341,21,NA,NA,NA
"real","ATG_CUB",-0.837246227782806,4.46046874730087,18,NA,NA,NA
"real","ATG_CYM",0.245899585547233,4.78946501165732,10,NA,NA,NA
"real","ATG_DOM",-1.89907296703898,9.77962355500253,20,NA,NA,NA
"real","ATG_DZA",-3.15855594890145,11.4275298663261,19,NA,NA,NA
"real","ATG_GTM",-1.0635517891252,8.24377306753404,12,NA,NA,NA
"real","ATG_ISR",0.700808190546728,4.18395101866117,10,NA,NA,NA
"real","ATG_MRT",-0.704924921124658,6.13761659936994,15,NA,NA,NA
"real","ATG_NCL",0.448747335791807,2.66829602672662,14,NA,NA,NA
"real","ATG_VGB",0.269830243058354,3.17088107204001,15,NA,NA,NA
"real","AUS_BEL",-0.00686045047240658,0.0386257287084383,21,NA,NA,NA
"real","AUS_LUX",-0.29907741957669,1.28428664475824,21,NA,NA,NA
"real","AUT_NAM",-0.840299176939754,2.50110856678909,16,NA,NA,NA
"real","AZE_AGO",-0.64225070149573,6.87008339213088,19,NA,NA,NA
"real","AZE_BEL",-0.019719106806455,0.892913810226167,21,NA,NA,NA
"real","AZE_BGD",-2.14455169495893,10.1426620035657,15,NA,NA,NA
"real","AZE_COM",-0.954860411882196,3.50472070875775,10,NA,NA,NA
"real","AZE_CYP",-1.34170345941575,8.70127199876172,20,NA,NA,NA
"real","AZE_KWT",-1.04261396448146,2.73499674884173,17,NA,NA,NA
"real","AZE_MEX",-0.466719937073276,2.90358472268951,19,NA,NA,NA
"real","AZE_MNG",0.00360617476758281,2.7476910001299,18,NA,NA,NA
"real","AZE_NGA",-2.10635088132561,7.18283444050233,20,NA,NA,NA
"real","AZE_PER",-0.938955477102686,8.39615091414234,16,NA,NA,NA
"real","AZE_PHL",-1.72614762948231,3.93455918800616,16,NA,NA,NA
"real","AZE_VEN",-0.763700717877389,6.05550553074499,19,NA,NA,NA
"real","AZE_VGB",-1.40984094988155,3.42492340977272,9,NA,NA,NA
"real","BDI_BEL",-0.00939154471074466,0.208721427375512,21,NA,NA,NA
"real","BDI_BGR",-1.84896463113152,6.80275975496719,10,NA,NA,NA
"real","BEL_AFG",-0.416104161148781,0.555037346717327,21,NA,NA,NA
"real","BEL_AGO",-0.050054161616207,0.144397938033012,21,NA,NA,NA
"real","BEL_ARE",-0.0354874011476969,0.0436766378095329,21,NA,NA,NA
"real","BEL_ARG",-0.00756798330693273,0.0856154558077493,21,NA,NA,NA
"real","BEL_ARM",0.0454004253101458,0.404159056494689,18,NA,NA,NA
"real","BEL_ATG",-0.125909016562964,0.484770287914708,8,NA,NA,NA
"real","BEL_AUS",-0.034066419763233,0.0206717893054926,21,NA,NA,NA
"real","BEL_AZE",0.0161020050234558,0.0708085530410597,21,NA,NA,NA
"real","BEL_BDI",0.0626583229456487,0.180923472094865,21,NA,NA,NA
"real","BEL_BEN",-0.168529013045537,0.255148308737801,21,NA,NA,NA
"real","BEL_BFA",0.00898909497058165,0.203286183384051,21,NA,NA,NA
"real","BEL_BGD",-0.0874095992935166,0.0572508419249688,21,NA,NA,NA
"real","BEL_BHR",0.0999992542924451,0.145354781342513,21,NA,NA,NA
"real","BEL_BHS",-0.144949047222027,0.788844758576623,8,NA,NA,NA
"real","BEL_BIH",0.0565294586699503,0.0565409185637529,8,NA,NA,NA
"real","BEL_BLR",-0.0173312085366475,0.0282398489145028,21,NA,NA,NA
"real","BEL_BLZ",-0.386918329496857,1.2785603256747,8,NA,NA,NA
"real","BEL_BOL",0.0108161449523739,0.0326110752511871,21,NA,NA,NA
"real","BEL_BRA",-0.00870468836208644,0.0118584837628777,21,NA,NA,NA
"real","BEL_BRB",-0.0377709227012979,0.0466170081066948,8,NA,NA,NA
"real","BEL_BRN",-0.267279031951486,0.428130964501376,21,NA,NA,NA
"real","BEL_BTN",-0.0059229844309932,0.903295847987396,21,NA,NA,NA
"real","BEL_CAF",-0.18378277483496,0.580119326917117,21,NA,NA,NA
"real","BEL_CAN",-0.0461341752572491,0.0308811468036284,17,NA,NA,NA
"real","BEL_CCK",-0.763959745753001,2.88546966330742,13,NA,NA,NA
"real","BEL_CHN",0.0347506676129125,0.0282044208210482,21,NA,NA,NA
"real","BEL_CIV",0.00481393962810966,0.107716558166393,16,NA,NA,NA
"real","BEL_CMR",0.0405505651320752,0.0328278761397817,14,NA,NA,NA
"real","BEL_COD",0.201450521336919,0.395517566929738,21,NA,NA,NA
"real","BEL_COG",-0.00519344331079922,0.455527971703717,21,NA,NA,NA
"real","BEL_COK",-0.378813823624898,1.05185038838022,17,NA,NA,NA
"real","BEL_COL",0.106597148008423,0.075146389169617,13,NA,NA,NA
"real","BEL_COM",0.0523414022609847,0.238026413658511,21,NA,NA,NA
"real","BEL_CPV",-0.0632498769296586,0.198265984310742,21,NA,NA,NA
"real","BEL_CRI",0.020346173191556,0.0828702670365445,13,NA,NA,NA
"real","BEL_CUB",-0.030413711105064,0.0959892185852081,21,NA,NA,NA
"real","BEL_DJI",0.104802438049915,0.270973717321831,21,NA,NA,NA
"real","BEL_DMA",-0.187778959065855,0.582640379908656,8,NA,NA,NA
"real","BEL_DOM",-0.0103852476671493,0.112904825589613,8,NA,NA,NA
"real","BEL_ECU",0.048291284635097,0.238150408075374,17,NA,NA,NA
"real","BEL_ERI",-0.0647339719163709,0.213507622086067,21,NA,NA,NA
"real","BEL_ETH",-0.0876578071059598,0.161536348837791,21,NA,NA,NA
"real","BEL_FJI",0.0724124692699192,0.350503666547588,9,NA,NA,NA
"real","BEL_FSM",-1.49183256535615,5.44585540148795,13,NA,NA,NA
"real","BEL_GAB",-0.222114962332177,0.514106310789077,21,NA,NA,NA
"real","BEL_GEO",-0.0384986168853604,0.0504602398752857,14,NA,NA,NA
"real","BEL_GHA",-0.0936435307918014,0.0879965240329872,16,NA,NA,NA
"real","BEL_GIB",-0.968741228788364,1.44543961481131,21,NA,NA,NA
"real","BEL_GIN",0.0384419905382767,0.196510281042115,21,NA,NA,NA
"real","BEL_GMB",-0.057374848178772,0.102936085430035,21,NA,NA,NA
"real","BEL_GNB",0.00364472852400895,0.302858711047082,21,NA,NA,NA
"real","BEL_GNQ",0.037278546033078,0.266280643015368,21,NA,NA,NA
"real","BEL_GRD",-0.0600126196744785,0.267304188761314,8,NA,NA,NA
"real","BEL_GTM",-0.176799254702744,0.228400148249047,13,NA,NA,NA
"real","BEL_GUY",-0.0193293424920434,0.0454664039222,8,NA,NA,NA
"real","BEL_HKG",0.00400408041992553,0.00344719907226997,21,NA,NA,NA
"real","BEL_HND",0.008587040698565,0.156656536572114,13,NA,NA,NA
"real","BEL_HTI",-0.0740132472897577,0.160242210246567,21,NA,NA,NA
"real","BEL_IDN",-0.0204819036669232,0.0201073563211896,21,NA,NA,NA
"real","BEL_IND",0.14352286457618,0.171036225671603,21,NA,NA,NA
"real","BEL_IRN",-0.0130008214028452,0.242531267862106,21,NA,NA,NA
"real","BEL_IRQ",0.142912166432497,0.226540784512015,21,NA,NA,NA
"real","BEL_JAM",-0.01051275275583,0.0603243531829744,8,NA,NA,NA
"real","BEL_JPN",-0.00116939299220334,0.0129029605837564,19,NA,NA,NA
"real","BEL_KAZ",0.0367116383532889,0.0469990024034457,21,NA,NA,NA
"real","BEL_KEN",0.0791754878800069,0.135044692863978,21,NA,NA,NA
"real","BEL_KGZ",0.0373450512019054,0.377868854967263,21,NA,NA,NA
"real","BEL_KHM",-0.0298561610545804,0.0918204268425692,21,NA,NA,NA
"real","BEL_KIR",-1.68389362895135,9.41897808878149,21,NA,NA,NA
"real","BEL_KNA",-0.100623619223716,0.487780064527968,8,NA,NA,NA
"real","BEL_KOR",-0.00960926016857868,0.014062126815704,11,NA,NA,NA
"real","BEL_KWT",0.0365035483543547,0.0407657972736259,21,NA,NA,NA
"real","BEL_LAO",-0.339483729911184,1.1227676980858,21,NA,NA,NA
"real","BEL_LBR",-0.0674530032063542,0.214016725582004,21,NA,NA,NA
"real","BEL_LBY",0.0548856227698388,0.179649802010543,21,NA,NA,NA
"real","BEL_LCA",-0.462259575686213,0.656753632552272,8,NA,NA,NA
"real","BEL_LKA",-0.0653198284017004,0.501326480313832,21,NA,NA,NA
"real","BEL_MAC",-0.120955279860668,0.411031818376567,21,NA,NA,NA
"real","BEL_MDA",0.0623259930978415,0.108727722901672,14,NA,NA,NA
"real","BEL_MDG",-0.35592688959448,0.331245610680599,12,NA,NA,NA
"real","BEL_MDV",-0.20347201186185,0.335413190991168,21,NA,NA,NA
"real","BEL_MLI",0.044459339049098,0.079798973384454,21,NA,NA,NA
"real","BEL_MMR",-0.149038810236675,0.244869561664909,21,NA,NA,NA
"real","BEL_MNG",0.025225414909838,0.130554195043845,21,NA,NA,NA
"real","BEL_MNP",-3.07704363047429,7.51234626575743,13,NA,NA,NA
"real","BEL_MOZ",0.226999578056999,0.522609203301501,16,NA,NA,NA
"real","BEL_MRT",-0.25297420098783,0.233385953005575,21,NA,NA,NA
"real","BEL_MUS",0.0129737284130223,0.0382446063368297,12,NA,NA,NA
"real","BEL_MWI",-0.00814145236717871,0.192519341227555,21,NA,NA,NA
"real","BEL_MYS",-0.0328850019164848,0.0293628639514984,21,NA,NA,NA
"real","BEL_NER",-0.033671812407696,0.151664274825006,21,NA,NA,NA
"real","BEL_NGA",-0.236034723357469,0.438068401373058,21,NA,NA,NA
"real","BEL_NIC",-0.000705094322482601,0.176817836727227,13,NA,NA,NA
"real","BEL_NPL",0.0136733890453154,0.524811147300955,21,NA,NA,NA
"real","BEL_NRU",-0.706100599592891,4.32503302129376,17,NA,NA,NA
"real","BEL_NZL",0.00833348633885946,0.0202520596045399,21,NA,NA,NA
"real","BEL_OMN",-0.0756206070116575,0.165674161429032,21,NA,NA,NA
"real","BEL_PAK",0.056870511180535,0.13226146614284,21,NA,NA,NA
"real","BEL_PAN",-0.248932709642598,0.476200098710455,13,NA,NA,NA
"real","BEL_PER",0.0587535670227669,0.0529784350842903,13,NA,NA,NA
"real","BEL_PHL",-0.0770246627028692,0.0863402912099628,21,NA,NA,NA
"real","BEL_PLW",-0.59465698082553,1.66750076979001,18,NA,NA,NA
"real","BEL_PNG",-1.09576987702314,1.43065849510863,9,NA,NA,NA
"real","BEL_PRK",-0.785126272616484,2.75993903953123,21,NA,NA,NA
"real","BEL_PRY",-0.399817370055665,0.467413762072084,21,NA,NA,NA
"real","BEL_QAT",-0.056052483261706,0.10360725236571,21,NA,NA,NA
"real","BEL_RUS",-0.00398325917261816,0.011090316872818,21,NA,NA,NA
"real","BEL_RWA",0.26780932601939,0.475404953242208,21,NA,NA,NA
"real","BEL_SAU",0.0825757249568046,0.051947470669965,21,NA,NA,NA
"real","BEL_SDN",-0.0815912734631642,0.250899461419677,21,NA,NA,NA
"real","BEL_SEN",-0.174431982996447,0.16511193450382,21,NA,NA,NA
"real","BEL_SGP",-0.0379656107331904,0.0251211393074053,19,NA,NA,NA
"real","BEL_SLB",-0.36369529617995,0.951663557071031,21,NA,NA,NA
"real","BEL_SLE",-0.375707839587223,0.373926040792933,21,NA,NA,NA
"real","BEL_SLV",-0.0187492436428736,0.0186468413801747,13,NA,NA,NA
"real","BEL_SOM",-0.335001927751946,1.02501927141516,21,NA,NA,NA
"real","BEL_STP",0.0137353922621181,0.448442681583941,21,NA,NA,NA
"real","BEL_SUR",-0.0162799512370089,0.170629968793345,8,NA,NA,NA
"real","BEL_SYC",0.0122817460626326,0.13345588932689,12,NA,NA,NA
"real","BEL_TCD",-0.0181062575174662,0.196395745621651,21,NA,NA,NA
"real","BEL_TGO",-0.035806114695103,0.168720134550108,21,NA,NA,NA
"real","BEL_THA",-0.0143448134436167,0.0212839599711474,21,NA,NA,NA
"real","BEL_TJK",0.241168630319829,1.12874157382887,21,NA,NA,NA
"real","BEL_TKM",0.039905466051152,0.334147414596861,21,NA,NA,NA
"real","BEL_TON",-0.731809760661906,2.40731120771508,19,NA,NA,NA
"real","BEL_TTO",-0.0499588269459357,0.142471950685537,8,NA,NA,NA
"real","BEL_TUV",-0.284465235078306,8.76091714037458,14,NA,NA,NA
"real","BEL_TWN",0.0229015909345134,0.0435614304502693,21,NA,NA,NA
"real","BEL_TZA",-0.0602740007975681,0.173667244259415,21,NA,NA,NA
"real","BEL_UGA",0.0879545630037909,0.127625260813473,21,NA,NA,NA
"real","BEL_UKR",0.0279274352072738,0.0103625976202026,14,NA,NA,NA
"real","BEL_URY",-0.139192340020022,0.134959123251356,21,NA,NA,NA
"real","BEL_USA",-0.0273681821514439,0.0155719969377153,21,NA,NA,NA
"real","BEL_UZB",0.0569025621701517,0.126055190228067,21,NA,NA,NA
"real","BEL_VCT",-0.103498539919722,0.193349994479363,8,NA,NA,NA
"real","BEL_VEN",-0.0847262284838687,0.292725558724819,21,NA,NA,NA
"real","BEL_VNM",0.0754981357543609,0.0473095701181934,21,NA,NA,NA
"real","BEL_VUT",-0.00685087448226369,0.605676648796781,21,NA,NA,NA
"real","BEL_WSM",-0.421503196817181,1.18123241727386,21,NA,NA,NA
"real","BEL_YEM",0.0660866097160065,0.146321780846225,21,NA,NA,NA
"real","BEL_ZMB",-0.509423501797764,0.400548711607995,21,NA,NA,NA
"real","BEL_ZWE",-0.134896801752935,0.243879364250538,12,NA,NA,NA
"real","BEN_AGO",-3.33984069300042,7.25498192582638,19,NA,NA,NA
"real","BEN_ARE",-2.94580639257149,9.04554126213337,20,NA,NA,NA
"real","BEN_BEL",-0.0970468743661638,0.594993099576322,21,NA,NA,NA
"real","BEN_BLR",-5.03475267685548,12.0599372625771,12,NA,NA,NA
"real","BEN_ETH",-0.32643626676301,2.34252759783618,16,NA,NA,NA
"real","BEN_GTM",-1.04276610286275,4.19233087091932,10,NA,NA,NA
"real","BEN_LUX",-1.12217792477118,6.19112260386515,16,NA,NA,NA
"real","BFA_BEL",-0.644113167901314,1.02465233718752,21,NA,NA,NA
"real","BFA_ECU",-0.915504014268406,9.77638603098324,11,NA,NA,NA
"real","BFA_ISL",-0.322776385813724,2.27232931311643,17,NA,NA,NA
"real","BFA_NCL",0.204113357007724,1.65511195337654,16,NA,NA,NA
"real","BFA_SYR",-1.34953752695095,3.72679313447061,13,NA,NA,NA
"real","BFA_ZMB",-2.4731014110431,6.81680271326883,13,NA,NA,NA
"real","BGD_AZE",-1.92687906462039,3.6627911422533,19,NA,NA,NA
"real","BGD_BEL",0.0918204140851307,0.170967087378064,21,NA,NA,NA
"real","BGD_GEO",-0.272436463260545,0.707002367752912,19,NA,NA,NA
"real","BGD_LUX",-0.992601694387445,3.14084196891388,21,NA,NA,NA
"real","BGD_NCL",0.115919457887204,0.0952505727190388,17,NA,NA,NA
"real","BGR_ERI",-0.171504419784767,0.448913347783303,19,NA,NA,NA
"real","BHR_ATG",-0.599425054442649,3.87266058445816,11,NA,NA,NA
"real","BHR_BEL",-0.346721530224263,1.03741435424866,21,NA,NA,NA
"real","BHR_GAB",-1.62852096542503,5.68539495251014,16,NA,NA,NA
"real","BHR_LTU",-1.02738666927286,3.00696451975546,17,NA,NA,NA
"real","BHR_NGA",-0.884911854490578,3.28267728761609,21,NA,NA,NA
"real","BHR_TGO",-0.491863726548212,5.10276475991943,16,NA,NA,NA
"real","BHR_ZAF",-0.769267093938787,2.2080659498896,21,NA,NA,NA
"real","BHS_BEL",-2.33537899932007,5.04957451109008,8,NA,NA,NA
"real","BHS_CIV",-7.19776461108537,13.8938445877592,17,NA,NA,NA
"real","BHS_CPV",-1.22829654110015,4.15389537803528,10,NA,NA,NA
"real","BHS_FJI",-1.0641313650007,5.50226566927957,15,NA,NA,NA
"real","BHS_NCL",-1.274824979483,5.91148519669241,14,NA,NA,NA
"real","BHS_SEN",-2.50972544818856,6.67302930557628,20,NA,NA,NA
"real","BHS_STP",-1.34505552900704,5.99263287399731,11,NA,NA,NA
"real","BHS_TGO",-0.36326618359433,3.50626827725388,8,NA,NA,NA
"real","BIH_ARM",-0.707096857391786,1.89314458934728,18,NA,NA,NA
"real","BIH_BEL",0.109513387680245,0.104761539811354,8,NA,NA,NA
"real","BIH_CHL",-1.00855979323201,3.28812632840364,21,NA,NA,NA
"real","BIH_GEO",-0.18686866685226,1.54027897661041,19,NA,NA,NA
"real","BIH_HKG",-0.796598133550928,2.05240758624989,21,NA,NA,NA
"real","BIH_IND",-0.854537138989625,2.3570896809927,21,NA,NA,NA
"real","BIH_LUX",-1.71341058293615,3.98754702723794,8,NA,NA,NA
"real","BIH_SGP",-0.994263844659788,2.72762323416631,21,NA,NA,NA
"real","BLR_AIA",-4.88760553706453,18.5348598930557,9,NA,NA,NA
"real","BLR_BDI",-1.7419925338985,9.78978654711143,8,NA,NA,NA
"real","BLR_BEL",-0.0925283120969099,0.205312741099291,21,NA,NA,NA
"real","BLR_KNA",-5.40420284900923,16.2941670517977,10,NA,NA,NA
"real","BLR_LUX",0.21461353322899,1.29163607877948,21,NA,NA,NA
"real","BLR_PHL",-0.762011912880386,2.34855816040321,21,NA,NA,NA
"real","BLR_SEN",-0.750477530583709,2.95577583534023,21,NA,NA,NA
"real","BLZ_AIA",-1.88226212426975,8.07963823177092,9,NA,NA,NA
"real","BLZ_BEL",-0.97368208631276,4.38324411866739,8,NA,NA,NA
"real","BLZ_GMB",-2.01997144590157,6.85956482509099,9,NA,NA,NA
"real","BMU_ATG",-1.21571181449877,7.68373009427214,13,NA,NA,NA
"real","BOL_AZE",-0.411917989853138,3.14574524780997,10,NA,NA,NA
"real","BOL_BEL",-0.460922281936789,0.722724713284508,21,NA,NA,NA
"real","BOL_BRB",-0.677824510299537,3.67156752546115,20,NA,NA,NA
"real","BOL_EST",-0.569417752986148,2.41635485817395,21,NA,NA,NA
"real","BOL_GRL",-0.359180745037049,1.64284920028782,12,NA,NA,NA
"real","BOL_MKD",-0.735165540055441,2.85146546967202,19,NA,NA,NA
"real","BOL_TGO",-0.418314880407949,2.48969031834756,9,NA,NA,NA
"real","BRA_BEL",0.0168286983232995,0.0339009584596398,21,NA,NA,NA
"real","BRA_CCK",-1.93798321623383,9.48154391229621,10,NA,NA,NA
"real","BRA_KIR",-0.0241050050786928,0.518842357346523,18,NA,NA,NA
"real","BRA_LUX",0.188346606301042,0.954639560888198,21,NA,NA,NA
"real","BRB_BEL",-0.265449278229382,0.883235147225502,8,NA,NA,NA
"real","BRB_BHR",-2.12008964036714,6.3207144538982,19,NA,NA,NA
"real","BRB_RWA",-0.201109626153274,4.9952831321115,8,NA,NA,NA
"real","BRN_BEL",-0.802294670331973,2.42863523817998,21,NA,NA,NA
"real","BRN_BLR",-3.34249960385673,14.2278906022725,10,NA,NA,NA
"real","BRN_NCL",-1.66286236243408,5.11063447021235,13,NA,NA,NA
"real","BRN_SVK",-4.20399368471459,7.13521838402781,20,NA,NA,NA
"real","BRN_ZMB",-4.78899681139998,7.95611734923978,10,NA,NA,NA
"real","BTN_BEL",-1.94671141449138,12.1384154453743,16,NA,NA,NA
"real","BTN_NGA",-2.10102110175535,8.55959482024461,14,NA,NA,NA
"real","BWA_ROU",-3.63345612698237,13.3470698323213,11,NA,NA,NA
"real","CAF_BEL",-0.7811449657925,1.9945867119666,21,NA,NA,NA
"real","CAF_BLR",-4.40258309325224,8.55062360894145,14,NA,NA,NA
"real","CAF_ETH",-2.13356069059398,7.65835215809064,18,NA,NA,NA
"real","CAF_FRO",-1.68631176647057,7.12125359986258,10,NA,NA,NA
"real","CAF_LUX",-1.7278365820081,3.95588543321987,13,NA,NA,NA
"real","CAN_BEL",-0.0140935276391478,0.0563135309928771,17,NA,NA,NA
"real","CAN_LUX",0.0763454104926393,0.197110014665562,17,NA,NA,NA
"real","CCK_BEL",-0.666247893979131,3.11674581404139,13,NA,NA,NA
"real","CCK_CHE",-0.506072039519514,1.61573598288952,8,NA,NA,NA
"real","CCK_SGP",-1.11388047621326,3.29469869037551,12,NA,NA,NA
"real","CCK_VCT",-0.619112871403156,3.34938707560623,12,NA,NA,NA
"real","CHE_ABW",-0.272741471737743,0.666257713268106,21,NA,NA,NA
"real","CHE_CCK",-0.287605359609626,0.975231267140782,9,NA,NA,NA
"real","CHE_COK",-0.900145567971402,6.14530745841469,20,NA,NA,NA
"real","CHE_CXR",-1.48108144130995,5.35324814310663,15,NA,NA,NA
"real","CHE_NFK",-0.501667501502652,1.10370043076476,17,NA,NA,NA
"real","CHE_TKL",-1.50152706221375,6.5560765812871,14,NA,NA,NA
"real","CHL_ATG",-0.1849888674771,0.887934760722088,21,NA,NA,NA
"real","CHL_COM",-0.656476535977768,4.15873672005388,11,NA,NA,NA
"real","CHL_FSM",-0.205762170667643,1.09269217848297,18,NA,NA,NA
"real","CHL_KGZ",-0.186873890123675,2.14077504119975,20,NA,NA,NA
"real","CHL_NCL",-0.249770744537342,1.24059056542249,21,NA,NA,NA
"real","CHN_BEL",0.0281352587647448,0.0884014938330975,21,NA,NA,NA
"real","CHN_LUX",0.104321207670289,0.0812985608397494,21,NA,NA,NA
"real","CIV_BEL",-0.0527547458822523,0.136685111937035,16,NA,NA,NA
"real","CIV_DOM",-0.650193215810624,1.72017507931,21,NA,NA,NA
"real","CIV_LUX",-0.48828134686984,3.15044559373186,16,NA,NA,NA
"real","CIV_SDN",-1.78301472911473,6.75127028345382,20,NA,NA,NA
"real","CIV_SUR",-2.25641557711193,5.53400973146233,8,NA,NA,NA
"real","CMR_AZE",-0.621869030262555,1.79417221955706,15,NA,NA,NA
"real","CMR_BEL",-0.096791646814637,0.143542911899028,14,NA,NA,NA
"real","CMR_FRO",-0.856724280982214,4.1064375131926,11,NA,NA,NA
"real","CMR_LUX",-2.65479274974234,8.93279966547057,13,NA,NA,NA
"real","CMR_NCL",-0.856602854884543,2.05896585943814,17,NA,NA,NA
"real","CMR_SYC",-0.96449964414044,3.56946995538216,17,NA,NA,NA
"real","COD_BEL",-0.0993190268568124,0.994932332463887,21,NA,NA,NA
"real","COD_NIC",-2.276939249452,8.4694839129851,15,NA,NA,NA
"real","COG_BEL",-0.121420708145224,0.8335164263866,21,NA,NA,NA
"real","COG_CPV",-0.35456429357682,1.60762685829658,12,NA,NA,NA
"real","COK_BEL",-1.11472229906345,5.68606126962257,15,NA,NA,NA
"real","COK_SGP",-1.05247011131932,2.87103772588851,11,NA,NA,NA
"real","COL_AGO",-0.688555433687426,1.12703734220851,21,NA,NA,NA
"real","COL_BEL",-0.0873509166880063,0.174459673235518,13,NA,NA,NA
"real","COL_LUX",-1.30360129866258,3.14485136069086,13,NA,NA,NA
"real","COL_MHL",-0.370117420196445,4.90351932929783,8,NA,NA,NA
"real","COL_NCL",0.126070443676469,1.51852820676849,21,NA,NA,NA
"real","COM_NCL",-0.21920716689629,0.860229864077887,10,NA,NA,NA
"real","COM_ROU",-2.47064768165376,12.1074422500787,12,NA,NA,NA
"real","COM_SEN",-0.572502606316385,2.09554553696671,11,NA,NA,NA
"real","COM_TTO",-1.4306432525025,6.59599531989278,9,NA,NA,NA
"real","CPV_BEL",-1.80663224206098,5.29295875662699,19,NA,NA,NA
"real","CPV_CUB",-1.08818373623814,6.55219767667238,8,NA,NA,NA
"real","CPV_EST",-1.95127483122667,3.45008282538645,10,NA,NA,NA
"real","CPV_KEN",-1.07436738305177,2.63670238463253,9,NA,NA,NA
"real","CPV_MAR",-2.59099060017263,11.0144326967379,20,NA,NA,NA
"real","CRI_AGO",-1.66028251411666,2.66971509345054,16,NA,NA,NA
"real","CRI_AZE",-1.06254337680672,3.10844201441268,20,NA,NA,NA
"real","CRI_BEL",-0.134008860421587,0.501509191126366,13,NA,NA,NA
"real","CRI_NCL",-0.0592383221384939,0.493038709975236,21,NA,NA,NA
"real","CUB_ABW",-0.487842311385586,4.56971472809353,8,NA,NA,NA
"real","CUB_AGO",-1.58957074074714,3.61432004312886,20,NA,NA,NA
"real","CUB_ALB",-0.312335141752389,0.98617456492146,14,NA,NA,NA
"real","CUB_ATG",-0.602227201564325,2.10390618765104,18,NA,NA,NA
"real","CUB_BEL",-0.328329492099417,1.42053631371607,21,NA,NA,NA
"real","CUB_CYM",0.102031150286904,0.434114022755988,8,NA,NA,NA
"real","CUB_DOM",-0.0935911080797819,0.448774549415207,21,NA,NA,NA
"real","CUB_HTI",0.037415361860359,0.103574437865663,8,NA,NA,NA
"real","CUB_KHM",-0.63083492618,1.90898452659558,14,NA,NA,NA
"real","CUB_LTU",-3.55407721265946,9.63356690994069,17,NA,NA,NA
"real","CUB_LUX",-1.44590022642805,6.07589834115814,18,NA,NA,NA
"real","CUB_NCL",-1.54815824115539,5.39207884248446,17,NA,NA,NA
"real","CUB_NPL",-0.891845539033775,4.02749037809109,10,NA,NA,NA
"real","CUB_SUR",-1.69342923788748,6.45029430548818,19,NA,NA,NA
"real","CUB_SYR",-0.917645587381788,3.35578685886358,11,NA,NA,NA
"real","CUB_TGO",-3.11580836733842,10.0336984867726,15,NA,NA,NA
"real","CUB_USA",-0.508037377172261,1.87021084470429,10,NA,NA,NA
"real","CUB_YEM",-0.909691262436458,3.27600732332037,17,NA,NA,NA
"real","CYM_ATG",-1.12856190385853,4.75291383358379,15,NA,NA,NA
"real","CYM_CUB",-2.61730535501337,5.76823095991451,8,NA,NA,NA
"real","CYM_RUS",-0.463068241395358,4.88088344015329,20,NA,NA,NA
"real","CYM_SGP",-2.09503384414183,8.54460975367514,12,NA,NA,NA
"real","DJI_BEL",-0.442401366700886,1.96243614155288,21,NA,NA,NA
"real","DJI_IDN",-0.721961376837813,2.65979286105846,18,NA,NA,NA
"real","DJI_POL",0.0168167102904234,0.37802566160111,17,NA,NA,NA
"real","DMA_GTM",-3.27525825585842,4.9353611138876,19,NA,NA,NA
"real","DMA_KWT",-0.832769905423534,3.02249706519089,18,NA,NA,NA
"real","DMA_SGP",-0.707190422586249,3.72599434185238,14,NA,NA,NA
"real","DOM_AZE",-0.596792175740304,3.04338023145002,16,NA,NA,NA
"real","DOM_BEL",-0.157304446196679,0.315898587023796,8,NA,NA,NA
"real","DOM_BFA",-3.50513105811867,10.369973563464,16,NA,NA,NA
"real","DOM_FRO",-2.06100297578175,4.27023096872151,13,NA,NA,NA
"real","DOM_IDN",-2.62443765561261,9.78915025042051,21,NA,NA,NA
"real","DOM_LUX",-0.532380743262326,1.77430641550443,8,NA,NA,NA
"real","DOM_MKD",-0.729582240991209,1.56953125505217,20,NA,NA,NA
"real","DZA_MWI",-2.92495149323665,9.87300461086783,14,NA,NA,NA
"real","DZA_NCL",0.0605949758325778,0.697533656461462,17,NA,NA,NA
"real","ECU_BEL",-0.0847020518520213,0.145722450376688,17,NA,NA,NA
"real","ECU_CAF",-1.14093773283531,6.36274796029914,11,NA,NA,NA
"real","ECU_KHM",-0.995827777357277,2.54266941164321,15,NA,NA,NA
"real","ECU_LUX",0.0894024253742079,0.615169875202893,17,NA,NA,NA
"real","ECU_NCL",-0.594681462351899,2.26113575588422,21,NA,NA,NA
"real","EGY_CPV",-0.399469600836812,1.51359733789552,19,NA,NA,NA
"real","EGY_NCL",0.237333830316459,0.324880070049415,17,NA,NA,NA
"real","EGY_WSM",-1.15020584895633,5.29695237121299,14,NA,NA,NA
"real","ERI_BEL",-0.818514194285075,9.09456601154979,21,NA,NA,NA
"real","ERI_ISR",0.0439143474379104,5.85538900470207,16,NA,NA,NA
"real","ERI_JOR",-0.548699874052134,11.865972708722,9,NA,NA,NA
"real","ERI_SGP",-1.00293926747571,7.22758779604894,13,NA,NA,NA
"real","ERI_TUN",0.869061028334594,3.27194229753621,15,NA,NA,NA
"real","ESH_NGA",-1.0667436807864,6.51515965475979,9,NA,NA,NA
"real","ESP_TKL",-0.958670491539257,4.97002498987461,13,NA,NA,NA
"real","EST_BGD",-1.18961217365296,4.12474379673131,21,NA,NA,NA
"real","EST_COM",-1.44501778291477,7.78029864904794,8,NA,NA,NA
"real","EST_ETH",-1.311805133833,3.92268164704603,18,NA,NA,NA
"real","EST_NER",-1.75704258105668,4.49255201594384,17,NA,NA,NA
"real","EST_NPL",-0.151619365180512,0.422090456302643,18,NA,NA,NA
"real","EST_ZWE",0.191625818942051,0.579910996896272,8,NA,NA,NA
"real","ETH_AZE",-1.14787209376509,2.74542579151835,11,NA,NA,NA
"real","ETH_BEL",-0.415858607472381,0.705893564713426,21,NA,NA,NA
"real","ETH_NCL",-0.23895438121903,1.28801024351816,17,NA,NA,NA
"real","ETH_URY",-0.468474890959334,1.19104932588119,10,NA,NA,NA
"real","ETH_VNM",-1.76635503982869,4.70862820777354,21,NA,NA,NA
"real","FJI_BEL",-1.58078830169623,5.99898975663094,9,NA,NA,NA
"real","FJI_KWT",-1.72621029344349,6.04009658975726,16,NA,NA,NA
"real","FJI_LBN",-0.650263507967831,1.90620812443317,12,NA,NA,NA
"real","FJI_MDV",-1.40780608439636,2.56832682309352,13,NA,NA,NA
"real","FJI_NCL",-0.112545238879896,0.263002609327505,21,NA,NA,NA
"real","FLK_CRI",-3.27027973762703,9.60800301622817,9,NA,NA,NA
"real","FLK_IND",-1.14504547827604,4.64920665164346,11,NA,NA,NA
"real","FRO_JAM",-0.498802310505098,1.20998933376582,11,NA,NA,NA
"real","FRO_LBN",-0.918660652574566,3.92745841801739,12,NA,NA,NA
"real","FRO_NCL",-0.956174535699364,3.7575094599919,11,NA,NA,NA
"real","FRO_SGP",-0.834848482015812,4.046757274732,11,NA,NA,NA
"real","FSM_IDN",-2.28143444026441,7.15614258794348,19,NA,NA,NA
"real","FSM_SGP",-0.561292462718236,3.19677213122147,9,NA,NA,NA
"real","GAB_BEL",-0.0787716246255667,0.369801452327762,21,NA,NA,NA
"real","GAB_BGR",-2.40999619859413,6.36891074188116,19,NA,NA,NA
"real","GAB_BLZ",-0.169859183716621,1.3553741897903,8,NA,NA,NA
"real","GAB_LUX",-1.32155487076832,3.23638227147272,16,NA,NA,NA
"real","GAB_NCL",-2.91240033805704,7.00891548020372,12,NA,NA,NA
"real","GAB_SVK",-1.02295432340653,2.38008997514298,20,NA,NA,NA
"real","GAB_ZMB",-1.64613379059825,9.59696457105975,16,NA,NA,NA
"real","GEO_AGO",-0.873831446167921,4.0241496248417,15,NA,NA,NA
"real","GEO_BEL",-0.555594089654398,0.973658683551797,14,NA,NA,NA
"real","GEO_BRA",-0.926259219721065,2.51035183028027,21,NA,NA,NA
"real","GEO_COG",-2.2307200287225,11.6058242722564,12,NA,NA,NA
"real","GEO_ETH",-0.617726620475576,3.44640309335845,17,NA,NA,NA
"real","GEO_IRQ",-1.16792434623942,3.63200960624429,20,NA,NA,NA
"real","GEO_MWI",-1.75140287883613,5.07524909919778,20,NA,NA,NA
"real","GEO_OMN",-2.70780415709825,5.8355717544409,18,NA,NA,NA
"real","GEO_PYF",-1.55053809268551,2.9460282020873,15,NA,NA,NA
"real","GEO_SGP",-1.34757509403871,4.79245829915357,21,NA,NA,NA
"real","GHA_BEL",0.01979142193567,0.158317714461439,16,NA,NA,NA
"real","GHA_BRN",-1.89386073544185,5.92901778831241,17,NA,NA,NA
"real","GHA_GNQ",-1.98436397566998,2.21682745930402,18,NA,NA,NA
"real","GHA_NCL",-0.289931529568467,1.65950587501759,14,NA,NA,NA
"real","GHA_SLV",-3.00749470348457,4.47503214930801,13,NA,NA,NA
"real","GIB_ARM",-1.50827144395743,9.7307289619553,11,NA,NA,NA
"real","GIB_BEL",-0.752098893712985,4.76275745356989,21,NA,NA,NA
"real","GIB_SLV",-3.36823657987267,21.8827488924132,8,NA,NA,NA
"real","GIN_BEL",-0.127182402874478,0.653154267786432,21,NA,NA,NA
"real","GIN_LTU",-1.39127212434555,7.87890041840758,16,NA,NA,NA
"real","GIN_MKD",-1.73427592268616,7.24879667932065,12,NA,NA,NA
"real","GMB_ARE",-2.27845530259084,8.25163887958409,17,NA,NA,NA
"real","GMB_BEL",-0.973046115620963,1.31952953336504,21,NA,NA,NA
"real","GMB_ETH",-1.19659555714393,8.43613403609645,17,NA,NA,NA
"real","GMB_GUY",-0.328373391321403,4.42817450885087,17,NA,NA,NA
"real","GMB_LUX",-0.622455380104216,4.60693726051738,14,NA,NA,NA
"real","GNB_BEL",-4.31783290280694,12.9820510807712,14,NA,NA,NA
"real","GNQ_BEL",-1.37919883317141,3.33236966990049,19,NA,NA,NA
"real","GNQ_DZA",-0.684113312302542,3.05658364847003,17,NA,NA,NA
"real","GNQ_NIC",-1.66767982455234,4.9349677817187,9,NA,NA,NA
"real","GNQ_ROU",-0.992189885819829,3.76848221563015,10,NA,NA,NA
"real","GRD_BEL",-0.74734724531382,4.89801310107386,8,NA,NA,NA
"real","GRD_NGA",-1.72418401728269,5.17972490369456,15,NA,NA,NA
"real","GRD_RWA",-0.867320754342213,3.69245152222904,8,NA,NA,NA
"real","GRD_SGP",-1.67449653862579,7.59513454886398,14,NA,NA,NA
"real","GRL_GHA",-3.0691917826531,12.9330105632847,8,NA,NA,NA
"real","GRL_NCL",-0.635058188430058,2.71449000955445,11,NA,NA,NA
"real","GTM_AND",-0.511100503101379,1.04306067672537,19,NA,NA,NA
"real","GTM_ATG",-0.753678709079982,3.54074254410579,19,NA,NA,NA
"real","GTM_BEL",-0.158039359326346,0.386368760241688,13,NA,NA,NA
"real","GTM_BFA",-2.3480047616385,5.98319263957428,14,NA,NA,NA
"real","GTM_LUX",-2.88489747929544,3.55975766676436,13,NA,NA,NA
"real","GUY_ARE",-2.4377825672044,6.07016245050538,21,NA,NA,NA
"real","GUY_BEL",-0.13587457567236,0.431234852698575,8,NA,NA,NA
"real","GUY_KAZ",-0.71120589955178,4.41970384434344,19,NA,NA,NA
"real","HKG_ATG",0.00730021074712701,0.496753845347962,16,NA,NA,NA
"real","HKG_BEL",-0.0294058200008532,0.0690141811626923,21,NA,NA,NA
"real","HKG_BWA",-0.14000966526648,1.3475398465376,21,NA,NA,NA
"real","HKG_LUX",-0.181523345676472,0.280221569249164,21,NA,NA,NA
"real","HKG_MSR",-1.04375708201754,5.24798907631722,14,NA,NA,NA
"real","HND_BEL",-0.208877092698796,0.495013080395942,13,NA,NA,NA
"real","HND_LTU",-1.33992383075943,2.99294287917156,13,NA,NA,NA
"real","HND_NPL",-0.853208640320301,3.1483298573015,13,NA,NA,NA
"real","HRV_NCL",-0.509118305458634,1.7496726817127,13,NA,NA,NA
"real","HTI_BEL",-0.476097833020775,1.51366221554528,21,NA,NA,NA
"real","HTI_BFA",-0.611416276170759,7.38018850178568,11,NA,NA,NA
"real","HTI_CUB",-1.34913739592214,4.30830651784203,8,NA,NA,NA
"real","HTI_GHA",-0.613713361467682,3.09620086422466,14,NA,NA,NA
"real","HTI_LVA",-0.872341550179289,2.91031076913167,15,NA,NA,NA
"real","HTI_SGP",-0.639990156723684,1.83265369863236,13,NA,NA,NA
"real","IDN_BEL",-0.0289810032520051,0.13787425614973,21,NA,NA,NA
"real","IDN_GIB",-2.49235314905452,5.23268125273663,18,NA,NA,NA
"real","IDN_IOT",-1.91052863429708,5.29962670739109,17,NA,NA,NA
"real","IDN_LUX",0.0448266417837956,1.20166768584052,21,NA,NA,NA
"real","IDN_SHN",-1.17975678287093,5.00296009008401,18,NA,NA,NA
"real","IDN_STP",-0.129781847204557,0.347585998602585,21,NA,NA,NA
"real","IDN_SWZ",-0.311447078428508,0.952828893254984,21,NA,NA,NA
"real","IND_BEL",0.0407723263725717,0.0260003818884507,21,NA,NA,NA
"real","IND_LUX",0.307776508331115,0.45810229095966,21,NA,NA,NA
"real","IOT_ALB",-1.40531318325175,9.70301753996947,8,NA,NA,NA
"real","IOT_AUS",-1.42519279630186,4.08478382761009,12,NA,NA,NA
"real","IOT_IDN",-0.642369851876779,4.68358380776498,18,NA,NA,NA
"real","IOT_NGA",-1.05335586764493,4.99454708519944,16,NA,NA,NA
"real","IOT_SGP",-0.227011713182575,0.36056729287628,13,NA,NA,NA
"real","IOT_ZMB",-1.48145784693011,6.37310242134371,10,NA,NA,NA
"real","IRN_BEL",-0.258242376032025,0.273613304402043,21,NA,NA,NA
"real","IRN_LUX",-0.276816267626421,2.80756528813087,21,NA,NA,NA
"real","IRN_NCL",0.0993150706084252,0.37986108068017,17,NA,NA,NA
"real","IRN_SOM",-1.80853657713333,5.0095465389142,16,NA,NA,NA
"real","IRN_SYC",-0.669351857148225,2.45189887674786,19,NA,NA,NA
"real","IRQ_MKD",-1.60709814667923,7.08134736549183,13,NA,NA,NA
"real","IRQ_ZAF",-3.85780493495917,20.8604489244874,20,NA,NA,NA
"real","ISL_CUB",-0.995378189115256,2.60174213488588,20,NA,NA,NA
"real","ISL_MRT",-2.14931826601471,6.18239637922837,20,NA,NA,NA
"real","ISL_NCL",0.0420010078308463,0.352609481029566,18,NA,NA,NA
"real","ISR_CUB",-0.574820283816655,4.02871067613835,20,NA,NA,NA
"real","ISR_ERI",-1.13246983627402,4.60360905824417,18,NA,NA,NA
"real","ISR_MSR",-0.732021492084061,2.68680588192354,11,NA,NA,NA
"real","JAM_BEL",-0.222888186424795,0.494756966084306,8,NA,NA,NA
"real","JAM_NCL",-0.478704361465441,1.12899158189489,15,NA,NA,NA
"real","JOR_AND",-0.137377855161608,0.790921568653183,17,NA,NA,NA
"real","JOR_ATG",-1.15208348839552,4.99563947190883,13,NA,NA,NA
"real","JOR_BFA",-0.302576262513327,0.883276951724561,17,NA,NA,NA
"real","JOR_BLZ",-1.62695602548691,2.97424305307343,10,NA,NA,NA
"real","JOR_URY",-0.656425275574463,1.92696316471804,21,NA,NA,NA
"real","JPN_BEL",0.000849079056629763,0.0336483208242161,19,NA,NA,NA
"real","JPN_LUX",0.0571369931548965,0.177522605696786,19,NA,NA,NA
"real","KAZ_BEL",-0.145784076674441,0.5372124501422,21,NA,NA,NA
"real","KAZ_LUX",-0.811174478829326,5.88872166964243,21,NA,NA,NA
"real","KEN_ALB",-1.8988486749072,7.71612923277041,18,NA,NA,NA
"real","KEN_AZE",-0.871319900463506,2.3417834994102,20,NA,NA,NA
"real","KEN_BEL",-0.0677115671137899,0.113467555845446,21,NA,NA,NA
"real","KEN_CUB",-1.77859821233047,9.85690580108577,14,NA,NA,NA
"real","KEN_LUX",-0.456610508463674,2.52279054861983,21,NA,NA,NA
"real","KEN_MDV",-0.657564039234233,1.43930514692253,18,NA,NA,NA
"real","KEN_NCL",-0.468956522964617,1.95017968649718,18,NA,NA,NA
"real","KGZ_ARG",-1.44966625238969,3.83122702587314,21,NA,NA,NA
"real","KGZ_BEL",-0.603082210422515,4.02835857881183,21,NA,NA,NA
"real","KGZ_CUB",-1.10259353947213,4.16073278892368,8,NA,NA,NA
"real","KGZ_LUX",-1.81646694392864,6.46414462526395,20,NA,NA,NA
"real","KGZ_NOR",-0.795974164984804,2.44023127384115,21,NA,NA,NA
"real","KGZ_SGP",-1.43842272517452,4.89392101267752,17,NA,NA,NA
"real","KHM_BEL",-0.0171361599746632,0.0910597287831975,21,NA,NA,NA
"real","KHM_BEN",-1.53642178302745,4.81844518046128,18,NA,NA,NA
"real","KHM_NCL",-0.375279515287073,1.21045270353731,20,NA,NA,NA
"real","KHM_SEN",-1.92015582680551,4.88058361006849,18,NA,NA,NA
"real","KHM_TGO",-1.4475917091237,6.28349680395877,16,NA,NA,NA
"real","KIR_MKD",-1.29908136069992,6.60434013510386,12,NA,NA,NA
"real","KIR_NCL",-0.486084203885138,4.21895188430556,8,NA,NA,NA
"real","KIR_SDN",-0.802018218697997,3.11106793560347,13,NA,NA,NA
"real","KNA_MKD",-1.62436491335604,5.41153952562329,15,NA,NA,NA
"real","KOR_BEL",-0.0753686702172964,0.0358617575694943,11,NA,NA,NA
"real","KOR_LUX",-0.340296471459579,0.613530915341731,11,NA,NA,NA
"real","KWT_BDI",-2.0496020338232,6.60947780661328,12,NA,NA,NA
"real","KWT_BEL",-0.126990677025557,0.528839877733072,21,NA,NA,NA
"real","KWT_CAF",-0.980150225709728,5.20322236467835,11,NA,NA,NA
"real","KWT_CUB",-3.50901399890285,10.7943207893493,9,NA,NA,NA
"real","KWT_GTM",-0.932459474150692,3.15907744990123,8,NA,NA,NA
"real","KWT_ISR",-0.57385364833415,4.13919418449234,9,NA,NA,NA
"real","KWT_LUX",-1.96139110841944,5.17478554569481,21,NA,NA,NA
"real","KWT_MKD",-2.05786061087259,4.87727799660004,21,NA,NA,NA
"real","LAO_BEL",-0.0194667875070008,0.129281469236863,21,NA,NA,NA
"real","LAO_LVA",-0.930721210944273,3.6280847119662,21,NA,NA,NA
"real","LAO_NCL",-0.591954396407037,6.69833081143209,17,NA,NA,NA
"real","LBN_BLZ",-0.876511516780021,1.50062938038852,12,NA,NA,NA
"real","LBN_BRB",-2.2424392929651,10.0019355464314,20,NA,NA,NA
"real","LBN_FRO",-2.70530973245876,4.74013100492091,11,NA,NA,NA
"real","LBN_NCL",-1.10331406295311,3.67406524363298,17,NA,NA,NA
"real","LBN_VCT",-0.133984397964542,1.21907056350369,16,NA,NA,NA
"real","LBR_ARM",-2.36728865543277,12.1647864288767,11,NA,NA,NA
"real","LBR_BEL",-1.01614155080837,2.19530250606348,21,NA,NA,NA
"real","LBR_BRB",-0.785602803013201,2.16099114114186,8,NA,NA,NA
"real","LBR_GUY",-2.88602494065658,7.70908347143618,8,NA,NA,NA
"real","LBR_NCL",-0.282359060635175,1.32518533408467,14,NA,NA,NA
"real","LBR_SUR",-0.724628566788449,2.15127469646786,15,NA,NA,NA
"real","LBY_BEL",-0.160252564816434,0.557164800780633,21,NA,NA,NA
"real","LBY_UKR",-0.780735557097161,1.54616279071566,20,NA,NA,NA
"real","LCA_CUB",-2.5979444352476,9.23982355604053,15,NA,NA,NA
"real","LCA_MYS",-0.438308333592516,1.35720020136299,8,NA,NA,NA
"real","LKA_ABW",-1.49758256327496,8.28248447822697,15,NA,NA,NA
"real","LKA_BEL",-0.0472882240036114,0.112240335524274,21,NA,NA,NA
"real","LKA_CPV",-0.740595190704534,2.12054031545965,18,NA,NA,NA
"real","LKA_FSM",-2.86081370996917,10.5027236935245,8,NA,NA,NA
"real","LKA_LSO",-2.06943526379496,13.0563720476934,12,NA,NA,NA
"real","LKA_LUX",-0.429081900559219,0.862605405898864,21,NA,NA,NA
"real","LKA_MHL",-1.75858531470613,4.90496050368139,10,NA,NA,NA
"real","LKA_STP",-1.15724086136171,4.17738425569971,12,NA,NA,NA
"real","LKA_VGB",-0.478045443474837,2.35344565538882,10,NA,NA,NA
"real","LTU_CAF",-1.0437104638371,3.59702766602151,12,NA,NA,NA
"real","LTU_IRQ",-1.28635287605629,4.39913388896281,20,NA,NA,NA
"real","LTU_MDG",-0.430557693828182,2.53927527704552,10,NA,NA,NA
"real","LTU_MUS",-2.13359311710121,5.82717534489423,12,NA,NA,NA
"real","LUX_AFG",-0.503475806699874,0.87623206814062,20,NA,NA,NA
"real","LUX_AGO",-0.158388207987805,1.06716534961329,21,NA,NA,NA
"real","LUX_ARE",0.202600290087088,0.391477902625324,21,NA,NA,NA
"real","LUX_ARG",0.0548091231014848,0.305176178820317,21,NA,NA,NA
"real","LUX_ARM",-1.07558505812703,4.68152560644128,18,NA,NA,NA
"real","LUX_AUS",-0.10740952989551,0.19295713119789,21,NA,NA,NA
"real","LUX_AZE",-0.156719478472201,1.14030632154418,21,NA,NA,NA
"real","LUX_BDI",-0.245402646719239,5.9775586376202,21,NA,NA,NA
"real","LUX_BEN",-0.536165158599779,2.40572062805662,21,NA,NA,NA
"real","LUX_BFA",-0.370968650679809,1.20929460887034,20,NA,NA,NA
"real","LUX_BGD",-0.391812849504551,0.79791252987465,20,NA,NA,NA
"real","LUX_BHR",-0.135234052531294,1.06952526824676,21,NA,NA,NA
"real","LUX_BHS",-2.18940275427291,6.94772178434099,8,NA,NA,NA
"real","LUX_BIH",0.270086665488858,0.432367592880995,8,NA,NA,NA
"real","LUX_BLR",0.0561500624846292,0.404071454494884,21,NA,NA,NA
"real","LUX_BOL",-0.409247818690569,1.75662653924753,21,NA,NA,NA
"real","LUX_BRA",0.0788032694484195,0.180405016137086,21,NA,NA,NA
"real","LUX_BRB",0.0788071590077533,0.593964175572341,8,NA,NA,NA
"real","LUX_BRN",-0.372294333916407,3.35703543909001,21,NA,NA,NA
"real","LUX_BTN",-0.762897546383417,5.59272089034372,12,NA,NA,NA
"real","LUX_CAF",-0.561008735671782,4.05999726638035,21,NA,NA,NA
"real","LUX_CAN",-0.0385528765271944,0.130493858265917,17,NA,NA,NA
"real","LUX_CHN",0.172344391769411,0.195244838205976,21,NA,NA,NA
"real","LUX_CIV",0.228519327817982,1.71354733181832,16,NA,NA,NA
"real","LUX_CMR",-0.258644421380425,0.770142928893583,14,NA,NA,NA
"real","LUX_COD",0.188640194317211,1.16727550628826,21,NA,NA,NA
"real","LUX_COG",-1.00671484250683,1.67574372469306,21,NA,NA,NA
"real","LUX_COL",0.0630887199688829,0.369663281186136,13,NA,NA,NA
"real","LUX_COM",-1.19449566735363,12.5892111289858,16,NA,NA,NA
"real","LUX_CPV",-0.360051039900566,3.64257148762889,21,NA,NA,NA
"real","LUX_CRI",-0.111468966749236,0.990033897460272,13,NA,NA,NA
"real","LUX_CUB",-0.923891898519464,4.08633161049976,20,NA,NA,NA
"real","LUX_DJI",-1.9394052201518,6.21852862567842,18,NA,NA,NA
"real","LUX_DOM",-0.101185643605183,2.2228347083752,8,NA,NA,NA
"real","LUX_ECU",0.258191279541179,1.12650133835202,17,NA,NA,NA
"real","LUX_ERI",-1.13961887385027,3.4961099292026,18,NA,NA,NA
"real","LUX_ETH",-0.534478122065641,2.17904720543367,21,NA,NA,NA
"real","LUX_GAB",-0.322710574864284,1.22753497235715,20,NA,NA,NA
"real","LUX_GEO",-0.138849171292683,0.940412103138563,14,NA,NA,NA
"real","LUX_GHA",0.109683495082679,0.906488868275356,16,NA,NA,NA
"real","LUX_GIN",0.26360032627776,1.68692531250449,20,NA,NA,NA
"real","LUX_GMB",-0.423658523920561,2.55379360069783,20,NA,NA,NA
"real","LUX_GNB",-0.800834310190804,3.6598149066353,16,NA,NA,NA
"real","LUX_GNQ",-1.82325645089244,8.42886444280169,18,NA,NA,NA
"real","LUX_GTM",0.0960547866008513,2.54559903032568,13,NA,NA,NA
"real","LUX_GUY",-0.317057245973628,1.9037176078178,8,NA,NA,NA
"real","LUX_HKG",-0.21047325643605,0.471723445265705,21,NA,NA,NA
"real","LUX_HND",-1.02881492167149,4.98369010040127,13,NA,NA,NA
"real","LUX_HTI",-1.53745597605222,5.44018330826562,19,NA,NA,NA
"real","LUX_IDN",-0.141003760182096,0.430494440884397,21,NA,NA,NA
"real","LUX_IND",0.0787765198001093,0.242721043216528,21,NA,NA,NA
"real","LUX_IRN",-0.120763834071771,1.72940954828906,21,NA,NA,NA
"real","LUX_JAM",-0.160431347366794,1.23790265628966,8,NA,NA,NA
"real","LUX_JPN",-0.0206334933722977,0.128532342996719,19,NA,NA,NA
"real","LUX_KAZ",0.221237988601892,0.925833786659566,21,NA,NA,NA
"real","LUX_KEN",0.0120321422149091,0.986892059169964,21,NA,NA,NA
"real","LUX_KGZ",0.127431753741068,1.5888680135283,21,NA,NA,NA
"real","LUX_KOR",-0.129924615544374,0.183152390486365,11,NA,NA,NA
"real","LUX_KWT",0.227895965336177,0.52374988832361,21,NA,NA,NA
"real","LUX_LAO",-0.62885482393745,2.32429241181589,21,NA,NA,NA
"real","LUX_LBR",-0.887266109193093,6.23606470027988,20,NA,NA,NA
"real","LUX_LBY",-0.0368770315120384,2.52074224197935,21,NA,NA,NA
"real","LUX_LKA",-0.868980238131142,2.18262856168152,21,NA,NA,NA
"real","LUX_MAC",-0.50873612682964,2.62548347498046,20,NA,NA,NA
"real","LUX_MDA",0.161644693910725,0.867395916735852,14,NA,NA,NA
"real","LUX_MDG",-0.00788279333690504,1.33476131594158,12,NA,NA,NA
"real","LUX_MDV",-0.623830211964547,3.81911172955912,20,NA,NA,NA
"real","LUX_MLI",-0.230806433270444,1.14478800216063,20,NA,NA,NA
"real","LUX_MMR",-0.174592469395491,2.46945662981405,21,NA,NA,NA
"real","LUX_MOZ",0.113663919655073,1.32665742608713,16,NA,NA,NA
"real","LUX_MRT",-0.0296085075894921,2.08280875676664,21,NA,NA,NA
"real","LUX_MUS",0.145338486944141,0.600927374862939,12,NA,NA,NA
"real","LUX_MWI",-0.340113298439242,3.03777501369759,21,NA,NA,NA
"real","LUX_MYS",-0.140660284887536,0.256066624680728,21,NA,NA,NA
"real","LUX_NER",-0.0269179048847003,1.88513857746506,21,NA,NA,NA
"real","LUX_NGA",-0.336931625544037,0.344250320105379,21,NA,NA,NA
"real","LUX_NIC",-0.34839746154791,2.40214009855817,13,NA,NA,NA
"real","LUX_NPL",-0.913280640491519,4.72644272665729,21,NA,NA,NA
"real","LUX_NZL",0.0134391344352101,0.240490373355019,21,NA,NA,NA
"real","LUX_OMN",-1.88501175585095,1.78590079203716,21,NA,NA,NA
"real","LUX_PAK",0.0116495374186517,0.684256586795467,21,NA,NA,NA
"real","LUX_PAN",-0.207014145156866,2.54636251876878,13,NA,NA,NA
"real","LUX_PER",0.11668734740168,0.356798033359527,13,NA,NA,NA
"real","LUX_PHL",-0.40196343136211,0.760178602921687,21,NA,NA,NA
"real","LUX_PNG",0.00853808724524848,2.04302189258949,10,NA,NA,NA
"real","LUX_PRK",-0.329305879273115,2.53804823304579,15,NA,NA,NA
"real","LUX_QAT",-0.0553485099616255,0.610799233917561,21,NA,NA,NA
"real","LUX_RUS",-0.163645954686975,0.14225319095878,21,NA,NA,NA
"real","LUX_RWA",0.523092281485318,2.04149895796277,21,NA,NA,NA
"real","LUX_SAU",0.0825969731666989,0.635761300657752,21,NA,NA,NA
"real","LUX_SDN",-0.169548991236987,0.992352656643524,21,NA,NA,NA
"real","LUX_SEN",0.184999516761669,1.04775132406525,20,NA,NA,NA
"real","LUX_SGP",-0.0872756887688161,0.134875944689864,19,NA,NA,NA
"real","LUX_SLB",-0.80281219623033,3.59957247997136,14,NA,NA,NA
"real","LUX_SLE",-0.357946655610922,2.96401025184326,21,NA,NA,NA
"real","LUX_SLV",-0.407490281374046,3.02554476993801,13,NA,NA,NA
"real","LUX_SOM",-1.19044138145414,5.01200672024078,9,NA,NA,NA
"real","LUX_STP",-1.27619076200433,9.14290365239495,13,NA,NA,NA
"real","LUX_SUR",0.0888440113849843,0.948309219231494,8,NA,NA,NA
"real","LUX_SYC",-1.3432648069947,2.92932802122468,11,NA,NA,NA
"real","LUX_TCD",-0.713980337806095,4.06787445699852,19,NA,NA,NA
"real","LUX_TGO",-0.118098576465321,1.23415188697727,21,NA,NA,NA
"real","LUX_THA",-0.195862803291698,0.319427639287328,21,NA,NA,NA
"real","LUX_TJK",-1.75963108761283,5.94136981421879,19,NA,NA,NA
"real","LUX_TKM",-0.935418799054698,3.19185308439738,21,NA,NA,NA
"real","LUX_TTO",0.143343353835483,0.660099705773916,8,NA,NA,NA
"real","LUX_TWN",-0.893762000865364,1.77054350522713,21,NA,NA,NA
"real","LUX_TZA",0.164880733273955,1.48105066223721,21,NA,NA,NA
"real","LUX_UGA",-0.336918206811644,0.955592435110462,21,NA,NA,NA
"real","LUX_UKR",0.307229765285013,0.606029766495348,14,NA,NA,NA
"real","LUX_URY",-0.296273528085409,0.488946551375422,21,NA,NA,NA
"real","LUX_USA",-0.0492563079611675,0.0226345960685937,21,NA,NA,NA
"real","LUX_UZB",-0.229036122991674,1.00230423075455,21,NA,NA,NA
"real","LUX_VEN",-0.248247588699172,0.41775482831835,21,NA,NA,NA
"real","LUX_VNM",-0.0873121295938942,0.724864229557867,21,NA,NA,NA
"real","LUX_YEM",-0.508565045942668,1.95260696063976,20,NA,NA,NA
"real","LUX_ZMB",-0.397996044122526,1.28610661353718,21,NA,NA,NA
"real","LUX_ZWE",-1.08021348613197,1.95525775926147,12,NA,NA,NA
"real","LVA_AGO",-2.56598492843428,11.420181281603,16,NA,NA,NA
"real","LVA_CIV",-4.60560916093657,12.7780899622787,15,NA,NA,NA
"real","LVA_HTI",-3.25179425045124,4.56717255057988,19,NA,NA,NA
"real","LVA_MAC",-1.91733851343582,4.45193234716369,20,NA,NA,NA
"real","LVA_OMN",-1.55989594866573,3.0772487219739,20,NA,NA,NA
"real","LVA_VUT",-1.04771411810506,3.18121944423703,15,NA,NA,NA
"real","MAC_BEL",-0.342655398154246,0.508818952329665,21,NA,NA,NA
"real","MAC_CUB",-1.22438211652738,5.59299101509351,8,NA,NA,NA
"real","MAC_GHA",-2.81250516404547,9.05069472300624,12,NA,NA,NA
"real","MAR_ERI",-0.434676367534957,1.69638019552325,15,NA,NA,NA
"real","MAR_SHN",-1.35038247982745,2.99705603515162,10,NA,NA,NA
"real","MDA_BEL",-0.0445262580758494,0.118923739940338,14,NA,NA,NA
"real","MDA_BGD",-2.15363997072254,9.91560856819021,15,NA,NA,NA
"real","MDA_GTM",-2.40642693820702,12.324233659293,10,NA,NA,NA
"real","MDA_LUX",-1.2146684687685,3.84949748085827,14,NA,NA,NA
"real","MDA_PHL",-1.1226003267503,3.19188598193716,13,NA,NA,NA
"real","MDA_ZAF",-0.951993024647109,1.92220670520444,21,NA,NA,NA
"real","MDG_BEL",-0.018255077871057,0.126960105381596,12,NA,NA,NA
"real","MDG_LTU",-0.561398682412169,3.43610973454614,11,NA,NA,NA
"real","MDG_LUX",-1.15589952375242,3.2467287714111,12,NA,NA,NA
"real","MDV_BEL",-1.21528351026811,3.71712376873578,21,NA,NA,NA
"real","MDV_LUX",-1.15452273447504,3.41753208878613,17,NA,NA,NA
"real","MDV_PHL",-1.1152194153397,1.62607876179456,21,NA,NA,NA
"real","MDV_SYC",-1.65841913495254,7.03433393239884,19,NA,NA,NA
"real","MEX_ERI",-1.72505371340104,5.06128026908695,11,NA,NA,NA
"real","MEX_ESH",-0.86906494273663,2.31995503967366,8,NA,NA,NA
"real","MEX_NAM",-1.05893665267093,2.62962296748596,21,NA,NA,NA
"real","MEX_TJK",-1.04850255391954,6.97221205419484,11,NA,NA,NA
"real","MHL_BGR",-5.24281147743322,17.1784090242395,12,NA,NA,NA
"real","MKD_CIV",-0.84573790146883,2.29720820905432,16,NA,NA,NA
"real","MKD_ECU",-0.749915512930825,1.18302033158483,16,NA,NA,NA
"real","MKD_SDN",-0.367805545574412,1.55826722287172,15,NA,NA,NA
"real","MKD_SLV",-1.28871292463887,8.16953613633788,15,NA,NA,NA
"real","MKD_ZAF",-1.47442168226505,2.5742461271777,21,NA,NA,NA
"real","MLI_BEL",0.0179829084636687,0.799798976085241,21,NA,NA,NA
"real","MLI_ISR",-1.67039931679597,5.01034934137141,19,NA,NA,NA
"real","MLI_NCL",-1.3260706306859,4.71331039397071,15,NA,NA,NA
"real","MLI_NIC",-0.512181106684346,5.16675333203791,16,NA,NA,NA
"real","MLI_ROU",-0.942878655179268,4.38803682583398,20,NA,NA,NA
"real","MLI_SGP",-2.31951141276059,6.40793225096133,20,NA,NA,NA
"real","MLI_SUR",-0.0733560186010395,1.90846347103503,14,NA,NA,NA
"real","MLT_CPV",-1.34494647676197,2.84395597165664,21,NA,NA,NA
"real","MMR_BEL",-0.416274607662663,0.555080216510079,21,NA,NA,NA
"real","MMR_MWI",-1.30010947536085,11.649543550723,8,NA,NA,NA
"real","MMR_NCL",-0.363127376555195,1.78557165050317,17,NA,NA,NA
"real","MMR_PYF",-1.24277028445554,3.88619070487078,20,NA,NA,NA
"real","MNG_BEL",-0.508404744674956,1.67979534408255,21,NA,NA,NA
"real","MNG_ISL",-0.574458046650752,1.55876506941338,12,NA,NA,NA
"real","MNG_LKA",-2.67427898043896,5.90566851769556,19,NA,NA,NA
"real","MNG_LUX",-2.49987813444614,7.00493744140962,19,NA,NA,NA
"real","MNG_NGA",-0.728997138583121,5.41763030005481,9,NA,NA,NA
"real","MNG_TUN",-1.96274067724876,8.37627999414047,12,NA,NA,NA
"real","MNP_BEL",-2.74355698036911,6.683299612781,14,NA,NA,NA
"real","MNP_FIN",-1.18453326785981,3.33951818751012,12,NA,NA,NA
"real","MOZ_BEL",-0.310215196121746,1.24720834748964,16,NA,NA,NA
"real","MOZ_BLZ",-1.14394610183556,5.8719675819185,14,NA,NA,NA
"real","MOZ_BRB",-1.50467557893847,12.4296573571477,8,NA,NA,NA
"real","MOZ_CPV",-0.543169835786545,2.70473293476446,17,NA,NA,NA
"real","MOZ_LUX",-1.6374336102839,13.1970923636426,10,NA,NA,NA
"real","MOZ_NPL",-1.11018227975268,7.70836541845562,10,NA,NA,NA
"real","MOZ_SLV",-0.99092193046327,5.9256188416303,9,NA,NA,NA
"real","MRT_BEL",-1.50079340995709,9.70013066786574,21,NA,NA,NA
"real","MRT_CAF",-2.32008043762642,5.14446692384582,13,NA,NA,NA
"real","MRT_ETH",-2.4341696765684,6.25346024222093,20,NA,NA,NA
"real","MRT_PRY",-2.06685521071983,5.4910175627707,13,NA,NA,NA
"real","MRT_SDN",-0.897837727102841,3.5489119226958,15,NA,NA,NA
"real","MSR_AIA",-1.57012379841486,6.82989839295414,15,NA,NA,NA
"real","MSR_ANT",-0.408998820441213,3.31398197967905,12,NA,NA,NA
"real","MSR_SGP",-2.68963566205897,7.76137603745322,11,NA,NA,NA
"real","MUS_ALB",-0.802876709339237,2.28834660669413,11,NA,NA,NA
"real","MUS_BEL",-0.0358180935766217,0.0518797554190853,12,NA,NA,NA
"real","MUS_COK",-2.57135942598888,7.28519011827029,12,NA,NA,NA
"real","MUS_CUB",-2.02775217276829,4.93913189910324,9,NA,NA,NA
"real","MUS_LUX",-1.0587802464765,2.38587629459666,12,NA,NA,NA
"real","MWI_BEL",-0.864068604586501,2.01794649915828,21,NA,NA,NA
"real","MWI_LTU",-0.581515813288481,1.13483022483349,20,NA,NA,NA
"real","MYS_BEL",-0.000512558735465011,0.0413747197552815,21,NA,NA,NA
"real","MYS_LUX",-0.0843818089098855,0.479995527884971,21,NA,NA,NA
"real","NAM_LBN",-0.777539540093667,2.86922534928052,21,NA,NA,NA
"real","NAM_LTU",-0.462142794425472,1.12892784185927,16,NA,NA,NA
"real","NAM_UKR",-2.08037261310989,3.76127489703259,21,NA,NA,NA
"real","NCL_BDI",-0.74484452705684,2.83357285530195,11,NA,NA,NA
"real","NCL_BFA",-1.94351828398716,5.95072972797434,10,NA,NA,NA
"real","NCL_BLZ",-0.702752148168826,4.47483168011105,10,NA,NA,NA
"real","NCL_BRB",-1.56849954990957,4.4620469343501,13,NA,NA,NA
"real","NCL_COL",-0.988075447386279,3.77954528846539,16,NA,NA,NA
"real","NCL_FJI",-0.907445600410376,2.67312344306664,21,NA,NA,NA
"real","NCL_KIR",-1.28541504527825,3.44864631479003,10,NA,NA,NA
"real","NCL_LKA",-1.27254899161102,5.09654576060458,13,NA,NA,NA
"real","NCL_MDG",-1.26227960193672,7.67634137756526,20,NA,NA,NA
"real","NCL_MEX",-1.59976446207689,4.67735220241753,20,NA,NA,NA
"real","NCL_MYS",-1.92619028672516,3.55412894654277,19,NA,NA,NA
"real","NCL_NOR",-3.14632288408361,4.85271416012301,13,NA,NA,NA
"real","NCL_SLB",-1.19831116363624,5.84524180229305,18,NA,NA,NA
"real","NCL_TUN",-1.64575113107858,4.56785466299064,19,NA,NA,NA
"real","NCL_VCT",-0.435255584025403,1.6320579445363,8,NA,NA,NA
"real","NCL_VUT",0.122197726753231,1.22935852909197,17,NA,NA,NA
"real","NCL_WLF",-0.0717142667055004,0.219702792937657,17,NA,NA,NA
"real","NCL_WSM",-1.13152078831785,6.65367846728041,21,NA,NA,NA
"real","NER_BEL",-1.06035955104857,2.77991103792463,21,NA,NA,NA
"real","NER_BGR",-1.86655541088552,6.69874505068034,17,NA,NA,NA
"real","NER_BRB",-2.21742192209866,9.67876178621694,15,NA,NA,NA
"real","NER_ISR",-1.87826412892588,8.3519994264247,13,NA,NA,NA
"real","NER_MWI",-0.694100379923041,4.54791066026027,21,NA,NA,NA
"real","NFK_IND",-0.574342049784716,1.25340474874316,19,NA,NA,NA
"real","NFK_SGP",-2.32363747008824,9.24325372790057,10,NA,NA,NA
"real","NGA_ARM",-1.09592697739263,6.12332343069912,15,NA,NA,NA
"real","NGA_BEL",-0.735163601070946,0.784910207286347,21,NA,NA,NA
"real","NGA_BWA",-4.90008730032026,7.80955565129372,21,NA,NA,NA
"real","NGA_GIB",-1.4532231675959,14.5094974001096,9,NA,NA,NA
"real","NGA_LUX",-0.702419057430766,3.3388743370763,21,NA,NA,NA
"real","NGA_NCL",-5.33073799273776,15.3900297157431,16,NA,NA,NA
"real","NGA_PAN",-2.44032207873256,11.2801050414984,11,NA,NA,NA
"real","NGA_STP",-0.608335791854546,1.72691494569548,21,NA,NA,NA
"real","NGA_SUR",-3.99284450239707,8.33132665873739,11,NA,NA,NA
"real","NIC_ATG",-0.798005509639142,3.40109359348244,15,NA,NA,NA
"real","NIC_BEL",-0.352975639289994,0.881854432811391,13,NA,NA,NA
"real","NIC_COD",-1.22867753187131,7.85763215343476,10,NA,NA,NA
"real","NIC_LBR",-0.968466967466081,3.33517612185367,14,NA,NA,NA
"real","NIC_LCA",-2.22992097980456,5.45475277570009,17,NA,NA,NA
"real","NIC_LUX",-0.290356212133244,1.61032863257865,11,NA,NA,NA
"real","NIC_MWI",-1.71438263007482,9.07936490730534,11,NA,NA,NA
"real","NIC_NER",-1.48801506766189,5.1964177559843,12,NA,NA,NA
"real","NIU_AZE",-0.0363486656123392,10.1718493757009,10,NA,NA,NA
"real","NIU_CHE",-1.53380851887761,10.3487756618872,10,NA,NA,NA
"real","NIU_NGA",-2.86307667507301,8.87900530431219,11,NA,NA,NA
"real","NOR_PLW",-1.62268071118792,7.63031696802185,8,NA,NA,NA
"real","NPL_BEL",-0.0234567826079479,0.0337055432598814,21,NA,NA,NA
"real","NPL_BGR",-0.806252994159724,1.92778541219766,21,NA,NA,NA
"real","NPL_LUX",-0.223380368992864,1.1882450445961,21,NA,NA,NA
"real","NPL_NCL",-0.602905142008628,2.10422136390441,21,NA,NA,NA
"real","NZL_BEL",-0.00842294574574533,0.0409805216215566,21,NA,NA,NA
"real","NZL_GNQ",-1.07317845657628,3.86796610586249,19,NA,NA,NA
"real","NZL_LUX",-0.392902907967946,1.22950217641608,21,NA,NA,NA
"real","NZL_TKM",-0.983452127073461,3.37869153226273,15,NA,NA,NA
"real","OMN_BEL",-0.294136718678349,0.496736078528556,21,NA,NA,NA
"real","OMN_BLR",-0.958723589239472,3.05110164351137,16,NA,NA,NA
"real","OMN_CRI",-1.89275247126509,3.36429807999027,17,NA,NA,NA
"real","OMN_ERI",-0.612341946170162,2.35773657637694,19,NA,NA,NA
"real","OMN_FJI",-0.241113905447231,0.960743803894807,21,NA,NA,NA
"real","OMN_MMR",-1.09698279235342,4.25390088513737,17,NA,NA,NA
"real","OMN_MWI",-1.63499640661918,4.72460950009174,17,NA,NA,NA
"real","OMN_SYC",-1.12840801525478,3.19570096801486,20,NA,NA,NA
"real","PAK_ATG",-0.380483410712959,2.27473739336504,17,NA,NA,NA
"real","PAK_BEL",0.0012769672531909,0.0266132421585972,21,NA,NA,NA
"real","PAK_LUX",-0.438935700617177,0.571906442507593,21,NA,NA,NA
"real","PAK_NAM",-0.0289544529609041,0.642889851607445,21,NA,NA,NA
"real","PAK_NCL",-0.297094364683135,1.31405696624441,21,NA,NA,NA
"real","PAN_AGO",-1.12134933855396,3.1533371645949,19,NA,NA,NA
"real","PAN_ALB",-0.400884180370244,2.48623378482624,17,NA,NA,NA
"real","PAN_BEL",-0.180485960622288,1.11916139036829,13,NA,NA,NA
"real","PAN_LUX",-0.453898578093663,1.92229665106071,13,NA,NA,NA
"real","PAN_MAC",-0.332370331034639,0.860537997755328,14,NA,NA,NA
"real","PAN_MSR",-1.15451081890716,2.28072352056108,15,NA,NA,NA
"real","PAN_MWI",-1.11603152596896,6.67645497237051,14,NA,NA,NA
"real","PAN_NCL",-2.17613023301971,6.98246618094161,15,NA,NA,NA
"real","PCN_NGA",-1.51044613345293,2.80291942639751,8,NA,NA,NA
"real","PER_BEL",-0.10504542999944,0.0888289185649215,13,NA,NA,NA
"real","PER_CYM",-0.316111792056319,1.48114132397006,19,NA,NA,NA
"real","PER_LUX",0.201523848100974,1.57923504718044,13,NA,NA,NA
"real","PER_NCL",0.0766506089978314,0.622501796896013,21,NA,NA,NA
"real","PER_RWA",-1.17114322608377,9.09514652506315,11,NA,NA,NA
"real","PHL_BEL",-0.0587162631963776,0.0847094478230203,21,NA,NA,NA
"real","PHL_ERI",-1.87811955657529,5.12162815953354,12,NA,NA,NA
"real","PHL_LUX",-0.251532311071071,0.840997723961438,21,NA,NA,NA
"real","PHL_TUV",-0.364276738971802,7.22522097361305,18,NA,NA,NA
"real","PLW_NGA",-2.2812328914743,6.99708356734264,8,NA,NA,NA
"real","PLW_SDN",-1.05869027292371,2.46324919210292,13,NA,NA,NA
"real","PNG_BEL",-0.0899422581816615,0.296647357173863,9,NA,NA,NA
"real","PNG_BLR",-0.385357556530171,2.23477349675536,15,NA,NA,NA
"real","PNG_EST",-1.74482702859301,6.16513121650357,9,NA,NA,NA
"real","PNG_MDA",-1.18703706222126,8.64223569896557,8,NA,NA,NA
"real","PNG_TUN",-4.99707420360798,15.2043946776845,9,NA,NA,NA
"real","PRK_ARM",-0.862166036019007,5.68021949929089,16,NA,NA,NA
"real","PRK_ATG",-0.365484824769734,2.98590911991516,15,NA,NA,NA
"real","PRK_BEL",-2.04696708662734,12.4620678831432,21,NA,NA,NA
"real","PRK_BLZ",-0.890169854595953,3.97887025641846,17,NA,NA,NA
"real","PRK_LUX",-0.548631214133495,3.09079265440799,21,NA,NA,NA
"real","PRK_NCL",-0.162689510813821,0.609605971857268,17,NA,NA,NA
"real","PRK_STP",-1.59956601414617,11.5097767061185,11,NA,NA,NA
"real","PRY_BEL",-0.28924037838524,0.433187168916877,21,NA,NA,NA
"real","PRY_LTU",-3.59302735616865,8.90359823860078,21,NA,NA,NA
"real","PYF_BEN",-1.1190378607683,3.17674425289405,8,NA,NA,NA
"real","PYF_GUY",-2.87592320622982,3.65952357620439,10,NA,NA,NA
"real","PYF_NGA",-1.56924904939552,9.0462011638433,12,NA,NA,NA
"real","QAT_ARM",-0.610514709453287,1.40300985111342,17,NA,NA,NA
"real","QAT_BEL",-0.862739858242808,1.94357821176609,21,NA,NA,NA
"real","QAT_ECU",-1.60854407404098,5.11262605048284,20,NA,NA,NA
"real","QAT_NCL",-2.92509284186362,6.11591851528788,14,NA,NA,NA
"real","QAT_TTO",-1.27578384390802,5.55970986683342,10,NA,NA,NA
"real","RUS_BEL",-0.0919959194379013,0.120092027790727,21,NA,NA,NA
"real","RUS_LUX",-0.519215585789284,0.557784663132021,21,NA,NA,NA
"real","RUS_NCL",-0.673823882271018,1.22053412602868,21,NA,NA,NA
"real","RWA_BEL",-0.275694622229428,0.767377279875075,21,NA,NA,NA
"real","RWA_BEN",-0.410322415276837,1.4313112698451,17,NA,NA,NA
"real","RWA_CMR",-0.484616118574423,2.05814141752016,20,NA,NA,NA
"real","RWA_EST",-3.11600911594518,16.5755686297991,16,NA,NA,NA
"real","RWA_MLI",-0.932648936892085,2.24434160443108,18,NA,NA,NA
"real","RWA_SAU",-0.366415009139678,1.18492483738376,19,NA,NA,NA
"real","SAU_BEL",-0.108344218272247,0.232026282201238,21,NA,NA,NA
"real","SAU_CPV",-1.38066571326486,4.00236801475424,21,NA,NA,NA
"real","SAU_KNA",-0.618465778946904,2.87430649120515,11,NA,NA,NA
"real","SAU_LUX",-0.95469197329738,2.24384277342859,21,NA,NA,NA
"real","SDN_BEL",0.36019699811057,2.01799642768327,21,NA,NA,NA
"real","SDN_BFA",-1.69304294222511,10.9162751821135,15,NA,NA,NA
"real","SDN_GEO",-1.04666342684015,7.06026548867248,12,NA,NA,NA
"real","SDN_NCL",-1.70856934276811,7.95397609229025,13,NA,NA,NA
"real","SDN_SEN",-1.47911517395142,6.02062076716928,18,NA,NA,NA
"real","SEN_AND",-1.60004368454944,6.88128971545255,14,NA,NA,NA
"real","SEN_BDI",-1.03056389137345,2.46753102871266,21,NA,NA,NA
"real","SEN_BEL",-0.0495899312447549,0.184839269416924,21,NA,NA,NA
"real","SEN_CUB",-1.88546558016641,4.28785620105536,10,NA,NA,NA
"real","SEN_DOM",-1.57839921001671,2.79777503947277,17,NA,NA,NA
"real","SEN_GUY",-3.30836769297889,8.61512195622091,16,NA,NA,NA
"real","SEN_JOR",-0.890731565787622,4.21248084539131,21,NA,NA,NA
"real","SEN_LTU",-4.05037629983697,8.8222738537517,16,NA,NA,NA
"real","SEN_LUX",-0.777711037871884,3.21918991537592,21,NA,NA,NA
"real","SEN_NCL",-0.309192730440692,2.72014090565683,18,NA,NA,NA
"real","SEN_PAN",-1.73078514745423,5.60544523897174,13,NA,NA,NA
"real","SGP_ABW",-0.236758503327711,1.74691180732587,14,NA,NA,NA
"real","SGP_AIA",-0.694081686974458,3.18089425068285,11,NA,NA,NA
"real","SGP_ALB",-0.144339936625862,0.768120037403956,21,NA,NA,NA
"real","SGP_BEL",-0.253907757020739,0.356625864857598,19,NA,NA,NA
"real","SGP_BIH",-0.29171016437806,0.666816103939286,21,NA,NA,NA
"real","SGP_CAF",-1.74364430929786,2.05253198602598,17,NA,NA,NA
"real","SGP_CYM",-1.2196133117814,2.49884648533196,13,NA,NA,NA
"real","SGP_ERI",-0.973663607857956,2.88855698788886,14,NA,NA,NA
"real","SGP_FSM",-0.0857405202912038,0.483391273007789,21,NA,NA,NA
"real","SGP_GNQ",-1.39846693014221,1.57654737480799,13,NA,NA,NA
"real","SGP_IOT",-0.121790692453455,0.329964239107203,13,NA,NA,NA
"real","SGP_LUX",-0.959165112971484,2.05824444834894,19,NA,NA,NA
"real","SGP_MRT",-0.372187928741861,0.499529819208817,21,NA,NA,NA
"real","SGP_NFK",-1.21486926017889,2.09730298724958,11,NA,NA,NA
"real","SGP_PLW",-0.513135818145124,1.90925855088112,17,NA,NA,NA
"real","SGP_SLE",-0.210490455118925,0.489916479526482,17,NA,NA,NA
"real","SGP_TCA",-1.33200802540946,4.03004808695166,13,NA,NA,NA
"real","SGP_TJK",0.254484460383012,1.03304081985532,12,NA,NA,NA
"real","SGP_TKL",-0.338193754640749,2.1941353766437,12,NA,NA,NA
"real","SGP_TKM",-0.334541354457423,0.822221209928721,13,NA,NA,NA
"real","SGP_TON",-1.20079602490899,2.4254862010429,21,NA,NA,NA
"real","SGP_UZB",-0.640124617306016,0.877093717445358,13,NA,NA,NA
"real","SGP_VGB",-5.54627419169925,16.1410897140274,13,NA,NA,NA
"real","SGP_WLF",-0.526673271319772,0.516767535149387,16,NA,NA,NA
"real","SHN_MAR",-2.85032861514482,9.54970341964833,13,NA,NA,NA
"real","SHN_MKD",-1.61839211338159,6.70251841416803,13,NA,NA,NA
"real","SLB_NCL",0.021584955147876,0.305145741522074,20,NA,NA,NA
"real","SLB_POL",-1.25093198920101,6.99530383370073,19,NA,NA,NA
"real","SLE_BEL",0.0189984631992219,0.250485536567152,21,NA,NA,NA
"real","SLE_CUB",-2.20426165717667,5.34531067352071,8,NA,NA,NA
"real","SLE_GUY",-1.68110149799803,11.0375911191496,12,NA,NA,NA
"real","SLE_RUS",-0.178702842159591,3.08906034474071,20,NA,NA,NA
"real","SLE_RWA",-0.880839884549607,4.81821668827359,14,NA,NA,NA
"real","SLE_SGP",-1.03166254401792,2.1138265068869,16,NA,NA,NA
"real","SLE_ZWE",-1.69654340742777,9.97020686746303,14,NA,NA,NA
"real","SLV_ABW",-0.0971975316172144,0.89380965228796,21,NA,NA,NA
"real","SLV_BEL",-0.22009428485203,0.65208017704588,13,NA,NA,NA
"real","SLV_CMR",-0.72659226474877,2.03569676514024,20,NA,NA,NA
"real","SLV_GMB",-0.516637944965093,1.39043273068778,11,NA,NA,NA
"real","SLV_MSR",-0.142610999494402,0.664914894179087,13,NA,NA,NA
"real","SLV_OMN",-0.608412877103167,1.67206379395318,11,NA,NA,NA
"real","SOM_BRB",-2.1101197409695,8.70281930825541,11,NA,NA,NA
"real","SOM_GRD",-1.16284813298412,8.05470985135442,12,NA,NA,NA
"real","SOM_NIC",-2.07365645053002,10.993100768875,13,NA,NA,NA
"real","SOM_ROU",-0.5432722293592,4.9925019311257,8,NA,NA,NA
"real","SPM_FRO",-0.341539512308646,0.557666088727105,8,NA,NA,NA
"real","STP_AGO",-1.56768829189142,4.4927842734061,21,NA,NA,NA
"real","STP_AUS",-0.713283647863012,2.4514583231849,16,NA,NA,NA
"real","STP_DNK",-3.90798389741476,10.4151100345465,11,NA,NA,NA
"real","STP_KEN",-0.923388801886623,4.28851306646173,9,NA,NA,NA
"real","STP_SDN",-1.71159645805056,4.05818733217003,15,NA,NA,NA
"real","STP_TGO",-1.66244725472884,6.7207945351663,14,NA,NA,NA
"real","SUR_BEL",-1.11097248337385,4.14920394986575,8,NA,NA,NA
"real","SUR_CUB",-0.390677394321557,0.976755682484398,20,NA,NA,NA
"real","SUR_ISR",-1.0155652190537,3.15215045298307,20,NA,NA,NA
"real","SUR_NGA",-2.06783125484359,9.23783450540901,20,NA,NA,NA
"real","SUR_RWA",-1.99164145339521,9.2433891700018,10,NA,NA,NA
"real","SVK_GNB",-1.42493719001625,3.73588753751372,9,NA,NA,NA
"real","SVN_FSM",-0.50135068366356,1.44461058577422,11,NA,NA,NA
"real","SVN_MHL",-0.142530716883657,7.42292472077601,12,NA,NA,NA
"real","SVN_SYC",-1.38365336505303,3.77195438385999,12,NA,NA,NA
"real","SWZ_EST",-1.25768054478566,3.00994805005041,15,NA,NA,NA
"real","SYC_ALB",-0.681819871389167,4.46546828565774,8,NA,NA,NA
"real","SYC_ARM",-1.73289547719751,9.98203617199653,13,NA,NA,NA
"real","SYC_BEL",-0.919591624576758,1.90654524408388,12,NA,NA,NA
"real","SYC_BEN",-0.553133548429763,1.4950469770036,13,NA,NA,NA
"real","SYC_BGR",-2.30408460880842,4.24070110065755,11,NA,NA,NA
"real","SYC_NCL",-0.670407069847171,1.29321570675876,17,NA,NA,NA
"real","SYC_PYF",-0.330234952029314,0.855551496430116,21,NA,NA,NA
"real","SYR_FRO",-0.621046819036919,2.15927655010743,11,NA,NA,NA
"real","SYR_MLI",-0.46947421663497,2.10520304957425,15,NA,NA,NA
"real","SYR_MWI",-3.07876524761029,8.83883729192743,15,NA,NA,NA
"real","SYR_NCL",-0.0433553400166978,1.73997816874249,17,NA,NA,NA
"real","TCA_AUS",-0.844313550135758,3.21598049311639,17,NA,NA,NA
"real","TCA_AZE",-0.293841114914524,2.69013189445142,10,NA,NA,NA
"real","TCA_BHS",-2.38032308652639,6.26913738681161,19,NA,NA,NA
"real","TCA_DOM",-0.38776454055896,1.55755889667016,19,NA,NA,NA
"real","TCA_KNA",-0.726460529692691,2.20629272416979,13,NA,NA,NA
"real","TCA_MWI",-2.26967033766443,10.1370562117807,13,NA,NA,NA
"real","TCA_SDN",-1.25876272412709,6.01934109009109,17,NA,NA,NA
"real","TCA_SGP",-3.16853544963219,6.89245374276264,13,NA,NA,NA
"real","TCA_VEN",-1.43673384502023,5.11068406562089,10,NA,NA,NA
"real","TCA_ZMB",-1.57069422270496,9.71045100504522,13,NA,NA,NA
"real","TCD_BEL",-1.78031847332803,12.0035154853149,21,NA,NA,NA
"real","TCD_KEN",-0.938006909561996,4.50409151968295,14,NA,NA,NA
"real","TGO_BDI",-0.679557991721207,4.57235735741831,13,NA,NA,NA
"real","TGO_BEL",-0.189729406108024,0.545487929157848,21,NA,NA,NA
"real","TGO_FJI",-2.09056775944212,7.76356869711078,9,NA,NA,NA
"real","TGO_SOM",-0.342821381109843,3.59756162017365,9,NA,NA,NA
"real","THA_BEL",0.0177907136453011,0.0249386608264166,21,NA,NA,NA
"real","THA_LUX",0.054115540130512,0.718682777666074,21,NA,NA,NA
"real","THA_MSR",-0.481010734188802,1.43443991542938,20,NA,NA,NA
"real","THA_NFK",-1.44382255132649,7.4437268458337,17,NA,NA,NA
"real","THA_SHN",-0.708834578858916,1.9625769452634,20,NA,NA,NA
"real","THA_TKM",-0.208057126251416,0.350716608502777,21,NA,NA,NA
"real","TJK_BEL",-0.188364488075828,0.914323778562359,21,NA,NA,NA
"real","TJK_BRA",-2.75157256789489,9.28258521376945,20,NA,NA,NA
"real","TJK_LKA",-1.71665953003874,8.36798821523643,12,NA,NA,NA
"real","TKL_GRD",-0.591385269317321,2.64847044933473,14,NA,NA,NA
"real","TKL_IDN",-3.6074658692606,3.20596730230314,20,NA,NA,NA
"real","TKL_LKA",-0.782935189031809,2.7081622463157,17,NA,NA,NA
"real","TKL_NER",-1.54242805556702,4.34027548969904,8,NA,NA,NA
"real","TKL_SGP",-1.21184844277867,5.00357631450652,13,NA,NA,NA
"real","TKL_ZWE",-1.69185800173135,3.84009703835746,20,NA,NA,NA
"real","TKM_ARE",-0.370139759108038,2.74441038560628,14,NA,NA,NA
"real","TKM_BEL",-0.420240790959974,2.47991139326681,21,NA,NA,NA
"real","TKM_BOL",-4.64192619335995,12.1052490215845,11,NA,NA,NA
"real","TKM_NCL",-0.040257579359228,4.87329219918985,11,NA,NA,NA
"real","TKM_SGP",-2.62539465557714,10.9553734535664,13,NA,NA,NA
"real","TKM_THA",-0.737704080145753,6.33218803122962,20,NA,NA,NA
"real","TKM_VNM",-2.05076056911599,7.52610340893333,10,NA,NA,NA
"real","TON_BEL",-2.23255664239482,6.00692599162138,16,NA,NA,NA
"real","TON_PYF",-1.340328097061,3.05231792432799,12,NA,NA,NA
"real","TON_SGP",-0.698793919939551,1.74520586293008,17,NA,NA,NA
"real","TTO_BEL",-0.306738393175104,0.614518800780765,8,NA,NA,NA
"real","TTO_COD",-3.03551954178177,6.1756606674579,14,NA,NA,NA
"real","TTO_CPV",-1.09109546349047,6.35869290236704,14,NA,NA,NA
"real","TTO_EST",-1.2265394473777,4.39138592021729,8,NA,NA,NA
"real","TTO_KGZ",-0.794045269910213,3.9196344451355,9,NA,NA,NA
"real","TUN_BIH",-0.0755048502978225,0.157250236686455,18,NA,NA,NA
"real","TUN_BLZ",-2.46487211001264,9.76638485432581,10,NA,NA,NA
"real","TUN_ERI",-0.837459542490859,3.67334292433158,10,NA,NA,NA
"real","TUN_LAO",-0.665277809846,4.28924530152373,10,NA,NA,NA
"real","TUN_MAC",-1.20802276689261,8.00284618935647,21,NA,NA,NA
"real","TUR_BTN",-0.525443843233828,1.07525355845696,17,NA,NA,NA
"real","TUR_NCL",-0.0264430490755506,0.0808773295433854,21,NA,NA,NA
"real","TUR_WSM",-1.44864334916253,3.62805292384877,19,NA,NA,NA
"real","TUV_BEL",0.23994949299022,6.68144580549742,14,NA,NA,NA
"real","TUV_BRA",-2.64672574215081,13.4342486938425,12,NA,NA,NA
"real","TUV_MDA",-0.711755249911735,8.16719575799787,10,NA,NA,NA
"real","TUV_SGP",-0.5665433508981,4.94668772318491,12,NA,NA,NA
"real","TWN_BEL",0.00690374510540111,0.0381050523983317,21,NA,NA,NA
"real","TWN_LUX",0.074574797681115,0.569085601899518,21,NA,NA,NA
"real","TZA_ARM",-1.17477193879225,3.93805360023859,19,NA,NA,NA
"real","TZA_BEL",-0.207180645777878,0.545631508511839,21,NA,NA,NA
"real","TZA_KNA",-2.58692819010795,8.48331101634676,9,NA,NA,NA
"real","TZA_MKD",-0.54568260971055,3.90728161807218,20,NA,NA,NA
"real","TZA_PNG",-0.180237864165086,3.952087990723,14,NA,NA,NA
"real","TZA_TCD",-1.7773874409118,5.66449059682183,15,NA,NA,NA
"real","TZA_VCT",-2.24088131384926,5.10172045059098,10,NA,NA,NA
"real","UGA_ALB",-0.362217649759454,0.9276119577203,19,NA,NA,NA
"real","UGA_BEL",-0.0309534445242677,0.154371550808546,21,NA,NA,NA
"real","UGA_BLR",-2.06063195844808,6.24559211018763,18,NA,NA,NA
"real","UGA_IRN",-3.26461927055767,11.8464298961115,19,NA,NA,NA
"real","UGA_KHM",-1.78811139687258,5.65531601402789,15,NA,NA,NA
"real","UGA_LTU",-1.95964036803511,9.48695354488959,18,NA,NA,NA
"real","UGA_MRT",-1.93086631400571,6.87203196557622,14,NA,NA,NA
"real","UGA_PER",-2.1909050032364,8.04849220850857,19,NA,NA,NA
"real","UKR_ANT",-0.577668805354287,1.5707197355551,9,NA,NA,NA
"real","UKR_ATG",-0.490419374529286,1.8774071029694,20,NA,NA,NA
"real","UKR_BEL",0.0280877722648592,0.11647964289557,14,NA,NA,NA
"real","UKR_BRN",-1.13016055971997,2.82739376371304,19,NA,NA,NA
"real","UKR_CPV",-1.17137305323542,8.06625849381414,20,NA,NA,NA
"real","UKR_LUX",-0.346388996040964,0.726444490918086,14,NA,NA,NA
"real","UKR_NCL",-0.47693714545354,0.979618433870158,21,NA,NA,NA
"real","UKR_SUR",-1.38806855118679,3.77980316460392,20,NA,NA,NA
"real","URY_AFG",-0.146901240068394,0.597971345896577,17,NA,NA,NA
"real","URY_ARM",-1.6068612346154,5.91816368216936,21,NA,NA,NA
"real","URY_BEL",-0.0788997827346769,0.130949463330116,21,NA,NA,NA
"real","URY_BWA",0.242203465681085,1.36047807719043,15,NA,NA,NA
"real","URY_GNQ",-0.198906172095665,0.981149105105664,19,NA,NA,NA
"real","URY_MMR",-0.518258309626139,2.18435576557123,16,NA,NA,NA
"real","URY_NCL",-1.01782993000566,3.97758697850906,17,NA,NA,NA
"real","URY_NER",-1.04345701498562,6.88455392690939,17,NA,NA,NA
"real","URY_UGA",-1.00304072100078,4.21802321816043,17,NA,NA,NA
"real","URY_ZMB",-0.618079670486923,1.01054635814653,20,NA,NA,NA
"real","USA_BEL",-0.00094484731224787,0.00592611641515025,21,NA,NA,NA
"real","USA_LUX",0.00709768990123916,0.0186052063454808,21,NA,NA,NA
"real","UZB_BEL",-0.225823223617708,0.975811368184869,21,NA,NA,NA
"real","UZB_LKA",-1.70320373721894,5.15334955630153,17,NA,NA,NA
"real","UZB_LUX",-1.87652835286039,7.03005672187108,19,NA,NA,NA
"real","UZB_PER",-2.26438633086098,6.60490416535939,19,NA,NA,NA
"real","UZB_SLV",-0.93970237745701,6.93329399571701,9,NA,NA,NA
"real","VCT_BEL",-4.27059066848371,14.8193912750665,8,NA,NA,NA
"real","VCT_IND",-2.92688382889139,12.1697285493746,9,NA,NA,NA
"real","VCT_SAU",-1.89151062690737,5.56769485131317,13,NA,NA,NA
"real","VEN_BEL",-0.0844656247378073,0.163509012362914,21,NA,NA,NA
"real","VEN_BHR",-1.81223509252239,3.88121353920325,18,NA,NA,NA
"real","VEN_MKD",-3.42014730064544,15.1010233284981,21,NA,NA,NA
"real","VGB_ATG",-0.642563475800716,3.165566349124,16,NA,NA,NA
"real","VGB_CHN",-1.59726791717674,5.29650634201976,19,NA,NA,NA
"real","VGB_CUB",-0.410001042799847,2.60282993892781,8,NA,NA,NA
"real","VGB_GHA",-4.22129583801923,12.7700125801977,12,NA,NA,NA
"real","VGB_IND",-1.9915500954012,6.50580740067938,18,NA,NA,NA
"real","VGB_ISR",-1.25519245384302,4.04687459714925,19,NA,NA,NA
"real","VGB_LKA",-0.888491591330863,2.10773119743601,14,NA,NA,NA
"real","VNM_ATG",-0.295220281819128,2.76707554435311,19,NA,NA,NA
"real","VNM_BEL",0.27908019377451,0.627565120382204,21,NA,NA,NA
"real","VNM_BLZ",-1.09969092915876,2.91312296408576,21,NA,NA,NA
"real","VNM_DMA",-0.79103761984898,3.87953809340906,16,NA,NA,NA
"real","VNM_GEO",0.241257891240683,2.38959410853561,21,NA,NA,NA
"real","VNM_LUX",-1.42986471900996,2.42589911542973,21,NA,NA,NA
"real","VNM_NCL",0.336223299279292,0.348461310723902,17,NA,NA,NA
"real","VNM_STP",-0.567763660710146,6.92870250237252,13,NA,NA,NA
"real","VUT_BEL",-2.62953535783764,11.4572693621105,21,NA,NA,NA
"real","VUT_IND",-2.24291278794934,15.9209738730336,19,NA,NA,NA
"real","VUT_NCL",0.0829103886825722,0.198591496072293,17,NA,NA,NA
"real","VUT_SAU",-2.80952718932768,7.16941209670709,14,NA,NA,NA
"real","WLF_NCL",-0.633545771041069,3.10062009084001,17,NA,NA,NA
"real","WLF_NZL",-1.40636426186229,9.96328156831355,9,NA,NA,NA
"real","WSM_NCL",-1.87550181692673,5.89374305179916,21,NA,NA,NA
"real","YEM_BEL",-0.875315135473388,1.9527264324787,21,NA,NA,NA
"real","YEM_BEN",0.126529225463812,2.24299367515324,10,NA,NA,NA
"real","YEM_CAF",-1.11679854204372,3.69793656812068,9,NA,NA,NA
"real","ZAF_LBR",-0.500738977077189,1.16965040860913,21,NA,NA,NA
"real","ZAF_MKD",-1.86512357283762,3.70742370903946,21,NA,NA,NA
"real","ZMB_BEL",-0.317179255435029,1.35228364350495,21,NA,NA,NA
"real","ZMB_BTN",-0.613775048385941,4.35574149434512,14,NA,NA,NA
"real","ZMB_EST",-1.6398622706661,6.0953728116772,12,NA,NA,NA
"real","ZMB_GAB",-2.58323714683007,5.8019848888881,11,NA,NA,NA
"real","ZMB_GIN",-0.885980576373973,3.90181388856529,15,NA,NA,NA
"real","ZMB_IRN",-3.46682839727571,11.2958691622188,13,NA,NA,NA
"real","ZMB_LTU",-2.08243081532885,7.54119528956122,14,NA,NA,NA
"real","ZMB_LUX",-2.3000616798997,10.99731724139,17,NA,NA,NA
"real","ZMB_MKD",-2.75343187997237,12.0241179753543,11,NA,NA,NA
"real","ZMB_PAN",-2.00598705160688,9.54360235452179,9,NA,NA,NA
"real","ZWE_ARM",-3.13353066458223,14.4291499759545,17,NA,NA,NA
"real","ZWE_AZE",-0.995397013932868,4.43231497068525,17,NA,NA,NA
"real","ZWE_BEL",-0.0159383561674139,0.0960817598364446,12,NA,NA,NA
"real","ZWE_FRO",-2.03912098969621,6.49217183165146,9,NA,NA,NA
"real","ZWE_KGZ",-2.7785600879245,10.3849883032076,11,NA,NA,NA
"real","ZWE_SLE",-2.13199668483554,8.44473828350131,13,NA,NA,NA
"real","ABW_ATG",-1.37897366290994,2.38818645561499,11,NA,NA,NA
"real","ABW_CHE",-2.50466384860267,9.99159528724373,20,NA,NA,NA
"real","ABW_KHM",0.158012267413373,1.8214729376431,8,NA,NA,NA
"real","ABW_NGA",-1.16017516030138,4.53370081614307,14,NA,NA,NA
"real","ABW_ZAF",-5.36575311643236,11.8862902422018,20,NA,NA,NA
"real","ABW_ZWE",-0.639774651867563,4.53782610820515,9,NA,NA,NA
"real","AFG_BHR",-0.126190439344455,1.51379099498168,20,NA,NA,NA
"real","AFG_CIV",-1.93191285087005,8.0276107248,16,NA,NA,NA
"real","AFG_DMA",-0.416544394174389,1.79737842670086,8,NA,NA,NA
"real","AFG_GHA",-0.759279681242523,3.15705322175295,15,NA,NA,NA
"real","AFG_KEN",-0.469192572280636,4.92573175090296,17,NA,NA,NA
"real","AFG_LUX",-0.231792418077085,3.29511549135527,20,NA,NA,NA
"real","AFG_NCL",-0.333581754497668,2.58702721331311,14,NA,NA,NA
"real","AGO_BWA",-1.96946759526898,5.29827570850075,17,NA,NA,NA
"real","AGO_CPV",-1.04765918993417,5.91494278352837,17,NA,NA,NA
"real","AGO_MOZ",-1.09859829272769,2.2667307822065,20,NA,NA,NA
"real","AGO_SVK",-1.63635107462716,4.44576311544852,17,NA,NA,NA
"real","AGO_UKR",-1.23436550695039,5.12969916086654,15,NA,NA,NA
"real","AGO_VNM",-1.75381325060277,5.53370205866695,15,NA,NA,NA
"real","AIA_ANT",-0.295236368102081,1.39607282551591,8,NA,NA,NA
"real","AIA_CHE",-1.26412095818526,4.86346563696348,13,NA,NA,NA
"real","AIA_DOM",-1.25860473991897,4.90901542647978,13,NA,NA,NA
"real","AIA_KOR",-2.04016990213429,6.39055095505143,20,NA,NA,NA
"real","AIA_VGB",-1.07297142877539,3.7155252479971,8,NA,NA,NA
"real","AIA_ZAF",-0.9762977986206,4.09184344266211,20,NA,NA,NA
"real","ALB_BGD",-3.18304692266071,15.1785935417926,11,NA,NA,NA
"real","ALB_BHR",-0.772139974204358,3.08309691135646,20,NA,NA,NA
"real","ALB_BLR",-1.41682412932918,6.10170794594762,17,NA,NA,NA
"real","ALB_JAM",-1.42893607419988,11.6530894887969,8,NA,NA,NA
"real","ALB_KHM",-0.617000226264584,4.73126239272789,8,NA,NA,NA
"real","ALB_KWT",-0.494632275349198,3.37476648968444,18,NA,NA,NA
"real","ALB_MOZ",-0.0849367599759849,2.40050715865557,19,NA,NA,NA
"real","ALB_MYT",-0.216599973343337,4.54783219509886,8,NA,NA,NA
"real","ALB_NGA",-6.46708983732992,13.2998200061772,16,NA,NA,NA
"real","ALB_ZWE",-0.365237028836891,3.08038138238982,8,NA,NA,NA
"real","AND_ATG",-0.273386797276785,5.20818774085338,8,NA,NA,NA
"real","AND_DOM",-1.29973287132636,5.35070111513744,19,NA,NA,NA
"real","AND_EGY",-0.961973238364051,4.95306749840954,19,NA,NA,NA
"real","AND_ETH",-0.478665756497896,2.67920495481541,20,NA,NA,NA
"real","AND_GUY",-0.859684193824518,4.82045878872667,20,NA,NA,NA
"real","AND_KAZ",-0.0659243773243897,4.60316937686932,13,NA,NA,NA
"real","AND_MOZ",-0.498977280296485,2.20156967471194,18,NA,NA,NA
"real","AND_MWI",-0.210467780211975,2.36714800615367,18,NA,NA,NA
"real","AND_MYT",-1.52293410888158,3.42731971130509,11,NA,NA,NA
"real","AND_NCL",0.106396483829573,2.98246580660599,16,NA,NA,NA
"real","AND_NGA",-2.97813099887164,6.14311146676737,19,NA,NA,NA
"real","AND_SAU",-0.357000619749109,3.8705930733452,14,NA,NA,NA
"real","AND_TTO",-1.01178327601959,4.88624481183511,8,NA,NA,NA
"real","AND_VNM",-1.80307880519346,10.4133645033473,13,NA,NA,NA
"real","AND_ZAF",-1.18209919192559,3.11014788874609,20,NA,NA,NA
"real","ANT_ZAF",-1.84098013633807,2.55798520862641,11,NA,NA,NA
"real","ANT_ZWE",-1.48871291557844,5.52716980943459,9,NA,NA,NA
"real","ARE_GRD",-1.70499998078782,3.32998436196696,20,NA,NA,NA
"real","ARE_KHM",-1.01373389718343,1.76583665536634,20,NA,NA,NA
"real","ARE_LSO",-1.72128232775323,5.76092190576549,17,NA,NA,NA
"real","ARE_MRT",-0.974831822430499,1.39071088841872,20,NA,NA,NA
"real","ARE_MYT",-0.0743337858791053,0.17827616026521,11,NA,NA,NA
"real","ARE_NAM",-0.253206536443672,0.546209756379989,20,NA,NA,NA
"real","ARE_SWZ",-0.806553067119234,1.51270218598535,18,NA,NA,NA
"real","ARE_VNM",-0.186216626433879,0.193074815589483,20,NA,NA,NA
"real","ARG_KHM",-1.14520850745322,2.3232008923755,20,NA,NA,NA
"real","ARG_MYT",-0.273522905431674,0.641226218932861,10,NA,NA,NA
"real","ARG_NAM",0.0734548816388901,0.783889438245415,15,NA,NA,NA
"real","ARG_PSE",-0.111584254467753,0.472967991319541,18,NA,NA,NA
"real","ARG_SWZ",-1.31332619877234,3.03464832525148,15,NA,NA,NA
"real","ARM_ALB",-2.377579977068,7.38430277435412,14,NA,NA,NA
"real","ARM_ARG",-2.43615409008161,6.56111709641272,19,NA,NA,NA
"real","ARM_BHR",-1.20184984067917,4.65751875717122,17,NA,NA,NA
"real","ARM_BRB",-0.544941536787811,3.69662336223116,9,NA,NA,NA
"real","ARM_JOR",-2.04539077890816,5.58952192665507,20,NA,NA,NA
"real","ARM_LUX",-1.68002640128511,6.95368839002651,17,NA,NA,NA
"real","ARM_MAC",-0.485391554669225,3.77257888884533,15,NA,NA,NA
"real","ARM_MAR",-1.75282329638352,3.95684133232694,13,NA,NA,NA
"real","ARM_MOZ",-1.04912140066335,5.8420063477993,13,NA,NA,NA
"real","ARM_QAT",-1.75417600130375,7.12665241259119,15,NA,NA,NA
"real","ARM_SDN",-0.733665074071641,1.75858923854387,12,NA,NA,NA
"real","ARM_SGP",-2.16631892818645,9.07953492598283,19,NA,NA,NA
"real","ARM_TTO",-3.38593773252686,16.7719878233026,12,NA,NA,NA
"real","ARM_VEN",-0.613217306861727,3.84326681394167,10,NA,NA,NA
"real","ARM_VGB",-2.29592680867639,6.40728759827488,16,NA,NA,NA
"real","ARM_ZAF",-0.0658088436029515,1.04567748870864,20,NA,NA,NA
"real","ARM_ZMB",-0.11550123915823,4.28213444556532,8,NA,NA,NA
"real","ASM_AUS",0.0117958412414471,0.331261664383194,20,NA,NA,NA
"real","ASM_BGD",-0.609544561345752,6.22292027147319,15,NA,NA,NA
"real","ASM_BLR",-3.45894811115455,6.8036423353289,10,NA,NA,NA
"real","ASM_BRB",-2.49878130894038,11.0028032400349,15,NA,NA,NA
"real","ASM_CAN",-0.137889770806994,0.796534700772268,20,NA,NA,NA
"real","ASM_CZE",-0.92194804506092,3.05929496777103,20,NA,NA,NA
"real","ASM_DMA",-0.556844675475096,1.65280563479362,11,NA,NA,NA
"real","ASM_ECU",-1.54811477045202,5.45120840358608,20,NA,NA,NA
"real","ASM_ETH",-1.80515199860214,13.3529718944055,9,NA,NA,NA
"real","ASM_GHA",-2.30775785189674,5.93464460855995,19,NA,NA,NA
"real","ASM_GRD",-0.688391408241669,2.18279153160899,8,NA,NA,NA
"real","ASM_GUY",-1.19496991293646,7.36645850944637,8,NA,NA,NA
"real","ASM_HUN",-0.827162236583973,5.0396484207113,11,NA,NA,NA
"real","ASM_IDN",-0.316180188249992,0.864917366148701,20,NA,NA,NA
"real","ASM_JPN",-0.942964252463279,5.09196083836727,20,NA,NA,NA
"real","ASM_KNA",-1.68123761839614,6.06941822682118,12,NA,NA,NA
"real","ASM_KOR",-1.47516451230963,5.0704639605429,20,NA,NA,NA
"real","ASM_LBN",-0.820306508940007,3.35987369248998,15,NA,NA,NA
"real","ASM_MOZ",-1.05034913730036,2.57939589300948,12,NA,NA,NA
"real","ASM_MYS",-1.56320287225134,4.63911949820596,18,NA,NA,NA
"real","ASM_NAM",-1.10330209736564,5.15879425697336,11,NA,NA,NA
"real","ASM_NGA",-0.991067381826189,3.62032641724773,13,NA,NA,NA
"real","ASM_NZL",-0.528570237929322,1.39075881608143,20,NA,NA,NA
"real","ASM_PHL",-3.05652799548385,10.7428780887383,13,NA,NA,NA
"real","ASM_SGP",-2.14778849697839,1.98572005290008,12,NA,NA,NA
"real","ASM_SVK",-0.597812946736917,1.60278187128287,18,NA,NA,NA
"real","ASM_TGO",-0.796718152674388,1.33101557802725,10,NA,NA,NA
"real","ASM_THA",-0.690996375939374,4.06625399310258,20,NA,NA,NA
"real","ASM_TON",-0.0362527994578826,1.35168799388005,15,NA,NA,NA
"real","ASM_TWN",-0.704467279526681,3.36875052866106,19,NA,NA,NA
"real","ASM_TZA",-3.02957931591024,5.44517171607735,20,NA,NA,NA
"real","ASM_URY",-0.558316076204088,1.95169691203007,11,NA,NA,NA
"real","ASM_ZAF",-1.36818739996365,3.28542876917714,20,NA,NA,NA
"real","ASM_ZMB",-2.22676035762087,11.896354844548,12,NA,NA,NA
"real","ATA_CAN",-0.942068410567371,4.31768310308114,20,NA,NA,NA
"real","ATA_SDN",-0.763925079920514,5.77304446345221,16,NA,NA,NA
"real","ATA_UKR",-0.874824622186636,13.2440860762397,13,NA,NA,NA
"real","ATA_ZAF",-1.79958573673273,10.4619401598812,19,NA,NA,NA
"real","ATF_MDA",-1.21079757285393,12.3645865154202,8,NA,NA,NA
"real","ATG_ARG",-1.87406134797497,5.90923555514796,12,NA,NA,NA
"real","ATG_BGD",-0.0570546024695168,11.8525387942135,15,NA,NA,NA
"real","ATG_CHL",-4.20438044965582,7.68569589810696,10,NA,NA,NA
"real","ATG_MWI",-0.606468844047314,2.46008935628656,11,NA,NA,NA
"real","ATG_SLV",-0.828237407448691,7.98676027090472,13,NA,NA,NA
"real","ATG_TCA",-0.214671178887277,6.40580846765856,9,NA,NA,NA
"real","AUS_ASM",-0.371657308435076,1.19490290131868,20,NA,NA,NA
"real","AUS_ERI",-0.484274983735063,1.1573229515398,20,NA,NA,NA
"real","AUS_GUM",0.0400350950706199,0.235626121838027,20,NA,NA,NA
"real","AUS_LSO",-1.08937732345276,2.74673457749008,20,NA,NA,NA
"real","AUS_MYT",-0.0952864262144429,0.380727171857593,10,NA,NA,NA
"real","AUS_PSE",0.0447356497740023,1.705175945188,16,NA,NA,NA
"real","AUS_SPM",-0.66830173287376,2.30365123764801,8,NA,NA,NA
"real","AUS_UMI",-0.478822995604299,4.86870624093689,14,NA,NA,NA
"real","AUT_BWA",0.0128716755202307,2.31019680948434,15,NA,NA,NA
"real","AUT_LSO",-0.70439032233936,2.39064019454147,12,NA,NA,NA
"real","AUT_UMI",-2.1877940423311,3.41281470143335,9,NA,NA,NA
"real","AZE_BHR",-1.77648722832701,3.04766207545509,15,NA,NA,NA
"real","AZE_CRI",-0.486750600092906,3.92596765996666,12,NA,NA,NA
"real","AZE_ETH",-1.89433006559477,5.73675130961897,14,NA,NA,NA
"real","AZE_GIB",-0.401752849081283,1.60537435411432,11,NA,NA,NA
"real","AZE_GNQ",-1.38508081666619,16.5244011381506,9,NA,NA,NA
"real","AZE_LUX",-0.909427544723232,9.43435468178969,20,NA,NA,NA
"real","AZE_MOZ",-0.97717732127222,8.7055460942518,19,NA,NA,NA
"real","AZE_MWI",-0.701937127964018,2.32607729508638,14,NA,NA,NA
"real","AZE_NCL",-0.432112260709758,4.13605439892237,10,NA,NA,NA
"real","AZE_PYF",-0.521031058513268,4.02195542267987,13,NA,NA,NA
"real","AZE_QAT",-0.888305939511725,4.57341952360931,20,NA,NA,NA
"real","AZE_SEN",-0.82992477222354,7.62788171520144,11,NA,NA,NA
"real","AZE_TUN",-2.7119689806687,11.2741211654252,20,NA,NA,NA
"real","AZE_ZAF",-2.9767902288069,6.3753602648943,20,NA,NA,NA
"real","AZE_ZWE",-0.522678410971255,5.33339221419616,14,NA,NA,NA
"real","BDI_MOZ",-2.52904387374009,7.23904050522417,12,NA,NA,NA
"real","BEL_BWA",-0.549950838156063,1.10070934358812,15,NA,NA,NA
"real","BEL_LSO",-0.36092583541162,0.905112306430426,15,NA,NA,NA
"real","BEL_MHL",-4.70721771273194,9.94177582531717,20,NA,NA,NA
"real","BEL_NAM",0.121845085485083,0.171128146743679,15,NA,NA,NA
"real","BEL_SWZ",-0.171319254041134,0.355270734241021,15,NA,NA,NA
"real","BEL_UMI",0.0593315722343216,3.5870851938475,20,NA,NA,NA
"real","BEL_VAT",-0.662453282446378,1.60117636170925,20,NA,NA,NA
"real","BEN_COD",-0.788607827043382,2.56687676366269,18,NA,NA,NA
"real","BEN_MWI",-2.85965464248536,13.9389962268158,8,NA,NA,NA
"real","BEN_POL",-1.48194880545805,6.54897780091394,18,NA,NA,NA
"real","BFA_LUX",-1.19784784661263,3.60928078374871,20,NA,NA,NA
"real","BFA_MOZ",-0.571176964778577,6.4205129064766,11,NA,NA,NA
"real","BFA_NIC",-1.22926081193028,5.77157103862477,9,NA,NA,NA
"real","BGD_BWA",-0.941971189411216,7.42929088225354,19,NA,NA,NA
"real","BGD_GUM",-0.384662975124764,0.846270601185656,13,NA,NA,NA
"real","BGD_MYT",-0.360290074679739,0.519707902027088,10,NA,NA,NA
"real","BGD_NAM",-1.03329155452975,1.30342714899387,19,NA,NA,NA
"real","BGD_PSE",-0.324854258796695,4.80067511192702,15,NA,NA,NA
"real","BGD_SWZ",-0.711885406906404,2.68095459482103,20,NA,NA,NA
"real","BGR_BWA",-0.906631099844238,8.63669679477904,15,NA,NA,NA
"real","BGR_NAM",-2.15792999251886,7.91376272193724,15,NA,NA,NA
"real","BGR_SWZ",-1.42323480153031,4.65470402250075,10,NA,NA,NA
"real","BHR_BWA",-3.33279466409252,13.7538103263491,13,NA,NA,NA
"real","BHR_CAF",-0.854853345678707,3.93270560504341,9,NA,NA,NA
"real","BHR_KAZ",-0.888197460110884,4.41477822443539,17,NA,NA,NA
"real","BHR_KHM",-2.05627582693583,5.60208924601488,16,NA,NA,NA
"real","BHR_LAO",-1.18955174240398,4.38995304518814,11,NA,NA,NA
"real","BHR_LUX",-1.49342529141714,3.62483329959253,19,NA,NA,NA
"real","BHR_MAC",-1.0397794722029,3.38332192204614,15,NA,NA,NA
"real","BHR_MOZ",-2.06935848544213,9.45496280196583,19,NA,NA,NA
"real","BHR_MRT",-1.4067704993988,2.86776984330629,20,NA,NA,NA
"real","BHR_VNM",0.212548231529009,0.44120568061069,20,NA,NA,NA
"real","BHS_BHR",-0.506369650468849,2.11711434185455,20,NA,NA,NA
"real","BHS_MOZ",-3.03619540445065,6.21525733297484,20,NA,NA,NA
"real","BHS_NAM",-4.27046089718865,18.7880908352312,12,NA,NA,NA
"real","BIH_BHR",-0.916580372194704,1.55662301917177,20,NA,NA,NA
"real","BIH_BRB",-1.78223348281102,5.2712514620858,18,NA,NA,NA
"real","BIH_KEN",-1.47831510622557,2.37393834078032,19,NA,NA,NA
"real","BIH_KWT",-0.756007606689032,1.87425836978934,20,NA,NA,NA
"real","BIH_NAM",-1.66392704223629,4.9422719677426,13,NA,NA,NA
"real","BIH_PER",-0.602277475941536,0.680838341630189,20,NA,NA,NA
"real","BIH_QAT",-0.56003017019284,0.522331970846538,20,NA,NA,NA
"real","BIH_VEN",-0.483288078180453,2.35614917123829,11,NA,NA,NA
"real","BIH_ZAF",-0.0840461414537753,0.0964788998143768,20,NA,NA,NA
"real","BLR_BHR",-1.06492314055429,1.61677702345829,20,NA,NA,NA
"real","BLR_KEN",-1.58130851627942,4.7457692948664,20,NA,NA,NA
"real","BLR_KHM",-0.927848613594773,1.89900435050537,20,NA,NA,NA
"real","BLR_LBY",-0.29859798061806,1.22955141346317,19,NA,NA,NA
"real","BLR_MWI",-0.642625728903808,4.95836872059948,12,NA,NA,NA
"real","BLR_ZAF",-0.404308095085191,0.631960897217025,20,NA,NA,NA
"real","BLZ_ARM",-0.965906277944278,6.70287510251987,10,NA,NA,NA
"real","BLZ_CMR",-2.20338343371932,14.4912968873426,14,NA,NA,NA
"real","BLZ_LKA",-1.16882315007784,4.30892755256878,16,NA,NA,NA
"real","BLZ_MKD",-1.19311407293934,11.6957664973262,15,NA,NA,NA
"real","BLZ_NAM",-3.14866899894861,11.0505676318936,16,NA,NA,NA
"real","BLZ_VNM",-1.7785590548207,14.5800303826373,18,NA,NA,NA
"real","BLZ_YEM",-0.840807947505721,4.9732675848567,9,NA,NA,NA
"real","BLZ_ZAF",-0.513869779635022,2.76713682731675,20,NA,NA,NA
"real","BMU_PYF",-2.20823598693735,5.72269125346569,8,NA,NA,NA
"real","BMU_TWN",-0.942093837891486,3.06318621491343,15,NA,NA,NA
"real","BMU_ZAF",-3.049135739315,6.88841149997053,20,NA,NA,NA
"real","BOL_MWI",-1.51481974092554,13.6831529268982,8,NA,NA,NA
"real","BOL_NCL",-1.0969516046893,2.54745956665944,19,NA,NA,NA
"real","BOL_SUR",-1.36447734773626,7.07458442035119,12,NA,NA,NA
"real","BOL_ZMB",-0.059908694410731,0.220358522669618,9,NA,NA,NA
"real","BRA_BWA",0.220999819477229,1.74641246225662,15,NA,NA,NA
"real","BRA_FLK",-1.71499185758009,5.12069410656212,9,NA,NA,NA
"real","BRA_GUM",-0.388545789665814,3.44994337197362,19,NA,NA,NA
"real","BRA_LSO",-1.33658365219904,4.34789204660572,14,NA,NA,NA
"real","BRA_MNP",-1.16792935449646,3.9655058686034,15,NA,NA,NA
"real","BRA_MYT",-0.33769065683636,0.480046217907238,10,NA,NA,NA
"real","BRA_NAM",-0.0915321401374049,0.673209649155032,15,NA,NA,NA
"real","BRA_PLW",-2.3126814236088,5.21888292133839,15,NA,NA,NA
"real","BRA_UMI",-0.209983516720561,2.16258938450466,19,NA,NA,NA
"real","BRB_AZE",-1.70591223437684,7.42078193282809,16,NA,NA,NA
"real","BRB_BVT",-0.606202706093199,6.52478166684936,11,NA,NA,NA
"real","BRB_CIV",-4.0401135907186,9.84924382962807,12,NA,NA,NA
"real","BRB_KEN",-5.41220643021424,10.1827166535099,16,NA,NA,NA
"real","BRB_MDA",-0.596903588170558,4.86479297931996,16,NA,NA,NA
"real","BRB_STP",-2.44783869458453,10.0916557771519,10,NA,NA,NA
"real","BRB_SWZ",-2.33215140418655,7.94965813520095,9,NA,NA,NA
"real","BRB_ZAF",-0.513608650225142,2.20981499683413,20,NA,NA,NA
"real","BRN_AZE",-0.568198406424801,4.76934976943036,10,NA,NA,NA
"real","BRN_BGR",-1.90790654641112,8.22463233961098,11,NA,NA,NA
"real","BRN_ETH",-1.21063009225269,3.10613944044877,9,NA,NA,NA
"real","BRN_MDV",-1.27151949683073,4.0012810167461,9,NA,NA,NA
"real","BRN_RUS",-2.50142327590904,6.91128872113139,20,NA,NA,NA
"real","BRN_SEN",-0.915921002878405,3.26729583625947,12,NA,NA,NA
"real","BRN_VEN",-2.28256061273266,5.89140172071784,15,NA,NA,NA
"real","BRN_ZAF",-2.7806984442692,6.08531707567349,20,NA,NA,NA
"real","BTN_FRO",0.301139274673649,4.12957037345208,8,NA,NA,NA
"real","BTN_IDN",-2.17557865762517,7.66276746732383,16,NA,NA,NA
"real","BVT_CAN",-0.749720882432989,7.95478620261399,19,NA,NA,NA
"real","BVT_CHE",-1.20563301435277,14.9735606781525,8,NA,NA,NA
"real","BVT_LBN",-1.02541346212349,9.2846512412982,10,NA,NA,NA
"real","BVT_NGA",-1.60935378686879,8.30642360500466,14,NA,NA,NA
"real","BVT_THA",1.34529614035277,7.40051065625185,8,NA,NA,NA
"real","BVT_VCT",0.458801762538863,6.42137234808694,12,NA,NA,NA
"real","BWA_AND",-1.87824342870855,5.91654696838599,16,NA,NA,NA
"real","BWA_ARG",-0.826800900938246,5.12736062286413,10,NA,NA,NA
"real","BWA_BEL",-1.33259375715609,2.30828678269466,15,NA,NA,NA
"real","BWA_BEN",-2.15132397438327,5.97878391410281,10,NA,NA,NA
"real","BWA_BFA",-1.35766159644279,7.34383422048627,8,NA,NA,NA
"real","BWA_BGD",-0.987078408868005,5.70249014415462,11,NA,NA,NA
"real","BWA_BGR",-3.3079238641046,10.3094400779174,12,NA,NA,NA
"real","BWA_BRA",-1.55228808333748,8.17887563726691,14,NA,NA,NA
"real","BWA_CIV",-2.41017721713682,11.5964813027167,13,NA,NA,NA
"real","BWA_CRI",-0.417796980587946,3.70768289950562,19,NA,NA,NA
"real","BWA_DZA",-0.454729245956123,2.90889700899779,18,NA,NA,NA
"real","BWA_ECU",-3.24593509343004,30.0013378353823,8,NA,NA,NA
"real","BWA_ETH",-0.507149019935119,6.63267813037154,20,NA,NA,NA
"real","BWA_FIN",-3.03931121946219,16.1798671761081,15,NA,NA,NA
"real","BWA_GHA",0.00532332550510225,2.03162788819788,20,NA,NA,NA
"real","BWA_GIN",-2.11523024384212,11.6682491568023,13,NA,NA,NA
"real","BWA_GRC",-0.678077545156594,8.06403376630233,15,NA,NA,NA
"real","BWA_GUY",-0.228209336783559,2.56690934252299,14,NA,NA,NA
"real","BWA_HKG",-2.21597920637456,5.69808689410131,20,NA,NA,NA
"real","BWA_HUN",-2.28377701453299,9.03176613645688,13,NA,NA,NA
"real","BWA_IDN",-1.42975704277081,7.51704452807419,18,NA,NA,NA
"real","BWA_IRL",-0.877532439743197,4.16244112622882,15,NA,NA,NA
"real","BWA_ISR",-0.45273932528563,1.5395696012426,20,NA,NA,NA
"real","BWA_NGA",-4.556887669845,16.8029924896916,20,NA,NA,NA
"real","BWA_NZL",-1.90137171580648,5.22710079671088,20,NA,NA,NA
"real","BWA_PAK",-0.135882825659644,3.5888726236574,20,NA,NA,NA
"real","BWA_PRT",-2.340658436651,18.365782763056,15,NA,NA,NA
"real","BWA_QAT",-0.212601952024269,5.69392915184281,8,NA,NA,NA
"real","BWA_RUS",-2.64799600684927,5.18690843255018,19,NA,NA,NA
"real","BWA_SDN",-0.482933494712124,2.3763350654399,20,NA,NA,NA
"real","BWA_SEN",-1.14349158664515,7.37212593389348,16,NA,NA,NA
"real","BWA_TUR",-0.743582267543166,6.11173161462797,17,NA,NA,NA
"real","BWA_UGA",-0.510848560270867,2.98445117036283,20,NA,NA,NA
"real","CAF_ALB",-0.746390786679617,2.38806518560292,9,NA,NA,NA
"real","CAF_AND",-1.28136501364998,3.58955557338501,10,NA,NA,NA
"real","CAF_BHR",-1.219950949059,3.3877652264018,12,NA,NA,NA
"real","CAF_MKD",-1.4584398098985,5.01816524156875,17,NA,NA,NA
"real","CAF_NCL",-1.05969830893477,2.42593526298697,10,NA,NA,NA
"real","CAF_SLV",-1.6189996437825,4.73138838699511,13,NA,NA,NA
"real","CAF_UKR",-2.71709892084831,7.71332302655308,18,NA,NA,NA
"real","CAN_ASM",-0.076385749245219,0.31983979413168,20,NA,NA,NA
"real","CAN_ATA",-1.00978012733241,6.06864137434186,20,NA,NA,NA
"real","CAN_GUM",-0.0454176481703633,0.208101614842136,20,NA,NA,NA
"real","CAN_MYT",-0.427698903248416,0.677574001662842,10,NA,NA,NA
"real","CAN_UMI",0.083205133183732,4.40960799775528,20,NA,NA,NA
"real","CCK_CZE",-0.411997689145964,2.84544598737065,19,NA,NA,NA
"real","CCK_NGA",-0.96473423399387,2.66715945546163,17,NA,NA,NA
"real","CCK_SLV",-1.48614325792691,6.08154866309713,13,NA,NA,NA
"real","CCK_ZAF",-1.25965306758206,4.83663714623302,20,NA,NA,NA
"real","CHE_AIA",-0.836272444018291,1.86960526365338,20,NA,NA,NA
"real","CHE_ATA",0.387897862762317,2.57152996099105,8,NA,NA,NA
"real","CHE_BVT",-0.591111942381853,3.0267292450571,16,NA,NA,NA
"real","CHE_ESH",0.453655405724709,6.31667428281474,9,NA,NA,NA
"real","CHE_HMD",-0.850656535687233,2.75761876861055,10,NA,NA,NA
"real","CHE_MYT",-0.223080167023879,0.966123578552889,14,NA,NA,NA
"real","CHE_SMR",-0.206679513757257,0.265997807268311,20,NA,NA,NA
"real","CHE_UMI",-1.50897547163732,6.5863855620834,20,NA,NA,NA
"real","CHE_VAT",-0.120995888237121,0.163216448528873,20,NA,NA,NA
"real","CHE_WLF",-2.76597172518069,5.11749723484408,16,NA,NA,NA
"real","CHL_AIA",-3.48773392259418,3.99395320169723,20,NA,NA,NA
"real","CHL_BWA",-0.945166992714764,4.81982115853511,17,NA,NA,NA
"real","CHL_LSO",-1.10088960596912,4.28400747768708,9,NA,NA,NA
"real","CHL_MSR",-0.570341895243488,1.49912675999491,11,NA,NA,NA
"real","CHL_MYT",-1.58060685936353,2.84412981368672,10,NA,NA,NA
"real","CHL_NAM",-1.27254445575355,4.1584328575722,20,NA,NA,NA
"real","CHL_SMR",-1.16113439175541,2.03626344563417,11,NA,NA,NA
"real","CHN_AIA",-0.943236052016808,1.25951305939415,8,NA,NA,NA
"real","CHN_MYT",-0.181436969168539,0.141004972334487,14,NA,NA,NA
"real","CHN_PSE",-0.0473877528031427,0.0487649141228821,20,NA,NA,NA
"real","CHN_SMR",-0.285414204542715,0.355790019123673,18,NA,NA,NA
"real","CHN_WLF",-0.269489150504358,0.766152119843134,20,NA,NA,NA
"real","CIV_ATG",-1.42408908973098,7.77609125117841,16,NA,NA,NA
"real","CIV_AZE",-1.14400622135986,4.10083663919923,17,NA,NA,NA
"real","CIV_BHR",-1.02519404924893,5.06977345972295,19,NA,NA,NA
"real","CIV_BLZ",-0.378695440068198,2.02714169140618,20,NA,NA,NA
"real","CIV_GUY",-1.34003316096437,3.28326486926931,10,NA,NA,NA
"real","CIV_IRN",-1.28542471198916,7.13405843364454,18,NA,NA,NA
"real","CIV_KAZ",0.0210565622041876,1.19929427881131,20,NA,NA,NA
"real","CIV_KNA",-1.15789167610232,4.46094439930528,12,NA,NA,NA
"real","CIV_MYT",-0.140592864954298,0.323963218926804,13,NA,NA,NA
"real","CIV_NAM",-2.47984054949388,10.127367305646,16,NA,NA,NA
"real","CIV_SWZ",-2.04020164396607,8.92038245597953,12,NA,NA,NA
"real","CIV_VUT",-0.0715084667287642,1.28117917862134,20,NA,NA,NA
"real","CMR_GTM",-1.19834643073554,4.48384231521893,11,NA,NA,NA
"real","CMR_MYT",-0.0562288684287589,0.348695545527761,10,NA,NA,NA
"real","CMR_NAM",-2.1762558760277,11.0184690648694,18,NA,NA,NA
"real","CMR_NPL",-0.482931642171851,1.91327751193952,12,NA,NA,NA
"real","CMR_QAT",-0.787513692800979,2.69744463804691,19,NA,NA,NA
"real","COD_BHR",-1.1296525112183,2.9586179955214,11,NA,NA,NA
"real","COD_BOL",-2.5831218719487,8.94568293575538,14,NA,NA,NA
"real","COD_BWA",-1.53648304482846,5.5364440217942,20,NA,NA,NA
"real","COD_CRI",-1.41555894614657,3.12950988045706,20,NA,NA,NA
"real","COD_KHM",-1.70513036739272,6.83253829679,10,NA,NA,NA
"real","COD_LUX",-4.99797330498182,15.8964571889321,18,NA,NA,NA
"real","COD_MOZ",-4.45237577288618,7.68377487937717,11,NA,NA,NA
"real","COD_NER",-1.79888000477748,6.93074971332245,16,NA,NA,NA
"real","COG_AZE",-1.06789191431417,4.26081713574167,15,NA,NA,NA
"real","COG_MOZ",-0.420992764527475,1.01205615086892,15,NA,NA,NA
"real","COG_NAM",-3.59129594738536,18.7216074067747,20,NA,NA,NA
"real","COG_PAK",-0.750482494966577,1.81871527833358,17,NA,NA,NA
"real","COG_SLE",-3.72779909292983,12.179907147095,8,NA,NA,NA
"real","COG_VNM",-2.52926793472034,7.83808013395477,18,NA,NA,NA
"real","COK_MWI",-1.81388599175297,7.01785315178191,9,NA,NA,NA
"real","COK_VNM",-0.237435747839502,2.57719201088351,11,NA,NA,NA
"real","COK_ZAF",-1.26724456770072,5.17492118882124,20,NA,NA,NA
"real","COL_MYT",-0.0926033641990781,0.806030108931773,10,NA,NA,NA
"real","COM_BEL",-0.873614222267548,6.06196162785846,17,NA,NA,NA
"real","COM_BGR",-1.87934196164165,3.40012248049512,11,NA,NA,NA
"real","COM_EST",-0.40937312941914,1.41614781061105,9,NA,NA,NA
"real","COM_KAZ",-0.132359752992112,0.919504142920733,8,NA,NA,NA
"real","COM_MYT",-0.197874663010771,1.08442021922374,14,NA,NA,NA
"real","CPV_MLT",-4.54819100409197,13.4536685816025,8,NA,NA,NA
"real","CPV_MOZ",-0.723811368583923,4.67244449418569,19,NA,NA,NA
"real","CPV_MRT",-0.310679134115987,7.85795949880286,11,NA,NA,NA
"real","CPV_SAU",-2.02830258918274,8.37511762459232,9,NA,NA,NA
"real","CPV_SLV",-2.05649927401707,13.3476613087083,14,NA,NA,NA
"real","CPV_UKR",-1.07606737860812,4.28190992511097,9,NA,NA,NA
"real","CPV_VCT",-0.720184289965697,3.95493888272577,13,NA,NA,NA
"real","CPV_ZAF",-1.02206651204078,4.64021681432186,20,NA,NA,NA
"real","CRI_MWI",-2.80056687004815,3.42661864115497,16,NA,NA,NA
"real","CRI_TGO",-1.49055520766703,8.06105619164351,14,NA,NA,NA
"real","CUB_AIA",-0.846562659526993,3.94553053593319,8,NA,NA,NA
"real","CUB_ARM",-0.896679839526027,2.1752156376763,19,NA,NA,NA
"real","CUB_BHR",-0.00592416393497517,0.193219202990603,20,NA,NA,NA
"real","CUB_COG",-0.476550253484075,1.10857444596969,13,NA,NA,NA
"real","CUB_DMA",-1.6970521073985,8.96109467725143,10,NA,NA,NA
"real","CUB_KWT",-0.325039028317178,0.758309171075996,17,NA,NA,NA
"real","CUB_LAO",-0.648679818103266,1.19329777288832,12,NA,NA,NA
"real","CUB_MNG",-0.736890784423066,1.49170775390856,14,NA,NA,NA
"real","CUB_MYT",-0.567465299558268,1.46857120229988,9,NA,NA,NA
"real","CUB_NAM",-3.00100370636863,6.433374077424,19,NA,NA,NA
"real","CUB_QAT",-1.10504789848277,3.10428648806504,16,NA,NA,NA
"real","CUB_UZB",-3.96906140906662,12.2675254065503,8,NA,NA,NA
"real","CXR_TWN",-2.21108739636286,6.72698717263696,9,NA,NA,NA
"real","CXR_ZAF",-1.81252398237176,3.58810330307037,20,NA,NA,NA
"real","CYM_AIA",-1.91987553538042,4.23488841944449,8,NA,NA,NA
"real","CYM_IDN",-1.34665002940016,5.4676670285669,18,NA,NA,NA
"real","CYM_MOZ",-0.355568279015871,4.40799166181783,13,NA,NA,NA
"real","CYM_TWN",-1.29415245651489,5.87676173724629,18,NA,NA,NA
"real","CYM_ZAF",-1.80379640827201,4.08623386790861,20,NA,NA,NA
"real","CYP_BWA",0.357200936973343,0.891574833868343,15,NA,NA,NA
"real","CYP_LSO",-0.360940965476689,1.0052152395216,15,NA,NA,NA
"real","CYP_NAM",-1.10966260103815,2.92790734003389,15,NA,NA,NA
"real","CYP_SWZ",-0.100576353017175,0.896781466006581,15,NA,NA,NA
"real","CZE_GUM",-1.00587767965083,3.03161628516364,15,NA,NA,NA
"real","CZE_UMI",-2.17544707610256,15.1206452097916,16,NA,NA,NA
"real","DEU_UMI",-1.17730383448763,1.96927666593228,20,NA,NA,NA
"real","DJI_AUS",-0.746648196981322,2.91121742908565,16,NA,NA,NA
"real","DJI_BEN",-1.234249361186,3.17631320994588,14,NA,NA,NA
"real","DJI_BGR",-1.37013307582663,3.40053518641726,11,NA,NA,NA
"real","DJI_BHR",-1.8975397552988,6.55589382130128,18,NA,NA,NA
"real","DJI_CZE",-1.24282334355615,6.32081969854448,18,NA,NA,NA
"real","DJI_MOZ",-1.3956377583057,2.956713337926,8,NA,NA,NA
"real","DJI_PHL",-1.86994022747729,8.68243460576345,10,NA,NA,NA
"real","DJI_TWN",-2.46301976515149,8.09867310540022,15,NA,NA,NA
"real","DMA_AZE",-1.10279954008343,4.1599964931115,11,NA,NA,NA
"real","DMA_MOZ",-1.01448606225688,7.28424394267599,19,NA,NA,NA
"real","DMA_NAM",-1.20297298637734,4.4083417610467,9,NA,NA,NA
"real","DMA_NCL",-0.41665193469879,2.17504053576513,11,NA,NA,NA
"real","DMA_VNM",-0.651649760014958,2.30613862121342,15,NA,NA,NA
"real","DNK_UMI",-0.748037697517479,6.11133440403048,15,NA,NA,NA
"real","DOM_JOR",-0.708211323335784,2.97178791632517,18,NA,NA,NA
"real","DOM_KAZ",-0.311355720929402,0.499515319761277,20,NA,NA,NA
"real","DOM_MDG",-1.6307787137814,5.49606776783173,18,NA,NA,NA
"real","DOM_MOZ",-0.600318981922907,6.46355040054596,13,NA,NA,NA
"real","DOM_QAT",-1.22785773541579,13.4217335108915,17,NA,NA,NA
"real","DOM_SEN",-1.91822034158353,5.82149756690375,15,NA,NA,NA
"real","DZA_ATG",-0.412226974674309,4.12346679833018,9,NA,NA,NA
"real","DZA_GNQ",-0.0634734800484009,1.0187080410472,11,NA,NA,NA
"real","DZA_KNA",-6.20783956637686,8.0348749340704,17,NA,NA,NA
"real","DZA_MYT",-1.39154713993456,4.1473438935469,9,NA,NA,NA
"real","DZA_NAM",-2.16806186079099,12.1830534300303,8,NA,NA,NA
"real","DZA_ZAF",-0.945426706357918,2.0863845015407,20,NA,NA,NA
"real","ECU_ASM",-1.79872962818084,7.60063499520936,14,NA,NA,NA
"real","ECU_BWA",-1.35857709289492,6.19059868091406,12,NA,NA,NA
"real","ECU_MNG",-0.849284567640438,2.31346690717398,10,NA,NA,NA
"real","ECU_MYT",-1.09354072998098,3.58667985451726,12,NA,NA,NA
"real","ECU_NAM",-1.81624944905157,4.56968326953804,16,NA,NA,NA
"real","ECU_RWA",-0.905442802123335,4.0157727466679,17,NA,NA,NA
"real","EGY_MYT",0.0152281929840559,0.205900492036737,10,NA,NA,NA
"real","ERI_AUS",-0.328480337406834,5.51383802884593,19,NA,NA,NA
"real","ERI_LKA",-0.851437035890332,13.6263236945009,11,NA,NA,NA
"real","ERI_SLV",-1.32766551424277,9.48647067688117,9,NA,NA,NA
"real","ERI_THA",-0.203460006607637,9.37828793019609,20,NA,NA,NA
"real","ERI_ZAF",0.336350946207204,4.28647907743689,20,NA,NA,NA
"real","ESH_CAN",-1.41084405976613,10.132256188423,18,NA,NA,NA
"real","ESH_MEX",-1.51745356776835,7.87995227188464,14,NA,NA,NA
"real","ESH_SDN",-1.05895694939103,8.88466821338808,12,NA,NA,NA
"real","ESP_BWA",-0.0446420249942244,0.664780618992855,15,NA,NA,NA
"real","ESP_SWZ",-0.304273660312406,0.895770713954055,15,NA,NA,NA
"real","ESP_VAT",-0.256792217791435,0.593569715874613,20,NA,NA,NA
"real","EST_IRQ",-1.28645929554774,4.76892847350648,20,NA,NA,NA
"real","EST_MOZ",-1.91882565701322,7.82810477286861,14,NA,NA,NA
"real","EST_NAM",-0.797163673362532,6.73071319778529,14,NA,NA,NA
"real","EST_QAT",-1.58495276601285,2.21574941191679,20,NA,NA,NA
"real","EST_SYC",-1.54092081910388,3.15065090500953,10,NA,NA,NA
"real","ETH_BHS",-1.8401883643172,4.41788649724964,8,NA,NA,NA
"real","ETH_BWA",-0.116010679150334,1.31254848210291,20,NA,NA,NA
"real","ETH_GUY",-0.630582812675586,2.96064354043837,8,NA,NA,NA
"real","ETH_MOZ",-0.316945768578305,1.46062078966241,18,NA,NA,NA
"real","ETH_MRT",-2.54703396455592,7.61375504679288,11,NA,NA,NA
"real","ETH_PNG",-1.33084770313694,10.6671287473948,8,NA,NA,NA
"real","ETH_QAT",-0.418624819955981,0.926060292897084,20,NA,NA,NA
"real","ETH_VEN",-1.38288264410337,6.49619569682082,15,NA,NA,NA
"real","FIN_BWA",-0.426998860025194,1.90048266757842,15,NA,NA,NA
"real","FIN_LSO",-0.41300758865584,2.2655606428861,12,NA,NA,NA
"real","FIN_NAM",-0.389958512644776,0.52005445254107,15,NA,NA,NA
"real","FIN_SWZ",-0.816664577489775,2.39577449882523,15,NA,NA,NA
"real","FIN_VAT",-0.109909765802654,0.351965876870837,19,NA,NA,NA
"real","FJI_GTM",-2.1855150472377,7.28568225239314,14,NA,NA,NA
"real","FJI_HND",-1.63986120391887,4.57150144252013,14,NA,NA,NA
"real","FJI_MKD",-1.52876986002823,3.44989917432883,10,NA,NA,NA
"real","FJI_OMN",-0.850097771062775,2.60068249892575,10,NA,NA,NA
"real","FJI_PAK",-1.13575958966628,2.30809493887108,17,NA,NA,NA
"real","FJI_UKR",-0.898258022325704,2.3068385646707,20,NA,NA,NA
"real","FJI_WLF",-0.339454715911643,0.753576520140715,20,NA,NA,NA
"real","FJI_ZAF",-0.833701256962342,2.51511483369019,20,NA,NA,NA
"real","FLK_MDA",-0.907492935513653,4.52687189769025,13,NA,NA,NA
"real","FLK_NAM",-0.559038395805942,1.25272340326803,10,NA,NA,NA
"real","FLK_ZAF",-0.598963558199004,3.11219446008919,20,NA,NA,NA
"real","FRA_UMI",-1.47737736820733,4.24814560466063,19,NA,NA,NA
"real","FRO_CIV",-1.87349796238563,12.8257359976632,13,NA,NA,NA
"real","FRO_PHL",-0.325456889968027,2.09686221034045,17,NA,NA,NA
"real","FRO_ZAF",-1.81758910929897,6.49028519633293,20,NA,NA,NA
"real","FSM_HKG",-0.56858594755959,3.68644119450924,20,NA,NA,NA
"real","FSM_SVK",-2.63779495046624,6.46338983852656,15,NA,NA,NA
"real","GAB_ATG",-0.624922715343364,4.69799150635619,12,NA,NA,NA
"real","GAB_GRD",-3.57480623341019,11.3370739388978,8,NA,NA,NA
"real","GAB_LCA",-0.266930855332363,1.9474522743013,12,NA,NA,NA
"real","GAB_LTU",-1.36196728856183,7.69276921806064,10,NA,NA,NA
"real","GAB_MYT",-1.29059021198489,5.67574645007376,8,NA,NA,NA
"real","GAB_NAM",-2.33780252857079,11.9103433193646,18,NA,NA,NA
"real","GAB_QAT",-1.24877885973205,5.97704101327605,19,NA,NA,NA
"real","GAB_SYC",-0.453600466640427,1.31267256734054,13,NA,NA,NA
"real","GBR_UMI",-1.56098456801149,2.99928808201563,17,NA,NA,NA
"real","GBR_VAT",-0.67061797237886,2.40747695616921,20,NA,NA,NA
"real","GEO_BHS",-1.89452366174863,9.880816098662,9,NA,NA,NA
"real","GEO_BWA",-1.38130166797042,5.40204814368459,14,NA,NA,NA
"real","GEO_CMR",-3.40797042798465,7.04682311280442,20,NA,NA,NA
"real","GEO_CUB",-2.09058497344819,8.70447490482469,9,NA,NA,NA
"real","GEO_GIN",-0.791197428006001,5.47684025212321,10,NA,NA,NA
"real","GEO_KHM",-1.9743023550476,5.25882184372953,14,NA,NA,NA
"real","GEO_KWT",-2.14853848742144,6.44969016881901,18,NA,NA,NA
"real","GEO_LUX",-1.24996249146087,5.38391270357598,11,NA,NA,NA
"real","GEO_MOZ",-1.87732478598363,6.4364356378984,19,NA,NA,NA
"real","GEO_PRK",-0.813083592129924,2.80277158161195,10,NA,NA,NA
"real","GEO_RWA",-1.0604091555158,2.91442257498334,16,NA,NA,NA
"real","GEO_TUN",-3.72208997353281,10.7907641728037,17,NA,NA,NA
"real","GEO_YEM",-1.62046056260581,7.25043733683254,12,NA,NA,NA
"real","GEO_ZAF",-0.0623763193670128,0.759748692689936,20,NA,NA,NA
"real","GHA_BHR",-2.85957979317857,4.18284764595166,14,NA,NA,NA
"real","GHA_COD",-0.508956685183904,1.31591916912689,15,NA,NA,NA
"real","GHA_LSO",-2.25611577966558,10.452062641827,11,NA,NA,NA
"real","GHA_LUX",0.494417263985872,1.18749079126185,15,NA,NA,NA
"real","GHA_MYT",-0.811428127957592,4.29051216356252,9,NA,NA,NA
"real","GHA_NAM",-1.62955031690292,6.12507551965005,20,NA,NA,NA
"real","GHA_STP",-1.65618375185623,10.279425376496,13,NA,NA,NA
"real","GHA_SWZ",-1.07278107919712,2.84065021497267,20,NA,NA,NA
"real","GIB_BEN",-1.43577143168822,4.69177385271468,12,NA,NA,NA
"real","GIB_BLR",-2.37969788879963,10.0712668549312,14,NA,NA,NA
"real","GIB_MOZ",-0.0092380812333245,2.19234596277415,19,NA,NA,NA
"real","GIB_NAM",-3.79775797547049,26.4109670427531,10,NA,NA,NA
"real","GIB_PRY",-1.69249160876873,8.46713860739811,13,NA,NA,NA
"real","GIB_ZAF",-2.29002717582551,6.77151903288531,20,NA,NA,NA
"real","GIN_AZE",-1.47327699832202,15.5779943984308,9,NA,NA,NA
"real","GIN_ETH",-2.47562919937113,10.0702408526264,18,NA,NA,NA
"real","GIN_LUX",-1.33057762435205,4.21145888325866,16,NA,NA,NA
"real","GIN_NAM",-2.01454419607505,6.30189941797785,12,NA,NA,NA
"real","GMB_AGO",-0.512563439071654,1.87925144365273,11,NA,NA,NA
"real","GMB_GEO",-0.138358036380546,1.38283541354662,9,NA,NA,NA
"real","GMB_VNM",-1.66441924588488,3.9008951133449,19,NA,NA,NA
"real","GMB_ZAF",-0.340093568233588,1.14331902515951,20,NA,NA,NA
"real","GNB_HRV",-0.543148511928941,1.86669330351559,10,NA,NA,NA
"real","GNB_MRT",-0.619187134627259,2.68257261580326,11,NA,NA,NA
"real","GNB_RUS",-2.60631151695687,8.67463417185293,19,NA,NA,NA
"real","GNQ_BRA",-1.39205075572992,12.548468119099,20,NA,NA,NA
"real","GNQ_ECU",-2.39022778253934,12.9979835909002,10,NA,NA,NA
"real","GNQ_LBN",-1.28534776468744,8.42759916927971,14,NA,NA,NA
"real","GNQ_NCL",-0.736679330149237,2.41171119705875,10,NA,NA,NA
"real","GNQ_POL",-2.90626986385289,11.361587322594,11,NA,NA,NA
"real","GNQ_THA",-2.61408837639268,23.5735402591271,15,NA,NA,NA
"real","GNQ_ZAF",-3.40641357813974,13.4058087838848,20,NA,NA,NA
"real","GRC_BWA",0.150395761007188,1.58411715726247,15,NA,NA,NA
"real","GRC_LSO",-1.9713053247892,6.80574216301757,9,NA,NA,NA
"real","GRC_UMI",-1.152023274813,5.56445304680564,11,NA,NA,NA
"real","GRD_CUB",-1.06501266612701,2.15948035694227,8,NA,NA,NA
"real","GRD_GEO",-0.329131384538658,2.17944737755396,8,NA,NA,NA
"real","GRD_HKG",-1.4522226263468,4.30877379511665,9,NA,NA,NA
"real","GRD_KEN",-0.611135283105642,2.48063860193449,11,NA,NA,NA
"real","GRD_NAM",-1.57991137401894,5.7298036040594,11,NA,NA,NA
"real","GRL_LBN",-0.518723034557349,3.22145600936539,15,NA,NA,NA
"real","GRL_SDN",-2.91806634617599,7.60437748494144,11,NA,NA,NA
"real","GRL_ZAF",-5.45481979880833,7.21045623632158,18,NA,NA,NA
"real","GTM_AIA",-2.3537460800834,4.16387581001014,16,NA,NA,NA
"real","GTM_GEO",-1.54656552489401,5.00168841666283,12,NA,NA,NA
"real","GTM_MDA",-1.13800589345712,2.15469602779306,20,NA,NA,NA
"real","GTM_MSR",-0.801345075721609,2.56660174602544,19,NA,NA,NA
"real","GTM_NCL",-0.135152417076481,0.883395425579161,16,NA,NA,NA
"real","GTM_SWZ",-2.63081723341391,5.47973562388382,17,NA,NA,NA
"real","GUM_AUS",-2.18511168709887,2.93067486389528,20,NA,NA,NA
"real","GUM_CAN",-0.199005600312875,0.655771826195878,20,NA,NA,NA
"real","GUM_CZE",-2.32679103449197,5.34620020541827,20,NA,NA,NA
"real","GUM_EST",-2.21753196250201,5.09297831372293,9,NA,NA,NA
"real","GUM_GUY",-0.892478677134939,3.64180856952024,13,NA,NA,NA
"real","GUM_IDN",-1.1744475975938,4.99811721762443,19,NA,NA,NA
"real","GUM_JPN",-1.10914341940451,2.47023395312575,20,NA,NA,NA
"real","GUM_KOR",-0.539498000611048,1.1357855838425,20,NA,NA,NA
"real","GUM_MYS",-0.47274407335345,2.49833449040511,17,NA,NA,NA
"real","GUM_NZL",-0.593040185963995,1.56167658692794,20,NA,NA,NA
"real","GUM_PHL",-0.30809839839673,0.987808170645144,20,NA,NA,NA
"real","GUM_RUS",-3.18378327917898,7.38973015835149,9,NA,NA,NA
"real","GUM_SGP",-0.388485673460654,0.726567923481601,20,NA,NA,NA
"real","GUM_SVK",-1.14878146163543,5.306015665496,19,NA,NA,NA
"real","GUM_THA",-0.963766608712087,1.93907577913107,20,NA,NA,NA
"real","GUM_TWN",-2.188531297531,9.06091739273301,18,NA,NA,NA
"real","GUM_ZAF",-2.99066881962746,7.11720822100048,19,NA,NA,NA
"real","GUY_AFG",-0.292218788289422,3.70324265503142,8,NA,NA,NA
"real","GUY_BHR",-0.0509785466631021,0.684486307992692,17,NA,NA,NA
"real","GUY_BIH",-1.65415319388625,6.09555121606952,17,NA,NA,NA
"real","GUY_QAT",-0.0396958270142272,0.517910294928384,8,NA,NA,NA
"real","GUY_SWZ",-2.75176033100671,15.7831719868479,11,NA,NA,NA
"real","GUY_URY",-2.28447123165099,4.1488433171175,16,NA,NA,NA
"real","HKG_FSM",-0.0219858439003098,0.304436332914577,20,NA,NA,NA
"real","HKG_LSO",-0.32392779357944,0.609674619215581,20,NA,NA,NA
"real","HKG_MYT",-0.0718578538804805,1.46426236425649,10,NA,NA,NA
"real","HKG_NAM",-0.201766120085871,0.426107978999493,20,NA,NA,NA
"real","HKG_SWZ",-0.314908338129862,0.845201931422027,20,NA,NA,NA
"real","HKG_UMI",-4.45123698601028,9.32818247010325,16,NA,NA,NA
"real","HMD_BEN",-0.758595457861719,2.1278338623464,10,NA,NA,NA
"real","HMD_BGD",-2.52012564087489,11.9296316566352,10,NA,NA,NA
"real","HMD_KOR",-2.01524753723845,4.27618846434282,12,NA,NA,NA
"real","HMD_SDN",-0.646595106248864,2.42765901341224,11,NA,NA,NA
"real","HMD_THA",-2.37827713154763,5.97284233721797,14,NA,NA,NA
"real","HMD_USA",-0.778029828865845,3.33109849178014,16,NA,NA,NA
"real","HND_MOZ",-2.00531449488875,5.43796308427536,15,NA,NA,NA
"real","HND_NAM",-6.41820425033755,17.2831385372278,9,NA,NA,NA
"real","HND_VNM",-0.820453853527675,1.78020119384215,20,NA,NA,NA
"real","HRV_MYT",-0.0438566450450433,0.10971181950886,13,NA,NA,NA
"real","HTI_JOR",-0.405010384304619,1.78723873555388,9,NA,NA,NA
"real","HTI_ZAF",-0.891754232460317,1.37433399434591,20,NA,NA,NA
"real","HUN_BWA",-0.0691975708275026,1.87565931344251,15,NA,NA,NA
"real","HUN_FSM",-2.41195431304172,6.13671182796518,9,NA,NA,NA
"real","HUN_VAT",-0.589988879422703,1.38962711550314,10,NA,NA,NA
"real","IDN_ASM",-0.615572614181024,0.76174239614893,20,NA,NA,NA
"real","IDN_BWA",0.0614313284229933,1.14838068063149,20,NA,NA,NA
"real","IDN_GUM",-0.0204638933946001,0.138946570598428,20,NA,NA,NA
"real","IDN_LSO",-0.615435851593531,2.40845372820114,20,NA,NA,NA
"real","IDN_MYT",-0.0749324452456462,0.535704200979142,12,NA,NA,NA
"real","IDN_PSE",0.151106960206306,0.991760554152573,19,NA,NA,NA
"real","IDN_SGS",-2.2157472831925,5.89216218523712,12,NA,NA,NA
"real","IDN_SMR",-0.717750009786045,3.392879598984,15,NA,NA,NA
"real","IDN_UMI",-0.433129213602508,2.66696765624547,11,NA,NA,NA
"real","IDN_VAT",-2.50119987232617,12.0079486099797,16,NA,NA,NA
"real","IND_AIA",-0.726778687035607,1.99778305798207,20,NA,NA,NA
"real","IND_ASM",-0.282802528216869,1.50000408148369,20,NA,NA,NA
"real","IND_GUM",-0.0356848564047404,0.424756846358674,20,NA,NA,NA
"real","IND_MYT",-0.229595467100998,0.136530370049696,10,NA,NA,NA
"real","IOT_BRB",-0.669453688584582,8.29626772988723,10,NA,NA,NA
"real","IOT_GUY",-1.55423149828378,10.5466547692435,9,NA,NA,NA
"real","IOT_MKD",-2.01827797733903,8.87213176485516,8,NA,NA,NA
"real","IOT_ZAF",-1.01417450739796,7.00159557385342,19,NA,NA,NA
"real","IRL_BWA",0.351930587966951,0.858032276432931,15,NA,NA,NA
"real","IRL_LSO",-0.782065081819365,2.92312983267692,15,NA,NA,NA
"real","IRL_NAM",0.199573448149655,0.888897762336194,15,NA,NA,NA
"real","IRL_SWZ",-1.03219958804138,3.12392524541362,15,NA,NA,NA
"real","IRL_UMI",-1.62277924666254,5.50242856814684,17,NA,NA,NA
"real","IRL_VAT",-2.47283908231304,8.32724842719052,9,NA,NA,NA
"real","IRN_ATG",-0.847669284449678,6.96092274661761,11,NA,NA,NA
"real","IRN_BWA",-1.87540009804842,9.85695504927923,15,NA,NA,NA
"real","IRN_COM",-1.32834937288469,5.78222293481409,12,NA,NA,NA
"real","IRN_CPV",-1.71668729846181,7.19244516183091,10,NA,NA,NA
"real","IRN_MYT",-0.675504435638205,3.0258423797048,10,NA,NA,NA
"real","IRN_SWZ",-0.887764356336084,3.30027472121534,18,NA,NA,NA
"real","IRQ_BEL",-1.93952982326139,5.02439143815427,19,NA,NA,NA
"real","IRQ_BHS",-0.868924998875739,5.12995046106899,8,NA,NA,NA
"real","IRQ_PYF",-0.241983739964055,1.47662759114433,8,NA,NA,NA
"real","ISL_KHM",-1.44121940138974,5.84458997709907,16,NA,NA,NA
"real","ISL_KWT",-0.0690489646665843,2.24282241268714,13,NA,NA,NA
"real","ISL_MYT",-0.0843240027855177,0.667049289652829,10,NA,NA,NA
"real","ISR_BWA",0.0456233056699242,0.40626929513652,20,NA,NA,NA
"real","ISR_MRT",-0.932890132082119,7.01059948967864,19,NA,NA,NA
"real","ISR_MYT",-1.06168676534368,2.65920992745159,13,NA,NA,NA
"real","ISR_NAM",-0.162419925416386,1.49303847231483,20,NA,NA,NA
"real","ISR_SWZ",-0.252797358701611,0.79142583497862,20,NA,NA,NA
"real","ISR_TCA",-0.585833434534647,1.81456398512571,14,NA,NA,NA
"real","ISR_WLF",-1.42114943199619,2.29882374051558,9,NA,NA,NA
"real","ISR_WSM",-0.928207413084531,3.67363074886529,20,NA,NA,NA
"real","ITA_UMI",-3.53923308450777,7.79966958377491,12,NA,NA,NA
"real","ITA_VAT",-0.00718650676487523,0.0636189644837377,20,NA,NA,NA
"real","JAM_BHR",-0.366375072176467,1.15346577612418,18,NA,NA,NA
"real","JAM_CMR",-5.35270569381993,17.4795754575395,12,NA,NA,NA
"real","JAM_MLI",-0.838641487002259,2.61800293152811,10,NA,NA,NA
"real","JAM_MOZ",-1.0064887913923,2.81960492432545,19,NA,NA,NA
"real","JAM_NAM",-0.984764506677802,3.07495688076779,16,NA,NA,NA
"real","JAM_SWZ",-1.30473585127143,4.29371351751558,13,NA,NA,NA
"real","JAM_VNM",-1.07859241937383,3.40389880688664,18,NA,NA,NA
"real","JOR_DMA",-3.66631575839974,17.0975823314261,8,NA,NA,NA
"real","JOR_NAM",-0.713494142652109,4.56466347943001,14,NA,NA,NA
"real","JOR_NCL",-1.6486767194863,5.86724912995367,16,NA,NA,NA
"real","JOR_SLV",-0.195499553422693,0.38335865556762,20,NA,NA,NA
"real","JPN_ASM",-0.38798229227721,0.548992372717716,20,NA,NA,NA
"real","JPN_GUM",-0.0433448450173934,0.185641439328909,20,NA,NA,NA
"real","JPN_MYT",0.0764295645343477,0.0825137234822087,10,NA,NA,NA
"real","JPN_PSE",-1.22167366171206,2.93113071580584,20,NA,NA,NA
"real","KAZ_IRQ",-1.04227403822492,4.74235283951541,17,NA,NA,NA
"real","KAZ_ISL",-1.82084228073868,8.7870707451695,8,NA,NA,NA
"real","KAZ_ZAF",-0.910567218280018,4.22851723871249,20,NA,NA,NA
"real","KEN_MYT",-0.0756505512132928,1.13976380934509,10,NA,NA,NA
"real","KGZ_CRI",-1.19869960374752,5.16739465947356,14,NA,NA,NA
"real","KGZ_JOR",-0.9723211247683,2.01912292798189,19,NA,NA,NA
"real","KGZ_OMN",-3.03178964417191,5.17219487852366,14,NA,NA,NA
"real","KGZ_VNM",-0.149676568982818,0.560803771730446,11,NA,NA,NA
"real","KHM_ARE",-1.28267986587748,2.30794592484546,20,NA,NA,NA
"real","KHM_ARM",-1.0430928712493,2.36679402036491,16,NA,NA,NA
"real","KHM_BHR",-1.69588836538821,3.2561068340536,20,NA,NA,NA
"real","KHM_CMR",-1.00962818741591,1.72542241270597,19,NA,NA,NA
"real","KHM_CUB",-0.748044880306758,1.97250825101218,8,NA,NA,NA
"real","KHM_GUY",-4.55941937374769,20.8284262975299,9,NA,NA,NA
"real","KHM_IRN",-1.03363228277166,2.59401296418357,12,NA,NA,NA
"real","KHM_JAM",-0.283676974617241,0.974957252275741,17,NA,NA,NA
"real","KHM_LTU",-0.7547586509324,2.22875381974181,20,NA,NA,NA
"real","KHM_LUX",-0.184345473446801,2.86809431416198,20,NA,NA,NA
"real","KHM_MAR",-1.4996662362975,4.1460051500235,20,NA,NA,NA
"real","KHM_MKD",-2.20455108806803,7.2825179177622,20,NA,NA,NA
"real","KHM_MRT",-1.3904523646375,8.10915412367758,18,NA,NA,NA
"real","KHM_MYT",-1.91515273436061,4.49822505958051,13,NA,NA,NA
"real","KHM_NAM",-0.0752860922874417,2.08919333033947,11,NA,NA,NA
"real","KHM_NIC",-0.814752186783847,2.23983187784881,20,NA,NA,NA
"real","KHM_PNG",-1.22136760519618,1.59430942964386,17,NA,NA,NA
"real","KHM_PRK",-0.978164549375603,3.0629569064317,18,NA,NA,NA
"real","KHM_SWZ",-0.26763774804161,1.32322171666584,19,NA,NA,NA
"real","KHM_TUN",-0.782190485333797,1.96750299084969,20,NA,NA,NA
"real","KIR_BRA",-3.07814344068323,8.76393009515685,13,NA,NA,NA
"real","KIR_CHN",-2.22345639468025,7.14955000447134,16,NA,NA,NA
"real","KIR_MOZ",-0.594876775179535,10.9149308700877,9,NA,NA,NA
"real","KIR_SVK",-0.867210322627212,3.84755885279941,11,NA,NA,NA
"real","KIR_SVN",-3.11062849292908,12.8306039146653,18,NA,NA,NA
"real","KIR_ZAF",-1.73317237276831,6.08940421163616,20,NA,NA,NA
"real","KNA_NAM",-2.26745553672962,6.42200350091975,9,NA,NA,NA
"real","KOR_ASM",-0.448618334204161,1.04126167517374,20,NA,NA,NA
"real","KOR_ATA",-3.07897631623055,11.283692634834,14,NA,NA,NA
"real","KOR_GUM",-0.056715692551419,0.262319423038102,20,NA,NA,NA
"real","KOR_MYT",-0.472461626224299,1.25138834112735,14,NA,NA,NA
"real","KOR_NAM",-1.33715189037703,1.09063230520352,20,NA,NA,NA
"real","KOR_PSE",-0.0307023256495455,0.227846110958989,20,NA,NA,NA
"real","KOR_SMR",-0.434180242649152,0.836573555417405,20,NA,NA,NA
"real","KOR_UMI",-0.511172062684449,3.40420320772851,9,NA,NA,NA
"real","KOR_VAT",-1.02602445687022,1.96141341458174,12,NA,NA,NA
"real","KWT_AFG",-1.00159540741661,2.65250192807807,18,NA,NA,NA
"real","KWT_BIH",-1.106168837325,2.65694900578317,20,NA,NA,NA
"real","KWT_BLR",-3.57844329502692,11.560161307008,16,NA,NA,NA
"real","KWT_DJI",-0.500241219155203,2.52005095658918,18,NA,NA,NA
"real","KWT_ERI",-0.753362395740969,1.85960549136226,14,NA,NA,NA
"real","KWT_FJI",-0.494721802140057,3.51547919788542,16,NA,NA,NA
"real","KWT_KGZ",-1.78990633869376,5.53551005911304,14,NA,NA,NA
"real","KWT_KHM",-1.11018665062141,3.8075352182167,17,NA,NA,NA
"real","KWT_LBR",-1.04524510426129,4.50419900355786,14,NA,NA,NA
"real","KWT_MMR",-0.329758242893274,1.27877473361241,17,NA,NA,NA
"real","KWT_MRT",-0.309462374770781,2.06747367631213,19,NA,NA,NA
"real","KWT_SLE",-1.2279135388267,2.1599800466958,17,NA,NA,NA
"real","KWT_SOM",-0.172595998966279,1.2387527136293,18,NA,NA,NA
"real","KWT_TCD",-1.78004057823975,4.63440694415335,16,NA,NA,NA
"real","KWT_VNM",-0.555871250089002,1.56582843019573,20,NA,NA,NA
"real","LAO_BHR",-0.442125517176648,0.551341260560451,11,NA,NA,NA
"real","LAO_BRA",-1.00308904568752,3.26043789315427,20,NA,NA,NA
"real","LAO_BRB",-1.30809578521525,6.6477565662416,16,NA,NA,NA
"real","LAO_KAZ",-0.8835888454482,1.23219128475847,20,NA,NA,NA
"real","LAO_KWT",-0.878210411789942,0.756408690350706,17,NA,NA,NA
"real","LAO_LUX",-0.782058374085183,3.92858747312546,19,NA,NA,NA
"real","LAO_MDA",-1.16761023767108,2.14604846451429,16,NA,NA,NA
"real","LAO_MDG",-3.21890510103892,10.4552315049296,12,NA,NA,NA
"real","LAO_NPL",-2.49421174668377,10.3019882984662,10,NA,NA,NA
"real","LAO_SEN",-0.840065901307043,3.66451636704348,12,NA,NA,NA
"real","LAO_TTO",-1.99445087135215,5.31544041837091,16,NA,NA,NA
"real","LBN_ABW",-0.075007169589351,1.36189203766226,18,NA,NA,NA
"real","LBN_AND",-1.13976692680595,5.04182581947234,19,NA,NA,NA
"real","LBN_BDI",-0.697327361118755,2.25582095784893,19,NA,NA,NA
"real","LBN_GRD",-1.99392611479475,6.3758058881677,18,NA,NA,NA
"real","LBN_SWZ",-1.41324438886798,3.43213713779915,13,NA,NA,NA
"real","LBR_KWT",-3.5340427365074,7.66261003962316,12,NA,NA,NA
"real","LBR_SVK",-2.71786958826299,10.5288379159169,10,NA,NA,NA
"real","LBR_UGA",-1.12848062649388,3.01027476061832,17,NA,NA,NA
"real","LBR_VNM",-2.1482444560852,6.16936371573295,16,NA,NA,NA
"real","LBY_ALB",-2.81927633951702,10.7569740181115,10,NA,NA,NA
"real","LBY_BLR",-1.50253996961211,7.84624936486806,16,NA,NA,NA
"real","LBY_LTU",-1.29043594876146,8.17648868158644,14,NA,NA,NA
"real","LBY_LUX",-1.16453747943733,7.57183564875229,13,NA,NA,NA
"real","LBY_MYT",-0.688866606287018,3.72695566246829,8,NA,NA,NA
"real","LBY_ZAF",-6.38903049560163,12.3348853207718,20,NA,NA,NA
"real","LCA_HND",-0.9307490550291,6.4737670371809,16,NA,NA,NA
"real","LCA_NGA",-1.85984244997494,7.49106553484912,11,NA,NA,NA
"real","LCA_ZAF",-1.505729094504,2.69497925406575,19,NA,NA,NA
"real","LKA_ASM",-1.08261180242309,3.47183253960475,16,NA,NA,NA
"real","LKA_GUM",-1.15834653305463,4.6255403780044,18,NA,NA,NA
"real","LKA_MNP",-1.57373602076552,9.83412478961394,8,NA,NA,NA
"real","LKA_MYT",-0.48970344971046,1.4464340865642,10,NA,NA,NA
"real","LKA_WLF",-1.05979401641575,2.44832896390663,8,NA,NA,NA
"real","LSO_BEL",-0.706138011886615,1.71193146667704,15,NA,NA,NA
"real","LSO_BRA",-0.557433643194052,1.38808991936155,12,NA,NA,NA
"real","LSO_CAN",0.0211518632865017,0.258986810798166,20,NA,NA,NA
"real","LSO_CHN",-1.37879074295361,7.19939485989856,19,NA,NA,NA
"real","LSO_COL",-1.16689584525737,2.91336865620496,17,NA,NA,NA
"real","LSO_CZE",-1.82690014837586,5.13788319413872,14,NA,NA,NA
"real","LSO_DZA",-1.24437479982875,4.77958980198351,16,NA,NA,NA
"real","LSO_ESP",-1.55241122014221,4.6558210590059,13,NA,NA,NA
"real","LSO_ETH",-1.52975552158853,7.55273779962287,18,NA,NA,NA
"real","LSO_GHA",-1.64043725916355,6.04208608032861,11,NA,NA,NA
"real","LSO_IRL",-2.01367896904186,9.21396869738661,15,NA,NA,NA
"real","LSO_KOR",-0.720115970378616,3.9029201903179,19,NA,NA,NA
"real","LSO_KWT",-4.66664817374728,6.79817454701615,14,NA,NA,NA
"real","LSO_LBN",-1.9421768161418,5.96615294321671,17,NA,NA,NA
"real","LSO_LKA",-1.35565182938024,7.33855308876673,8,NA,NA,NA
"real","LSO_MEX",-0.494929118311932,0.841393351256313,20,NA,NA,NA
"real","LSO_NZL",-2.39710268394468,5.64258018310324,16,NA,NA,NA
"real","LSO_PHL",-0.927807164857143,4.73770812778336,15,NA,NA,NA
"real","LSO_ROU",-1.26168839301456,6.48354238432661,8,NA,NA,NA
"real","LSO_SVN",-2.91619184213075,12.7569611341086,9,NA,NA,NA
"real","LSO_TUR",-0.4516780447099,1.47036528872388,15,NA,NA,NA
"real","LSO_TWN",-1.84908141183443,6.05437699600321,20,NA,NA,NA
"real","LSO_URY",-1.3645593515313,6.17329978842473,10,NA,NA,NA
"real","LTU_BHR",-1.06549850561938,1.357040523139,20,NA,NA,NA
"real","LTU_MHL",-1.00168784577406,5.51357021001909,20,NA,NA,NA
"real","LTU_MOZ",-1.04432676736494,5.09584976966602,13,NA,NA,NA
"real","LTU_NAM",-1.29307907419061,3.60237067834395,15,NA,NA,NA
"real","LTU_TGO",-2.69182635756603,5.74840359068939,19,NA,NA,NA
"real","LTU_TZA",-1.41401923448095,4.24409614447938,20,NA,NA,NA
"real","LUX_BWA",-0.586040156123725,4.78199169966391,14,NA,NA,NA
"real","LUX_GIB",-3.42501097854361,12.4147220202512,19,NA,NA,NA
"real","LUX_IRQ",-0.213832594543459,1.28946129207889,19,NA,NA,NA
"real","LUX_KHM",0.0982826338627206,0.20896170413474,20,NA,NA,NA
"real","LUX_KIR",0.243889898675674,3.08654725646037,9,NA,NA,NA
"real","LUX_NAM",0.125736586866234,1.83646839811809,15,NA,NA,NA
"real","LUX_PRY",-0.642204563198605,1.65049345164868,19,NA,NA,NA
"real","LUX_SWZ",-2.34071658546392,6.48065339241853,11,NA,NA,NA
"real","LUX_VUT",-0.192281837022826,2.29619537839424,8,NA,NA,NA
"real","LVA_BDI",-1.23183548415067,5.46746992147222,12,NA,NA,NA
"real","LVA_GMB",-1.17676362857801,2.42243614227518,20,NA,NA,NA
"real","LVA_NAM",-3.0756374787544,4.11673950729879,14,NA,NA,NA
"real","LVA_QAT",-1.0421663490729,1.85036753474344,20,NA,NA,NA
"real","LVA_RWA",-0.70041364580683,2.38603995719331,11,NA,NA,NA
"real","MAC_ATG",-0.389640119833895,5.68262590376498,8,NA,NA,NA
"real","MAC_GIN",-2.89374932745531,10.7502875866188,8,NA,NA,NA
"real","MAC_GRD",-0.669822888961242,2.45871157470739,9,NA,NA,NA
"real","MAC_LUX",-0.445746261894217,1.31200112203657,20,NA,NA,NA
"real","MAC_MYT",-0.773280728614024,1.21025613111071,9,NA,NA,NA
"real","MAC_ZAF",-0.248886428667697,0.841043258926918,20,NA,NA,NA
"real","MAR_ATG",-0.636834112833433,2.37674321139029,15,NA,NA,NA
"real","MAR_BHS",-0.73694055275027,1.79471568973096,16,NA,NA,NA
"real","MAR_KHM",-2.0546775827813,3.74969502219673,19,NA,NA,NA
"real","MAR_MYT",0.0771801972726906,0.105523463616216,14,NA,NA,NA
"real","MAR_NAM",-0.813877503554581,5.03134601758534,20,NA,NA,NA
"real","MAR_SWZ",-1.78119505573844,5.70018037990896,15,NA,NA,NA
"real","MAR_WLF",-0.0680456734697758,0.352789996366731,18,NA,NA,NA
"real","MDA_BFA",-1.27551884380802,5.51063391912024,9,NA,NA,NA
"real","MDA_CUB",-3.34221717319217,13.5953393205022,9,NA,NA,NA
"real","MDA_KEN",-1.05840193188313,3.17051359243008,16,NA,NA,NA
"real","MDA_KHM",-1.43760062997369,4.50141237839577,11,NA,NA,NA
"real","MDA_KWT",-0.857012227151079,1.72197862852737,17,NA,NA,NA
"real","MDA_MAC",-1.20650591121583,2.98955189518927,18,NA,NA,NA
"real","MDA_ZMB",-0.942901653164584,3.83334958133221,10,NA,NA,NA
"real","MDG_MDV",-0.293886152115516,0.768941286353071,11,NA,NA,NA
"real","MDG_MMR",-2.29439373456957,18.7069800015397,8,NA,NA,NA
"real","MDG_MYT",-0.0189681956872091,0.138478528726054,14,NA,NA,NA
"real","MDV_ARG",-0.976244406350051,3.79549691763556,8,NA,NA,NA
"real","MDV_EGY",-2.31749433158367,6.79688497884727,13,NA,NA,NA
"real","MDV_MWI",-0.480418720536595,1.5086583278597,9,NA,NA,NA
"real","MDV_OMN",-5.12384187585713,16.4652377694033,11,NA,NA,NA
"real","MDV_QAT",-1.09662292987522,4.03428470045563,14,NA,NA,NA
"real","MDV_ROU",-1.18583131129978,4.09751389010133,13,NA,NA,NA
"real","MDV_VNM",-1.30605106157941,2.28912201669553,17,NA,NA,NA
"real","MEX_GUM",-0.69993324514612,1.76830753092629,15,NA,NA,NA
"real","MEX_MYT",-0.332665938173921,0.432319594107974,10,NA,NA,NA
"real","MEX_SMR",-0.85218280757498,2.50555280780631,12,NA,NA,NA
"real","MEX_SWZ",-1.0680127790642,2.40061756778098,20,NA,NA,NA
"real","MHL_BGD",-2.57695632693713,8.49920429528803,13,NA,NA,NA
"real","MHL_CRI",-1.33467087669134,6.81122191364355,11,NA,NA,NA
"real","MHL_ESP",-2.77305518561874,11.3037952980888,20,NA,NA,NA
"real","MHL_HUN",-1.09242380613853,2.06429054113188,11,NA,NA,NA
"real","MHL_NGA",-1.18305202761971,5.39602911824011,15,NA,NA,NA
"real","MHL_ROU",-1.29017681587921,4.35807012074272,10,NA,NA,NA
"real","MHL_TWN",-0.987541525834163,2.26428966992772,19,NA,NA,NA
"real","MHL_ZAF",-2.00176545592356,5.30601293018468,20,NA,NA,NA
"real","MKD_AGO",-2.16887125333439,5.33161573760918,9,NA,NA,NA
"real","MKD_BLZ",-1.77584538868421,14.3521579172103,9,NA,NA,NA
"real","MKD_KHM",-1.03261162505429,1.88066328208452,8,NA,NA,NA
"real","MKD_NAM",-0.917426224314582,8.64368668634572,8,NA,NA,NA
"real","MKD_NCL",-0.634514257463459,0.703595901011742,16,NA,NA,NA
"real","MKD_SMR",-2.12740204544876,7.66282800798483,8,NA,NA,NA
"real","MKD_TJK",-1.39858553426496,8.84242227430881,11,NA,NA,NA
"real","MLI_BDI",-0.682742014940816,2.55905573485265,19,NA,NA,NA
"real","MLI_CRI",-2.42817863038423,4.67035663517181,12,NA,NA,NA
"real","MLI_MKD",-0.884681642963063,3.57922914285369,18,NA,NA,NA
"real","MLI_NAM",-0.428727653742674,3.9275832881413,10,NA,NA,NA
"real","MLI_PYF",-1.44815442815232,3.79329531411703,19,NA,NA,NA
"real","MLI_VNM",-0.182340825830697,4.06813128545208,20,NA,NA,NA
"real","MLT_MOZ",-2.05817795381065,7.5548833870852,14,NA,NA,NA
"real","MLT_MRT",-0.758663141462957,2.42028521299408,20,NA,NA,NA
"real","MLT_NAM",-3.01936458790564,11.5177810817511,14,NA,NA,NA
"real","MLT_SWZ",-2.35661393443796,9.77974150456149,11,NA,NA,NA
"real","MMR_ALB",-2.00335917206258,6.42473443869381,17,NA,NA,NA
"real","MMR_BHR",-0.00308872403226504,0.449741604316229,20,NA,NA,NA
"real","MMR_LTU",-1.92146979447203,6.66314648280276,17,NA,NA,NA
"real","MMR_LUX",-1.76392837947825,7.20208638601075,17,NA,NA,NA
"real","MMR_LVA",-0.537642478044557,1.5939189880394,18,NA,NA,NA
"real","MMR_QAT",-0.479689865918612,2.56412080116752,19,NA,NA,NA
"real","MNG_ECU",-1.02025611641815,6.04268208608587,8,NA,NA,NA
"real","MNG_KHM",-2.29814809705089,5.65031156268577,16,NA,NA,NA
"real","MNG_MDA",-1.721860267253,14.6798108077604,16,NA,NA,NA
"real","MNG_PNG",-0.767791628621491,5.00740113578955,8,NA,NA,NA
"real","MNG_ZAF",-1.18113492579287,3.59079688394681,20,NA,NA,NA
"real","MNP_NGA",-1.58005238313926,10.1497758719781,9,NA,NA,NA
"real","MNP_SVK",-0.947580942468643,3.26601711265293,16,NA,NA,NA
"real","MNP_TWN",-0.54606420109612,5.36747175935675,18,NA,NA,NA
"real","MNP_ZAF",-3.18873115956629,12.5636895597529,19,NA,NA,NA
"real","MOZ_AGO",-0.309525729248733,0.895883784038904,20,NA,NA,NA
"real","MOZ_BLR",-1.78242550990685,7.14130808501699,14,NA,NA,NA
"real","MOZ_COD",-0.165309697262819,2.01609618257621,13,NA,NA,NA
"real","MOZ_GTM",-1.93373393788765,9.18352341974055,16,NA,NA,NA
"real","MOZ_HND",-1.148494743749,5.9288559319401,16,NA,NA,NA
"real","MOZ_KHM",-1.71742741793348,5.41217404465616,19,NA,NA,NA
"real","MOZ_NCL",-3.40235727253737,13.2676449531335,8,NA,NA,NA
"real","MRT_BHR",-3.36013564921577,3.66865294156223,18,NA,NA,NA
"real","MRT_MLT",-1.99508494203466,6.11613113287365,15,NA,NA,NA
"real","MRT_MOZ",-1.25876486078394,3.8921859746102,18,NA,NA,NA
"real","MRT_NCL",-0.417037142099712,1.68909218299015,16,NA,NA,NA
"real","MRT_OMN",-2.19877180169384,7.30517388974824,13,NA,NA,NA
"real","MRT_QAT",-1.30058690103078,5.7208118885705,11,NA,NA,NA
"real","MRT_VNM",-2.36549861116806,14.7411539451847,16,NA,NA,NA
"real","MSR_GTM",-1.48901089296918,2.92886361587351,12,NA,NA,NA
"real","MSR_MKD",-1.71506681852778,6.70415181088869,10,NA,NA,NA
"real","MSR_PER",-1.26518157036864,3.11691421952694,19,NA,NA,NA
"real","MSR_THA",-2.22769860665569,4.94690442170605,20,NA,NA,NA
"real","MSR_VGB",-0.73985684503829,4.22880608152296,13,NA,NA,NA
"real","MSR_ZAF",-2.43844513498239,3.16667164519815,19,NA,NA,NA
"real","MUS_BLZ",-1.5013630409086,4.8288829810803,15,NA,NA,NA
"real","MUS_MYT",0.0129127636031763,0.0840443013611712,14,NA,NA,NA
"real","MWI_GEO",-0.00886033642262164,1.02329397028573,16,NA,NA,NA
"real","MWI_KAZ",-0.635923129474027,5.37782008972555,20,NA,NA,NA
"real","MWI_LUX",-2.08399298308122,11.6600708238592,19,NA,NA,NA
"real","MWI_NCL",-0.437897440499985,2.23811042574003,9,NA,NA,NA
"real","MYS_ASM",-1.20772397598051,3.73113337664765,20,NA,NA,NA
"real","MYS_GUM",-1.63504255258036,1.69253073261524,20,NA,NA,NA
"real","MYS_LSO",-0.49919738897507,1.28329299125695,20,NA,NA,NA
"real","MYS_MYT",-0.197142714991699,0.37008328411625,14,NA,NA,NA
"real","MYS_PSE",-0.4128150025134,0.533163906189853,20,NA,NA,NA
"real","MYS_VAT",-0.915277991824304,3.75893008117454,16,NA,NA,NA
"real","MYS_WLF",-0.250650436377219,0.584775780703272,20,NA,NA,NA
"real","MYT_COM",-0.104879989386378,0.322080641926741,14,NA,NA,NA
"real","MYT_MDG",-0.352816778330788,1.92103303227709,14,NA,NA,NA
"real","MYT_MUS",-0.824225764892697,1.55298300920311,14,NA,NA,NA
"real","MYT_SGP",0.128843118759338,1.31719476735699,9,NA,NA,NA
"real","MYT_ZAF",-1.04238922764685,4.97207863448306,14,NA,NA,NA
"real","NAM_AIA",-0.647470459193303,3.1210555442949,20,NA,NA,NA
"real","NAM_ALB",-1.51240165347496,5.81836361766424,15,NA,NA,NA
"real","NAM_AND",-0.509079381400112,2.33627161508831,20,NA,NA,NA
"real","NAM_ANT",-1.42593529319118,5.83790674414777,10,NA,NA,NA
"real","NAM_ASM",-3.28090315229624,11.7740432311401,13,NA,NA,NA
"real","NAM_ATG",-1.28793962156699,4.9914578941741,20,NA,NA,NA
"real","NAM_BEL",-0.737696861531316,1.6895483106818,15,NA,NA,NA
"real","NAM_BEN",-3.16890706485472,16.7901865190193,16,NA,NA,NA
"real","NAM_BGD",-1.09747432757758,4.034513848994,18,NA,NA,NA
"real","NAM_BGR",-0.186600601488061,0.445745138697252,15,NA,NA,NA
"real","NAM_BHR",-1.95555758962743,9.88791643337645,14,NA,NA,NA
"real","NAM_BLR",-0.262139341962688,1.67077060070651,19,NA,NA,NA
"real","NAM_BRB",-1.48364443876424,6.51580206417576,19,NA,NA,NA
"real","NAM_CAF",-0.492310814949692,3.78045655183432,19,NA,NA,NA
"real","NAM_CIV",-1.86790336974255,4.81557325023072,20,NA,NA,NA
"real","NAM_CMR",-0.0130622936137691,0.465907043090291,20,NA,NA,NA
"real","NAM_COL",-1.62707177849896,8.10475969949938,20,NA,NA,NA
"real","NAM_CPV",-0.878330929780351,3.93611816290917,10,NA,NA,NA
"real","NAM_CUB",-3.48959717514324,10.1581045466204,18,NA,NA,NA
"real","NAM_CYP",-0.428499693081394,1.46067099079747,15,NA,NA,NA
"real","NAM_DOM",-1.62619866844436,9.32065346399013,19,NA,NA,NA
"real","NAM_EST",-1.58066287834926,7.13253538045222,15,NA,NA,NA
"real","NAM_GHA",-0.575310154950807,2.90783271746998,20,NA,NA,NA
"real","NAM_GIN",-1.84451248160348,7.1583721331528,18,NA,NA,NA
"real","NAM_GMB",-1.97440436799177,8.68816607608238,14,NA,NA,NA
"real","NAM_GRD",-1.3418989759637,2.51823581196847,14,NA,NA,NA
"real","NAM_HTI",-2.59267304391932,18.6469936913178,9,NA,NA,NA
"real","NAM_IRN",-2.51965979088438,7.34463596099055,15,NA,NA,NA
"real","NAM_JAM",-3.02347854301967,7.03581628506758,9,NA,NA,NA
"real","NAM_JOR",-0.00367922527917197,1.17288517886811,20,NA,NA,NA
"real","NAM_KHM",-1.16845821676394,5.96171781673989,18,NA,NA,NA
"real","NAM_KNA",-3.04343121055338,11.9324318640513,14,NA,NA,NA
"real","NAM_LKA",-1.72270597508276,7.59846298787633,16,NA,NA,NA
"real","NAM_LUX",-1.57251819038342,6.0355901194573,15,NA,NA,NA
"real","NAM_MAC",-3.2656939757216,5.79012699791033,12,NA,NA,NA
"real","NAM_MLI",-1.82502014583853,7.58695634888255,17,NA,NA,NA
"real","NAM_MMR",-1.77046721140826,9.87179317009239,8,NA,NA,NA
"real","NAM_MRT",-1.07099835849463,1.97169442931605,17,NA,NA,NA
"real","NAM_MYT",-0.998094251006657,6.45638280158331,8,NA,NA,NA
"real","NAM_NER",-1.01062423709652,6.14241053474961,20,NA,NA,NA
"real","NAM_NGA",-0.161539954298277,0.9431228204142,20,NA,NA,NA
"real","NAM_PAK",-1.54754904690378,5.47415467532458,18,NA,NA,NA
"real","NAM_PAN",-0.722651759679568,2.14157912744178,20,NA,NA,NA
"real","NAM_PHL",-1.23923978250077,3.19962260526326,20,NA,NA,NA
"real","NAM_PNG",-1.42052917304522,16.6811961628442,8,NA,NA,NA
"real","NAM_PRK",-5.04787106830836,27.0343113272962,9,NA,NA,NA
"real","NAM_PYF",-0.496633927057922,1.81526980665982,14,NA,NA,NA
"real","NAM_QAT",-1.55316908252932,6.84205845879939,17,NA,NA,NA
"real","NAM_SEN",-0.555140980936354,2.25644909731443,19,NA,NA,NA
"real","NAM_SGP",-1.63566980667733,3.7693550353528,20,NA,NA,NA
"real","NAM_SLV",-1.24771781017589,3.55471361653864,15,NA,NA,NA
"real","NAM_SOM",-1.26092240908217,4.75217994959193,19,NA,NA,NA
"real","NAM_STP",-1.67141103504034,4.50561278961103,14,NA,NA,NA
"real","NAM_SUR",-0.464501197642564,1.7193376498125,19,NA,NA,NA
"real","NAM_TUN",-2.22088324958703,12.6534504583801,16,NA,NA,NA
"real","NAM_TWN",-1.08508557542666,2.84589604319041,20,NA,NA,NA
"real","NAM_URY",-0.515949512206887,1.87013625808836,13,NA,NA,NA
"real","NAM_VCT",-0.926441074390416,3.32829902918112,20,NA,NA,NA
"real","NCL_BGD",-2.07376050825485,10.3383296222463,14,NA,NA,NA
"real","NCL_BRA",-1.9472006647187,7.07863273889522,19,NA,NA,NA
"real","NCL_CMR",-2.99650826510712,6.51544076245029,12,NA,NA,NA
"real","NCL_GRD",-2.09112629338256,4.62520280988083,10,NA,NA,NA
"real","NCL_KHM",-2.54340696526593,9.41692766407939,10,NA,NA,NA
"real","NCL_MAC",-0.516475115745698,3.14207599578673,9,NA,NA,NA
"real","NCL_MOZ",-0.012238342355597,1.5660100412955,11,NA,NA,NA
"real","NCL_MWI",-1.12440851297734,3.11099714861205,8,NA,NA,NA
"real","NCL_NAM",-2.39254247916244,7.35448099468028,13,NA,NA,NA
"real","NCL_NGA",-1.8713606690188,8.72826924202193,18,NA,NA,NA
"real","NCL_PER",-1.73932499785899,6.93718129725211,17,NA,NA,NA
"real","NCL_RUS",-1.73587986176924,7.4669810123893,17,NA,NA,NA
"real","NCL_SYC",-1.68920358413835,5.80193441532433,10,NA,NA,NA
"real","NCL_TGO",-0.682911728483839,1.78312590711687,8,NA,NA,NA
"real","NCL_TON",-0.705925459025094,1.41401226541933,14,NA,NA,NA
"real","NCL_TUR",-2.83137263368093,4.05343621279992,15,NA,NA,NA
"real","NCL_VNM",-1.75365392672504,4.47800283750501,16,NA,NA,NA
"real","NCL_ZAF",-0.380263300091872,1.33472374191286,20,NA,NA,NA
"real","NCL_ZMB",-2.42716886976843,12.141820997124,10,NA,NA,NA
"real","NER_HKG",-0.770820666970013,3.54754559704809,20,NA,NA,NA
"real","NER_JOR",-1.38862602113072,5.30322385201906,13,NA,NA,NA
"real","NER_LUX",-1.18829587786294,2.70202443766527,19,NA,NA,NA
"real","NER_MDG",-1.2248446195848,5.096065969405,12,NA,NA,NA
"real","NER_NAM",-1.2432827849762,5.35139283916033,18,NA,NA,NA
"real","NER_PER",-1.07542479362075,4.049978597654,19,NA,NA,NA
"real","NER_QAT",-0.572284500671659,3.19570030518123,13,NA,NA,NA
"real","NER_VNM",-0.52136727642519,2.70526874452105,17,NA,NA,NA
"real","NFK_KHM",-0.363192585317457,0.900924210922823,9,NA,NA,NA
"real","NGA_AND",-5.13333148114729,21.5952756002965,13,NA,NA,NA
"real","NGA_ATG",-4.62674714725636,10.6209787789009,16,NA,NA,NA
"real","NGA_BHR",-2.45081207050319,8.65281909475753,19,NA,NA,NA
"real","NGA_GNQ",-3.75620449000163,9.62398023884703,15,NA,NA,NA
"real","NGA_NAM",-2.10735777367735,3.71206932363296,20,NA,NA,NA
"real","NGA_QAT",-1.02431572524854,1.98857050065441,20,NA,NA,NA
"real","NGA_SLV",-1.69303429397438,6.39517629356172,15,NA,NA,NA
"real","NGA_SWZ",-3.7207387052928,8.05018883794799,17,NA,NA,NA
"real","NIC_MKD",-0.828745379332703,2.73169492895945,19,NA,NA,NA
"real","NIC_NAM",-2.28125674704161,10.9616412110887,14,NA,NA,NA
"real","NIC_NCL",-0.822601923318242,3.69440364189579,18,NA,NA,NA
"real","NIU_TWN",0.842153909060592,3.82499901811672,14,NA,NA,NA
"real","NIU_ZAF",0.787170888606295,4.03068209194586,20,NA,NA,NA
"real","NLD_UMI",-2.13221505265228,5.59453366886468,20,NA,NA,NA
"real","NLD_VAT",-0.521216755206181,1.77712405001401,20,NA,NA,NA
"real","NOR_GUM",-0.489297199317903,1.64138911972686,20,NA,NA,NA
"real","NOR_MYT",-0.0159017995286133,0.356208248798691,10,NA,NA,NA
"real","NOR_UMI",-0.255552895759639,4.62848752320287,9,NA,NA,NA
"real","NPL_AZE",-1.24943976570272,4.37128793082133,12,NA,NA,NA
"real","NPL_KGZ",-1.31504659349223,5.11317981128112,9,NA,NA,NA
"real","NPL_LTU",-0.261709942427118,0.704711237811304,20,NA,NA,NA
"real","NPL_MNG",-0.741391430377474,1.22381086983876,16,NA,NA,NA
"real","NPL_MOZ",-0.875352835616932,2.81025515271431,9,NA,NA,NA
"real","NPL_MWI",-0.882931642377386,2.05162079875474,11,NA,NA,NA
"real","NPL_VEN",-0.673205531309664,3.22536823233899,10,NA,NA,NA
"real","NPL_VNM",-0.833377577839149,1.66827170217196,19,NA,NA,NA
"real","NRU_FIN",-0.828191116974828,3.76284549089114,12,NA,NA,NA
"real","NZL_ASM",0.0045340638048291,0.0985291329537206,20,NA,NA,NA
"real","NZL_BWA",-0.0709259344209699,2.01373852358317,20,NA,NA,NA
"real","NZL_CAF",-0.797166454859207,1.46909110987953,14,NA,NA,NA
"real","NZL_GUM",0.00508231539385712,0.173809266697825,20,NA,NA,NA
"real","NZL_MYT",-0.424202051444617,0.831950630221662,14,NA,NA,NA
"real","NZL_NAM",-0.3278074925372,1.02781606871957,20,NA,NA,NA
"real","NZL_PSE",0.0319976839344742,1.15129406264918,16,NA,NA,NA
"real","NZL_TCA",-0.50423964225935,1.31458069198921,20,NA,NA,NA
"real","OMN_BRB",-1.40607178708811,6.19183876025936,15,NA,NA,NA
"real","OMN_HND",-0.847987832140597,6.09973568171278,14,NA,NA,NA
"real","OMN_LUX",-5.58370116533821,15.5736389270622,20,NA,NA,NA
"real","OMN_MDA",-2.60376301268441,8.70286264754212,14,NA,NA,NA
"real","OMN_MKD",-2.49805515334093,10.0933803097995,19,NA,NA,NA
"real","OMN_SUR",-0.369870489042529,1.61875313744667,9,NA,NA,NA
"real","OMN_SWZ",-0.677791155163688,2.86291305703111,10,NA,NA,NA
"real","PAK_AIA",-1.4477768682794,3.11633032212088,16,NA,NA,NA
"real","PAK_MYT",-0.116710524781902,0.389343520152109,14,NA,NA,NA
"real","PAK_WLF",-1.71422951553293,3.76281799030563,9,NA,NA,NA
"real","PAN_AIA",-1.26919812654918,2.02534943814619,8,NA,NA,NA
"real","PAN_BHR",-5.21331903675749,11.4499884043628,19,NA,NA,NA
"real","PAN_BIH",-0.504262223152802,2.55114778341739,18,NA,NA,NA
"real","PAN_KHM",-0.741328329339417,3.8164627782089,15,NA,NA,NA
"real","PAN_MOZ",-2.14425264021484,3.97540527025727,20,NA,NA,NA
"real","PAN_NAM",-1.30875336876026,3.79418468338403,19,NA,NA,NA
"real","PAN_PNG",-0.149354348355199,1.12630716008,8,NA,NA,NA
"real","PAN_PYF",-1.81376798356255,5.36468410397229,17,NA,NA,NA
"real","PAN_SWZ",-0.975659827858111,3.41476704748665,9,NA,NA,NA
"real","PAN_VNM",-0.463551146926689,1.73510425023901,20,NA,NA,NA
"real","PCN_SGP",-1.64642215374384,2.14571953772107,9,NA,NA,NA
"real","PCN_THA",-0.500790595506421,2.40511012584263,17,NA,NA,NA
"real","PER_AIA",-0.973571226245514,3.27494627131447,12,NA,NA,NA
"real","PER_KGZ",-0.994457198342011,4.39192064437244,19,NA,NA,NA
"real","PER_MYT",-1.00681833273222,3.75975475863227,10,NA,NA,NA
"real","PER_NAM",-1.85570966891049,9.31431261737404,18,NA,NA,NA
"real","PHL_ALB",-0.364397624238085,1.84936713501177,20,NA,NA,NA
"real","PHL_ASM",-0.207393514873552,0.7093311252369,20,NA,NA,NA
"real","PHL_GUM",-0.0112131572085699,0.133213659219669,20,NA,NA,NA
"real","PHL_KGZ",-0.578967882031455,1.23939278915817,20,NA,NA,NA
"real","PHL_KNA",-2.58407926660168,4.56499394867933,17,NA,NA,NA
"real","PHL_LSO",-1.87186821893761,6.54972143284977,18,NA,NA,NA
"real","PHL_MYT",-1.28965179069464,1.72912670840647,12,NA,NA,NA
"real","PHL_NAM",-1.57314832698281,4.53966386447896,20,NA,NA,NA
"real","PHL_SWZ",-0.669703148465461,1.64143808053355,20,NA,NA,NA
"real","PHL_UMI",0.22649126281543,2.12166734085332,17,NA,NA,NA
"real","PHL_WLF",-1.74874183035117,4.9630852725667,10,NA,NA,NA
"real","PLW_CRI",-1.27917655193671,3.29556973478331,12,NA,NA,NA
"real","PLW_IRL",-2.82760366653681,7.62621579318976,9,NA,NA,NA
"real","PLW_SGP",-0.872376682601887,3.55000981543694,9,NA,NA,NA
"real","PLW_TWN",-1.0352541585596,3.05797151223717,18,NA,NA,NA
"real","PNG_ARG",-0.0904736412255976,1.65932689593679,18,NA,NA,NA
"real","PNG_KAZ",-1.67457208119679,6.70159258299173,14,NA,NA,NA
"real","PNG_MDG",-1.69715721381744,7.01592759877851,8,NA,NA,NA
"real","PNG_MWI",-0.929913760318448,3.87127260795348,10,NA,NA,NA
"real","PNG_NAM",-2.99127255714351,20.0577028094118,8,NA,NA,NA
"real","PNG_VNM",-0.164266296204275,3.92676894535022,18,NA,NA,NA
"real","PNG_WLF",-0.393022171745011,1.68443918730153,8,NA,NA,NA
"real","PNG_ZMB",-1.40785107970093,10.0804656322244,9,NA,NA,NA
"real","POL_BWA",0.29785563676137,1.25126579398445,15,NA,NA,NA
"real","POL_NAM",-0.296880769287455,1.01300623672827,15,NA,NA,NA
"real","POL_TKL",-0.873637946483431,5.53773688495276,9,NA,NA,NA
"real","POL_VAT",-1.16801091305274,5.85906592862729,18,NA,NA,NA
"real","POL_WSM",-2.1212749965304,9.97263423348923,19,NA,NA,NA
"real","PRK_KHM",-0.960270365898755,6.0659648293037,20,NA,NA,NA
"real","PRK_MRT",-0.57376407206749,0.763899103712934,20,NA,NA,NA
"real","PRK_MWI",-0.502159096317291,3.34454361479945,18,NA,NA,NA
"real","PRK_MYT",0.0676271393384054,0.761951049068881,10,NA,NA,NA
"real","PRK_NAM",-3.06330332235793,13.3671764263071,13,NA,NA,NA
"real","PRK_SWZ",-1.63959617288037,7.10977231540731,9,NA,NA,NA
"real","PRK_ZAF",-0.0728733083952562,0.334150662058058,20,NA,NA,NA
"real","PRT_LSO",-1.18567391093424,3.96177730009662,9,NA,NA,NA
"real","PRT_MNP",-2.32395139904681,6.70278280924226,16,NA,NA,NA
"real","PRY_ABW",-0.8471877652764,2.23437620191648,20,NA,NA,NA
"real","PRY_BHR",-0.628542313096077,2.57550687194394,18,NA,NA,NA
"real","PRY_EST",-2.12422469517601,7.28904205283873,16,NA,NA,NA
"real","PRY_LUX",-0.829975102015223,3.86396260189403,17,NA,NA,NA
"real","PRY_MOZ",-1.12050479656586,1.99416867315813,20,NA,NA,NA
"real","PRY_TJK",-0.00927187365553316,10.4395379279317,11,NA,NA,NA
"real","PRY_VGB",-1.25555802006901,3.84060361890087,12,NA,NA,NA
"real","PSE_CHN",-0.0706339938603001,0.635170925513766,20,NA,NA,NA
"real","PSE_CIV",-1.14060175692324,3.93601267362446,12,NA,NA,NA
"real","PSE_IDN",-1.73827687568161,5.54434758345576,18,NA,NA,NA
"real","PSE_KOR",-0.185428795488643,0.753237135013664,20,NA,NA,NA
"real","PSE_RUS",-0.82628555228555,2.7798151718229,17,NA,NA,NA
"real","PSE_USA",-0.0326176063312653,0.186802541019956,20,NA,NA,NA
"real","PYF_BHR",-0.530903821142801,3.2070951837318,9,NA,NA,NA
"real","PYF_MOZ",-1.49062584909596,3.15864786496629,8,NA,NA,NA
"real","PYF_ZAF",-1.17970969142338,3.19252778796561,19,NA,NA,NA
"real","QAT_AFG",-0.674147908656811,3.09104631423298,13,NA,NA,NA
"real","QAT_AGO",-0.899326542775888,2.97963854675388,17,NA,NA,NA
"real","QAT_BIH",-1.72266849297782,5.34174560471885,17,NA,NA,NA
"real","QAT_BLR",-0.891974676997075,2.9862217301981,16,NA,NA,NA
"real","QAT_BRB",-0.539981364429426,3.88186234193671,14,NA,NA,NA
"real","QAT_CUB",-1.88183145005726,6.94036813617509,9,NA,NA,NA
"real","QAT_ERI",-2.43608469630359,11.6379012476374,11,NA,NA,NA
"real","QAT_FJI",-0.817028887347837,5.18437572996417,15,NA,NA,NA
"real","QAT_KNA",-0.573670515626771,4.15343777849388,15,NA,NA,NA
"real","QAT_LUX",-1.05810839045325,4.67009200999783,18,NA,NA,NA
"real","QAT_MLT",-1.55648688227361,4.83459350057627,18,NA,NA,NA
"real","QAT_MOZ",-0.632222995022396,4.26374968295256,20,NA,NA,NA
"real","QAT_MRT",-0.0265232802956326,1.21020556562524,19,NA,NA,NA
"real","QAT_NAM",-3.6405508653566,11.1713334968047,12,NA,NA,NA
"real","QAT_NER",-1.1600999923015,5.15095795056996,14,NA,NA,NA
"real","QAT_PAN",-2.21670767277396,9.19279707970629,14,NA,NA,NA
"real","QAT_PNG",-0.916889389478692,4.63640624706973,10,NA,NA,NA
"real","QAT_POL",-2.9598550941661,6.86284646975749,17,NA,NA,NA
"real","QAT_PRK",-2.49213544064172,25.565851397549,10,NA,NA,NA
"real","QAT_SLE",-0.705810951149164,1.33969715805231,15,NA,NA,NA
"real","QAT_SOM",-0.42577385091891,4.32898551496379,14,NA,NA,NA
"real","QAT_TKM",-0.515696425441766,3.44623321571384,12,NA,NA,NA
"real","QAT_VNM",0.139873576381894,0.238287236557888,20,NA,NA,NA
"real","QAT_ZAF",0.0216062293628868,0.0990024930324519,20,NA,NA,NA
"real","QAT_ZWE",-0.543654530739846,6.45130803121211,20,NA,NA,NA
"real","ROU_BWA",-0.59206660006841,0.604217901850557,14,NA,NA,NA
"real","ROU_NAM",-0.968740131662253,3.2601967078503,14,NA,NA,NA
"real","RUS_BWA",-2.67667175633632,6.25485011769636,20,NA,NA,NA
"real","RUS_MYT",-0.610996690966353,1.24318159543821,13,NA,NA,NA
"real","RUS_NAM",-0.238443104334884,0.928509710953531,20,NA,NA,NA
"real","RUS_SOM",-1.8703828036296,8.38264519700627,15,NA,NA,NA
"real","RWA_GIN",-0.46941656684648,1.7347027316966,14,NA,NA,NA
"real","RWA_LKA",-1.52821837509879,6.29811635092189,13,NA,NA,NA
"real","RWA_LUX",-2.32149491592368,7.76571579287221,20,NA,NA,NA
"real","RWA_QAT",-0.978951192436049,2.05041130254429,9,NA,NA,NA
"real","RWA_SGP",-1.98962781996264,9.78911466784397,16,NA,NA,NA
"real","RWA_VNM",-2.29646590339936,6.69250742657656,17,NA,NA,NA
"real","SAU_AIA",-2.10577378211354,11.315443163361,10,NA,NA,NA
"real","SAU_BWA",-2.17476770171963,5.27483446070965,19,NA,NA,NA
"real","SAU_MYT",-1.17953636570994,1.4444210905644,10,NA,NA,NA
"real","SAU_NAM",-1.63448861810924,9.2398420496957,20,NA,NA,NA
"real","SDN_ATG",-2.1947467899227,7.93847786189083,8,NA,NA,NA
"real","SDN_KAZ",-2.23940412246766,9.98087902210875,17,NA,NA,NA
"real","SDN_KGZ",-1.80905406458899,5.7806778876923,8,NA,NA,NA
"real","SDN_LCA",-1.15335379000853,8.79715308036079,9,NA,NA,NA
"real","SDN_NER",-1.17639413252249,9.62944373729033,13,NA,NA,NA
"real","SEN_GTM",-1.63170818125149,6.41747498524295,17,NA,NA,NA
"real","SEN_MYT",-0.184404284838998,1.04123887647724,10,NA,NA,NA
"real","SEN_NAM",-0.902139004078782,3.60831225907306,19,NA,NA,NA
"real","SEN_NIC",-1.60417827888115,4.32679151710335,16,NA,NA,NA
"real","SEN_PRY",-2.16491386769467,7.44126928148102,13,NA,NA,NA
"real","SGP_ASM",-0.72948600567918,2.39638191038029,12,NA,NA,NA
"real","SGP_GUM",-0.0143128991960211,0.0463253647308511,20,NA,NA,NA
"real","SGP_LSO",-0.408092248550852,1.24764774452406,15,NA,NA,NA
"real","SGP_MSR",-2.99473762648078,4.52297610916637,17,NA,NA,NA
"real","SGP_MYT",-0.231878218551731,0.647811428876508,13,NA,NA,NA
"real","SGP_NAM",-0.277007536686483,1.07307524011381,20,NA,NA,NA
"real","SGP_UMI",0.0044919009678221,5.91457170835686,10,NA,NA,NA
"real","SGS_IDN",-1.98285304214221,6.12974989945818,18,NA,NA,NA
"real","SGS_KOR",-1.98151283960274,8.28530652900204,19,NA,NA,NA
"real","SGS_TWN",-2.11200884441918,7.49127361509541,10,NA,NA,NA
"real","SHN_IND",-0.730702337887783,1.79205965096706,15,NA,NA,NA
"real","SHN_MUS",-1.66264169924322,3.75831482522446,12,NA,NA,NA
"real","SHN_NGA",-1.41690331503094,8.50557859106452,14,NA,NA,NA
"real","SHN_NZL",-0.915046393354378,2.06344398889669,18,NA,NA,NA
"real","SHN_THA",-1.70407482488634,10.3812244679955,19,NA,NA,NA
"real","SHN_TWN",-1.2245865633298,4.58741138166662,13,NA,NA,NA
"real","SHN_UKR",-2.47831329043352,6.80146511771106,12,NA,NA,NA
"real","SHN_ZAF",-1.28546610818254,1.89315727605407,20,NA,NA,NA
"real","SLB_BEL",-1.81532896492757,6.33772744575524,20,NA,NA,NA
"real","SLB_VNM",-0.235181743172462,3.60604782623629,19,NA,NA,NA
"real","SLE_BGR",-1.72441965900306,4.60434976286628,12,NA,NA,NA
"real","SLE_BOL",-1.42497671982366,5.29197468176804,17,NA,NA,NA
"real","SLE_CHL",-1.01846871306516,6.02567449072704,16,NA,NA,NA
"real","SLE_MDG",-0.818371890708671,2.97887370799166,16,NA,NA,NA
"real","SLE_MOZ",-0.646732373525278,3.53849205465277,10,NA,NA,NA
"real","SLE_MYT",-1.41723789875304,3.50798464199842,10,NA,NA,NA
"real","SLE_PER",-1.02548904006662,2.88815132705891,20,NA,NA,NA
"real","SLE_SUR",-0.349200812675506,5.83112925243104,13,NA,NA,NA
"real","SLE_VNM",-0.592742895009878,1.77433782827051,19,NA,NA,NA
"real","SLV_AIA",-2.19500432880851,6.92956986027878,9,NA,NA,NA
"real","SLV_BHR",-0.982949220582473,1.92344302434695,16,NA,NA,NA
"real","SLV_FJI",-0.606549370651108,1.90523107088348,14,NA,NA,NA
"real","SLV_JOR",-1.73668646310825,4.24824515646653,19,NA,NA,NA
"real","SLV_KEN",-1.55279628524938,6.87711528564305,13,NA,NA,NA
"real","SLV_KHM",-1.09049467482196,5.62800181165963,17,NA,NA,NA
"real","SLV_LVA",-1.56292499205484,8.19073318388898,8,NA,NA,NA
"real","SLV_MLI",-1.42217377554592,3.8092928253666,9,NA,NA,NA
"real","SLV_NAM",-0.57466103269617,3.36812865197434,9,NA,NA,NA
"real","SLV_NER",-1.45020889062846,5.10406947591926,9,NA,NA,NA
"real","SLV_QAT",-0.895144604413248,1.98044187996786,15,NA,NA,NA
"real","SMR_AND",-1.8934494208074,8.99253908482222,13,NA,NA,NA
"real","SMR_BHR",-0.445403703993995,1.32482075719816,11,NA,NA,NA
"real","SMR_BRA",0.102129688109478,0.164193040884673,20,NA,NA,NA
"real","SMR_CHE",-0.166911926347826,0.744509625892849,20,NA,NA,NA
"real","SMR_CHL",-0.392324210173488,1.3656294692472,20,NA,NA,NA
"real","SMR_COL",-1.41988014425151,6.08009979084205,19,NA,NA,NA
"real","SMR_DZA",-0.905178035283791,1.63957210055865,16,NA,NA,NA
"real","SMR_EGY",-1.42006836245368,6.45639158351238,18,NA,NA,NA
"real","SMR_GEO",-0.335575144829044,0.864146412254588,20,NA,NA,NA
"real","SMR_IDN",-0.541824843159153,1.37496403143851,16,NA,NA,NA
"real","SMR_ISL",-0.397201050870888,0.754163726986475,15,NA,NA,NA
"real","SMR_KOR",-0.891041041109555,1.42487166572518,20,NA,NA,NA
"real","SMR_LBN",-0.536315635719857,1.17520576700947,20,NA,NA,NA
"real","SMR_MEX",-0.544588412662556,2.16956655055407,20,NA,NA,NA
"real","SMR_MKD",-1.24891840119616,3.24193587879277,15,NA,NA,NA
"real","SMR_NOR",-1.5161837015307,4.1243295477365,17,NA,NA,NA
"real","SMR_TWN",-0.711522783284141,2.59689101140025,16,NA,NA,NA
"real","SMR_UKR",-0.148380822590871,0.856349271241756,16,NA,NA,NA
"real","SMR_URY",-0.276759844693434,2.28364065464197,14,NA,NA,NA
"real","SMR_USA",-0.238815775086245,0.383930064908127,20,NA,NA,NA
"real","SMR_ZAF",-0.386070930074573,1.20502382953392,20,NA,NA,NA
"real","SOM_BHR",-0.35663065868607,1.7500634295762,20,NA,NA,NA
"real","SOM_CRI",-0.676085739084864,2.28286588876248,10,NA,NA,NA
"real","SOM_KAZ",-0.838385097678541,2.80164704705401,13,NA,NA,NA
"real","SOM_MOZ",-1.54402001319192,7.16424539029426,8,NA,NA,NA
"real","SOM_NGA",-3.05922253122158,18.7784448902795,15,NA,NA,NA
"real","STP_BEL",-0.142329998608779,0.899145029968047,20,NA,NA,NA
"real","STP_BLZ",-1.0903496634063,3.21878799225614,8,NA,NA,NA
"real","STP_BRA",-1.13579961058731,4.6141482199734,15,NA,NA,NA
"real","STP_CPV",-2.69360046160595,8.66215043968248,16,NA,NA,NA
"real","STP_ETH",-1.90575194196016,7.94685302247723,15,NA,NA,NA
"real","STP_GRD",-1.0848905917521,2.52939386602835,8,NA,NA,NA
"real","STP_MKD",-1.03535047325728,1.79854555655303,11,NA,NA,NA
"real","STP_SGP",-2.15877573091996,4.61022601726897,10,NA,NA,NA
"real","STP_SVN",-0.518017235378805,1.45108643092717,18,NA,NA,NA
"real","STP_ZMB",-0.745454098788925,2.49757679138266,12,NA,NA,NA
"real","SUR_AZE",-1.00349240882952,8.44951780147812,8,NA,NA,NA
"real","SUR_BHR",-0.426792961588946,1.54754110594066,13,NA,NA,NA
"real","SUR_MOZ",-0.344862929897469,8.96250404955402,8,NA,NA,NA
"real","SUR_MRT",-2.85531178789713,5.33287591163005,12,NA,NA,NA
"real","SUR_NAM",-1.33896807084938,5.80463055410022,13,NA,NA,NA
"real","SUR_PYF",-1.39425805075384,3.50399552715038,20,NA,NA,NA
"real","SUR_VNM",-1.49699665341547,2.37223918276951,19,NA,NA,NA
"real","SVK_BWA",-3.62816283347002,6.07700803146355,13,NA,NA,NA
"real","SVK_COM",-0.708019165061471,1.27780764439411,13,NA,NA,NA
"real","SVK_FSM",-0.949539355770214,2.87999483447648,16,NA,NA,NA
"real","SVK_GUM",-1.45905321982997,7.98873786636074,9,NA,NA,NA
"real","SVK_NAM",-0.730414325182719,1.28760827890021,15,NA,NA,NA
"real","SVN_HTI",-1.45438369957244,3.11559020405144,18,NA,NA,NA
"real","SVN_LAO",-1.10170954881289,2.19129638248019,17,NA,NA,NA
"real","SVN_MWI",-1.02399038505987,2.31956272161884,16,NA,NA,NA
"real","SVN_NIC",-0.757017014313678,1.19553928948495,12,NA,NA,NA
"real","SWE_LSO",-0.729882028441404,2.93363249147729,15,NA,NA,NA
"real","SWE_NAM",-0.703759951853447,0.915964878258495,15,NA,NA,NA
"real","SWE_SWZ",-0.651078549433088,2.97956482105285,15,NA,NA,NA
"real","SWE_UMI",-0.601950966605887,4.64795803248268,20,NA,NA,NA
"real","SWZ_ARE",-1.46773531311553,5.55419995408847,17,NA,NA,NA
"real","SWZ_ARG",-0.46343820349692,1.451376270935,8,NA,NA,NA
"real","SWZ_ATG",-0.803224894283891,5.57994986318326,15,NA,NA,NA
"real","SWZ_BEL",-0.415477627177808,1.29800979449295,15,NA,NA,NA
"real","SWZ_BEN",-0.533344049940773,2.36851317314584,20,NA,NA,NA
"real","SWZ_BGR",-1.657030350041,6.98024224254627,15,NA,NA,NA
"real","SWZ_BMU",-1.85392365218549,7.73335061490247,10,NA,NA,NA
"real","SWZ_BOL",-2.24802287756134,4.24163240412493,19,NA,NA,NA
"real","SWZ_BRA",-1.38197140707466,2.29373969650698,15,NA,NA,NA
"real","SWZ_BRB",-0.557186005235678,1.84121593081244,20,NA,NA,NA
"real","SWZ_CHL",-0.904782596132231,3.08259612096374,16,NA,NA,NA
"real","SWZ_CIV",-6.08251059893808,10.0914263213053,19,NA,NA,NA
"real","SWZ_CMR",-0.896898883308636,2.44336273074674,20,NA,NA,NA
"real","SWZ_COL",-0.8720584213165,3.21885601209083,20,NA,NA,NA
"real","SWZ_CRI",-1.3194713174787,4.78561350411305,19,NA,NA,NA
"real","SWZ_CUB",-1.84132853161575,10.2251595063035,9,NA,NA,NA
"real","SWZ_CYP",-1.06615934845906,3.57568804257184,15,NA,NA,NA
"real","SWZ_DMA",-0.317617980352418,0.917152405004795,13,NA,NA,NA
"real","SWZ_DZA",-0.980631812008173,4.48602855383514,18,NA,NA,NA
"real","SWZ_GAB",-0.214102434839062,1.34059884918853,14,NA,NA,NA
"real","SWZ_GHA",-1.99282184227741,6.74001611312587,19,NA,NA,NA
"real","SWZ_GUY",-0.63943177483076,3.33111027848432,20,NA,NA,NA
"real","SWZ_HKG",-0.715054673657411,2.06844553807662,20,NA,NA,NA
"real","SWZ_IND",-0.742409721996626,2.52998904311415,20,NA,NA,NA
"real","SWZ_IRN",-2.0567737211582,19.0430200482887,10,NA,NA,NA
"real","SWZ_ISR",-1.55689580787755,4.72693845034185,19,NA,NA,NA
"real","SWZ_KNA",-1.16359540300417,3.81004402240902,17,NA,NA,NA
"real","SWZ_LCA",-0.2642644568191,2.48557041508413,19,NA,NA,NA
"real","SWZ_LKA",-1.79169102353779,7.28750237874162,19,NA,NA,NA
"real","SWZ_MDA",-0.782762177885403,2.09400850014276,19,NA,NA,NA
"real","SWZ_MEX",-0.103176242960238,0.627784007517312,20,NA,NA,NA
"real","SWZ_MKD",-1.73042638608676,3.25478684761254,13,NA,NA,NA
"real","SWZ_NER",-0.795932318333938,2.45947505343569,17,NA,NA,NA
"real","SWZ_NGA",-1.09084390172697,2.21307261534412,18,NA,NA,NA
"real","SWZ_PER",-0.233846104363557,0.896805655677847,20,NA,NA,NA
"real","SWZ_PHL",-0.95966226795842,5.69692165542009,18,NA,NA,NA
"real","SWZ_PYF",-3.58265777604231,12.1197997522333,17,NA,NA,NA
"real","SWZ_SVK",-0.857367362433355,1.68693087797389,15,NA,NA,NA
"real","SWZ_TTO",-0.519350609119841,1.31672491469016,16,NA,NA,NA
"real","SWZ_TUN",-1.68763375204079,5.53034018143327,17,NA,NA,NA
"real","SWZ_UKR",-1.54111467610686,7.72388848628601,17,NA,NA,NA
"real","SWZ_VCT",-0.863791725385889,3.54177023885334,20,NA,NA,NA
"real","SYC_BGD",-0.983930637858566,1.9754297531534,12,NA,NA,NA
"real","SYC_BLZ",-2.64374489633097,5.03893696828859,11,NA,NA,NA
"real","SYC_BOL",-2.29316244220545,8.48745107052252,12,NA,NA,NA
"real","SYC_GRD",-2.58418838998934,11.077768086533,8,NA,NA,NA
"real","SYC_ISL",-0.826345596086287,4.26688861688815,15,NA,NA,NA
"real","SYC_MDV",-1.7832458495301,4.19298635227688,19,NA,NA,NA
"real","SYC_MKD",-1.26565417668505,3.47943546880177,15,NA,NA,NA
"real","SYC_MYT",-3.34941402846863,15.8477648144835,11,NA,NA,NA
"real","SYC_OMN",-1.01996460078174,2.43063237352359,10,NA,NA,NA
"real","SYC_QAT",-1.97778855984346,7.81000779434177,12,NA,NA,NA
"real","SYR_ATG",0.400327579483652,2.48496305924518,15,NA,NA,NA
"real","SYR_BRB",-0.265752276294787,1.3217454875277,15,NA,NA,NA
"real","SYR_FJI",-0.780941677969081,4.23453975811655,13,NA,NA,NA
"real","SYR_KHM",-1.1434212360712,2.66923786279921,10,NA,NA,NA
"real","SYR_MOZ",-1.38078304713095,4.11901885610352,19,NA,NA,NA
"real","SYR_MRT",-0.799857953203625,3.57357763802977,20,NA,NA,NA
"real","SYR_NIC",-1.15342972510318,7.01109904720604,17,NA,NA,NA
"real","SYR_VNM",-0.459735387687459,1.04029463026869,18,NA,NA,NA
"real","TCA_ATG",-0.239662424233782,3.10788939254919,11,NA,NA,NA
"real","TCA_GUY",-1.70363291236137,6.45097940482908,16,NA,NA,NA
"real","TCA_KOR",-1.76611989390774,7.15880544556956,19,NA,NA,NA
"real","TCA_MOZ",-0.565282445697517,3.92869187119508,15,NA,NA,NA
"real","TCA_NER",-1.44831266421133,4.14916405428114,15,NA,NA,NA
"real","TCA_TWN",-0.918897037686752,2.42436505194173,11,NA,NA,NA
"real","TCD_BRB",-0.0746680670465533,6.06438458476177,10,NA,NA,NA
"real","TCD_SGP",-2.17385245802349,4.18801642390817,11,NA,NA,NA
"real","TCD_UKR",-3.34847737744599,18.2287141327261,10,NA,NA,NA
"real","TGO_DOM",-4.76805480077212,17.4562410587178,9,NA,NA,NA
"real","TGO_KHM",-1.11860856619883,5.58838076447481,12,NA,NA,NA
"real","TGO_MKD",-2.79769201357894,10.3455537321034,12,NA,NA,NA
"real","TGO_MWI",-1.40018585532179,5.05643698396227,9,NA,NA,NA
"real","TGO_NAM",-2.65316712973996,7.41764556653078,9,NA,NA,NA
"real","TGO_SWZ",-0.606437306034097,2.61024815786246,13,NA,NA,NA
"real","TGO_ZMB",-0.567806365058536,2.19356205683303,17,NA,NA,NA
"real","THA_ASM",-0.665671106431611,1.77758064937396,20,NA,NA,NA
"real","THA_ERI",-1.07590089927903,2.93593730573839,20,NA,NA,NA
"real","THA_GNQ",-0.302665050166606,1.19975683344492,20,NA,NA,NA
"real","THA_GUM",-0.19057796258467,0.299092856765372,20,NA,NA,NA
"real","THA_HMD",-1.0141790672306,7.86117049153889,13,NA,NA,NA
"real","THA_MYT",0.0438901930741248,0.109774094004581,14,NA,NA,NA
"real","THA_SPM",-0.59443615656964,1.68079504279718,8,NA,NA,NA
"real","THA_TKL",-0.336816521013067,3.80346346366557,18,NA,NA,NA
"real","THA_UMI",-1.97744022591956,4.73033271042652,19,NA,NA,NA
"real","THA_WLF",-0.07844206046897,0.194147025176833,20,NA,NA,NA
"real","TJK_FRO",-0.310527114365679,0.979075096714972,10,NA,NA,NA
"real","TJK_VNM",-0.320167428743606,0.879255876593192,15,NA,NA,NA
"real","TKL_MWI",-0.994516852904151,5.73085388960707,15,NA,NA,NA
"real","TKL_THA",-0.231217951079882,1.50359313720951,20,NA,NA,NA
"real","TKL_TWN",-0.838080902266232,2.20795792444729,18,NA,NA,NA
"real","TKM_DZA",-2.77117754603934,9.09256424424266,8,NA,NA,NA
"real","TKM_ECU",-1.4075106356899,9.71351648919206,12,NA,NA,NA
"real","TKM_HKG",-0.629318774641778,2.33122866911486,14,NA,NA,NA
"real","TKM_KWT",-0.361686002968153,3.2670212817891,17,NA,NA,NA
"real","TKM_PER",-1.72402356806346,7.74113591437114,17,NA,NA,NA
"real","TKM_QAT",-0.34425427216977,4.74701753322013,11,NA,NA,NA
"real","TKM_TUN",-1.6634068874362,4.57887274825712,15,NA,NA,NA
"real","TKM_ZAF",-2.08890446592501,6.5791076407969,20,NA,NA,NA
"real","TON_ASM",-0.066252688382449,0.878102615480588,15,NA,NA,NA
"real","TON_CHN",-0.776528959563127,1.87702061753263,20,NA,NA,NA
"real","TON_NCL",-1.02705936476867,4.23683957873114,9,NA,NA,NA
"real","TON_NGA",-2.32715969141957,5.72768125538351,11,NA,NA,NA
"real","TON_POL",-2.74268934629134,9.79395044731447,15,NA,NA,NA
"real","TON_ZAF",-1.75645473197938,5.83475026493308,19,NA,NA,NA
"real","TTO_ARM",-0.812552542473035,3.99938815266722,11,NA,NA,NA
"real","TTO_AZE",-1.5110143531067,4.34952810516081,19,NA,NA,NA
"real","TTO_BLR",-0.834219609768549,3.93150792921717,17,NA,NA,NA
"real","TTO_NAM",-1.93957768772925,4.23406126776203,19,NA,NA,NA
"real","TTO_SMR",-0.947388285766374,2.9826072535131,13,NA,NA,NA
"real","TTO_ZAF",-1.01580279133709,3.31602347333553,20,NA,NA,NA
"real","TUN_KGZ",-0.365395265456652,0.767477175278078,18,NA,NA,NA
"real","TUN_MDA",-0.747916590950243,1.28353347799,20,NA,NA,NA
"real","TUN_MYT",-0.0244123867278721,0.0411892118228024,10,NA,NA,NA
"real","TUN_SWZ",-2.28392128988425,10.9320512550785,10,NA,NA,NA
"real","TUN_VCT",-3.41709183068317,10.7949067057247,20,NA,NA,NA
"real","TUR_BWA",-0.223948582892922,0.819090985119559,20,NA,NA,NA
"real","TUR_LSO",-0.450201429987046,1.27186197580631,20,NA,NA,NA
"real","TUR_MYT",-0.189828508884803,0.247068110137879,14,NA,NA,NA
"real","TUR_UMI",-0.77610793061226,1.36498014322093,20,NA,NA,NA
"real","TUR_WLF",-0.48947157251132,0.816256215631423,19,NA,NA,NA
"real","TUV_NGA",-0.772659434037627,8.31559501847075,14,NA,NA,NA
"real","TWN_ABW",0.0982949558617768,0.452597129687507,19,NA,NA,NA
"real","TWN_ASM",-0.278363951731173,0.706107947632877,19,NA,NA,NA
"real","TWN_CCK",-0.731517653604723,1.81757672666053,8,NA,NA,NA
"real","TWN_CYM",-0.193173081666909,1.11783954460333,19,NA,NA,NA
"real","TWN_FSM",-0.305242861110565,0.653309329699858,20,NA,NA,NA
"real","TWN_GIB",-1.02067839272149,4.09576056166139,19,NA,NA,NA
"real","TWN_GUM",-0.0409873511963552,0.0815536246197022,18,NA,NA,NA
"real","TWN_IOT",0.00981537280544224,1.20812763363649,11,NA,NA,NA
"real","TWN_LSO",-0.112704611670834,0.196462454959433,20,NA,NA,NA
"real","TWN_MHL",-0.182226489922963,2.56837219120483,19,NA,NA,NA
"real","TWN_MNP",-0.184330838438049,0.148100218120971,19,NA,NA,NA
"real","TWN_MYT",-0.209752648689116,0.536621014706243,14,NA,NA,NA
"real","TWN_NAM",-0.130234426936098,0.516104945156202,20,NA,NA,NA
"real","TWN_NFK",-0.796447635515174,2.9931263547673,14,NA,NA,NA
"real","TWN_PCN",-0.28096055761671,2.32421153568119,9,NA,NA,NA
"real","TWN_PLW",0.0299033697260336,0.192405824708796,19,NA,NA,NA
"real","TWN_SHN",-0.807547049918271,2.31224712247336,13,NA,NA,NA
"real","TWN_SMR",-0.321138472656142,0.926075778755778,17,NA,NA,NA
"real","TWN_TCA",-1.80627153916304,3.93330069584578,11,NA,NA,NA
"real","TWN_TKL",-0.64039670872537,1.92411754585838,10,NA,NA,NA
"real","TWN_UMI",-2.23803350368502,5.75746365899787,11,NA,NA,NA
"real","TWN_VAT",-1.04713268534147,2.84034955538465,10,NA,NA,NA
"real","TWN_VGB",-0.70984529836438,1.17415274515286,19,NA,NA,NA
"real","TWN_WLF",-0.520370548203508,1.31058821487048,12,NA,NA,NA
"real","TZA_AIA",-0.164392551149874,1.59035747499908,8,NA,NA,NA
"real","TZA_BIH",-0.534027100667886,1.92880644639483,20,NA,NA,NA
"real","TZA_BLR",-2.71514778411315,9.26448860565881,20,NA,NA,NA
"real","TZA_EST",-2.11428429242908,5.35042327462078,20,NA,NA,NA
"real","TZA_KAZ",-0.767541292597099,2.98525613687694,19,NA,NA,NA
"real","TZA_LUX",-0.295360090235018,2.93260096209156,20,NA,NA,NA
"real","TZA_MYT",-0.0602917228894627,0.586671413357517,10,NA,NA,NA
"real","TZA_TKL",-1.1579172516311,9.9339744154417,13,NA,NA,NA
"real","UGA_GUY",-1.48504496128068,5.65486830308755,8,NA,NA,NA
"real","UGA_LSO",-1.38130698084342,6.41768983815316,9,NA,NA,NA
"real","UGA_MYT",-0.396222590255316,2.63059929598047,8,NA,NA,NA
"real","UKR_FJI",-0.487430042718818,1.13748338759182,19,NA,NA,NA
"real","UKR_GMB",-0.573294730513728,1.43765634733436,20,NA,NA,NA
"real","UKR_MYT",-1.61623306465343,2.16093613758777,11,NA,NA,NA
"real","UKR_NAM",-0.975974831668673,3.42126780922729,20,NA,NA,NA
"real","UKR_SMR",-0.455231571888345,1.5357329602997,16,NA,NA,NA
"real","UKR_STP",-1.97590917209707,7.97049813993431,13,NA,NA,NA
"real","UKR_SWZ",-1.3826493321052,10.9606610047063,14,NA,NA,NA
"real","UMI_AUS",-0.757655886221472,2.15622933107507,18,NA,NA,NA
"real","UMI_AUT",-1.59750736265782,5.56548526939944,20,NA,NA,NA
"real","UMI_BEL",-1.84868304016065,9.29631891991802,16,NA,NA,NA
"real","UMI_BEN",-0.985700680201647,5.75744281764854,11,NA,NA,NA
"real","UMI_BGR",-0.200368154590605,1.5992639775548,11,NA,NA,NA
"real","UMI_BRA",-1.69497352914041,9.62481102166207,20,NA,NA,NA
"real","UMI_CAN",0.0165208118356243,0.411206677467416,20,NA,NA,NA
"real","UMI_CHE",-1.1244973895006,5.34090152223987,10,NA,NA,NA
"real","UMI_CZE",-1.43843907912234,6.38272389864866,20,NA,NA,NA
"real","UMI_DEU",-0.772813418062874,2.74377407672412,17,NA,NA,NA
"real","UMI_FRA",-0.868386804498643,4.90511020937499,19,NA,NA,NA
"real","UMI_GBR",-0.443313186066596,3.80563077889402,17,NA,NA,NA
"real","UMI_HKG",-2.97374196036225,9.36095719923416,9,NA,NA,NA
"real","UMI_IRL",-0.616302949802341,2.1058739849969,18,NA,NA,NA
"real","UMI_ITA",-0.889526738803548,3.22641958158503,15,NA,NA,NA
"real","UMI_KHM",-1.48347538001027,7.64816982185258,8,NA,NA,NA
"real","UMI_KNA",0.112363138626526,2.07421246700206,16,NA,NA,NA
"real","UMI_KOR",-0.946366486808734,3.87397810504084,20,NA,NA,NA
"real","UMI_LBN",-0.58987432037811,2.96236282019933,11,NA,NA,NA
"real","UMI_MEX",-1.92184235653516,7.08302646415775,8,NA,NA,NA
"real","UMI_MOZ",-1.10462820881306,4.39054292529125,20,NA,NA,NA
"real","UMI_NGA",-0.821366733438653,2.34271034031805,14,NA,NA,NA
"real","UMI_NLD",-1.34924148331496,5.35425659615376,13,NA,NA,NA
"real","UMI_PHL",-1.37753215713264,4.70173149083371,17,NA,NA,NA
"real","UMI_SDN",-0.456455084427444,2.0971416172143,15,NA,NA,NA
"real","UMI_SGP",-0.354696555982891,2.87268121999844,11,NA,NA,NA
"real","UMI_SVK",-1.63446496135115,5.2404172732326,20,NA,NA,NA
"real","UMI_THA",-1.17100448308368,3.51959239836698,19,NA,NA,NA
"real","UMI_TUR",-1.94562941856959,5.49651632329978,20,NA,NA,NA
"real","UMI_TZA",-1.84506003952281,13.7212114114031,10,NA,NA,NA
"real","UMI_ZAF",-1.23579746395015,5.9786474031438,18,NA,NA,NA
"real","UMI_ZMB",-1.77632857575258,10.9309285269364,13,NA,NA,NA
"real","URY_BEN",-1.55636913536717,3.18053966591884,20,NA,NA,NA
"real","URY_NAM",-0.245023067680289,0.783671437384978,14,NA,NA,NA
"real","URY_PSE",-0.217027007812719,0.633531191736858,15,NA,NA,NA
"real","URY_VUT",-0.560345219878591,3.9111305657379,12,NA,NA,NA
"real","USA_HMD",-0.323890198332404,0.257667294633594,20,NA,NA,NA
"real","USA_MYT",0.0150270867475227,0.0598231508236899,14,NA,NA,NA
"real","USA_PSE",-0.425392344589868,0.888662036457013,20,NA,NA,NA
"real","USA_SMR",-0.28247550401753,0.634651403417867,20,NA,NA,NA
"real","USA_VAT",-0.557721336225071,1.15871797941621,20,NA,NA,NA
"real","UZB_BGD",-3.69157387393404,17.8440252677184,17,NA,NA,NA
"real","UZB_FRO",-0.951028337054712,3.12756964333566,9,NA,NA,NA
"real","UZB_MOZ",-2.13463968104806,7.58356771460439,12,NA,NA,NA
"real","UZB_VNM",-0.0529241707465765,0.583441522041728,20,NA,NA,NA
"real","UZB_ZAF",-1.80787155534003,14.2638642052496,20,NA,NA,NA
"real","VAT_BEL",-1.63208620851032,5.92895574152319,16,NA,NA,NA
"real","VAT_BGD",-0.20686509732176,2.01627872961156,11,NA,NA,NA
"real","VAT_BRA",-1.8228851016299,8.96004809716089,10,NA,NA,NA
"real","VAT_CHE",-2.17743635914218,6.34804761337289,18,NA,NA,NA
"real","VAT_COL",-0.367735901255335,4.27097330907571,13,NA,NA,NA
"real","VAT_CZE",-0.779927651301067,3.06058729587108,17,NA,NA,NA
"real","VAT_ECU",-1.59295341583794,8.76219815112973,9,NA,NA,NA
"real","VAT_ESP",-1.16117500249818,7.26800997110647,20,NA,NA,NA
"real","VAT_ETH",-0.711052683808292,3.60206049230942,15,NA,NA,NA
"real","VAT_GBR",-0.756107376696248,2.81127563212208,18,NA,NA,NA
"real","VAT_IRL",-1.42607064519238,5.39582526752536,19,NA,NA,NA
"real","VAT_ITA",-0.854109649925024,2.39555718660166,20,NA,NA,NA
"real","VAT_MEX",-0.195513739102303,1.53689532455741,13,NA,NA,NA
"real","VAT_NGA",-0.615163542644883,2.4082372118642,15,NA,NA,NA
"real","VAT_SVK",-2.29392612973275,9.27929258018005,17,NA,NA,NA
"real","VAT_SVN",-1.09751058732882,7.37106797101226,16,NA,NA,NA
"real","VAT_TWN",-0.764507921482378,5.07481806378791,14,NA,NA,NA
"real","VAT_USA",-0.0224368777726679,0.887952990899254,20,NA,NA,NA
"real","VAT_ZAF",-1.43092156588606,6.7666070472105,19,NA,NA,NA
"real","VCT_LBN",-2.3316234479454,4.39100323011732,10,NA,NA,NA
"real","VCT_NAM",-2.83020213596592,15.120964962516,12,NA,NA,NA
"real","VCT_NGA",-3.41364253779138,12.2826666784981,13,NA,NA,NA
"real","VCT_THA",-1.44339907190251,6.53079953085595,18,NA,NA,NA
"real","VEN_KHM",-1.6735395422506,12.5691238178674,8,NA,NA,NA
"real","VEN_MDA",-2.7901688321665,7.49147372553147,18,NA,NA,NA
"real","VEN_QAT",-2.40346422267163,11.9504040235192,17,NA,NA,NA
"real","VGB_AIA",-0.320909100640017,1.3722823063456,8,NA,NA,NA
"real","VGB_ARM",-1.92060643981789,7.59843254494979,15,NA,NA,NA
"real","VGB_BLZ",-1.80129073586487,5.47669953649904,8,NA,NA,NA
"real","VGB_TWN",-1.70284530355828,6.00802684422202,19,NA,NA,NA
"real","VGB_ZAF",-0.263852895421658,1.31273556007188,20,NA,NA,NA
"real","VNM_AGO",0.354827327993979,1.75809523940956,20,NA,NA,NA
"real","VNM_AIA",-1.45113951745272,10.7648319480663,8,NA,NA,NA
"real","VNM_BHR",-0.570933593798099,0.785670144268669,20,NA,NA,NA
"real","VNM_BHS",-1.31082371752006,2.06822628601196,18,NA,NA,NA
"real","VNM_BIH",-0.46070959148695,0.930866433441332,20,NA,NA,NA
"real","VNM_BWA",-0.0308590776889578,1.94058988227015,19,NA,NA,NA
"real","VNM_COD",0.0478122750822527,1.65363229497673,18,NA,NA,NA
"real","VNM_DJI",-1.50042530978839,2.23955516173596,15,NA,NA,NA
"real","VNM_DOM",-0.394928853584638,0.708081828999399,20,NA,NA,NA
"real","VNM_FJI",-0.333176692176638,0.532041021380802,20,NA,NA,NA
"real","VNM_GNB",-0.871163090787331,4.0490164311681,14,NA,NA,NA
"real","VNM_GUM",-1.03850962908006,13.2627119213471,12,NA,NA,NA
"real","VNM_HTI",-1.04432391182912,2.18216915459145,16,NA,NA,NA
"real","VNM_KGZ",-0.739060987080787,2.80560413597901,15,NA,NA,NA
"real","VNM_LBR",-0.803625651085477,1.57859959671166,18,NA,NA,NA
"real","VNM_LSO",-0.912108186417984,2.57232994289077,14,NA,NA,NA
"real","VNM_MRT",-0.481625180805111,2.34918523604519,19,NA,NA,NA
"real","VNM_MYT",0.0702752337332464,0.291584689499836,10,NA,NA,NA
"real","VNM_NAM",-0.38473954200793,4.78780495305819,20,NA,NA,NA
"real","VNM_NRU",-0.880571988066795,9.75846849690727,9,NA,NA,NA
"real","VNM_PLW",-1.04559995650515,13.3701322818278,17,NA,NA,NA
"real","VNM_SLE",0.00937559841478162,1.08015746938839,19,NA,NA,NA
"real","VNM_SOM",-0.628038450776845,1.76550434476469,8,NA,NA,NA
"real","VNM_SUR",0.215197589565508,0.902232585066088,20,NA,NA,NA
"real","VNM_SWZ",-0.222487822192003,3.85389330734194,17,NA,NA,NA
"real","VNM_TJK",-0.0925313658159852,0.654109334919757,13,NA,NA,NA
"real","VNM_UZB",-0.662347302534225,1.21396490481685,19,NA,NA,NA
"real","VNM_VUT",-0.98191719570069,3.61029025937169,16,NA,NA,NA
"real","VNM_YEM",0.00606204471908365,1.13263573159413,20,NA,NA,NA
"real","VUT_IDN",-2.55539443564348,11.526773275551,18,NA,NA,NA
"real","VUT_NGA",-1.58178565638138,7.98729151756931,11,NA,NA,NA
"real","VUT_UKR",-2.02707461880471,6.09180737544522,9,NA,NA,NA
"real","VUT_VCT",-0.52612856260485,2.29861599012518,9,NA,NA,NA
"real","WLF_AUS",-0.435196767356315,1.66002073858623,8,NA,NA,NA
"real","WLF_THA",-1.17745069511738,4.41260028462382,15,NA,NA,NA
"real","WSM_AND",-1.12814022247958,3.0614710807014,11,NA,NA,NA
"real","WSM_BEL",-3.33988902400929,17.1926920404292,16,NA,NA,NA
"real","WSM_EGY",-0.523421125526203,1.74127773166617,8,NA,NA,NA
"real","WSM_LKA",-1.12215187766944,5.90490226284663,10,NA,NA,NA
"real","WSM_NGA",-2.61572293044367,8.84582169297232,11,NA,NA,NA
"real","WSM_PYF",-1.24414113300358,3.99944341586697,17,NA,NA,NA
"real","WSM_ZAF",-1.05893032775655,2.44406901306808,18,NA,NA,NA
"real","YEM_MOZ",-3.32572841506277,7.47436765444413,17,NA,NA,NA
"real","YEM_SLE",-1.14919596001244,5.78951639968678,11,NA,NA,NA
"real","YEM_VNM",-1.73224541401841,5.96986772465362,17,NA,NA,NA
"real","YEM_ZAF",-3.56804851100299,14.2840614259091,20,NA,NA,NA
"real","ZAF_ABW",-0.474691506801436,1.96221779439768,20,NA,NA,NA
"real","ZAF_AFG",-1.592271427512,4.48015924676913,20,NA,NA,NA
"real","ZAF_AIA",-3.21825025891319,10.4808008789524,16,NA,NA,NA
"real","ZAF_AND",-0.340511807668491,2.5057822828474,20,NA,NA,NA
"real","ZAF_ANT",-0.170202555927419,0.886140491071689,11,NA,NA,NA
"real","ZAF_ASM",-0.671534444479935,2.11649505838189,19,NA,NA,NA
"real","ZAF_ATA",-0.571476959098299,3.53548761036472,20,NA,NA,NA
"real","ZAF_BMU",-2.21296580520595,4.6080856979484,20,NA,NA,NA
"real","ZAF_BRB",0.0782384508466715,0.252557532763484,20,NA,NA,NA
"real","ZAF_CCK",-2.25750191812343,6.1901598049635,11,NA,NA,NA
"real","ZAF_COK",-0.633508265384358,1.66314688600321,19,NA,NA,NA
"real","ZAF_CYM",-0.461619537864921,1.76797312746073,20,NA,NA,NA
"real","ZAF_ERI",-0.327350167143511,0.743048146443575,20,NA,NA,NA
"real","ZAF_FJI",0.0325761036472617,0.38540027699755,20,NA,NA,NA
"real","ZAF_FLK",0.0194232879943763,0.731140208226506,19,NA,NA,NA
"real","ZAF_FSM",-1.17710120833686,6.31305230676965,16,NA,NA,NA
"real","ZAF_GIB",-0.278553562105702,0.986463483804764,20,NA,NA,NA
"real","ZAF_GNB",-0.194185705213162,0.505495171033053,20,NA,NA,NA
"real","ZAF_GNQ",-0.0658023082229494,0.402403123930447,20,NA,NA,NA
"real","ZAF_GUM",-1.17751230465773,4.26581770875462,19,NA,NA,NA
"real","ZAF_GUY",-2.02284337935581,2.9179194156963,20,NA,NA,NA
"real","ZAF_HMD",-0.299728207683485,5.36534839680713,10,NA,NA,NA
"real","ZAF_HTI",-0.496045087382618,0.657894574307016,20,NA,NA,NA
"real","ZAF_LAO",-0.484717292811969,2.00265114258521,20,NA,NA,NA
"real","ZAF_MHL",-1.6502987515392,3.95548868564943,20,NA,NA,NA
"real","ZAF_MNG",-1.23314316547887,3.15687676710176,20,NA,NA,NA
"real","ZAF_MNP",-1.08759106971422,4.13645540337032,17,NA,NA,NA
"real","ZAF_MSR",-1.3941359433776,4.41577711262113,14,NA,NA,NA
"real","ZAF_MYT",0.0637295120990535,0.578434014872005,14,NA,NA,NA
"real","ZAF_NCL",-0.438768213356687,1.47502626827439,20,NA,NA,NA
"real","ZAF_NIU",-0.54340883853746,7.47126635688607,10,NA,NA,NA
"real","ZAF_PCN",-1.11974911246732,5.14390403052827,9,NA,NA,NA
"real","ZAF_PLW",-2.35918283261203,6.78575839951054,13,NA,NA,NA
"real","ZAF_PYF",-0.132178935160736,0.325599291346048,20,NA,NA,NA
"real","ZAF_SHN",-0.0259870618954311,0.0886139747630824,20,NA,NA,NA
"real","ZAF_SMR",-2.02034579616479,13.5051595820285,16,NA,NA,NA
"real","ZAF_TCA",-1.16901923542716,3.29826466968416,20,NA,NA,NA
"real","ZAF_TJK",0.151963341971211,1.27902813021648,20,NA,NA,NA
"real","ZAF_TKM",-0.927746073143632,3.33649742034409,18,NA,NA,NA
"real","ZAF_TON",-1.19121134903108,3.36121321627066,20,NA,NA,NA
"real","ZAF_UZB",-0.780970108988835,3.95478094019775,20,NA,NA,NA
"real","ZAF_VGB",-0.279129542531336,2.12956000018776,20,NA,NA,NA
"real","ZAF_WLF",-1.37890539327416,4.77817772021502,11,NA,NA,NA
"real","ZMB_AZE",-0.974044198710901,5.34967283790342,10,NA,NA,NA
"real","ZMB_BHR",-2.26686492819359,6.28880230592983,12,NA,NA,NA
"real","ZMB_MRT",-1.2290436191214,4.37774903921606,15,NA,NA,NA
"real","ZMB_NPL",-1.67202803303359,11.5140198884678,9,NA,NA,NA
"real","ZMB_QAT",-0.0138963478174437,2.11880915673591,10,NA,NA,NA
"real","ZWE_ANT",-1.45903824963566,6.41187463418054,9,NA,NA,NA
"real","ZWE_KHM",-0.530315395333281,1.75273047865646,13,NA,NA,NA
"real","ZWE_LUX",-0.981720515903341,5.36148739346216,11,NA,NA,NA
"real","ZWE_NCL",-0.175457017286459,0.541654275282283,13,NA,NA,NA
"real","ZWE_PYF",-0.720375040567667,2.13012139228523,13,NA,NA,NA
"real","ZWE_QAT",-1.11611519888789,3.88469071608591,16,NA,NA,NA
"real","ABW_CAN",-1.01279191825709,4.57152649605883,19,NA,NA,NA
"real","ABW_RWA",-0.509286984296912,2.96435946148433,11,NA,NA,NA
"real","AFG_GEO",-1.60812036011165,3.53716225316028,15,NA,NA,NA
"real","AFG_ISR",-0.58057400699484,5.46844954337827,17,NA,NA,NA
"real","AFG_KHM",-0.195113123872456,6.36067758778487,8,NA,NA,NA
"real","AFG_MOZ",0.15203491063794,1.15775824020536,19,NA,NA,NA
"real","AGO_BEN",-2.0005757478653,8.56361298347749,16,NA,NA,NA
"real","AGO_HRV",-0.376321980676275,1.28432057670239,14,NA,NA,NA
"real","AGO_LUX",-2.29913951164868,6.9557172186507,12,NA,NA,NA
"real","AGO_OMN",-1.25071434017048,3.40345347501582,8,NA,NA,NA
"real","AIA_BRA",-0.773137352365242,2.64729968041299,17,NA,NA,NA
"real","AIA_IND",-1.39517782811117,5.27505021299338,9,NA,NA,NA
"real","AIA_KGZ",-0.805118972630854,3.776497562904,11,NA,NA,NA
"real","AIA_MSR",-1.31462570927448,5.28388681630863,13,NA,NA,NA
"real","ALB_BDI",-0.601903684754967,2.14788672868085,12,NA,NA,NA
"real","ALB_BRB",0.0168513283494933,1.48396174510803,19,NA,NA,NA
"real","ALB_DOM",0.291009015411157,0.90921845165255,19,NA,NA,NA
"real","ALB_KAZ",-0.211439041471649,2.36155298948168,17,NA,NA,NA
"real","ALB_KEN",-0.796972609386255,6.49236969488291,16,NA,NA,NA
"real","ALB_SYR",-0.574515143414242,8.5992597916409,12,NA,NA,NA
"real","AND_FRO",-0.231761368635451,1.73685812828042,9,NA,NA,NA
"real","AND_GIN",-0.88751105777589,4.64485943523832,10,NA,NA,NA
"real","AND_JOR",-0.443844077887931,5.13988749553274,13,NA,NA,NA
"real","AND_KWT",-1.89424653109279,6.57322201622679,12,NA,NA,NA
"real","AND_MRT",-2.34910354395388,8.78411398880042,19,NA,NA,NA
"real","AND_NAM",-0.94464738098964,7.5968955606466,18,NA,NA,NA
"real","AND_RWA",-0.0308408379044673,2.81810218636074,17,NA,NA,NA
"real","AND_WSM",-0.446361411925449,3.70793812847798,8,NA,NA,NA
"real","ANT_NAM",-1.85181129414485,6.39695611300664,8,NA,NA,NA
"real","ARM_AND",-1.00754821978314,4.99630608400652,12,NA,NA,NA
"real","ARM_LKA",-1.69994328487832,6.48031703537421,14,NA,NA,NA
"real","ARM_MLI",0.0162409898144384,1.54146407355983,10,NA,NA,NA
"real","ARM_NAM",-0.951581711787164,8.48077307773593,12,NA,NA,NA
"real","ARM_PHL",-0.981453047808741,5.63138095286439,14,NA,NA,NA
"real","ASM_BRA",-1.65147527610877,5.02385942228364,17,NA,NA,NA
"real","ASM_COL",-4.16119409568758,14.9324927835866,12,NA,NA,NA
"real","ASM_DEU",-0.878854896404333,4.98583260735987,17,NA,NA,NA
"real","ASM_ESP",-1.82622826706624,3.54898855538536,19,NA,NA,NA
"real","ASM_EST",-1.16783043738473,4.00286908646194,10,NA,NA,NA
"real","ASM_FRA",-0.942070124534246,2.46875099200083,19,NA,NA,NA
"real","ASM_IRL",-1.03167444257299,3.97175207561135,19,NA,NA,NA
"real","ASM_LKA",-1.82383770913751,6.35263969213348,14,NA,NA,NA
"real","ASM_NLD",-1.75946565420709,5.23087598254901,11,NA,NA,NA
"real","ASM_PER",-1.73455402466534,3.41933146264973,16,NA,NA,NA
"real","ASM_PRT",-3.63714302946311,17.4591540724993,8,NA,NA,NA
"real","ASM_RUS",-0.956017924544735,7.51863010618623,16,NA,NA,NA
"real","ASM_RWA",-2.58104260587002,11.9525241466723,16,NA,NA,NA
"real","ASM_ZWE",-1.03289056550014,3.10002366959562,8,NA,NA,NA
"real","ATA_CHE",0.72861614283618,2.24650052691651,8,NA,NA,NA
"real","ATA_CRI",-2.63589023826106,13.2176757740479,14,NA,NA,NA
"real","ATA_HRV",-0.608792616836658,3.68543840430118,8,NA,NA,NA
"real","ATA_NGA",-2.466502363906,7.33773762262518,13,NA,NA,NA
"real","ATA_TUR",-0.990841087535005,7.86554081808725,12,NA,NA,NA
"real","ATF_CRI",-2.18494539417926,7.27204343734936,10,NA,NA,NA
"real","ATF_PHL",-0.495499080615827,4.72433350285504,9,NA,NA,NA
"real","ATG_HND",-2.56456043850486,21.713981657743,15,NA,NA,NA
"real","ATG_NAM",-3.78177279760164,18.9495173267856,8,NA,NA,NA
"real","ATG_PER",-2.03230267161136,5.97211024637197,15,NA,NA,NA
"real","ATG_TUN",-1.12941037437992,4.57976539129729,18,NA,NA,NA
"real","AUT_GUM",-1.95688525245711,2.79225670369495,18,NA,NA,NA
"real","AZE_BIH",-4.6839626929129,8.67496423231978,19,NA,NA,NA
"real","AZE_CMR",-1.03470774576389,7.22882542148596,17,NA,NA,NA
"real","AZE_TTO",-0.729990296860062,2.31978847248343,16,NA,NA,NA
"real","BDI_LUX",-1.38009235051788,7.74313747171851,11,NA,NA,NA
"real","BDI_MRT",-0.309741412042253,1.43209954521196,9,NA,NA,NA
"real","BDI_SEN",-1.37372081216079,5.38150940149645,15,NA,NA,NA
"real","BEL_CXR",-1.32260656438401,8.75883201869979,10,NA,NA,NA
"real","BEL_GUM",-0.280901981825695,0.779352151488367,19,NA,NA,NA
"real","BEN_CRI",-2.13009013001184,10.265928588428,14,NA,NA,NA
"real","BEN_GNQ",-0.526391564048481,1.94723549906129,18,NA,NA,NA
"real","BEN_KAZ",-2.2625166800006,11.5662686013487,13,NA,NA,NA
"real","BFA_BGR",-3.7376149488722,9.13309449956181,14,NA,NA,NA
"real","BFA_DOM",-1.46786832752502,7.52777213981229,14,NA,NA,NA
"real","BFA_MYT",-1.86555699188352,4.71650921242891,8,NA,NA,NA
"real","BGD_LSO",-2.58141405111112,7.48121416699585,12,NA,NA,NA
"real","BGR_TCD",-0.735523627419462,1.85210269573199,17,NA,NA,NA
"real","BGR_TON",-1.96595294745075,20.7725641005444,8,NA,NA,NA
"real","BGR_VUT",-1.79994266528545,4.11094272306098,12,NA,NA,NA
"real","BHR_AFG",-0.889530302117725,2.76618686769673,18,NA,NA,NA
"real","BHR_GMB",-1.37639232888016,5.23971001405091,8,NA,NA,NA
"real","BHR_JAM",-1.5402960916098,2.79706138883917,8,NA,NA,NA
"real","BHR_KNA",-1.35497071794509,7.45709913089312,9,NA,NA,NA
"real","BHR_LCA",-1.77527828628643,7.05231625529856,11,NA,NA,NA
"real","BHR_NCL",-0.963434707759599,3.69119149585002,8,NA,NA,NA
"real","BHR_PAN",0.0149657047370094,0.474948339460373,10,NA,NA,NA
"real","BHR_PRK",-2.70969377787055,7.99361243606766,11,NA,NA,NA
"real","BHR_RWA",-0.497295458101255,4.02503835705828,19,NA,NA,NA
"real","BHS_KAZ",-0.957580897386255,5.14343666017559,19,NA,NA,NA
"real","BHS_VNM",-3.62284099534789,6.55418448708443,13,NA,NA,NA
"real","BIH_AZE",-1.09616186819348,4.90404678573213,18,NA,NA,NA
"real","BIH_KAZ",-0.470425338578218,0.90845742425714,19,NA,NA,NA
"real","BIH_MAC",-0.014086215366531,1.22067608037622,17,NA,NA,NA
"real","BIH_MOZ",-1.05488241381854,6.63474605817717,14,NA,NA,NA
"real","BIH_NCL",-0.739563140748784,2.31892418090444,18,NA,NA,NA
"real","BIH_VNM",-1.05929243122793,3.53276759376552,17,NA,NA,NA
"real","BIH_ZWE",-2.4268127920286,6.58176053581572,17,NA,NA,NA
"real","BLR_DJI",-0.944633759515306,6.14406325417187,11,NA,NA,NA
"real","BLR_GIB",-1.89577401265489,8.94943233568218,17,NA,NA,NA
"real","BLR_MDG",-0.457275521659664,1.02134767126334,17,NA,NA,NA
"real","BLR_MMR",-1.52135257451124,6.54453513416394,18,NA,NA,NA
"real","BLR_NCL",-0.677203126178128,2.18627387101963,17,NA,NA,NA
"real","BLR_NPL",-0.908772097416491,1.96734273280725,19,NA,NA,NA
"real","BLR_PRY",-2.90446979531185,14.0146882009093,16,NA,NA,NA
"real","BLR_RWA",-3.13537842737104,15.9666536238892,10,NA,NA,NA
"real","BLR_TCD",-0.472260868827709,1.03122623294918,13,NA,NA,NA
"real","BLZ_EGY",-0.403405674677836,0.953883895270783,11,NA,NA,NA
"real","BLZ_KEN",-0.601866475547584,3.79341994045856,13,NA,NA,NA
"real","BLZ_MDA",-2.68865139365107,12.5188480476156,15,NA,NA,NA
"real","BLZ_MOZ",-1.30372301768106,8.59860038024062,13,NA,NA,NA
"real","BMU_DOM",-3.42410266239337,12.5154287789015,19,NA,NA,NA
"real","BMU_MKD",-0.346017229834561,2.80587613361374,8,NA,NA,NA
"real","BMU_MUS",-6.80665828932094,14.2240755025275,15,NA,NA,NA
"real","BMU_TZA",-2.90017724908333,13.8499926402171,17,NA,NA,NA
"real","BOL_AND",-0.231154371617803,1.35349623497075,14,NA,NA,NA
"real","BOL_BLR",-0.993485251825693,4.69995963306891,19,NA,NA,NA
"real","BOL_KEN",-1.22782134791325,6.74910128993769,10,NA,NA,NA
"real","BOL_SWZ",-1.23218518138799,10.9873420863465,8,NA,NA,NA
"real","BRA_NIU",-0.298851611063747,1.59622810129563,11,NA,NA,NA
"real","BRB_ARM",-3.48702063002071,12.518158363213,11,NA,NA,NA
"real","BRB_BLR",-1.27209970988981,3.12275205437915,19,NA,NA,NA
"real","BRB_MAC",-1.77575214299824,5.15941308152601,10,NA,NA,NA
"real","BRB_NCL",-0.979338991512256,6.46200050403746,15,NA,NA,NA
"real","BRN_AND",-0.370677628392491,1.73962854387491,13,NA,NA,NA
"real","BRN_ARG",-1.95757473500244,5.03886747173163,13,NA,NA,NA
"real","BRN_DOM",-0.616154114764524,3.17521840401029,17,NA,NA,NA
"real","BRN_DZA",-1.51535332237363,6.46168449975737,17,NA,NA,NA
"real","BRN_GHA",-1.96924418135755,4.85699060882153,16,NA,NA,NA
"real","BRN_KAZ",-1.38623467701097,7.43971248370707,10,NA,NA,NA
"real","BRN_KWT",-3.73619209887705,4.1120805323146,16,NA,NA,NA
"real","BRN_LUX",-0.696729256416246,4.4244539908283,18,NA,NA,NA
"real","BRN_MWI",-1.58340106064569,8.31257358605651,9,NA,NA,NA
"real","BRN_PRK",-0.953535195109983,3.50677806192812,12,NA,NA,NA
"real","BRN_PYF",-1.66117195671038,6.05522459496328,11,NA,NA,NA
"real","BTN_BHR",-0.716232887266756,5.69867480167062,13,NA,NA,NA
"real","BTN_DOM",-1.26371549646182,15.4922261445827,12,NA,NA,NA
"real","BTN_HND",-0.633969854937535,6.60822225707785,8,NA,NA,NA
"real","BTN_PRT",-1.72116765305749,7.56599767107225,11,NA,NA,NA
"real","BVT_ESP",-0.164534155497868,15.3347921931104,12,NA,NA,NA
"real","BVT_ZAF",-0.214572108298605,11.3784247022,16,NA,NA,NA
"real","BWA_DOM",-3.30156603678618,15.7799708820243,15,NA,NA,NA
"real","BWA_GEO",-2.37385854217679,18.5311854403271,9,NA,NA,NA
"real","BWA_HRV",-2.02947410726156,4.48503103889292,14,NA,NA,NA
"real","BWA_IRN",-1.22806503224434,5.01375231215616,15,NA,NA,NA
"real","BWA_KAZ",-0.938147313352546,3.56589024311157,9,NA,NA,NA
"real","BWA_LUX",-1.04571355069452,4.22243315202331,9,NA,NA,NA
"real","BWA_OMN",-2.43614386717921,16.7682562427191,11,NA,NA,NA
"real","BWA_SLV",-1.29057444421654,10.0115125413805,8,NA,NA,NA
"real","BWA_SVK",-2.84644048775559,9.17103650198882,14,NA,NA,NA
"real","BWA_TUN",-1.21216262199802,6.76949631680978,19,NA,NA,NA
"real","CAF_LTU",-0.544506947453911,1.01447488606184,8,NA,NA,NA
"real","CAF_MDA",-2.71633768251296,5.73517995420572,12,NA,NA,NA
"real","CAF_VNM",-2.10056989742132,4.26533211118269,16,NA,NA,NA
"real","CAN_ABW",0.00405347556554962,0.560951911818263,19,NA,NA,NA
"real","CAN_CXR",-0.542261675206319,1.31411960854797,19,NA,NA,NA
"real","CAN_ERI",-0.468403291870308,1.00112322038988,19,NA,NA,NA
"real","CCK_GBR",-0.884373097611254,2.87866691975587,18,NA,NA,NA
"real","CCK_MDG",-0.464470809840537,2.24675561942709,13,NA,NA,NA
"real","CCK_NIC",-1.17087506250736,4.48734043371424,9,NA,NA,NA
"real","CCK_NZL",-0.666617068116631,3.25970156596068,15,NA,NA,NA
"real","CHE_ATF",-0.43941200574244,1.73620638063608,17,NA,NA,NA
"real","CHE_NIU",-0.758337966999333,8.74067417463367,12,NA,NA,NA
"real","CHE_SGS",-1.47501317452401,4.0948373901749,16,NA,NA,NA
"real","CHL_BIH",-0.182153234172772,0.410950812306864,19,NA,NA,NA
"real","CMR_BHR",-1.25580858334349,4.46841500835646,13,NA,NA,NA
"real","CMR_BLZ",-1.19363589874487,4.19911778629219,8,NA,NA,NA
"real","CMR_KAZ",-1.47249403312523,4.66936250422228,12,NA,NA,NA
"real","COD_BRN",-3.60646458801671,18.5591121026934,8,NA,NA,NA
"real","COD_PYF",-2.21912731844347,7.12780315404607,13,NA,NA,NA
"real","COD_QAT",-0.644633513159839,2.19333045202611,11,NA,NA,NA
"real","COD_URY",-5.65737492545091,17.4991782856809,11,NA,NA,NA
"real","COD_VNM",-0.957551500397458,4.6810239548051,8,NA,NA,NA
"real","COG_BRB",-1.65767110243509,7.44850646372104,11,NA,NA,NA
"real","COG_DOM",-2.39354900118365,11.3297478156758,11,NA,NA,NA
"real","COG_FRO",-0.19307493041379,0.527274889921741,8,NA,NA,NA
"real","COG_LUX",-1.14322092264229,3.26658135566715,16,NA,NA,NA
"real","COG_OMN",-0.242442504872057,0.989832577416288,15,NA,NA,NA
"real","COG_SYC",-1.25317512452769,5.42827659282179,15,NA,NA,NA
"real","COG_UKR",-0.356967620295717,2.06321642306704,18,NA,NA,NA
"real","COK_DOM",-2.58623681851402,9.67150709918592,11,NA,NA,NA
"real","COK_HRV",-0.478358251375472,2.1297799756725,11,NA,NA,NA
"real","COL_GUM",-3.49066558777635,9.34871164942778,12,NA,NA,NA
"real","COM_LBN",-1.16336736695958,5.10579856355761,13,NA,NA,NA
"real","CPV_DOM",-2.03542981568881,9.95441496090814,19,NA,NA,NA
"real","CPV_HND",-1.76839466822549,9.65236195644421,14,NA,NA,NA
"real","CPV_LUX",-0.945334515639327,2.67365286669054,16,NA,NA,NA
"real","CPV_MKD",-0.0952118893894897,2.42136950560163,8,NA,NA,NA
"real","CPV_NZL",-0.897303564871449,2.55743774544477,15,NA,NA,NA
"real","CPV_TWN",-1.91542482761832,9.20128558290604,18,NA,NA,NA
"real","CRI_LUX",-1.56960697773077,5.89743288607842,11,NA,NA,NA
"real","CRI_MYT",-1.75361956103221,3.01984066843465,9,NA,NA,NA
"real","CUB_BRN",-2.08224131850218,4.5271692003817,13,NA,NA,NA
"real","CXR_CAN",-0.251384095875929,0.9133180275094,19,NA,NA,NA
"real","CXR_FRA",-1.0792834572271,3.27309904226103,17,NA,NA,NA
"real","CXR_GBR",-0.335903966547434,0.968943194882236,17,NA,NA,NA
"real","CYM_SUR",-0.879587892623382,4.06578775228343,8,NA,NA,NA
"real","CYM_VEN",-1.27404750905547,3.82688874411834,8,NA,NA,NA
"real","CZE_ASM",-0.809453290835274,3.85484711986162,8,NA,NA,NA
"real","DEU_ASM",-1.588954387905,3.12046068890714,19,NA,NA,NA
"real","DEU_BVT",-0.12602891741283,9.87608682916249,13,NA,NA,NA
"real","DEU_CXR",-1.07736118261237,3.20054700030875,12,NA,NA,NA
"real","DEU_GUM",-0.112323160282861,0.366308798018054,19,NA,NA,NA
"real","DEU_NFK",-0.107729095869277,0.319273366659592,19,NA,NA,NA
"real","DEU_NIU",-0.478667161178465,7.01706141233315,11,NA,NA,NA
"real","DEU_TKL",-0.703163052263128,1.70732977151824,19,NA,NA,NA
"real","DJI_MRT",-3.14151670566422,8.02694970729522,8,NA,NA,NA
"real","DJI_ZAF",-0.897410605631862,2.94028014535928,19,NA,NA,NA
"real","DMA_ARM",-2.19661615186743,6.83889776289296,13,NA,NA,NA
"real","DMA_MDA",-1.26270739087677,4.05521071099619,18,NA,NA,NA
"real","DNK_ASM",-0.708623562850222,2.17721061763446,19,NA,NA,NA
"real","DNK_BVT",0.0763621264747025,6.45336502115777,10,NA,NA,NA
"real","DNK_GUM",-0.0749576619739775,0.49223535645595,19,NA,NA,NA
"real","DNK_TKL",-0.629860456645798,2.8935660021502,17,NA,NA,NA
"real","DNK_VAT",-0.49818665997714,2.79937057345522,8,NA,NA,NA
"real","DOM_ARM",-0.502704309702324,3.45653250243728,19,NA,NA,NA
"real","DOM_COG",-0.152646144982265,3.11504816909072,8,NA,NA,NA
"real","DOM_KEN",-0.991202878993127,2.45443746794094,14,NA,NA,NA
"real","DOM_NAM",-0.584948335882672,7.63467585558524,17,NA,NA,NA
"real","DOM_NCL",-1.81388780396499,2.37219257368553,15,NA,NA,NA
"real","DZA_BWA",-5.74437225802133,16.8945976320589,11,NA,NA,NA
"real","DZA_CPV",-0.14197302013973,1.56924653097423,18,NA,NA,NA
"real","DZA_GTM",-2.17328674588587,10.4557177320475,16,NA,NA,NA
"real","EGY_BWA",-0.463112670391324,3.9530255719032,19,NA,NA,NA
"real","EGY_PNG",-1.04750620867363,3.69845890915399,11,NA,NA,NA
"real","ERI_CAN",-4.30598003248723,9.89723869657164,19,NA,NA,NA
"real","ERI_DZA",0.0983204105582025,0.986604413692859,10,NA,NA,NA
"real","ERI_HRV",-0.163623133054966,5.85776076364298,9,NA,NA,NA
"real","ERI_MOZ",-0.867951376583206,10.0128691711178,13,NA,NA,NA
"real","ERI_RUS",-0.297707227186955,7.46092887454368,18,NA,NA,NA
"real","ESH_DOM",-1.40461255453477,4.220722814844,15,NA,NA,NA
"real","ESP_ASM",-0.301600339665284,1.41833042352364,19,NA,NA,NA
"real","ESP_GUM",-0.0680213516931777,0.194422311769435,19,NA,NA,NA
"real","EST_MWI",-0.796798992246971,6.39317218479082,13,NA,NA,NA
"real","ETH_BRB",-0.92318747491507,1.83950920042381,8,NA,NA,NA
"real","ETH_CRI",-1.43833818334271,7.30901961034517,14,NA,NA,NA
"real","ETH_CUB",-1.41822938251748,5.89526417687336,9,NA,NA,NA
"real","ETH_DOM",-1.6032782279427,6.37663664659425,18,NA,NA,NA
"real","ETH_MAC",-0.863426409759506,5.78789086198027,15,NA,NA,NA
"real","ETH_PAN",-1.06766744828224,5.08571036668287,11,NA,NA,NA
"real","FIN_ASM",-1.02648252779545,3.41410763669747,10,NA,NA,NA
"real","FIN_GUM",-0.544982329276611,1.42870974820874,19,NA,NA,NA
"real","FIN_UMI",-1.63616183126986,5.2977831111883,10,NA,NA,NA
"real","FJI_EGY",-1.046278983256,5.11007711580759,8,NA,NA,NA
"real","FJI_KAZ",-0.915704202997681,3.87917410665528,10,NA,NA,NA
"real","FJI_NAM",-0.763573621188069,3.70953642939761,17,NA,NA,NA
"real","FJI_QAT",-0.843948771884492,1.67652610395558,12,NA,NA,NA
"real","FJI_SYC",-1.16804074680012,3.65903320733671,9,NA,NA,NA
"real","FLK_MEX",-1.49683544608475,4.82393057368767,11,NA,NA,NA
"real","FLK_RUS",-1.65195879211454,6.73489108493757,16,NA,NA,NA
"real","FRA_ASM",-0.353808554116759,0.975893294441712,19,NA,NA,NA
"real","FRA_CXR",-2.1339851883201,5.86914055248492,10,NA,NA,NA
"real","FRA_GUM",-0.00291784603503944,0.0788192240096897,19,NA,NA,NA
"real","FRA_NFK",-1.44858777515764,4.01442887041075,14,NA,NA,NA
"real","FRA_TKL",-0.0861652714212765,1.67899980353479,19,NA,NA,NA
"real","FRO_KAZ",-0.594273365641191,2.10707954618486,13,NA,NA,NA
"real","FRO_VNM",-1.81182950648693,5.27193390488669,9,NA,NA,NA
"real","FSM_COL",-2.24781486658074,6.47086490875429,11,NA,NA,NA
"real","FSM_CZE",-1.43370896964819,4.4180805580202,11,NA,NA,NA
"real","FSM_DNK",-1.9989785788443,4.478046133828,9,NA,NA,NA
"real","FSM_GTM",-0.989859678042092,6.1284374459079,8,NA,NA,NA
"real","GAB_BHR",-1.69648204890778,11.4738984184082,13,NA,NA,NA
"real","GAB_BIH",-0.623251377000392,2.29293801843838,15,NA,NA,NA
"real","GAB_HND",-1.76608615024325,13.0710833031563,10,NA,NA,NA
"real","GAB_KAZ",-0.382051640900852,1.7675117609839,10,NA,NA,NA
"real","GAB_KNA",-1.1047867631893,7.37945241458756,8,NA,NA,NA
"real","GBR_BVT",0.0905227064336688,2.03392248878992,18,NA,NA,NA
"real","GBR_CCK",-0.46483859601802,1.29335913576065,19,NA,NA,NA
"real","GBR_CXR",-2.87001932223147,5.73858931797083,15,NA,NA,NA
"real","GBR_GUM",-0.0118196800606276,0.236932346764962,19,NA,NA,NA
"real","GBR_HMD",-1.23671640080514,1.47627772176554,15,NA,NA,NA
"real","GBR_NFK",-0.442864709736676,1.59484612538391,17,NA,NA,NA
"real","GBR_TKL",-0.00370161499769055,0.272992257924273,10,NA,NA,NA
"real","GEO_BHR",-1.16839222672798,5.11047653435407,12,NA,NA,NA
"real","GEO_GHA",-0.485340328122097,1.55382499116618,17,NA,NA,NA
"real","GEO_GIB",-1.12018148180527,7.34369744891502,15,NA,NA,NA
"real","GEO_GMB",-3.03281589746497,7.45933528445022,10,NA,NA,NA
"real","GEO_GTM",-2.01557729871117,5.21146303486642,18,NA,NA,NA
"real","GEO_LBY",-0.833150195807042,1.82045610638652,14,NA,NA,NA
"real","GEO_MAC",-0.29431211678364,0.28861779034311,9,NA,NA,NA
"real","GEO_MYT",-0.59971864541762,4.7862774532293,8,NA,NA,NA
"real","GEO_NER",-3.41178428468002,6.70846936157532,14,NA,NA,NA
"real","GEO_PHL",-1.29552017568905,3.47293472369044,17,NA,NA,NA
"real","GIB_CPV",-0.896705205169394,2.65760815708706,8,NA,NA,NA
"real","GIB_SEN",-2.99776190502902,10.794980785545,10,NA,NA,NA
"real","GIN_BDI",-2.5562169239582,4.84728024922022,12,NA,NA,NA
"real","GIN_GNQ",-2.62721344057459,5.98262132974888,8,NA,NA,NA
"real","GIN_KAZ",-1.21364547375064,5.55742678098153,11,NA,NA,NA
"real","GIN_MWI",-1.17023943275439,6.17099249155138,17,NA,NA,NA
"real","GMB_DOM",-1.12017523857126,3.83506791857997,16,NA,NA,NA
"real","GMB_EST",-1.81308427933179,3.53728960897307,8,NA,NA,NA
"real","GMB_NAM",-2.57361314052309,15.0160456981305,8,NA,NA,NA
"real","GNQ_MUS",-6.8145943626565,13.7805496971957,8,NA,NA,NA
"real","GNQ_SGP",-2.43278702953639,14.7852293112583,11,NA,NA,NA
"real","GNQ_SVK",-1.45113346189086,4.33976418695521,11,NA,NA,NA
"real","GRD_BHR",-1.12714529297153,3.82084295688253,8,NA,NA,NA
"real","GRD_ECU",-6.11889186172299,14.5945501549029,9,NA,NA,NA
"real","GRD_VNM",-1.94644152955655,7.16157665064906,9,NA,NA,NA
"real","GRL_IND",-1.2246941279396,6.17607732447911,16,NA,NA,NA
"real","GRL_KAZ",-0.640474677681471,3.60151005619936,12,NA,NA,NA
"real","GTM_AZE",-1.4158444349376,8.2086218744918,11,NA,NA,NA
"real","GTM_KAZ",-1.88225005787781,9.03037697122636,19,NA,NA,NA
"real","GTM_KGZ",-3.13776595635318,8.8631431654946,14,NA,NA,NA
"real","GTM_KHM",-1.82907580057251,6.44407684977245,14,NA,NA,NA
"real","GTM_MOZ",-1.38639606933827,4.13355358868775,13,NA,NA,NA
"real","GTM_NER",-2.98234406973971,12.4648102431279,16,NA,NA,NA
"real","GTM_VNM",-0.637930133916612,1.47321244867671,19,NA,NA,NA
"real","GUM_AUT",-1.71116102259851,3.93664221499093,17,NA,NA,NA
"real","GUM_DEU",-1.71126891249679,4.97316158382165,17,NA,NA,NA
"real","GUM_DNK",-0.780851298740111,3.50698082084603,14,NA,NA,NA
"real","GUM_FRA",-0.608523192753355,1.93479317062842,19,NA,NA,NA
"real","GUM_GBR",-0.855804887158533,2.76295411588865,19,NA,NA,NA
"real","GUM_MEX",-1.69270645927818,7.34668731715947,11,NA,NA,NA
"real","GUM_NGA",-3.30343299178447,6.32808629393933,14,NA,NA,NA
"real","GUM_SVN",-2.42797430753394,6.84856216234473,15,NA,NA,NA
"real","GUY_KEN",-1.08272152087767,5.12817290895559,11,NA,NA,NA
"real","GUY_NCL",-0.192297487648356,0.894975380412864,16,NA,NA,NA
"real","GUY_UGA",-4.41273725201332,16.251826625635,10,NA,NA,NA
"real","HMD_CAN",-1.48820802540815,3.91322482011027,19,NA,NA,NA
"real","HMD_FRA",-0.86049023460434,3.71696057171285,9,NA,NA,NA
"real","HMD_SVN",-1.49210088643746,6.67831551159748,13,NA,NA,NA
"real","HND_AZE",-1.59179191829618,7.53751619579766,11,NA,NA,NA
"real","HND_NCL",-1.27970903062221,4.30981249990031,15,NA,NA,NA
"real","HND_SEN",-2.6089262898803,5.21531388124939,18,NA,NA,NA
"real","HRV_MHL",-2.26475792713349,13.4944105851085,19,NA,NA,NA
"real","HRV_NAM",-1.66436953604708,6.12219033296662,13,NA,NA,NA
"real","HTI_KEN",-0.997660223022218,5.61652760102086,11,NA,NA,NA
"real","HTI_LTU",-0.898479164246263,2.11268817777727,15,NA,NA,NA
"real","HTI_MDG",-4.08590962464589,20.5144891299345,9,NA,NA,NA
"real","HTI_NGA",-1.16302291781811,5.2615657967021,10,NA,NA,NA
"real","HTI_UKR",-0.382575296728947,0.93687420213656,19,NA,NA,NA
"real","HTI_VNM",-1.512758446049,3.18398718688606,16,NA,NA,NA
"real","IOT_DOM",-1.82161617225519,7.13093612697231,13,NA,NA,NA
"real","IOT_FRO",-0.867766863297927,7.75581736887299,8,NA,NA,NA
"real","IOT_HRV",-1.62896386244306,5.00813582461223,9,NA,NA,NA
"real","IOT_MOZ",0.0999514523090009,2.33636807286463,11,NA,NA,NA
"real","IOT_TWN",-1.40280373335315,10.2397621376313,9,NA,NA,NA
"real","IRN_ISR",-0.337956863254043,2.51556645773925,11,NA,NA,NA
"real","IRN_SUR",-0.642078095380757,1.83186048315783,11,NA,NA,NA
"real","IRQ_ARM",-2.32865047231121,6.71502791761758,15,NA,NA,NA
"real","IRQ_DOM",-1.00631570159523,6.7362932778283,16,NA,NA,NA
"real","IRQ_KAZ",-0.913311477601471,4.58381906109716,11,NA,NA,NA
"real","IRQ_LUX",-1.02773801029945,2.96446747156797,10,NA,NA,NA
"real","IRQ_NCL",-0.0731822623501927,3.2657469723123,11,NA,NA,NA
"real","ISR_BHR",-1.02119128717924,2.81688578123059,15,NA,NA,NA
"real","ISR_LBN",-0.827160739474183,3.88641678799669,11,NA,NA,NA
"real","ISR_MOZ",-0.168939413556759,0.984504701645896,19,NA,NA,NA
"real","ISR_STP",-1.55945281696719,5.23614374092184,11,NA,NA,NA
"real","ITA_NFK",-0.971561308446284,3.60066282947626,15,NA,NA,NA
"real","JOR_KHM",-0.793785855236755,2.43822641285837,19,NA,NA,NA
"real","JOR_LSO",-0.563308018766232,3.60592644268993,11,NA,NA,NA
"real","JOR_MNG",-0.739605574936813,2.9729348840065,13,NA,NA,NA
"real","KAZ_AGO",-0.314310747353214,1.36556663766299,19,NA,NA,NA
"real","KAZ_BHR",-1.94529578139605,6.75115237632656,17,NA,NA,NA
"real","KAZ_COG",-0.595456422514358,1.78845255940417,17,NA,NA,NA
"real","KAZ_MLT",-4.44857866888164,28.4599693624204,15,NA,NA,NA
"real","KEN_BLR",-2.19675910299991,5.36543289402514,19,NA,NA,NA
"real","KEN_DOM",-0.972531862963853,2.2072996316224,19,NA,NA,NA
"real","KEN_NIC",-2.07060618069745,3.51009039145521,19,NA,NA,NA
"real","KEN_PAN",-1.10962114291831,2.31633047440172,16,NA,NA,NA
"real","KEN_PNG",-1.3700165160435,6.26624100245564,14,NA,NA,NA
"real","KEN_SMR",-2.01353018763916,6.3764040294562,12,NA,NA,NA
"real","KGZ_ALB",-0.566826769115394,2.2107088781394,16,NA,NA,NA
"real","KGZ_HND",-1.72582794147342,6.58651082653544,8,NA,NA,NA
"real","KGZ_IRQ",-1.16024146573183,3.18178034686566,19,NA,NA,NA
"real","KGZ_TUN",-3.35051502411095,11.4959488164688,18,NA,NA,NA
"real","KHM_BOL",-1.16289563608923,2.87845507651361,18,NA,NA,NA
"real","KHM_BRB",-0.518987488160131,1.82135110594863,19,NA,NA,NA
"real","KHM_DOM",-1.61112431424349,8.10625048264659,17,NA,NA,NA
"real","KHM_FJI",-1.66415317837395,3.81880257096889,14,NA,NA,NA
"real","KHM_GEO",0.168089744679105,2.65910099929279,17,NA,NA,NA
"real","KHM_HND",-2.43475983549414,5.1357290121568,17,NA,NA,NA
"real","KHM_KAZ",-1.21746240159532,3.53637409743029,19,NA,NA,NA
"real","KHM_KEN",-1.47046556393679,3.63256138858607,17,NA,NA,NA
"real","KHM_KGZ",-0.645873701923263,2.44255132865699,15,NA,NA,NA
"real","KHM_KNA",-0.425382769336532,3.02860446875325,12,NA,NA,NA
"real","KHM_LSO",-0.957014184452322,2.55653373077597,11,NA,NA,NA
"real","KHM_MDV",-0.988086186563703,3.52819250359955,13,NA,NA,NA
"real","KHM_MOZ",0.00753532905628626,4.33970121641338,18,NA,NA,NA
"real","KHM_PRY",-0.754916469554715,1.58512508225261,17,NA,NA,NA
"real","KHM_SYC",-0.0997894815582458,0.907338470751245,13,NA,NA,NA
"real","KHM_WSM",-2.23486902968961,9.02065235759113,8,NA,NA,NA
"real","KIR_BEL",-1.91753680170837,9.38375892601224,11,NA,NA,NA
"real","KIR_RUS",-4.66310712635749,15.2828621896942,16,NA,NA,NA
"real","KIR_VNM",-1.67851121222606,4.48669363250805,12,NA,NA,NA
"real","KWT_AGO",-1.30451588695789,5.10808983602222,18,NA,NA,NA
"real","KWT_DOM",-2.8434586779017,7.305065173897,16,NA,NA,NA
"real","KWT_JAM",-0.111741282180417,0.501675908440773,8,NA,NA,NA
"real","KWT_NAM",-1.55272972180784,6.51526856413894,14,NA,NA,NA
"real","KWT_NCL",-0.504028634373788,2.88368712176412,11,NA,NA,NA
"real","KWT_UZB",-1.23645155044432,6.47065964536033,14,NA,NA,NA
"real","LAO_DOM",-0.436185821517826,1.61467706661096,13,NA,NA,NA
"real","LAO_ISR",-0.981004105475309,2.58164577079126,17,NA,NA,NA
"real","LAO_MOZ",-0.465798752526392,2.10228360361751,10,NA,NA,NA
"real","LBN_DOM",0.0677836521249386,0.964636665705698,19,NA,NA,NA
"real","LBN_HTI",-0.633911151315729,2.68871829041512,15,NA,NA,NA
"real","LBN_NAM",-2.93657067225089,8.43851323473744,18,NA,NA,NA
"real","LBR_CMR",-2.74475157678333,7.94029017863817,10,NA,NA,NA
"real","LBR_DOM",-2.10279631126785,7.68068663482102,17,NA,NA,NA
"real","LBR_KNA",-1.00103555877443,2.75561292778285,9,NA,NA,NA
"real","LBY_AZE",-2.09271506095704,6.45517107234226,10,NA,NA,NA
"real","LBY_KAZ",-1.73648003449409,6.4413593962172,9,NA,NA,NA
"real","LBY_PYF",-3.51025011621305,12.1807200293359,11,NA,NA,NA
"real","LCA_ECU",-1.66848054419937,5.68669736344722,11,NA,NA,NA
"real","LCA_PAK",-0.614225238699887,1.71942980404311,10,NA,NA,NA
"real","LCA_PHL",-2.14375434704704,7.10517168386154,10,NA,NA,NA
"real","LKA_GNB",-0.782516684052569,3.83244422832996,15,NA,NA,NA
"real","LKA_PLW",-1.4853409011796,8.28826984883365,10,NA,NA,NA
"real","LKA_PSE",-0.208855800744227,0.572214947202573,18,NA,NA,NA
"real","LSO_BGD",-2.02927215216922,9.88442094276475,14,NA,NA,NA
"real","LSO_BHR",-1.14638511067974,5.55449229300456,10,NA,NA,NA
"real","LSO_BLR",-0.653345147999152,4.18730186333034,9,NA,NA,NA
"real","LSO_BRB",-1.09161188420446,5.57585516285022,12,NA,NA,NA
"real","LSO_CIV",-1.59440620710174,4.52032664873184,10,NA,NA,NA
"real","LSO_HKG",-0.48748489246179,1.40986927129626,19,NA,NA,NA
"real","LSO_KEN",-2.40069115409924,12.8750366340467,19,NA,NA,NA
"real","LSO_NGA",-1.77658064487662,6.80727784695501,12,NA,NA,NA
"real","LSO_UGA",-0.978767063075915,1.49840167162316,16,NA,NA,NA
"real","LSO_VNM",-2.56865626931025,8.94231480965975,11,NA,NA,NA
"real","LTU_BFA",-1.36686466785648,2.51090640190141,19,NA,NA,NA
"real","LTU_COG",-1.03562818542673,4.82279165675564,18,NA,NA,NA
"real","LTU_NPL",-1.2411263605604,3.70127269124784,19,NA,NA,NA
"real","LTU_RWA",-0.819804055331427,3.21489820517473,15,NA,NA,NA
"real","LTU_VUT",-0.787541262025761,2.45404687422941,14,NA,NA,NA
"real","LTU_ZMB",-2.65167374242202,8.5552079872516,15,NA,NA,NA
"real","LUX_LSO",-1.231211315833,11.021352210654,8,NA,NA,NA
"real","LVA_CMR",-2.43661525452578,7.76777915829727,11,NA,NA,NA
"real","LVA_CPV",-1.80501189653329,3.78790181617788,8,NA,NA,NA
"real","LVA_ERI",-0.489982894409432,1.07848770036232,10,NA,NA,NA
"real","LVA_GIN",-1.43750474433293,2.43058983701245,16,NA,NA,NA
"real","LVA_MMR",-1.97721923065021,4.13473285683,13,NA,NA,NA
"real","LVA_SYC",-1.25744112552733,5.09143973320442,10,NA,NA,NA
"real","MAC_ALB",-0.77097695398886,2.79949744320888,12,NA,NA,NA
"real","MAC_GUM",-0.153323184789779,0.644152862854853,9,NA,NA,NA
"real","MAC_MDA",-1.30731568392967,3.83074426428343,19,NA,NA,NA
"real","MAR_BWA",-3.66433576718689,10.3048459333276,16,NA,NA,NA
"real","MAR_UZB",-1.08886069234766,3.68922824302679,14,NA,NA,NA
"real","MDA_GIB",-0.552389035654822,4.74674683259576,12,NA,NA,NA
"real","MDA_LBR",-0.193123850142101,1.29930062479969,10,NA,NA,NA
"real","MDA_NCL",-1.14338481772042,1.27178969883644,16,NA,NA,NA
"real","MDA_NIC",-3.74050308736603,17.3487114227004,14,NA,NA,NA
"real","MDA_SLE",-0.466440911953307,1.58833410905948,8,NA,NA,NA
"real","MDG_MAC",-0.414977269591081,1.77068398177656,16,NA,NA,NA
"real","MDG_VCT",-1.06148149294106,5.98716520467993,11,NA,NA,NA
"real","MDV_ISL",-0.668451709609525,1.81612905698439,12,NA,NA,NA
"real","MDV_KAZ",-2.18462981797486,4.74675543202454,8,NA,NA,NA
"real","MDV_NCL",-0.405509657380639,0.912795160429212,11,NA,NA,NA
"real","MDV_PER",-3.39084214788401,9.58538627720583,12,NA,NA,NA
"real","MEX_LSO",-0.939212303689734,2.86464001263412,12,NA,NA,NA
"real","MKD_BOL",-0.344952480429986,1.01120538039997,16,NA,NA,NA
"real","MKD_NER",-0.39611737197354,3.8961999551797,8,NA,NA,NA
"real","MKD_SEN",-2.35388995902845,8.88468211025466,8,NA,NA,NA
"real","MKD_VNM",-1.01357259023968,2.93191773860415,18,NA,NA,NA
"real","MLI_BLR",-3.769439665098,12.4396839159293,13,NA,NA,NA
"real","MLI_COD",-1.10079010274756,2.04751411986757,9,NA,NA,NA
"real","MLI_LUX",-1.99915745983819,4.6537087669433,17,NA,NA,NA
"real","MLI_LVA",-2.60048859499745,10.8434125036673,10,NA,NA,NA
"real","MLI_MYT",-0.0527006975489094,1.32230279082509,9,NA,NA,NA
"real","MLI_OMN",-1.22066519680849,5.49933910845405,8,NA,NA,NA
"real","MLI_UKR",-2.76123632610633,9.33318368665177,18,NA,NA,NA
"real","MMR_MKD",-0.850387960885333,3.97343175095545,19,NA,NA,NA
"real","MMR_MLI",-1.01875504599593,8.02409400374095,12,NA,NA,NA
"real","MMR_NER",-0.194870376834561,4.00527364660978,12,NA,NA,NA
"real","MNG_AZE",-1.07480669824288,3.83556978598115,13,NA,NA,NA
"real","MNG_DOM",-2.91002894028456,7.156298762694,13,NA,NA,NA
"real","MNG_FRO",-0.106251341272507,0.806738079665142,9,NA,NA,NA
"real","MNG_KEN",-1.71703217791893,5.25677036133225,14,NA,NA,NA
"real","MNG_NCL",-1.37565774680196,7.77856066875458,13,NA,NA,NA
"real","MNG_SYR",-1.7147608523596,14.5642168722378,10,NA,NA,NA
"real","MNP_HRV",-1.74485196757252,4.40623256736172,11,NA,NA,NA
"real","MNP_RUS",-2.56355599777334,6.04887777686899,15,NA,NA,NA
"real","MNP_UKR",-0.659534673250027,2.81460198136245,9,NA,NA,NA
"real","MOZ_ALB",-0.813091793838059,6.1318409799664,11,NA,NA,NA
"real","MOZ_KAZ",-0.575503978790485,1.97701610369975,17,NA,NA,NA
"real","MOZ_LTU",-0.41674557335745,1.05453313037313,14,NA,NA,NA
"real","MOZ_MDA",-1.66152323254182,6.53383852728732,8,NA,NA,NA
"real","MOZ_MNP",-1.02552087524548,7.58068250425361,10,NA,NA,NA
"real","MOZ_WSM",-0.154428210521755,2.5781740604319,9,NA,NA,NA
"real","MRT_ISR",-0.31052924741854,1.35328595284912,19,NA,NA,NA
"real","MRT_LUX",-0.855729293638039,2.34536223865626,16,NA,NA,NA
"real","MRT_NAM",-1.89042963394818,3.21706628757114,14,NA,NA,NA
"real","MRT_PRK",-1.13203935018337,5.54057148036817,14,NA,NA,NA
"real","MSR_BEN",-0.732379229684375,1.68283915792236,8,NA,NA,NA
"real","MSR_BOL",-0.454121711562701,2.01521654824255,10,NA,NA,NA
"real","MSR_BRA",-1.61998174020725,4.46105559377534,13,NA,NA,NA
"real","MSR_HRV",-1.42075062521514,4.02998055268346,10,NA,NA,NA
"real","MUS_MMR",-0.893741607757427,2.79964518128132,12,NA,NA,NA
"real","MUS_SLE",-1.66031129774216,3.49701215246658,16,NA,NA,NA
"real","MWI_AZE",-0.886613794655714,3.0220265408696,15,NA,NA,NA
"real","MWI_BLR",-1.05285144409435,3.95325032801707,18,NA,NA,NA
"real","MWI_EST",-0.791503445486084,2.27399128188105,13,NA,NA,NA
"real","MWI_FRO",-0.376741993933918,1.00586819613105,9,NA,NA,NA
"real","MWI_KHM",-1.54726697361077,4.75760482650751,16,NA,NA,NA
"real","MWI_MDA",-1.99351156143913,8.5109012593651,12,NA,NA,NA
"real","MWI_NER",-1.46736169377008,5.70912411453326,15,NA,NA,NA
"real","MWI_PRK",-2.10332880903998,13.9943645931963,9,NA,NA,NA
"real","MWI_SLV",-0.979942927730286,5.04912472412259,11,NA,NA,NA
"real","MWI_VNM",-1.97982996276176,9.21233016651613,17,NA,NA,NA
"real","MYS_SGS",0.188496574190557,2.27442029353609,11,NA,NA,NA
"real","MYT_RUS",-1.17129585151147,7.59274886661902,9,NA,NA,NA
"real","MYT_TUR",-2.22866830597601,10.7257994569243,8,NA,NA,NA
"real","MYT_USA",-0.812896657579345,2.42462136478866,12,NA,NA,NA
"real","NAM_BMU",-1.58787240836263,4.48940548715268,11,NA,NA,NA
"real","NAM_CRI",-2.07289111701764,7.13424310772615,16,NA,NA,NA
"real","NAM_FLK",-1.30071761036638,6.35309082045548,11,NA,NA,NA
"real","NAM_GEO",-1.1108211149972,3.95443017853332,14,NA,NA,NA
"real","NAM_GUY",-0.911942970924215,3.4727508311203,18,NA,NA,NA
"real","NAM_LBR",-0.938964713322918,3.50373004521124,18,NA,NA,NA
"real","NAM_NIC",-1.60424580814335,6.66559889699182,16,NA,NA,NA
"real","NAM_PER",-3.18879406651231,12.5522722098517,19,NA,NA,NA
"real","NAM_TGO",-1.53809168492885,4.97738135526342,14,NA,NA,NA
"real","NAM_TTO",-2.36137870825677,5.8180716828293,15,NA,NA,NA
"real","NAM_VNM",-0.752201968762881,2.68072953196054,19,NA,NA,NA
"real","NAM_WSM",-1.07196937436813,3.56176481458678,12,NA,NA,NA
"real","NCL_HRV",-1.74278120027287,3.1130943957206,9,NA,NA,NA
"real","NCL_ISR",-3.28484689604678,8.37576428656586,13,NA,NA,NA
"real","NCL_MUS",-1.31823609098205,5.01359720572911,16,NA,NA,NA
"real","NER_BOL",-0.532376839690348,3.92353514961044,18,NA,NA,NA
"real","NER_DOM",-0.698597113675542,3.83045104618388,14,NA,NA,NA
"real","NER_MKD",-1.22004505065612,4.71540369316368,14,NA,NA,NA
"real","NER_NCL",-0.701382510231452,1.731690312481,14,NA,NA,NA
"real","NFK_ESP",-2.41894955112543,7.85143125196455,11,NA,NA,NA
"real","NFK_FRA",-1.14192518949246,4.38227566379252,18,NA,NA,NA
"real","NGA_AZE",-1.2017985099988,3.24301342273016,16,NA,NA,NA
"real","NIC_BIH",-1.29046241446733,4.16220487773352,16,NA,NA,NA
"real","NIC_KAZ",-2.36786388769203,9.98834521669894,17,NA,NA,NA
"real","NIC_MRT",-3.22851367609504,11.0171637304012,8,NA,NA,NA
"real","NIU_DEU",-0.260155559112512,5.59851524574686,18,NA,NA,NA
"real","NIU_FRA",0.766899044338549,3.38675951609599,16,NA,NA,NA
"real","NIU_IRL",0.252486016820096,7.09499112159453,14,NA,NA,NA
"real","NLD_ASM",-0.599260047350667,1.28337344818663,16,NA,NA,NA
"real","NLD_BVT",-0.767160872778977,6.30576991997522,18,NA,NA,NA
"real","NLD_GUM",-0.403739599658791,0.915498552463841,19,NA,NA,NA
"real","NLD_HMD",0.253428272663577,2.72533424809508,8,NA,NA,NA
"real","NLD_NIU",0.17631803101356,2.73838033036409,11,NA,NA,NA
"real","NLD_TKL",-0.992646076109637,3.78843851119963,19,NA,NA,NA
"real","NOR_ASM",-1.39155076630006,3.0182749639577,8,NA,NA,NA
"real","NOR_SMR",-0.36191934208566,2.03952782795005,18,NA,NA,NA
"real","NPL_BRB",-1.42988658732096,3.82994992445937,12,NA,NA,NA
"real","NPL_KAZ",-0.835178517310657,2.42717914748544,15,NA,NA,NA
"real","NPL_QAT",-0.746374917497364,2.25267600868982,19,NA,NA,NA
"real","NRU_AND",-0.907104211531399,10.0193591596898,9,NA,NA,NA
"real","NRU_BLR",-1.25151217451533,4.68426732031319,9,NA,NA,NA
"real","NRU_DOM",-0.648023888153205,4.12998180023352,15,NA,NA,NA
"real","NRU_PER",-0.49370495485352,2.16121368074873,10,NA,NA,NA
"real","NZL_ATA",-0.66861950234833,2.73878049157956,17,NA,NA,NA
"real","NZL_LSO",-0.784673980497751,3.79465855534665,14,NA,NA,NA
"real","OMN_DOM",-1.10034210476556,5.21678963148298,16,NA,NA,NA
"real","OMN_NCL",-2.33295851409706,6.16602491927546,10,NA,NA,NA
"real","PAN_KEN",-2.4057577394879,6.9813390968049,18,NA,NA,NA
"real","PAN_MRT",-2.07098203299626,5.42369053727786,11,NA,NA,NA
"real","PCN_NIC",-1.81632893752538,6.70194079474465,13,NA,NA,NA
"real","PCN_RUS",-0.738990826445393,4.53242406724518,9,NA,NA,NA
"real","PCN_TUR",-0.237917483850084,1.92013142206651,10,NA,NA,NA
"real","PCN_ZAF",-1.97655716013146,6.10347390090587,17,NA,NA,NA
"real","PER_DJI",-1.37403683442037,4.50261953338067,11,NA,NA,NA
"real","PER_MWI",-1.11028610943034,2.90794192275837,16,NA,NA,NA
"real","PHL_BWA",-1.03638577510282,2.23637250421878,19,NA,NA,NA
"real","PHL_CXR",-1.55244843048723,4.66923556542796,8,NA,NA,NA
"real","PHL_GEO",-2.65933961561645,4.72359859301987,19,NA,NA,NA
"real","PHL_IOT",-1.93898732866223,5.76758922727157,11,NA,NA,NA
"real","PLW_NZL",-1.44309176246505,4.00736170802373,12,NA,NA,NA
"real","PNG_CMR",-3.14022310529362,24.4477189055574,10,NA,NA,NA
"real","PNG_KHM",-0.772681440769311,3.36769545634215,9,NA,NA,NA
"real","POL_GUM",-2.8869490642001,9.45929111387412,16,NA,NA,NA
"real","PRK_BDI",-0.246308281813428,2.03508188525701,16,NA,NA,NA
"real","PRK_KWT",-2.13305784792516,4.1912939154937,12,NA,NA,NA
"real","PRK_LSO",-2.67497447953116,6.47447803579465,8,NA,NA,NA
"real","PRT_ASM",-2.31593758041633,7.11451251558007,11,NA,NA,NA
"real","PRT_CXR",-1.44249642860421,5.93917951079817,8,NA,NA,NA
"real","PRT_GUM",-1.63878661476351,5.76966811548091,13,NA,NA,NA
"real","PRT_UMI",0.0138422947469946,1.92639410472387,14,NA,NA,NA
"real","PRY_BLR",-2.5293842148752,6.83206911016786,17,NA,NA,NA
"real","PRY_TZA",-4.40370525300205,23.1654142930152,14,NA,NA,NA
"real","PSE_COL",-1.88695570567736,2.84716118344379,16,NA,NA,NA
"real","PSE_MEX",-1.3956052229639,3.6595582071549,9,NA,NA,NA
"real","PYF_ASM",-0.459042572785209,2.51727186056115,18,NA,NA,NA
"real","PYF_COK",-0.047755350865328,0.370079621228659,19,NA,NA,NA
"real","PYF_GUM",-1.29218688461313,3.56563495747878,8,NA,NA,NA
"real","PYF_PNG",-1.50461774058105,4.52454755805209,11,NA,NA,NA
"real","QAT_DOM",-2.61308347264639,4.55183440272869,18,NA,NA,NA
"real","QAT_HND",-0.46248783135774,1.09758218148353,14,NA,NA,NA
"real","QAT_NIC",-1.81263196061765,6.95471877758304,12,NA,NA,NA
"real","QAT_PRY",-1.93867193864305,4.97452455157539,12,NA,NA,NA
"real","ROU_MDV",-0.88802830216272,2.06635607687711,17,NA,NA,NA
"real","RUS_ABW",-0.940732059807762,3.50797559661969,16,NA,NA,NA
"real","RWA_ISL",-0.558201242617063,2.22561955103058,13,NA,NA,NA
"real","RWA_TGO",-0.977533749667209,3.81859569812642,14,NA,NA,NA
"real","SAU_DOM",-0.467740322092196,1.35945511609689,19,NA,NA,NA
"real","SAU_NCL",-1.63860222955273,4.68142334820407,16,NA,NA,NA
"real","SAU_STP",-1.68665090007788,10.9280643566251,19,NA,NA,NA
"real","SAU_SWZ",-1.57595669095227,3.55244497816401,17,NA,NA,NA
"real","SEN_ALB",-1.43135990712784,5.7474079434101,18,NA,NA,NA
"real","SEN_BLR",-1.59757846780946,2.69121762680064,19,NA,NA,NA
"real","SEN_COM",-1.35614034588982,3.63930900600423,16,NA,NA,NA
"real","SEN_FRO",-0.637442431503132,1.57682937816144,9,NA,NA,NA
"real","SEN_LCA",-0.636502304021098,5.57508921636511,8,NA,NA,NA
"real","SEN_MAC",-0.694260040394249,2.57512905057625,18,NA,NA,NA
"real","SEN_SUR",-1.34522984357904,2.52641631391317,9,NA,NA,NA
"real","SHN_SEN",-1.98894363133036,5.37355096163086,11,NA,NA,NA
"real","SHN_SGP",-0.657057430342774,2.41641423940432,10,NA,NA,NA
"real","SLB_ECU",-2.16582125858019,7.37237589856774,12,NA,NA,NA
"real","SLB_HRV",-1.38034034792592,4.39022499381908,8,NA,NA,NA
"real","SLB_MEX",-1.29861550296877,4.34877840781786,12,NA,NA,NA
"real","SLB_RUS",-0.943288270290626,4.59532604727684,16,NA,NA,NA
"real","SLE_AND",-1.01899949812818,2.74236376785072,15,NA,NA,NA
"real","SLE_ARG",-1.00966012860436,4.99214738797509,18,NA,NA,NA
"real","SLE_HND",-1.33990124925112,6.81513209284781,15,NA,NA,NA
"real","SLE_LUX",-0.800760523365735,3.11814125968314,16,NA,NA,NA
"real","SLE_NCL",-0.665280849185059,2.55984043161449,15,NA,NA,NA
"real","SLV_AGO",-0.919328025077932,1.59425708266182,12,NA,NA,NA
"real","SLV_NCL",-1.2506364337593,2.47210473311926,15,NA,NA,NA
"real","SLV_RWA",-1.9426320801971,7.17809333834023,10,NA,NA,NA
"real","SMR_CHN",-1.23183033134189,3.01362070565823,16,NA,NA,NA
"real","SMR_GTM",-1.62482211140224,12.7838864106569,8,NA,NA,NA
"real","SMR_MDA",-1.27629770060745,3.83151737864183,14,NA,NA,NA
"real","SMR_NGA",-1.51499380174761,8.59733537100474,8,NA,NA,NA
"real","SOM_CIV",-0.629589972667851,3.4207744707066,15,NA,NA,NA
"real","SOM_GUY",-0.993219892724714,2.75299319563741,8,NA,NA,NA
"real","SOM_RUS",-1.572263069603,5.42742980493582,15,NA,NA,NA
"real","SPM_THA",-3.30076511832339,6.70639296399643,8,NA,NA,NA
"real","SPM_ZAF",-3.68338964660964,8.23048919037187,12,NA,NA,NA
"real","STP_CIV",-3.53380011039961,10.2160298856035,8,NA,NA,NA
"real","STP_CMR",-1.83809414918579,5.73813147604252,17,NA,NA,NA
"real","STP_DOM",-0.933024945612029,2.89814684174544,19,NA,NA,NA
"real","STP_GNQ",-0.211285832721019,0.446737327464753,8,NA,NA,NA
"real","STP_GTM",-0.529083158219662,1.83471139969127,8,NA,NA,NA
"real","SUR_ARE",-3.62106832564245,16.7741967484631,18,NA,NA,NA
"real","SUR_CIV",-0.948457241768337,3.78532110073817,14,NA,NA,NA
"real","SUR_KEN",-0.418953680699423,2.26267655331021,16,NA,NA,NA
"real","SUR_NCL",-0.904404949771769,2.26784714052383,13,NA,NA,NA
"real","SVK_MDV",-1.13874749528079,3.91962915395574,15,NA,NA,NA
"real","SVK_VUT",-1.77954475926458,7.23338924469012,8,NA,NA,NA
"real","SWE_VAT",-0.461065176576525,1.04523039103432,16,NA,NA,NA
"real","SWZ_BFA",-1.63939056125923,5.46769411686102,15,NA,NA,NA
"real","SWZ_BLZ",-0.765857424198511,4.04089982776888,11,NA,NA,NA
"real","SWZ_BRN",-2.29294913246816,5.79343956394241,18,NA,NA,NA
"real","SWZ_DOM",-0.952226796649972,4.17941972012694,19,NA,NA,NA
"real","SWZ_GTM",-1.1515974965406,3.94400847967252,19,NA,NA,NA
"real","SWZ_KAZ",-0.997340433557164,4.54325596554889,15,NA,NA,NA
"real","SWZ_KHM",-0.963713514443165,4.78738276909419,18,NA,NA,NA
"real","SWZ_LTU",-1.20336375302468,4.39821055042441,12,NA,NA,NA
"real","SWZ_MLI",-0.994387177014781,3.45948898115573,19,NA,NA,NA
"real","SWZ_MYT",-0.86224027000423,3.48151733244611,8,NA,NA,NA
"real","SWZ_NCL",-0.480945790123932,1.37289911719372,14,NA,NA,NA
"real","SWZ_TGO",-2.05817809470337,5.33473855546164,15,NA,NA,NA
"real","SYC_CRI",-2.66623061867841,12.6221623220451,11,NA,NA,NA
"real","SYC_IRN",-2.87839409004686,18.9392645040432,13,NA,NA,NA
"real","SYC_KAZ",-0.798914554613479,2.34171497749874,19,NA,NA,NA
"real","SYC_KWT",-0.448042813840688,2.22570778413548,14,NA,NA,NA
"real","SYC_POL",-0.982180732271608,6.66636121290965,9,NA,NA,NA
"real","SYC_VNM",-1.25456755751528,2.05879822408248,11,NA,NA,NA
"real","SYR_DOM",-0.220905475958684,3.72609609335565,19,NA,NA,NA
"real","SYR_ISR",-0.683556239719699,1.60782637304313,8,NA,NA,NA
"real","SYR_MYT",-0.584843284911688,1.78622407461074,8,NA,NA,NA
"real","SYR_UZB",-1.4116327118349,6.21342881956963,13,NA,NA,NA
"real","SYR_VCT",0.243792098702275,2.81865630976217,15,NA,NA,NA
"real","TCA_MLI",-1.23562621315353,3.97745655681592,11,NA,NA,NA
"real","TCA_ZAF",-2.25801513635121,8.24891247064168,18,NA,NA,NA
"real","TCD_CYP",-1.36408703658708,7.3077201813463,14,NA,NA,NA
"real","TCD_MOZ",-0.82463434757004,4.41570150838614,15,NA,NA,NA
"real","TCD_VNM",-0.96388418329546,3.50775117681254,8,NA,NA,NA
"real","TGO_DJI",-0.402686017314297,2.93154823736646,10,NA,NA,NA
"real","TGO_ISL",-1.14760621885692,6.39491176237395,9,NA,NA,NA
"real","TGO_JOR",-0.467145343345703,3.24144725433935,11,NA,NA,NA
"real","TGO_LTU",-5.31158953667418,20.6104728551364,9,NA,NA,NA
"real","TGO_LUX",-0.473880557454834,1.64629083329667,16,NA,NA,NA
"real","TGO_MMR",-0.853316469003443,2.33019023143528,10,NA,NA,NA
"real","TGO_NIC",-2.27937031442055,9.9088954251603,11,NA,NA,NA
"real","TJK_PER",-5.69301481906855,11.0401948769408,10,NA,NA,NA
"real","TKL_ALB",-0.901100360158221,2.79820006541937,10,NA,NA,NA
"real","TKL_DEU",-2.79146240068618,5.19290176299212,18,NA,NA,NA
"real","TKL_DNK",-0.616551732860619,1.86460061105015,18,NA,NA,NA
"real","TKL_ESP",-0.540201804363677,1.98702305917605,19,NA,NA,NA
"real","TKL_FRA",-0.112751624502658,0.792951766826702,19,NA,NA,NA
"real","TKL_GBR",-0.937787791952927,3.75223701569877,10,NA,NA,NA
"real","TKL_HRV",-1.3217946356245,3.3692052081341,8,NA,NA,NA
"real","TKL_IRL",-0.256465517013338,0.525263520322565,19,NA,NA,NA
"real","TKL_MOZ",-0.744527823365854,4.67488141427981,10,NA,NA,NA
"real","TKL_NLD",-0.624541895885438,2.37576214801922,17,NA,NA,NA
"real","TKL_RWA",-0.656543131177439,4.27478510524594,16,NA,NA,NA
"real","TKM_HND",-1.57361383585981,7.06324171590817,8,NA,NA,NA
"real","TKM_LUX",-0.210766444348843,2.902914344461,16,NA,NA,NA
"real","TKM_SLV",-0.644173489173653,5.21336396244713,10,NA,NA,NA
"real","TON_BRA",-2.20140903538991,9.4718618645051,13,NA,NA,NA
"real","TON_LUX",-3.03212760149813,7.7242845491855,12,NA,NA,NA
"real","TON_MDA",-2.07217155089082,5.64319447634564,8,NA,NA,NA
"real","TTO_GNQ",-0.832832602890474,5.87340125661071,8,NA,NA,NA
"real","TTO_NCL",-1.43558427334712,3.33014413077369,12,NA,NA,NA
"real","TTO_YEM",-1.92036150439626,4.766190853468,10,NA,NA,NA
"real","TUN_AFG",-0.626522091670025,7.91996868519167,17,NA,NA,NA
"real","TUN_KHM",-1.33944513303392,6.93142742177008,16,NA,NA,NA
"real","TUN_MNG",-1.51279583593129,5.47116392978317,12,NA,NA,NA
"real","TUN_NAM",-2.36674012227585,6.26556542888745,13,NA,NA,NA
"real","TUN_TKM",-2.16259147502992,12.3247716050793,10,NA,NA,NA
"real","TUR_ERI",-0.134607715692616,0.725222991866553,19,NA,NA,NA
"real","TUR_TUV",-1.01936118232426,7.46395502655742,15,NA,NA,NA
"real","TUV_BEN",-0.0723574365830316,4.16120310422727,9,NA,NA,NA
"real","TUV_THA",-0.660931351710637,13.2171323721668,13,NA,NA,NA
"real","TZA_DOM",-0.82764749999173,5.12055502792898,18,NA,NA,NA
"real","TZA_HND",-2.40578320714064,6.95636961575563,13,NA,NA,NA
"real","TZA_NCL",-6.1011258157385,12.0903461258018,11,NA,NA,NA
"real","UGA_DOM",-1.02248518553307,4.36815345970962,19,NA,NA,NA
"real","UGA_KAZ",-0.879692576552337,4.58750448332728,15,NA,NA,NA
"real","UGA_LBR",-1.50895962738982,6.43433000135323,13,NA,NA,NA
"real","UGA_LUX",-0.557227568343535,3.78190313078448,19,NA,NA,NA
"real","UGA_MDA",-2.029599474787,5.03357885696641,15,NA,NA,NA
"real","UGA_PRK",-0.842442151196017,3.54618117942704,15,NA,NA,NA
"real","UKR_SOM",-1.50591786100527,3.71205885872101,17,NA,NA,NA
"real","UKR_WSM",-2.68722087429924,7.03278202891299,10,NA,NA,NA
"real","UMI_ECU",-0.455833645985634,1.61179280898391,8,NA,NA,NA
"real","UMI_ESP",-2.38236858621384,5.38117143042492,15,NA,NA,NA
"real","UMI_IDN",-3.50066521057947,9.86815821507017,13,NA,NA,NA
"real","UMI_NCL",-1.5024082159129,3.6483239440653,8,NA,NA,NA
"real","UMI_NER",-1.28847893338169,5.60251240295597,8,NA,NA,NA
"real","UMI_PER",-0.924818207812008,2.08700801148933,15,NA,NA,NA
"real","UMI_SWE",-4.30377768428635,10.7776590782161,18,NA,NA,NA
"real","URY_BMU",-0.398873093900365,1.34842730250478,14,NA,NA,NA
"real","URY_KHM",-0.987410324261192,2.76681166777392,17,NA,NA,NA
"real","URY_LUX",-0.369925022539783,1.06860085770402,19,NA,NA,NA
"real","UZB_BOL",-1.72889945224826,9.63886643347077,12,NA,NA,NA
"real","UZB_HND",-1.72180017233971,5.59350708234205,9,NA,NA,NA
"real","VAT_IDN",-1.55823700609605,8.64806486265958,16,NA,NA,NA
"real","VAT_KOR",-2.40890895028644,7.56337925721903,19,NA,NA,NA
"real","VAT_LBN",-0.869051967788549,5.55855282788917,16,NA,NA,NA
"real","VAT_MOZ",-0.576850945556642,5.05523406153159,13,NA,NA,NA
"real","VAT_NLD",-2.00035495655013,5.51204688140465,15,NA,NA,NA
"real","VAT_POL",-2.34182902677683,7.55952876053244,16,NA,NA,NA
"real","VAT_SDN",-1.99855469304158,4.1087759313793,16,NA,NA,NA
"real","VCT_DOM",-1.19092608221394,4.9980137884421,18,NA,NA,NA
"real","VCT_MOZ",-2.41148787038349,9.38723460355611,13,NA,NA,NA
"real","VCT_PER",-5.53510547371671,16.8656422338347,9,NA,NA,NA
"real","VCT_UGA",-1.6569002204688,7.18594755389039,11,NA,NA,NA
"real","VEN_LUX",-1.25646909939447,3.382297717303,19,NA,NA,NA
"real","VEN_NCL",-0.995253715432878,3.59629392786064,15,NA,NA,NA
"real","VGB_DOM",-2.8024862857157,8.42256534498831,19,NA,NA,NA
"real","VGB_KHM",-1.15410328127217,2.59474763565291,12,NA,NA,NA
"real","VGB_SGP",-0.873280886941257,2.1646739265943,11,NA,NA,NA
"real","VNM_COK",-0.897423649304523,3.96870597898436,8,NA,NA,NA
"real","VNM_FSM",-0.885774734054091,4.02393120831733,12,NA,NA,NA
"real","VNM_MHL",-0.89163658961096,5.07868380389109,10,NA,NA,NA
"real","VNM_SLB",-1.64296340569478,2.91240052399995,17,NA,NA,NA
"real","VNM_TKM",-1.32603857577041,4.48208672502446,12,NA,NA,NA
"real","VNM_TON",-0.335141342521153,1.64013116029571,14,NA,NA,NA
"real","VNM_WSM",-0.215540214254636,0.717867638525775,19,NA,NA,NA
"real","VUT_BRA",-1.93928589031533,7.68837653291243,15,NA,NA,NA
"real","VUT_EGY",-1.7635476058029,15.2911915698819,16,NA,NA,NA
"real","WLF_NIC",-4.58267631055823,7.76382540929449,11,NA,NA,NA
"real","WSM_SAU",-1.24148879173808,4.46808330486892,14,NA,NA,NA
"real","WSM_TKL",-0.139972614400564,2.32970857961435,19,NA,NA,NA
"real","WSM_VNM",-2.5267765485392,30.5441495328791,9,NA,NA,NA
"real","YEM_CIV",-0.545581305337117,3.30079240780794,14,NA,NA,NA
"real","YEM_DOM",-2.99375418832334,17.2202697260781,18,NA,NA,NA
"real","YEM_LUX",-3.23188337556778,12.5418964107828,13,NA,NA,NA
"real","YEM_MRT",-0.971039142792511,2.54908699872435,14,NA,NA,NA
"real","YEM_TTO",-1.78975745706927,7.81960454980601,11,NA,NA,NA
"real","YEM_ZWE",-3.05912887978131,9.47306810538323,13,NA,NA,NA
"real","ZAF_NFK",-0.312576516742478,1.50097803677206,13,NA,NA,NA
"real","ZAF_SLB",-1.34683905209019,3.00600942320047,19,NA,NA,NA
"real","ZAF_SPM",-0.65579393474129,2.0088771905512,10,NA,NA,NA
"real","ZAF_VUT",-0.520840952578659,1.74770427080365,19,NA,NA,NA
"real","ZAF_WSM",-0.904750361917369,4.36385145732496,19,NA,NA,NA
"real","ZMB_ARM",-1.53756736876837,3.97605444132905,12,NA,NA,NA
"real","ZMB_MDA",-2.16061460968893,10.1351010761464,11,NA,NA,NA
"real","ZMB_SLE",-1.49464589263689,6.74538244080764,14,NA,NA,NA
"real","ABW_DOM",-1.91458767219959,12.4882198464063,18,NA,NA,NA
"real","ABW_TWN",0.00142380649646416,4.06745454177858,12,NA,NA,NA
"real","AFG_DOM",-0.421684502181243,2.86211019032661,18,NA,NA,NA
"real","AFG_FJI",-0.988978067026328,6.83515858607705,11,NA,NA,NA
"real","AGO_AZE",-1.63379350064763,5.04705409230115,16,NA,NA,NA
"real","AGO_BLR",-3.77765233773334,7.48516663623871,10,NA,NA,NA
"real","AGO_BRN",-6.3164295688747,11.0087133142913,9,NA,NA,NA
"real","AGO_DOM",-3.0022479697379,7.90550043086567,14,NA,NA,NA
"real","AGO_KAZ",-1.47478529568916,5.71616152970242,15,NA,NA,NA
"real","AGO_NZL",-1.12728878412638,3.4634857300226,17,NA,NA,NA
"real","AIA_FJI",-0.608163030522434,2.83273506745826,18,NA,NA,NA
"real","AIA_PER",-1.10105055413145,2.53847959934523,10,NA,NA,NA
"real","AIA_SDN",-1.90644725162626,7.90851654329933,11,NA,NA,NA
"real","ALB_BEN",-0.27141123923071,2.33413233669678,16,NA,NA,NA
"real","ALB_MWI",-0.825762241257532,5.96136928994773,9,NA,NA,NA
"real","ALB_NER",-0.511940553753901,2.72570343306438,15,NA,NA,NA
"real","AND_ARM",-0.0918584711439461,4.16660764542089,16,NA,NA,NA
"real","AND_BHR",-2.28007183899381,7.54781580311392,11,NA,NA,NA
"real","AND_BWA",-0.644371325556647,8.42798268227588,17,NA,NA,NA
"real","AND_FJI",-1.22562118918203,9.38334062161865,10,NA,NA,NA
"real","AND_IRN",-2.10827972753538,6.03388811460837,12,NA,NA,NA
"real","AND_KEN",-0.758664667960119,4.2930240198892,13,NA,NA,NA
"real","AND_PYF",-1.12698376297536,5.64388339452041,15,NA,NA,NA
"real","ANT_FJI",-0.469043995535147,2.42719390052791,9,NA,NA,NA
"real","ARE_AGO",-1.10759525508505,8.14551975666073,16,NA,NA,NA
"real","ARE_BWA",-0.140026168936428,0.91864383535196,18,NA,NA,NA
"real","ARE_DOM",-0.512423300694023,0.889047544158642,18,NA,NA,NA
"real","ARE_ERI",-0.530217201855291,3.66186525996999,13,NA,NA,NA
"real","ARE_LBR",-1.055933433641,8.00545002776851,13,NA,NA,NA
"real","ARE_SLE",-0.672566299900861,2.81580630500503,13,NA,NA,NA
"real","ARE_SLV",-1.05890866494061,2.09091879272235,18,NA,NA,NA
"real","ARE_TJK",-0.146811137821893,0.953607984728479,13,NA,NA,NA
"real","ARE_UZB",-0.341715226037517,0.881857186779294,13,NA,NA,NA
"real","ARE_VCT",-1.76930627360014,7.33308924033751,17,NA,NA,NA
"real","ARE_WSM",-0.756199013760756,2.64258853550011,14,NA,NA,NA
"real","ARG_TJK",-0.614701123092506,4.56254124196551,15,NA,NA,NA
"real","ARM_GAB",-0.278751791086303,0.809001803392969,11,NA,NA,NA
"real","ARM_HND",-2.71850722006991,13.6591358786739,14,NA,NA,NA
"real","ARM_ISL",-2.54454040499271,13.4727360408331,11,NA,NA,NA
"real","ARM_NGA",-2.44932471511558,9.07789481859145,11,NA,NA,NA
"real","ARM_PAN",-1.84084858774466,10.5569004872836,14,NA,NA,NA
"real","ARM_SEN",-0.800080662516402,1.77915079303918,17,NA,NA,NA
"real","ARM_UGA",-0.419206938901468,4.03172573058714,9,NA,NA,NA
"real","ASM_AUT",-1.84068093914298,5.46058038405276,13,NA,NA,NA
"real","ASM_BOL",-4.93970048075961,7.78786210869764,12,NA,NA,NA
"real","ASM_CRI",-0.750236859391917,2.84514348074681,18,NA,NA,NA
"real","ASM_FJI",-0.395004374394365,1.29380126966866,18,NA,NA,NA
"real","ASM_GBR",-1.18077272685664,3.05692590862071,18,NA,NA,NA
"real","ASM_HKG",-0.959165699292181,2.54299948721269,12,NA,NA,NA
"real","ASM_HRV",-0.813268062084027,2.03888048868664,8,NA,NA,NA
"real","ASM_IND",-3.17873952037349,5.56029790705526,17,NA,NA,NA
"real","ASM_SDN",-2.41633646117889,5.09319394920191,16,NA,NA,NA
"real","ASM_SVN",-1.11250905361101,2.34138453994416,17,NA,NA,NA
"real","ASM_TTO",-0.786850488093604,3.48726350029285,8,NA,NA,NA
"real","ASM_TUR",-0.789250193188104,2.22648035610476,18,NA,NA,NA
"real","ASM_WSM",-0.0472295050715954,0.791195067331447,18,NA,NA,NA
"real","ATA_FJI",-0.91242643026131,8.02464683830119,14,NA,NA,NA
"real","ATA_KOR",-2.57885299789157,14.4616176188983,14,NA,NA,NA
"real","ATA_MKD",-1.36815934891007,9.85246158866097,9,NA,NA,NA
"real","ATA_NZL",-3.30405664111652,8.49645546844758,14,NA,NA,NA
"real","ATG_FJI",-0.427404413266396,5.6341055996869,15,NA,NA,NA
"real","ATG_KEN",-0.667074284817128,6.92322490384568,12,NA,NA,NA
"real","ATG_UKR",-0.865485737540086,9.66827469165507,11,NA,NA,NA
"real","AUS_TLS",0.157378187978239,0.769729366566745,18,NA,NA,NA
"real","AUT_ASM",-0.923767929325449,3.34561582917109,12,NA,NA,NA
"real","AUT_TLS",-1.41040179520761,3.73164656598297,16,NA,NA,NA
"real","AZE_CHL",-7.39385482625871,15.7785021663561,13,NA,NA,NA
"real","AZE_COG",-0.217077004517335,3.89587223054726,14,NA,NA,NA
"real","AZE_GHA",-2.56028262867056,11.771739234296,15,NA,NA,NA
"real","AZE_NER",-2.97834439324869,11.7179282972971,14,NA,NA,NA
"real","AZE_NPL",-1.27508469131938,5.24349007273634,8,NA,NA,NA
"real","AZE_RWA",-2.1666687325647,11.8018427979403,13,NA,NA,NA
"real","AZE_SLE",-0.0351858913452781,2.09333860056689,8,NA,NA,NA
"real","AZE_YEM",-1.28978250374751,11.7276419125411,11,NA,NA,NA
"real","BDI_DOM",-1.55107287299043,8.23058625807463,16,NA,NA,NA
"real","BDI_UKR",-1.02029246883736,2.28373722968695,16,NA,NA,NA
"real","BDI_VNM",-1.23922885720999,3.30352888082036,11,NA,NA,NA
"real","BEL_ASM",-0.891379988625334,1.82528651374527,17,NA,NA,NA
"real","BEL_NFK",-1.58377292407215,3.4319991668314,14,NA,NA,NA
"real","BEL_TLS",-1.3201552635314,3.53169034520338,18,NA,NA,NA
"real","BEN_BDI",-1.43144049256835,4.46343222567279,12,NA,NA,NA
"real","BEN_COM",-1.16158443649485,3.65909743824846,8,NA,NA,NA
"real","BEN_DOM",-2.6213520820181,9.48745157736784,14,NA,NA,NA
"real","BEN_LTU",-1.64657297464859,11.9579038117266,13,NA,NA,NA
"real","BFA_BHR",-0.358889384221101,3.79069384688069,10,NA,NA,NA
"real","BFA_GNQ",-0.444271620607173,5.3038024649701,9,NA,NA,NA
"real","BFA_UKR",-1.14638456188536,3.03354889497193,14,NA,NA,NA
"real","BFA_VNM",-1.14840269910046,2.95651511241618,15,NA,NA,NA
"real","BGD_ASM",-0.930679860269783,3.70990593211624,12,NA,NA,NA
"real","BGD_BIH",-0.827483593935296,3.82182724957305,18,NA,NA,NA
"real","BGD_MHL",-0.656564743144821,2.36907395654788,11,NA,NA,NA
"real","BGD_NRU",-0.769539089568244,10.0595267978159,11,NA,NA,NA
"real","BHR_DOM",-1.78141397698369,5.17643251979529,16,NA,NA,NA
"real","BHR_MDA",-1.03634602737903,3.22897371464056,10,NA,NA,NA
"real","BHR_MKD",-2.7856091844818,8.00589239713813,16,NA,NA,NA
"real","BHR_MNG",-2.10635365521447,8.77691683010653,11,NA,NA,NA
"real","BHR_SOM",-1.36745242720367,3.52589841277815,12,NA,NA,NA
"real","BHR_SWZ",-1.00135809039547,4.63091395213156,13,NA,NA,NA
"real","BHS_MAC",-0.281838916888224,0.891095280570904,11,NA,NA,NA
"real","BIH_BGD",-2.26721410073058,5.89144180069651,17,NA,NA,NA
"real","BIH_BWA",-2.07776478465937,4.70260390864783,10,NA,NA,NA
"real","BIH_DOM",-0.868710108095341,3.04222500931441,17,NA,NA,NA
"real","BIH_GUY",-1.21131548096856,7.91777524655931,12,NA,NA,NA
"real","BIH_HND",-1.62125890403741,5.34231689977458,15,NA,NA,NA
"real","BIH_MDG",-0.123525627937288,1.15204330879713,16,NA,NA,NA
"real","BLR_BFA",-1.06525884435496,3.81402331952897,17,NA,NA,NA
"real","BLR_BLZ",-0.592120330463335,2.428950756312,16,NA,NA,NA
"real","BLR_BWA",-3.55955834270363,16.1808108076848,11,NA,NA,NA
"real","BLR_HND",-2.09070979943702,9.77470385362621,12,NA,NA,NA
"real","BLR_SLE",-1.14937888071752,2.63157278343973,17,NA,NA,NA
"real","BLZ_ARE",-0.135267431283401,1.99979605443048,16,NA,NA,NA
"real","BLZ_BHR",-2.88364745729914,9.11175512935886,16,NA,NA,NA
"real","BLZ_FJI",-0.889164733992179,5.28982635453631,17,NA,NA,NA
"real","BMU_MOZ",-2.97172663704281,11.7681291354338,9,NA,NA,NA
"real","BOL_RWA",-0.327122540122821,8.37747021288215,10,NA,NA,NA
"real","BRA_SMR",-1.23545626100422,3.87629152863488,18,NA,NA,NA
"real","BRB_AGO",-2.94847698572106,14.4328925971559,12,NA,NA,NA
"real","BRB_CMR",-1.62634340389863,6.38925862018891,15,NA,NA,NA
"real","BRB_FJI",-0.560635698293593,1.49282786693818,13,NA,NA,NA
"real","BRN_FJI",-0.724862156123091,2.75717464907743,18,NA,NA,NA
"real","BRN_LBY",-1.59990821652905,6.39593986318494,8,NA,NA,NA
"real","BRN_MLT",-1.77476003731701,5.48286624344884,8,NA,NA,NA
"real","BRN_NIC",-2.32984773405673,6.98468667904717,9,NA,NA,NA
"real","BTN_NZL",-1.07677190336282,5.72203582146144,16,NA,NA,NA
"real","BVT_DOM",-1.04776622581381,10.1002232731421,15,NA,NA,NA
"real","BVT_IRL",0.41114782734146,7.08887818155644,13,NA,NA,NA
"real","BVT_KOR",-1.09877089983813,12.5064590398,9,NA,NA,NA
"real","BVT_LUX",0.886306045210078,4.45087752501275,13,NA,NA,NA
"real","BVT_POL",0.632051551961081,11.2760036402539,9,NA,NA,NA
"real","BWA_ARE",-3.09899058473602,8.78716444591752,18,NA,NA,NA
"real","BWA_CMR",-1.23977751336138,3.75970845999739,16,NA,NA,NA
"real","BWA_COG",-1.14808374472133,9.41073302153932,15,NA,NA,NA
"real","BWA_EGY",-1.25615260707166,5.92598522045676,15,NA,NA,NA
"real","BWA_HND",-1.50056048601523,13.1498790777214,9,NA,NA,NA
"real","BWA_LKA",-3.27843002110466,7.62834968123766,17,NA,NA,NA
"real","BWA_MAR",-0.730500901512525,7.08238238659124,14,NA,NA,NA
"real","BWA_MLI",-0.958935886800879,7.03507977807827,18,NA,NA,NA
"real","BWA_NER",-1.65039458642183,8.3779452584711,8,NA,NA,NA
"real","BWA_PER",-3.27801414615607,14.5600196495722,11,NA,NA,NA
"real","BWA_PHL",-3.10495175372319,9.64001628101119,12,NA,NA,NA
"real","BWA_SLE",-1.35923361211321,6.98924065513135,10,NA,NA,NA
"real","BWA_UKR",-2.44555748530568,8.56595866369057,17,NA,NA,NA
"real","BWA_UMI",-3.90540254902556,11.9843514964717,8,NA,NA,NA
"real","CAF_AZE",-1.69124681594983,6.37298579414724,9,NA,NA,NA
"real","CAN_TLS",-0.21958107090449,1.16711745154757,18,NA,NA,NA
"real","CCK_DOM",-2.4815820974669,18.5836599579232,11,NA,NA,NA
"real","CCK_IND",-4.83879166730652,6.81930194001886,8,NA,NA,NA
"real","CCK_RUS",-1.57487738194103,6.32613675597023,10,NA,NA,NA
"real","CCK_UKR",-2.12933319763695,7.88532970013811,9,NA,NA,NA
"real","CCK_ZWE",-0.700010888334939,3.02812723389175,8,NA,NA,NA
"real","CHE_TLS",-0.222936699033035,1.00339440330234,18,NA,NA,NA
"real","CIV_BWA",-0.93009374920008,4.11933763202971,14,NA,NA,NA
"real","CMR_FJI",-0.659109563155203,1.47707432415844,17,NA,NA,NA
"real","CMR_KHM",-2.8306269534015,10.4115416822485,14,NA,NA,NA
"real","CMR_YEM",-0.361127454525676,1.85445593026681,15,NA,NA,NA
"real","COD_LTU",-2.09476417860128,11.6994115575598,14,NA,NA,NA
"real","COG_ARE",-2.38934141685615,15.8801594242426,16,NA,NA,NA
"real","COG_ARM",-0.785149383277085,4.6806888495311,12,NA,NA,NA
"real","COG_BWA",-3.52613189571203,6.95855972013705,10,NA,NA,NA
"real","COG_LKA",-2.95763068416303,9.94911811894652,10,NA,NA,NA
"real","COK_MOZ",-0.121273210141004,3.69339752993591,8,NA,NA,NA
"real","COK_MUS",-0.572930655268135,3.53693167333833,18,NA,NA,NA
"real","COK_PYF",-1.07014310818793,4.2583699026804,15,NA,NA,NA
"real","COK_TUR",-1.85684941403032,9.28501065386694,12,NA,NA,NA
"real","COK_TWN",-0.801000262698326,2.78431252336018,15,NA,NA,NA
"real","COL_MDV",-0.71860438951518,2.27417731430011,15,NA,NA,NA
"real","COL_NAM",-0.933767821363812,4.93008802643107,12,NA,NA,NA
"real","COL_PSE",0.0618326764223711,1.01011072204304,17,NA,NA,NA
"real","COM_UKR",-1.0147593557737,3.31488509533035,18,NA,NA,NA
"real","CPV_CHN",-2.14067998824902,6.13449106591656,16,NA,NA,NA
"real","CPV_FIN",-2.30582912280767,4.9502745997774,14,NA,NA,NA
"real","CRI_BWA",-1.61942800977079,7.8666951506053,10,NA,NA,NA
"real","CRI_GEO",-0.0951409104699086,1.1555912849494,14,NA,NA,NA
"real","CRI_GUM",0.0275358596298649,0.647587971316392,18,NA,NA,NA
"real","CUB_FJI",-1.0243129960643,2.66771095889711,12,NA,NA,NA
"real","CUB_GEO",-1.59877871985365,5.06802096704049,16,NA,NA,NA
"real","CUB_KEN",-4.04292537310119,6.98886270472649,11,NA,NA,NA
"real","CXR_AUT",-2.02109796901675,7.19445521536648,14,NA,NA,NA
"real","CXR_DEU",-1.06894537287322,2.76830144669609,12,NA,NA,NA
"real","CXR_ECU",-2.92069817157696,4.22489382146901,8,NA,NA,NA
"real","CXR_ITA",-0.816842312531352,1.67656909824373,12,NA,NA,NA
"real","CXR_TUR",-1.89812315148624,7.96737516110487,16,NA,NA,NA
"real","CYM_BWA",-2.9784343396523,14.6763862944071,9,NA,NA,NA
"real","CZE_LSO",-0.157859481300341,0.515164276801106,10,NA,NA,NA
"real","CZE_TLS",-0.291154280416521,1.97777470204823,10,NA,NA,NA
"real","CZE_VAT",-1.87979800356963,6.40206984570164,9,NA,NA,NA
"real","DEU_HMD",0.123452707185904,2.98333916910147,10,NA,NA,NA
"real","DEU_TLS",-0.492234767530922,3.34084610974153,18,NA,NA,NA
"real","DJI_CMR",-2.7145472066558,9.33845817096017,9,NA,NA,NA
"real","DJI_LBN",-1.6823720928929,5.10016297823886,12,NA,NA,NA
"real","DMA_DZA",-2.88656992546832,3.81782183004388,14,NA,NA,NA
"real","DMA_FJI",-1.29465950871313,4.15529130189207,8,NA,NA,NA
"real","DMA_GEO",-0.721252499921188,3.47127295433869,8,NA,NA,NA
"real","DNK_CXR",-2.08516548815054,3.94383756493141,8,NA,NA,NA
"real","DNK_TLS",-0.490822514756935,1.49265585070287,18,NA,NA,NA
"real","DOM_BIH",-0.291683713142257,0.463651149201616,18,NA,NA,NA
"real","DOM_GEO",-0.87928275724179,9.55944361141745,15,NA,NA,NA
"real","DOM_KHM",-1.85724382780933,6.52760052196509,13,NA,NA,NA
"real","DOM_TKM",-0.798387586652321,2.62309119733393,8,NA,NA,NA
"real","DOM_VNM",-0.691488137703126,2.30980678286591,18,NA,NA,NA
"real","DZA_AZE",-1.64568439285736,5.79856414670589,17,NA,NA,NA
"real","ECU_BIH",-0.235647022948909,3.12247397323031,18,NA,NA,NA
"real","ECU_YEM",-0.343756289592141,1.23932575428067,18,NA,NA,NA
"real","EGY_BLZ",-1.22753376279929,3.35992898866204,12,NA,NA,NA
"real","EGY_LSO",-1.78960043885951,4.8860740215027,12,NA,NA,NA
"real","EGY_SMR",-0.735478898386258,2.0907785209721,8,NA,NA,NA
"real","ERI_ARE",-1.929476954556,6.85166663590427,13,NA,NA,NA
"real","ERI_BHR",-0.0838463688158687,3.09087000197256,10,NA,NA,NA
"real","ERI_DOM",-1.27861176344113,12.8457523957605,14,NA,NA,NA
"real","ERI_FJI",0.487783117635738,5.55364150728867,14,NA,NA,NA
"real","ERI_TUR",-0.750596828716095,12.570662141677,15,NA,NA,NA
"real","EST_BDI",-1.60368127055845,3.22700177649317,8,NA,NA,NA
"real","EST_NIC",-1.08194565215057,3.47118489065268,10,NA,NA,NA
"real","ETH_ALB",-0.0600859040510308,0.611848685854316,18,NA,NA,NA
"real","ETH_LSO",-0.613555883834558,2.59860559347562,16,NA,NA,NA
"real","ETH_MMR",-0.780434491761875,4.02950016476432,13,NA,NA,NA
"real","ETH_MYT",-0.804121089268902,1.83926659729328,8,NA,NA,NA
"real","ETH_SLE",-0.896483495950658,3.51191979211215,16,NA,NA,NA
"real","FJI_AIA",-1.4332011013161,5.95339927056856,11,NA,NA,NA
"real","FJI_ARM",-1.81152439280564,7.04090107597197,10,NA,NA,NA
"real","FJI_ASM",-0.0128250183564166,0.0811939773509411,18,NA,NA,NA
"real","FJI_ATF",-0.622336887451465,3.30850421121785,11,NA,NA,NA
"real","FJI_BHR",-0.604627183574518,1.58250701770463,11,NA,NA,NA
"real","FJI_CIV",-1.84562192763757,6.52016884597126,12,NA,NA,NA
"real","FJI_CXR",-1.52740646437278,5.00971461698769,17,NA,NA,NA
"real","FJI_DOM",-0.43387789324917,1.60953676290109,18,NA,NA,NA
"real","FJI_FRO",-1.06475947394789,3.04514296143444,8,NA,NA,NA
"real","FJI_GUM",-0.258280176320834,0.509673864447523,18,NA,NA,NA
"real","FJI_KEN",-1.68121993334522,8.031305582277,14,NA,NA,NA
"real","FJI_KHM",-0.963300702790348,3.57512406962862,10,NA,NA,NA
"real","FJI_MAR",-1.7295485498974,4.81255399269297,11,NA,NA,NA
"real","FJI_MNG",-1.19694182137273,3.76474538318965,9,NA,NA,NA
"real","FJI_MOZ",-3.129616467508,8.05500596183507,16,NA,NA,NA
"real","FJI_MUS",-1.2627237930693,5.85953273266719,18,NA,NA,NA
"real","FJI_NFK",-1.46666407991465,5.80204596535768,18,NA,NA,NA
"real","FJI_PLW",-1.06550823354216,2.06956084269634,18,NA,NA,NA
"real","FJI_SLE",-0.721761655407428,2.24984859938822,9,NA,NA,NA
"real","FJI_SWZ",-0.668870744279545,2.3529064815617,14,NA,NA,NA
"real","FJI_TLS",-0.516372591083022,2.37152290132231,18,NA,NA,NA
"real","FJI_VNM",-1.36075483871953,5.54433546500362,18,NA,NA,NA
"real","FLK_UKR",-0.499417034275527,1.38091416506269,18,NA,NA,NA
"real","FRA_TLS",-1.3961578178294,2.58429354328539,18,NA,NA,NA
"real","FSM_DOM",-2.2307709632163,13.3006972881994,15,NA,NA,NA
"real","FSM_GUM",-0.166107739746345,1.29729668278324,12,NA,NA,NA
"real","FSM_MNP",0.343299059700877,1.56033166089013,12,NA,NA,NA
"real","FSM_ZAF",-2.51990649067782,9.00633092804767,11,NA,NA,NA
"real","GAB_LBY",-1.64864676107453,5.50687113911616,8,NA,NA,NA
"real","GBR_ASM",-0.714634263026377,1.44187728869434,18,NA,NA,NA
"real","GBR_TLS",-0.220259103961623,1.23934256132804,18,NA,NA,NA
"real","GEO_BGD",-1.95532310149255,6.18321327782733,17,NA,NA,NA
"real","GEO_BLZ",-1.31782875464797,3.95454197669549,12,NA,NA,NA
"real","GEO_DOM",-1.06908058998007,2.43434096953271,18,NA,NA,NA
"real","GEO_FJI",-0.956531731998006,3.56479234836528,17,NA,NA,NA
"real","GEO_NAM",-1.44536964094188,4.00180131678543,14,NA,NA,NA
"real","GEO_UGA",-0.498053094726095,1.51264591669317,18,NA,NA,NA
"real","GHA_FJI",-2.61350718970621,8.68232858008008,16,NA,NA,NA
"real","GIN_BLR",-3.68448950355444,17.8647291253052,12,NA,NA,NA
"real","GIN_MYT",-1.81664455691333,11.8152772031907,8,NA,NA,NA
"real","GIN_QAT",-1.97663944892653,5.91113532177997,8,NA,NA,NA
"real","GMB_NIC",-0.808345207147773,3.14719582114563,15,NA,NA,NA
"real","GNB_BGR",-2.99623177837153,8.19261390519253,8,NA,NA,NA
"real","GNB_DNK",-4.81826658278059,8.07324825683708,10,NA,NA,NA
"real","GNB_MYS",-1.64600064363071,4.79320259650701,10,NA,NA,NA
"real","GNQ_HND",-4.55277867377091,14.55752529292,9,NA,NA,NA
"real","GNQ_IND",-1.9878759760721,11.0280154849657,17,NA,NA,NA
"real","GNQ_UKR",-1.35886046580947,6.9521345320883,10,NA,NA,NA
"real","GRD_BWA",-0.291452772386067,1.4589336851881,11,NA,NA,NA
"real","GRD_KAZ",-2.82057660974321,9.69451812275742,9,NA,NA,NA
"real","GRD_MWI",-1.49078810754105,7.40186790324983,10,NA,NA,NA
"real","GRD_TUR",-1.83938664370777,3.57787302069234,12,NA,NA,NA
"real","GRD_ZMB",-2.35038937829069,6.93276889659656,8,NA,NA,NA
"real","GRL_DOM",-1.83512928770834,4.61111189635696,12,NA,NA,NA
"real","GTM_ARM",-0.418711441989091,1.53458399852204,15,NA,NA,NA
"real","GTM_COG",-2.55622339748458,10.5575181434706,9,NA,NA,NA
"real","GTM_CYM",-0.643328874327151,2.30963395436565,18,NA,NA,NA
"real","GUM_BEL",-0.928215346379431,2.32202108482944,14,NA,NA,NA
"real","GUM_DOM",-1.78492186107282,5.89141543479954,10,NA,NA,NA
"real","GUM_ECU",-0.841470860220667,4.0245928791039,10,NA,NA,NA
"real","GUM_ESP",-0.796591254268703,2.4054228207597,18,NA,NA,NA
"real","GUM_FSM",-0.095864320724001,0.219556424786183,12,NA,NA,NA
"real","GUM_GTM",-0.943420485078186,3.46978793506184,11,NA,NA,NA
"real","GUM_HKG",-0.0711557482053637,0.552159312255226,18,NA,NA,NA
"real","GUM_IND",-1.9677483654251,6.40980550323579,9,NA,NA,NA
"real","GUM_ITA",-0.0429558668367513,0.842845290672621,18,NA,NA,NA
"real","GUM_NLD",-1.47703407691781,2.67267309087926,16,NA,NA,NA
"real","GUY_JOR",-0.309048085311733,1.69229693484979,15,NA,NA,NA
"real","GUY_NAM",-3.63409324804687,28.5204381278778,8,NA,NA,NA
"real","GUY_TON",-1.03003248491209,4.38398099704349,10,NA,NA,NA
"real","HKG_ASM",-0.289726553319733,0.614643568904668,18,NA,NA,NA
"real","HKG_GUM",-0.0386308808297706,0.187232550118967,18,NA,NA,NA
"real","HKG_MHL",0.128309445776665,1.22949603063473,18,NA,NA,NA
"real","HKG_MNP",-0.0674781187192844,0.128359390850907,18,NA,NA,NA
"real","HKG_SMR",-0.202889292888601,0.505892722784416,17,NA,NA,NA
"real","HKG_TKL",-0.511347421146982,2.75226710551363,13,NA,NA,NA
"real","HMD_TWN",-0.349245906650355,1.12779346524533,8,NA,NA,NA
"real","HND_BIH",-0.356467170928563,0.681445192693802,18,NA,NA,NA
"real","HND_KGZ",-1.21890780576272,4.13838310806811,14,NA,NA,NA
"real","HND_KHM",-2.66078623971451,8.07375740688065,13,NA,NA,NA
"real","HTI_KAZ",-1.2585559901109,4.49809124094526,15,NA,NA,NA
"real","HTI_KWT",-0.755020587856993,1.83178659820731,13,NA,NA,NA
"real","HTI_LUX",-0.77941390829964,2.45833927606933,11,NA,NA,NA
"real","HTI_NCL",-0.875007601010722,2.851113166037,10,NA,NA,NA
"real","HUN_ASM",-1.55631332099365,3.60172981371671,12,NA,NA,NA
"real","IDN_TLS",-0.101752755740098,0.225305799376747,18,NA,NA,NA
"real","IND_MHL",-2.51980071142085,8.1257087725044,18,NA,NA,NA
"real","IND_TLS",-2.15883405092595,1.45827390132209,18,NA,NA,NA
"real","IOT_TZA",-1.59908860622361,9.65655640546557,10,NA,NA,NA
"real","IOT_UKR",-2.02560737140809,15.5574993145279,12,NA,NA,NA
"real","IRN_DOM",-0.987795382629177,3.37086053744208,17,NA,NA,NA
"real","IRN_KHM",-0.627908452803572,1.56136248414977,18,NA,NA,NA
"real","IRQ_AZE",-0.450394648140728,2.15414986217068,16,NA,NA,NA
"real","IRQ_EST",-2.93139641115177,14.3628990599523,8,NA,NA,NA
"real","IRQ_GEO",-1.23262098639135,3.42488559916284,18,NA,NA,NA
"real","ISR_BTN",-0.521015868919153,1.62635222754122,16,NA,NA,NA
"real","ITA_ASM",-0.134430324803921,0.317395484292931,18,NA,NA,NA
"real","ITA_CXR",-1.1319056665956,2.24411643245247,9,NA,NA,NA
"real","ITA_GUM",-0.0197729635681247,0.177704516226907,18,NA,NA,NA
"real","ITA_NIU",0.0950825252740796,1.87111927781251,8,NA,NA,NA
"real","ITA_TKL",-0.182201677595853,1.96824952392084,18,NA,NA,NA
"real","ITA_TLS",-2.27782690885299,4.34083517294832,18,NA,NA,NA
"real","JAM_BWA",-0.688971981851593,2.35017478505867,16,NA,NA,NA
"real","JAM_KHM",-0.355651504403056,1.34485282789212,12,NA,NA,NA
"real","JAM_WSM",-1.6561757265389,4.52422614329086,14,NA,NA,NA
"real","JPN_TLS",-0.00591390128019944,0.417024007544408,18,NA,NA,NA
"real","KAZ_NAM",-2.40521742751042,13.8182100436377,11,NA,NA,NA
"real","KAZ_SYC",-1.66734204547164,4.64868951854442,12,NA,NA,NA
"real","KEN_ARM",-2.16058800843678,4.47135630851546,18,NA,NA,NA
"real","KEN_GEO",-0.406671349445063,1.75301789204634,18,NA,NA,NA
"real","KEN_GUY",-0.879145022536722,3.16961711150095,17,NA,NA,NA
"real","KEN_KHM",-1.08573497450985,1.91894983160216,18,NA,NA,NA
"real","KEN_SUR",-1.54872319636804,6.77065815264961,10,NA,NA,NA
"real","KGZ_NIC",-2.39208033795721,9.24669743012961,8,NA,NA,NA
"real","KGZ_UGA",-1.48390935375918,7.06319139754961,13,NA,NA,NA
"real","KHM_AGO",-0.37249122232866,1.31607300243487,18,NA,NA,NA
"real","KHM_ALB",-0.923731264673135,1.88547292667156,18,NA,NA,NA
"real","KHM_BLZ",-1.72878760377427,8.3935924201581,16,NA,NA,NA
"real","KHM_GTM",-1.09324872115077,6.35839910981635,17,NA,NA,NA
"real","KHM_IRQ",-1.42603149753924,4.69612620270409,14,NA,NA,NA
"real","KHM_MDG",-1.13339984680504,6.19907280745113,17,NA,NA,NA
"real","KHM_MWI",-0.400201940851645,2.69070503807859,12,NA,NA,NA
"real","KHM_NER",-0.215343727063854,0.319181105323698,15,NA,NA,NA
"real","KHM_SLE",-0.340295067643464,1.72408836755763,13,NA,NA,NA
"real","KHM_SOM",0.00829997281371342,4.5842210715896,8,NA,NA,NA
"real","KHM_SYR",-3.09136230682714,10.8782939724299,11,NA,NA,NA
"real","KHM_VCT",-0.53972481994651,1.4653440967741,16,NA,NA,NA
"real","KIR_IDN",-3.69958900518404,18.4847833083894,15,NA,NA,NA
"real","KNA_ALB",-2.03130643810254,4.58049536436838,12,NA,NA,NA
"real","KOR_BVT",0.149681014364062,3.66389165979467,9,NA,NA,NA
"real","KOR_TLS",-0.173932422151802,0.345001820706508,18,NA,NA,NA
"real","KWT_TJK",-4.07982551063048,16.2697225057585,9,NA,NA,NA
"real","LAO_ARE",-2.32680069754485,7.48297939448496,14,NA,NA,NA
"real","LBN_ASM",-0.841999863230217,3.82630086648763,9,NA,NA,NA
"real","LBN_BHS",-1.59496438889689,5.24570705273324,13,NA,NA,NA
"real","LBN_BWA",-1.30181208982877,5.75951336530167,18,NA,NA,NA
"real","LBR_ARE",-1.27332990074632,7.8874402625523,11,NA,NA,NA
"real","LBR_PHL",-3.80738148997945,10.6170943741511,15,NA,NA,NA
"real","LBR_TZA",-2.62868941729188,16.0399025435088,17,NA,NA,NA
"real","LBY_DOM",-1.40548669264216,3.61576807954811,16,NA,NA,NA
"real","LBY_GEO",-3.07833449712381,5.43229610734097,11,NA,NA,NA
"real","LBY_RUS",-2.00003894580366,6.33235236096735,18,NA,NA,NA
"real","LCA_VNM",-0.021964556084844,0.456709725680671,8,NA,NA,NA
"real","LKA_NAM",-1.10501610273817,4.04725220115426,18,NA,NA,NA
"real","LKA_TON",-0.592363720866644,3.64389809320598,10,NA,NA,NA
"real","LSO_DOM",-1.1746227242402,5.49190290659696,15,NA,NA,NA
"real","LSO_HND",-0.767105873589449,1.69199259095123,11,NA,NA,NA
"real","LSO_MYS",-0.77701950994992,1.95979252882379,14,NA,NA,NA
"real","LSO_SLV",-1.19834894653876,4.91977062243092,13,NA,NA,NA
"real","LTU_GMB",-0.494679140898024,0.727370718338751,18,NA,NA,NA
"real","LTU_GNQ",-0.911823380243702,2.60610921953502,16,NA,NA,NA
"real","LTU_LBY",-1.64847300206748,5.5383755357829,18,NA,NA,NA
"real","LTU_MWI",-1.30243324121675,6.43367243182611,13,NA,NA,NA
"real","LTU_PRY",-1.52712569025354,2.8306823257411,18,NA,NA,NA
"real","LUX_MNG",-1.26976551227042,2.43962072725744,18,NA,NA,NA
"real","LVA_BFA",-1.77342239941973,7.04674235401638,14,NA,NA,NA
"real","LVA_COM",-0.804316537126,3.72606851577995,11,NA,NA,NA
"real","LVA_LBY",-0.937504513876928,3.1729534372607,18,NA,NA,NA
"real","LVA_MOZ",-2.93005714636442,7.6528969595987,13,NA,NA,NA
"real","LVA_NPL",-1.06382697321782,2.71513949172786,18,NA,NA,NA
"real","MAC_NAM",-3.77568576365394,11.1173822509572,10,NA,NA,NA
"real","MDA_BHR",-1.11267026522547,3.38615192003927,15,NA,NA,NA
"real","MDA_FRO",-0.913820368150534,1.4511863092502,8,NA,NA,NA
"real","MDA_SWZ",-1.19031336193129,6.63119986862077,12,NA,NA,NA
"real","MDG_MNG",-1.70962368254485,6.91163080308723,10,NA,NA,NA
"real","MDG_TCD",-1.61363612106027,6.33487202181122,11,NA,NA,NA
"real","MDG_UKR",-0.136828081034522,0.65659459755745,18,NA,NA,NA
"real","MHL_BEL",-6.41333736893734,21.4610530585279,14,NA,NA,NA
"real","MHL_DNK",-5.02277714229296,25.718980653799,14,NA,NA,NA
"real","MHL_ECU",-3.88457313744879,12.7322522139128,13,NA,NA,NA
"real","MHL_HKG",-0.7429618742218,4.36332034524936,17,NA,NA,NA
"real","MHL_LVA",-1.09574229081739,4.27477494133375,12,NA,NA,NA
"real","MHL_NIC",-4.9233156611071,14.4450062297566,8,NA,NA,NA
"real","MHL_RUS",-1.23534121376456,7.11746967077197,18,NA,NA,NA
"real","MHL_TUR",-1.53629131202852,9.22904189215694,15,NA,NA,NA
"real","MHL_VNM",-1.08147140540453,3.03988876822088,10,NA,NA,NA
"real","MLI_FJI",-0.805119556780048,7.08001866240017,14,NA,NA,NA
"real","MLI_HND",-2.46722259185595,13.4995130298219,16,NA,NA,NA
"real","MLI_IRN",-1.12437408023957,4.7316194182233,8,NA,NA,NA
"real","MLI_KAZ",-1.4085733453268,4.48837791692122,13,NA,NA,NA
"real","MLT_BDI",-1.63479966832585,6.70563278195884,10,NA,NA,NA
"real","MLT_BWA",-2.04596997907245,24.7831748342229,11,NA,NA,NA
"real","MLT_ERI",-1.10451634918454,4.62279906114258,12,NA,NA,NA
"real","MMR_DOM",-0.746928212153993,2.50173030017513,18,NA,NA,NA
"real","MMR_MDA",-0.301030092189976,0.883942668628094,18,NA,NA,NA
"real","MNG_BHR",-1.32316799492513,2.12782650598418,12,NA,NA,NA
"real","MNG_LTU",-2.79663507758599,9.03539551294646,16,NA,NA,NA
"real","MNG_NIC",-1.24675046642315,7.377270568224,9,NA,NA,NA
"real","MNG_TZA",-2.07892650180214,11.1992872661897,14,NA,NA,NA
"real","MNP_HKG",-0.350778140477612,2.22018489295438,18,NA,NA,NA
"real","MNP_MOZ",-3.04063407194213,9.1173989662222,11,NA,NA,NA
"real","MNP_NIC",-1.50040395210287,2.51760933791208,11,NA,NA,NA
"real","MNP_TUR",-1.30026633399686,4.50774182359348,18,NA,NA,NA
"real","MOZ_BHR",-2.63588316276469,8.12154040208351,17,NA,NA,NA
"real","MOZ_BHS",-3.67283515152364,12.4395269184891,12,NA,NA,NA
"real","MOZ_FJI",-0.966709710291217,5.77500814357412,18,NA,NA,NA
"real","MOZ_TCD",-1.4097528074521,6.88444489218035,10,NA,NA,NA
"real","MRT_JOR",-0.844758495852509,4.7340226979453,17,NA,NA,NA
"real","MRT_MDG",-1.56447920441761,4.23248290206737,13,NA,NA,NA
"real","MRT_ZMB",-2.43382853377595,7.62731537853562,12,NA,NA,NA
"real","MSR_HND",-1.96613557603571,7.94333215667184,8,NA,NA,NA
"real","MSR_RUS",-0.928707996810263,4.637364967593,16,NA,NA,NA
"real","MSR_TUR",-2.46022702879376,5.78288578727898,11,NA,NA,NA
"real","MUS_AZE",-1.32301669021852,5.74673448514814,14,NA,NA,NA
"real","MUS_CPV",-1.12367091372907,2.33226965813843,10,NA,NA,NA
"real","MUS_WSM",-1.77869638108606,11.4193465496654,12,NA,NA,NA
"real","MYS_TLS",-0.864319694487938,1.67728329613703,18,NA,NA,NA
"real","MYS_UMI",-0.725641489263659,6.01527059030003,15,NA,NA,NA
"real","MYT_CHE",-1.50913733720106,6.1949037328205,8,NA,NA,NA
"real","MYT_HRV",-0.955623255173384,2.05358168855908,11,NA,NA,NA
"real","MYT_THA",-2.06003861728936,14.3741818856118,9,NA,NA,NA
"real","NAM_ATA",-0.905028101534577,3.52414907855744,13,NA,NA,NA
"real","NAM_BOL",-1.57998949601631,5.0413229865484,14,NA,NA,NA
"real","NAM_ECU",-2.86749602767816,16.6504478920937,13,NA,NA,NA
"real","NAM_FJI",-0.611483402472854,2.40272180790444,18,NA,NA,NA
"real","NAM_KAZ",-0.554673453970871,1.3648736015507,14,NA,NA,NA
"real","NAM_LCA",-0.823716708283454,3.58301267504843,13,NA,NA,NA
"real","NAM_MNG",-1.22549553381813,4.82710965989311,9,NA,NA,NA
"real","NAM_VGB",-2.24071070159728,5.79205481050101,11,NA,NA,NA
"real","NCL_CIV",-0.949836706963166,2.46532157999159,14,NA,NA,NA
"real","NCL_DOM",-1.94463167962894,5.46238337299647,17,NA,NA,NA
"real","NCL_MAR",-1.81294202597066,9.31601024532322,13,NA,NA,NA
"real","NCL_MKD",-4.95221296281689,17.5518298025713,9,NA,NA,NA
"real","NCL_MYT",-0.916727175288213,2.03231782835776,8,NA,NA,NA
"real","NCL_SAU",-2.19766007825227,3.58961619407947,10,NA,NA,NA
"real","NER_AND",-1.0296004280199,2.64785803239638,11,NA,NA,NA
"real","NER_BWA",-2.74703536463659,12.3510838813946,14,NA,NA,NA
"real","NER_NIC",-3.74013635481943,8.03143719277985,11,NA,NA,NA
"real","NER_SYC",-0.744347868003218,2.78922450944756,10,NA,NA,NA
"real","NER_VEN",-1.65120062852388,6.77482162430866,12,NA,NA,NA
"real","NFK_FJI",-2.16255007696667,4.8493402409451,11,NA,NA,NA
"real","NFK_MOZ",-1.63362035926191,5.10803701194617,8,NA,NA,NA
"real","NGA_SYC",-1.17273270196926,3.59603907464377,14,NA,NA,NA
"real","NIC_KHM",-1.02020158940741,5.75174763478143,15,NA,NA,NA
"real","NLD_CXR",-1.33791767650215,3.582667135688,11,NA,NA,NA
"real","NLD_NFK",-4.37357375765815,6.05608697342509,12,NA,NA,NA
"real","NLD_TLS",-0.563583037389906,1.25469393936648,18,NA,NA,NA
"real","NOR_TLS",-1.63563923914169,6.43998480396567,16,NA,NA,NA
"real","NPL_DOM",-1.56939585214784,4.0479678493891,15,NA,NA,NA
"real","NPL_NAM",-1.78959015827233,4.94914934911389,11,NA,NA,NA
"real","NPL_SEN",-1.58162490144427,4.40713441531537,8,NA,NA,NA
"real","NPL_ZMB",-1.79668723285376,5.61365414923199,12,NA,NA,NA
"real","NRU_BHR",-0.373223350245151,1.47559461733286,11,NA,NA,NA
"real","NZL_TLS",-0.684446366474774,1.37268755232172,18,NA,NA,NA
"real","OMN_BWA",-1.78184438632154,8.67876209452936,16,NA,NA,NA
"real","OMN_NAM",-2.13096954417463,7.31573668406074,10,NA,NA,NA
"real","PAK_MSR",-2.23797313168337,4.2205078814161,12,NA,NA,NA
"real","PAN_FJI",-2.56024963573176,8.79052899679059,15,NA,NA,NA
"real","PCN_FJI",-2.64711367444303,9.21609384391409,8,NA,NA,NA
"real","PCN_TWN",-0.582663485654985,7.9042537971298,12,NA,NA,NA
"real","PCN_VEN",-1.58085181443899,6.59083954052984,9,NA,NA,NA
"real","PER_MRT",-0.166852776234856,1.67747828725101,18,NA,NA,NA
"real","PER_UMI",-0.187971218584571,1.97667482400873,8,NA,NA,NA
"real","PHL_ARM",-0.986820437791081,5.95383631125068,17,NA,NA,NA
"real","PHL_GMB",-0.441759788716806,1.11223984551193,15,NA,NA,NA
"real","PHL_MNP",-0.844975385575937,5.7553661462752,11,NA,NA,NA
"real","PHL_TJK",-0.407381040805026,2.44062335988985,17,NA,NA,NA
"real","PHL_TKM",-1.0690777489795,2.85460867554683,13,NA,NA,NA
"real","PHL_TLS",-2.48699517842108,3.55952631169213,18,NA,NA,NA
"real","PLW_CZE",-0.584404743958268,1.20552556548306,12,NA,NA,NA
"real","PLW_SVK",-2.23104994129714,5.72208122620926,10,NA,NA,NA
"real","PNG_SEN",-1.82690077195004,5.71438539982126,11,NA,NA,NA
"real","POL_ASM",-0.977699318968127,3.41471811143917,12,NA,NA,NA
"real","POL_TLS",-2.61500232505726,13.7455791242766,13,NA,NA,NA
"real","PRK_BWA",-2.99297319157569,17.393715190129,10,NA,NA,NA
"real","PRK_FJI",-1.01197355128361,4.08817671726588,18,NA,NA,NA
"real","PRK_WSM",-0.434887173569707,2.30185297298401,18,NA,NA,NA
"real","PRT_TLS",-0.0605558811852732,0.244175507432163,18,NA,NA,NA
"real","PRY_CMR",-0.678987615334676,3.30544832598205,12,NA,NA,NA
"real","PRY_HTI",-1.17639798208266,4.00981768730887,11,NA,NA,NA
"real","PRY_NAM",-0.011100713247238,1.64600254996716,10,NA,NA,NA
"real","PRY_NCL",-0.188624892269413,0.769620124268158,14,NA,NA,NA
"real","PSE_MYS",-1.27994663462681,3.49819524413218,15,NA,NA,NA
"real","PYF_DOM",-1.3793476818246,2.98051680270873,17,NA,NA,NA
"real","PYF_PAN",0.0125291260113768,0.618716963219632,11,NA,NA,NA
"real","PYF_VNM",-0.554931043207707,1.45712972141123,17,NA,NA,NA
"real","QAT_ALB",-0.440568947114065,1.37925540030257,10,NA,NA,NA
"real","QAT_AND",-1.16000350641699,4.84858476883335,10,NA,NA,NA
"real","QAT_COG",-0.0780222361768127,2.96196533381309,15,NA,NA,NA
"real","QAT_ISR",-0.290829628564705,1.59843844654476,12,NA,NA,NA
"real","QAT_MWI",-0.385529313559518,3.41093550546868,18,NA,NA,NA
"real","RUS_BTN",-3.18744379363138,25.7787461171582,10,NA,NA,NA
"real","RUS_FJI",-2.50586051817466,8.37450950054485,16,NA,NA,NA
"real","RUS_IOT",-2.21741859443293,6.52362207836461,9,NA,NA,NA
"real","RUS_TLS",-1.03939027459155,6.98369200578534,9,NA,NA,NA
"real","RWA_ARG",-5.41476795413324,20.6695404082022,9,NA,NA,NA
"real","RWA_MAR",-0.126231226143538,0.77663838287764,16,NA,NA,NA
"real","RWA_MOZ",-0.785107440412244,2.23427635177657,13,NA,NA,NA
"real","RWA_TCD",-1.26565480843456,2.7153315505491,12,NA,NA,NA
"real","SDN_FJI",-0.296979207022893,2.65670999788564,15,NA,NA,NA
"real","SDN_SUR",-0.679032010507126,3.25364598789926,9,NA,NA,NA
"real","SEN_HND",-2.48737807040122,8.64924947929482,17,NA,NA,NA
"real","SEN_KAZ",-0.912005467776595,2.54686304442481,17,NA,NA,NA
"real","SEN_UKR",-1.88128655282844,6.47049196969809,18,NA,NA,NA
"real","SGP_TLS",-0.0864004054607211,0.180196054143207,12,NA,NA,NA
"real","SGS_DOM",-1.83103896150106,6.45806941795644,9,NA,NA,NA
"real","SGS_TUR",-1.22004337021662,3.68138273296718,14,NA,NA,NA
"real","SHN_FJI",-1.04193721080733,2.57399817559125,18,NA,NA,NA
"real","SLB_BHR",-2.00750679807557,7.05950984642281,10,NA,NA,NA
"real","SLB_UKR",-1.69573706521139,5.45585740409514,9,NA,NA,NA
"real","SLE_ARE",-1.19376411133112,5.73387867322591,12,NA,NA,NA
"real","SLE_BLR",-3.42525328518992,7.0399113014345,12,NA,NA,NA
"real","SLE_ECU",-0.372337042744276,2.46674284713585,12,NA,NA,NA
"real","SLE_FJI",-2.6173930252295,7.17337017488317,13,NA,NA,NA
"real","SLE_NAM",-2.06516120236996,8.95825375165038,9,NA,NA,NA
"real","SLE_QAT",-0.462120490891744,2.23613785846702,8,NA,NA,NA
"real","SLE_VEN",-2.03231484374924,6.18887150869103,8,NA,NA,NA
"real","SLV_SEN",-1.20946677602571,4.07573400219119,11,NA,NA,NA
"real","SMR_NIC",-2.27489762561132,12.7520383958956,8,NA,NA,NA
"real","SMR_NZL",-0.974174754900086,3.59572100941231,15,NA,NA,NA
"real","SMR_PER",-0.454314491581353,2.65015267582306,15,NA,NA,NA
"real","SOM_BEL",-3.23093682367786,9.59804591610947,12,NA,NA,NA
"real","SUR_MLI",-1.47109978867952,4.41394774457268,11,NA,NA,NA
"real","SUR_PAK",-0.679821154208395,1.95567020635711,17,NA,NA,NA
"real","SVK_SWZ",-2.78717885702766,11.1481395259495,10,NA,NA,NA
"real","SVN_CPV",-1.56057956811762,6.23594373094816,14,NA,NA,NA
"real","SVN_NAM",-0.817638038300819,3.6791353916409,13,NA,NA,NA
"real","SWZ_AND",-1.36204366538052,8.15488579330584,11,NA,NA,NA
"real","SWZ_BHR",-3.5923490706959,17.7487612736471,8,NA,NA,NA
"real","SWZ_BLR",-0.504489835699936,2.19870951980659,14,NA,NA,NA
"real","SWZ_ECU",-0.903330298995762,4.24487046133034,17,NA,NA,NA
"real","SWZ_FJI",-1.02273096368711,2.79772972696569,18,NA,NA,NA
"real","SWZ_MRT",-1.8003720273981,13.5465341556463,14,NA,NA,NA
"real","SWZ_NIC",-0.54427001527699,2.02142415117684,18,NA,NA,NA
"real","SYC_FJI",-1.47685771190465,4.89128979434267,11,NA,NA,NA
"real","SYC_GTM",-3.10355243599758,8.68727596141527,14,NA,NA,NA
"real","SYR_SLE",-0.25955786049771,0.942640507736671,9,NA,NA,NA
"real","SYR_SLV",-1.80204623618848,8.06052557635824,13,NA,NA,NA
"real","TCD_ARE",-1.97713403785926,9.67699918949898,13,NA,NA,NA
"real","TGO_NCL",-0.302331227388108,1.78307169946915,11,NA,NA,NA
"real","THA_TLS",-0.300036237656867,0.544530295755954,18,NA,NA,NA
"real","TJK_BHR",-2.18222866405954,9.91091121221458,8,NA,NA,NA
"real","TJK_KWT",-1.72276504637934,3.80356971204058,14,NA,NA,NA
"real","TKL_BEL",-0.707839636850341,2.70832113762324,13,NA,NA,NA
"real","TKL_BGD",-0.66680320345636,1.81243251346697,13,NA,NA,NA
"real","TKL_DOM",-2.73495067166669,9.48915894673692,8,NA,NA,NA
"real","TKL_ECU",-0.537261546009596,2.43946772933755,10,NA,NA,NA
"real","TKL_HKG",-0.666419248925523,2.31085272099579,13,NA,NA,NA
"real","TKM_BHR",-1.06927199823766,6.98028616178484,12,NA,NA,NA
"real","TLS_AUS",-0.384632099414727,1.46045537914757,18,NA,NA,NA
"real","TLS_AUT",0.0634207431051298,2.83637992604053,10,NA,NA,NA
"real","TLS_BHR",0.181700564470123,2.78412478170786,8,NA,NA,NA
"real","TLS_CAN",-0.0457780906494902,1.55483467516696,17,NA,NA,NA
"real","TLS_CHE",-1.05358770318694,15.0824960480523,10,NA,NA,NA
"real","TLS_CIV",-1.64287423518903,9.09895147123574,9,NA,NA,NA
"real","TLS_CPV",-2.89654269712215,11.2966889421895,10,NA,NA,NA
"real","TLS_DEU",-1.79976050178672,6.87794787818619,13,NA,NA,NA
"real","TLS_DNK",-1.12747502097598,3.34094583439207,16,NA,NA,NA
"real","TLS_FIN",-1.81279628289774,4.71370914085068,11,NA,NA,NA
"real","TLS_FJI",-2.44012614109112,6.99013189853275,13,NA,NA,NA
"real","TLS_FRA",0.0141082440237685,2.74792209170456,18,NA,NA,NA
"real","TLS_GBR",-0.34018837151239,3.60619520368463,18,NA,NA,NA
"real","TLS_IDN",-0.0256264545972686,2.52203045003959,18,NA,NA,NA
"real","TLS_ITA",-1.89392895141866,5.12913464898536,10,NA,NA,NA
"real","TLS_JPN",-1.02248734748384,3.0939227894909,18,NA,NA,NA
"real","TLS_MOZ",-0.18683629715987,4.39762666552937,15,NA,NA,NA
"real","TLS_MYS",-0.1994036349621,1.7663649159885,18,NA,NA,NA
"real","TLS_NGA",-2.51293244825236,11.4320958148921,9,NA,NA,NA
"real","TLS_PRT",-1.28963529943619,7.39790104508872,18,NA,NA,NA
"real","TLS_RUS",-0.50773268942447,6.73930825602396,18,NA,NA,NA
"real","TLS_SEN",-0.615297646293714,2.59685486005723,15,NA,NA,NA
"real","TLS_SGP",-1.49025491460701,4.95628568429851,12,NA,NA,NA
"real","TLS_SVN",-0.450375763632219,3.62282170761944,16,NA,NA,NA
"real","TLS_SWE",-3.37747413548116,12.2696243834847,13,NA,NA,NA
"real","TLS_THA",-4.30879754682415,8.97068026594882,18,NA,NA,NA
"real","TLS_TWN",-0.413785133209816,3.1178964964474,16,NA,NA,NA
"real","TLS_VNM",-0.775236173269662,6.21888647075679,12,NA,NA,NA
"real","TLS_ZAF",-0.208129195471323,4.56423298248613,18,NA,NA,NA
"real","TTO_UMI",-4.27387081628148,9.29427119096837,8,NA,NA,NA
"real","TUN_BWA",-0.239962558911086,1.84578794688492,14,NA,NA,NA
"real","TUN_LSO",-1.32491636031473,9.20420053778633,11,NA,NA,NA
"real","TUN_SLV",-0.343125913511402,0.878549417912347,13,NA,NA,NA
"real","TUN_SYC",-1.86580533085146,6.36811103322413,13,NA,NA,NA
"real","TUR_ASM",-1.41610835747773,3.53451966952499,18,NA,NA,NA
"real","TUR_COK",-0.784872982970857,4.01133808601182,17,NA,NA,NA
"real","TUR_MHL",-0.0306997792991885,0.976608232031944,18,NA,NA,NA
"real","TUR_MNP",-1.94746406001555,6.43979979334698,12,NA,NA,NA
"real","TUR_SGS",0.791767946148046,2.94221324992505,9,NA,NA,NA
"real","TUV_MEX",0.835052710856999,4.25530137673231,11,NA,NA,NA
"real","TUV_ZAF",-0.358348477461235,9.27165884064926,15,NA,NA,NA
"real","TWN_FLK",-0.828727934428714,2.71903413566485,11,NA,NA,NA
"real","TWN_TLS",-2.37610192207229,5.64528009951602,17,NA,NA,NA
"real","TZA_AFG",-2.20643774055951,13.4225140625919,9,NA,NA,NA
"real","TZA_AZE",-1.61138109012967,8.66183230298531,15,NA,NA,NA
"real","UKR_BWA",-1.72963238282837,6.63726514119663,18,NA,NA,NA
"real","UMI_BWA",-1.59470941980911,4.95522637279631,10,NA,NA,NA
"real","UMI_DOM",-3.51090677026031,11.0052489167962,8,NA,NA,NA
"real","UMI_FJI",-0.994971623521214,4.64246451997831,9,NA,NA,NA
"real","UMI_HRV",-0.76709743500188,4.8099095614331,9,NA,NA,NA
"real","URY_MDV",-1.29197960952506,3.31987661914542,15,NA,NA,NA
"real","URY_MYT",-1.52263129590739,10.2878480413256,10,NA,NA,NA
"real","URY_NPL",-1.9713444097447,5.81369052352851,11,NA,NA,NA
"real","URY_SYC",-0.894960456515361,5.20233029032415,14,NA,NA,NA
"real","USA_TLS",-0.298638173780097,1.32309182799808,18,NA,NA,NA
"real","UZB_ARE",-1.61356809239077,1.77986466202367,13,NA,NA,NA
"real","UZB_BHR",-1.15936617613461,2.34981531200284,14,NA,NA,NA
"real","UZB_MUS",-2.04768062673577,8.57229551002968,8,NA,NA,NA
"real","UZB_NIC",-1.17345468413074,6.31390689511697,9,NA,NA,NA
"real","UZB_VEN",-1.7921742868724,8.9357399044963,12,NA,NA,NA
"real","VAT_BOL",-2.24261450256599,7.39575336148315,11,NA,NA,NA
"real","VAT_GUY",-0.978176010568553,6.73204495500655,10,NA,NA,NA
"real","VAT_MYS",-0.512870082972178,2.6185415752862,11,NA,NA,NA
"real","VAT_PER",-1.54993395558172,6.08117638333239,10,NA,NA,NA
"real","VAT_SWE",-0.631067186156727,2.72170677687747,9,NA,NA,NA
"real","VCT_RUS",-2.00280610203489,9.27227886163997,17,NA,NA,NA
"real","VEN_ARM",-1.47065255618684,7.69132362684685,11,NA,NA,NA
"real","VEN_BIH",-0.327694908195339,2.12751369749508,17,NA,NA,NA
"real","VEN_FJI",-1.40204980394641,5.93261250863559,9,NA,NA,NA
"real","VEN_FRO",-4.20499291913065,11.0868077559256,8,NA,NA,NA
"real","VEN_MRT",-1.79000154409249,6.41881834415995,10,NA,NA,NA
"real","VGB_FJI",-1.19282940036573,3.02634421649781,12,NA,NA,NA
"real","VGB_NAM",-3.01207746443642,6.47682362310339,17,NA,NA,NA
"real","VGB_SLV",-1.73365054928208,7.59448118795974,17,NA,NA,NA
"real","VNM_TLS",0.0914945723819085,0.792978098192863,15,NA,NA,NA
"real","VUT_MUS",-2.0404746784073,9.97912733480999,10,NA,NA,NA
"real","VUT_VNM",-0.884588207979877,5.75247847117072,10,NA,NA,NA
"real","WSM_ASM",-0.173574190876223,0.456369827759223,18,NA,NA,NA
"real","YEM_AZE",-0.889370055191387,4.03686851459345,10,NA,NA,NA
"real","YEM_KNA",-0.995838153565416,3.16733533054984,10,NA,NA,NA
"real","YEM_SEN",-1.53959553797309,3.38372827181318,12,NA,NA,NA
"real","ZAF_TLS",-1.13985208489008,3.58292166991719,18,NA,NA,NA
"real","ZAF_TUV",-0.299098758509253,4.46457134533111,16,NA,NA,NA
"real","ZAF_VAT",-1.71572092114653,9.55614525607616,9,NA,NA,NA
"real","ZMB_LVA",-1.69272174897658,7.93764890502866,9,NA,NA,NA
"real","ZWE_BIH",-0.257704225071442,1.55634360414067,18,NA,NA,NA
"real","ZWE_MDA",-1.00471062503124,2.42656989594452,15,NA,NA,NA
"real","ABW_ARG",-3.38280608229843,20.4966096745531,12,NA,NA,NA
"real","ABW_GHA",-1.79754895177773,15.962135180658,10,NA,NA,NA
"real","AGO_MRT",-1.12937071544087,6.37993336300364,15,NA,NA,NA
"real","AIA_LKA",-2.17135122516406,9.09991525436823,9,NA,NA,NA
"real","AIA_NGA",-1.39773607723814,2.84262764059307,12,NA,NA,NA
"real","ALB_AZE",-1.48387529879602,7.19591150353673,11,NA,NA,NA
"real","ALB_CPV",-0.674605548134537,9.44899961631788,10,NA,NA,NA
"real","ALB_LBY",-1.00831058483621,6.39966588400271,8,NA,NA,NA
"real","ALB_PAK",-0.980100250925167,7.54147503787855,15,NA,NA,NA
"real","AND_AGO",-2.06862718942973,8.59162321526376,15,NA,NA,NA
"real","AND_BIH",-0.258158256970741,3.19236892042367,17,NA,NA,NA
"real","AND_CPV",-0.734035100976127,5.14346662967397,13,NA,NA,NA
"real","AND_NER",-1.03765318425846,7.12584144131224,13,NA,NA,NA
"real","AND_NPL",-2.3226155849641,5.69597613620976,11,NA,NA,NA
"real","ARE_BIH",-0.186494581151939,1.24074550128104,17,NA,NA,NA
"real","ARE_COD",-2.71844280558055,16.9012357856624,12,NA,NA,NA
"real","ARG_ABW",-0.0279799891009489,0.919443498790599,17,NA,NA,NA
"real","ARM_BLZ",-0.886855408163872,6.16326915869373,14,NA,NA,NA
"real","ARM_CMR",-0.573983777456978,2.39957762018599,9,NA,NA,NA
"real","ARM_DOM",-0.903025163424658,3.74012320588902,13,NA,NA,NA
"real","ARM_GHA",-1.42374551657719,3.80843718904715,13,NA,NA,NA
"real","ARM_KEN",-1.43411585289684,4.02091910426477,15,NA,NA,NA
"real","ASM_DNK",-0.87750713519288,3.51301066470726,17,NA,NA,NA
"real","ASM_ITA",-0.247996788778219,1.14762554025325,17,NA,NA,NA
"real","ASM_KEN",-0.705538598723331,3.05246189784086,13,NA,NA,NA
"real","ATA_LBN",-1.84505193232732,13.0075273818419,9,NA,NA,NA
"real","ATA_TZA",-1.00971335096785,9.20566376308944,10,NA,NA,NA
"real","ATF_GHA",-2.69507034332856,12.1184546811354,8,NA,NA,NA
"real","ATF_SGP",-0.521853507588026,8.05172481699671,12,NA,NA,NA
"real","ATG_ALB",-0.430606373291284,6.88502715829559,11,NA,NA,NA
"real","ATG_BIH",-0.246279937116144,7.69333731593419,14,NA,NA,NA
"real","ATG_IND",-1.4077712688276,3.53538287929029,16,NA,NA,NA
"real","ATG_MAR",-1.69908979237101,12.7047100658118,8,NA,NA,NA
"real","AUS_ATA",0.156143677178205,0.464202573262598,17,NA,NA,NA
"real","AZE_BFA",-1.32210343011515,7.87598529178033,8,NA,NA,NA
"real","AZE_GAB",-0.299957777362262,4.28650541154034,15,NA,NA,NA
"real","AZE_GIN",-1.87193260461431,11.0573368746036,10,NA,NA,NA
"real","AZE_LBY",-3.11064192890879,19.8369412222445,14,NA,NA,NA
"real","AZE_SYC",-4.16682658662854,20.1490953789066,11,NA,NA,NA
"real","AZE_UGA",-1.91513947382579,10.0496973517689,11,NA,NA,NA
"real","BDI_HKG",-1.20992007579904,4.68615052476785,17,NA,NA,NA
"real","BEN_BIH",-1.91024880162154,7.80818232868249,13,NA,NA,NA
"real","BGD_SUR",-0.311652667661584,1.3102007842692,16,NA,NA,NA
"real","BGD_TLS",-0.992036568762112,3.81441944413309,13,NA,NA,NA
"real","BGD_UZB",-0.34086837591596,0.470780775874991,15,NA,NA,NA
"real","BHR_BIH",-1.70208136496787,3.49612425458581,16,NA,NA,NA
"real","BHR_LBR",-0.39364840745429,1.76287204951874,16,NA,NA,NA
"real","BHR_MYT",-0.944319012024834,5.16201225363092,8,NA,NA,NA
"real","BHS_BIH",-0.780098876855967,4.02847646323111,13,NA,NA,NA
"real","BHS_MNG",-0.721297307525221,2.54711622207875,9,NA,NA,NA
"real","BIH_AFG",-1.85682272803528,4.1528186778769,17,NA,NA,NA
"real","BIH_CIV",-1.28402312536468,4.07790018898165,17,NA,NA,NA
"real","BIH_COG",-0.825411272496994,3.56766945496662,16,NA,NA,NA
"real","BIH_ETH",-0.80043184266974,6.6067158081118,17,NA,NA,NA
"real","BIH_GHA",-1.35441762682774,3.82757509863929,16,NA,NA,NA
"real","BIH_GIB",-1.04602657428147,6.04033474052788,10,NA,NA,NA
"real","BIH_GRL",-0.895791314408548,3.14001414508944,14,NA,NA,NA
"real","BIH_HTI",-1.74065896280711,8.3936791264752,12,NA,NA,NA
"real","BIH_IRQ",-0.690991658798975,1.62804156991923,17,NA,NA,NA
"real","BIH_KGZ",-1.56285555591664,3.10501378885373,17,NA,NA,NA
"real","BIH_LBY",-0.35538292939705,1.23863582925902,17,NA,NA,NA
"real","BIH_NIC",-0.506430309465249,1.31749876818616,16,NA,NA,NA
"real","BIH_NPL",-1.49900065840749,3.35974665396955,14,NA,NA,NA
"real","BIH_SDN",-0.91173167758934,3.27689776632999,17,NA,NA,NA
"real","BIH_SLE",-0.811009171693085,4.07612683695266,16,NA,NA,NA
"real","BIH_SUR",-0.379572155723188,1.25165192032149,15,NA,NA,NA
"real","BIH_SWZ",-1.3062970762492,4.28200166453688,16,NA,NA,NA
"real","BIH_SYC",-0.824255212839133,2.89654159924897,16,NA,NA,NA
"real","BIH_SYR",-0.583397538641123,0.985941669470799,16,NA,NA,NA
"real","BIH_THA",-2.00441555630375,11.3757193587982,17,NA,NA,NA
"real","BIH_UZB",0.168009518335778,1.07064150149163,8,NA,NA,NA
"real","BIH_YEM",-0.317300899378893,1.09255363370357,17,NA,NA,NA
"real","BLR_GMB",-2.32228946967968,8.71960570229739,8,NA,NA,NA
"real","BLR_MOZ",-1.10691369585841,3.27405958154811,16,NA,NA,NA
"real","BLR_QAT",-1.23923430601713,4.15577000470707,15,NA,NA,NA
"real","BLR_VCT",-7.2551684628598,44.5286916905813,8,NA,NA,NA
"real","BLZ_AZE",-1.61525847220891,5.62321548888981,15,NA,NA,NA
"real","BLZ_BLR",-3.13558067680522,12.5970893268525,11,NA,NA,NA
"real","BLZ_PRY",-3.19670654875869,15.8487684447184,12,NA,NA,NA
"real","BMU_BIH",-2.07740840620051,12.1027442218361,8,NA,NA,NA
"real","BMU_KAZ",-1.07935242592484,3.05093628770306,14,NA,NA,NA
"real","BMU_KEN",-3.07323864410987,15.062832313827,10,NA,NA,NA
"real","BMU_PAK",-3.32836647110222,10.2919418242311,17,NA,NA,NA
"real","BOL_BIH",-0.21063717218115,0.735392862222396,17,NA,NA,NA
"real","BRA_ERI",-1.16818441710902,5.4454570786583,17,NA,NA,NA
"real","BRA_TJK",-0.262657608407328,0.795698508912382,17,NA,NA,NA
"real","BRB_BWA",-1.48654273835336,5.1968994942937,8,NA,NA,NA
"real","BRB_GRL",-0.38021539227945,1.34715805172677,13,NA,NA,NA
"real","BRB_SYC",-1.26671860005306,3.10204130590968,12,NA,NA,NA
"real","BRB_VNM",-0.254415270555373,0.619626228075635,15,NA,NA,NA
"real","BRN_IRQ",-0.899838275815249,7.69339644212714,8,NA,NA,NA
"real","BRN_KEN",-2.41021339137872,8.13136848525325,10,NA,NA,NA
"real","BRN_URY",-2.56909505093575,5.27821861677449,8,NA,NA,NA
"real","BRN_WSM",-0.945359553932011,4.51420546360114,10,NA,NA,NA
"real","BVT_CRI",0.614664089994573,10.5779249805565,11,NA,NA,NA
"real","BVT_CZE",-0.288870269993819,9.09085475232313,14,NA,NA,NA
"real","BVT_NLD",-0.508073206038958,12.9119971339269,15,NA,NA,NA
"real","BWA_ATG",-1.26071662432207,4.37396505558342,11,NA,NA,NA
"real","BWA_BIH",-1.00296794190199,11.2544771911179,13,NA,NA,NA
"real","BWA_ERI",-1.25679309316886,8.1842597446302,12,NA,NA,NA
"real","BWA_GRD",-8.31671614873029,25.005704156895,9,NA,NA,NA
"real","BWA_MNG",-0.192975609034161,5.08526030653599,11,NA,NA,NA
"real","BWA_RWA",-0.794444597797384,5.02152418953656,17,NA,NA,NA
"real","BWA_TTO",-1.91118673128582,10.3068827534087,11,NA,NA,NA
"real","CAF_BIH",-1.68890128772122,5.13014514163674,17,NA,NA,NA
"real","CAF_KWT",-0.821453522112102,3.26613326969086,11,NA,NA,NA
"real","CAF_TZA",-3.47130141885079,12.7146339827513,11,NA,NA,NA
"real","CAF_YEM",-3.36397892989076,6.19901518766507,15,NA,NA,NA
"real","CAN_HMD",0.145057844247713,2.52199578921519,12,NA,NA,NA
"real","CCK_BIH",-1.13966925175767,8.94590960187948,12,NA,NA,NA
"real","CCK_GUY",-1.8917373279582,11.8756798932561,9,NA,NA,NA
"real","CCK_LKA",-3.32388040708314,10.4872747074686,10,NA,NA,NA
"real","CCK_LUX",-0.779139705287227,1.03914146819258,10,NA,NA,NA
"real","CHL_ATF",0.312493178213985,0.920051714306651,17,NA,NA,NA
"real","CHN_TLS",-0.55546268556107,0.964634581633497,17,NA,NA,NA
"real","CIV_BIH",-0.228799872056333,0.338691522186545,17,NA,NA,NA
"real","CMR_BIH",-0.115110265742458,0.589896805567922,17,NA,NA,NA
"real","CMR_BWA",-0.788355025565026,5.28426168502038,15,NA,NA,NA
"real","CMR_GEO",-1.74487520689729,8.2707150213956,12,NA,NA,NA
"real","CMR_MDA",-1.86657287782865,9.23069286985173,12,NA,NA,NA
"real","COG_BIH",-1.34160450813136,3.84006394861362,17,NA,NA,NA
"real","COG_VCT",-5.48476626209362,18.0397393569229,9,NA,NA,NA
"real","COK_BIH",-2.13997401455106,8.010132759612,16,NA,NA,NA
"real","COL_SWZ",-3.73217845657016,10.9146262390312,15,NA,NA,NA
"real","COM_CIV",-0.319802545540753,0.507892663475284,9,NA,NA,NA
"real","COM_DOM",-0.968867003163731,4.60250867934887,12,NA,NA,NA
"real","CPV_URY",-1.15862075266431,5.56211756465013,8,NA,NA,NA
"real","CRI_BIH",-0.279127663667553,1.09992980046257,17,NA,NA,NA
"real","CRI_MDV",-0.225995728234283,0.661768269596594,14,NA,NA,NA
"real","CRI_MOZ",-1.77223468666811,5.10328548142139,15,NA,NA,NA
"real","CRI_SYC",-1.39059280712632,4.29772007810575,13,NA,NA,NA
"real","CUB_BIH",-3.68113777709551,10.0292577876195,16,NA,NA,NA
"real","CUB_GRL",-0.363151936120461,0.830412098690843,14,NA,NA,NA
"real","CXR_BIH",-0.629943849330772,1.1391793390432,11,NA,NA,NA
"real","CXR_RUS",-1.62798096378005,5.32406413893897,8,NA,NA,NA
"real","CXR_TZA",-1.84876127003215,12.1997577936425,10,NA,NA,NA
"real","CYM_DOM",-3.09309236611659,9.33323394549636,16,NA,NA,NA
"real","CYM_ECU",-2.02097969006631,4.31751500984376,8,NA,NA,NA
"real","CYP_TLS",-0.881177192892806,1.65551673881242,11,NA,NA,NA
"real","CZE_GNQ",-1.04247807277031,2.42706101697124,17,NA,NA,NA
"real","DJI_GHA",-0.972153105230776,2.37281084522463,12,NA,NA,NA
"real","DJI_LUX",-1.24057631870705,4.27384415239014,11,NA,NA,NA
"real","DJI_NER",-0.594643531460412,3.71408625414727,9,NA,NA,NA
"real","DJI_TUN",0.127629941634101,0.922986713651089,13,NA,NA,NA
"real","DMA_KEN",-1.41960707599559,6.18649612400573,10,NA,NA,NA
"real","DMA_MNG",-0.753240573595799,3.12877688789306,10,NA,NA,NA
"real","DMA_PRY",-1.97535788697821,3.73635769758598,14,NA,NA,NA
"real","DOM_ALB",-0.924572128648869,2.93114441130416,15,NA,NA,NA
"real","DOM_IRN",-1.9393060944367,14.4541706612918,9,NA,NA,NA
"real","DOM_MNG",-1.94528167357039,4.31950935554988,14,NA,NA,NA
"real","DOM_MRT",-1.17432250483588,9.85182871861237,8,NA,NA,NA
"real","DOM_NPL",-0.575647014455371,1.71092531512503,12,NA,NA,NA
"real","DOM_SWZ",-0.898744277454752,3.96947446605583,15,NA,NA,NA
"real","DOM_ZWE",-0.117422939614036,2.4065521062276,8,NA,NA,NA
"real","DZA_BIH",-1.08029589276649,4.40450005547004,17,NA,NA,NA
"real","DZA_BLR",-1.79071489033472,6.90174470186363,15,NA,NA,NA
"real","DZA_COD",-0.787204321398481,1.54964136434131,12,NA,NA,NA
"real","DZA_NPL",-1.97243041598084,3.25241134978443,10,NA,NA,NA
"real","ECU_COG",-0.572689633651567,1.84350106976278,16,NA,NA,NA
"real","ECU_GNQ",-0.122549110985607,0.62105638149479,8,NA,NA,NA
"real","ECU_NPL",-1.45461648463063,7.19612455501554,13,NA,NA,NA
"real","ECU_TJK",-1.0228813081222,5.27810963056603,12,NA,NA,NA
"real","ERI_IND",-2.09568567619914,9.04707246800053,16,NA,NA,NA
"real","ERI_KWT",-0.39918719920547,7.48438473236488,11,NA,NA,NA
"real","ERI_MAR",-0.449333753558611,6.84246221157164,8,NA,NA,NA
"real","ERI_NZL",-1.13164939411182,10.2282523740241,17,NA,NA,NA
"real","ERI_PAK",0.0601071191878944,3.60588120668184,16,NA,NA,NA
"real","ERI_ROU",-2.0644896914265,12.443460340474,8,NA,NA,NA
"real","ESH_PAK",-0.931681801721175,7.67923158623228,11,NA,NA,NA
"real","ESH_THA",-1.06005678200353,5.10285072198356,11,NA,NA,NA
"real","EST_SWZ",-0.524255270314146,3.77312842994731,9,NA,NA,NA
"real","ETH_BIH",-0.103849984551972,0.153225865099118,17,NA,NA,NA
"real","ETH_GEO",-0.461636160515995,1.81684924802342,17,NA,NA,NA
"real","ETH_SYR",-0.543953732190922,1.08564221892642,15,NA,NA,NA
"real","FJI_AND",-2.63646596962506,7.23015450048446,11,NA,NA,NA
"real","FJI_IRN",-4.03415486492904,10.9606186148002,8,NA,NA,NA
"real","FLK_BIH",-0.149509760531961,0.481625150082818,17,NA,NA,NA
"real","FLK_BRA",-1.26322027821503,2.48665741279917,15,NA,NA,NA
"real","FLK_GRL",-1.07801610654733,5.01004868900372,11,NA,NA,NA
"real","FLK_PAK",-1.66891841403653,11.3635536143501,12,NA,NA,NA
"real","FRO_SAU",-0.276781389555219,1.38032609492084,8,NA,NA,NA
"real","GAB_AZE",-0.634264813055925,1.88536772420745,10,NA,NA,NA
"real","GAB_DOM",-2.28053586917616,4.24351481396454,17,NA,NA,NA
"real","GAB_FJI",-1.44620629056484,7.12852131112794,8,NA,NA,NA
"real","GEO_BEN",-1.63152464750454,3.80197856947497,14,NA,NA,NA
"real","GEO_BIH",-0.266714786783446,1.05619851996071,17,NA,NA,NA
"real","GEO_KEN",-1.04344508872689,2.74717703488789,14,NA,NA,NA
"real","GEO_NCL",-1.12943793718036,2.81858761485072,13,NA,NA,NA
"real","GEO_QAT",-1.85142719300028,4.62616195346424,16,NA,NA,NA
"real","GHA_BIH",0.202801658742874,0.848475319567997,17,NA,NA,NA
"real","GHA_MAC",-1.18703032703384,3.86294964599591,9,NA,NA,NA
"real","GIB_BIH",-1.34382856511765,7.64802387461876,13,NA,NA,NA
"real","GIB_DOM",-1.1262026238119,3.24232344249313,16,NA,NA,NA
"real","GIB_GUY",-0.763065318404461,5.36560594742572,10,NA,NA,NA
"real","GIB_KEN",-2.53863469248175,5.39403536053451,10,NA,NA,NA
"real","GIB_PAK",-0.577457578240784,1.58581781760526,16,NA,NA,NA
"real","GIN_NPL",-1.67888176819595,7.59918150364709,10,NA,NA,NA
"real","GMB_FSM",-0.270892354822193,1.31570005569857,10,NA,NA,NA
"real","GMB_MKD",-1.89856106517186,9.37599713730408,9,NA,NA,NA
"real","GNB_CZE",-0.277331428971146,0.820055169352843,9,NA,NA,NA
"real","GNB_DOM",-1.90254713768929,8.40420696394203,9,NA,NA,NA
"real","GNB_LBN",-1.15969024121366,2.4533058629292,9,NA,NA,NA
"real","GNQ_AUS",-3.83812360807016,15.8893978340411,14,NA,NA,NA
"real","GNQ_MRT",-2.45378048807356,12.3305673600613,9,NA,NA,NA
"real","GRC_GUM",-4.69070770128928,8.3389037655458,15,NA,NA,NA
"real","GRD_PRY",-0.581852619358764,3.19165784782133,8,NA,NA,NA
"real","GRL_BIH",-0.827426505755242,2.20421952058667,11,NA,NA,NA
"real","GRL_PAK",-1.9215239318348,10.7358640668306,14,NA,NA,NA
"real","GTM_AGO",-3.46585292229928,7.75461941861796,14,NA,NA,NA
"real","GTM_BIH",-1.24529036823757,4.75869634052337,17,NA,NA,NA
"real","GTM_MMR",-1.96089724077946,2.8711407758169,11,NA,NA,NA
"real","GUM_FIN",-1.25477247572891,4.79254169328845,12,NA,NA,NA
"real","GUM_FJI",-2.2905031308157,3.54437703474403,13,NA,NA,NA
"real","GUM_IRL",-2.72319256720799,7.51291142602036,16,NA,NA,NA
"real","GUM_WSM",-1.36526257200465,4.91683517124453,10,NA,NA,NA
"real","GUY_BVT",-0.8339296893322,6.28035870327255,8,NA,NA,NA
"real","HKG_STP",-0.749698199606655,1.79872771363486,17,NA,NA,NA
"real","HMD_CZE",-1.42406248205312,8.22057536114217,10,NA,NA,NA
"real","HND_KEN",-1.60562697830029,3.65519945209664,12,NA,NA,NA
"real","HND_LUX",-1.19391172174969,5.16638752185971,8,NA,NA,NA
"real","HND_SYC",-0.737669625451229,1.74298369672871,9,NA,NA,NA
"real","HTI_BIH",-0.686743992047491,1.73866260238674,17,NA,NA,NA
"real","HTI_MKD",-0.927609008655613,3.12201570279694,10,NA,NA,NA
"real","HTI_SEN",-1.46422726773062,5.18298969638152,8,NA,NA,NA
"real","IND_ABW",-0.381766036725753,1.74282320588326,17,NA,NA,NA
"real","IND_ERI",-0.319580599748895,0.667177162307752,17,NA,NA,NA
"real","IND_FSM",-0.179611773259518,0.465910650351966,17,NA,NA,NA
"real","IND_MNP",-0.521054945368782,1.36340800543328,17,NA,NA,NA
"real","IOT_BIH",-2.60660615710105,11.1853860784244,13,NA,NA,NA
"real","IOT_KAZ",-2.71884490530408,11.9091121303276,9,NA,NA,NA
"real","IOT_NZL",-1.74815556685576,4.47127254177003,16,NA,NA,NA
"real","ISL_NPL",-2.64107568617642,14.2805503909886,13,NA,NA,NA
"real","ISR_AFG",-1.03570411330321,2.4663356038138,16,NA,NA,NA
"real","ISR_DZA",-0.780992737728425,3.55986958907561,10,NA,NA,NA
"real","ISR_FLK",-0.948651785460156,3.22251479689864,13,NA,NA,NA
"real","ISR_IRQ",-0.121952028665649,1.26659490569479,11,NA,NA,NA
"real","ITA_BVT",-2.07886339976229,4.12690397493383,11,NA,NA,NA
"real","JAM_BIH",-0.563780890025937,1.23599224252136,11,NA,NA,NA
"real","JAM_MNG",-0.486076306216632,0.932677970597352,10,NA,NA,NA
"real","JOR_BWA",-0.672696591812622,2.34548680042215,12,NA,NA,NA
"real","JOR_MDV",-0.296832768506387,1.23425152149397,17,NA,NA,NA
"real","KAZ_BIH",-0.751541312234436,2.53799866465064,17,NA,NA,NA
"real","KAZ_BOL",-0.892738337493813,3.07861418902792,15,NA,NA,NA
"real","KAZ_GAB",-1.04998757555937,1.88246838222739,15,NA,NA,NA
"real","KAZ_GNQ",-2.43895793982476,5.63047621374745,9,NA,NA,NA
"real","KAZ_SEN",-1.24560575796987,5.76530455890192,16,NA,NA,NA
"real","KAZ_TCD",-1.37220099470787,5.85158102609707,10,NA,NA,NA
"real","KAZ_UGA",-1.51906162784345,8.60391624135087,12,NA,NA,NA
"real","KEN_ATG",-1.10503172909247,2.95977622523518,14,NA,NA,NA
"real","KEN_BTN",-3.37207369384988,9.96260395615998,12,NA,NA,NA
"real","KEN_LAO",-0.446237698743901,2.98231515399877,9,NA,NA,NA
"real","KEN_MDA",-0.270759920504026,0.865776417971938,17,NA,NA,NA
"real","KEN_MNG",-0.986896148744718,2.44133506848073,11,NA,NA,NA
"real","KEN_NRU",-0.705909153741046,4.11091112378584,8,NA,NA,NA
"real","KEN_SLB",-1.78279827017972,13.9496333096534,9,NA,NA,NA
"real","KEN_UZB",-2.53448320829831,7.73400310499128,11,NA,NA,NA
"real","KGZ_BGD",-1.60113972085688,8.90195913069236,13,NA,NA,NA
"real","KGZ_BIH",-0.0937218339606984,0.818884394458457,17,NA,NA,NA
"real","KGZ_BOL",-0.77941739915162,4.56090284987453,12,NA,NA,NA
"real","KGZ_ECU",-0.713896495651692,2.01021216948894,10,NA,NA,NA
"real","KGZ_GHA",-0.943984801044614,3.65963798182369,12,NA,NA,NA
"real","KGZ_KEN",-2.26772100317107,6.68611397653987,13,NA,NA,NA
"real","KGZ_KWT",-0.467839548789016,1.77356998994056,17,NA,NA,NA
"real","KGZ_LBY",-2.48965295073974,5.45400925682396,9,NA,NA,NA
"real","KHM_AFG",-1.6787154190767,4.50024329223627,12,NA,NA,NA
"real","KHM_BIH",-0.530306097091637,0.49239666031089,17,NA,NA,NA
"real","KIR_BIH",-0.60452566025539,8.88421624768858,15,NA,NA,NA
"real","KIR_DOM",-0.966983844834352,3.55941618121042,13,NA,NA,NA
"real","KNA_BIH",-0.986280921646554,5.67105593246463,16,NA,NA,NA
"real","KNA_PER",-0.982426045460737,3.10741653992552,13,NA,NA,NA
"real","KNA_UKR",-1.15779149962244,6.25026685794953,12,NA,NA,NA
"real","KNA_ZWE",-1.28719324029546,4.4171077386793,8,NA,NA,NA
"real","KOR_SGS",-1.28277728043752,8.27982241640402,13,NA,NA,NA
"real","KWT_BRB",-1.75203108839344,6.79667648399764,8,NA,NA,NA
"real","KWT_GNB",-1.42822268700996,2.70712287866429,10,NA,NA,NA
"real","KWT_LSO",-4.61143833603692,11.2012416347712,10,NA,NA,NA
"real","KWT_NIC",-1.41329429076937,6.22424679495614,11,NA,NA,NA
"real","LAO_BIH",-0.140501657916979,0.443013650577589,17,NA,NA,NA
"real","LAO_BLR",-0.844306983627124,1.4002529408122,17,NA,NA,NA
"real","LAO_MAR",-1.28364352497082,2.11051671573686,17,NA,NA,NA
"real","LAO_MNG",-0.659378836678669,1.48069825821075,9,NA,NA,NA
"real","LBN_FJI",-0.801748315783426,5.1333572507221,8,NA,NA,NA
"real","LBN_KNA",-1.99025201683933,9.14575359044326,11,NA,NA,NA
"real","LBN_STP",-0.161049972078825,0.479574707571438,17,NA,NA,NA
"real","LBY_HKG",-1.7027299035439,4.70515555578696,15,NA,NA,NA
"real","LCA_RUS",-2.99026836830698,11.246104553538,16,NA,NA,NA
"real","LSO_KAZ",-1.48122607054687,3.41705459912765,14,NA,NA,NA
"real","LUX_GUM",-0.45914725817848,1.06316992421101,16,NA,NA,NA
"real","LVA_BWA",-0.809976743655666,2.34323343492544,10,NA,NA,NA
"real","LVA_COK",-1.0486282905091,5.35402593924156,11,NA,NA,NA
"real","LVA_ETH",-1.4655868952714,2.01508078517879,17,NA,NA,NA
"real","LVA_GAB",-0.992921755943089,4.38817761784504,14,NA,NA,NA
"real","MAC_FJI",-0.528209622054864,2.6262348968824,16,NA,NA,NA
"real","MAC_KAZ",-0.365415301878691,0.717400084057045,17,NA,NA,NA
"real","MAR_FSM",-0.352932841535856,0.844342534672709,10,NA,NA,NA
"real","MAR_STP",-0.792193925904165,6.53964618948004,10,NA,NA,NA
"real","MAR_TJK",-0.374998484211401,2.50094630143168,8,NA,NA,NA
"real","MDA_MEX",-0.275698823058142,0.963524581146253,17,NA,NA,NA
"real","MDA_ZWE",-1.97741355353832,9.24067437307452,10,NA,NA,NA
"real","MDG_AFG",-0.489548895177358,3.24024601678577,11,NA,NA,NA
"real","MDG_BIH",-0.0382637836120891,0.4648130743902,17,NA,NA,NA
"real","MDG_BMU",-0.510277247898815,1.23935073123105,11,NA,NA,NA
"real","MDV_DOM",-0.845316523269518,1.97779149140986,11,NA,NA,NA
"real","MDV_MAC",-0.786449765892294,4.82818785294545,8,NA,NA,NA
"real","MHL_GHA",-1.54077051336712,3.14179320156818,11,NA,NA,NA
"real","MHL_LTU",-3.74496927915885,18.3951203270494,8,NA,NA,NA
"real","MHL_NCL",-0.681153200671986,4.62101852547269,9,NA,NA,NA
"real","MKD_BGD",-1.52178710994823,4.44269031152713,14,NA,NA,NA
"real","MKD_LKA",-2.60011527987115,5.17047279042546,12,NA,NA,NA
"real","MKD_SUR",-0.950460216650072,4.26702480468902,14,NA,NA,NA
"real","MLI_BHR",-1.4413844896248,3.77346256510718,14,NA,NA,NA
"real","MLI_BIH",-1.03456147387855,6.22115305140017,17,NA,NA,NA
"real","MLI_BWA",-2.30734186079608,10.3818192982392,12,NA,NA,NA
"real","MLI_NPL",-3.03662315692109,12.4924267147075,10,NA,NA,NA
"real","MLT_IRQ",-0.0506066875831264,0.70453072108688,17,NA,NA,NA
"real","MLT_STP",-1.24294849662707,6.9074859329845,12,NA,NA,NA
"real","MLT_VAT",-0.456066867089377,1.90545811614128,10,NA,NA,NA
"real","MMR_BIH",-0.301570544296883,0.760280313996522,17,NA,NA,NA
"real","MMR_MNG",-1.09543822194831,3.38579101528177,10,NA,NA,NA
"real","MNG_CRI",-1.05911042668976,3.88603888267709,9,NA,NA,NA
"real","MNG_FJI",-0.919922339741693,3.24144720559588,17,NA,NA,NA
"real","MNG_IRN",-1.79880958101683,5.72163115044536,10,NA,NA,NA
"real","MNG_LVA",-1.68476695555547,6.33629541705436,12,NA,NA,NA
"real","MNP_FSM",0.226614828187065,0.551052375749712,11,NA,NA,NA
"real","MOZ_AFG",-1.12316457004375,3.38472887845553,13,NA,NA,NA
"real","MOZ_BIH",-2.68475447654399,8.17573948073631,16,NA,NA,NA
"real","MOZ_MNG",-2.56111698575942,5.72677966910654,9,NA,NA,NA
"real","MOZ_PAN",-1.69146556469469,6.01930909297935,13,NA,NA,NA
"real","MRT_BIH",-0.907511308457688,3.17041744318023,17,NA,NA,NA
"real","MRT_BRB",-0.666515716106209,1.82386254874476,8,NA,NA,NA
"real","MRT_IND",-1.73211075036155,6.37513060903191,17,NA,NA,NA
"real","MRT_SYR",-0.844684017892876,1.60866656957397,11,NA,NA,NA
"real","MUS_BIH",0.00689521190411402,0.248493329277197,17,NA,NA,NA
"real","MWI_ARM",-1.37457135046493,6.36993598193049,15,NA,NA,NA
"real","MWI_BRN",-0.943912626904578,3.37250642835154,14,NA,NA,NA
"real","MWI_HTI",-0.825431499906425,2.49442621413255,10,NA,NA,NA
"real","NAM_DZA",-1.37184764082453,9.49576380854597,17,NA,NA,NA
"real","NAM_GRL",-0.588710226444907,1.76015888600224,14,NA,NA,NA
"real","NAM_MHL",-3.84004779176969,7.58811389465095,14,NA,NA,NA
"real","NAM_MKD",-2.44280020852951,9.32309898436571,10,NA,NA,NA
"real","NAM_SHN",-3.09941742622715,8.57191443370325,16,NA,NA,NA
"real","NCL_BIH",-3.11211750968572,6.28164535041482,13,NA,NA,NA
"real","NCL_COM",-2.55455140264188,5.54965929947435,9,NA,NA,NA
"real","NER_ALB",-1.58523673423992,8.56136053025517,8,NA,NA,NA
"real","NER_BHR",-0.973465302844099,2.89005742908551,13,NA,NA,NA
"real","NER_BIH",-2.34191368075732,9.36617980893717,16,NA,NA,NA
"real","NER_FJI",-1.14636099433267,4.83181138436507,13,NA,NA,NA
"real","NER_NPL",-1.99601980734602,4.87222457431005,8,NA,NA,NA
"real","NER_PRY",-2.75554472493803,19.368475334148,8,NA,NA,NA
"real","NER_UKR",-1.52695939396126,5.44265768680368,15,NA,NA,NA
"real","NFK_IRL",-0.551552906578601,2.23689148112794,14,NA,NA,NA
"real","NGA_DOM",-4.65791539487258,19.2866428117735,15,NA,NA,NA
"real","NIC_VCT",-0.520824356484698,1.66957889615534,14,NA,NA,NA
"real","NPL_MDA",-0.903707614639735,2.41849017026468,14,NA,NA,NA
"real","NPL_MDG",-1.23503520945495,2.96874527011412,13,NA,NA,NA
"real","NRU_KAZ",-1.56472614893094,7.6034055021186,14,NA,NA,NA
"real","NRU_KEN",-0.40919685284077,3.25681485706628,9,NA,NA,NA
"real","NRU_MOZ",-1.80949325063789,9.98795140789909,9,NA,NA,NA
"real","NRU_MUS",-1.60018994105689,7.56789243507895,12,NA,NA,NA
"real","NRU_PAK",-1.34535779023194,6.325796346712,13,NA,NA,NA
"real","OMN_BLZ",-1.23250851072688,3.6900133804406,8,NA,NA,NA
"real","PAK_ABW",-0.42828405934142,2.13324291985292,17,NA,NA,NA
"real","PAK_AGO",-0.0161314659254616,0.116141646340789,17,NA,NA,NA
"real","PAK_ERI",-0.440538343136451,1.0044957070234,16,NA,NA,NA
"real","PAK_ESH",0.457872190939168,3.50861795586762,11,NA,NA,NA
"real","PAK_FSM",-0.530087007007301,1.53620607409149,12,NA,NA,NA
"real","PAK_GIB",-1.10974178435987,6.02391260567589,14,NA,NA,NA
"real","PAK_GUM",-0.988369117087069,2.17290875376953,16,NA,NA,NA
"real","PAK_PLW",-1.89620791150503,11.7477125189896,12,NA,NA,NA
"real","PAK_TLS",-2.4200847253734,11.6825195553387,13,NA,NA,NA
"real","PAK_TON",-1.75394879037875,8.48482549334949,16,NA,NA,NA
"real","PAN_WSM",-4.40922573670906,7.72769922552652,11,NA,NA,NA
"real","PER_ASM",-1.50409410445826,12.537479296188,13,NA,NA,NA
"real","PER_GUM",-0.409584312839672,0.847119219928467,12,NA,NA,NA
"real","PER_VGB",-0.443549204333635,2.73090881208783,17,NA,NA,NA
"real","PHL_MSR",-1.57573586706521,4.33921836635986,8,NA,NA,NA
"real","PLW_FSM",-0.132097703355572,0.354316673327827,16,NA,NA,NA
"real","PNG_BIH",-2.01909567785088,4.99828180862939,10,NA,NA,NA
"real","POL_FSM",-1.91303667145498,6.21641969651474,14,NA,NA,NA
"real","PRK_BIH",-0.0385124654090264,1.844071429906,17,NA,NA,NA
"real","PRK_COM",-0.962124667760138,4.47108013693586,8,NA,NA,NA
"real","PRK_YEM",-0.157587221968634,1.60984572156234,15,NA,NA,NA
"real","PRY_GEO",-1.18105096455539,11.1393414449946,13,NA,NA,NA
"real","PRY_GNQ",-0.163164692085055,0.987452537989163,17,NA,NA,NA
"real","PRY_KEN",-3.89571512447157,27.7379458898534,8,NA,NA,NA
"real","PRY_LBY",-0.653715981320182,2.96837779558996,13,NA,NA,NA
"real","PRY_PSE",-0.135962984402734,6.01519266147823,17,NA,NA,NA
"real","PRY_SLE",-0.907674926300863,3.09090261713945,10,NA,NA,NA
"real","PRY_SUR",-1.75052081591925,3.90020558203204,15,NA,NA,NA
"real","PRY_UGA",-3.35909195141232,16.6221208952839,9,NA,NA,NA
"real","PRY_ZWE",-1.22313396456362,5.03978212950476,14,NA,NA,NA
"real","PSE_AZE",-0.890226025851544,2.75463338357287,9,NA,NA,NA
"real","PYF_BIH",-0.52105236699696,3.2957334339812,9,NA,NA,NA
"real","PYF_TUR",-1.05695259562554,3.5951106024897,13,NA,NA,NA
"real","QAT_COM",-2.43622031124608,7.75099687421732,15,NA,NA,NA
"real","QAT_KHM",-3.43225255485997,11.0562718027485,14,NA,NA,NA
"real","RUS_FLK",-0.947294238036558,2.85506119685647,9,NA,NA,NA
"real","RUS_SWZ",-2.30783681970116,10.4111836448085,14,NA,NA,NA
"real","RWA_BHR",-1.76643683903499,5.63956113581177,14,NA,NA,NA
"real","SAU_FSM",-0.154772327463036,0.444008567590442,12,NA,NA,NA
"real","SAU_LSO",-0.96346379534464,3.28363013936123,17,NA,NA,NA
"real","SDN_BIH",-0.635668177937996,4.40244450374662,17,NA,NA,NA
"real","SDN_NPL",-1.76010913330707,3.87702026321433,12,NA,NA,NA
"real","SDN_VCT",-0.516833897671975,1.38273014414274,12,NA,NA,NA
"real","SEN_BWA",-1.14836865137761,4.33310555576611,17,NA,NA,NA
"real","SEN_FSM",-0.160101331288577,0.498739532724333,11,NA,NA,NA
"real","SGP_STP",-0.421460807729913,1.2192955346869,9,NA,NA,NA
"real","SHN_BIH",-1.92425964765026,6.42137683092763,16,NA,NA,NA
"real","SHN_PER",-1.06418557966196,4.49207525065912,17,NA,NA,NA
"real","SHN_VEN",-1.7641968694658,6.02496841345928,8,NA,NA,NA
"real","SLB_MUS",-1.26475728235886,10.2118075466416,9,NA,NA,NA
"real","SLE_ARM",-0.577796835129589,3.24861026471007,15,NA,NA,NA
"real","SLE_BIH",-0.268137248941907,3.59796409179538,17,NA,NA,NA
"real","SLE_PYF",-1.40196119666818,4.52361221466422,17,NA,NA,NA
"real","SLV_BIH",-0.257141143907167,1.68905825022345,17,NA,NA,NA
"real","SLV_GEO",-0.802847652309203,11.1409231668893,9,NA,NA,NA
"real","SLV_GRL",-0.763612219664764,2.0229468776147,14,NA,NA,NA
"real","SMR_BIH",-0.0261309221986258,0.401809723544034,14,NA,NA,NA
"real","SMR_CRI",-2.28078784496906,4.41077674840192,11,NA,NA,NA
"real","SMR_KAZ",-0.548330209276007,4.4588264190123,17,NA,NA,NA
"real","SMR_KWT",0.0224774062581559,0.215299745475671,13,NA,NA,NA
"real","SMR_PAK",-0.805082966628011,1.85853305860115,10,NA,NA,NA
"real","SMR_SAU",-0.706746141312664,1.69174672414522,16,NA,NA,NA
"real","SOM_BIH",-0.606015282614721,4.02486523008471,11,NA,NA,NA
"real","STP_BIH",-0.866654675520736,3.30046607785547,17,NA,NA,NA
"real","STP_HKG",-0.747165220297416,1.93997778246702,10,NA,NA,NA
"real","STP_IND",-0.395987253948307,1.44658169515207,11,NA,NA,NA
"real","SUR_BIH",-1.43421087148254,2.81984132330359,17,NA,NA,NA
"real","SUR_FJI",-1.41586332290369,2.47754678013423,13,NA,NA,NA
"real","SUR_URY",-1.43525446523169,6.95263834133536,12,NA,NA,NA
"real","SWE_TLS",-1.49322105554609,2.87464776796315,16,NA,NA,NA
"real","SWZ_ALB",-0.710601367527972,2.60834623438182,11,NA,NA,NA
"real","SWZ_BIH",-0.875487754296921,3.23231049720227,17,NA,NA,NA
"real","SWZ_PAN",0.159183342352692,0.863109509765983,9,NA,NA,NA
"real","SWZ_WSM",-2.56273685058717,7.33347789014929,9,NA,NA,NA
"real","SYC_AZE",-1.20727524405708,3.32241441792106,14,NA,NA,NA
"real","SYC_BIH",-1.62915108242142,8.14904782065613,17,NA,NA,NA
"real","SYC_GEO",-1.58497604964271,6.63760394207902,15,NA,NA,NA
"real","SYR_AGO",-0.782395820606603,1.66620882493003,15,NA,NA,NA
"real","SYR_BIH",-0.316688750978543,0.852520430127075,17,NA,NA,NA
"real","SYR_COD",-2.37771655412924,6.79574841786492,11,NA,NA,NA
"real","SYR_COG",-0.949997464744072,2.19090518584132,12,NA,NA,NA
"real","SYR_GIN",-1.46970493525749,5.14736186071961,11,NA,NA,NA
"real","SYR_LBR",-0.0800936094136631,0.74539004951115,8,NA,NA,NA
"real","TCA_BEN",-0.784303928637851,4.23620412871869,13,NA,NA,NA
"real","TCA_GRD",-0.781910801564905,3.76199907828698,10,NA,NA,NA
"real","TCA_LKA",-0.384060323335758,1.47417932127876,9,NA,NA,NA
"real","TCA_PYF",-0.879696686219145,5.98741221863556,8,NA,NA,NA
"real","TCD_LUX",-0.549243122040735,3.96667842479353,12,NA,NA,NA
"real","TGO_BIH",-2.21658836387575,9.75278193195926,10,NA,NA,NA
"real","TGO_BRB",-2.81785952922081,13.8070424624401,9,NA,NA,NA
"real","TGO_NPL",-3.05874717569016,9.05133951593307,11,NA,NA,NA
"real","THA_BIH",-0.00295654962041599,0.0206989690262846,17,NA,NA,NA
"real","TJK_BGD",-3.29880931672754,21.0146183115303,9,NA,NA,NA
"real","TJK_BIH",-2.06904346828958,5.63544210973974,17,NA,NA,NA
"real","TJK_LUX",-1.5393022621765,7.01441628968167,15,NA,NA,NA
"real","TKL_BIH",-0.655831416628055,3.59282978103486,13,NA,NA,NA
"real","TKL_ITA",-0.996593694175328,3.93795421143484,17,NA,NA,NA
"real","TKL_KAZ",-2.57896616405616,5.78432202483519,8,NA,NA,NA
"real","TKM_DOM",-0.855482787809069,2.08559917421633,13,NA,NA,NA
"real","TLS_BEL",-1.86611798275891,11.1296860722044,15,NA,NA,NA
"real","TLS_CHN",-1.97991365707213,7.35837984464874,17,NA,NA,NA
"real","TLS_CRI",-2.65710615371598,10.2692289953135,8,NA,NA,NA
"real","TLS_IND",-0.460570920938068,2.71367849907148,16,NA,NA,NA
"real","TLS_NLD",-0.734483503356908,2.02653080567607,12,NA,NA,NA
"real","TLS_NZL",-1.8271969364621,2.26821063722584,17,NA,NA,NA
"real","TLS_PAK",-1.92814340766645,11.3327796143316,12,NA,NA,NA
"real","TLS_PER",-0.931147299815061,9.79533285763632,10,NA,NA,NA
"real","TLS_USA",-0.576870893671487,7.70103054178113,11,NA,NA,NA
"real","TTO_BWA",-1.76775538007829,2.87344951766274,17,NA,NA,NA
"real","TTO_ETH",-2.3447817617687,7.05540270815389,13,NA,NA,NA
"real","TUN_FJI",-1.27667883127241,3.88581377597243,14,NA,NA,NA
"real","TUR_FSM",-1.51924155313558,4.36762444981278,8,NA,NA,NA
"real","TUR_GUM",-0.375212690621087,0.785344066208235,17,NA,NA,NA
"real","TUR_TLS",-1.05265076889662,8.45615194204985,15,NA,NA,NA
"real","TUV_BIH",-1.91367778368448,8.86892178923541,15,NA,NA,NA
"real","TUV_IND",-1.76865285774274,10.7000590830745,11,NA,NA,NA
"real","TZA_CAF",-2.52108065957125,6.22530840785384,14,NA,NA,NA
"real","UGA_BIH",-0.0739788052065823,0.645305001261422,17,NA,NA,NA
"real","UGA_CPV",-0.483315981958167,1.32176466929228,11,NA,NA,NA
"real","UGA_GEO",-0.236944553324986,1.96740351615068,13,NA,NA,NA
"real","UGA_VCT",-1.47970823244675,2.66869471692934,14,NA,NA,NA
"real","UKR_FSM",-0.633512570049614,2.70589785869357,9,NA,NA,NA
"real","UKR_MDV",-2.05542328875397,6.95473447472146,15,NA,NA,NA
"real","UMI_CRI",-0.648061981679991,6.48778895481504,8,NA,NA,NA
"real","UMI_RUS",-2.54463199109492,9.23210768207381,15,NA,NA,NA
"real","URY_MHL",-0.528064634555932,3.11411209419301,13,NA,NA,NA
"real","URY_MLI",-0.47994355815406,1.40303521782975,16,NA,NA,NA
"real","UZB_BIH",-1.00485491925551,4.14760203946859,17,NA,NA,NA
"real","UZB_DOM",-2.45961062298805,10.4043369669633,13,NA,NA,NA
"real","UZB_SYR",-0.691744748102675,2.17760472189588,10,NA,NA,NA
"real","VAT_CHN",-1.28907649187208,6.02603996080142,12,NA,NA,NA
"real","VAT_FIN",-0.92145258865058,4.7523768823463,8,NA,NA,NA
"real","VEN_MNG",-0.856813348887934,2.32557514407346,9,NA,NA,NA
"real","VGB_BIH",-1.68934180228935,7.44610189397165,15,NA,NA,NA
"real","VGB_ZWE",-0.801573070913063,6.23238840301356,17,NA,NA,NA
"real","VUT_BIH",-0.0325805325086738,3.47939281180204,8,NA,NA,NA
"real","VUT_DOM",-3.58453141192216,8.69794314288464,13,NA,NA,NA
"real","VUT_PHL",-1.16186240561313,6.42625329125341,15,NA,NA,NA
"real","WLF_FJI",-1.2635761361027,4.69751506113521,15,NA,NA,NA
"real","WSM_DOM",-1.54139288439484,3.69748102938197,9,NA,NA,NA
"real","WSM_ECU",-1.34100538292292,5.216811207598,13,NA,NA,NA
"real","WSM_IRL",-2.29422571416443,10.8988188844087,15,NA,NA,NA
"real","WSM_LUX",-0.458466869984145,1.50162606954408,11,NA,NA,NA
"real","WSM_PAK",-0.616822585106439,1.55707322757397,15,NA,NA,NA
"real","ZAF_GRL",-0.380986432079102,1.59755798553944,17,NA,NA,NA
"real","ZAF_UMI",-0.675023704325322,3.14698244976215,16,NA,NA,NA
"real","ZMB_ATG",-1.10487791413666,6.11793360622202,8,NA,NA,NA
"real","ABW_YEM",-0.552629856940045,1.8041640833294,14,NA,NA,NA
"real","AFG_BIH",-1.09937978880595,2.67803152417707,16,NA,NA,NA
"real","AFG_SYC",-0.60641967639358,1.69446308872384,14,NA,NA,NA
"real","AGO_KWT",-4.98713153865954,23.7570547173277,12,NA,NA,NA
"real","AGO_POL",-1.98406264614883,2.29745302325634,16,NA,NA,NA
"real","AGO_QAT",-1.27267243332129,5.18067798330222,11,NA,NA,NA
"real","AIA_CHL",-3.68003762937299,14.6025234813745,8,NA,NA,NA
"real","AIA_MOZ",-0.977404932390006,5.9943018643413,12,NA,NA,NA
"real","ALB_KGZ",-1.31455168365048,6.14101120305466,10,NA,NA,NA
"real","ALB_MNG",-0.376694702652317,0.86032893717087,8,NA,NA,NA
"real","ALB_SWZ",-1.39421334948902,2.12580309621055,9,NA,NA,NA
"real","ALB_SYC",-0.972064887045235,3.51998082535352,11,NA,NA,NA
"real","ALB_VCT",-1.29783569594037,6.67808329172267,11,NA,NA,NA
"real","ALB_YEM",-0.733386878423993,5.16763930902366,11,NA,NA,NA
"real","AND_ISL",-0.714268833441435,3.39156790572204,11,NA,NA,NA
"real","AND_LKA",-1.72576737176307,3.27696684235582,14,NA,NA,NA
"real","AND_MDA",-0.533754519748658,1.7689343675881,16,NA,NA,NA
"real","AND_PRY",-1.2309805465951,4.03359984659756,10,NA,NA,NA
"real","AND_UZB",-0.213918004167935,1.48116428263348,8,NA,NA,NA
"real","AND_YEM",-0.558213856006958,6.77900571553633,14,NA,NA,NA
"real","ARE_MSR",-0.0458174230332419,0.946425713535856,15,NA,NA,NA
"real","ARE_STP",-0.188232338043437,0.504628796025264,16,NA,NA,NA
"real","ARG_WSM",-2.02511271849139,3.60794628298949,8,NA,NA,NA
"real","ARM_BGD",-2.79078199942985,13.7697212471645,8,NA,NA,NA
"real","ARM_CIV",-1.68014295805744,9.65924473092089,11,NA,NA,NA
"real","ARM_LBY",-1.34230122761258,7.07685386918481,8,NA,NA,NA
"real","ARM_MNG",-0.77953066642579,1.42294498053888,14,NA,NA,NA
"real","ARM_YEM",-3.72613033154025,17.1996553564427,15,NA,NA,NA
"real","ASM_BIH",-1.79242005014154,7.37600313582197,10,NA,NA,NA
"real","ASM_FIN",-1.37389971413336,3.30791204654988,8,NA,NA,NA
"real","ASM_LUX",-0.74139152624219,2.64756588412607,13,NA,NA,NA
"real","ASM_NIC",-1.82061567370257,6.92157396103762,8,NA,NA,NA
"real","ASM_POL",-0.668704541116416,2.17313470251439,16,NA,NA,NA
"real","ASM_SWE",-0.715711222163852,2.47433237417716,14,NA,NA,NA
"real","ASM_VCT",-1.05904241409961,3.09519177971306,10,NA,NA,NA
"real","ASM_YEM",-1.09053718087951,9.45025716593447,13,NA,NA,NA
"real","ATA_TWN",-0.34770665362987,4.43976760787911,8,NA,NA,NA
"real","ATF_BIH",-1.68459661580681,8.51074656603593,8,NA,NA,NA
"real","ATF_CHL",-0.908235583466766,10.6685969483537,13,NA,NA,NA
"real","ATG_CMR",-0.998210377231114,11.3397812335599,12,NA,NA,NA
"real","ATG_MDA",-0.0945591522833094,3.64130041042305,14,NA,NA,NA
"real","ATG_MOZ",-1.26394095364512,8.25111160428582,16,NA,NA,NA
"real","ATG_RUS",-2.84061417196563,13.3515496878665,15,NA,NA,NA
"real","AUT_VAT",-0.0655504786070678,0.223342346605932,16,NA,NA,NA
"real","AZE_MLI",-1.01271425230191,4.32622931279272,10,NA,NA,NA
"real","BDI_BLR",-2.94576587812352,4.50603869685406,10,NA,NA,NA
"real","BDI_ISR",-1.30472992405274,3.96434739845204,11,NA,NA,NA
"real","BEL_BVT",-1.51634036734778,11.8563529410648,11,NA,NA,NA
"real","BEL_TKL",-2.37393114123369,7.92123954896145,16,NA,NA,NA
"real","BFA_YEM",-3.88072241779355,7.30132222244904,8,NA,NA,NA
"real","BGD_ARM",-1.2149583751161,2.97653182163097,15,NA,NA,NA
"real","BGD_STP",-0.793178031729644,2.84704264530418,10,NA,NA,NA
"real","BGD_TKL",-0.188400933923462,3.43108275213895,11,NA,NA,NA
"real","BHR_ARM",-0.944097683438395,2.67604518152971,14,NA,NA,NA
"real","BHR_DJI",-1.39300973850705,1.97226411814243,16,NA,NA,NA
"real","BHR_MMR",-0.343568072442268,3.05058024237355,11,NA,NA,NA
"real","BHR_VUT",-0.141035862093745,2.93304864847463,9,NA,NA,NA
"real","BHS_KGZ",-1.6271961356245,4.31897818612087,14,NA,NA,NA
"real","BIH_AGO",-0.93032536058066,3.3392530216978,15,NA,NA,NA
"real","BIH_CUB",-1.305395983806,5.36260028505762,11,NA,NA,NA
"real","BIH_KHM",-1.39354175767887,6.17225540457678,10,NA,NA,NA
"real","BIH_MUS",-0.511852410200168,0.912779969976163,16,NA,NA,NA
"real","BIH_PAN",-1.27540478292989,5.85650424709694,8,NA,NA,NA
"real","BIH_PRY",-1.12436444796495,2.79143507444578,14,NA,NA,NA
"real","BIH_TGO",-0.929065454547593,4.42700156883977,14,NA,NA,NA
"real","BIH_UGA",-2.11318179910094,4.60766211400703,12,NA,NA,NA
"real","BIH_VCT",-0.773312252805551,2.28691266066495,14,NA,NA,NA
"real","BIH_VGB",-2.63943329606322,4.8074054648756,11,NA,NA,NA
"real","BLR_NAM",-2.89560694338343,13.3762800109157,9,NA,NA,NA
"real","BLR_NER",-1.03175505190588,2.84228566845129,14,NA,NA,NA
"real","BLR_OMN",-1.5436021154379,6.72243445823456,16,NA,NA,NA
"real","BOL_LUX",-0.289153853217027,2.93926756512013,15,NA,NA,NA
"real","BOL_MAC",-0.395278043679186,2.71548425252446,15,NA,NA,NA
"real","BOL_VCT",-1.0302961279695,4.5550663076972,11,NA,NA,NA
"real","BRA_ASM",-0.806184291539942,3.2499367162698,15,NA,NA,NA
"real","BRA_TLS",-0.902761669639977,2.31501699459284,15,NA,NA,NA
"real","BRB_BIH",0.212356740179242,0.642483461375808,16,NA,NA,NA
"real","BRN_JOR",-2.52405315641871,11.3181867825512,12,NA,NA,NA
"real","BTN_RWA",-1.58220998635081,9.50942699193331,9,NA,NA,NA
"real","BWA_GMB",-1.32389690011561,5.87754896835679,12,NA,NA,NA
"real","BWA_LBN",-0.383192274204836,0.531438847475185,10,NA,NA,NA
"real","CCK_POL",-2.0125262702765,4.09980042556015,16,NA,NA,NA
"real","CCK_SWE",-0.688914951268009,1.82823332163699,12,NA,NA,NA
"real","CHL_ABW",-0.195648181954393,3.29293475363874,16,NA,NA,NA
"real","CHN_VAT",-2.03706434994554,4.68996777526297,12,NA,NA,NA
"real","CMR_ALB",-0.603998218803911,1.44546688505492,15,NA,NA,NA
"real","COD_DOM",-1.58140417530191,11.1031792451675,16,NA,NA,NA
"real","COD_VCT",-0.521550696435266,2.5080612315106,14,NA,NA,NA
"real","COG_LBY",-0.583162339398537,1.43447156300073,11,NA,NA,NA
"real","COG_MDA",-1.16323761312468,3.39717633566652,8,NA,NA,NA
"real","COG_SLV",-6.09452647582465,16.100964611313,8,NA,NA,NA
"real","COG_URY",-3.46170150814675,9.76975908742662,13,NA,NA,NA
"real","COK_UKR",-3.09027977687193,12.8084476518156,8,NA,NA,NA
"real","COL_COD",-1.13879438334636,3.15984897010259,13,NA,NA,NA
"real","COL_FSM",-0.912949586203593,3.67923166918506,8,NA,NA,NA
"real","COM_BRB",-0.817511550532743,1.66545932100482,10,NA,NA,NA
"real","COM_FJI",-1.68672762024824,3.62291515801211,13,NA,NA,NA
"real","CPV_BIH",-0.519712089659947,1.21423765489203,10,NA,NA,NA
"real","CPV_BLR",-0.58799080489616,3.04175439512253,8,NA,NA,NA
"real","CRI_PSE",-0.00298999895620376,1.00786960317144,14,NA,NA,NA
"real","CRI_UMI",-0.74693290260673,4.80735015807471,9,NA,NA,NA
"real","CUB_NER",-5.35310091165549,13.6034489514412,11,NA,NA,NA
"real","CXR_PAK",-1.37514298277842,4.82866617664534,14,NA,NA,NA
"real","CYM_PRY",-2.51206568200154,22.0520413122209,8,NA,NA,NA
"real","DJI_BIH",-1.02749769899373,3.90466252153291,10,NA,NA,NA
"real","DJI_DOM",-1.20702558989636,10.6714086788418,9,NA,NA,NA
"real","DJI_GTM",-1.00007775393005,5.15601443227074,14,NA,NA,NA
"real","DJI_HRV",-1.50018122229431,4.05260217782231,8,NA,NA,NA
"real","DJI_MAR",-0.959183523964701,4.16895584612312,9,NA,NA,NA
"real","DMA_BIH",-0.707091778156761,2.85474930348512,15,NA,NA,NA
"real","DMA_PAK",-1.38964348623884,4.37628622147009,11,NA,NA,NA
"real","DNK_NFK",-1.56290306578524,7.70512435424529,9,NA,NA,NA
"real","DOM_IRQ",-0.75653503825017,7.63534365494249,14,NA,NA,NA
"real","DOM_SYR",-0.991016145752629,3.17738069112826,8,NA,NA,NA
"real","DZA_NZL",-3.62451828442512,9.57077855747161,14,NA,NA,NA
"real","ECU_MRT",-1.19810782688894,2.94873618187523,12,NA,NA,NA
"real","ERI_BGD",-0.840803988138987,20.9909551086217,8,NA,NA,NA
"real","ERI_BRB",-0.08380555202859,8.9992940004199,12,NA,NA,NA
"real","ESP_TLS",-0.284839299349427,1.18506885569756,16,NA,NA,NA
"real","ETH_FJI",-1.16336141360324,3.17310350337978,9,NA,NA,NA
"real","ETH_IRQ",-0.798281885280831,2.77765715390737,13,NA,NA,NA
"real","ETH_KAZ",-0.543274363011277,0.658938714632103,16,NA,NA,NA
"real","ETH_LUX",-3.90159801195975,6.40822127202764,14,NA,NA,NA
"real","ETH_STP",-1.04883126803846,3.82637501430424,9,NA,NA,NA
"real","FIN_PLW",-1.53150475654092,7.81301186447309,12,NA,NA,NA
"real","FIN_TLS",-4.88261628540956,18.2739572078246,12,NA,NA,NA
"real","FJI_BIH",-0.233161754826864,0.835154997771163,16,NA,NA,NA
"real","FJI_DMA",-1.00854188158908,3.52672462180684,14,NA,NA,NA
"real","FRO_BIH",-1.06626284293498,3.54042410387496,14,NA,NA,NA
"real","FSM_CHL",-1.73647470353747,6.60548547186424,11,NA,NA,NA
"real","GAB_ALB",-0.604925785604534,1.45411896749199,10,NA,NA,NA
"real","GAB_KHM",-0.887475984181884,3.68748304067807,9,NA,NA,NA
"real","GEO_CHL",-1.680273628044,8.42368875329051,15,NA,NA,NA
"real","GEO_NPL",-1.38941092642081,3.46234341829845,12,NA,NA,NA
"real","GEO_SYC",-2.14138877280949,6.4924472742563,13,NA,NA,NA
"real","GEO_TON",-0.627714725861204,2.39722878960853,8,NA,NA,NA
"real","GEO_VCT",-1.18144102915077,4.01111423551636,16,NA,NA,NA
"real","GIB_CHL",-1.42353942795912,7.81410113928743,11,NA,NA,NA
"real","GIB_LUX",-2.80281925188044,12.8403140647477,14,NA,NA,NA
"real","GIN_ARM",-1.92860994133917,16.4873053064041,12,NA,NA,NA
"real","GIN_BIH",-4.05242291319216,11.3181406699169,14,NA,NA,NA
"real","GIN_BWA",-2.35275353156065,14.8517342987107,9,NA,NA,NA
"real","GIN_DOM",-1.9567269420161,9.15823191267145,11,NA,NA,NA
"real","GIN_MDA",-1.87024817902671,10.6462630112333,9,NA,NA,NA
"real","GMB_DZA",-1.52394596889766,3.94803107361487,8,NA,NA,NA
"real","GMB_FJI",-2.62096412575329,5.11717904138471,13,NA,NA,NA
"real","GMB_HND",-2.15116822188698,8.67743712480905,13,NA,NA,NA
"real","GMB_SVK",-3.61851077023838,11.8662405440066,9,NA,NA,NA
"real","GMB_SYC",-1.50867559098174,2.64774347071383,8,NA,NA,NA
"real","GNB_SVK",-2.17781496075945,6.61415401400536,8,NA,NA,NA
"real","GNQ_NER",-1.39712587801447,6.19469233473144,11,NA,NA,NA
"real","GNQ_STP",-1.56415468027158,3.63939978373541,13,NA,NA,NA
"real","GRD_BIH",-1.25133518383553,3.29213634169846,8,NA,NA,NA
"real","GRL_HKG",-2.45328613954253,14.294072337139,8,NA,NA,NA
"real","GRL_MKD",-0.973786755249091,3.44700153732398,9,NA,NA,NA
"real","GUM_PER",-0.834676106815013,3.08815807368962,9,NA,NA,NA
"real","GUM_POL",-1.59999589526408,4.92368335975745,15,NA,NA,NA
"real","GUM_SDN",-0.395746297819036,1.81973291672732,8,NA,NA,NA
"real","GUM_SWE",-0.379775831711677,1.85791856180637,13,NA,NA,NA
"real","GUY_COG",-0.820664979495065,3.16429435013894,8,NA,NA,NA
"real","HKG_VAT",-1.73812701589603,4.33555184380533,13,NA,NA,NA
"real","HMD_CRI",-0.851088101244506,4.89293409828191,9,NA,NA,NA
"real","HMD_GBR",-0.304085716353684,1.04607495876974,9,NA,NA,NA
"real","HMD_MEX",-1.97950363852584,6.93381527480705,8,NA,NA,NA
"real","HMD_POL",-1.64906958742524,4.19426272907412,10,NA,NA,NA
"real","HMD_SVK",-0.848698934668572,3.08231450937041,15,NA,NA,NA
"real","HMD_ZAF",-1.17741001671046,4.64844344007454,9,NA,NA,NA
"real","HTI_MOZ",-1.53343034358993,6.07003449434085,11,NA,NA,NA
"real","IND_ATA",-1.05347159190348,7.45683463757134,11,NA,NA,NA
"real","IND_HMD",-0.675363325761663,7.77777309802017,11,NA,NA,NA
"real","IND_UMI",-2.99543107632924,9.65467880483797,13,NA,NA,NA
"real","IOT_LKA",-1.79751489821689,8.89844585448267,8,NA,NA,NA
"real","IRL_TLS",-1.15423335977508,4.53386117316729,10,NA,NA,NA
"real","IRN_MNG",-0.701943627603955,3.7574188792854,12,NA,NA,NA
"real","IRQ_BIH",-0.929614375190918,4.6671691823606,11,NA,NA,NA
"real","IRQ_POL",-5.72721795976927,22.2592084138441,16,NA,NA,NA
"real","IRQ_UKR",-3.61397794639943,4.32840921669105,15,NA,NA,NA
"real","ISL_FSM",-1.15025111189861,3.53158758632027,8,NA,NA,NA
"real","ISL_SYR",-1.30622564339567,5.00145041350436,10,NA,NA,NA
"real","ISR_LBY",-0.254416468910613,1.60018324537793,10,NA,NA,NA
"real","ISR_LSO",-1.85585118034301,7.45858273274597,16,NA,NA,NA
"real","ISR_SLB",-1.10802446803782,4.70062644551642,14,NA,NA,NA
"real","ISR_VUT",-1.41051809451663,5.41918069220564,14,NA,NA,NA
"real","JAM_GUM",-0.10833685893556,0.618355427961885,12,NA,NA,NA
"real","JOR_HTI",-1.09929429138911,1.5578007683762,11,NA,NA,NA
"real","KAZ_BRN",-5.83015611287273,6.0974196511446,14,NA,NA,NA
"real","KAZ_KHM",-2.14493092028516,11.2418834715965,9,NA,NA,NA
"real","KAZ_LBY",-2.51940642273858,11.7830929388952,15,NA,NA,NA
"real","KAZ_TGO",-0.959165177745799,4.1952049081423,8,NA,NA,NA
"real","KEN_ASM",-3.03341258591595,13.7888066923748,11,NA,NA,NA
"real","KEN_FSM",-1.90103954434421,5.72527776236466,9,NA,NA,NA
"real","KEN_HTI",-2.37881827405373,9.94364894585784,12,NA,NA,NA
"real","KEN_PLW",-1.64753540555001,5.48194449800518,10,NA,NA,NA
"real","KEN_VCT",-4.21975617028529,8.63913495841043,14,NA,NA,NA
"real","KGZ_BEN",-2.19787540171365,9.34042944241163,8,NA,NA,NA
"real","KGZ_DOM",-0.967311246526354,4.21064859550594,15,NA,NA,NA
"real","KGZ_MLT",-2.06139821173329,3.68121253202909,9,NA,NA,NA
"real","KGZ_PHL",-0.939508881917873,4.08226473591846,15,NA,NA,NA
"real","KGZ_QAT",-1.00961998327387,2.65497902550782,15,NA,NA,NA
"real","KHM_MNG",-0.967388139144171,2.1087357269607,13,NA,NA,NA
"real","KHM_TLS",-1.20946489678278,9.5856042173024,8,NA,NA,NA
"real","KHM_YEM",-0.498122282209021,0.843133689731252,9,NA,NA,NA
"real","KIR_CRI",-0.408501839210627,3.82177177141803,13,NA,NA,NA
"real","KIR_PAK",-1.12328779324295,7.74281617919564,11,NA,NA,NA
"real","KIR_POL",-1.52958036602832,13.3082421338692,12,NA,NA,NA
"real","KNA_BDI",-1.07209408279137,3.56204009069507,9,NA,NA,NA
"real","KNA_BOL",-4.80341877406043,14.7228878663963,8,NA,NA,NA
"real","KWT_BWA",-2.51747909602509,8.70757151843343,10,NA,NA,NA
"real","LAO_BOL",-0.259493032216672,0.46306993172554,15,NA,NA,NA
"real","LAO_YEM",-1.4226642817157,8.50429186292174,12,NA,NA,NA
"real","LBN_KHM",-1.250998247239,6.65880864148348,14,NA,NA,NA
"real","LBR_BOL",-1.26538009830419,5.71693850367303,10,NA,NA,NA
"real","LBR_MWI",-0.649815605406772,2.50774784253492,11,NA,NA,NA
"real","LBR_YEM",-4.91028299873933,11.7525644362144,8,NA,NA,NA
"real","LBY_BIH",-1.48045128241285,6.77265605908783,16,NA,NA,NA
"real","LBY_USA",-0.245221728881191,0.361920951393509,16,NA,NA,NA
"real","LCA_NIC",-1.54647180854938,3.25704961705897,8,NA,NA,NA
"real","LCA_SWZ",-1.79524377667743,7.37932200286981,9,NA,NA,NA
"real","LIE_RUS",-0.0315464429942958,0.0587771574710171,8,NA,NA,NA
"real","LKA_ERI",-0.602907703314288,2.1873921352805,10,NA,NA,NA
"real","LKA_MSR",-1.66993649359707,6.21283719557976,8,NA,NA,NA
"real","LKA_TLS",-0.955525669772015,2.64280235512253,13,NA,NA,NA
"real","LKA_UMI",-0.615908569681087,4.52973873099623,15,NA,NA,NA
"real","LSO_JOR",-1.77980124032783,6.62828460308923,8,NA,NA,NA
"real","LSO_MKD",-1.70329279127122,3.67697861290357,9,NA,NA,NA
"real","LSO_NIC",-0.548205786875512,1.20911903214051,14,NA,NA,NA
"real","LSO_PER",-1.44275244414869,3.30602397879059,16,NA,NA,NA
"real","LSO_POL",-0.727352891047017,2.76839945398498,11,NA,NA,NA
"real","LSO_PRY",-0.734446893643794,3.69624148128983,8,NA,NA,NA
"real","LSO_RUS",-1.42224013180439,4.49362625040983,16,NA,NA,NA
"real","LSO_SVK",-2.13875055007492,10.8291004739914,10,NA,NA,NA
"real","LUX_TLS",-2.60742389366421,12.8098083267893,8,NA,NA,NA
"real","LVA_ZMB",-1.77307956239213,3.4068090651693,16,NA,NA,NA
"real","MAR_MNG",-1.3190519433936,4.90049923899931,11,NA,NA,NA
"real","MDA_CRI",-1.73694999733531,5.99831830260239,13,NA,NA,NA
"real","MDA_DOM",-1.4591557919514,5.47162048659051,14,NA,NA,NA
"real","MDA_ETH",-1.73565375956643,14.2238835035647,11,NA,NA,NA
"real","MDA_IRQ",-0.152044783166229,0.22862236193855,16,NA,NA,NA
"real","MDA_QAT",-1.66469994344104,7.47369905844304,10,NA,NA,NA
"real","MDA_SDN",-1.80206355980677,6.18072576568939,16,NA,NA,NA
"real","MDG_KGZ",-1.35921638774493,6.52305530413591,11,NA,NA,NA
"real","MEX_PSE",-0.675745981442443,2.70717819200858,15,NA,NA,NA
"real","MEX_SLB",-3.2303472065533,8.68823967762682,13,NA,NA,NA
"real","MHL_IND",-4.10634252800966,15.3082485441577,16,NA,NA,NA
"real","MHL_NAM",-4.45059526679447,11.9190050352701,11,NA,NA,NA
"real","MHL_SVN",-1.47928676035169,3.03129967198663,13,NA,NA,NA
"real","MLI_KNA",-1.00981116629372,6.64382528647373,12,NA,NA,NA
"real","MLT_MNG",-2.03732998865709,3.66307058053589,13,NA,NA,NA
"real","MMR_BWA",-0.80846255175361,5.23928326772121,14,NA,NA,NA
"real","MMR_KAZ",-0.899982497601442,2.48264817444935,16,NA,NA,NA
"real","MMR_PNG",-1.01032276908862,2.82750647981585,9,NA,NA,NA
"real","MMR_SYR",-5.90167630820998,11.4698959602185,10,NA,NA,NA
"real","MNG_BIH",-1.34562668024262,4.27931140090854,16,NA,NA,NA
"real","MNG_BOL",-4.00949257344599,8.1591424272658,12,NA,NA,NA
"real","MNG_MAR",-2.79921960898681,7.23800750828031,14,NA,NA,NA
"real","MNG_PRY",-0.959755904317697,1.86079884392657,9,NA,NA,NA
"real","MNP_CZE",-3.93850418656801,5.94015311074425,14,NA,NA,NA
"real","MNP_PAK",-0.289108286727365,2.05947278397114,12,NA,NA,NA
"real","MNP_POL",-0.991552476802287,2.06420950562467,15,NA,NA,NA
"real","MOZ_VUT",-6.05877158198609,12.7241779266029,8,NA,NA,NA
"real","MOZ_YEM",-2.1086444162866,6.42310856168317,8,NA,NA,NA
"real","MRT_BDI",-1.89995869101742,4.35023786987927,12,NA,NA,NA
"real","MRT_COM",-1.78099198549934,7.64331839109764,10,NA,NA,NA
"real","MRT_ECU",-0.939049444195641,3.85488844213922,11,NA,NA,NA
"real","MRT_SYC",-1.99355910967521,5.16930345956093,12,NA,NA,NA
"real","MSR_PAK",-1.03766811334546,3.79378429291399,14,NA,NA,NA
"real","MSR_PRY",-1.40261231355233,5.0055442908404,12,NA,NA,NA
"real","MUS_AFG",-1.53911546286296,6.63240275853956,8,NA,NA,NA
"real","MUS_VAT",-2.19523812109096,8.61193861887715,9,NA,NA,NA
"real","MWI_ALB",-0.749216064146202,4.20589733948321,9,NA,NA,NA
"real","NAM_BFA",-2.9806790240222,15.098640292787,10,NA,NA,NA
"real","NAM_IOT",-0.966564209242242,6.37973533757257,12,NA,NA,NA
"real","NAM_IRQ",-2.16732477258651,6.2116970700771,9,NA,NA,NA
"real","NAM_LBY",-1.25761363524197,9.22695888124424,12,NA,NA,NA
"real","NAM_NCL",-2.57164319383425,6.95116851960141,12,NA,NA,NA
"real","NCL_GTM",-1.49405179096623,5.51515723094542,10,NA,NA,NA
"real","NCL_YEM",-1.66706231157856,5.41947373994248,12,NA,NA,NA
"real","NER_BRN",-1.80475979774349,5.3114620385978,9,NA,NA,NA
"real","NER_ECU",-1.00005820217739,2.72834891501467,11,NA,NA,NA
"real","NER_HRV",-0.888341471442744,1.90220756524089,10,NA,NA,NA
"real","NFK_PAK",-0.974544051005415,3.25654879291462,15,NA,NA,NA
"real","NFK_ZAF",-2.18681495056269,6.3764906298332,12,NA,NA,NA
"real","NGA_BIH",-1.08698672624504,4.00504215336036,16,NA,NA,NA
"real","NIC_FJI",-1.83017020835529,5.59531976078145,14,NA,NA,NA
"real","NIC_MNG",-0.174182567042175,1.91955560614277,10,NA,NA,NA
"real","NIC_SYC",-1.21855539358963,4.29565294462413,10,NA,NA,NA
"real","NIU_POL",1.13346538001279,5.222955905325,16,NA,NA,NA
"real","NIU_SWE",0.623853458262845,10.2616558137714,10,NA,NA,NA
"real","NPL_BIH",-0.566174292342277,1.62155421760928,16,NA,NA,NA
"real","NPL_NIC",-2.25682970050816,7.25367329379787,13,NA,NA,NA
"real","NPL_PRY",-1.88419627072598,5.20994445080256,8,NA,NA,NA
"real","NRU_CHN",-0.846717788800113,2.80134800262629,12,NA,NA,NA
"real","OMN_GNQ",-0.135018143225186,0.954621348375653,11,NA,NA,NA
"real","OMN_PNG",-0.48681003933484,2.03768298741299,13,NA,NA,NA
"real","OMN_PRY",-4.13717635950962,24.1598394115949,14,NA,NA,NA
"real","PAN_PSE",-0.62994767024575,3.689940019908,12,NA,NA,NA
"real","PCN_IND",-0.810085943425224,4.78045524536942,10,NA,NA,NA
"real","PCN_PAK",-0.902066085073719,5.95445990656746,14,NA,NA,NA
"real","PER_GNB",-0.0861577991271369,0.993029979478666,11,NA,NA,NA
"real","PER_KHM",-1.42296619891253,2.64648083232139,15,NA,NA,NA
"real","PHL_AIA",-1.45162760443237,3.8422597487969,8,NA,NA,NA
"real","PLW_DOM",-0.815879818915307,2.81999860315747,13,NA,NA,NA
"real","PLW_PAK",-2.64949159543143,11.3477769225101,12,NA,NA,NA
"real","PLW_TUR",-3.27679380056482,18.0031852618081,11,NA,NA,NA
"real","PNG_BOL",-1.08816205376347,4.66620596043263,8,NA,NA,NA
"real","POL_BVT",-0.660465266908261,4.8868152480125,8,NA,NA,NA
"real","POL_GNQ",-0.187324269744501,0.736235427380482,16,NA,NA,NA
"real","PRY_ARM",-1.41592796108211,10.1201503033474,16,NA,NA,NA
"real","PRY_BIH",-0.791002460248979,3.75610278950594,15,NA,NA,NA
"real","PRY_GMB",-2.20853885958628,10.929843290352,14,NA,NA,NA
"real","PYF_IND",-0.127175238382724,0.556542797036258,16,NA,NA,NA
"real","QAT_BWA",-1.21753262948229,15.4546389469885,14,NA,NA,NA
"real","QAT_CPV",-0.626011814087775,1.89909938221963,12,NA,NA,NA
"real","QAT_EST",-3.42478227036627,12.1271037895348,15,NA,NA,NA
"real","QAT_RWA",-1.90398061832862,4.45290432918717,15,NA,NA,NA
"real","QAT_SYC",-5.45339033604222,9.86690670785667,16,NA,NA,NA
"real","RUS_LSO",-1.93211830373098,10.2718526110312,10,NA,NA,NA
"real","RWA_BIH",-2.07109106408964,8.06211286656796,13,NA,NA,NA
"real","RWA_CAF",-4.90797404645226,19.1416076621543,11,NA,NA,NA
"real","RWA_KWT",-1.02364654117922,2.44826494625242,12,NA,NA,NA
"real","RWA_PRK",-0.527805423182167,1.63133619046387,8,NA,NA,NA
"real","RWA_SLE",-1.41360134825759,3.66242739313349,10,NA,NA,NA
"real","SDN_PRY",0.202524146165895,1.56700094513333,10,NA,NA,NA
"real","SEN_AFG",-0.395335761476604,2.54912145160052,16,NA,NA,NA
"real","SEN_ARM",-1.53745768776784,5.48527788647331,14,NA,NA,NA
"real","SEN_AZE",-0.311598613733507,0.835534183625032,8,NA,NA,NA
"real","SEN_BIH",-1.0113830398384,1.97753665140452,16,NA,NA,NA
"real","SEN_BRN",-0.985867709663545,2.65383831841093,16,NA,NA,NA
"real","SEN_FJI",-1.142853400362,4.38229293461981,15,NA,NA,NA
"real","SEN_GEO",-0.232851932781729,2.03707496167293,16,NA,NA,NA
"real","SEN_KIR",-0.68630284075612,2.12307524416289,11,NA,NA,NA
"real","SEN_QAT",-2.03347862079292,8.05750243121666,15,NA,NA,NA
"real","SEN_TLS",-0.445879742509197,1.99958608939663,11,NA,NA,NA
"real","SHN_NAM",-2.69075371233719,17.7932854565141,8,NA,NA,NA
"real","SHN_YEM",-1.17610357365633,6.29392134917605,9,NA,NA,NA
"real","SLB_YEM",-1.18846526270134,5.04906805626196,8,NA,NA,NA
"real","SLE_BWA",-3.08701039679226,8.91114988883123,11,NA,NA,NA
"real","SOM_BLR",-6.08411403397826,13.1973631391038,9,NA,NA,NA
"real","SOM_HND",-2.45442759597466,7.24374806013703,9,NA,NA,NA
"real","SPM_CHN",-2.16318626424129,10.037527804431,8,NA,NA,NA
"real","SPM_MEX",-1.55202249938406,5.71995366128141,10,NA,NA,NA
"real","SPM_PRY",-0.941550188948111,4.76351576634497,14,NA,NA,NA
"real","STP_MEX",-0.624530038950866,1.25493457053228,10,NA,NA,NA
"real","STP_PAK",-1.04750046898685,4.29093596656303,12,NA,NA,NA
"real","STP_VCT",-1.01176565463044,3.61173282085864,12,NA,NA,NA
"real","SUR_BFA",-1.49162546775068,7.09797989740836,9,NA,NA,NA
"real","SUR_MDA",-1.11848746977941,3.302556841996,14,NA,NA,NA
"real","SVN_HMD",-0.268319942952563,2.6776834943996,9,NA,NA,NA
"real","SVN_SWZ",-1.33090807756508,10.7790290432135,9,NA,NA,NA
"real","SWE_ASM",-2.1803503068268,4.68883639822759,14,NA,NA,NA
"real","SWE_COK",-0.550543122194692,2.46140603139764,13,NA,NA,NA
"real","SWE_GUM",-0.200706086515839,0.593734097537,16,NA,NA,NA
"real","SWE_TKL",-0.0467688387328485,2.32333570546832,16,NA,NA,NA
"real","SWZ_CAF",-2.10087102290132,7.02606976327504,9,NA,NA,NA
"real","SWZ_VNM",-0.773613045659255,3.67412759417952,11,NA,NA,NA
"real","SWZ_YEM",-1.34114980178217,4.47954213755265,14,NA,NA,NA
"real","SYC_KNA",-0.53150544284399,2.61701696191383,14,NA,NA,NA
"real","SYC_SEN",-0.903670785601567,3.52146283207957,11,NA,NA,NA
"real","SYR_RWA",-0.221202671693727,1.85899211411646,13,NA,NA,NA
"real","TCA_BFA",-1.32181417550869,7.47995679141454,13,NA,NA,NA
"real","TCA_BIH",-0.753336182549946,3.61243514112957,10,NA,NA,NA
"real","TCA_NAM",-1.03911047497414,5.08673569635703,9,NA,NA,NA
"real","TCA_PAK",-0.731272939444427,2.32154181986169,12,NA,NA,NA
"real","TCA_ZWE",-1.93865594986649,8.19860034111982,12,NA,NA,NA
"real","TCD_BIH",-2.03863865174477,6.8923939510738,9,NA,NA,NA
"real","TCD_DOM",-0.762067600751344,3.76556073148312,16,NA,NA,NA
"real","TGO_LVA",-1.72423844598428,4.02457157528343,10,NA,NA,NA
"real","TGO_YEM",-0.865910402822427,2.83415172556832,10,NA,NA,NA
"real","THA_ESH",-0.581378990097745,4.94851157756776,8,NA,NA,NA
"real","TJK_ARG",-1.74604578782051,6.8445446855755,9,NA,NA,NA
"real","TJK_YEM",-0.370562570500785,2.75923381350357,8,NA,NA,NA
"real","TKL_CRI",-0.209308421776124,1.71427088284,8,NA,NA,NA
"real","TKL_LUX",-0.742037621855054,4.25317081816822,13,NA,NA,NA
"real","TKL_MDG",-2.08441826187582,5.71355861422347,9,NA,NA,NA
"real","TKL_PAK",-1.1770765949595,13.3039073720299,10,NA,NA,NA
"real","TKL_ROU",-1.80099279735849,5.15553107089794,11,NA,NA,NA
"real","TKL_SWE",-0.508020200600076,2.69531703471563,16,NA,NA,NA
"real","TKL_UKR",-1.23774147403349,2.56583007022875,11,NA,NA,NA
"real","TKL_VCT",-2.18420247813608,8.85933994234993,11,NA,NA,NA
"real","TKM_BIH",-1.23907119814073,7.58307301410449,14,NA,NA,NA
"real","TKM_CRI",-1.50971137404046,5.03064971144606,11,NA,NA,NA
"real","TKM_ISL",-0.0385379928879788,3.40025719114701,9,NA,NA,NA
"real","TKM_NIC",-1.45631878617109,10.4896261991623,11,NA,NA,NA
"real","TLS_AGO",-0.810177034379507,4.37539914718292,13,NA,NA,NA
"real","TLS_BRA",-2.61877060894727,7.1662463360061,14,NA,NA,NA
"real","TLS_CZE",-1.36261680764232,4.92786621332222,14,NA,NA,NA
"real","TLS_ECU",-1.27519843804813,2.14905328937,8,NA,NA,NA
"real","TLS_ESP",-1.46181337660697,5.52289501621001,15,NA,NA,NA
"real","TLS_ETH",-0.171791901242783,3.06014623884518,12,NA,NA,NA
"real","TLS_IRL",-1.41276032682984,3.58687272355494,13,NA,NA,NA
"real","TLS_KOR",-2.3005301714684,8.30329140101745,16,NA,NA,NA
"real","TLS_PHL",-3.05780989618313,5.77271210291249,13,NA,NA,NA
"real","TLS_POL",-0.551938216320743,2.76762826369217,16,NA,NA,NA
"real","TLS_SDN",-4.49629330477571,18.7942593375408,8,NA,NA,NA
"real","TLS_ZMB",-1.43611078703496,5.3934761866143,11,NA,NA,NA
"real","TLS_ZWE",-2.26537554024786,7.94221902112989,11,NA,NA,NA
"real","TON_ARG",-0.914985882456807,3.70817912379482,8,NA,NA,NA
"real","TUN_ARM",-0.415440180556528,0.831844666169636,15,NA,NA,NA
"real","TUR_PLW",-1.29198312003065,5.78679205987567,12,NA,NA,NA
"real","TUV_KNA",-0.365500560613276,5.20839599684844,12,NA,NA,NA
"real","TUV_MKD",-0.906869765720532,5.31059055003908,14,NA,NA,NA
"real","TZA_KGZ",-2.46320415647188,5.20120290670739,10,NA,NA,NA
"real","UGA_BRB",-1.79602421947801,4.62493208602422,15,NA,NA,NA
"real","UGA_SLV",-2.09042008209933,4.51571950433329,14,NA,NA,NA
"real","UKR_COM",-0.927547051861666,2.62189081881385,16,NA,NA,NA
"real","UMI_BIH",-1.2868252743312,3.6100994110903,14,NA,NA,NA
"real","UMI_BRN",-1.26989471848953,8.31654854212557,12,NA,NA,NA
"real","UMI_CIV",-2.40860712842989,6.06646702751263,8,NA,NA,NA
"real","UMI_FIN",-0.719902799691552,5.02513216698717,13,NA,NA,NA
"real","UMI_LKA",-1.28719571330772,4.30506472136138,13,NA,NA,NA
"real","UMI_ROU",-4.03867071454767,21.2640990784891,9,NA,NA,NA
"real","UMI_SVN",-1.96928445719502,8.99222754750313,16,NA,NA,NA
"real","UMI_TWN",-3.46130237624506,4.52620460917846,15,NA,NA,NA
"real","URY_GIB",-0.586467448309657,2.68120900446587,8,NA,NA,NA
"real","UZB_YEM",-1.51405087706379,5.75243518743931,10,NA,NA,NA
"real","VAT_AUT",0.0965809683716327,1.43574195488659,16,NA,NA,NA
"real","VAT_HKG",-1.13990248253567,6.17264923951648,10,NA,NA,NA
"real","VGB_BHS",-2.19725043189363,5.38772602110606,14,NA,NA,NA
"real","VGB_MOZ",-0.579975720646098,2.40642417380928,15,NA,NA,NA
"real","VUT_SYC",-0.794189708914652,1.34993482338851,8,NA,NA,NA
"real","WSM_TUR",-2.90243294632667,13.984776321728,10,NA,NA,NA
"real","YEM_ABW",-2.8049856755855,9.14916899662898,10,NA,NA,NA
"real","YEM_AGO",-2.3413913174216,6.06247775804172,10,NA,NA,NA
"real","YEM_AND",-0.572286033798276,1.07294728977017,13,NA,NA,NA
"real","YEM_ARM",-3.5813091160112,10.0940413894493,9,NA,NA,NA
"real","YEM_BIH",-0.643942256444732,4.21108858851944,9,NA,NA,NA
"real","YEM_LBR",-3.05895612232168,4.30673809644578,9,NA,NA,NA
"real","YEM_NIC",-1.96902217656339,11.9054547726573,10,NA,NA,NA
"real","ZMB_BIH",-1.39379944511804,5.2736809472467,12,NA,NA,NA
"real","ZMB_URY",-3.95881698886156,17.4032564302011,10,NA,NA,NA
"real","ZWE_AFG",-0.548739961210664,1.85796995301969,14,NA,NA,NA
"real","ABW_CHL",-3.71975180285954,18.5424564119921,13,NA,NA,NA
"real","ABW_SAU",0.195076392194571,1.4514622989152,15,NA,NA,NA
"real","AFG_SRB",0.0715873734320941,3.52078923451343,14,NA,NA,NA
"real","AGO_ARE",-0.248838338728323,0.864405307938701,14,NA,NA,NA
"real","AGO_PAK",-2.16472698625867,6.80895297844084,15,NA,NA,NA
"real","AGO_SRB",-2.63195461907509,19.62005270501,12,NA,NA,NA
"real","AIA_NZL",-0.65568472892744,3.95594542783935,15,NA,NA,NA
"real","AIA_PAK",-1.69075832651171,5.57532444391295,12,NA,NA,NA
"real","ALB_ARM",-1.08863714055187,5.25303158952734,15,NA,NA,NA
"real","ALB_IRQ",-0.415370686044494,2.10807689398979,12,NA,NA,NA
"real","ALB_MRT",-1.08415186995125,2.66450418838412,10,NA,NA,NA
"real","AND_AZE",-0.839368000346854,2.61377853100255,14,NA,NA,NA
"real","AND_BDI",-0.645645143268594,2.64041078343169,12,NA,NA,NA
"real","AND_MAC",-0.0322297499650494,3.09111852290373,8,NA,NA,NA
"real","AND_SMR",-2.66385952002755,8.51653730986701,9,NA,NA,NA
"real","AND_SYC",-0.806190347918039,3.47856922049408,11,NA,NA,NA
"real","ARE_ABW",-0.96936597685481,3.66697772736002,11,NA,NA,NA
"real","ARE_AIA",-0.653755419176432,1.59107708578522,12,NA,NA,NA
"real","ARE_ATG",-1.36590869604805,5.5631833167879,14,NA,NA,NA
"real","ARE_BHS",-0.823868243763516,2.50807358884665,11,NA,NA,NA
"real","ARE_CAF",-0.171001816070347,0.285600050313272,14,NA,NA,NA
"real","ARE_COK",-0.763479910693331,2.34872521300466,8,NA,NA,NA
"real","ARE_GNQ",-0.00614157247050554,0.408982714769717,11,NA,NA,NA
"real","ARE_GUM",-1.7411979341376,5.45658727666243,10,NA,NA,NA
"real","ARE_HTI",-0.716134641006484,2.54855696221038,11,NA,NA,NA
"real","ARE_LAO",-0.753974800762012,2.35255266864725,12,NA,NA,NA
"real","ARE_SLB",-1.01106120258252,7.24500122833597,13,NA,NA,NA
"real","ARE_SRB",-0.00160516738506421,0.708446472457973,15,NA,NA,NA
"real","ARE_TCD",-0.177920574439274,0.584258375054149,11,NA,NA,NA
"real","ARE_TLS",-1.32913299511568,4.47108304969912,9,NA,NA,NA
"real","ARE_TON",-0.443074739441284,2.68768619568351,14,NA,NA,NA
"real","ARE_VUT",-0.289719745037531,2.52742364534039,15,NA,NA,NA
"real","ARG_SRB",-0.110619189125224,0.245041733802539,15,NA,NA,NA
"real","ARM_AGO",-2.0219456685622,12.0210541865618,10,NA,NA,NA
"real","ARM_ETH",-0.256142159391728,1.82776097311563,9,NA,NA,NA
"real","ARM_RWA",-1.77319489774728,7.94833739810596,12,NA,NA,NA
"real","ARM_SRB",-1.85401037644489,4.53422137588278,15,NA,NA,NA
"real","ASM_BDI",-1.53541586832504,6.53625065055235,8,NA,NA,NA
"real","ASM_MDA",-1.45068257991432,9.41264794683649,9,NA,NA,NA
"real","ASM_PAK",-0.321176237115097,0.82631335297164,15,NA,NA,NA
"real","ASM_UKR",-3.45445704039985,10.7010576262127,11,NA,NA,NA
"real","ATA_AUS",-1.85239500044335,5.85852710584625,13,NA,NA,NA
"real","ATF_DOM",-0.738038020862849,5.72131981658875,8,NA,NA,NA
"real","ATF_PAK",-0.766293028608475,4.63338446465806,15,NA,NA,NA
"real","ATG_COG",-2.31390564505912,4.85340179511658,9,NA,NA,NA
"real","ATG_COM",-0.0184547246449669,6.0097415820133,9,NA,NA,NA
"real","ATG_MMR",-3.04053329335142,12.8911484503248,11,NA,NA,NA
"real","ATG_PAK",0.142945544144995,11.2251681146251,13,NA,NA,NA
"real","ATG_SEN",-0.83627708302724,15.1772668999389,12,NA,NA,NA
"real","ATG_SYC",-0.0742490113977481,9.92507246386758,11,NA,NA,NA
"real","AUS_SRB",0.0387075090406684,0.104062761094111,15,NA,NA,NA
"real","AZE_BDI",-2.89630804378138,9.03484917661298,8,NA,NA,NA
"real","AZE_SDN",-0.99793655124171,3.98512277128575,13,NA,NA,NA
"real","AZE_SRB",-0.884777420356469,2.72230053122122,15,NA,NA,NA
"real","BDI_CAF",-1.14664452253739,4.41193272680782,8,NA,NA,NA
"real","BFA_SRB",-1.50532930091802,7.58579350534275,13,NA,NA,NA
"real","BGR_COK",-1.20268832192357,2.64802420837054,10,NA,NA,NA
"real","BHR_BLR",-1.64487610544816,4.58650801390122,15,NA,NA,NA
"real","BHR_SRB",-1.25916644613309,1.76550085829894,15,NA,NA,NA
"real","BHS_SRB",-1.4163587054925,7.61743374868578,15,NA,NA,NA
"real","BIH_BEN",-1.06226718496121,3.09340816296418,12,NA,NA,NA
"real","BIH_LBR",-1.88840457804566,7.04604608040501,10,NA,NA,NA
"real","BLR_SRB",-0.192669144228709,0.409658239312471,15,NA,NA,NA
"real","BLZ_BIH",-0.869973214708094,5.02814255046773,13,NA,NA,NA
"real","BLZ_NCL",-0.649988123986733,3.10655369199351,10,NA,NA,NA
"real","BLZ_SRB",-1.13635319156355,5.71706828604094,15,NA,NA,NA
"real","BMU_CHL",-0.57035684496727,3.23245021931872,13,NA,NA,NA
"real","BMU_SRB",-1.47720395622565,12.2675984020366,10,NA,NA,NA
"real","BRA_MHL",-3.23887513448546,11.781531106447,13,NA,NA,NA
"real","BRB_PRK",-1.43309078107257,5.95650568945445,10,NA,NA,NA
"real","BTN_BIH",-2.9942248062795,7.63444505891867,8,NA,NA,NA
"real","BVT_FRA",0.255548943477253,6.41168663228542,15,NA,NA,NA
"real","BVT_PAK",-0.212309794410975,13.722545997241,15,NA,NA,NA
"real","BWA_MRT",-1.35566994847941,9.46372525742242,12,NA,NA,NA
"real","BWA_SRB",-1.6248920270418,9.13407318240722,13,NA,NA,NA
"real","BWA_VNM",-3.45750344076276,20.1326030304306,11,NA,NA,NA
"real","CAN_SRB",-0.167609713592676,0.347414957116762,15,NA,NA,NA
"real","CCK_PAK",-0.604331871234818,3.27134454594228,15,NA,NA,NA
"real","CCK_TTO",-1.08425701892994,6.2574119759411,8,NA,NA,NA
"real","CHL_COK",0.0366739209137192,0.585697139171832,13,NA,NA,NA
"real","CHL_CYM",-0.0654393948339186,0.445830621128725,15,NA,NA,NA
"real","CHL_GUM",-1.1390481961097,2.86337702373105,15,NA,NA,NA
"real","CHL_TCA",-0.229029321204481,0.871360130947617,15,NA,NA,NA
"real","CHN_SPM",-0.649192605080884,2.11698728332693,12,NA,NA,NA
"real","CHN_SRB",-0.158775474198468,0.468189384692723,15,NA,NA,NA
"real","CIV_SRB",-0.438414437742701,2.38744201403738,15,NA,NA,NA
"real","CMR_SRB",-0.226723870735737,0.939117809969472,15,NA,NA,NA
"real","COD_BIH",-0.950402296233143,2.83000273897963,14,NA,NA,NA
"real","COG_BHR",-2.12860502416807,5.74573681638445,11,NA,NA,NA
"real","COG_GTM",-3.83394101706096,10.3413142971508,10,NA,NA,NA
"real","COG_IRN",-1.4948105642569,6.32068355294489,8,NA,NA,NA
"real","COG_LVA",-3.54582327663695,13.8711054553481,11,NA,NA,NA
"real","COG_PYF",-0.970635069420849,2.69303164822399,11,NA,NA,NA
"real","COG_SRB",-0.919681958871035,2.13935365977362,15,NA,NA,NA
"real","COK_IND",-0.730634866382359,2.76993129693958,8,NA,NA,NA
"real","COK_SWE",-1.10022981925108,3.71417182631542,14,NA,NA,NA
"real","COK_TTO",-5.91861124790063,18.0560768648658,8,NA,NA,NA
"real","COL_DJI",-0.488828448994751,1.77549429989248,13,NA,NA,NA
"real","COL_SRB",-0.36630130260379,1.44838832649488,15,NA,NA,NA
"real","COL_TKM",-0.809864057682107,1.92677428856934,9,NA,NA,NA
"real","COM_MDA",-0.111081494073135,1.13128176955332,12,NA,NA,NA
"real","COM_MOZ",-1.57522698406675,3.60339824141267,8,NA,NA,NA
"real","CPV_BRB",-1.41827638448453,7.76813734670963,12,NA,NA,NA
"real","CPV_KHM",-1.63409065766551,7.62094224068489,9,NA,NA,NA
"real","CPV_LKA",-1.94213063033365,8.23727187068978,9,NA,NA,NA
"real","CPV_PAK",-1.24256989494231,5.3557944407954,13,NA,NA,NA
"real","CRI_SRB",-0.0856356497822516,0.367631484623676,15,NA,NA,NA
"real","CUB_SRB",-0.0697232184331231,0.768431739988874,15,NA,NA,NA
"real","CXR_CHE",-0.533298613085942,1.50153235917263,8,NA,NA,NA
"real","CXR_ESP",-3.70136879634837,8.06060450198492,10,NA,NA,NA
"real","CXR_IRL",-1.38193800934591,4.29496241567907,15,NA,NA,NA
"real","CXR_NLD",-0.662348854248794,1.98525938070919,12,NA,NA,NA
"real","CYM_CHL",-1.35425013017965,9.03473838963301,12,NA,NA,NA
"real","CYM_PAK",-2.20938082623428,8.03188458702861,14,NA,NA,NA
"real","CYM_SRB",-2.30034252815397,29.2262197612095,10,NA,NA,NA
"real","DJI_CIV",-1.17312092466855,4.14236409002449,9,NA,NA,NA
"real","DJI_LKA",-1.56042226943758,8.21324241656532,12,NA,NA,NA
"real","DMA_ARE",-1.23291480083786,3.59713590025524,12,NA,NA,NA
"real","DMA_ETH",-3.37628426598581,6.83226759116044,12,NA,NA,NA
"real","DMA_SRB",-1.50285779740283,7.30773119112612,15,NA,NA,NA
"real","DOM_AGO",-0.725029313669634,2.80511714982971,14,NA,NA,NA
"real","DOM_FJI",-1.32321721303792,8.34350740561789,9,NA,NA,NA
"real","DOM_SRB",0.107589859497243,0.171891070602879,15,NA,NA,NA
"real","DZA_DJI",-2.08005998132579,6.63154591516196,9,NA,NA,NA
"real","DZA_RWA",-1.07344142494936,3.392507166386,14,NA,NA,NA
"real","DZA_SRB",-0.443170521957366,1.38491066550913,15,NA,NA,NA
"real","DZA_SWZ",-3.9249486094645,11.9763312162612,9,NA,NA,NA
"real","DZA_SYC",-1.04703292182398,4.50754284476323,10,NA,NA,NA
"real","ECU_SRB",-0.370504767196536,2.26131183838287,15,NA,NA,NA
"real","ETH_ARM",-0.241043400142602,1.11565672162015,15,NA,NA,NA
"real","ETH_GNQ",-0.489804732894085,2.05834284835664,13,NA,NA,NA
"real","ETH_KGZ",-1.99196717746513,11.4838564913555,11,NA,NA,NA
"real","ETH_KHM",-1.37553579814517,2.54577412838808,12,NA,NA,NA
"real","ETH_LAO",-5.1780782080327,19.9919682471524,9,NA,NA,NA
"real","ETH_MDA",-0.181635089709407,0.880665097650667,14,NA,NA,NA
"real","ETH_MNG",-0.241228789940395,0.632027030665322,10,NA,NA,NA
"real","ETH_SRB",0.0201493787411584,0.300415339611122,15,NA,NA,NA
"real","FJI_ATG",-0.0903301859010682,1.00381546083344,14,NA,NA,NA
"real","FJI_IRQ",-0.649831914969304,4.08610999469268,8,NA,NA,NA
"real","FJI_SRB",-0.734819358578109,2.7111484718556,13,NA,NA,NA
"real","FJI_TKL",0.049793802037068,2.65030739988153,14,NA,NA,NA
"real","FRO_PAK",-5.23411421545392,9.02353534423969,14,NA,NA,NA
"real","FSM_PAK",-1.18267859535309,3.645154235202,9,NA,NA,NA
"real","GAB_SLV",-2.46521131774072,9.96849023633401,10,NA,NA,NA
"real","GAB_SWZ",-2.31174208262228,14.1428640247921,9,NA,NA,NA
"real","GEO_BDI",-1.5640821946428,5.7998061099852,14,NA,NA,NA
"real","GEO_SRB",-1.55959059733301,3.96032862310101,15,NA,NA,NA
"real","GHA_AZE",-2.13168509966343,5.37043971852474,12,NA,NA,NA
"real","GHA_SRB",-0.278517876739139,2.89529774182949,15,NA,NA,NA
"real","GIB_IND",-3.09637356261027,10.4475616231732,12,NA,NA,NA
"real","GIB_SRB",-1.7975856240205,15.6566205592254,10,NA,NA,NA
"real","GMB_SWZ",-3.65121460606861,10.9647708483488,9,NA,NA,NA
"real","GRD_PAK",-1.00537420197044,3.06446647560659,14,NA,NA,NA
"real","GRD_SRB",-1.81436745962247,3.35126863567028,15,NA,NA,NA
"real","GTM_IRQ",-1.37714333526754,3.93615484919486,12,NA,NA,NA
"real","GUM_ATG",-1.56202792164613,12.220919644658,10,NA,NA,NA
"real","GUM_PYF",-0.321001327043538,0.640614853083334,8,NA,NA,NA
"real","GUM_SLV",-1.84767384942039,5.33129870902768,12,NA,NA,NA
"real","GUM_SRB",-1.10434929823359,7.40508195427468,9,NA,NA,NA
"real","GUY_CIV",-2.15778015596451,5.40323175170749,9,NA,NA,NA
"real","HKG_SRB",-0.192993666001233,0.174724025993422,15,NA,NA,NA
"real","HMD_PAK",-1.01116901601119,4.34909161851266,14,NA,NA,NA
"real","HND_SRB",-0.241972186687661,0.524261298012457,15,NA,NA,NA
"real","HRV_MDV",-0.970054466942265,1.89326205778761,13,NA,NA,NA
"real","HTI_MDA",-0.502551052417365,1.48222034403445,13,NA,NA,NA
"real","IDN_SRB",-0.0945915038048022,0.133270963515946,15,NA,NA,NA
"real","IND_SRB",-0.122580258230847,0.271951699156571,15,NA,NA,NA
"real","IOT_PAK",-1.70482703511023,6.16216128014616,14,NA,NA,NA
"real","IRN_SRB",-0.119023996861632,0.54352886023413,15,NA,NA,NA
"real","IRQ_SRB",-5.09162369858848,23.9146536001681,15,NA,NA,NA
"real","ISR_AGO",-0.20134214652542,0.505189811386728,15,NA,NA,NA
"real","ISR_TON",-0.662223211512445,2.10739124408554,12,NA,NA,NA
"real","ISR_TUV",-0.213271130922534,2.92965453158977,8,NA,NA,NA
"real","JAM_SRB",-0.373562956033076,1.85343604714823,14,NA,NA,NA
"real","JAM_TON",-0.427830740795237,1.28791152198235,9,NA,NA,NA
"real","JOR_SRB",-1.26923646703744,2.81183914611868,15,NA,NA,NA
"real","JPN_ABW",-0.104724641499728,2.42954041566863,11,NA,NA,NA
"real","JPN_SRB",-0.19157030148328,0.554941976979591,15,NA,NA,NA
"real","KAZ_PNG",-1.85378453201669,5.8001052811429,10,NA,NA,NA
"real","KAZ_SRB",-0.753909338850801,2.30842406029045,15,NA,NA,NA
"real","KEN_SRB",-2.55385383311472,2.19067493079035,15,NA,NA,NA
"real","KGZ_BHR",-3.48115126505426,7.77030920329368,15,NA,NA,NA
"real","KGZ_CHL",-2.08633511458833,5.72513534105784,14,NA,NA,NA
"real","KGZ_ETH",-2.84076649712979,9.61153706332994,9,NA,NA,NA
"real","KGZ_ISL",-1.81273142987156,13.9261399686263,8,NA,NA,NA
"real","KGZ_MOZ",-1.49634919313967,4.87204676600846,13,NA,NA,NA
"real","KGZ_NGA",-0.840611607079091,1.95712369003006,10,NA,NA,NA
"real","KGZ_NPL",-1.47407474796813,10.3354640149615,11,NA,NA,NA
"real","KGZ_SRB",-0.251385055262394,1.46829073028125,15,NA,NA,NA
"real","KHM_BMU",-0.3378347030205,0.699787385809926,11,NA,NA,NA
"real","KHM_BWA",-1.44092025229055,3.66383358103778,9,NA,NA,NA
"real","KHM_COG",-0.490650647857736,1.73260468184059,13,NA,NA,NA
"real","KHM_GIN",-1.76825064897246,9.13927454469558,13,NA,NA,NA
"real","KHM_GRD",-2.32686261390443,8.88464227976574,8,NA,NA,NA
"real","KHM_HTI",-0.615507580535431,1.9314899910042,12,NA,NA,NA
"real","KHM_SRB",-0.505926411366316,1.89754861326767,15,NA,NA,NA
"real","KNA_NCL",-0.529824549292931,1.31214982370978,8,NA,NA,NA
"real","KNA_PAK",-1.91647430087153,5.06660523209448,11,NA,NA,NA
"real","KNA_SRB",-0.769679275410884,1.74121154637936,15,NA,NA,NA
"real","KWT_MDA",-1.04386218403991,4.20900800076955,11,NA,NA,NA
"real","KWT_SRB",-0.138414959271436,0.762623312594251,15,NA,NA,NA
"real","LAO_CMR",-0.681254324636864,2.59164418226291,10,NA,NA,NA
"real","LAO_FJI",-1.56703650209857,6.84694935599927,8,NA,NA,NA
"real","LAO_SRB",-0.302272720533269,0.894802716864385,15,NA,NA,NA
"real","LBN_SRB",0.0623567941389369,1.12152738860078,15,NA,NA,NA
"real","LBN_TJK",-1.11535046120738,3.06882672690819,12,NA,NA,NA
"real","LBR_NAM",-4.31428322071643,18.764677844924,10,NA,NA,NA
"real","LBR_RWA",-1.65870788811167,5.93949020725031,14,NA,NA,NA
"real","LBR_SRB",-1.22780402348358,9.0354146206804,14,NA,NA,NA
"real","LBY_MDA",-2.93967895212279,11.1688486326559,8,NA,NA,NA
"real","LBY_NZL",-7.16562526509255,17.2148477259527,9,NA,NA,NA
"real","LBY_SRB",-4.0118267216185,21.6974767188577,13,NA,NA,NA
"real","LCA_ISR",-0.518769110483597,1.88987267048507,9,NA,NA,NA
"real","LKA_SRB",-0.0648772527640297,0.11482901468743,15,NA,NA,NA
"real","LSO_BOL",-1.33776909403681,4.0540496175412,11,NA,NA,NA
"real","LSO_IDN",-2.0819635244923,10.9981020301609,12,NA,NA,NA
"real","LSO_NCL",-1.13691245441334,3.42581558545769,8,NA,NA,NA
"real","LSO_TUN",-1.39411967535243,3.95157429917529,9,NA,NA,NA
"real","LSO_UKR",-0.502757585149722,1.91557703233164,12,NA,NA,NA
"real","LTU_COM",-1.89450865412238,3.0675922086947,14,NA,NA,NA
"real","LVA_DJI",-1.24485128375316,2.26325587644438,15,NA,NA,NA
"real","LVA_MDV",-1.15633141935674,2.15187263791573,15,NA,NA,NA
"real","MAC_SRB",-0.508925958034879,0.616416204681221,15,NA,NA,NA
"real","MAR_MDV",-0.861064602559107,3.40921972596815,14,NA,NA,NA
"real","MAR_SRB",0.0110344386840851,0.255349699308491,15,NA,NA,NA
"real","MDA_BEN",-2.09064919398835,7.20413697311749,9,NA,NA,NA
"real","MDA_BLZ",-2.33275613458472,7.47756915799452,8,NA,NA,NA
"real","MDA_CIV",-0.485993298461583,2.82091724730845,14,NA,NA,NA
"real","MDA_MDG",-1.86774893882184,7.6517784313055,8,NA,NA,NA
"real","MDA_NPL",-0.89405582806638,5.662229597823,10,NA,NA,NA
"real","MDA_SMR",-1.66309719248223,11.5213465647199,9,NA,NA,NA
"real","MDV_MUS",-2.62510817030035,6.89794854947992,15,NA,NA,NA
"real","MHL_AZE",-1.49023081802776,4.812864885842,12,NA,NA,NA
"real","MHL_EGY",-2.41479825466112,7.05807927153894,10,NA,NA,NA
"real","MHL_KAZ",-2.05196492551824,5.68231032232791,8,NA,NA,NA
"real","MHL_MEX",-1.55244233714683,9.11639476051811,9,NA,NA,NA
"real","MHL_PAK",-0.85505456571347,4.26853012086642,12,NA,NA,NA
"real","MHL_SRB",-1.12008131367373,8.60855066047993,12,NA,NA,NA
"real","MKD_RWA",-1.5647841282455,8.93201538445233,8,NA,NA,NA
"real","MKD_TZA",-0.91899547347615,2.1273437139311,10,NA,NA,NA
"real","MLI_DOM",-1.93581175209753,5.55056392697009,9,NA,NA,NA
"real","MLI_FSM",-1.0488035004147,8.24007471989939,8,NA,NA,NA
"real","MLI_MDA",-0.454476776839017,2.83529196674252,14,NA,NA,NA
"real","MLI_QAT",-0.287751648672288,3.12114623925685,12,NA,NA,NA
"real","MMR_SRB",-0.037358063581231,0.150460663509035,15,NA,NA,NA
"real","MNP_CHL",-2.75682354460671,18.1679830281864,8,NA,NA,NA
"real","MNP_MUS",-2.17726946471586,8.70900419952176,8,NA,NA,NA
"real","MOZ_ATG",-2.38727244600577,9.4794113918207,9,NA,NA,NA
"real","MRT_ARE",-1.75485718349232,7.88257886831985,12,NA,NA,NA
"real","MSR_IND",-1.40159780919699,6.06357364034124,9,NA,NA,NA
"real","MUS_SRB",0.0942669672902851,0.502015017860954,15,NA,NA,NA
"real","MYS_SRB",-0.380092505396817,2.34169364492704,15,NA,NA,NA
"real","MYT_PAK",-1.53007635201217,5.1617372652148,8,NA,NA,NA
"real","NAM_ARM",-2.5433080440764,8.07285811824576,13,NA,NA,NA
"real","NAM_COK",-1.75456332721337,2.83329847059253,11,NA,NA,NA
"real","NAM_GTM",-0.785623153472914,3.25230436309988,12,NA,NA,NA
"real","NAM_MDA",-0.91576114562806,2.3913183148703,15,NA,NA,NA
"real","NAM_SRB",-0.911726483781708,2.71418819186204,15,NA,NA,NA
"real","NAM_VUT",-1.6456427081936,9.69547220499925,15,NA,NA,NA
"real","NCL_ASM",-0.0350806520332874,0.364717843971116,11,NA,NA,NA
"real","NCL_CHL",-0.911113033614534,2.88226399466994,13,NA,NA,NA
"real","NCL_SLV",-1.46101035905542,5.56280105005606,12,NA,NA,NA
"real","NER_ATG",-0.79023655348025,4.46488657706901,10,NA,NA,NA
"real","NER_AZE",-2.26596894816802,7.4268986621743,8,NA,NA,NA
"real","NER_MDA",-2.04575744092575,6.66997708126829,13,NA,NA,NA
"real","NER_SRB",-1.01616909808407,5.33646985213718,15,NA,NA,NA
"real","NFK_BEN",-0.661458367127731,2.23337090147849,10,NA,NA,NA
"real","NFK_POL",-1.73218984683967,7.56246264076856,11,NA,NA,NA
"real","NFK_SVK",-0.794268621653854,1.47232319403441,8,NA,NA,NA
"real","NGA_KGZ",-0.240650728696449,1.29382530757698,12,NA,NA,NA
"real","NGA_SRB",-0.540093611645481,1.58668666624069,15,NA,NA,NA
"real","NIC_ALB",-2.60738929599137,14.1076860538673,10,NA,NA,NA
"real","NIU_BIH",-1.02951717741332,6.78218551515668,14,NA,NA,NA
"real","NIU_LBN",-0.417903214521968,7.51485657518781,9,NA,NA,NA
"real","NIU_TUR",1.11342545184091,7.14345554168162,15,NA,NA,NA
"real","NPL_GEO",-1.43840995260193,4.79494660712863,15,NA,NA,NA
"real","NPL_SRB",-0.619829948245685,1.30526332285979,15,NA,NA,NA
"real","NRU_BIH",-1.06654166420309,6.86571229257839,12,NA,NA,NA
"real","NZL_SRB",-0.306621146856799,0.463817971787142,15,NA,NA,NA
"real","OMN_SRB",-0.439933480396334,1.29938556411066,15,NA,NA,NA
"real","PAK_ASM",-1.16182567745311,4.07605591610631,9,NA,NA,NA
"real","PAK_COK",-0.273446085999646,2.03238961273406,13,NA,NA,NA
"real","PAK_CYM",-0.12361492782187,0.789027081704697,15,NA,NA,NA
"real","PAK_HMD",-1.36687196121883,10.1184579868822,8,NA,NA,NA
"real","PAK_PSE",-0.82538475877604,3.05343621532446,13,NA,NA,NA
"real","PAK_SLB",-0.396827613467042,1.18300782082566,12,NA,NA,NA
"real","PAK_STP",-1.08669183384317,2.46697945041869,14,NA,NA,NA
"real","PAK_UMI",-1.78344656918643,10.5582642371054,9,NA,NA,NA
"real","PAK_VGB",-0.395978088918235,1.8976193500263,13,NA,NA,NA
"real","PAK_VUT",-0.710778970134505,3.99152011741293,11,NA,NA,NA
"real","PAN_BDI",-0.79978306743146,3.27932183195223,9,NA,NA,NA
"real","PAN_MLI",-2.04751206517081,5.20218839193632,11,NA,NA,NA
"real","PAN_SRB",-0.706809540761524,3.39008296206797,15,NA,NA,NA
"real","PAN_YEM",-0.684550179791411,1.33905180386536,9,NA,NA,NA
"real","PCN_BIH",-1.13609341042999,2.71250385570576,9,NA,NA,NA
"real","PCN_SLV",-1.22608724631842,3.17675309166465,13,NA,NA,NA
"real","PHL_SLE",-2.7860208932062,6.03120102670078,14,NA,NA,NA
"real","PLW_ZAF",-2.00140009202932,4.70877580177436,9,NA,NA,NA
"real","PRK_ARE",-2.11998587405113,9.69384165606813,11,NA,NA,NA
"real","PRK_QAT",-1.81816611479266,12.7888091817693,8,NA,NA,NA
"real","PRK_RWA",-0.713308928612164,1.63862636363826,15,NA,NA,NA
"real","PRK_SRB",-0.94829397927704,1.86576527511064,15,NA,NA,NA
"real","PRY_AZE",-0.479207533951972,2.09985798748169,12,NA,NA,NA
"real","PRY_DMA",-0.939419270438915,3.01605773126873,13,NA,NA,NA
"real","PRY_MDV",-1.28633760118773,4.45211423306358,8,NA,NA,NA
"real","PRY_SYC",-0.715244223440217,3.41567011907176,14,NA,NA,NA
"real","PSE_BIH",-0.302876160165027,2.4778689943557,8,NA,NA,NA
"real","PSE_JPN",-0.727554088128357,2.99239802664319,15,NA,NA,NA
"real","PYF_LKA",-1.1216838395307,3.13102875494128,8,NA,NA,NA
"real","PYF_PAK",-0.739578912437004,1.77940843379821,11,NA,NA,NA
"real","PYF_SRB",-0.961778150371234,2.35841170209811,13,NA,NA,NA
"real","QAT_BTN",0.0452592442276056,0.646995532111264,9,NA,NA,NA
"real","QAT_COD",-1.15529605738115,5.05770558668096,13,NA,NA,NA
"real","QAT_MAC",-2.17905300430725,9.16587356990967,10,NA,NA,NA
"real","QAT_SRB",-0.254507988739754,0.97536720932672,15,NA,NA,NA
"real","QAT_SWZ",-1.92193333955525,8.12505595300119,15,NA,NA,NA
"real","RUS_SMR",-0.30127092047745,1.5616879962657,15,NA,NA,NA
"real","RUS_TON",-2.05262069599567,7.61769030249393,11,NA,NA,NA
"real","RWA_ARM",-1.32475001202473,3.47226518205297,9,NA,NA,NA
"real","RWA_BWA",-1.53457981252762,7.50060337674585,10,NA,NA,NA
"real","RWA_GAB",-0.958606497026927,5.08800136806199,10,NA,NA,NA
"real","SAU_ABW",-2.33979290622147,7.9974962103951,11,NA,NA,NA
"real","SAU_BTN",-0.162155997362939,1.01262713060303,9,NA,NA,NA
"real","SAU_SRB",-0.496380669620849,1.63532487621721,15,NA,NA,NA
"real","SDN_SRB",-0.495597151316925,2.84947955254155,15,NA,NA,NA
"real","SEN_ATG",-1.64872385160645,6.40955197416077,15,NA,NA,NA
"real","SGP_SRB",0.0318491971476818,0.0854790850601774,15,NA,NA,NA
"real","SHN_NIC",-0.903601013076083,2.47621453957014,9,NA,NA,NA
"real","SHN_PAK",-1.04412556845713,5.16135151234838,10,NA,NA,NA
"real","SLB_KEN",-1.15468926870705,4.41209606067089,8,NA,NA,NA
"real","SLB_PAK",-0.40837306797182,1.51172891950754,13,NA,NA,NA
"real","SLE_ATG",-2.11153585887982,5.18962120954901,8,NA,NA,NA
"real","SLE_MDA",0.0740085574430177,1.5789960845399,15,NA,NA,NA
"real","SLV_ARM",-0.266826102179807,1.18181110599623,15,NA,NA,NA
"real","SLV_MDA",-0.81005987342406,2.52377685784279,14,NA,NA,NA
"real","SLV_MOZ",-0.664127896916425,2.51121025854822,10,NA,NA,NA
"real","SMR_NCL",-0.363089732981148,1.83532153622124,10,NA,NA,NA
"real","SMR_RUS",-0.564100902855019,2.07176046376825,15,NA,NA,NA
"real","SMR_SRB",-0.0725084212582293,0.533931267865667,14,NA,NA,NA
"real","SOM_PYF",-0.521258548686095,1.2016627938652,15,NA,NA,NA
"real","SRB_AFG",-0.773853783975276,3.43649508457259,15,NA,NA,NA
"real","SRB_AGO",-0.240337864087032,2.09219706726767,15,NA,NA,NA
"real","SRB_AND",0.0411180960355402,2.15028769817464,14,NA,NA,NA
"real","SRB_ARE",-0.0212629410149911,0.252558346290613,15,NA,NA,NA
"real","SRB_ARG",-0.724388922332102,1.19491039534287,15,NA,NA,NA
"real","SRB_ARM",-0.147463953537822,0.606264770181774,15,NA,NA,NA
"real","SRB_AUS",0.136198343932839,0.293025675698867,15,NA,NA,NA
"real","SRB_AZE",-0.536569235241877,1.87266363079129,15,NA,NA,NA
"real","SRB_BEN",-0.7960342189911,6.05747050784298,15,NA,NA,NA
"real","SRB_BHR",0.0724809422682794,0.367507951828281,15,NA,NA,NA
"real","SRB_BHS",-0.495150911864115,4.78657755215923,9,NA,NA,NA
"real","SRB_BLR",-0.285005825805118,1.15087089066009,15,NA,NA,NA
"real","SRB_BLZ",-0.546174898818397,2.46492191407577,15,NA,NA,NA
"real","SRB_BMU",-3.38005529202162,18.8148903771824,15,NA,NA,NA
"real","SRB_BOL",-0.606933491065097,1.9403475253994,15,NA,NA,NA
"real","SRB_BWA",-0.855591739876927,3.85395612565745,15,NA,NA,NA
"real","SRB_CAN",-0.302177487809462,0.293349654290967,15,NA,NA,NA
"real","SRB_CHN",-0.402450991680295,0.559622449918034,15,NA,NA,NA
"real","SRB_CIV",-0.542482357641827,1.90120016871443,15,NA,NA,NA
"real","SRB_CMR",-1.02681767458453,3.9697712773911,15,NA,NA,NA
"real","SRB_COG",-0.504604634570433,3.56733614681125,15,NA,NA,NA
"real","SRB_COM",-0.731777442101672,3.56016127360907,8,NA,NA,NA
"real","SRB_CUB",-0.969221063854992,4.49626796607474,12,NA,NA,NA
"real","SRB_CYM",-0.607506789137356,7.491130256967,10,NA,NA,NA
"real","SRB_DMA",-0.659080280456018,6.02513465236336,8,NA,NA,NA
"real","SRB_DOM",-0.37334888409645,1.11417047352812,15,NA,NA,NA
"real","SRB_DZA",0.0363978848811364,0.150376854202452,15,NA,NA,NA
"real","SRB_GAB",-0.608361546319633,1.49815793924468,15,NA,NA,NA
"real","SRB_GEO",-0.0155573117631676,0.506699830726604,15,NA,NA,NA
"real","SRB_GHA",-0.486550116841555,0.677406450254892,15,NA,NA,NA
"real","SRB_GIB",-1.27603367079623,11.1684355487284,14,NA,NA,NA
"real","SRB_GIN",-1.11398042806956,3.2198533931898,15,NA,NA,NA
"real","SRB_GNQ",-0.196221867201571,0.966243696186038,15,NA,NA,NA
"real","SRB_HKG",-0.744482736359329,1.37444296939767,15,NA,NA,NA
"real","SRB_IDN",-0.469001551164345,0.904126598287798,15,NA,NA,NA
"real","SRB_IND",-0.176148064960816,0.458057996274821,15,NA,NA,NA
"real","SRB_IRN",-0.504987177904004,1.61362134611141,15,NA,NA,NA
"real","SRB_IRQ",-1.00468223210642,4.39154707709225,15,NA,NA,NA
"real","SRB_JOR",-0.012755357219895,0.327099791201307,15,NA,NA,NA
"real","SRB_JPN",-0.917662010987053,1.54386058005138,15,NA,NA,NA
"real","SRB_KAZ",0.209250422198564,1.08886625903527,15,NA,NA,NA
"real","SRB_KEN",-0.497838120344044,1.59232899047907,15,NA,NA,NA
"real","SRB_KGZ",-1.13038944029642,2.03775312653402,15,NA,NA,NA
"real","SRB_KWT",-0.0887784260868223,0.18432070413336,15,NA,NA,NA
"real","SRB_LBN",-0.0834244741563457,0.117390584788986,15,NA,NA,NA
"real","SRB_LBR",-1.24025893616417,3.72679097583646,13,NA,NA,NA
"real","SRB_LBY",-0.0270054060482346,0.449298555530167,15,NA,NA,NA
"real","SRB_MAC",-1.00856874848306,5.77319624739545,15,NA,NA,NA
"real","SRB_MAR",-0.244826186678851,0.988253787634637,15,NA,NA,NA
"real","SRB_MHL",-0.524766598721771,6.81703648528407,11,NA,NA,NA
"real","SRB_MNG",-0.147330767379422,0.193952992463133,15,NA,NA,NA
"real","SRB_MYS",-0.279638649573556,0.885936211111869,15,NA,NA,NA
"real","SRB_NCL",-0.628120917622666,2.53834835140308,15,NA,NA,NA
"real","SRB_NGA",-0.590079028429637,0.736403531738797,15,NA,NA,NA
"real","SRB_NZL",-0.232133175899887,0.257942828570252,15,NA,NA,NA
"real","SRB_OMN",-0.281130463755529,1.67715462267402,15,NA,NA,NA
"real","SRB_PAN",0.0304727361160317,1.56820261402037,15,NA,NA,NA
"real","SRB_PNG",-1.70393045727975,8.49205464858233,8,NA,NA,NA
"real","SRB_PRK",-2.33178871134069,7.67878174259703,8,NA,NA,NA
"real","SRB_QAT",-0.0998077184348197,0.449344755924212,15,NA,NA,NA
"real","SRB_SAU",-0.264921575571478,0.924889340713284,15,NA,NA,NA
"real","SRB_SDN",-0.389483674921647,1.89913245639733,15,NA,NA,NA
"real","SRB_SGP",-0.432670793769148,0.963137746553706,15,NA,NA,NA
"real","SRB_SMR",-1.0108132291886,4.88068028910319,14,NA,NA,NA
"real","SRB_SOM",-1.80190036693369,7.41024828649098,11,NA,NA,NA
"real","SRB_SYC",-0.904583406420249,3.61310137717281,15,NA,NA,NA
"real","SRB_THA",-0.57525796854628,2.20424761950145,15,NA,NA,NA
"real","SRB_TZA",-0.0533507478933163,0.781680173442271,15,NA,NA,NA
"real","SRB_UGA",-0.850140791776642,4.18883377571797,15,NA,NA,NA
"real","SRB_UKR",-0.0564550736813262,0.600921814978732,15,NA,NA,NA
"real","SRB_USA",-0.0127800226826694,0.0682849703694969,15,NA,NA,NA
"real","SRB_UZB",0.142212927548162,1.93590332673664,15,NA,NA,NA
"real","SRB_VAT",-0.933459007820771,2.49780537590519,9,NA,NA,NA
"real","SRB_VCT",-2.97234515114853,15.9200640809203,13,NA,NA,NA
"real","SRB_VGB",-1.69498608405858,6.63048866120066,15,NA,NA,NA
"real","SRB_ZAF",-0.69745968445221,0.821968012441088,15,NA,NA,NA
"real","SRB_ZMB",0.245654629169139,2.20853439497098,15,NA,NA,NA
"real","SRB_ZWE",-1.41037957156297,7.88898882523065,15,NA,NA,NA
"real","STP_KNA",-0.270873566960379,0.879268318990224,8,NA,NA,NA
"real","SUR_MKD",-1.49079668845887,5.31791659008937,15,NA,NA,NA
"real","SUR_YEM",-1.29072063499928,4.03196754492048,11,NA,NA,NA
"real","SVN_VAT",-0.179359307409829,0.667083241632417,8,NA,NA,NA
"real","SWZ_BTN",-0.485960829051614,1.81799782385776,9,NA,NA,NA
"real","SWZ_SRB",-0.463249483335174,1.91975556321275,15,NA,NA,NA
"real","SYC_MNG",-0.462749859035838,2.02752051739756,11,NA,NA,NA
"real","SYC_NIC",-1.04478750830853,3.48525400341513,10,NA,NA,NA
"real","SYC_SRB",-2.02212456132673,7.18462195400899,15,NA,NA,NA
"real","SYC_URY",-0.590998025637236,1.81732797937154,12,NA,NA,NA
"real","SYR_SRB",-0.397422472129065,4.01901705752494,15,NA,NA,NA
"real","TCA_FJI",-1.05045437122031,2.8537683248558,11,NA,NA,NA
"real","TCA_MRT",-1.5528787900302,4.54469470284495,9,NA,NA,NA
"real","THA_SRB",-0.187518541217327,0.577853509818849,15,NA,NA,NA
"real","TJK_DOM",-3.44407550065645,13.8968783324779,11,NA,NA,NA
"real","TJK_SRB",-2.06964923122806,6.46012742681811,15,NA,NA,NA
"real","TKL_BDI",-1.53853882401574,9.47435736758226,9,NA,NA,NA
"real","TKL_MDA",-1.22607666106786,3.72822632070737,14,NA,NA,NA
"real","TKL_MKD",-2.60504943582222,7.27115543530158,11,NA,NA,NA
"real","TKL_NCL",-0.478446987670705,1.35639444206788,9,NA,NA,NA
"real","TKL_YEM",-1.43841479654416,5.31890115618786,11,NA,NA,NA
"real","TKM_ETH",-1.76997718433241,5.63260306082159,12,NA,NA,NA
"real","TKM_SRB",-1.22687526134504,7.76702189045652,15,NA,NA,NA
"real","TLS_BIH",-0.740961775016308,4.12738487214749,8,NA,NA,NA
"real","TLS_BOL",-0.590757764692948,2.28653711746199,11,NA,NA,NA
"real","TLS_MEX",-0.861293998414652,4.48040850316697,9,NA,NA,NA
"real","TLS_UKR",-2.02867876112851,8.52480587355431,8,NA,NA,NA
"real","TON_BHS",-1.36113599705203,4.96190859233493,8,NA,NA,NA
"real","TTO_MNG",-0.419048580798752,1.885242875367,8,NA,NA,NA
"real","TUN_MDV",-0.920433496058634,3.11900782754839,15,NA,NA,NA
"real","TUV_PAK",-0.417488149802181,3.30981090033309,11,NA,NA,NA
"real","UGA_ARM",-1.4090552038458,3.38686661840558,15,NA,NA,NA
"real","UGA_SRB",0.11197158984874,0.319320581698593,15,NA,NA,NA
"real","UKR_ABW",-1.3055583939858,6.29215123754812,13,NA,NA,NA
"real","UKR_SRB",-0.192553541743987,0.393259897600677,15,NA,NA,NA
"real","UMI_CMR",-1.21125487048378,3.04136840292664,11,NA,NA,NA
"real","UMI_DNK",-0.765718425553728,5.31644483792592,14,NA,NA,NA
"real","UMI_GRC",-1.13652356233767,3.1290157464435,9,NA,NA,NA
"real","UMI_PAK",-0.672060646633144,3.09373014626427,15,NA,NA,NA
"real","UMI_RWA",-1.33233949667647,8.40181150546645,11,NA,NA,NA
"real","URY_COM",-0.505376202969413,1.41655704949861,8,NA,NA,NA
"real","USA_SRB",0.0439807136122989,0.0561533437364486,15,NA,NA,NA
"real","UZB_SRB",-1.09200089978288,4.63807321391921,15,NA,NA,NA
"real","VCT_BIH",-2.98920105678506,4.16425303602167,9,NA,NA,NA
"real","VEN_MWI",-1.53953020766163,11.2998980984165,12,NA,NA,NA
"real","VEN_SRB",-1.081236114514,2.25743064562343,15,NA,NA,NA
"real","VEN_SYC",-1.19689814671361,3.91481957885579,11,NA,NA,NA
"real","VGB_KGZ",-1.66189611441489,5.56340834736533,15,NA,NA,NA
"real","VGB_PAK",-1.27246176919201,3.4568592498525,15,NA,NA,NA
"real","VGB_SAU",-0.53284117445785,1.11919389367544,15,NA,NA,NA
"real","VGB_SRB",-3.08033739610259,18.4697318042381,14,NA,NA,NA
"real","VGB_ZMB",-1.52286388970899,4.75384076822732,14,NA,NA,NA
"real","VNM_AFG",-0.32363670050377,0.4108412449901,11,NA,NA,NA
"real","VNM_SRB",-0.24886382122848,1.39305866909268,15,NA,NA,NA
"real","VUT_ARE",-0.695315029898226,3.14896378526072,11,NA,NA,NA
"real","VUT_PAK",-1.82936086118928,7.22962048283362,15,NA,NA,NA
"real","VUT_SRB",-3.03964897245847,14.2971445371067,8,NA,NA,NA
"real","WLF_IND",-2.44856703253007,4.79535177964114,12,NA,NA,NA
"real","WSM_ISR",-0.930443060193615,2.47490684535153,12,NA,NA,NA
"real","YEM_MDV",-1.90246030625714,5.53679761728563,9,NA,NA,NA
"real","YEM_SRB",-1.04013971953239,6.83286918103695,12,NA,NA,NA
"real","ZAF_SRB",-0.154030368609717,0.207006899611401,15,NA,NA,NA
"real","ZMB_DOM",-0.846477057269186,3.84178495190979,14,NA,NA,NA
"real","ZMB_LBR",-1.74818026830601,6.71885089281241,8,NA,NA,NA
"real","ABW_PAK",-0.5909890522404,10.2848486212513,11,NA,NA,NA
"real","AFG_MNE",-0.407754886137595,3.01358414068446,11,NA,NA,NA
"real","AFG_SDN",-2.96477326276617,13.4461800226528,12,NA,NA,NA
"real","ALB_SLE",-0.0897601274388657,0.853262404800387,10,NA,NA,NA
"real","ALB_TJK",-1.46559949655946,8.06918088096084,8,NA,NA,NA
"real","AND_MNE",-0.434489749970504,3.99979313615744,14,NA,NA,NA
"real","AND_SRB",-0.144551567108246,0.984755443610341,14,NA,NA,NA
"real","ARE_MNE",-1.78885053849332,3.02178055504452,14,NA,NA,NA
"real","ARG_MNE",0.00876058297587315,0.0447454673623292,14,NA,NA,NA
"real","ARM_AFG",-0.637469430697919,1.59591034235006,9,NA,NA,NA
"real","ARM_BEN",-0.737690693846911,2.32908959101915,11,NA,NA,NA
"real","ARM_BIH",-0.735412172659144,2.95292564102554,14,NA,NA,NA
"real","ARM_TUN",-1.12985539517901,4.57712953798923,12,NA,NA,NA
"real","ASM_CHE",-2.7736486319174,12.6595291524867,9,NA,NA,NA
"real","ASM_KAZ",-2.10674713346105,9.58944722817909,9,NA,NA,NA
"real","ASM_KWT",-2.60675127139176,7.48518805260371,11,NA,NA,NA
"real","ASM_MUS",-3.84004802133201,7.49224882566312,11,NA,NA,NA
"real","ASM_NER",-1.55195779966064,2.53852540439818,12,NA,NA,NA
"real","ASM_SRB",-1.4156093045651,5.78759814920036,10,NA,NA,NA
"real","ASM_TUN",-1.68102795620393,8.75010111973795,10,NA,NA,NA
"real","ATG_BLR",-3.84485018675434,11.4988169155314,8,NA,NA,NA
"real","ATG_SRB",0.359341504810298,1.78309314822314,13,NA,NA,NA
"real","AUS_MNE",-0.448726397103048,0.77997287177149,14,NA,NA,NA
"real","AZE_FJI",-0.898951891441714,2.1171479958798,10,NA,NA,NA
"real","BEN_MNE",-0.137543775144829,0.867840055408506,11,NA,NA,NA
"real","BFA_BDI",-0.859723450142275,5.49278213852952,10,NA,NA,NA
"real","BFA_MNE",-0.594723633726373,2.68414018742055,9,NA,NA,NA
"real","BGD_MNE",-0.216343417410255,0.320000895535022,14,NA,NA,NA
"real","BGD_TJK",-0.998794228633417,2.49621383089633,13,NA,NA,NA
"real","BHR_COG",-1.67302101289545,2.19096136232394,9,NA,NA,NA
"real","BHR_FJI",-1.81593454161512,8.31892309337832,8,NA,NA,NA
"real","BHS_MNE",-1.72640442829667,6.54668880426797,14,NA,NA,NA
"real","BIH_KNA",-1.96539301207842,10.8603429973919,10,NA,NA,NA
"real","BIH_MLI",-0.633863169980049,2.60446416304413,10,NA,NA,NA
"real","BIH_NER",-1.25752268832935,5.35335701467946,13,NA,NA,NA
"real","BIH_NGA",-0.781686765309239,3.62097071200392,14,NA,NA,NA
"real","BIH_SEN",-1.27832919184317,4.5636778233974,12,NA,NA,NA
"real","BIH_TJK",-1.79393732209044,3.10193876819454,12,NA,NA,NA
"real","BLR_BMU",-1.78809936225033,10.4595756788898,9,NA,NA,NA
"real","BLR_BRN",-1.48529971745066,4.13283350776406,8,NA,NA,NA
"real","BLR_CYM",-1.17284055883349,4.59791742361395,12,NA,NA,NA
"real","BLR_DMA",-0.865674064255023,3.89078102475885,12,NA,NA,NA
"real","BLR_MHL",-2.87071574294025,10.6696270340861,9,NA,NA,NA
"real","BLR_MNE",-0.454844301207764,0.724483320297708,14,NA,NA,NA
"real","BLR_PNG",-1.46333470720417,3.93862600208644,10,NA,NA,NA
"real","BLR_PSE",-0.512390140214975,1.34730743427931,14,NA,NA,NA
"real","BLR_SMR",-1.02854351858753,2.0629527221407,12,NA,NA,NA
"real","BLZ_MNE",-1.45599788228481,7.80473842080644,10,NA,NA,NA
"real","BOL_SRB",-0.113478801981978,0.19374408477282,14,NA,NA,NA
"real","BRA_MNE",-0.0728946309985453,0.2638161208971,14,NA,NA,NA
"real","BRB_MNE",-0.535962783052328,1.3142970372236,11,NA,NA,NA
"real","BRB_SRB",-0.921962746610302,2.83425618822279,14,NA,NA,NA
"real","BRB_VUT",-1.18978637951673,4.70180325499721,9,NA,NA,NA
"real","BRN_CRI",-0.958479715198422,5.43355640742471,10,NA,NA,NA
"real","BRN_SRB",-1.46785363347065,7.97375125363041,14,NA,NA,NA
"real","BTN_KWT",-0.915216094330267,4.59197845946642,11,NA,NA,NA
"real","BTN_SRB",-1.42074331003229,6.35240915018718,10,NA,NA,NA
"real","BWA_ARM",-4.45399812368905,22.646649669981,10,NA,NA,NA
"real","CAF_DOM",-0.55582511125353,1.77228092132495,13,NA,NA,NA
"real","CAF_SRB",-0.540154247542,1.22047011551038,14,NA,NA,NA
"real","CAN_MNE",-0.0522233293858622,0.0643278471299597,14,NA,NA,NA
"real","CCK_FJI",-1.35690483676671,3.89811763668036,9,NA,NA,NA
"real","CCK_KAZ",-1.01178828746313,4.94098734465023,10,NA,NA,NA
"real","CCK_MNE",-0.405331640670322,2.45900045931094,12,NA,NA,NA
"real","CCK_SRB",-0.448855205974979,2.36785327252295,10,NA,NA,NA
"real","CCK_TWN",-3.07642024056971,9.32873491751395,13,NA,NA,NA
"real","CHE_ASM",-1.29197324877776,3.4906557309732,14,NA,NA,NA
"real","CHE_GUM",-0.000910081380735101,0.0729073276947493,14,NA,NA,NA
"real","CHL_MNE",-1.03299626024874,1.8505615805482,14,NA,NA,NA
"real","CHN_MNE",-0.0240074328100658,0.0385875609083983,14,NA,NA,NA
"real","CIV_ARM",-0.0620263551368614,0.375320349833775,14,NA,NA,NA
"real","CIV_FJI",-1.1693820884587,7.56870927056906,8,NA,NA,NA
"real","CIV_MNE",-2.04775011351479,4.4024980167251,14,NA,NA,NA
"real","CMR_ARM",-0.458476573529025,2.07571226574928,13,NA,NA,NA
"real","CMR_BRN",-3.60023243284384,9.1685341772909,9,NA,NA,NA
"real","COD_MNE",-1.48614007687803,3.07833867084099,11,NA,NA,NA
"real","COD_SRB",-0.661940423570552,2.64183339077304,14,NA,NA,NA
"real","COG_BRN",-1.2930236852232,2.89248169363586,11,NA,NA,NA
"real","COG_KWT",-0.450569661080103,1.15818812607873,14,NA,NA,NA
"real","COG_MNE",-1.26209032338455,4.49814363230632,8,NA,NA,NA
"real","COG_PER",-5.89279559119299,9.78720039949442,12,NA,NA,NA
"real","COK_MKD",-1.59930899527486,3.22135809754755,10,NA,NA,NA
"real","COK_SRB",-2.83602656206634,7.48974102296087,10,NA,NA,NA
"real","COL_MNE",-0.482621716518271,0.881256986758715,14,NA,NA,NA
"real","COM_BIH",-0.719980266851965,3.33148452666896,12,NA,NA,NA
"real","COM_KWT",-1.8987394111882,7.35435469402679,10,NA,NA,NA
"real","COM_SRB",0.0443549899415124,0.383962382977904,11,NA,NA,NA
"real","CRI_MNE",-0.383065393699121,1.41978849350357,14,NA,NA,NA
"real","CUB_MNE",-0.20848117528534,0.90843588516186,14,NA,NA,NA
"real","CUB_RWA",-1.27447889656825,4.06423556910685,11,NA,NA,NA
"real","CXR_BEL",-0.618420064858327,3.7285637507506,9,NA,NA,NA
"real","CXR_FJI",-2.24143768953587,6.75534648800558,9,NA,NA,NA
"real","CXR_SRB",-2.64421724764275,6.05726352884466,8,NA,NA,NA
"real","DJI_CRI",-1.17915344450693,3.51356383748674,8,NA,NA,NA
"real","DJI_NZL",-2.00482335068633,6.95632828470351,14,NA,NA,NA
"real","DMA_KGZ",-0.496428866521211,1.20708649240619,14,NA,NA,NA
"real","DMA_MNE",-0.0816155392384659,0.911816545569494,14,NA,NA,NA
"real","DOM_KGZ",-0.375692506771995,0.954536348945355,14,NA,NA,NA
"real","DOM_LBR",-1.9216794911407,4.43334410798639,14,NA,NA,NA
"real","DOM_MLI",-1.26713564493411,4.92645659784944,9,NA,NA,NA
"real","DZA_SLE",-0.143767707440621,0.428405192007588,13,NA,NA,NA
"real","ECU_MNE",-0.00525263949577364,0.0564741686391997,14,NA,NA,NA
"real","EGY_MNE",-0.293374857121073,0.356984162173936,14,NA,NA,NA
"real","ERI_BLR",-2.47918714368481,6.16647299518451,10,NA,NA,NA
"real","ERI_NGA",-0.948364710892278,10.3963783061586,14,NA,NA,NA
"real","EST_BFA",-1.62016479414874,7.35292240139606,13,NA,NA,NA
"real","EST_MDV",-0.834982083816369,0.962400876213156,12,NA,NA,NA
"real","ETH_MNE",-0.552403269542606,1.71639757309391,13,NA,NA,NA
"real","FLK_MNE",-0.160202398119023,0.619071211303233,14,NA,NA,NA
"real","FLK_SRB",-0.248161927045966,1.22528856562157,14,NA,NA,NA
"real","FRO_SRB",-0.501793695507842,3.63714741632027,13,NA,NA,NA
"real","GAB_GUY",-1.40229121440496,4.01109801612691,11,NA,NA,NA
"real","GAB_SRB",-0.368717486464361,0.922113666793007,14,NA,NA,NA
"real","GEO_CIV",-0.869816315918584,2.33618550922798,14,NA,NA,NA
"real","GEO_LCA",-2.71781170133549,8.57561474436139,8,NA,NA,NA
"real","GEO_MDG",-1.51124517968321,4.12613099945536,14,NA,NA,NA
"real","GEO_MNE",-0.641463012632973,1.525466785301,14,NA,NA,NA
"real","GEO_SDN",-1.04395952851939,2.31196386984295,14,NA,NA,NA
"real","GEO_SLE",-0.924130851194188,3.85351394949074,11,NA,NA,NA
"real","GHA_GEO",-2.70716697327467,14.5357343324632,10,NA,NA,NA
"real","GHA_KHM",-0.289775356276043,0.638399506537458,10,NA,NA,NA
"real","GHA_MNE",-0.525358481424961,4.93340612656304,14,NA,NA,NA
"real","GHA_TCD",-1.36144099621463,2.63765507013407,14,NA,NA,NA
"real","GIB_MNE",-1.35966409408311,5.05409375322023,9,NA,NA,NA
"real","GIN_KWT",-0.469134993467444,0.915058553131767,11,NA,NA,NA
"real","GIN_MNE",-4.02740779021571,17.3556103699429,9,NA,NA,NA
"real","GIN_SRB",-0.124691651382019,2.22068394566223,14,NA,NA,NA
"real","GMB_ARG",-2.12167489307227,4.47770745415003,11,NA,NA,NA
"real","GMB_MNE",-1.78240153832909,10.9569139089691,11,NA,NA,NA
"real","GMB_SRB",-2.51939138186061,8.49836926579561,9,NA,NA,NA
"real","GNB_SDN",-0.997126242830089,4.25586331836997,9,NA,NA,NA
"real","GNQ_CPV",-0.183253267156845,0.77906387174369,10,NA,NA,NA
"real","GRD_MNE",-0.797156846546286,3.22942906312682,10,NA,NA,NA
"real","GRL_CRI",-1.03023769529637,2.24595003117134,10,NA,NA,NA
"real","GTM_SRB",-0.37747917835653,0.488787679602644,14,NA,NA,NA
"real","GTM_SYC",-0.700649194883014,3.02347850664376,11,NA,NA,NA
"real","GTM_TCA",-2.0045241508569,6.51877143926902,8,NA,NA,NA
"real","GUM_CHE",-0.286791658896218,0.767204658203335,14,NA,NA,NA
"real","GUM_NCL",-1.43573172616186,3.11462241596415,8,NA,NA,NA
"real","GUM_RWA",-1.99969077081466,7.62067802420289,10,NA,NA,NA
"real","GUM_VCT",-0.941591484137053,3.12328947161404,12,NA,NA,NA
"real","GUY_MNE",-1.59024827359097,6.60022677078166,10,NA,NA,NA
"real","GUY_SRB",-1.72909175883579,4.21709840275719,13,NA,NA,NA
"real","HKG_MNE",-0.0573484532924505,0.135463772216053,14,NA,NA,NA
"real","HND_ARM",-0.150569203832757,0.459660089927298,14,NA,NA,NA
"real","HND_MNE",-0.485492177682583,1.46317679132637,14,NA,NA,NA
"real","HTI_ARM",-1.58500897843533,6.12093068438588,12,NA,NA,NA
"real","HTI_SRB",-0.957716886063493,3.24995130240167,14,NA,NA,NA
"real","HUN_VUT",-1.44972403466537,7.8404217868589,9,NA,NA,NA
"real","IDN_MNE",-0.0763366614219531,0.164357211443449,14,NA,NA,NA
"real","IND_MNE",-0.0691947254426956,0.0659173480549714,14,NA,NA,NA
"real","IRL_GUM",-0.963921047508752,1.42439889887946,14,NA,NA,NA
"real","IRN_MNE",-0.180901052202659,1.02315867790646,14,NA,NA,NA
"real","IRQ_BLR",-4.79757374469223,14.6697975015806,11,NA,NA,NA
"real","IRQ_MNE",-1.03758190063914,3.6150324995753,10,NA,NA,NA
"real","ISL_AGO",-0.934306795288126,5.04988216878473,13,NA,NA,NA
"real","ISL_LAO",-1.74475464429102,8.5748338692562,11,NA,NA,NA
"real","ISL_MDV",-1.19162772363528,3.1261309336122,8,NA,NA,NA
"real","ISL_MHL",-0.487209486579591,1.75102554786521,11,NA,NA,NA
"real","ISR_KIR",-0.668357328899281,2.26993567685894,10,NA,NA,NA
"real","ISR_MNE",-0.0589663568594717,0.234157726591848,14,NA,NA,NA
"real","JAM_ARM",-0.542069396743335,1.81617237337309,12,NA,NA,NA
"real","JAM_KGZ",-1.20009175141781,2.26261672306788,13,NA,NA,NA
"real","JAM_MNE",-2.61600753243143,5.68213009759144,14,NA,NA,NA
"real","JAM_QAT",-1.42240882765856,5.61924533595412,9,NA,NA,NA
"real","JOR_MNE",-0.0683635997969379,0.290269845439698,14,NA,NA,NA
"real","JPN_MNE",-0.0249327424813816,0.0380221807140054,14,NA,NA,NA
"real","KAZ_MNE",-2.29601172234022,7.66026105900949,14,NA,NA,NA
"real","KEN_MNE",-0.930819482098475,3.71161309349083,13,NA,NA,NA
"real","KGZ_MNE",-0.137998223601158,0.758561995562837,14,NA,NA,NA
"real","KGZ_SDN",-2.2307461404833,5.66368534857985,10,NA,NA,NA
"real","KHM_ATG",-0.284909784751598,1.49625998236194,12,NA,NA,NA
"real","KHM_MNE",-0.247266890030954,0.253845013419242,14,NA,NA,NA
"real","KIR_SRB",-1.52002843869978,11.3380447948131,12,NA,NA,NA
"real","KOR_MNE",-0.021556792936066,0.077035987763133,14,NA,NA,NA
"real","LAO_ARM",-1.76688584730829,2.72469747917938,14,NA,NA,NA
"real","LAO_MDV",-0.28196756337157,1.01213168336924,10,NA,NA,NA
"real","LAO_MNE",-0.608021426944489,0.726096638205359,14,NA,NA,NA
"real","LAO_NAM",-2.37871216155551,7.8542731899243,8,NA,NA,NA
"real","LAO_VEN",-1.1105791320356,3.92556398428779,8,NA,NA,NA
"real","LBN_MMR",-1.38170148827071,5.04589225340453,12,NA,NA,NA
"real","LBN_MNE",-0.479468845511054,1.42294206046645,14,NA,NA,NA
"real","LBR_BIH",-3.77052107123548,9.65290886872985,9,NA,NA,NA
"real","LCA_AND",-2.42954703836775,9.03074466957998,8,NA,NA,NA
"real","LKA_MNE",-0.161116238433604,0.441283986156933,14,NA,NA,NA
"real","LKA_TKL",-0.808411440193203,4.9747062966252,8,NA,NA,NA
"real","LSO_ARM",-0.762773368910218,2.92294045636371,10,NA,NA,NA
"real","LSO_CRI",-0.983015259578229,3.33666639050168,13,NA,NA,NA
"real","LSO_RWA",-1.10293998888855,3.01287089272032,8,NA,NA,NA
"real","LSO_SDN",-0.22021573357993,1.08320666831807,8,NA,NA,NA
"real","LTU_CPV",-0.678624760240164,1.80473366389644,13,NA,NA,NA
"real","LTU_HTI",-2.20452912586373,4.15626173785012,12,NA,NA,NA
"real","LTU_MDV",-0.943265538369249,2.65727398324252,13,NA,NA,NA
"real","LVA_BRN",-0.544336899797619,1.45528216915887,10,NA,NA,NA
"real","LVA_MWI",-1.98925608398324,5.82826339931967,12,NA,NA,NA
"real","MAC_ARM",-0.523692674051928,1.85533986843013,11,NA,NA,NA
"real","MAC_MNE",-1.15434071491505,1.39473351303241,14,NA,NA,NA
"real","MAR_MNE",-0.119967074439877,0.40612317854773,14,NA,NA,NA
"real","MDG_ARM",-0.398774146324576,1.35847534737568,14,NA,NA,NA
"real","MDG_MNE",0.062782760588873,0.656939347286596,14,NA,NA,NA
"real","MDG_SRB",0.0510214548410862,0.194652245940794,14,NA,NA,NA
"real","MDV_BIH",-1.94507832836392,6.53627208652178,8,NA,NA,NA
"real","MDV_BLR",-0.625307678246732,4.18358331234832,9,NA,NA,NA
"real","MDV_BRN",-0.519291576529822,4.54519735544746,12,NA,NA,NA
"real","MDV_IRN",-0.704521592414906,4.02576682664663,10,NA,NA,NA
"real","MDV_SRB",-2.41412869231605,4.88889860242685,12,NA,NA,NA
"real","MEX_MNE",-0.0549314139870539,0.123722066815178,14,NA,NA,NA
"real","MHL_LKA",-1.45094739957992,6.26598856455528,10,NA,NA,NA
"real","MHL_PER",-0.752161369727813,3.06923434425565,14,NA,NA,NA
"real","MKD_COG",-0.639520883228484,4.87012445037139,10,NA,NA,NA
"real","MKD_DOM",-0.529344943496743,2.3805507700926,13,NA,NA,NA
"real","MLI_KHM",-1.70293567767388,9.29310500035115,10,NA,NA,NA
"real","MLI_KIR",-0.471181181539633,5.94570580235463,10,NA,NA,NA
"real","MLI_MNE",-1.61946921495461,7.46214292957678,8,NA,NA,NA
"real","MLI_SRB",-0.4073035021563,3.04567387249879,14,NA,NA,NA
"real","MLT_RWA",-0.78338903044572,3.41142888090023,11,NA,NA,NA
"real","MLT_TCD",-0.139355263441201,0.340639341410179,14,NA,NA,NA
"real","MMR_ARM",-1.13025244351556,4.6533136610003,13,NA,NA,NA
"real","MMR_MNE",-0.0552021813711804,0.106050124075743,14,NA,NA,NA
"real","MNE_AFG",-0.430569726318176,1.25963847134571,8,NA,NA,NA
"real","MNE_ARE",-1.29134125755863,4.48397323576039,13,NA,NA,NA
"real","MNE_AUS",-0.714111254207438,2.50331255263752,14,NA,NA,NA
"real","MNE_BLR",-2.73632632658101,5.04903058097981,14,NA,NA,NA
"real","MNE_CAN",-0.211634302303696,0.459749032493248,14,NA,NA,NA
"real","MNE_CHL",-2.75882194716875,15.5441696984395,11,NA,NA,NA
"real","MNE_EGY",-0.424824295160248,1.76517158277413,14,NA,NA,NA
"real","MNE_GIB",-1.58927655178646,8.3686684352483,9,NA,NA,NA
"real","MNE_HKG",-2.47064123190206,5.43344873878122,14,NA,NA,NA
"real","MNE_ISR",-0.856270058055662,2.89600157167094,14,NA,NA,NA
"real","MNE_JPN",-0.866368052452517,3.16092260540662,14,NA,NA,NA
"real","MNE_LBY",-1.51639325737606,5.02245806667503,11,NA,NA,NA
"real","MNE_MYS",-1.17911979984026,2.54238742098411,13,NA,NA,NA
"real","MNE_NZL",-0.315707973299003,0.685626351420911,13,NA,NA,NA
"real","MNE_RUS",-0.35209897203272,0.965407999837714,14,NA,NA,NA
"real","MNE_THA",-0.632040966809569,2.34331712975856,13,NA,NA,NA
"real","MNE_TWN",-1.97510424537214,3.81383029739522,13,NA,NA,NA
"real","MNE_USA",-0.250596926627126,0.732040757229941,14,NA,NA,NA
"real","MNE_VGB",-0.438308477066168,1.39718629029042,8,NA,NA,NA
"real","MNG_GHA",-1.31644563924634,3.54026507144685,8,NA,NA,NA
"real","MNG_SRB",-1.21272417294787,5.59093388514667,13,NA,NA,NA
"real","MOZ_DOM",-2.04269366878476,9.84246497206689,12,NA,NA,NA
"real","MOZ_MAC",-1.41253947222478,6.20009341290331,10,NA,NA,NA
"real","MOZ_SRB",-0.530193944416234,0.942783916042515,14,NA,NA,NA
"real","MRT_ARM",-1.99696794056176,5.89789181033295,14,NA,NA,NA
"real","MRT_MNE",-1.01886848718152,4.51854092540298,13,NA,NA,NA
"real","MRT_SRB",-1.56809622560814,6.62726313467455,14,NA,NA,NA
"real","MSR_MNE",-1.26858494507643,5.62302189684571,8,NA,NA,NA
"real","MUS_ARM",-1.15327341390685,3.77388965011992,14,NA,NA,NA
"real","MUS_MNE",0.00346789481151904,0.0686591429213199,14,NA,NA,NA
"real","MWI_QAT",-1.76905572938155,9.74241050573384,9,NA,NA,NA
"real","MWI_SRB",-0.378821260923134,1.15759312843447,14,NA,NA,NA
"real","MYS_MNE",-0.0932271771640935,0.359333951413429,14,NA,NA,NA
"real","NAM_BTN",-2.6545943241279,8.93463183512355,12,NA,NA,NA
"real","NAM_GNQ",-2.71208958775406,10.378301338015,12,NA,NA,NA
"real","NAM_KIR",-0.874967445779203,2.46984090577592,8,NA,NA,NA
"real","NAM_MNE",-0.596831857826506,2.33221816559718,13,NA,NA,NA
"real","NCL_ARE",-0.954678007007119,3.61254307342828,14,NA,NA,NA
"real","NCL_GUY",-0.869786406981606,4.48935652209022,12,NA,NA,NA
"real","NCL_KEN",-2.80455519638624,5.68242933926084,11,NA,NA,NA
"real","NCL_PRY",-1.3783971237035,4.54427792888188,9,NA,NA,NA
"real","NCL_SDN",-1.57506408546555,8.95118218365448,9,NA,NA,NA
"real","NCL_SRB",-2.13806269164245,8.62250494310377,11,NA,NA,NA
"real","NER_SLV",-0.685259304968316,3.7283361799298,10,NA,NA,NA
"real","NFK_CRI",-1.41265832485141,4.78450524735881,8,NA,NA,NA
"real","NFK_NER",-1.35189175396775,3.4734286195639,11,NA,NA,NA
"real","NGA_MNE",-0.414722693120977,1.62584438735362,12,NA,NA,NA
"real","NIC_ARM",-0.302455253306576,1.36058951741201,14,NA,NA,NA
"real","NIC_MHL",-0.519875400881271,1.29577788028787,10,NA,NA,NA
"real","NIC_NPL",-0.885587018779152,4.97827702809976,13,NA,NA,NA
"real","NIC_SRB",-0.69584339891969,2.36262815009845,14,NA,NA,NA
"real","NIU_ESP",-2.03771625218421,6.96504195863697,8,NA,NA,NA
"real","NIU_IND",0.970954823224575,9.31453016740469,10,NA,NA,NA
"real","NIU_SRB",-1.04872810117801,9.23017961853749,14,NA,NA,NA
"real","NPL_FJI",-0.698892887615907,2.75252632062564,13,NA,NA,NA
"real","NPL_MNE",-1.50974381620346,5.31469749326303,12,NA,NA,NA
"real","NRU_SRB",-1.50079361332943,6.44840725388038,10,NA,NA,NA
"real","NZL_MNE",-0.171102038131302,0.875592258121509,14,NA,NA,NA
"real","OMN_MNE",-0.477117049747148,1.514015768033,10,NA,NA,NA
"real","PAK_MNE",-1.09247062613764,1.32237773736597,14,NA,NA,NA
"real","PAN_COD",-1.55305171121179,3.5961379762072,11,NA,NA,NA
"real","PAN_MNE",-0.789087031018085,1.81105014931862,14,NA,NA,NA
"real","PCN_SRB",0.140252460951901,1.41494307409476,9,NA,NA,NA
"real","PER_MNE",-0.214798680335298,0.815473993839238,14,NA,NA,NA
"real","PHL_MNE",-0.11769558011067,0.319123277548251,14,NA,NA,NA
"real","PLW_MNE",-0.825853825594915,2.34576670753002,8,NA,NA,NA
"real","PNG_SRB",-1.351406984749,3.87092657611932,11,NA,NA,NA
"real","POL_GNB",-0.776303687167548,3.7292391172175,14,NA,NA,NA
"real","PRK_MNE",-0.141285456400304,0.954678727982347,14,NA,NA,NA
"real","PRY_GNB",-0.390186506566026,1.22184574051348,8,NA,NA,NA
"real","PRY_MNE",-1.26546408665071,4.18198951949578,13,NA,NA,NA
"real","PSE_GRL",-0.550910558490591,1.12364358942295,9,NA,NA,NA
"real","PSE_KAZ",-1.03938822336798,4.15756427032805,14,NA,NA,NA
"real","PSE_NIC",-4.70031142934775,10.5649490272447,9,NA,NA,NA
"real","ROU_GUM",-0.953999155538835,2.55908515041612,11,NA,NA,NA
"real","RUS_MNE",-0.495447873542866,1.11753427687624,14,NA,NA,NA
"real","RUS_PLW",-2.21499977115941,9.78508770328638,12,NA,NA,NA
"real","RUS_PSE",-0.30740800454761,0.848507706564084,14,NA,NA,NA
"real","RUS_VAT",-0.98553766707659,6.36298786940072,8,NA,NA,NA
"real","RWA_BOL",-0.366761251032595,3.2166947140606,9,NA,NA,NA
"real","RWA_PYF",-0.756204446707451,3.64353670153805,10,NA,NA,NA
"real","RWA_SRB",-1.99441425986965,5.94962788779462,12,NA,NA,NA
"real","SAU_MNE",-0.397910421714907,1.45614774680513,14,NA,NA,NA
"real","SDN_LUX",-1.97528648010251,7.67209277531118,11,NA,NA,NA
"real","SDN_MNE",-0.510814021231085,4.15852585668958,13,NA,NA,NA
"real","SEN_MNE",-2.75434574747622,7.70920516451393,14,NA,NA,NA
"real","SEN_SRB",-1.21178576417897,2.06524182609908,14,NA,NA,NA
"real","SGP_MNE",-0.146528013187052,0.349832872667859,14,NA,NA,NA
"real","SGS_NZL",-2.44187300388767,17.3316845536818,10,NA,NA,NA
"real","SGS_SDN",-0.370550517805064,1.94233538469482,11,NA,NA,NA
"real","SHN_KWT",-0.915850009841535,2.97988748997336,10,NA,NA,NA
"real","SHN_MNE",-0.689074060322453,1.08044867854893,8,NA,NA,NA
"real","SHN_SRB",-1.17998904847336,4.59809673657684,14,NA,NA,NA
"real","SLE_CRI",-0.911116090769983,2.49366863756643,11,NA,NA,NA
"real","SLE_SRB",-0.228428956856116,2.94846064816522,14,NA,NA,NA
"real","SLV_LBY",-0.367654245853048,1.46441761536719,8,NA,NA,NA
"real","SLV_SRB",-0.136422907389818,0.529349489819829,14,NA,NA,NA
"real","SMR_ARG",0.00960304099539136,0.410745104290612,14,NA,NA,NA
"real","SMR_BLR",-1.27475533837534,5.23366078548228,14,NA,NA,NA
"real","SMR_MNE",-0.356977391781398,1.62937019703917,14,NA,NA,NA
"real","SMR_MUS",-0.950320377374625,2.68372665952827,14,NA,NA,NA
"real","SMR_TUR",-0.147365174274811,0.23117198556872,14,NA,NA,NA
"real","SOM_DOM",-2.80954938637144,8.65077021038212,8,NA,NA,NA
"real","SOM_MNE",-1.151576784616,5.12081069146528,8,NA,NA,NA
"real","SPM_SDN",-0.79051453699334,1.21823164718696,13,NA,NA,NA
"real","SRB_BFA",-2.15366345011477,6.27428333329569,13,NA,NA,NA
"real","SRB_BRB",-2.37914805959816,10.831154725505,11,NA,NA,NA
"real","SRB_BRN",-1.49449876226566,8.00840182595006,12,NA,NA,NA
"real","SRB_CAF",-1.08607119342697,2.1509426884428,8,NA,NA,NA
"real","SRB_COL",-0.00109904130558166,0.826920642587647,14,NA,NA,NA
"real","SRB_CPV",-1.89419937437055,5.30165777398957,8,NA,NA,NA
"real","SRB_CRI",-0.760549905391585,1.27913191076247,14,NA,NA,NA
"real","SRB_ECU",-1.18605186053899,3.27695529961189,14,NA,NA,NA
"real","SRB_ETH",-1.00491583540929,4.03658566962993,14,NA,NA,NA
"real","SRB_FJI",-1.78661381273125,5.33213878762866,12,NA,NA,NA
"real","SRB_FRO",-0.97030698086185,2.1528103451089,11,NA,NA,NA
"real","SRB_GRL",-0.371007430339554,1.04333242730045,13,NA,NA,NA
"real","SRB_GTM",0.0873127469909295,0.458681559212336,14,NA,NA,NA
"real","SRB_GUY",-1.66545856867069,6.06453298969238,10,NA,NA,NA
"real","SRB_HND",-0.903016222669101,3.28160373018331,14,NA,NA,NA
"real","SRB_HTI",-0.593733510640337,3.31854279181353,11,NA,NA,NA
"real","SRB_JAM",-2.54954874414422,8.93785210669835,13,NA,NA,NA
"real","SRB_KHM",-0.955337693572749,3.56567474518794,12,NA,NA,NA
"real","SRB_KNA",-1.82954756300358,8.40796904142027,12,NA,NA,NA
"real","SRB_LKA",-0.553700226938776,1.80698388767299,14,NA,NA,NA
"real","SRB_MDG",-1.14862820705196,4.01168532937139,14,NA,NA,NA
"real","SRB_MDV",-1.02806151867116,2.78387654935548,11,NA,NA,NA
"real","SRB_MLI",-2.2453851085816,7.58859610022697,11,NA,NA,NA
"real","SRB_MMR",-0.0352770662146945,2.84463804885213,14,NA,NA,NA
"real","SRB_MOZ",-0.0416517582219004,1.91125202328049,14,NA,NA,NA
"real","SRB_MUS",-0.576579933788692,1.56515754719612,14,NA,NA,NA
"real","SRB_MWI",-1.49368973262553,7.76032195403549,10,NA,NA,NA
"real","SRB_NAM",-0.0677828018084599,2.16400691488286,14,NA,NA,NA
"real","SRB_NER",-1.02370913749897,8.34735102328433,14,NA,NA,NA
"real","SRB_NIC",-0.586697521335417,1.51264698601467,14,NA,NA,NA
"real","SRB_NPL",-1.13760438638103,3.30552726908959,13,NA,NA,NA
"real","SRB_PYF",-0.507997497374158,0.855569758034986,14,NA,NA,NA
"real","SRB_RWA",-0.374843825021419,2.92927914217512,14,NA,NA,NA
"real","SRB_SEN",-0.144995327181776,1.14113132900502,14,NA,NA,NA
"real","SRB_SLE",-0.661059422096143,5.29058015129682,14,NA,NA,NA
"real","SRB_SLV",-0.689878982735489,1.61978469996476,14,NA,NA,NA
"real","SRB_SUR",-1.34209065319113,2.70596443494212,14,NA,NA,NA
"real","SRB_SWZ",-0.914754131945186,6.30613174904029,11,NA,NA,NA
"real","SRB_SYR",-0.912318873156944,4.29773030571094,13,NA,NA,NA
"real","SRB_TGO",-0.632545992334678,1.49243326346449,12,NA,NA,NA
"real","SRB_TJK",-1.04620342747717,5.76805341558148,14,NA,NA,NA
"real","SRB_TKM",-0.493739241268751,3.69328732906686,13,NA,NA,NA
"real","SRB_TTO",-1.65480015597037,6.97981030955271,14,NA,NA,NA
"real","SRB_TWN",-0.828993176925982,1.25797581177531,14,NA,NA,NA
"real","SRB_VEN",-0.633429037429226,2.81261816246483,13,NA,NA,NA
"real","SRB_VNM",-0.144046316947644,0.672480048963113,14,NA,NA,NA
"real","SRB_YEM",-0.303994540496087,1.05531038919657,14,NA,NA,NA
"real","STP_MDA",-2.22757233282943,7.02407643814548,9,NA,NA,NA
"real","STP_SRB",-1.48957651572651,4.53849785575234,12,NA,NA,NA
"real","STP_TUN",-0.813073291369033,2.18827899395602,9,NA,NA,NA
"real","SUR_KWT",-0.880638419439103,2.75818187663983,12,NA,NA,NA
"real","SUR_MNE",-1.92623892311645,6.61679139102136,12,NA,NA,NA
"real","SUR_SRB",-0.261634662792797,1.42941534263538,14,NA,NA,NA
"real","SWE_CCK",-0.935277731380444,4.05647911929587,8,NA,NA,NA
"real","SWZ_ARM",-1.10425500111643,3.44261097588652,10,NA,NA,NA
"real","SWZ_LUX",-1.41393199857767,7.75209985171247,8,NA,NA,NA
"real","SWZ_MNE",-1.07553386831728,3.05765721107261,14,NA,NA,NA
"real","SYC_MDA",-2.14825455043182,9.06548591256538,9,NA,NA,NA
"real","SYR_MNE",-0.18636325652831,2.55140010750647,13,NA,NA,NA
"real","TCA_CAF",-0.295079916961124,1.35509765270629,13,NA,NA,NA
"real","TCA_MNE",-0.601581397016308,1.81146455084498,8,NA,NA,NA
"real","TCA_SRB",-2.67748057609145,11.7411623807379,12,NA,NA,NA
"real","TCA_TUR",-0.633963279583996,2.53121372932892,12,NA,NA,NA
"real","TGO_ARM",-2.2588325320755,10.8784549768532,11,NA,NA,NA
"real","TGO_SRB",-1.29498574714532,5.53907014178122,13,NA,NA,NA
"real","THA_MNE",0.00185211979980444,0.0497933937835499,14,NA,NA,NA
"real","TJK_ARM",-2.48205471530291,18.3018502564044,8,NA,NA,NA
"real","TJK_MNE",-0.716130620420302,2.60386155323486,14,NA,NA,NA
"real","TJK_SYC",-1.12703548821055,3.56531287981985,11,NA,NA,NA
"real","TKL_BLR",-0.990412994715314,2.84388645286764,11,NA,NA,NA
"real","TKL_MNE",-1.07129038860877,6.67269469340365,9,NA,NA,NA
"real","TKL_NIC",-1.49485385053195,6.95199570313552,14,NA,NA,NA
"real","TKL_SRB",-1.13111252962595,2.85394962338473,14,NA,NA,NA
"real","TKM_GHA",-1.32322854649817,2.6345789031233,8,NA,NA,NA
"real","TKM_MNE",-1.35172100983634,4.00005843509066,14,NA,NA,NA
"real","TKM_NGA",-1.27041324331654,8.51380267131775,10,NA,NA,NA
"real","TKM_SDN",-1.14043259328739,4.31125641482756,11,NA,NA,NA
"real","TLS_MNE",-1.9945822759739,8.85027004941869,8,NA,NA,NA
"real","TTO_MNE",-1.60752548067146,5.48017824811432,13,NA,NA,NA
"real","TTO_SRB",-0.893918354616263,2.10792757556946,14,NA,NA,NA
"real","TUN_MNE",-0.0717329440962624,0.284933115556462,14,NA,NA,NA
"real","TUR_ATF",-0.712637293041795,1.51403275154469,14,NA,NA,NA
"real","TUR_SMR",-0.917970083811491,2.75587811414187,14,NA,NA,NA
"real","TUV_SRB",-1.02507752365515,3.96491784464143,13,NA,NA,NA
"real","TUV_TWN",-0.679788606236456,5.61621609860439,10,NA,NA,NA
"real","TWN_ATA",-0.625162718588866,3.66355434086226,13,NA,NA,NA
"real","TWN_MNE",0.00264226486882579,0.0978081083291562,14,NA,NA,NA
"real","TWN_SRB",0.000644602109722582,0.0167499829325371,14,NA,NA,NA
"real","TZA_KHM",-4.22540345388993,8.71207463386396,14,NA,NA,NA
"real","TZA_MDA",-0.271701782664911,1.12310447738126,14,NA,NA,NA
"real","TZA_SLV",-1.32674504674416,7.29146768638172,10,NA,NA,NA
"real","TZA_SRB",-1.00122346011149,2.23097951718957,14,NA,NA,NA
"real","UGA_GRL",-0.698990205891944,2.13149874830246,9,NA,NA,NA
"real","UGA_IRQ",-2.10491018276735,5.15071291810836,9,NA,NA,NA
"real","UGA_MNE",-1.09990995788685,2.25819194414809,12,NA,NA,NA
"real","UGA_URY",-1.15795301031516,4.10631298713057,8,NA,NA,NA
"real","UMI_BOL",-2.18863425967255,7.575045764802,11,NA,NA,NA
"real","UMI_NZL",-1.02786827382369,5.88575448283667,13,NA,NA,NA
"real","UMI_POL",-0.57062522382066,3.57606309255778,14,NA,NA,NA
"real","URY_GNB",-0.775717437272031,3.07574955440632,12,NA,NA,NA
"real","URY_MNE",-0.656541060910788,3.14789749237928,14,NA,NA,NA
"real","USA_MNE",-0.0739789369870663,0.0962092185370016,14,NA,NA,NA
"real","UZB_SDN",-1.09585028881479,2.85873843782087,12,NA,NA,NA
"real","VAT_RUS",-2.17365683129669,6.11325000194087,13,NA,NA,NA
"real","VAT_SRB",-2.05145695181056,8.53978774671664,8,NA,NA,NA
"real","VCT_SLV",-2.56059516761712,8.63212717581286,9,NA,NA,NA
"real","VCT_SRB",-2.93213741149408,10.7725385698611,10,NA,NA,NA
"real","VEN_MNE",-0.913914685680709,2.41293681776131,14,NA,NA,NA
"real","VEN_SWZ",-1.47146574945852,7.39604611231979,9,NA,NA,NA
"real","VGB_MNE",-1.06038120782043,4.37472532865462,11,NA,NA,NA
"real","VGB_NGA",-0.761285730452366,4.72475242105956,14,NA,NA,NA
"real","VGB_RWA",-1.97711584963704,6.10361389400335,11,NA,NA,NA
"real","VGB_SYC",-4.11282799056838,11.292454931562,12,NA,NA,NA
"real","VNM_MNE",0.0355274880378723,0.0184725724534403,14,NA,NA,NA
"real","WLF_PAK",-0.703804204472718,2.27602686557644,8,NA,NA,NA
"real","WLF_ZAF",-1.83288801745855,6.86582659419878,9,NA,NA,NA
"real","WSM_KWT",-1.16792339777966,3.36721189657464,9,NA,NA,NA
"real","YEM_BLR",-4.23079065411214,25.0893439940687,14,NA,NA,NA
"real","YEM_KAZ",-1.53122709949975,2.25430426245289,11,NA,NA,NA
"real","ZAF_MNE",-0.301443945107855,0.554485906207018,14,NA,NA,NA
"real","ZMB_MNE",-0.363985388034817,1.42879872176344,14,NA,NA,NA
"real","ZMB_SRB",-1.66707003876543,3.62561654585001,14,NA,NA,NA
"real","ZWE_SRB",0.068955483993175,0.19301071985239,14,NA,NA,NA
"real","ABW_AGO",-6.03382980098861,24.4300544630623,8,NA,NA,NA
"real","ABW_RUS",-1.14755540276227,4.21730348852645,12,NA,NA,NA
"real","AFG_AGO",-0.628750825287158,3.13328386580092,12,NA,NA,NA
"real","AIA_CRI",-3.30317620543426,8.61640707489603,10,NA,NA,NA
"real","AND_BEN",-0.912781696253849,5.09140832392058,11,NA,NA,NA
"real","AND_COG",-0.466769364040098,3.59764273097757,9,NA,NA,NA
"real","AND_TGO",-0.281484398992379,2.26697078998553,9,NA,NA,NA
"real","ARE_FSM",-0.787272974454895,1.91440008158892,8,NA,NA,NA
"real","ARM_MRT",-4.78463090633131,15.7046942169095,9,NA,NA,NA
"real","ASM_CMR",-1.63727268183498,7.2804030411581,9,NA,NA,NA
"real","ASM_DOM",-0.854523159900601,2.32051151334386,8,NA,NA,NA
"real","ATF_MNE",-0.376871347115782,4.65869885150873,8,NA,NA,NA
"real","ATG_AGO",-0.165585708500848,6.29553820857043,12,NA,NA,NA
"real","ATG_HKG",-0.498379636782984,8.81242969436212,10,NA,NA,NA
"real","ATG_KWT",-0.880286066809501,7.46532037898091,8,NA,NA,NA
"real","ATG_NIC",-3.45783930588597,19.3003681642051,9,NA,NA,NA
"real","AZE_MNE",-1.92149386148919,7.72049919481651,13,NA,NA,NA
"real","BDI_BMU",-2.41594274927697,6.12525682692234,8,NA,NA,NA
"real","BHR_AGO",-2.93918341701711,4.67547474247961,13,NA,NA,NA
"real","BHR_GUY",-0.246234076383896,0.586866906460811,13,NA,NA,NA
"real","BHS_AGO",-1.57233386077499,5.51523948266191,13,NA,NA,NA
"real","BIH_CMR",-0.695913923598358,1.96496089922945,13,NA,NA,NA
"real","BIH_FJI",-0.307518387351096,1.57165159370569,9,NA,NA,NA
"real","BIH_LCA",-1.46088133934997,6.85381625694748,9,NA,NA,NA
"real","BIH_MNG",-0.129414453787797,0.566930089619818,13,NA,NA,NA
"real","BIH_MRT",-2.59705544540798,3.66388598959931,12,NA,NA,NA
"real","BIH_PSE",-0.878849732508837,2.61235306097059,13,NA,NA,NA
"real","BLR_FJI",-1.08575620607738,8.18002007679666,9,NA,NA,NA
"real","BLR_GUY",-1.46056887030578,7.33532679323069,12,NA,NA,NA
"real","BLR_LAO",-1.26302830427853,4.04170885130675,12,NA,NA,NA
"real","BLZ_AGO",-0.657962106560223,3.2336994339525,11,NA,NA,NA
"real","BLZ_KHM",-1.45540584894152,7.03718676193633,9,NA,NA,NA
"real","BOL_MNE",-0.358160216776815,1.33000629875897,13,NA,NA,NA
"real","BRA_PSE",-0.0967810915053683,0.221747901327498,13,NA,NA,NA
"real","BRN_AGO",-1.98226908932341,3.70969991144967,11,NA,NA,NA
"real","BRN_MKD",-0.320365085326313,1.40920132039683,9,NA,NA,NA
"real","BTN_AGO",-1.12600736631776,11.6400669560334,10,NA,NA,NA
"real","BTN_ARE",-1.29653116545283,5.06914399720466,8,NA,NA,NA
"real","BTN_NER",-0.307723229793331,3.51841307501783,9,NA,NA,NA
"real","CAF_TCA",-0.422764194184879,0.735707455393787,12,NA,NA,NA
"real","CAN_PLW",-0.342699052647774,0.71659608742963,12,NA,NA,NA
"real","CAN_PSE",-0.205247557962462,0.559363608667265,13,NA,NA,NA
"real","CHL_UZB",-0.318718484908813,1.15482130838119,9,NA,NA,NA
"real","CMR_ATG",-1.60753261875768,5.40217042531559,13,NA,NA,NA
"real","CMR_PSE",-2.25029217994548,6.8871762054401,10,NA,NA,NA
"real","CMR_SWZ",-1.04338597585675,3.24754463877838,10,NA,NA,NA
"real","COG_LBR",-2.66761347866834,10.078562358982,8,NA,NA,NA
"real","COG_PRK",-4.58408674383257,7.10580476045299,8,NA,NA,NA
"real","COG_PSE",-0.878567652659375,3.01277737206058,13,NA,NA,NA
"real","COG_QAT",-1.74735312821834,5.0914023113908,11,NA,NA,NA
"real","CPV_ARE",-0.575024771199019,4.36873461904037,11,NA,NA,NA
"real","CPV_KWT",-0.927193498704825,3.18116502299891,11,NA,NA,NA
"real","CPV_SRB",-0.957877862753345,3.02392612855849,11,NA,NA,NA
"real","CXR_ETH",-2.40670659028153,3.96623655068804,12,NA,NA,NA
"real","CXR_SWE",-2.02170230606798,7.55653719301861,10,NA,NA,NA
"real","CYP_VUT",-0.537275013863882,2.18985130458667,10,NA,NA,NA
"real","DEU_VAT",-0.0538372369614418,0.235712066675476,13,NA,NA,NA
"real","DJI_KWT",-1.55639228537502,7.76733147734233,10,NA,NA,NA
"real","DMA_AGO",-0.995041879891679,2.2589495463209,11,NA,NA,NA
"real","DMA_BHR",-0.470396488167574,1.69561047513911,12,NA,NA,NA
"real","DOM_ETH",-1.47674597894903,3.98166240806553,11,NA,NA,NA
"real","DZA_MNE",-1.29232599449945,7.94859269147294,13,NA,NA,NA
"real","ECU_TKM",-0.467748140733009,1.40519576590727,8,NA,NA,NA
"real","ERI_SRB",-4.73475322093914,9.23540323713435,10,NA,NA,NA
"real","ETH_AFG",-1.49801824071032,4.09432285792885,11,NA,NA,NA
"real","ETH_CAF",-0.762869310254445,2.42143258430299,9,NA,NA,NA
"real","FLK_MUS",-2.20735821049389,5.36664345133683,8,NA,NA,NA
"real","FRA_VAT",0.00331908438869811,0.0834252044410573,13,NA,NA,NA
"real","FRO_ARE",-1.42779542838187,7.28239808519506,9,NA,NA,NA
"real","FRO_MNE",-1.08938575418673,5.12836125379561,11,NA,NA,NA
"real","FRO_MOZ",-2.48452259696296,7.57480580326235,8,NA,NA,NA
"real","FSM_PLW",-0.124075903904537,0.518329131856623,12,NA,NA,NA
"real","FSM_SAU",-0.497630328698896,2.42785325650729,8,NA,NA,NA
"real","GAB_PSE",-0.60434102719839,2.97994263933204,12,NA,NA,NA
"real","GEO_BFA",-1.4504787183607,3.15649873137928,10,NA,NA,NA
"real","GEO_PLW",-1.77831483870846,10.159681594312,10,NA,NA,NA
"real","GHA_KNA",-1.44309831641809,3.04420374389629,8,NA,NA,NA
"real","GHA_PSE",-0.0739202705077815,0.552059171374659,12,NA,NA,NA
"real","GIB_AGO",-0.909028070959656,2.26319629802965,11,NA,NA,NA
"real","GMB_ISR",-1.02250859829716,3.17231898449179,11,NA,NA,NA
"real","GMB_PLW",-0.952434477493492,3.38615031072567,10,NA,NA,NA
"real","GNB_AGO",-2.27110921908875,3.52808688167103,9,NA,NA,NA
"real","GNB_KWT",-1.75412824233617,3.47524850050524,8,NA,NA,NA
"real","GNB_MNE",-1.3634641969163,4.40763211192676,11,NA,NA,NA
"real","GNQ_AGO",-1.09693885186122,4.44480602753352,12,NA,NA,NA
"real","GNQ_ARE",-1.66065599762868,7.4194352425544,10,NA,NA,NA
"real","GNQ_KWT",-0.881751795482504,3.91192558031333,9,NA,NA,NA
"real","GRD_CMR",-1.39097930191529,2.84596674233027,8,NA,NA,NA
"real","GRL_SAU",-0.22907278124338,1.62555629762874,8,NA,NA,NA
"real","GTM_MNE",-0.60387641052743,1.77643313238595,13,NA,NA,NA
"real","GUM_BRB",-2.97248235289954,12.8427941168847,9,NA,NA,NA
"real","GUM_PLW",-0.137941665491035,0.1507790999045,12,NA,NA,NA
"real","HKG_PLW",-0.253738677086519,0.381354600201915,12,NA,NA,NA
"real","HKG_PSE",-0.216362260589778,0.395743253921272,13,NA,NA,NA
"real","HND_AGO",-1.85074682761492,4.26501305818435,12,NA,NA,NA
"real","HND_PLW",-0.278852752866008,1.80007439757859,9,NA,NA,NA
"real","HTI_AGO",-1.01760018709237,3.40774906193455,8,NA,NA,NA
"real","HTI_MNE",-1.42223083444617,2.86247285982263,11,NA,NA,NA
"real","HUN_PLW",-1.95700860215481,7.13640704751578,10,NA,NA,NA
"real","IND_PSE",-0.143233614874106,0.151290335048764,13,NA,NA,NA
"real","IRL_CXR",-2.21309162022265,4.56714967341476,10,NA,NA,NA
"real","IRL_TKL",0.0457092527219697,1.0467601313287,13,NA,NA,NA
"real","IRQ_AGO",-2.78771574839429,10.6465483984538,12,NA,NA,NA
"real","IRQ_LTU",-5.77559955460881,20.3604701919694,10,NA,NA,NA
"real","ISR_PSE",0.00123386539002286,0.00270865741972155,13,NA,NA,NA
"real","JAM_AGO",-1.90695883918055,6.49228505359219,10,NA,NA,NA
"real","KEN_PSE",-0.264481647984681,0.589390076635688,13,NA,NA,NA
"real","KGZ_AGO",-0.961244961341951,5.22798813217177,12,NA,NA,NA
"real","KGZ_URY",-1.7342591276826,3.18920945795858,8,NA,NA,NA
"real","KHM_BHS",-0.155886754966979,0.789774498812953,9,NA,NA,NA
"real","KHM_PSE",-1.01827948306036,2.88468804657644,9,NA,NA,NA
"real","KIR_ARE",-0.345116711029972,2.62945563969765,8,NA,NA,NA
"real","KIR_ECU",-0.812491871271019,5.01854285386506,11,NA,NA,NA
"real","KNA_AGO",-1.5080860394766,5.66792053165219,10,NA,NA,NA
"real","KWT_SWZ",-4.54746500602731,10.0027897971551,13,NA,NA,NA
"real","LAO_AGO",-0.758058470746493,3.15373378821029,12,NA,NA,NA
"real","LAO_OMN",-1.05165688433546,7.30810946841932,10,NA,NA,NA
"real","LBR_AGO",-1.25721782391266,4.42670967061086,12,NA,NA,NA
"real","LBR_COG",-2.46419676945414,14.9135201736824,11,NA,NA,NA
"real","LBY_COG",-3.13824597518727,5.51483172025146,13,NA,NA,NA
"real","LCA_SAU",-0.953813917580327,2.41397484552666,11,NA,NA,NA
"real","LKA_COM",-1.72333051202795,9.39360216309753,12,NA,NA,NA
"real","LSO_AGO",-2.0431984446299,5.30900637786634,8,NA,NA,NA
"real","LSO_SRB",-1.85574600666964,8.07662125326526,13,NA,NA,NA
"real","LSO_TTO",-0.953500564166355,2.46543462580422,8,NA,NA,NA
"real","LVA_SOM",-0.718466238855173,2.77244850660772,12,NA,NA,NA
"real","MAR_LAO",-1.11274760421537,3.85190068744326,8,NA,NA,NA
"real","MAR_SMR",-0.121534824781901,0.795105967628779,9,NA,NA,NA
"real","MDA_TZA",-1.44464652215437,6.63276572228099,11,NA,NA,NA
"real","MHL_AGO",-3.65104550408625,8.69774657558055,9,NA,NA,NA
"real","MHL_TZA",-1.2283786779031,6.73351493319967,10,NA,NA,NA
"real","MKD_PSE",-1.68612221736508,10.1024874977941,9,NA,NA,NA
"real","MMR_ATG",-1.87326004320099,5.46661494451404,8,NA,NA,NA
"real","MNE_ARG",-0.971130523898052,2.48461659542959,10,NA,NA,NA
"real","MNE_BRA",-1.11947581489989,4.85385230804923,13,NA,NA,NA
"real","MNE_CHN",-0.609744556381532,1.44554757226448,13,NA,NA,NA
"real","MNE_KAZ",-1.61790827241322,8.42098452072252,11,NA,NA,NA
"real","MNE_KOR",-2.12851854598317,5.67704194035215,13,NA,NA,NA
"real","MNE_PAN",-0.909253535125496,3.17387229868534,9,NA,NA,NA
"real","MNE_PYF",-0.957177191924623,2.58435080870793,13,NA,NA,NA
"real","MNE_SGP",-0.227982165253818,0.909105047492175,10,NA,NA,NA
"real","MNG_AGO",-2.45042100542659,11.7784450860956,8,NA,NA,NA
"real","MNG_MNE",-0.103018061462107,0.676294324416345,8,NA,NA,NA
"real","MNG_SDN",-1.27940302317708,4.18171048780922,9,NA,NA,NA
"real","MNP_IND",-1.17207492274863,6.1066675016914,9,NA,NA,NA
"real","MNP_PLW",-0.286848874956841,1.11966286183391,12,NA,NA,NA
"real","MOZ_AZE",-1.59463798312218,8.62667449731187,10,NA,NA,NA
"real","MOZ_MNE",-2.64189029445168,3.29424486317791,9,NA,NA,NA
"real","MRT_AGO",-0.594893725894741,5.80578442449361,13,NA,NA,NA
"real","MRT_AZE",-1.35690727158208,6.2233151810757,8,NA,NA,NA
"real","MRT_DOM",-0.86384119551085,2.25431441952699,13,NA,NA,NA
"real","MSR_KWT",-1.06175631888099,4.43321100566276,10,NA,NA,NA
"real","MSR_MDA",-0.863982001370176,2.84411558665955,8,NA,NA,NA
"real","MWI_AND",-1.67253971276394,5.24762925171486,9,NA,NA,NA
"real","NAM_NPL",-1.82440632878881,10.1722694957767,12,NA,NA,NA
"real","NAM_PSE",-1.23963922999235,7.21512213493934,11,NA,NA,NA
"real","NCL_AGO",-2.01267659793927,8.18092835305306,10,NA,NA,NA
"real","NCL_KWT",-1.21999429142025,1.72045754174063,11,NA,NA,NA
"real","NCL_NER",-0.567806272832294,1.62519436688912,9,NA,NA,NA
"real","NER_ARM",-0.713813813063635,1.68333737203421,12,NA,NA,NA
"real","NER_NFK",-2.35463830466864,7.172810377114,10,NA,NA,NA
"real","NER_PLW",-2.38975055264609,8.81093909340264,8,NA,NA,NA
"real","NFK_DOM",-1.57821488198923,7.65287117598847,10,NA,NA,NA
"real","NGA_AFG",-5.79636911359937,50.2743274253035,8,NA,NA,NA
"real","NGA_FJI",-2.58742689082195,10.3946128989751,8,NA,NA,NA
"real","NGA_KHM",-1.76488261060599,12.4373310918059,10,NA,NA,NA
"real","NIC_MNE",-1.0023631993769,3.94795989540566,12,NA,NA,NA
"real","NIC_PSE",-2.13108905936883,15.7558494884074,8,NA,NA,NA
"real","NRU_AGO",-0.703978215981054,4.01367332017813,12,NA,NA,NA
"real","NRU_KWT",-1.27912568224491,5.46895943003012,10,NA,NA,NA
"real","NRU_QAT",-0.596802599435426,3.61577375675307,9,NA,NA,NA
"real","NRU_SEN",-1.19529675866852,4.61130023302695,9,NA,NA,NA
"real","NZL_SMR",-0.205245194990705,0.664688234119111,11,NA,NA,NA
"real","OMN_SLV",-0.879419639052857,3.46979661770516,13,NA,NA,NA
"real","PAN_COG",-5.46172322899696,27.6392895154806,11,NA,NA,NA
"real","PAN_PLW",-0.423448747950747,0.968659052599877,9,NA,NA,NA
"real","PCN_AGO",-2.34194681436074,8.73373059082165,8,NA,NA,NA
"real","PHL_PSE",-0.213911427763912,0.263656983494974,13,NA,NA,NA
"real","PNG_AGO",-2.39187335886034,9.06511130384002,12,NA,NA,NA
"real","POL_UMI",-0.991104863019876,7.04115566316521,13,NA,NA,NA
"real","PRK_AGO",-2.16743188252384,5.43624499995736,12,NA,NA,NA
"real","PRK_PSE",-1.25639815223791,3.04459035234359,9,NA,NA,NA
"real","PSE_AUS",-0.385230804482309,1.81111970673474,12,NA,NA,NA
"real","PSE_BRA",-0.97758700771208,3.57692264001404,11,NA,NA,NA
"real","PSE_CAN",-0.407113251762191,0.901387863907776,13,NA,NA,NA
"real","PSE_ISR",-0.00129284043194327,0.00010625775922796,13,NA,NA,NA
"real","PSE_NZL",-0.231798499007097,1.17141157448695,11,NA,NA,NA
"real","PSE_TWN",-0.728402592988466,3.45203899989737,9,NA,NA,NA
"real","PSE_UKR",-1.02947724426318,2.33746868212046,12,NA,NA,NA
"real","PYF_MNE",-1.30145585385942,3.60814532812124,11,NA,NA,NA
"real","QAT_GEO",-0.988334115867163,1.85834238165585,12,NA,NA,NA
"real","QAT_KGZ",-1.53294973429766,9.27007317734406,11,NA,NA,NA
"real","QAT_MNG",-1.61517847756705,10.6090136567349,8,NA,NA,NA
"real","ROU_ASM",-1.37295495410816,4.20620212514991,8,NA,NA,NA
"real","RUS_GUM",-5.83564586405139,13.9688668455314,11,NA,NA,NA
"real","RUS_KIR",-3.76330476285142,9.5814285283602,8,NA,NA,NA
"real","SAU_GNB",-0.345564237257363,0.855077597542936,13,NA,NA,NA
"real","SAU_PLW",-3.15632340526633,7.60776504414441,8,NA,NA,NA
"real","SDN_AFG",-1.3428571062703,18.5225611527199,9,NA,NA,NA
"real","SEN_PLW",-0.502094798929914,1.51704071786853,10,NA,NA,NA
"real","SGP_PSE",-0.249171403502327,0.368839923873984,13,NA,NA,NA
"real","SGS_PAK",-0.511690650768469,3.56110813066233,11,NA,NA,NA
"real","SHN_AGO",-0.0649654089365837,0.467085918342656,8,NA,NA,NA
"real","SHN_RUS",-1.34574272051981,3.60513592866704,11,NA,NA,NA
"real","SLE_AGO",-0.283271295234273,2.05013314271275,12,NA,NA,NA
"real","SLE_AZE",-1.25066134723607,5.3202596917288,8,NA,NA,NA
"real","SLE_MNE",-3.57631506018151,6.60035436535257,11,NA,NA,NA
"real","SLE_MRT",-0.934256040066283,5.47829658000462,8,NA,NA,NA
"real","SLV_TCA",-1.64238767916201,4.83960989365167,9,NA,NA,NA
"real","SMR_ALB",-0.661728334163797,3.07549872724733,12,NA,NA,NA
"real","SMR_ARE",-0.0265466061775891,0.0437967721529774,10,NA,NA,NA
"real","SMR_ARM",-1.32761397991833,3.58781482934016,13,NA,NA,NA
"real","SMR_AZE",-0.55518860936837,1.04685857047194,13,NA,NA,NA
"real","SMR_HKG",-0.331253542252087,0.992151963551848,13,NA,NA,NA
"real","SMR_SLV",-0.515969058263503,2.25735244385682,8,NA,NA,NA
"real","SMR_THA",-0.243433895366827,0.458517033721284,13,NA,NA,NA
"real","SMR_VCT",-1.12925546160169,3.22626152674462,12,NA,NA,NA
"real","SRB_COD",-0.875996171962831,3.06391180261844,12,NA,NA,NA
"real","SRB_MRT",-3.02134821738218,11.9949312889901,12,NA,NA,NA
"real","SRB_PSE",-1.19796262431631,4.60869874645927,12,NA,NA,NA
"real","SUR_AGO",-1.43842690792308,4.00737384590816,11,NA,NA,NA
"real","SVK_PLW",-3.54936858120876,5.88870029051793,11,NA,NA,NA
"real","SWZ_GIN",-1.92564174402949,8.83583441463595,8,NA,NA,NA
"real","SYC_ECU",-1.12695656563694,3.10401709602012,11,NA,NA,NA
"real","SYC_MNE",-2.19088125709246,7.47875582158665,10,NA,NA,NA
"real","TCA_KHM",-1.74481707570836,5.47846505490599,9,NA,NA,NA
"real","TCA_NIC",-3.00136829182481,5.86544858209879,12,NA,NA,NA
"real","TCA_NZL",-1.17202211116129,3.99887805495398,10,NA,NA,NA
"real","THA_PSE",-0.0578702383981278,0.157875331221754,13,NA,NA,NA
"real","THA_SMR",-0.493801862814696,2.06280175093976,13,NA,NA,NA
"real","THA_VAT",-0.74066896848289,3.84258792255487,12,NA,NA,NA
"real","TKL_AGO",-1.31769046718938,7.1261961069415,11,NA,NA,NA
"real","TKL_BFA",-2.30426953291323,4.91204869625796,8,NA,NA,NA
"real","TKL_CMR",-0.626663483529519,1.05237304807695,10,NA,NA,NA
"real","TLS_SRB",-1.00370784621174,3.57238117384291,12,NA,NA,NA
"real","TLS_VCT",-0.132541372009589,1.28205709108375,9,NA,NA,NA
"real","TON_PAK",-1.68881905806124,5.56862266547604,8,NA,NA,NA
"real","TON_PHL",-1.04921070194091,4.72730138718874,11,NA,NA,NA
"real","TUN_VUT",-3.12150356765171,6.4622154934678,10,NA,NA,NA
"real","TWN_PSE",-0.76347289960545,4.55815960438063,13,NA,NA,NA
"real","TZA_PSE",-1.71911659310664,9.98358985144863,9,NA,NA,NA
"real","TZA_URY",-0.363446276247049,1.1734288537782,8,NA,NA,NA
"real","UKR_PLW",-0.87105789693667,3.57559431149127,10,NA,NA,NA
"real","UKR_PSE",-0.550408616917996,1.62021342921129,13,NA,NA,NA
"real","UMI_AGO",-2.30543329714406,5.39996695853771,11,NA,NA,NA
"real","UMI_GUY",-2.00233895547792,7.50047522154724,8,NA,NA,NA
"real","UMI_LUX",-3.97107916898859,16.5826076495194,12,NA,NA,NA
"real","UMI_MNE",-0.700674417232304,0.901976702117955,8,NA,NA,NA
"real","UMI_VCT",-0.79801680654895,4.71075430167972,11,NA,NA,NA
"real","UZB_ETH",-2.821283944717,11.3047544506104,11,NA,NA,NA
"real","UZB_MNE",-1.75662488644144,4.23077379632038,10,NA,NA,NA
"real","VAT_AGO",-1.65926483490865,16.4008181519586,8,NA,NA,NA
"real","VAT_DEU",-0.106342358291276,1.55776274484221,13,NA,NA,NA
"real","VAT_FRA",-0.523464295049104,2.24123756026127,13,NA,NA,NA
"real","VAT_KWT",-0.801416684485827,2.2366767586772,9,NA,NA,NA
"real","VAT_NIC",-4.41075365440533,18.087934502284,9,NA,NA,NA
"real","VAT_PAK",-0.108721851723714,2.50084561958749,9,NA,NA,NA
"real","VAT_THA",-1.42151115660317,7.99588723365045,13,NA,NA,NA
"real","VAT_TUR",-1.15531832789437,5.33373264265309,9,NA,NA,NA
"real","VAT_VCT",-0.264718411768784,3.51687412625657,10,NA,NA,NA
"real","VCT_AGO",-2.357722018698,10.4814056322981,9,NA,NA,NA
"real","VCT_LKA",-1.1181893866772,2.58842946956892,8,NA,NA,NA
"real","VCT_SLE",-1.43908105820221,4.67211375559103,10,NA,NA,NA
"real","VGB_AGO",-1.46568948481492,10.274163506202,12,NA,NA,NA
"real","VNM_PSE",-0.276541583370241,0.690824632601131,13,NA,NA,NA
"real","VUT_MNE",-3.07668177355201,5.57623901000238,8,NA,NA,NA
"real","WSM_PSE",-0.609749339507895,3.40983533232223,9,NA,NA,NA
"real","ZAF_PSE",-0.16191508392988,0.288769187135379,13,NA,NA,NA
"real","ZWE_MNE",-1.25464095491616,3.16396578974182,11,NA,NA,NA
"real","ABW_IND",-1.34287873381481,5.9488457195671,12,NA,NA,NA
"real","ABW_SYC",-0.174860989732477,5.14946724578289,10,NA,NA,NA
"real","AFG_IRQ",-1.45919272589093,6.30937840567869,9,NA,NA,NA
"real","AIA_ARE",-1.34400799040195,8.48096415502123,9,NA,NA,NA
"real","AIA_URY",-1.94396765586307,8.27488700041647,9,NA,NA,NA
"real","ALB_QAT",-1.41551084941427,14.3953237461092,10,NA,NA,NA
"real","AND_COM",-0.508438672854202,1.51861909521425,12,NA,NA,NA
"real","AND_GMB",-0.177874056702674,0.631095836432935,11,NA,NA,NA
"real","AND_SWZ",-0.346368204400918,3.49713664548524,12,NA,NA,NA
"real","ARE_KIR",-2.80312385002409,4.07449682562907,9,NA,NA,NA
"real","ASM_BEL",-0.404808932105234,1.80517087184304,12,NA,NA,NA
"real","AZE_CIV",-3.85651771427236,9.60821135133197,9,NA,NA,NA
"real","AZE_SWZ",-0.961200104978009,2.72438739406543,12,NA,NA,NA
"real","BDI_SRB",-1.19557721149105,4.29537410554438,8,NA,NA,NA
"real","BEN_ARM",-0.828285429987325,2.16842459464003,8,NA,NA,NA
"real","BFA_SYC",-2.68769541206921,6.71724557017212,8,NA,NA,NA
"real","BGD_PLW",-1.28597238745072,4.54805655385026,9,NA,NA,NA
"real","BGR_PLW",-1.53069514534597,4.58797561167769,8,NA,NA,NA
"real","BHR_MNE",-2.64224479322108,15.752447899305,10,NA,NA,NA
"real","BHR_NAM",-1.75921460510723,8.39386682027439,11,NA,NA,NA
"real","BHS_PRK",-0.682003763518374,3.055751449081,9,NA,NA,NA
"real","BIH_MMR",-2.82475342978627,13.9504825485884,10,NA,NA,NA
"real","BIH_RWA",-4.80914859441384,14.5553834426302,12,NA,NA,NA
"real","BLR_SOM",-1.04509528276784,3.12540896950616,9,NA,NA,NA
"real","BRA_PCN",-1.65067067859298,5.53208044507139,9,NA,NA,NA
"real","BRB_KWT",-0.608140901236786,3.57056853827838,10,NA,NA,NA
"real","BTN_LUX",-4.28887001381004,12.2511304326409,11,NA,NA,NA
"real","BWA_BDI",-0.527016103487655,6.0567066410747,8,NA,NA,NA
"real","CAF_ARE",-0.652819273618647,2.17738391473623,11,NA,NA,NA
"real","CHL_PSE",-0.433923443319748,1.46240915137486,10,NA,NA,NA
"real","CIV_PSE",-0.824152524187846,4.51103557459263,12,NA,NA,NA
"real","COD_ARM",-2.50203531465042,6.23184109462656,8,NA,NA,NA
"real","COK_LUX",-1.11810997519966,2.81704353606521,12,NA,NA,NA
"real","CRI_KHM",-1.91211603119078,10.0346367281911,10,NA,NA,NA
"real","CRI_SWZ",-3.68088073584802,9.75334961862688,8,NA,NA,NA
"real","CRI_WSM",-1.02938370322977,5.01634983562051,10,NA,NA,NA
"real","CXR_LUX",-1.05909989359387,3.65087910932406,9,NA,NA,NA
"real","CYM_SYC",-7.58318709650509,21.4699307285103,10,NA,NA,NA
"real","ECU_COD",-2.15840614950492,6.34316953604311,10,NA,NA,NA
"real","ECU_MDV",-0.294168721197883,1.26549478306392,12,NA,NA,NA
"real","ERI_BFA",-1.27963077131366,4.76066809060798,8,NA,NA,NA
"real","ERI_CMR",-1.45199592150357,10.2934846234033,11,NA,NA,NA
"real","ERI_LUX",-1.39682097177963,7.25814742097956,9,NA,NA,NA
"real","FJI_GRL",-0.165947504889494,0.738053073771134,11,NA,NA,NA
"real","FRO_ATG",-1.31060618912188,5.66296581525621,8,NA,NA,NA
"real","FSM_TWN",-1.05566962967235,3.35143742100335,12,NA,NA,NA
"real","GAB_ARM",-2.66433070605495,15.7912668617529,9,NA,NA,NA
"real","GEO_CPV",-2.44057329824849,7.39132678401505,9,NA,NA,NA
"real","GEO_PRY",-2.47761818955866,4.80663903210818,12,NA,NA,NA
"real","GNB_BLR",-6.36204667377179,15.3919112643641,8,NA,NA,NA
"real","GNQ_MYS",-3.77080765668337,13.5212066750965,11,NA,NA,NA
"real","GRD_ARM",-1.07247253842657,3.05763426577554,8,NA,NA,NA
"real","GRD_EGY",-2.77343587139173,6.44875453375872,12,NA,NA,NA
"real","GRD_SYC",-1.5384913251748,5.06042783206245,9,NA,NA,NA
"real","GTM_PSE",-1.4393844619596,4.08003896827818,10,NA,NA,NA
"real","GTM_RWA",-2.77276531885228,10.6246709046777,12,NA,NA,NA
"real","GUM_NIC",-0.75156890520873,2.30931800897851,12,NA,NA,NA
"real","HND_PSE",-2.98090990194986,9.2315304810827,8,NA,NA,NA
"real","HTI_BHR",-1.12573626370716,3.62031520225505,10,NA,NA,NA
"real","HTI_BLR",-1.18437795505528,3.57980210737978,11,NA,NA,NA
"real","HTI_RWA",-0.747331824125142,1.29755741640765,12,NA,NA,NA
"real","KHM_RWA",-1.51447701873792,5.81200057663096,12,NA,NA,NA
"real","KNA_SLV",-1.64943750546345,4.9491470407886,11,NA,NA,NA
"real","KNA_URY",-2.1989185013402,11.9978090149572,9,NA,NA,NA
"real","KWT_MNE",-0.9297906419102,2.86946018199351,12,NA,NA,NA
"real","LAO_SWZ",-3.82325177777175,8.74288586554888,9,NA,NA,NA
"real","LAO_SYC",-1.35779218541448,4.09187062300026,9,NA,NA,NA
"real","LBR_LUX",-2.51801873009752,5.72076540548608,9,NA,NA,NA
"real","LBR_MOZ",-3.01550539331873,16.4331335965398,9,NA,NA,NA
"real","LBR_MRT",-1.67802915010934,6.98411010302408,9,NA,NA,NA
"real","LSO_ARE",-1.15685994350825,6.74225519283246,11,NA,NA,NA
"real","LSO_MAR",-1.83856276758004,8.34621142311227,9,NA,NA,NA
"real","LVA_TCD",-1.98797250511795,6.52130950440237,9,NA,NA,NA
"real","MAR_DMA",-1.03431306172168,7.55355757955282,9,NA,NA,NA
"real","MDA_CMR",-2.96024323690647,16.6818111617754,9,NA,NA,NA
"real","MDA_COM",-1.57393865970563,2.82159339032529,8,NA,NA,NA
"real","MDG_AZE",-1.5858817440768,3.64885580914387,11,NA,NA,NA
"real","MDG_BRN",-0.769664427746714,4.00706499213017,12,NA,NA,NA
"real","MHL_PLW",-1.41813593431047,5.01049623793473,10,NA,NA,NA
"real","MLI_PLW",-1.81453964789802,6.11927289738771,9,NA,NA,NA
"real","MMR_AZE",-1.86552857752939,3.71263588737978,9,NA,NA,NA
"real","MNE_ARM",-2.67212298905661,8.51347477940511,11,NA,NA,NA
"real","MNE_BOL",-0.587020922695902,2.06365088296032,11,NA,NA,NA
"real","MNE_PER",-0.211556660622587,0.654557977205648,11,NA,NA,NA
"real","MNE_ZAF",-1.4407617275,3.88435858744712,8,NA,NA,NA
"real","MRT_ALB",-1.12623286587896,3.2941375329085,9,NA,NA,NA
"real","MRT_VEN",-1.60976059500295,8.18699615452583,9,NA,NA,NA
"real","MSR_SLV",-0.698374272135902,1.18747162346989,12,NA,NA,NA
"real","MSR_SRB",-0.501464070799958,2.39242878099651,8,NA,NA,NA
"real","MUS_MNG",-0.738523134393532,2.14230084109931,8,NA,NA,NA
"real","NAM_GIB",-3.05121209436342,7.50781382522979,9,NA,NA,NA
"real","NAM_SLB",-1.61411738750572,6.40564335889392,8,NA,NA,NA
"real","NCL_PLW",-2.23994967552761,11.6283376544009,10,NA,NA,NA
"real","NER_PSE",-1.39599842579963,5.25742300279063,9,NA,NA,NA
"real","NER_VCT",-0.723881693509099,1.62918770075978,9,NA,NA,NA
"real","NIC_BHR",-1.23080665890672,8.32131461914992,12,NA,NA,NA
"real","NIC_MDA",-1.01241052472295,2.46131898776805,11,NA,NA,NA
"real","NIU_LUX",1.28227623448339,9.3543029230321,9,NA,NA,NA
"real","NIU_SYC",1.25731600222764,8.16432036274827,10,NA,NA,NA
"real","NRU_LUX",-0.769629031683885,2.89286187921118,11,NA,NA,NA
"real","PLW_FJI",-1.69001405108632,3.9354067109309,9,NA,NA,NA
"real","PSE_BLR",-1.72869219231955,7.46880680036196,10,NA,NA,NA
"real","PSE_BOL",-1.93565635881916,7.75767174190808,8,NA,NA,NA
"real","SAU_MHL",-1.19636649614125,2.80639293468813,8,NA,NA,NA
"real","SAU_TON",-0.383165795471,2.26154346445949,9,NA,NA,NA
"real","SDN_ARM",-2.80148985246242,13.1166491888988,10,NA,NA,NA
"real","SEN_BHS",-0.627494016055532,2.1403600204693,8,NA,NA,NA
"real","SEN_SLV",-2.23265660986999,6.33261858226841,12,NA,NA,NA
"real","SEN_SWZ",-3.33213024916951,11.4405209908786,11,NA,NA,NA
"real","SHN_SYC",-0.860336756727389,1.94684106860438,9,NA,NA,NA
"real","SLE_DOM",-0.875322831868887,5.81268552654037,12,NA,NA,NA
"real","SLE_KIR",-2.31816596528455,11.2493430904723,9,NA,NA,NA
"real","SLE_NIC",-1.1174270998059,3.15933197190938,12,NA,NA,NA
"real","SLE_PSE",-1.53959640806954,8.46254544357916,10,NA,NA,NA
"real","SLE_SYC",-0.450066113205673,2.52374291286714,11,NA,NA,NA
"real","SLV_MNE",-0.904261411301278,1.80765739975432,12,NA,NA,NA
"real","SMR_BOL",-2.4691656787658,8.92792531249128,11,NA,NA,NA
"real","SMR_ISR",-0.752617708020672,2.38552208994381,12,NA,NA,NA
"real","SMR_SYC",-1.64067965273317,9.20522597338998,10,NA,NA,NA
"real","SOM_LUX",-0.736286581685309,2.03221180296771,12,NA,NA,NA
"real","SRB_GMB",-0.744037149341028,3.73405803881569,9,NA,NA,NA
"real","STP_KWT",-0.362243715538152,0.847685335308998,8,NA,NA,NA
"real","STP_LUX",-0.57691745148753,2.83620314914129,9,NA,NA,NA
"real","SUR_SYC",-2.67210182897321,5.22949320171582,11,NA,NA,NA
"real","SWZ_GMB",-0.495639566961685,1.60665005455473,11,NA,NA,NA
"real","SWZ_JOR",-3.25571139721813,10.6745072104375,10,NA,NA,NA
"real","SWZ_MAC",-0.722822238630493,2.7577783501373,8,NA,NA,NA
"real","SWZ_PSE",-4.59788156990606,13.6432651036092,11,NA,NA,NA
"real","SWZ_SLV",-1.20870865231816,15.674175556907,9,NA,NA,NA
"real","SWZ_TON",-1.13217659600417,4.41955612451839,8,NA,NA,NA
"real","SYR_SYC",-0.796119256661607,3.4642902670822,10,NA,NA,NA
"real","TCA_COM",-0.649158418632349,2.13869225814111,12,NA,NA,NA
"real","TCA_SYC",-0.760465503096582,2.36749794458631,10,NA,NA,NA
"real","TCD_ISR",-1.27348013079369,4.34849125767774,9,NA,NA,NA
"real","TGO_LAO",-1.31261858540375,5.67132937119309,9,NA,NA,NA
"real","TKL_BEN",-0.660652063528568,2.52484575993614,11,NA,NA,NA
"real","TKL_SYC",-1.08444335482937,4.2009245503833,11,NA,NA,NA
"real","TLS_SAU",-0.0852700464008498,1.61528768023048,9,NA,NA,NA
"real","TUR_KIR",-1.153643504934,6.19767809022126,12,NA,NA,NA
"real","TUV_LUX",-1.71151878770913,9.84003360114845,10,NA,NA,NA
"real","UZB_NGA",-0.962384589243201,2.7060209861561,9,NA,NA,NA
"real","VAT_KHM",-0.881069367805219,7.65137925996857,11,NA,NA,NA
"real","VAT_LUX",-1.0223887712715,9.30933080181538,9,NA,NA,NA
"real","VAT_MNE",-1.2012918037756,3.20768049199929,8,NA,NA,NA
"real","VCT_FJI",-2.82837379228657,5.63415704399057,8,NA,NA,NA
"real","AFG_ARM",-1.02460887084064,4.84657302229973,11,NA,NA,NA
"real","AGO_BHS",-2.39638965847849,14.3888450474432,9,NA,NA,NA
"real","ALB_OMN",-0.469939110104028,3.14048060991929,9,NA,NA,NA
"real","AND_JAM",-2.29943993219988,9.00577525016351,10,NA,NA,NA
"real","ARE_PLW",-1.84498231355849,6.90048033421564,11,NA,NA,NA
"real","ARM_MNE",-0.554988552181875,2.58737306730642,11,NA,NA,NA
"real","ASM_NPL",-2.28129071315695,10.8753350834422,9,NA,NA,NA
"real","ASM_SLB",-4.6765617763349,11.7078319766769,8,NA,NA,NA
"real","ATA_IND",-0.939750616095673,5.22022104668849,8,NA,NA,NA
"real","AZE_BMU",-0.260417043855574,1.10151754018172,11,NA,NA,NA
"real","BFA_CHL",-0.600638788119929,2.45680630705813,8,NA,NA,NA
"real","BFA_NZL",-4.21867482019605,8.42370156679426,10,NA,NA,NA
"real","BGR_TLS",-0.50141671465098,1.05720089463765,9,NA,NA,NA
"real","BIH_SMR",-0.417628967492019,1.76894929825798,11,NA,NA,NA
"real","BLR_GNQ",-0.989560288148585,2.7866430128787,9,NA,NA,NA
"real","BLZ_NPL",-1.94622665621107,10.1500196076729,9,NA,NA,NA
"real","BOL_ARM",-2.10285748464157,5.55825890157487,10,NA,NA,NA
"real","BRN_BIH",-1.00599305213385,4.07282397461768,11,NA,NA,NA
"real","CCK_NPL",-1.36938166189035,4.87603990847157,10,NA,NA,NA
"real","CCK_ZMB",-0.865979188052047,3.51921729050349,10,NA,NA,NA
"real","CIV_NPL",-3.42893517672177,6.7936371496537,8,NA,NA,NA
"real","CIV_PLW",-2.05198102900111,12.0150910379761,10,NA,NA,NA
"real","CMR_MNE",-2.54696944136854,6.1307287431951,11,NA,NA,NA
"real","COG_KGZ",-0.478009363531821,1.95952918865139,8,NA,NA,NA
"real","COM_CHL",-2.4637893893056,5.56316519399344,10,NA,NA,NA
"real","COM_NPL",-0.496386259292386,4.28065757224114,11,NA,NA,NA
"real","CRI_UZB",-2.0984860120864,7.22547093354589,8,NA,NA,NA
"real","CXR_BRN",-0.917047608922572,3.46273716856016,11,NA,NA,NA
"real","DOM_PSE",-0.267345632667506,0.814602208355228,9,NA,NA,NA
"real","ECU_PSE",-1.1890268200705,3.53523040438188,10,NA,NA,NA
"real","EST_RWA",-2.36846260314079,7.16423920414119,11,NA,NA,NA
"real","ETH_PSE",-2.7798320018677,21.409039747506,10,NA,NA,NA
"real","FJI_NIC",-0.599810794548401,3.08090388194361,9,NA,NA,NA
"real","FSM_BEL",-1.80177059940563,5.71795481750884,10,NA,NA,NA
"real","GEO_ATG",-1.04060788161651,6.98118616808516,8,NA,NA,NA
"real","GEO_PSE",-0.586075604456203,1.86087440389522,11,NA,NA,NA
"real","GIB_BLZ",-1.36634487781207,5.33566980490683,9,NA,NA,NA
"real","GRC_VAT",-0.603249894124106,1.43406379981562,8,NA,NA,NA
"real","HTI_CIV",-1.30841853853944,8.02848143941631,8,NA,NA,NA
"real","HTI_NPL",-4.34634292972427,7.0419660340918,10,NA,NA,NA
"real","IOT_NPL",-0.604322991043591,1.86107288373943,10,NA,NA,NA
"real","ISR_GUM",-0.546971494041553,1.64401438652817,9,NA,NA,NA
"real","ISR_SOM",-0.332412076575103,1.58971576748877,9,NA,NA,NA
"real","KAZ_NPL",-3.73321187135797,13.1336082200209,10,NA,NA,NA
"real","LAO_MRT",-1.5439208380236,6.25476779588149,9,NA,NA,NA
"real","LAO_PRY",-0.826267182542469,3.02617959506561,9,NA,NA,NA
"real","LBR_NPL",-5.78095999790803,24.7914859846761,8,NA,NA,NA
"real","LCA_KAZ",-0.735865504936101,4.91049740827651,9,NA,NA,NA
"real","MAR_KNA",-1.98017387820194,6.35905238460459,9,NA,NA,NA
"real","MDA_BRB",-2.74107780804997,4.61669075183306,8,NA,NA,NA
"real","MDV_MNE",-0.588569998837451,2.43298296657931,9,NA,NA,NA
"real","MNE_CYM",-0.924469655417988,3.16403794841903,9,NA,NA,NA
"real","MNE_MAR",-0.50289894792772,1.31752109685028,11,NA,NA,NA
"real","MNE_MEX",-0.788756909017156,2.7201927384831,11,NA,NA,NA
"real","MNE_SAU",-1.05419793336087,2.73769661632599,11,NA,NA,NA
"real","MNE_SEN",-1.20957029076917,4.14862675144077,11,NA,NA,NA
"real","MRT_LBY",-0.497073483172341,1.1597613116302,10,NA,NA,NA
"real","MSR_DOM",-3.68208431375121,11.9534649891329,9,NA,NA,NA
"real","NCL_MMR",-1.96786782606522,4.70231548986767,8,NA,NA,NA
"real","NCL_NPL",-0.653219828398618,3.33551412860115,10,NA,NA,NA
"real","NPL_BHS",-0.626383413361169,2.54576134532207,9,NA,NA,NA
"real","PER_PSE",-0.903196281527745,4.43087401385213,10,NA,NA,NA
"real","PLW_IND",-2.71602807608272,8.96124940367147,8,NA,NA,NA
"real","PLW_MOZ",-0.977149895983772,4.84242136376127,9,NA,NA,NA
"real","POL_PLW",-2.44833266893355,11.4970886838912,8,NA,NA,NA
"real","PSE_ZAF",-2.06279986504977,9.2541536108943,8,NA,NA,NA
"real","RUS_COK",-2.19855760112601,6.4162224439585,9,NA,NA,NA
"real","SEN_NPL",-1.93663489963471,9.40726289680766,10,NA,NA,NA
"real","SLB_BRN",-3.57862162583618,9.39965132023192,8,NA,NA,NA
"real","SLE_NPL",-0.874619538631631,4.47018927247925,10,NA,NA,NA
"real","SMR_MAR",-1.42059995648603,3.5541653177422,10,NA,NA,NA
"real","SOM_BRN",-2.69120894590291,6.91726487988179,10,NA,NA,NA
"real","SUR_EGY",-0.456300179739959,1.94205571582147,11,NA,NA,NA
"real","SVK_UMI",-2.1772812343431,8.9742161036415,8,NA,NA,NA
"real","SWZ_AZE",-1.82266122743067,7.89378834251664,9,NA,NA,NA
"real","SYC_NPL",-2.91876131848152,10.6660241827918,9,NA,NA,NA
"real","TCA_PHL",-1.19959077289727,4.65131295179457,9,NA,NA,NA
"real","TLS_NIC",-3.29139720548604,13.3099060734472,8,NA,NA,NA
"real","TUV_MOZ",-0.782101742379542,6.46457649746848,9,NA,NA,NA
"real","TZA_VGB",-0.463695838177417,2.69691392238291,8,NA,NA,NA
"real","UGA_UZB",-1.38818236310021,14.3083751032699,8,NA,NA,NA
"real","UMI_ATG",0.221430802437188,3.96006712883474,9,NA,NA,NA
"real","URY_MNG",-1.63404710852443,9.22262807130932,8,NA,NA,NA
"real","VEN_NPL",-1.66374128293844,13.3000912379015,10,NA,NA,NA
"real","VEN_PSE",-1.98166594098802,7.02040558392468,8,NA,NA,NA
"real","VUT_BRB",-2.02411619569427,5.33104250845867,8,NA,NA,NA
"real","VUT_LUX",-0.514919756746137,1.21511782801076,10,NA,NA,NA
"real","AIA_BHR",-2.10266908781513,7.81366037969513,9,NA,NA,NA
"real","ALB_CYM",-0.115409630102563,1.09708853851859,8,NA,NA,NA
"real","ASM_MMR",-1.52443045361553,4.99734268376187,8,NA,NA,NA
"real","ASM_MRT",-1.50784695433198,4.90755044400271,10,NA,NA,NA
"real","ATG_BHR",-2.36796723340903,20.3984400603715,10,NA,NA,NA
"real","AZE_ABW",-0.451551571683765,2.25974327285816,10,NA,NA,NA
"real","BIH_BMU",-0.844874155997092,2.31737183750768,10,NA,NA,NA
"real","BIH_MWI",-1.50501203768445,4.21914867287689,10,NA,NA,NA
"real","BLZ_MMR",-2.00591052022887,4.73623387437947,10,NA,NA,NA
"real","BRN_MOZ",-0.96788307368819,7.09202051499577,9,NA,NA,NA
"real","CCK_MWI",-1.12356754613241,6.17407639465009,9,NA,NA,NA
"real","CIV_KIR",-0.320403926609949,0.978542676689529,9,NA,NA,NA
"real","CIV_MHL",-1.14954542213915,2.67072452620731,10,NA,NA,NA
"real","COM_BHR",-0.30361222122085,0.917993567447785,10,NA,NA,NA
"real","COM_BMU",-0.46926947264219,1.22469100569132,8,NA,NA,NA
"real","CPV_MMR",-1.75614244395211,10.1018001375997,10,NA,NA,NA
"real","CRI_COD",-0.116783265791306,1.04710300096299,8,NA,NA,NA
"real","CUW_GMB",0.00145202774635218,0.193439334726565,10,NA,NA,NA
"real","CXR_BHR",-1.69827302594982,7.62469097410796,8,NA,NA,NA
"real","CXR_MOZ",-2.03031533328793,8.99680798306608,9,NA,NA,NA
"real","DMA_MAR",-0.815343307044412,2.2860323229568,10,NA,NA,NA
"real","ERI_MLT",0.0372241554907085,1.86907708376988,8,NA,NA,NA
"real","GEO_BMU",-0.572265478449437,1.94320202586826,10,NA,NA,NA
"real","GEO_MRT",-1.24179215164281,6.36895759459476,8,NA,NA,NA
"real","GIN_BHR",-0.0873174641956779,1.25718317527054,10,NA,NA,NA
"real","GMB_BHR",-2.43434020452597,8.29308167807876,8,NA,NA,NA
"real","GRC_PLW",-1.32559775365736,4.82355953362788,10,NA,NA,NA
"real","GTM_MRT",-1.81893389993993,13.9854631558832,8,NA,NA,NA
"real","HTI_BMU",-1.38515971568478,5.05967622003071,10,NA,NA,NA
"real","JOR_SWZ",-0.924290003148227,3.95982803097045,9,NA,NA,NA
"real","KGZ_CIV",-2.5796055134867,11.5803211358735,9,NA,NA,NA
"real","KNA_SYC",-1.86431569755282,6.46983844055054,9,NA,NA,NA
"real","KWT_COD",-1.10200554552517,3.0396540943871,8,NA,NA,NA
"real","LAO_SLV",-0.790057514657176,1.64127230373607,10,NA,NA,NA
"real","LSO_BIH",-1.77927363770688,7.28091319828465,9,NA,NA,NA
"real","LSO_CMR",-0.921920418773511,4.03284917088171,8,NA,NA,NA
"real","LTU_BRN",-1.06566607378129,2.96864049416742,9,NA,NA,NA
"real","MHL_BHR",-7.69687538168285,15.7567371837739,9,NA,NA,NA
"real","MKD_GNQ",-1.06664443572745,2.686872580713,9,NA,NA,NA
"real","MLI_ARM",-0.921551492173604,5.98694320794386,10,NA,NA,NA
"real","MLI_SYC",-1.02276756885259,5.74081537961764,9,NA,NA,NA
"real","MMR_GEO",-3.05167808938637,32.2099616768731,8,NA,NA,NA
"real","MMR_PAN",-0.264159337059099,1.34321291360345,9,NA,NA,NA
"real","MNE_AGO",-1.09053964179266,2.84331436649702,8,NA,NA,NA
"real","MNE_AZE",-1.79263168266704,8.12139323339114,9,NA,NA,NA
"real","MNE_NGA",-0.903891789183259,3.38131313021004,9,NA,NA,NA
"real","MNP_PHL",-1.86936293538963,4.58831002509021,8,NA,NA,NA
"real","MRT_SLV",-1.8635073771272,7.50182887873652,10,NA,NA,NA
"real","NCL_BHR",-1.71545112553096,7.65615556561249,9,NA,NA,NA
"real","NER_BLR",-1.92246878384869,3.90076417233952,9,NA,NA,NA
"real","NER_MMR",-1.49942813412211,9.57505001157933,9,NA,NA,NA
"real","NGA_LSO",-0.172466279794566,0.564489846306659,10,NA,NA,NA
"real","NIU_BOL",0.942534682582331,11.3966293223094,8,NA,NA,NA
"real","NPL_ATG",-1.51348187452874,2.76119077437447,9,NA,NA,NA
"real","NRU_SYC",-0.651332618710867,4.31238341318331,9,NA,NA,NA
"real","PNG_MMR",-2.54977834288975,9.07365039029015,8,NA,NA,NA
"real","PRK_LAO",-0.756092355305078,2.52112925573765,10,NA,NA,NA
"real","PRY_NPL",-0.331791770795833,0.85222327344436,8,NA,NA,NA
"real","PSE_BMU",-1.83665103659767,7.06498598390203,10,NA,NA,NA
"real","PSE_IND",-2.09857243692737,10.6529462431742,8,NA,NA,NA
"real","PSE_THA",-2.11967744120956,10.9236862912042,8,NA,NA,NA
"real","QAT_GMB",-0.507434714832465,1.423603062038,10,NA,NA,NA
"real","SHN_BHR",-0.973752958022687,3.33764808699581,10,NA,NA,NA
"real","SLE_BDI",-0.256566866489111,0.717355350972471,8,NA,NA,NA
"real","SLE_BHR",-0.2696445128008,1.1820202527513,9,NA,NA,NA
"real","SLE_MMR",-0.406198381350827,3.00801541280133,9,NA,NA,NA
"real","SLE_SLV",-0.741307036590797,3.28800073357374,10,NA,NA,NA
"real","SLV_NPL",-0.676140304781247,2.98997709938714,10,NA,NA,NA
"real","SMR_PRY",-0.367320758033141,1.1024025974682,10,NA,NA,NA
"real","STP_BHR",-1.04945760530174,2.92100626123299,9,NA,NA,NA
"real","SWZ_LAO",-2.07544001752858,6.26243799712334,9,NA,NA,NA
"real","SWZ_MMR",-0.766646178118673,2.64697488676404,10,NA,NA,NA
"real","SYC_PSE",-1.18555746143352,5.34723604583075,9,NA,NA,NA
"real","TCA_BDI",-0.31610882346388,1.5912171118957,9,NA,NA,NA
"real","TCD_BHR",-2.78349322635026,7.09923906058302,8,NA,NA,NA
"real","TKL_MMR",-0.831239619093879,7.57365961923384,10,NA,NA,NA
"real","TKL_MRT",-0.0663301144585682,1.08169096079158,9,NA,NA,NA
"real","TKL_RUS",-0.0508028502837852,0.833244144184225,10,NA,NA,NA
"real","TLS_STP",-0.982901727850267,8.35470926785986,9,NA,NA,NA
"real","TTO_LAO",-1.16025407212887,4.33625610794867,9,NA,NA,NA
"real","TZA_MNE",-0.58367717744016,1.82037898735843,10,NA,NA,NA
"real","UMI_BMU",0.0674927541654939,2.10307632944888,10,NA,NA,NA
"real","VAT_BHR",-0.686818161851924,3.08652597608181,10,NA,NA,NA
"real","VAT_LKA",-1.87235918585424,11.3485098626039,9,NA,NA,NA
"real","VCT_BRN",-0.176732279431467,1.52608570493973,8,NA,NA,NA
"real","VCT_MWI",-2.56236956911681,6.22228622717325,9,NA,NA,NA
"real","VUT_MRT",-3.91880876831631,29.2788129179918,10,NA,NA,NA
"real","WLF_SYC",-1.03997353551527,6.34439623238936,8,NA,NA,NA
"real","YEM_MMR",-1.42224577435639,6.66737483597356,9,NA,NA,NA
"real","ABW_CUW",0.361742893151069,1.64667443158914,9,NA,NA,NA
"real","ABW_KWT",0.365013213504545,0.183188287083348,8,NA,NA,NA
"real","AND_QAT",-1.45525599020542,8.74521768729691,9,NA,NA,NA
"real","ARG_CUW",-0.698692569245621,1.7598702169803,9,NA,NA,NA
"real","ARG_SLB",-0.0492023177243791,0.0867219425406537,8,NA,NA,NA
"real","ATG_CUW",-0.367888990931343,4.97410806447808,9,NA,NA,NA
"real","AUS_CUW",0.114205994269649,0.401341067142651,9,NA,NA,NA
"real","BFA_BIH",-0.756534702565585,2.58850836810246,8,NA,NA,NA
"real","BHR_COD",-1.66924851730291,5.40660225780872,8,NA,NA,NA
"real","BHS_KWT",-0.214787051992614,1.52121498924179,8,NA,NA,NA
"real","BIH_GMB",-0.760279106580464,3.00887166442344,9,NA,NA,NA
"real","BRA_CUW",-0.675098858640529,1.36185427247131,9,NA,NA,NA
"real","BRB_CUW",0.237397258843669,0.462480056604974,9,NA,NA,NA
"real","CAN_CUW",-0.536849217013841,0.570813371398508,9,NA,NA,NA
"real","CHE_CUW",-0.0522347913564663,0.691882122250987,9,NA,NA,NA
"real","CHL_CUW",0.0771717191954139,0.207156033808821,9,NA,NA,NA
"real","CHN_BES",1.09259626314426,4.66493028108282,8,NA,NA,NA
"real","CHN_CUW",0.059527682537244,0.0800565392971523,9,NA,NA,NA
"real","COG_IRQ",-0.837705217262915,2.50429729528706,9,NA,NA,NA
"real","COL_CUW",-0.919693432746406,1.63037611018557,9,NA,NA,NA
"real","CPV_NPL",-1.1436440992198,2.98894739905181,8,NA,NA,NA
"real","CRI_CUW",-0.233750822227488,1.90589515939107,9,NA,NA,NA
"real","CUW_ABW",0.316275118702912,0.42226196817097,9,NA,NA,NA
"real","CUW_AGO",0.250614486999696,3.08250436756819,8,NA,NA,NA
"real","CUW_ARG",-2.10578247141054,4.42147163120795,9,NA,NA,NA
"real","CUW_ATG",0.359227310689075,0.823122515646384,9,NA,NA,NA
"real","CUW_AUS",-1.0187105172421,1.97232165472174,9,NA,NA,NA
"real","CUW_BHS",0.14614414460313,1.18942764737474,8,NA,NA,NA
"real","CUW_BLZ",-0.476389016654925,3.6425935745186,9,NA,NA,NA
"real","CUW_BMU",-0.98448548738356,4.3009477882149,9,NA,NA,NA
"real","CUW_BOL",-2.49680899242152,8.55684217310242,9,NA,NA,NA
"real","CUW_BRA",-1.70579716988248,7.45558867129222,9,NA,NA,NA
"real","CUW_BRB",0.546256078712353,1.73460037312017,9,NA,NA,NA
"real","CUW_CAN",-0.969841585466604,2.69178234683955,9,NA,NA,NA
"real","CUW_CHE",-0.44639647172116,5.0041250822235,9,NA,NA,NA
"real","CUW_CHL",-2.69182268062469,16.359745017992,8,NA,NA,NA
"real","CUW_CHN",-0.723073575601625,1.39464875686176,9,NA,NA,NA
"real","CUW_COL",-0.760247939805609,6.52146150510737,9,NA,NA,NA
"real","CUW_CRI",-1.49463030033755,4.50082131211076,9,NA,NA,NA
"real","CUW_DOM",-2.02822541916309,15.1493669685499,9,NA,NA,NA
"real","CUW_ECU",-0.304279438045123,4.05442064016509,9,NA,NA,NA
"real","CUW_FJI",-0.938657829268382,6.41488749915504,9,NA,NA,NA
"real","CUW_GHA",-0.1491941887628,2.87673493731542,9,NA,NA,NA
"real","CUW_GRD",-0.71043577025984,5.30433543255312,9,NA,NA,NA
"real","CUW_GTM",-1.25366120373662,4.02970211171573,9,NA,NA,NA
"real","CUW_GUY",0.19781423561364,0.685233479240062,9,NA,NA,NA
"real","CUW_HND",-0.631629127527877,3.46946238411185,8,NA,NA,NA
"real","CUW_IDN",-0.163192620232501,0.573787840079928,9,NA,NA,NA
"real","CUW_IND",-0.285231950561417,1.94032843548791,9,NA,NA,NA
"real","CUW_JAM",-0.147012310408166,0.914936267855661,9,NA,NA,NA
"real","CUW_JPN",-2.16026023403166,4.64090428948349,9,NA,NA,NA
"real","CUW_KOR",-3.005779426347,5.14079858033733,9,NA,NA,NA
"real","CUW_LCA",-0.328155214062154,3.91002388393414,9,NA,NA,NA
"real","CUW_MOZ",-0.0400589142643403,2.04988869251086,9,NA,NA,NA
"real","CUW_MYS",-0.736558624650753,1.25391413091305,9,NA,NA,NA
"real","CUW_NIC",-1.4540634844186,13.1061061607923,9,NA,NA,NA
"real","CUW_NOR",-0.289773461218674,2.46544007274507,9,NA,NA,NA
"real","CUW_PAK",-0.631847451476817,0.948136678370455,9,NA,NA,NA
"real","CUW_PER",-0.306008040738484,0.582285294218342,9,NA,NA,NA
"real","CUW_RUS",-0.594886405953852,3.50003271395474,9,NA,NA,NA
"real","CUW_SAU",-0.136307404509223,2.74169583022769,9,NA,NA,NA
"real","CUW_SGP",-0.745832251391546,1.68791725115121,9,NA,NA,NA
"real","CUW_SLV",-1.96268303023447,14.9560420058992,9,NA,NA,NA
"real","CUW_SUR",-0.402623742294344,0.826896090481606,9,NA,NA,NA
"real","CUW_SYC",-1.05798477819881,2.8247832264607,9,NA,NA,NA
"real","CUW_THA",-1.05722799564737,2.01388370159398,9,NA,NA,NA
"real","CUW_TWN",-1.47842320614461,14.7940176007589,9,NA,NA,NA
"real","CUW_TZA",-0.0683610874694101,2.5726234115214,9,NA,NA,NA
"real","CUW_USA",0.00280934567530637,0.074432836448509,9,NA,NA,NA
"real","CUW_VCT",0.118570201372406,1.66554406371486,9,NA,NA,NA
"real","CUW_ZAF",0.0239430904958132,0.905717834524784,9,NA,NA,NA
"real","CUW_ZMB",-0.436230735895636,4.50754870250643,9,NA,NA,NA
"real","CUW_ZWE",-0.498600301352424,2.78149302277433,8,NA,NA,NA
"real","DOM_CUW",-0.125385210704987,1.05000788920807,8,NA,NA,NA
"real","ECU_CUW",-2.8009562450173,3.89626765628093,9,NA,NA,NA
"real","GEO_SEN",-0.427712950322992,1.05229032439049,9,NA,NA,NA
"real","GTM_CUW",0.0277243671932324,0.548874558998343,9,NA,NA,NA
"real","GUY_CUW",-0.190121935707329,0.30090657687679,9,NA,NA,NA
"real","HND_CUW",-0.311138609623962,0.662051095434301,8,NA,NA,NA
"real","IDN_CUW",-0.0197228663125277,0.34195252281005,9,NA,NA,NA
"real","IND_CUW",0.065107475642868,0.153182744629547,9,NA,NA,NA
"real","ISR_CUW",-1.13837394861535,1.69281548646024,9,NA,NA,NA
"real","JAM_CUW",0.074274914453585,0.219782710347001,9,NA,NA,NA
"real","JAM_SXM",-0.445162181945349,1.40851638477734,9,NA,NA,NA
"real","JPN_CUW",0.151110606292527,0.355237631934709,9,NA,NA,NA
"real","KHM_GUM",-0.0591821932053008,0.347557329379452,9,NA,NA,NA
"real","KNA_SGP",-0.775251262148463,1.97032997709468,9,NA,NA,NA
"real","KOR_CUW",0.106082465192815,0.172748874912131,9,NA,NA,NA
"real","LCA_CUW",-0.111280887059874,1.65706293753666,8,NA,NA,NA
"real","LKA_CUW",-0.286332058653405,0.432362128371294,8,NA,NA,NA
"real","LSO_ECU",-0.234927248865145,0.629483904337563,8,NA,NA,NA
"real","MAR_CUW",-0.00800907590635166,0.515710738696133,9,NA,NA,NA
"real","MEX_CUW",-0.673904292715104,1.36347232111214,9,NA,NA,NA
"real","MHL_GRL",0.0574554124341805,0.341826369217858,8,NA,NA,NA
"real","MMR_KGZ",-1.25483303174067,3.24052748187655,9,NA,NA,NA
"real","MNE_IDN",-1.87184575609336,8.14416692627668,8,NA,NA,NA
"real","MNE_LBN",-1.68868708014808,5.33719813759059,9,NA,NA,NA
"real","MNE_PAK",-2.61287273821403,23.6343989580291,9,NA,NA,NA
"real","MOZ_CUW",-0.771313050812449,3.57250070446201,9,NA,NA,NA
"real","MRT_COD",-0.952261085684033,4.55747573440174,9,NA,NA,NA
"real","MRT_IRN",-5.03336577531338,10.8123595214112,8,NA,NA,NA
"real","MRT_LBR",-0.143042537999093,0.158917548188171,9,NA,NA,NA
"real","MYS_CUW",-0.133258267481355,0.338006044573327,9,NA,NA,NA
"real","NAM_CUW",-0.92641934798421,1.35847882264615,8,NA,NA,NA
"real","NGA_PSE",-0.834524479109683,3.0611761397727,9,NA,NA,NA
"real","NIC_CUW",0.13152855016114,0.52983513260669,9,NA,NA,NA
"real","NOR_CUW",-0.243058975699916,0.511143962118186,9,NA,NA,NA
"real","NOR_SXM",-0.117458401920224,0.384277422775694,9,NA,NA,NA
"real","NZL_CUW",-0.219582079756543,0.498248575846775,9,NA,NA,NA
"real","PER_CUW",-0.618198755416288,1.50786694732319,9,NA,NA,NA
"real","PHL_CUW",-0.740113707775784,4.05681577308522,9,NA,NA,NA
"real","POL_MNP",-1.34747144309202,5.70465229976153,8,NA,NA,NA
"real","PRT_VAT",-0.107868817210117,0.426578453183258,8,NA,NA,NA
"real","PRY_CUW",-0.0525249755773632,0.460175433870655,9,NA,NA,NA
"real","PSE_MRT",-0.922763309472725,5.77087897084679,8,NA,NA,NA
"real","QAT_MNE",-1.04335250793495,3.1605120254881,9,NA,NA,NA
"real","RUS_CUW",-5.01888071035803,25.065570564939,9,NA,NA,NA
"real","SGP_CUW",-1.4492956808016,3.47539709314699,9,NA,NA,NA
"real","SHN_BLR",-0.681659209508372,1.83980679808934,8,NA,NA,NA
"real","SLE_COG",-2.78057277937818,14.5573733277802,8,NA,NA,NA
"real","SLV_CUW",0.0619330478400171,0.180136774047181,9,NA,NA,NA
"real","SMR_ECU",-0.483652517958623,2.11398708367214,9,NA,NA,NA
"real","SUR_BLR",-1.39348669478869,6.6996679694706,8,NA,NA,NA
"real","SUR_CUW",-0.883265926548717,1.55641241084866,9,NA,NA,NA
"real","SUR_NPL",-2.55289795118072,12.796044047975,8,NA,NA,NA
"real","SXM_USA",-0.0801454191654881,0.31049504567353,9,NA,NA,NA
"real","TCA_STP",-0.281511243574262,1.75336631096759,8,NA,NA,NA
"real","THA_CUW",0.100053785527639,0.186521259173385,9,NA,NA,NA
"real","TJK_PHL",-0.780163941509164,1.81714643602093,8,NA,NA,NA
"real","TKL_SLV",-0.83636052796094,2.73029336685832,9,NA,NA,NA
"real","TUR_CUW",-1.29914513761412,3.54224090826266,9,NA,NA,NA
"real","TWN_CUW",0.0326614732721728,0.0588991180095861,9,NA,NA,NA
"real","UGA_BMU",-1.3803306270691,5.24757732228481,8,NA,NA,NA
"real","URY_CUW",-0.150984819853492,0.947308552776066,9,NA,NA,NA
"real","USA_CUW",0.075452140086359,0.245968525943337,9,NA,NA,NA
"real","USA_SXM",0.00203074917712866,0.000458476959133039,9,NA,NA,NA
"real","VCT_CUW",-0.594200962059138,1.53992234669322,9,NA,NA,NA
"real","VUT_BHR",-0.28069807870565,0.652386309325821,9,NA,NA,NA
"real","WSM_BHR",-1.10172829978808,3.92666367749278,8,NA,NA,NA
"real","WSM_PRY",-0.922611523876608,2.24351466946972,8,NA,NA,NA
"real","ZAF_CUW",0.118062181761425,0.274717416123952,9,NA,NA,NA
"real","ABW_ARE",-1.12782135192178,15.4296494751101,8,NA,NA,NA
"real","ABW_JOR",0.246589626281422,0.966588081138431,8,NA,NA,NA
"real","AFG_MMR",-0.813480184469271,2.70153590917013,8,NA,NA,NA
"real","ARE_CUW",0.0937628889053662,0.244270425253415,8,NA,NA,NA
"real","ARE_CYM",-1.51538792055068,6.50027387261697,8,NA,NA,NA
"real","ARE_GIB",-3.06156676313419,8.38404452530768,8,NA,NA,NA
"real","ARE_GNB",0.0115397897848709,0.0305926186591996,8,NA,NA,NA
"real","ARE_MNP",-0.585302092252511,1.53100443876955,8,NA,NA,NA
"real","ARE_VGB",-0.311566682717403,2.10517538743781,8,NA,NA,NA
"real","ATA_DOM",-1.11947718592073,4.02815462559086,8,NA,NA,NA
"real","AUS_SSD",-0.106612977148537,1.34244967599106,8,NA,NA,NA
"real","BHR_BHS",-0.0828110339109651,0.646381237848848,8,NA,NA,NA
"real","BHR_MHL",-0.252619292210393,1.05001421445251,8,NA,NA,NA
"real","BRB_BES",0.455842520849353,2.25171045291876,8,NA,NA,NA
"real","BRB_SXM",-0.00819459942611085,0.37810978564246,8,NA,NA,NA
"real","CHE_SSD",-1.75288765802367,3.2755020944003,8,NA,NA,NA
"real","CHN_SSD",0.0396437645297544,0.094620845344837,8,NA,NA,NA
"real","CIV_CUW",-2.03083720369748,3.57899081494926,8,NA,NA,NA
"real","CPV_BHR",-0.443003515690328,1.73191655152936,8,NA,NA,NA
"real","CUW_ARE",-1.41957423732802,8.18082296542594,8,NA,NA,NA
"real","CUW_PHL",-0.466270444370769,4.98401694787942,8,NA,NA,NA
"real","CYM_MNE",-1.3857012032608,2.80514366876797,8,NA,NA,NA
"real","DOM_MHL",-0.362549411543882,1.46206578804889,8,NA,NA,NA
"real","GRD_ARE",-0.401349833756494,1.39229216315089,8,NA,NA,NA
"real","GRL_MAR",-0.562572199064277,2.84889611064477,8,NA,NA,NA
"real","HKG_SSD",-0.0747890990235818,0.504805035533647,8,NA,NA,NA
"real","JPN_SSD",0.00545153767231682,0.391568958609157,8,NA,NA,NA
"real","KOR_SSD",-0.0426667764363969,0.163379006165957,8,NA,NA,NA
"real","LVA_GUM",-0.160748902612503,0.436224157288321,8,NA,NA,NA
"real","MDA_BMU",-0.510212238981565,1.75913284214237,8,NA,NA,NA
"real","MHL_MOZ",-2.3630893733188,11.6711145364392,8,NA,NA,NA
"real","MMR_SWZ",-1.24319700394888,7.94446571199762,8,NA,NA,NA
"real","MNE_BGD",-2.59579707286826,11.3890861720974,8,NA,NA,NA
"real","MSR_ARE",-1.60301085103661,3.70400214271786,8,NA,NA,NA
"real","MSR_BHR",-0.516857243092879,1.6889770172298,8,NA,NA,NA
"real","NIU_BHR",1.1692818384772,9.75474159238361,8,NA,NA,NA
"real","NOR_SSD",-0.600364714108342,2.12309697429252,8,NA,NA,NA
"real","PSE_CRI",-0.473976160978785,1.41612628720055,8,NA,NA,NA
"real","PSE_DOM",-0.402557911142016,0.780930660976197,8,NA,NA,NA
"real","SGS_THA",-0.516703868689413,5.62133940920928,8,NA,NA,NA
"real","SMR_SGP",-0.288407061429154,0.695578445082866,8,NA,NA,NA
"real","SSD_AUS",-0.539624594534133,1.50645505140502,8,NA,NA,NA
"real","SSD_CHN",-0.0164697409592311,0.00315050571183754,8,NA,NA,NA
"real","SSD_USA",-4.42779691120027,10.9821127579839,8,NA,NA,NA
"real","SXM_BRB",0.0671429669832744,1.03208390642619,8,NA,NA,NA
"real","SXM_JAM",-0.259708493742053,2.19667953591215,8,NA,NA,NA
"real","TKL_ARE",-0.087339543385446,1.10519483336563,8,NA,NA,NA
"real","TKL_BHR",-0.00285561103087409,0.739981268284367,8,NA,NA,NA
"real","TKL_CIV",-0.0335510303885784,0.911131057837942,8,NA,NA,NA
"real","TKL_MAR",-0.654409431626015,2.30888879738549,8,NA,NA,NA
"real","URY_TJK",-0.225087377089573,1.26651273250344,8,NA,NA,NA
"real","USA_SSD",0.00386329895883192,0.442938554760322,8,NA,NA,NA
"real","VAT_DOM",-0.368057216057987,2.82768607163283,8,NA,NA,NA
"real","VCT_RWA",-0.992842534527491,2.40593502580538,8,NA,NA,NA
"real","VGB_ARE",-1.65021193811572,3.4384705837505,8,NA,NA,NA
"control","AFG_AUS",-0.169222018697916,0.755342475003675,32,NA,NA,NA
"control","AFG_AUT",-0.0761331405655257,1.05126025620377,30,NA,NA,NA
"control","AFG_BGR",-0.0749823146118193,0.904510092486093,24,NA,NA,NA
"control","AFG_CHE",-0.28287087232742,1.26905938315691,32,NA,NA,NA
"control","AFG_DEU",0.242217517110665,0.636100820910559,32,NA,NA,NA
"control","AFG_DNK",-0.0106485099825971,1.22957476999237,32,NA,NA,NA
"control","AFG_FIN",0.133524224542041,1.22141102766602,32,NA,NA,NA
"control","AFG_FRA",-0.375806090314011,1.40835235256182,32,NA,NA,NA
"control","AFG_GBR",-0.238502333612563,1.09369449950019,32,NA,NA,NA
"control","AFG_GRC",0.15032942295262,1.63689341119103,29,NA,NA,NA
"control","AFG_GRD",-0.47122978151357,0.312254117062374,8,NA,NA,NA
"control","AFG_HUN",-0.0963080640067781,0.606646854529991,27,NA,NA,NA
"control","AFG_IND",-0.0188658333967806,0.295720446673591,14,NA,NA,NA
"control","AFG_ISL",0.312165265238911,1.10109202514183,21,NA,NA,NA
"control","AFG_ITA",0.345870288391229,0.951672950055377,31,NA,NA,NA
"control","AFG_JOR",-0.0375925998229939,0.878526774276298,28,NA,NA,NA
"control","AFG_JPN",0.263958834169518,0.899583422092554,32,NA,NA,NA
"control","AFG_KOR",0.0281387299832767,0.621746558134627,31,NA,NA,NA
"control","AFG_NLD",-0.147791922613833,0.847129328057966,32,NA,NA,NA
"control","AFG_NOR",-0.353644235687409,1.12814606984192,31,NA,NA,NA
"control","AFG_NZL",-0.129373380336958,0.50667117941716,32,NA,NA,NA
"control","AFG_PRT",-0.0753725459367693,0.729029284731078,26,NA,NA,NA
"control","AFG_SAU",-0.136526458788076,0.937974683249442,30,NA,NA,NA
"control","AFG_SGP",0.0626278979678421,0.513699418883691,32,NA,NA,NA
"control","AFG_SWE",0.0433668541036278,1.08909387866108,32,NA,NA,NA
"control","AFG_THA",0.320967902388875,1.21446287946622,32,NA,NA,NA
"control","AFG_TUN",0.251369629333502,0.801360339873292,26,NA,NA,NA
"control","AFG_USA",-0.112974702504331,0.651004668243439,32,NA,NA,NA
"control","AGO_AUT",-0.267473818013692,0.901502465293141,28,NA,NA,NA
"control","AGO_CHE",0.213767929861726,0.904016296137936,32,NA,NA,NA
"control","AGO_DEU",0.0133992090543942,0.926644889896551,32,NA,NA,NA
"control","AGO_ESP",-0.109771733880201,0.960022298785197,32,NA,NA,NA
"control","AGO_FRA",0.0548671537267231,0.84141269805596,30,NA,NA,NA
"control","AGO_GBR",-0.0794567103033203,1.43076365985366,29,NA,NA,NA
"control","AGO_ITA",-0.0190017475453176,1.16391677293465,30,NA,NA,NA
"control","AGO_JPN",0.0679655128002404,0.785806740361271,32,NA,NA,NA
"control","AGO_KOR",-0.139595503306564,1.48071796242557,29,NA,NA,NA
"control","AGO_NLD",0.0622539338703864,0.880081326227893,32,NA,NA,NA
"control","AGO_PRT",0.184863715458133,0.967689313231252,32,NA,NA,NA
"control","ALB_AUS",0.16595996826378,0.905008755406089,32,NA,NA,NA
"control","ALB_AUT",-0.371005870676819,1.25140476429665,17,NA,NA,NA
"control","ALB_BGR",0.383702617897712,0.699786230781195,8,NA,NA,NA
"control","ALB_CHE",-0.0750066295342797,0.95774393216802,21,NA,NA,NA
"control","ALB_DEU",-0.131997449620118,1.51918549002178,17,NA,NA,NA
"control","ALB_DZA",0.113501647363283,1.04952919772467,26,NA,NA,NA
"control","ALB_EGY",-0.168967552912108,0.810787506483848,32,NA,NA,NA
"control","ALB_ESP",-0.267983539829737,1.35389356443306,17,NA,NA,NA
"control","ALB_FRA",0.40690348802354,1.43026227078569,17,NA,NA,NA
"control","ALB_GRC",-0.251126838890219,0.483559647611998,17,NA,NA,NA
"control","ALB_HUN",-0.155262430931691,0.985873775712082,15,NA,NA,NA
"control","ALB_IND",0.179175970720158,0.688491459815814,26,NA,NA,NA
"control","ALB_ITA",0.188003173390425,0.408418316304225,17,NA,NA,NA
"control","ALB_JOR",0.519488698405377,0.640158187471412,19,NA,NA,NA
"control","ALB_JPN",-0.182331901038048,0.635785020394019,32,NA,NA,NA
"control","ALB_NLD",-0.547660081711579,0.795340801102598,17,NA,NA,NA
"control","ALB_NOR",0.104290106928515,0.875571610537835,17,NA,NA,NA
"control","ALB_SAU",0.0903545418493208,0.922844477638639,28,NA,NA,NA
"control","ALB_SWE",0.322633149687083,0.961588043894281,17,NA,NA,NA
"control","ALB_TUR",-0.201307614188091,1.33323639363538,19,NA,NA,NA
"control","ALB_USA",0.0911390929019853,0.799702323515702,32,NA,NA,NA
"control","AND_CHE",-0.0172165331220048,1.21285593642216,31,NA,NA,NA
"control","AND_JPN",0.061420332739023,0.851973270390753,29,NA,NA,NA
"control","AND_KOR",0.121591836967261,1.05897272339507,27,NA,NA,NA
"control","AND_THA",-0.104391419899845,1.00600547733949,28,NA,NA,NA
"control","ANT_AUS",0.0721916887084658,1.40569332467184,17,NA,NA,NA
"control","ANT_CHE",0.0507538362440685,0.711280414099151,23,NA,NA,NA
"control","ANT_JPN",0.366924460876469,0.910188188041563,23,NA,NA,NA
"control","ARE_AUS",-0.177378797936952,0.991514443904084,32,NA,NA,NA
"control","ARE_AUT",0.111626810946625,1.15741362465962,31,NA,NA,NA
"control","ARE_CAN",0.338076620617531,1.09381699869261,32,NA,NA,NA
"control","ARE_CHE",0.0917993912074902,0.913516019156169,25,NA,NA,NA
"control","ARE_CHN",0.0859577797612829,1.22379958861474,30,NA,NA,NA
"control","ARE_DEU",0.0538310597529742,1.28400590733758,32,NA,NA,NA
"control","ARE_DJI",0.104119079887123,1.31095171000691,20,NA,NA,NA
"control","ARE_ESP",-0.187958677440355,0.99686681878603,32,NA,NA,NA
"control","ARE_FIN",-0.0616763663386082,0.93336485203061,32,NA,NA,NA
"control","ARE_FRA",-0.0818919007651009,1.24614347415981,32,NA,NA,NA
"control","ARE_GBR",-0.0392667972057114,1.372294914891,32,NA,NA,NA
"control","ARE_GRC",0.0170918578869733,0.866718030827063,32,NA,NA,NA
"control","ARE_IDN",0.263881737184794,0.687555035434994,32,NA,NA,NA
"control","ARE_IND",0.105399001571794,1.44599779029229,32,NA,NA,NA
"control","ARE_ITA",0.119592723457018,1.22158502787221,32,NA,NA,NA
"control","ARE_JOR",-0.133056792859988,0.717338276727906,8,NA,NA,NA
"control","ARE_JPN",0.188560543501344,0.94532370009668,32,NA,NA,NA
"control","ARE_KEN",0.134801195080897,1.38213944895263,28,NA,NA,NA
"control","ARE_KOR",-0.0235449908423636,1.08482190491513,32,NA,NA,NA
"control","ARE_LKA",0.121640522294892,1.15580851934428,32,NA,NA,NA
"control","ARE_MAR",-0.0354559252208035,1.12554376833153,8,NA,NA,NA
"control","ARE_MYS",0.382795052260512,1.00143523097404,32,NA,NA,NA
"control","ARE_NLD",-0.276143001324853,0.904668258537113,32,NA,NA,NA
"control","ARE_PHL",-0.068570219262711,0.526541090790399,31,NA,NA,NA
"control","ARE_PRT",-0.325736907181122,1.20044552517313,32,NA,NA,NA
"control","ARE_SGP",-0.19126845812777,0.95391008481951,24,NA,NA,NA
"control","ARE_SWE",-0.130153978560405,1.44834556521634,32,NA,NA,NA
"control","ARE_THA",0.111646819328147,0.602859944924447,32,NA,NA,NA
"control","ARE_TUN",0.651394456803164,1.42685299427645,8,NA,NA,NA
"control","ARE_TUR",0.109985254182108,0.872514119555112,32,NA,NA,NA
"control","ARE_TWN",-0.272658449919132,0.995182222515879,32,NA,NA,NA
"control","ARE_USA",-0.00759886356644267,1.08097979564279,32,NA,NA,NA
"control","ARG_AGO",-0.418881699968672,0.714390880509538,32,NA,NA,NA
"control","ARG_ARE",0.269668558938683,1.59567745081773,32,NA,NA,NA
"control","ARG_AUS",-0.0800870620533658,0.956099025047255,32,NA,NA,NA
"control","ARG_AUT",-0.139573236460902,0.822761219322146,32,NA,NA,NA
"control","ARG_BGR",0.210850147733683,1.05509489650159,29,NA,NA,NA
"control","ARG_BHR",-0.0276466247621796,1.23333119442818,30,NA,NA,NA
"control","ARG_BHS",0.318639822145417,1.32817066555144,31,NA,NA,NA
"control","ARG_BRB",-0.149548395729254,1.14778213830852,32,NA,NA,NA
"control","ARG_CAN",-0.194552141183903,1.55312295621505,32,NA,NA,NA
"control","ARG_CHE",0.242995139678203,1.2898651605582,32,NA,NA,NA
"control","ARG_CHN",-0.0383739513911939,1.0589512125754,32,NA,NA,NA
"control","ARG_CIV",-0.0932692301371651,1.17598283018668,31,NA,NA,NA
"control","ARG_COD",0.0071218716848241,1.08514703124189,31,NA,NA,NA
"control","ARG_COG",0.285491154259821,0.998236326572047,32,NA,NA,NA
"control","ARG_CPV",-0.0533534729004645,0.803314792195055,29,NA,NA,NA
"control","ARG_CRI",0.144658040961296,0.656242270591107,32,NA,NA,NA
"control","ARG_CYP",-0.173404775708462,1.48461099601528,32,NA,NA,NA
"control","ARG_DEU",0.0240865788618086,0.807717609924095,32,NA,NA,NA
"control","ARG_DNK",-0.485819679055229,1.32333865844858,32,NA,NA,NA
"control","ARG_DOM",0.0849577512880904,1.3069722933304,32,NA,NA,NA
"control","ARG_ESP",0.0742950189355379,0.757813245530827,32,NA,NA,NA
"control","ARG_FIN",0.331630257878271,1.11197394188471,32,NA,NA,NA
"control","ARG_FRA",-0.067204104936454,0.906047114265338,32,NA,NA,NA
"control","ARG_GAB",0.0214341689052315,1.46332781733776,32,NA,NA,NA
"control","ARG_GBR",0.0141444193123761,1.29088978125388,32,NA,NA,NA
"control","ARG_GLP",-0.353397903189945,2.09125178036122,8,NA,NA,NA
"control","ARG_GRC",-0.0604473019596169,0.620880910185348,32,NA,NA,NA
"control","ARG_GRD",-0.282989701538377,0.917172282865517,31,NA,NA,NA
"control","ARG_GTM",0.384975146038371,0.979426917672716,32,NA,NA,NA
"control","ARG_GUF",-0.249404858333888,0.778590478754159,10,NA,NA,NA
"control","ARG_HND",-0.161107017051402,0.929856667749374,30,NA,NA,NA
"control","ARG_HTI",0.0677089207152344,1.12374741724759,32,NA,NA,NA
"control","ARG_HUN",-0.153799417834578,1.10376453545896,32,NA,NA,NA
"control","ARG_IRL",-0.233714395160731,0.722958602718454,32,NA,NA,NA
"control","ARG_ISL",0.0379773655760201,1.05126655693342,32,NA,NA,NA
"control","ARG_ISR",0.0410391682832295,1.28212460275517,20,NA,NA,NA
"control","ARG_ITA",0.116029386883909,0.81190319179228,32,NA,NA,NA
"control","ARG_JAM",0.0841260450102342,0.895861918313714,30,NA,NA,NA
"control","ARG_JOR",0.200753374455713,1.06665731893626,32,NA,NA,NA
"control","ARG_JPN",-0.159528238674954,1.15893803805652,32,NA,NA,NA
"control","ARG_KWT",0.214232816907433,0.91833760253021,32,NA,NA,NA
"control","ARG_LBN",-0.150931783388555,0.864543277849874,32,NA,NA,NA
"control","ARG_MLT",0.000494148372743627,1.14106436732342,32,NA,NA,NA
"control","ARG_MTQ",-0.127592828055336,0.94808163688896,8,NA,NA,NA
"control","ARG_MUS",0.204743345919959,0.64613004261541,30,NA,NA,NA
"control","ARG_NLD",0.323981522169165,0.889554278434365,32,NA,NA,NA
"control","ARG_NOR",0.132978245649241,1.29528617709297,32,NA,NA,NA
"control","ARG_NZL",0.0132136439536861,1.95748608262847,32,NA,NA,NA
"control","ARG_PAN",-0.169869133014255,0.846391909768534,23,NA,NA,NA
"control","ARG_POL",0.00855381072406081,1.10078517989865,32,NA,NA,NA
"control","ARG_PRT",0.153857589698439,1.0422992536524,32,NA,NA,NA
"control","ARG_REU",0.171694271737237,1.00683837779154,10,NA,NA,NA
"control","ARG_SAU",0.0781268993480236,1.30213506098762,32,NA,NA,NA
"control","ARG_SEN",0.092993691759833,1.11083705479183,32,NA,NA,NA
"control","ARG_SLV",0.178401762530188,0.868972947951588,30,NA,NA,NA
"control","ARG_SUR",-0.10822284936848,1.04907118504978,32,NA,NA,NA
"control","ARG_SWE",-0.22431466122435,1.1743473988336,32,NA,NA,NA
"control","ARG_SYR",0.0689004076004951,0.627698823625852,32,NA,NA,NA
"control","ARG_TGO",-0.141581086132118,0.707225070734823,30,NA,NA,NA
"control","ARG_TUR",0.0994968867849084,1.32049781679071,32,NA,NA,NA
"control","ARG_TWN",0.0930159470411173,1.36254027117559,32,NA,NA,NA
"control","ARG_UGA",0.0701370152067399,0.815368883811599,27,NA,NA,NA
"control","ARG_USA",-0.0479026812742317,1.09295995857614,32,NA,NA,NA
"control","ARG_ZAF",-0.0329732561117142,1.12265564347489,27,NA,NA,NA
"control","ARG_ZMB",0.000122900849714264,1.22662315177563,28,NA,NA,NA
"control","ATG_AUT",-0.113529834158892,1.13588255165677,18,NA,NA,NA
"control","ATG_CAN",0.255624752915525,0.831492261267063,32,NA,NA,NA
"control","ATG_CHE",0.0910279443167094,1.00014977950171,32,NA,NA,NA
"control","ATG_CHN",0.00754010373387425,0.947728182099375,27,NA,NA,NA
"control","ATG_DEU",-0.0381438658378554,1.11754528874874,19,NA,NA,NA
"control","ATG_FIN",-0.0593450325099335,1.00695891198805,18,NA,NA,NA
"control","ATG_FRA",-0.0352024621383385,0.624698710501705,18,NA,NA,NA
"control","ATG_GBR",0.114327115967089,1.35445309899163,19,NA,NA,NA
"control","ATG_GRC",0.0466784228335615,0.905479083696214,10,NA,NA,NA
"control","ATG_JPN",0.20445836817616,0.795452602948996,29,NA,NA,NA
"control","ATG_NLD",0.15095891865439,0.459938783076308,19,NA,NA,NA
"control","ATG_PRT",-0.149997768987901,1.21302827811151,19,NA,NA,NA
"control","ATG_SWE",-0.0715588843902707,1.00743172427848,17,NA,NA,NA
"control","ATG_USA",0.258571929446806,1.27709692706144,32,NA,NA,NA
"control","AUS_AFG",0.168880942005413,1.0438378910179,32,NA,NA,NA
"control","AUS_AGO",-0.204272534715707,1.26216369759975,32,NA,NA,NA
"control","AUS_AIA",-0.0337582489447591,0.630598142748324,23,NA,NA,NA
"control","AUS_ALB",0.0288257413052767,0.761638118288898,31,NA,NA,NA
"control","AUS_ANT",-0.101659324689462,1.13781918592494,23,NA,NA,NA
"control","AUS_ARE",0.176341848924136,0.758786078840712,32,NA,NA,NA
"control","AUS_ARG",0.0548349584786596,0.975851578224316,32,NA,NA,NA
"control","AUS_ATG",0.19352537263868,0.786320928929043,31,NA,NA,NA
"control","AUS_AUT",-0.249966555870278,1.03312262285895,32,NA,NA,NA
"control","AUS_BDI",0.00559473544011376,0.957497397246325,31,NA,NA,NA
"control","AUS_BEN",0.067523948068352,1.18736719225384,32,NA,NA,NA
"control","AUS_BFA",-0.0107553986685343,1.11922784501575,32,NA,NA,NA
"control","AUS_BGD",-0.0785476113369479,0.429117468547118,32,NA,NA,NA
"control","AUS_BGR",0.131827669269106,1.37632399261594,32,NA,NA,NA
"control","AUS_BHR",-0.332690245537474,1.0122735974443,32,NA,NA,NA
"control","AUS_BHS",-0.110144456699233,1.46295069606587,32,NA,NA,NA
"control","AUS_BLZ",-0.0829798300733459,0.677764209748729,31,NA,NA,NA
"control","AUS_BMU",0.120466098222676,0.661818909687993,32,NA,NA,NA
"control","AUS_BOL",-0.13175626599825,0.830166138333103,32,NA,NA,NA
"control","AUS_BRA",-0.106485507714777,1.13846953427427,32,NA,NA,NA
"control","AUS_BRB",-0.0810128770456172,0.750671918592611,32,NA,NA,NA
"control","AUS_BRN",-0.19188948192941,0.665826379501175,21,NA,NA,NA
"control","AUS_BTN",0.0631106196197922,1.17156292736495,32,NA,NA,NA
"control","AUS_BWA",0.259591897748153,0.703304451499492,27,NA,NA,NA
"control","AUS_CAN",0.0985615019103212,0.864631503949118,30,NA,NA,NA
"control","AUS_CCK",-0.23813830492492,1.10945034337998,32,NA,NA,NA
"control","AUS_CHE",0.0574343171031321,1.07651433296438,32,NA,NA,NA
"control","AUS_CHL",0.198280350166079,1.30156134143167,20,NA,NA,NA
"control","AUS_CHN",0.256202329644273,0.716211232100987,26,NA,NA,NA
"control","AUS_CIV",0.0694704513638975,1.35252357916107,32,NA,NA,NA
"control","AUS_CMR",0.226896414511492,1.02116920900485,32,NA,NA,NA
"control","AUS_COD",0.112380432502443,0.726871148735663,31,NA,NA,NA
"control","AUS_COL",-0.109096045756756,1.1288961688837,32,NA,NA,NA
"control","AUS_COM",0.285568341122174,0.846514724092316,28,NA,NA,NA
"control","AUS_CPV",-0.214183652093084,1.0093243998005,27,NA,NA,NA
"control","AUS_CRI",-0.0211649427686379,0.970966836986805,32,NA,NA,NA
"control","AUS_CUB",0.109681784590048,0.662551637071231,32,NA,NA,NA
"control","AUS_CXR",0.103132628104519,1.34391653053968,32,NA,NA,NA
"control","AUS_CYP",-0.271565243723328,0.969583150106742,32,NA,NA,NA
"control","AUS_DEU",0.106637351719139,0.5899568604742,32,NA,NA,NA
"control","AUS_DJI",-0.1663846799869,0.584240347028064,32,NA,NA,NA
"control","AUS_DMA",0.0259945651287114,0.934242273094027,30,NA,NA,NA
"control","AUS_DNK",0.122582837850633,1.01807077676792,32,NA,NA,NA
"control","AUS_DOM",-0.0527551504300348,0.838696276308629,31,NA,NA,NA
"control","AUS_DZA",0.231931569312574,0.886560311963568,32,NA,NA,NA
"control","AUS_ECU",0.323796403083741,0.822521868533687,32,NA,NA,NA
"control","AUS_EGY",0.315729082124983,0.819158355437547,32,NA,NA,NA
"control","AUS_ESP",0.174819212373237,1.0132688756904,32,NA,NA,NA
"control","AUS_FIN",0.251523165734347,1.24030202897274,32,NA,NA,NA
"control","AUS_FRA",-0.259438466485939,1.07528359486895,32,NA,NA,NA
"control","AUS_GAB",0.376937302798979,1.04056313924144,31,NA,NA,NA
"control","AUS_GBR",-0.0115253835808652,0.844665810734845,32,NA,NA,NA
"control","AUS_GHA",-0.0602716367594649,0.922564429176389,32,NA,NA,NA
"control","AUS_GIB",0.0309878133720036,0.934838460710181,29,NA,NA,NA
"control","AUS_GIN",-0.0812725693759579,1.91351633822346,32,NA,NA,NA
"control","AUS_GLP",0.129027843363705,1.96128124869767,12,NA,NA,NA
"control","AUS_GMB",-0.396621644163828,0.746787226311447,32,NA,NA,NA
"control","AUS_GNB",-0.0373907580558402,0.588936546643441,18,NA,NA,NA
"control","AUS_GRC",0.108219521553237,1.32099054544746,32,NA,NA,NA
"control","AUS_GRD",0.187699504821624,0.962162783812909,32,NA,NA,NA
"control","AUS_GTM",-0.266466442618172,1.07183369047577,32,NA,NA,NA
"control","AUS_GUF",0.354500891871666,0.847690185200152,11,NA,NA,NA
"control","AUS_GUY",0.00175661601193236,0.979685130156048,32,NA,NA,NA
"control","AUS_HUN",-0.0655626103035432,0.983623097577748,32,NA,NA,NA
"control","AUS_IDN",0.127758890611664,0.85813726316112,23,NA,NA,NA
"control","AUS_IND",0.057057163530269,1.2355305132901,32,NA,NA,NA
"control","AUS_IRL",-0.154450313709372,0.61437127993131,32,NA,NA,NA
"control","AUS_IRN",-0.0878840289518458,1.23620783832645,32,NA,NA,NA
"control","AUS_IRQ",0.138786644644958,0.804500918866348,31,NA,NA,NA
"control","AUS_ISL",0.299705221912251,0.817623884893874,32,NA,NA,NA
"control","AUS_ISR",0.050379962154914,0.550148316034829,32,NA,NA,NA
"control","AUS_ITA",-0.000481935599697003,0.817224457783704,32,NA,NA,NA
"control","AUS_JAM",0.145539961563435,1.00559373884869,32,NA,NA,NA
"control","AUS_JOR",0.00948990617447933,1.7747489885418,32,NA,NA,NA
"control","AUS_JPN",-0.122051073121553,1.0769122015903,26,NA,NA,NA
"control","AUS_KEN",0.231117657403376,0.869495521343094,32,NA,NA,NA
"control","AUS_KHM",0.405558112325364,0.989978477860747,22,NA,NA,NA
"control","AUS_KNA",-0.121128481671665,0.86042668560026,29,NA,NA,NA
"control","AUS_KOR",0.0510011997004527,1.34381932734197,25,NA,NA,NA
"control","AUS_KWT",-0.0153824565256304,1.12224443608386,32,NA,NA,NA
"control","AUS_LAO",-0.192799325151021,1.04007209815697,22,NA,NA,NA
"control","AUS_LBN",-0.140983316925293,1.16048626689718,32,NA,NA,NA
"control","AUS_LBR",0.00057026174967541,0.912231664170424,30,NA,NA,NA
"control","AUS_LBY",0.280535243093438,1.54991199060183,32,NA,NA,NA
"control","AUS_LCA",0.167406804286143,1.16829728385545,32,NA,NA,NA
"control","AUS_LKA",0.127728809336173,1.03804198779366,32,NA,NA,NA
"control","AUS_MAC",0.177941236261981,1.61031462446839,32,NA,NA,NA
"control","AUS_MAR",-0.163437512487583,0.851324382068674,32,NA,NA,NA
"control","AUS_MDG",0.146247022747117,1.33367603807316,32,NA,NA,NA
"control","AUS_MDV",-0.0260851867909725,1.39805462439155,32,NA,NA,NA
"control","AUS_MEX",0.180493797120856,1.06099530058702,30,NA,NA,NA
"control","AUS_MLI",0.351640912345312,1.03764481435319,32,NA,NA,NA
"control","AUS_MLT",-0.0992194226232721,0.898188541912805,32,NA,NA,NA
"control","AUS_MMR",0.0200773368468591,1.06028583820114,21,NA,NA,NA
"control","AUS_MNG",-0.131790573661146,0.707919340452391,31,NA,NA,NA
"control","AUS_MOZ",-0.0693674556893458,1.08151191526299,32,NA,NA,NA
"control","AUS_MRT",0.0078097397135595,1.07438700653511,32,NA,NA,NA
"control","AUS_MSR",-0.199102280040727,0.989364651525786,20,NA,NA,NA
"control","AUS_MUS",-0.271141992132548,1.17974639309131,32,NA,NA,NA
"control","AUS_MWI",0.0669144403951908,1.17337064876908,32,NA,NA,NA
"control","AUS_MYS",-0.125883458004071,0.830660431177285,21,NA,NA,NA
"control","AUS_NER",0.205555572643283,0.849943285488916,32,NA,NA,NA
"control","AUS_NFK",-0.111990691555304,0.972682801366734,32,NA,NA,NA
"control","AUS_NGA",0.0543676632844165,1.03565978748035,32,NA,NA,NA
"control","AUS_NIC",0.245110617798868,1.11470230739316,32,NA,NA,NA
"control","AUS_NLD",0.022178277154521,1.45123865425921,32,NA,NA,NA
"control","AUS_NOR",-0.227771091084591,0.89769341936616,32,NA,NA,NA
"control","AUS_NPL",-0.143693201989888,1.05466595728384,32,NA,NA,NA
"control","AUS_OMN",-0.00176843790688787,0.93558334764725,32,NA,NA,NA
"control","AUS_PAK",-0.0174866878230061,1.71821292722302,32,NA,NA,NA
"control","AUS_PAN",0.153674273298481,0.682650817867946,32,NA,NA,NA
"control","AUS_PCN",0.163269556535498,0.868290712086571,26,NA,NA,NA
"control","AUS_PER",0.218801420327201,0.93328513134644,32,NA,NA,NA
"control","AUS_PHL",-0.202617921936062,1.12347294441981,21,NA,NA,NA
"control","AUS_POL",0.019240820012515,0.998153217033274,32,NA,NA,NA
"control","AUS_PRK",-0.154177714623791,1.58818143215242,13,NA,NA,NA
"control","AUS_PRT",-0.366079420296725,1.02907062241479,32,NA,NA,NA
"control","AUS_PRY",-0.378836510614064,0.731529867641995,32,NA,NA,NA
"control","AUS_PYF",-0.227693729563069,1.02171084192068,32,NA,NA,NA
"control","AUS_QAT",-0.125176177210533,1.25108152842461,32,NA,NA,NA
"control","AUS_REU",0.301714319119363,0.977451843031611,12,NA,NA,NA
"control","AUS_ROU",-0.323028647831334,1.23036871743107,32,NA,NA,NA
"control","AUS_RWA",0.343266567568916,0.661602320434137,30,NA,NA,NA
"control","AUS_SAU",0.0926302886534185,1.48354505302261,32,NA,NA,NA
"control","AUS_SDN",0.185598793722857,0.781520616777177,32,NA,NA,NA
"control","AUS_SEN",0.013207245533376,1.03610429011158,32,NA,NA,NA
"control","AUS_SGP",0.488053776808499,1.29369461814383,14,NA,NA,NA
"control","AUS_SLE",-0.0499361861480951,0.905635675381294,32,NA,NA,NA
"control","AUS_SLV",0.0237220833157918,1.11294031349009,32,NA,NA,NA
"control","AUS_SOM",-0.0262410278999474,1.17749118743282,31,NA,NA,NA
"control","AUS_STP",0.113787482805343,1.05276165132106,25,NA,NA,NA
"control","AUS_SWE",-0.0926042295230768,1.1407159633867,32,NA,NA,NA
"control","AUS_SYC",-0.268665863256749,0.502717491276053,32,NA,NA,NA
"control","AUS_SYR",-0.26881500657592,0.73366199372284,32,NA,NA,NA
"control","AUS_TCD",-0.11031493351522,1.44116675920652,32,NA,NA,NA
"control","AUS_TGO",-0.0557381260227839,0.830082402480895,32,NA,NA,NA
"control","AUS_THA",0.0811599479089666,0.769373320343696,16,NA,NA,NA
"control","AUS_TTO",-0.217147192228183,0.578064203331187,32,NA,NA,NA
"control","AUS_TUN",-0.202348072474571,1.41573463470968,32,NA,NA,NA
"control","AUS_TUR",0.17948183597879,0.846820941819931,32,NA,NA,NA
"control","AUS_TWN",0.221967388473666,1.44464863526089,32,NA,NA,NA
"control","AUS_TZA",-0.243919083276349,0.885237873217119,32,NA,NA,NA
"control","AUS_UGA",-0.211924899957854,0.80720253654079,32,NA,NA,NA
"control","AUS_URY",-0.15117914440712,1.05353356721644,32,NA,NA,NA
"control","AUS_USA",-0.0284629924929663,0.631756877827387,16,NA,NA,NA
"control","AUS_VCT",-0.153586849215518,0.819951018138107,31,NA,NA,NA
"control","AUS_VEN",-0.101463559007154,0.847568310678357,32,NA,NA,NA
"control","AUS_VNM",0.179316419330361,1.11130164706623,21,NA,NA,NA
"control","AUS_YEM",-0.0689323461420526,1.51382796087942,31,NA,NA,NA
"control","AUS_ZAF",0.123637562891376,0.870269217540333,32,NA,NA,NA
"control","AUS_ZMB",0.00726976212101256,0.883433915853477,32,NA,NA,NA
"control","AUS_ZWE",-0.141809550459203,0.802760379354576,32,NA,NA,NA
"control","AUT_ALB",0.116432183332602,1.24599889351866,17,NA,NA,NA
"control","AUT_ARE",-0.198591397510048,1.85210705767552,32,NA,NA,NA
"control","AUT_ARG",-0.00388949157880172,0.813603917114154,31,NA,NA,NA
"control","AUT_AUS",-0.0358163304950314,0.998476454904558,32,NA,NA,NA
"control","AUT_BRA",0.311746520224563,1.19338417559241,32,NA,NA,NA
"control","AUT_CAN",-0.0370676845390146,0.556122241482428,28,NA,NA,NA
"control","AUT_CHL",-0.0904995222337914,1.33269732466827,14,NA,NA,NA
"control","AUT_CHN",0.205141761824147,1.02581047372064,32,NA,NA,NA
"control","AUT_COL",-0.258477143063315,0.927370758042792,24,NA,NA,NA
"control","AUT_CPV",-0.0574766225095235,0.668315153632421,28,NA,NA,NA
"control","AUT_ECU",-0.0556349635753804,0.810307008487704,28,NA,NA,NA
"control","AUT_FJI",-0.0827008499716635,1.41406748739392,15,NA,NA,NA
"control","AUT_IDN",-0.21407325696593,1.23700448414715,32,NA,NA,NA
"control","AUT_IND",0.0620032615934954,0.850952143970942,32,NA,NA,NA
"control","AUT_IRN",0.0813773145421454,0.997476102389054,31,NA,NA,NA
"control","AUT_JOR",0.0900433419105407,0.592833690673118,13,NA,NA,NA
"control","AUT_JPN",-0.406446933790377,0.925583472249052,30,NA,NA,NA
"control","AUT_KOR",-0.234214092826742,0.713643809557195,22,NA,NA,NA
"control","AUT_LBY",0.0540130648830236,1.13617710402352,31,NA,NA,NA
"control","AUT_MYS",0.0832105969449324,0.939982379657889,32,NA,NA,NA
"control","AUT_NZL",-0.0545695378388357,0.974339245038515,32,NA,NA,NA
"control","AUT_OMN",0.0670012692482196,0.929689317789091,32,NA,NA,NA
"control","AUT_PER",-0.214321492458629,0.935715077148804,20,NA,NA,NA
"control","AUT_PHL",-0.138810073345348,0.622868796616954,32,NA,NA,NA
"control","AUT_PRK",-0.384106540203557,0.995835819456325,27,NA,NA,NA
"control","AUT_SAU",-0.00258545122495912,0.938882246825291,32,NA,NA,NA
"control","AUT_SGP",-0.145137701446737,0.836560956428941,30,NA,NA,NA
"control","AUT_THA",0.0725716656772246,0.689015161622486,32,NA,NA,NA
"control","AUT_TWN",-0.336651706162278,0.996542970297792,32,NA,NA,NA
"control","AUT_USA",0.00565724233762126,1.20984764440796,32,NA,NA,NA
"control","AUT_VEN",-0.135335727579521,0.998436147958011,28,NA,NA,NA
"control","AUT_ZAF",-0.11430877386939,0.286176902797639,11,NA,NA,NA
"control","AUT_ZWE",-0.4097580406827,0.931458182728532,21,NA,NA,NA
"control","BDI_AUS",-0.0687356261296396,1.13824829257074,21,NA,NA,NA
"control","BDI_AUT",0.277260977794033,0.835294776631484,32,NA,NA,NA
"control","BDI_CAN",-0.215441093656421,0.819756486304568,30,NA,NA,NA
"control","BDI_CHE",-0.0587999222852073,1.23154546666413,32,NA,NA,NA
"control","BDI_DEU",0.0494116596110752,0.75664302929565,32,NA,NA,NA
"control","BDI_DNK",-0.125748704948071,1.2671424419363,32,NA,NA,NA
"control","BDI_ESP",-0.131664026637568,0.643152878336254,31,NA,NA,NA
"control","BDI_FIN",0.116014131558958,0.801700130528394,32,NA,NA,NA
"control","BDI_FRA",-0.0490920951090983,1.53159515479143,32,NA,NA,NA
"control","BDI_GBR",-0.586053635904317,1.06395189812335,32,NA,NA,NA
"control","BDI_GRC",0.359334935869394,1.01081085675828,16,NA,NA,NA
"control","BDI_IRL",-0.304897279765643,1.18016841151843,31,NA,NA,NA
"control","BDI_ITA",-0.197775496034636,1.26453164388178,32,NA,NA,NA
"control","BDI_JPN",0.0739133167320099,0.595202286628797,30,NA,NA,NA
"control","BDI_NLD",-0.326966131094405,1.1872662960692,32,NA,NA,NA
"control","BDI_NOR",-0.0836514144317568,1.37601467517931,29,NA,NA,NA
"control","BDI_NZL",0.0517439927661112,0.511137150274836,14,NA,NA,NA
"control","BDI_OMN",-0.171942051623374,0.786228884399745,31,NA,NA,NA
"control","BDI_PRT",-0.476095393276557,1.0921519916715,22,NA,NA,NA
"control","BDI_SWE",-0.029362440755409,1.0218753637554,32,NA,NA,NA
"control","BDI_THA",-0.200468015307039,1.00467972532341,30,NA,NA,NA
"control","BDI_USA",-0.296961068362807,0.762784626319163,32,NA,NA,NA
"control","BEN_CHE",0.00749023104562128,1.09153094015932,32,NA,NA,NA
"control","BEN_DEU",-0.236713246683701,0.708662827585892,32,NA,NA,NA
"control","BEN_ESP",-0.133239142607777,1.22110564755342,32,NA,NA,NA
"control","BEN_FRA",-0.0347816341349841,0.814268939428958,32,NA,NA,NA
"control","BEN_GBR",0.178785906718825,0.984784745467591,31,NA,NA,NA
"control","BEN_GRC",0.0820464921538727,0.474022375028063,22,NA,NA,NA
"control","BEN_ITA",0.154623796785613,1.03931234655988,32,NA,NA,NA
"control","BEN_JPN",-0.0432954418612586,0.843722565416519,32,NA,NA,NA
"control","BEN_NLD",-0.145821244015402,0.638566378686176,32,NA,NA,NA
"control","BEN_PRT",0.0783356642541118,0.914139024821031,32,NA,NA,NA
"control","BEN_SWE",-0.0533913254657991,0.733003710446273,28,NA,NA,NA
"control","BEN_TUR",-0.131914934347617,1.40517714167458,25,NA,NA,NA
"control","BEN_TWN",0.114846335147846,0.994960608765331,31,NA,NA,NA
"control","BFA_AUT",-0.0713325327306875,1.1415129868434,30,NA,NA,NA
"control","BFA_CHE",0.00268150007821037,1.28011105216565,32,NA,NA,NA
"control","BFA_COL",-0.0763660246607236,1.25480294221893,25,NA,NA,NA
"control","BFA_DEU",0.4365612364241,0.741744636640829,32,NA,NA,NA
"control","BFA_ESP",0.13176613240117,0.928622064339809,32,NA,NA,NA
"control","BFA_FRA",0.0662498400427624,0.852929217139872,32,NA,NA,NA
"control","BFA_GBR",-0.0407062943018479,1.35843023550409,30,NA,NA,NA
"control","BFA_GRC",-0.149069947975028,1.11260333681956,25,NA,NA,NA
"control","BFA_ITA",0.136436645915124,0.973663701432434,32,NA,NA,NA
"control","BFA_JPN",0.0452060512080456,0.836102701836082,32,NA,NA,NA
"control","BFA_KOR",0.0424631915348621,0.710405340739182,27,NA,NA,NA
"control","BFA_MAR",-0.442458914293297,1.11632564003213,31,NA,NA,NA
"control","BFA_NLD",-0.207704306118404,0.971864538205015,32,NA,NA,NA
"control","BFA_PRT",0.249761354084219,1.16714791361287,32,NA,NA,NA
"control","BFA_THA",-0.0203715882648243,0.934787766154798,32,NA,NA,NA
"control","BFA_TUN",-0.361796333981834,1.3230661694982,30,NA,NA,NA
"control","BFA_TWN",0.159338869628692,1.18556145094922,32,NA,NA,NA
"control","BGD_AUS",-0.305836330916766,0.550983165055694,32,NA,NA,NA
"control","BGD_AUT",0.0788265955921651,1.33692067799542,32,NA,NA,NA
"control","BGD_BGR",0.072767984391518,1.09353576560421,32,NA,NA,NA
"control","BGD_BRB",0.137778770290084,0.997810766652474,27,NA,NA,NA
"control","BGD_CAN",-0.00217125460332189,1.17213038943921,32,NA,NA,NA
"control","BGD_CHE",-0.0438529669984344,1.29763934149513,32,NA,NA,NA
"control","BGD_CHN",0.379834812285769,0.920146144619854,13,NA,NA,NA
"control","BGD_DEU",0.158438869229074,0.958185295935355,32,NA,NA,NA
"control","BGD_ESP",0.0755589244296627,1.00002467736206,32,NA,NA,NA
"control","BGD_FIN",-0.18239353024106,1.48910089650397,32,NA,NA,NA
"control","BGD_FJI",0.0437065421698422,0.92376034343311,29,NA,NA,NA
"control","BGD_FRA",-0.0156498756828681,0.717265190950705,32,NA,NA,NA
"control","BGD_GBR",0.466183963077558,0.917039082563228,32,NA,NA,NA
"control","BGD_GRC",-0.0187762005858454,0.821295591357948,32,NA,NA,NA
"control","BGD_GRD",0.0963275527567134,1.15063593315973,27,NA,NA,NA
"control","BGD_GTM",-0.32103964340386,1.26569855225061,30,NA,NA,NA
"control","BGD_HUN",-0.0603155516390719,0.894384490231032,32,NA,NA,NA
"control","BGD_IRL",0.0487596142206314,1.07449765758332,32,NA,NA,NA
"control","BGD_ISL",-0.194625181822047,1.1277968325156,32,NA,NA,NA
"control","BGD_ITA",0.110633318572946,1.14993889656283,32,NA,NA,NA
"control","BGD_JPN",0.208305744696144,0.709248519236466,32,NA,NA,NA
"control","BGD_KEN",0.142970008885779,0.726840371644511,31,NA,NA,NA
"control","BGD_MAR",-0.416879706865508,1.0166146914092,8,NA,NA,NA
"control","BGD_NLD",0.33311988002779,1.31402690677793,32,NA,NA,NA
"control","BGD_NZL",0.00116477991619481,0.844202425183249,32,NA,NA,NA
"control","BGD_PRT",-0.0811343838831343,1.02946306468359,32,NA,NA,NA
"control","BGD_TWN",-0.117055067058504,0.908793967688586,32,NA,NA,NA
"control","BGD_USA",0.0766642974745415,0.983744812350105,32,NA,NA,NA
"control","BGR_ARE",0.13399290432007,1.14772391327951,28,NA,NA,NA
"control","BGR_AUS",-0.118723621734359,1.30340802253071,32,NA,NA,NA
"control","BGR_BGD",-0.212104115693699,1.34794085064863,30,NA,NA,NA
"control","BGR_CAN",0.0676856462441125,0.907285156099344,28,NA,NA,NA
"control","BGR_CUB",0.333777028470931,1.02263688273053,25,NA,NA,NA
"control","BGR_CYP",0.266818778147522,0.863886292676791,15,NA,NA,NA
"control","BGR_DZA",-0.244944065655099,0.837631100888389,18,NA,NA,NA
"control","BGR_ECU",-0.218208944668081,1.1066894496999,26,NA,NA,NA
"control","BGR_EGY",-0.245474874758995,0.843165664812005,18,NA,NA,NA
"control","BGR_HUN",-1.10638624382449,0.653812865582947,8,NA,NA,NA
"control","BGR_IND",-0.242593579489724,0.675852309591336,32,NA,NA,NA
"control","BGR_IRN",-0.105368554628258,1.24667121848605,25,NA,NA,NA
"control","BGR_IRQ",-0.360254874843569,0.852714574636108,25,NA,NA,NA
"control","BGR_JOR",-0.0796142636204047,0.866627426209424,18,NA,NA,NA
"control","BGR_JPN",-0.390999975278616,1.03092966690924,30,NA,NA,NA
"control","BGR_KWT",-0.0623510442315263,0.928470671615465,29,NA,NA,NA
"control","BGR_LBN",0.316102820727931,0.964917198068887,11,NA,NA,NA
"control","BGR_LBY",0.241852881264986,0.95754694564845,28,NA,NA,NA
"control","BGR_MAR",0.000975193836566898,1.11146614947669,16,NA,NA,NA
"control","BGR_MLT",0.00902999114167391,0.533525047100263,14,NA,NA,NA
"control","BGR_MNG",-0.0196237511587566,0.768776219935,25,NA,NA,NA
"control","BGR_MYS",-0.0785929274405739,0.939491473860903,32,NA,NA,NA
"control","BGR_NZL",-0.151008768527311,0.596011835928683,32,NA,NA,NA
"control","BGR_ROU",0.119176155229872,2.52854383140305,10,NA,NA,NA
"control","BGR_SAU",-0.296161397592256,0.836416780796946,31,NA,NA,NA
"control","BGR_SGP",-0.185630542930351,0.836464782761482,30,NA,NA,NA
"control","BGR_SYR",-0.0038579894809093,1.12557125053689,13,NA,NA,NA
"control","BGR_THA",-0.166273552241081,0.712669276346761,32,NA,NA,NA
"control","BGR_TUN",-0.201159820790149,0.94325684298416,18,NA,NA,NA
"control","BGR_USA",-0.0627012998199934,0.925232718866176,32,NA,NA,NA
"control","BHR_AUS",-0.282280255434009,0.958348051954226,32,NA,NA,NA
"control","BHR_CHE",-0.168543161416929,1.77404778908991,25,NA,NA,NA
"control","BHR_DEU",-0.0448286447032834,1.02950828132422,32,NA,NA,NA
"control","BHR_FIN",0.0609831401644117,1.2352327243685,31,NA,NA,NA
"control","BHR_FRA",-0.316107991097958,0.926534205970178,29,NA,NA,NA
"control","BHR_GBR",0.148024442191919,1.06144985446111,32,NA,NA,NA
"control","BHR_GRC",0.0679464874803554,0.772254446378867,31,NA,NA,NA
"control","BHR_IND",0.156412274246716,0.865854537607911,32,NA,NA,NA
"control","BHR_ITA",-0.178712085403799,0.916286464516124,31,NA,NA,NA
"control","BHR_JPN",-0.070062968071594,1.53878545816695,32,NA,NA,NA
"control","BHR_KOR",0.095241623817271,0.732304472196375,32,NA,NA,NA
"control","BHR_NLD",0.0118271026198849,1.19854612298489,30,NA,NA,NA
"control","BHR_PRT",0.264499516667993,0.972430043979072,32,NA,NA,NA
"control","BHR_THA",-0.381683158454086,0.824347131954683,32,NA,NA,NA
"control","BHR_TUR",-0.057929716045798,0.828474860095235,32,NA,NA,NA
"control","BHS_AUS",-0.0963117490943764,0.806393730398128,32,NA,NA,NA
"control","BHS_CAN",0.296347720194866,1.41711109509943,32,NA,NA,NA
"control","BHS_CHE",-0.199386508130627,0.983181728629006,32,NA,NA,NA
"control","BHS_DEU",0.184734282404392,1.04391015243814,19,NA,NA,NA
"control","BHS_DNK",0.149438908078198,0.896098289019511,19,NA,NA,NA
"control","BHS_ESP",0.0135392789502889,1.0330625396634,19,NA,NA,NA
"control","BHS_FIN",0.0306126538411097,0.668873589434107,19,NA,NA,NA
"control","BHS_FRA",0.116521782655474,1.28895037650212,18,NA,NA,NA
"control","BHS_GBR",0.299609323612652,1.01415671865762,18,NA,NA,NA
"control","BHS_GRC",-0.215211307268509,1.1597472463895,19,NA,NA,NA
"control","BHS_IND",0.0260107751157279,0.576256941794958,27,NA,NA,NA
"control","BHS_ITA",0.153622487463937,1.27332857429517,19,NA,NA,NA
"control","BHS_JOR",0.345407975611677,0.961512620718345,8,NA,NA,NA
"control","BHS_JPN",0.189268622818734,1.20831393726885,32,NA,NA,NA
"control","BHS_KOR",-0.265265488865478,0.990090954367957,31,NA,NA,NA
"control","BHS_PRT",-0.0332874854348459,1.22909985644624,19,NA,NA,NA
"control","BHS_SWE",-0.244927375995594,0.924501493523167,19,NA,NA,NA
"control","BHS_THA",-0.119762644652188,1.03762298301301,32,NA,NA,NA
"control","BHS_TWN",-0.191446256706115,1.11675729795346,24,NA,NA,NA
"control","BHS_USA",0.0758874146497728,0.869017811764739,32,NA,NA,NA
"control","BLZ_CAN",-0.0363367971453483,0.759452089144906,32,NA,NA,NA
"control","BLZ_CHN",-0.128260095476763,0.898478416045291,28,NA,NA,NA
"control","BLZ_DEU",-0.100158027134734,0.44203167326445,19,NA,NA,NA
"control","BLZ_DNK",0.196732116182057,0.781582664543445,16,NA,NA,NA
"control","BLZ_FRA",-0.000977596361936845,1.37651580128159,16,NA,NA,NA
"control","BLZ_GBR",0.0485973149789315,0.766695169481604,19,NA,NA,NA
"control","BLZ_ITA",-0.0566237197514584,0.695696343978829,16,NA,NA,NA
"control","BLZ_JPN",0.25217283147284,1.19145199104874,32,NA,NA,NA
"control","BLZ_NLD",-0.171113328112494,0.302339061940186,19,NA,NA,NA
"control","BLZ_PRT",0.181096366877074,2.09354033359603,14,NA,NA,NA
"control","BLZ_SWE",-0.138595337330583,0.548580236141414,16,NA,NA,NA
"control","BLZ_THA",0.140742272551344,0.658370451189463,32,NA,NA,NA
"control","BLZ_USA",-0.096214290610952,1.16469606673505,32,NA,NA,NA
"control","BMU_AUS",0.0280568920461576,0.893491772926706,28,NA,NA,NA
"control","BMU_CHE",0.150931550146884,1.36600421756342,32,NA,NA,NA
"control","BMU_ISL",-0.0165774610840555,0.676592202652972,20,NA,NA,NA
"control","BMU_JPN",-0.0395155431603868,0.466261761617054,32,NA,NA,NA
"control","BMU_KOR",-0.326526398383779,1.79152694135079,25,NA,NA,NA
"control","BOL_AUS",-0.151238457039866,0.917755421808585,32,NA,NA,NA
"control","BOL_AUT",-0.0135121906990597,0.878690115766933,32,NA,NA,NA
"control","BOL_CAN",0.137191809996571,1.02855100731339,32,NA,NA,NA
"control","BOL_CHE",-0.274802297965105,0.926648911843989,32,NA,NA,NA
"control","BOL_DEU",-0.00804930805601766,1.19710653060288,32,NA,NA,NA
"control","BOL_DNK",-0.132189402229552,0.772382605615249,32,NA,NA,NA
"control","BOL_ESP",-0.0381498277711522,1.02616088988185,32,NA,NA,NA
"control","BOL_FIN",-0.187603100960215,1.06850216297617,32,NA,NA,NA
"control","BOL_FRA",-0.149271079488316,1.09885274702471,32,NA,NA,NA
"control","BOL_GBR",-0.287656906273955,1.01899033730209,32,NA,NA,NA
"control","BOL_ITA",0.280345837530601,0.852243122390142,32,NA,NA,NA
"control","BOL_JPN",-0.263029188234975,1.31893027350911,32,NA,NA,NA
"control","BOL_NLD",0.0716198767847351,0.995235135784952,32,NA,NA,NA
"control","BOL_OMN",0.16791537736963,0.77702176405088,22,NA,NA,NA
"control","BOL_PAN",0.0721056180644922,0.682429248640472,22,NA,NA,NA
"control","BOL_PRT",-0.195881356481027,1.02174099688719,32,NA,NA,NA
"control","BOL_SAU",-0.15864924721713,0.711604457531379,30,NA,NA,NA
"control","BOL_TWN",0.179329136174381,0.837062128032352,30,NA,NA,NA
"control","BOL_USA",-0.0564810874868058,1.12017934691512,32,NA,NA,NA
"control","BRA_AFG",-0.334501456416048,0.646433219980904,32,NA,NA,NA
"control","BRA_AGO",-0.107013523473264,1.12104733303545,32,NA,NA,NA
"control","BRA_ARE",-0.0154874779661695,1.16887269766417,32,NA,NA,NA
"control","BRA_AUS",-0.000315159304551595,1.07708667574127,32,NA,NA,NA
"control","BRA_AUT",0.04518997730435,0.755599889321551,32,NA,NA,NA
"control","BRA_BGR",0.289855018884174,0.652495118508653,32,NA,NA,NA
"control","BRA_BHR",0.226736823710677,0.916271872565808,32,NA,NA,NA
"control","BRA_BLZ",-0.0155413721043076,0.725433399160908,32,NA,NA,NA
"control","BRA_BRB",0.163014063853115,0.819557458981291,32,NA,NA,NA
"control","BRA_CAF",-0.369713404124821,1.14534905136004,32,NA,NA,NA
"control","BRA_CAN",0.185145907080331,1.33985165196148,32,NA,NA,NA
"control","BRA_CHE",0.235630936216258,1.18937702588248,32,NA,NA,NA
"control","BRA_CHN",0.0215238637055082,0.79713041928825,32,NA,NA,NA
"control","BRA_CIV",-0.248491380759643,0.965919976541087,32,NA,NA,NA
"control","BRA_COG",0.0453766348934462,1.33748587080885,32,NA,NA,NA
"control","BRA_COM",-0.0477061904501386,1.23810198775431,32,NA,NA,NA
"control","BRA_CPV",0.029866005773283,0.731471564782005,32,NA,NA,NA
"control","BRA_CRI",-0.125196080548286,1.01828612777611,32,NA,NA,NA
"control","BRA_CYP",0.141174055458255,0.994320526780868,32,NA,NA,NA
"control","BRA_DEU",0.0450157766811704,1.07464971269308,32,NA,NA,NA
"control","BRA_DNK",-0.0376822831368022,0.84770237329793,32,NA,NA,NA
"control","BRA_DOM",-0.13007792228476,1.33331208988235,32,NA,NA,NA
"control","BRA_ESP",-0.147583500003422,0.988727000197009,32,NA,NA,NA
"control","BRA_FIN",0.119785496779162,0.62109705464174,32,NA,NA,NA
"control","BRA_FJI",0.171234493252518,1.23857459127795,32,NA,NA,NA
"control","BRA_FRA",-0.0113977002830776,1.05186244343449,32,NA,NA,NA
"control","BRA_GAB",0.319840917893441,0.890734001116427,32,NA,NA,NA
"control","BRA_GBR",-0.0495906476717912,0.811447640721365,32,NA,NA,NA
"control","BRA_GLP",-0.0863456431062893,0.950289457834295,9,NA,NA,NA
"control","BRA_GMB",-0.290618452213616,0.96332981765318,32,NA,NA,NA
"control","BRA_GRC",0.0810961811107142,1.55208164106664,32,NA,NA,NA
"control","BRA_GRD",0.543564047223076,0.909163174667163,32,NA,NA,NA
"control","BRA_GTM",0.164752319742706,0.760162631795045,32,NA,NA,NA
"control","BRA_GUF",-0.15161142962067,0.727971207003536,12,NA,NA,NA
"control","BRA_HND",0.0538877548119418,1.30764451500186,32,NA,NA,NA
"control","BRA_HTI",0.296327591657509,1.25666260430274,32,NA,NA,NA
"control","BRA_HUN",0.0245191168464177,0.966410991050528,32,NA,NA,NA
"control","BRA_IRL",0.104469683909495,1.2149552839664,32,NA,NA,NA
"control","BRA_ISL",-0.207487625013436,0.769647339364677,32,NA,NA,NA
"control","BRA_ITA",0.107291337116881,1.05045950625181,32,NA,NA,NA
"control","BRA_JAM",0.0566229174435106,1.04668433821054,32,NA,NA,NA
"control","BRA_JOR",-0.14629313507222,0.797761995540452,32,NA,NA,NA
"control","BRA_JPN",-0.0651249306259948,0.972788666481834,32,NA,NA,NA
"control","BRA_KEN",-0.183539492603986,1.50315966378597,32,NA,NA,NA
"control","BRA_KNA",-0.253019036515237,1.03601123021493,32,NA,NA,NA
"control","BRA_KWT",0.215027097198147,1.03899249317013,32,NA,NA,NA
"control","BRA_LBN",0.185636218117614,0.971332150952408,32,NA,NA,NA
"control","BRA_LBR",-0.00313805162819235,0.93257220095828,32,NA,NA,NA
"control","BRA_LCA",-0.041951112305532,1.01645047358285,32,NA,NA,NA
"control","BRA_MAR",-0.0735655649364443,1.97539509710695,8,NA,NA,NA
"control","BRA_MLT",0.036333296612766,0.662097371074743,32,NA,NA,NA
"control","BRA_MRT",0.114532253452464,2.00211283689092,32,NA,NA,NA
"control","BRA_MTQ",0.0595924354783696,1.02043551022768,11,NA,NA,NA
"control","BRA_NLD",-0.00721121465328219,1.03453831595276,32,NA,NA,NA
"control","BRA_NOR",0.271596288980018,0.861672087426445,32,NA,NA,NA
"control","BRA_NZL",-0.167948629492934,1.08835179369066,32,NA,NA,NA
"control","BRA_OMN",0.156540115356559,1.12867371264474,32,NA,NA,NA
"control","BRA_PAN",0.158860690788535,0.851063362571008,23,NA,NA,NA
"control","BRA_PNG",0.165289791095009,1.02547940794489,32,NA,NA,NA
"control","BRA_POL",0.158676845391087,1.61526400080408,32,NA,NA,NA
"control","BRA_PRT",-0.0670151565827809,0.962431192071913,32,NA,NA,NA
"control","BRA_QAT",0.0508027149389009,0.988245240177421,32,NA,NA,NA
"control","BRA_REU",-0.266657802219307,0.755743669337431,8,NA,NA,NA
"control","BRA_RWA",0.290301131802281,0.908543585386294,32,NA,NA,NA
"control","BRA_SAU",0.00056624800568874,1.05425916852624,32,NA,NA,NA
"control","BRA_SEN",-0.178771482571851,1.54599667032639,32,NA,NA,NA
"control","BRA_SLV",-0.0151561784047639,0.623649841722574,32,NA,NA,NA
"control","BRA_SUR",0.16735238640027,0.949289268096796,32,NA,NA,NA
"control","BRA_SWE",0.120603354941229,1.13816880520753,32,NA,NA,NA
"control","BRA_SYR",-0.11251799023435,0.72779420860434,32,NA,NA,NA
"control","BRA_TWN",0.374428545986252,0.828298763758572,32,NA,NA,NA
"control","BRA_USA",0.12543801156127,0.815683426967217,32,NA,NA,NA
"control","BRA_VCT",0.0718967256188573,0.69205651817163,32,NA,NA,NA
"control","BRA_ZAF",-0.371375729148931,1.3652134126582,27,NA,NA,NA
"control","BRB_AUS",0.0113072707097151,0.978340643685257,32,NA,NA,NA
"control","BRB_AUT",0.0421777203080502,0.838937650805909,17,NA,NA,NA
"control","BRB_CAN",-0.0700975237156691,0.62002485093733,32,NA,NA,NA
"control","BRB_CHE",0.0430432583151476,0.856714854745986,32,NA,NA,NA
"control","BRB_DEU",-0.0998462228909098,1.01973717259302,19,NA,NA,NA
"control","BRB_FIN",0.149430610149717,1.0847261199523,19,NA,NA,NA
"control","BRB_FRA",-0.171035649004719,0.908692748226768,19,NA,NA,NA
"control","BRB_GBR",-0.112634641968433,0.830268316236161,19,NA,NA,NA
"control","BRB_GRC",-0.115592553357412,1.45588938139248,12,NA,NA,NA
"control","BRB_ITA",0.0298582938417309,1.12945064279082,17,NA,NA,NA
"control","BRB_JPN",-0.0653965044640536,0.724077650128526,32,NA,NA,NA
"control","BRB_NLD",-0.0265457051963015,0.779785786503527,19,NA,NA,NA
"control","BRB_PRT",-0.191235461764731,0.684276107091805,16,NA,NA,NA
"control","BRB_USA",0.241486895738721,0.791386819500029,32,NA,NA,NA
"control","BRB_VEN",-0.192616955450324,1.19633178438773,27,NA,NA,NA
"control","BRN_AUS",0.108400608741037,0.947207861128561,21,NA,NA,NA
"control","BRN_AUT",-0.217468109237908,0.673939951494256,28,NA,NA,NA
"control","BRN_CHE",0.0756197794713146,0.981321075204485,32,NA,NA,NA
"control","BRN_DEU",0.0370145469955784,0.691400922661605,32,NA,NA,NA
"control","BRN_ITA",-0.35162436458404,1.01804845552299,27,NA,NA,NA
"control","BRN_JPN",0.0558681483590647,0.753343854484604,19,NA,NA,NA
"control","BRN_KOR",-0.296637531719603,1.37809232003258,21,NA,NA,NA
"control","BRN_PRT",0.251102142603047,0.738088319377479,25,NA,NA,NA
"control","BRN_SWE",-0.176011424511396,1.35956426965843,28,NA,NA,NA
"control","BRN_USA",-0.153529640558964,0.725806433099968,31,NA,NA,NA
"control","BTN_AUT",-0.224554455285208,1.48528029608269,28,NA,NA,NA
"control","BTN_CHE",0.153227325605055,1.02562434033299,26,NA,NA,NA
"control","BTN_DEU",0.223844285370486,0.691586897027664,31,NA,NA,NA
"control","BTN_KOR",-0.202072305161933,1.21701241119864,27,NA,NA,NA
"control","BTN_NLD",0.259661758381837,1.06477890480624,28,NA,NA,NA
"control","BTN_SGP",0.272572104985328,1.41165887082215,21,NA,NA,NA
"control","BTN_USA",0.0143535387230024,0.976197262751,32,NA,NA,NA
"control","BWA_AUT",0.22111612872117,1.10647586659807,22,NA,NA,NA
"control","BWA_CAN",-0.0648581568189239,0.939912977864855,28,NA,NA,NA
"control","BWA_CHE",0.329339332019865,1.36536788198901,10,NA,NA,NA
"control","BWA_DNK",-0.114565267580556,0.871257254616262,20,NA,NA,NA
"control","BWA_ESP",-0.483146543174963,1.26450729048986,26,NA,NA,NA
"control","BWA_FRA",0.305252013296246,0.881052019246711,27,NA,NA,NA
"control","BWA_GBR",0.274162012865363,1.22868707087383,24,NA,NA,NA
"control","BWA_IND",0.162657187701234,1.25092710569265,22,NA,NA,NA
"control","BWA_ITA",0.268374213271115,1.32748515220921,26,NA,NA,NA
"control","BWA_JPN",-0.114070021213347,0.87790439111611,31,NA,NA,NA
"control","BWA_NLD",0.0234031489224465,1.42931657349015,27,NA,NA,NA
"control","BWA_SGP",0.195871181097862,1.15582554736576,30,NA,NA,NA
"control","BWA_SWE",0.133228160629097,0.413409044484992,18,NA,NA,NA
"control","BWA_THA",-0.27251987982856,0.796693353124894,22,NA,NA,NA
"control","BWA_USA",-0.327975839587792,1.06693772025246,31,NA,NA,NA
"control","CAF_AUT",-0.0141298208591985,0.733117210566381,29,NA,NA,NA
"control","CAF_CAN",-0.215167851407271,1.23287731079605,31,NA,NA,NA
"control","CAF_CHE",0.146193448032685,1.1444967702966,32,NA,NA,NA
"control","CAF_DEU",-0.0673152961456236,1.08560868471422,32,NA,NA,NA
"control","CAF_ESP",-0.161952558447213,1.30911828143747,32,NA,NA,NA
"control","CAF_FRA",0.0224446527846613,1.30558596974198,32,NA,NA,NA
"control","CAF_GBR",-0.0621904884533308,1.02958123181634,32,NA,NA,NA
"control","CAF_GRC",0.109394870436068,1.04413529342544,16,NA,NA,NA
"control","CAF_IND",0.0965994058382002,0.81544184755455,26,NA,NA,NA
"control","CAF_ITA",0.237865872471413,0.755010632411558,32,NA,NA,NA
"control","CAF_JPN",0.246276391065798,1.07098620572291,31,NA,NA,NA
"control","CAF_KOR",-0.230881665257728,1.23097224546772,30,NA,NA,NA
"control","CAF_MAR",-0.0825894286800294,1.0133175737188,30,NA,NA,NA
"control","CAF_NLD",-0.103025855952739,0.98864403290355,32,NA,NA,NA
"control","CAF_PRT",-0.178137336069987,1.16248115228142,32,NA,NA,NA
"control","CAF_SGP",-0.0867210347644678,1.13804911876106,14,NA,NA,NA
"control","CAF_SWE",-0.266843587654695,0.893846887327308,23,NA,NA,NA
"control","CAF_THA",-0.0744069192874284,1.55098775344895,30,NA,NA,NA
"control","CAF_TWN",-0.120670623972144,1.11300848808837,32,NA,NA,NA
"control","CAF_USA",0.0312498738982268,1.49720265933402,32,NA,NA,NA
"control","CAN_AGO",0.17986608267393,1.19746782625862,32,NA,NA,NA
"control","CAN_ALB",0.0993407410509685,0.900136039562105,32,NA,NA,NA
"control","CAN_ARE",0.0949593214719725,0.7900529010154,32,NA,NA,NA
"control","CAN_ARG",0.290722004510247,0.679529474459738,32,NA,NA,NA
"control","CAN_ATG",-0.380067001191662,1.53332923620228,32,NA,NA,NA
"control","CAN_AUS",0.13596452134293,1.23053542184682,30,NA,NA,NA
"control","CAN_AUT",-0.165148374975814,0.807026501732597,28,NA,NA,NA
"control","CAN_BGD",-0.289736151821536,0.917105591497294,32,NA,NA,NA
"control","CAN_BGR",0.149729735762074,0.935106088343685,28,NA,NA,NA
"control","CAN_BHR",0.00373370200776115,0.952200686641115,32,NA,NA,NA
"control","CAN_BHS",-0.151878811080297,0.649531751732298,32,NA,NA,NA
"control","CAN_BLZ",0.0288154563152948,1.02637870101962,32,NA,NA,NA
"control","CAN_BOL",0.0388610259538144,1.08943141456612,32,NA,NA,NA
"control","CAN_BRA",0.0623516331228749,1.05910436422655,32,NA,NA,NA
"control","CAN_BRB",0.0325047342838249,1.02008436100561,32,NA,NA,NA
"control","CAN_CHE",-0.18861974963924,1.65904222528718,20,NA,NA,NA
"control","CAN_CHL",-0.0626249003494497,0.468369997788473,8,NA,NA,NA
"control","CAN_CHN",-0.196953825532996,1.17875150665607,32,NA,NA,NA
"control","CAN_CIV",-0.268141589732038,1.19772567663134,32,NA,NA,NA
"control","CAN_CMR",-0.20666356532255,0.371230997319059,32,NA,NA,NA
"control","CAN_COD",-0.24116920141459,1.02679971781281,32,NA,NA,NA
"control","CAN_COL",0.0123733664171286,0.7609762370727,22,NA,NA,NA
"control","CAN_CRI",0.131533911186694,0.751083876999546,13,NA,NA,NA
"control","CAN_CUB",-0.0726207777215734,0.895169496452537,32,NA,NA,NA
"control","CAN_CYP",0.0222435199329635,1.45352105926231,28,NA,NA,NA
"control","CAN_DEU",0.226811393895673,1.45560441164649,28,NA,NA,NA
"control","CAN_DMA",-0.207406703714367,0.858332628807409,32,NA,NA,NA
"control","CAN_DNK",0.0345664019311424,0.903690654780933,28,NA,NA,NA
"control","CAN_DOM",-0.218322151127169,1.00391542604609,32,NA,NA,NA
"control","CAN_DZA",-0.0273254240127148,1.35381526993822,32,NA,NA,NA
"control","CAN_ECU",-0.344912696248777,0.75755141011495,32,NA,NA,NA
"control","CAN_EGY",-0.261070996347281,0.536055384836759,32,NA,NA,NA
"control","CAN_ESP",-0.0242245943133569,1.3668665167699,28,NA,NA,NA
"control","CAN_FIN",-0.106383592821381,1.25020129179696,28,NA,NA,NA
"control","CAN_FJI",-0.0997540562914738,1.00831715127049,32,NA,NA,NA
"control","CAN_FRA",-0.0612047858010695,1.10747398209723,28,NA,NA,NA
"control","CAN_GAB",0.205627076142511,1.06922595046398,32,NA,NA,NA
"control","CAN_GBR",-0.034252376404581,0.639652654781586,28,NA,NA,NA
"control","CAN_GHA",0.221978123320037,0.823383117391206,32,NA,NA,NA
"control","CAN_GIN",0.109423930122147,1.19271561524837,32,NA,NA,NA
"control","CAN_GLP",0.285552710769792,1.15523467789187,12,NA,NA,NA
"control","CAN_GRC",-0.146400953455074,1.49930841449233,28,NA,NA,NA
"control","CAN_GRD",-0.147602461823678,1.05663164883546,32,NA,NA,NA
"control","CAN_GTM",-0.0871885099844713,0.648584178125329,32,NA,NA,NA
"control","CAN_GUF",0.771900448125475,0.500037665672378,8,NA,NA,NA
"control","CAN_HND",-0.0539639658060779,0.70693511641121,25,NA,NA,NA
"control","CAN_HTI",-0.0334083817450749,0.92820647503132,32,NA,NA,NA
"control","CAN_HUN",0.0555543104887603,1.26433706865462,28,NA,NA,NA
"control","CAN_IDN",-0.159175404573054,1.00899648127359,32,NA,NA,NA
"control","CAN_IND",-0.181245166608008,1.38435331828178,32,NA,NA,NA
"control","CAN_IRL",-0.212381674850278,1.04443819546234,28,NA,NA,NA
"control","CAN_IRN",0.258954054136532,0.657357368919897,32,NA,NA,NA
"control","CAN_IRQ",-0.0174836842955813,1.0695624969137,29,NA,NA,NA
"control","CAN_ISL",-0.00464307834541917,0.797116476548504,20,NA,NA,NA
"control","CAN_ISR",0.319803355876203,1.15226869773539,8,NA,NA,NA
"control","CAN_ITA",-0.212897492732551,0.967065040143887,28,NA,NA,NA
"control","CAN_JAM",0.26922984971515,1.21354717655923,32,NA,NA,NA
"control","CAN_JOR",0.0909717227603872,0.995048871568491,23,NA,NA,NA
"control","CAN_JPN",-0.244951712351973,1.37424408526849,30,NA,NA,NA
"control","CAN_KEN",0.245490596134977,0.998158426826665,32,NA,NA,NA
"control","CAN_KNA",-0.110567084887013,1.26876769751588,32,NA,NA,NA
"control","CAN_KOR",0.0685753850752218,1.29485989728566,26,NA,NA,NA
"control","CAN_KWT",-0.17820166895835,0.90453547944644,32,NA,NA,NA
"control","CAN_LAO",-0.232001083879822,0.990003234521609,31,NA,NA,NA
"control","CAN_LBN",0.251184963040869,0.795074015944724,32,NA,NA,NA
"control","CAN_LBY",-0.0122999485869274,0.846646460906069,32,NA,NA,NA
"control","CAN_LCA",0.223805529617249,0.912794008717712,32,NA,NA,NA
"control","CAN_LKA",-0.272427403681612,1.05663989722226,32,NA,NA,NA
"control","CAN_LSO",-0.333489604423452,1.06251305394119,22,NA,NA,NA
"control","CAN_MAR",0.116026126973264,0.909698071797631,32,NA,NA,NA
"control","CAN_MLI",-0.329664307118298,1.04282959733869,32,NA,NA,NA
"control","CAN_MLT",-0.0295342649688537,1.7815354415181,28,NA,NA,NA
"control","CAN_MMR",0.0435276112488919,0.944835520001388,32,NA,NA,NA
"control","CAN_MOZ",0.0324176423392069,1.25860367855807,32,NA,NA,NA
"control","CAN_MRT",0.00626717294643876,0.929933271937842,32,NA,NA,NA
"control","CAN_MTQ",0.00567435511996791,1.32809991874993,11,NA,NA,NA
"control","CAN_MUS",0.0960814675000218,1.14435501003902,32,NA,NA,NA
"control","CAN_MYS",0.0978057091102738,1.16117023458745,32,NA,NA,NA
"control","CAN_NER",-0.121456222936309,0.791412638785336,32,NA,NA,NA
"control","CAN_NGA",0.379074744796868,0.853624021718304,32,NA,NA,NA
"control","CAN_NIC",-0.0960095435120514,1.0868569030699,32,NA,NA,NA
"control","CAN_NLD",-0.303492475016568,1.14452833248162,28,NA,NA,NA
"control","CAN_NOR",-0.023701545688231,0.600357304264878,20,NA,NA,NA
"control","CAN_NPL",0.0344307872851021,1.15800540428785,32,NA,NA,NA
"control","CAN_NZL",-0.187293519704064,0.963954991784857,30,NA,NA,NA
"control","CAN_OMN",0.113303749559322,0.803892631574282,32,NA,NA,NA
"control","CAN_PAK",-0.010827357629695,0.714611895750674,32,NA,NA,NA
"control","CAN_PAN",-0.0796770558165509,0.766039083128095,24,NA,NA,NA
"control","CAN_PER",0.0396706475398681,0.712711049718268,20,NA,NA,NA
"control","CAN_PHL",0.243602628636924,1.06511759741887,32,NA,NA,NA
"control","CAN_POL",-0.0792150495259479,1.0727935890191,28,NA,NA,NA
"control","CAN_PRK",-0.0350414078523881,0.648056029044061,29,NA,NA,NA
"control","CAN_PRT",-0.0366072895306939,1.03389068216424,28,NA,NA,NA
"control","CAN_PRY",-0.117667967244128,0.908332507034004,32,NA,NA,NA
"control","CAN_PYF",0.0981690307198226,1.23421664465311,32,NA,NA,NA
"control","CAN_QAT",-0.0344178556975067,0.643073690664866,32,NA,NA,NA
"control","CAN_REU",0.197692577674902,1.36112578053461,12,NA,NA,NA
"control","CAN_RWA",0.050092431464512,1.52427143208312,32,NA,NA,NA
"control","CAN_SAU",-0.188415400591082,0.988081809119288,32,NA,NA,NA
"control","CAN_SDN",-0.082624958611371,1.32579706605228,32,NA,NA,NA
"control","CAN_SEN",0.226084087283249,0.716020363996333,32,NA,NA,NA
"control","CAN_SGP",-0.120105901124508,0.933318579213531,30,NA,NA,NA
"control","CAN_SLV",-0.17946991493121,1.87640385098942,32,NA,NA,NA
"control","CAN_SOM",-0.109816433998495,1.03191821629132,32,NA,NA,NA
"control","CAN_SUR",-0.23901667836719,0.748462192141556,32,NA,NA,NA
"control","CAN_SWE",-0.0554277836617611,1.02528267011344,28,NA,NA,NA
"control","CAN_SWZ",-0.195699191731287,0.992077854609678,25,NA,NA,NA
"control","CAN_SYR",-0.0171013160685071,1.18362910227113,32,NA,NA,NA
"control","CAN_TGO",-0.12706271993032,0.834937733596687,32,NA,NA,NA
"control","CAN_THA",0.0810361819073814,1.17518040100916,32,NA,NA,NA
"control","CAN_TTO",-0.149771070295953,1.15300598150943,32,NA,NA,NA
"control","CAN_TUN",-0.288239170171221,0.823212428771686,32,NA,NA,NA
"control","CAN_TUR",-0.113482048708572,0.886579527684872,32,NA,NA,NA
"control","CAN_TWN",0.15209155118976,0.948479755583562,32,NA,NA,NA
"control","CAN_TZA",-0.109324660616738,0.932363274313047,32,NA,NA,NA
"control","CAN_UGA",0.0457340458735295,0.697774644133668,32,NA,NA,NA
"control","CAN_URY",-0.133663112192095,0.79007926358766,32,NA,NA,NA
"control","CAN_VCT",-0.0200392893439043,1.03168754242739,32,NA,NA,NA
"control","CAN_VEN",0.214309004606934,0.704055175199636,32,NA,NA,NA
"control","CAN_VNM",-0.0242107566685151,1.27102083210087,30,NA,NA,NA
"control","CAN_VUT",0.033669099445099,1.02369952277088,31,NA,NA,NA
"control","CAN_ZAF",-0.0768883568321562,1.36151850830078,32,NA,NA,NA
"control","CAN_ZMB",-0.139059596195657,1.11837502495599,32,NA,NA,NA
"control","CAN_ZWE",0.302331377749416,1.3930853225348,32,NA,NA,NA
"control","CCK_DEU",-0.128128201829379,0.586128195497867,23,NA,NA,NA
"control","CCK_GRC",-0.549029317938516,0.55673435496765,12,NA,NA,NA
"control","CCK_JPN",-0.0914936477665727,1.01743634156511,11,NA,NA,NA
"control","CCK_PRT",-0.154943320742607,0.818530685632465,11,NA,NA,NA
"control","CHE_AFG",0.379462536272694,1.28345987774844,32,NA,NA,NA
"control","CHE_AGO",0.276732673658947,0.747372399671485,32,NA,NA,NA
"control","CHE_ALB",-0.219181832556891,0.770411169971698,21,NA,NA,NA
"control","CHE_AND",0.0743432066285122,1.28124841909313,32,NA,NA,NA
"control","CHE_ANT",-0.410310118665501,1.16386695514619,23,NA,NA,NA
"control","CHE_ARE",0.066120653936996,1.04635020010132,25,NA,NA,NA
"control","CHE_ARG",0.0117264265498719,0.837543072563129,32,NA,NA,NA
"control","CHE_ATG",-0.0663416044516628,0.470952844050571,32,NA,NA,NA
"control","CHE_AUS",-0.00642927636629776,1.32112948198046,32,NA,NA,NA
"control","CHE_BDI",0.134800678789316,1.48946348510203,32,NA,NA,NA
"control","CHE_BEN",-0.232427183424071,1.00622246687689,32,NA,NA,NA
"control","CHE_BFA",-0.131136433825106,0.742187618870646,32,NA,NA,NA
"control","CHE_BGD",0.168881614217688,1.17433249915091,32,NA,NA,NA
"control","CHE_BHR",-0.0508663737050913,1.60221796925259,25,NA,NA,NA
"control","CHE_BHS",0.0910743998629782,1.05350617102512,32,NA,NA,NA
"control","CHE_BLZ",0.0904266641915614,1.11641549031389,32,NA,NA,NA
"control","CHE_BMU",-0.0599917991237473,1.0084445893442,32,NA,NA,NA
"control","CHE_BOL",-0.090187984844057,0.914502592686626,32,NA,NA,NA
"control","CHE_BRA",-0.013359467883332,1.13857900229134,32,NA,NA,NA
"control","CHE_BRB",-0.244895598551627,0.761747071664061,32,NA,NA,NA
"control","CHE_BRN",-0.0148529293047525,0.835101602309553,32,NA,NA,NA
"control","CHE_BTN",-0.127127219135935,0.815891977544883,32,NA,NA,NA
"control","CHE_CAF",-0.0104601371907004,0.704499596519188,32,NA,NA,NA
"control","CHE_CAN",0.263474710507409,1.28236466411331,20,NA,NA,NA
"control","CHE_CHL",-0.0260407743768505,1.48330536389336,15,NA,NA,NA
"control","CHE_CHN",-0.188780180738397,1.17356585451137,25,NA,NA,NA
"control","CHE_CIV",-0.0664020316964251,1.14140920874713,32,NA,NA,NA
"control","CHE_CMR",0.0736603970924884,1.50181337197667,32,NA,NA,NA
"control","CHE_COD",-0.179001476143002,1.50185243617625,32,NA,NA,NA
"control","CHE_COG",0.291485772390292,0.81874145340452,32,NA,NA,NA
"control","CHE_COL",-0.378858064204912,1.01593745058063,22,NA,NA,NA
"control","CHE_COM",0.065968716674122,1.04167035840401,32,NA,NA,NA
"control","CHE_CPV",0.131086784272112,1.42974981877965,32,NA,NA,NA
"control","CHE_CRI",0.135605799515883,1.03504359652007,25,NA,NA,NA
"control","CHE_CUB",0.317301219211341,1.56951544854374,32,NA,NA,NA
"control","CHE_CYM",0.133613980436135,1.09951357423377,32,NA,NA,NA
"control","CHE_CYP",-0.024900896907915,1.17353115125884,15,NA,NA,NA
"control","CHE_DJI",0.0130022245506158,1.25652457643348,32,NA,NA,NA
"control","CHE_DMA",0.189315399032662,0.843572031016383,32,NA,NA,NA
"control","CHE_DOM",-0.0865395588668461,1.62293884822341,32,NA,NA,NA
"control","CHE_DZA",0.308587597341824,0.881037833991439,32,NA,NA,NA
"control","CHE_ECU",0.163597982599067,1.22018712833687,32,NA,NA,NA
"control","CHE_EGY",0.0952067043520448,1.29123657132569,18,NA,NA,NA
"control","CHE_FJI",-0.205420944916551,1.13617279339985,32,NA,NA,NA
"control","CHE_GAB",-0.0899396751364389,1.70179939946503,32,NA,NA,NA
"control","CHE_GHA",-0.100669347125917,0.984438259084682,32,NA,NA,NA
"control","CHE_GIB",-0.131013800966867,0.956538473084972,32,NA,NA,NA
"control","CHE_GIN",0.168733802950127,1.00865445164883,32,NA,NA,NA
"control","CHE_GLP",-0.491374895096603,1.74963209030704,8,NA,NA,NA
"control","CHE_GMB",0.212279623987114,0.984908546482223,32,NA,NA,NA
"control","CHE_GNB",-0.0871001694107856,1.36065840236698,32,NA,NA,NA
"control","CHE_GNQ",0.180449185550614,0.67254031631287,32,NA,NA,NA
"control","CHE_GRD",-0.204646537090141,0.773320476908546,32,NA,NA,NA
"control","CHE_GRL",-0.0437992676202604,1.65763290337917,32,NA,NA,NA
"control","CHE_GTM",0.0447900269665804,1.15944049975353,32,NA,NA,NA
"control","CHE_GUF",-0.12683709053811,0.751885112343262,8,NA,NA,NA
"control","CHE_GUY",-0.020347612910316,1.05126492218977,32,NA,NA,NA
"control","CHE_HND",-0.184953323089801,0.990081786902873,32,NA,NA,NA
"control","CHE_HTI",0.0467293859109754,0.9540416155125,32,NA,NA,NA
"control","CHE_IDN",0.255054218219823,0.641666556263256,32,NA,NA,NA
"control","CHE_IND",0.15673737359834,0.887027327811475,32,NA,NA,NA
"control","CHE_IRN",-0.21849919198004,0.741140612481091,32,NA,NA,NA
"control","CHE_IRQ",0.119161755955412,1.24768955931985,32,NA,NA,NA
"control","CHE_JAM",0.0394373761425035,1.05850741027041,32,NA,NA,NA
"control","CHE_JOR",0.265732997506684,1.32086279203808,13,NA,NA,NA
"control","CHE_JPN",-0.212827165757327,1.16119521856372,20,NA,NA,NA
"control","CHE_KEN",0.192815419470133,0.743949110321493,32,NA,NA,NA
"control","CHE_KHM",0.0919439187179355,0.616383564855925,32,NA,NA,NA
"control","CHE_KIR",-0.261756150821312,0.585826134793913,30,NA,NA,NA
"control","CHE_KNA",-0.0838347038353917,1.0398817497569,32,NA,NA,NA
"control","CHE_KOR",0.115950027027908,0.436397973863933,17,NA,NA,NA
"control","CHE_KWT",0.0610118411372815,0.574992167924142,25,NA,NA,NA
"control","CHE_LAO",-0.198046665519757,0.753631737496268,32,NA,NA,NA
"control","CHE_LBN",0.207370102237287,0.765364927520367,18,NA,NA,NA
"control","CHE_LBR",0.00878356025863524,0.779027383362163,32,NA,NA,NA
"control","CHE_LBY",-0.284013559650663,0.966042384633141,32,NA,NA,NA
"control","CHE_LCA",-0.169623335726509,0.939627496772291,32,NA,NA,NA
"control","CHE_LKA",0.0285087024263683,0.5184134922558,32,NA,NA,NA
"control","CHE_MAC",-0.0424473144819329,1.24155395192478,32,NA,NA,NA
"control","CHE_MAR",-0.423176777321054,1.07481851082007,10,NA,NA,NA
"control","CHE_MDG",-0.0289077314282045,0.665979241911222,32,NA,NA,NA
"control","CHE_MDV",0.116764617380429,0.72002881456823,32,NA,NA,NA
"control","CHE_MEX",0.278789022257,1.46142903716744,12,NA,NA,NA
"control","CHE_MLI",-0.00329432217483509,0.729634659030073,32,NA,NA,NA
"control","CHE_MLT",0.0408528108199064,0.976468562881928,15,NA,NA,NA
"control","CHE_MMR",-0.0633541706818442,0.902271123985011,32,NA,NA,NA
"control","CHE_MNG",0.0542960938229029,0.908819222672679,32,NA,NA,NA
"control","CHE_MOZ",0.0611349390624121,0.693517323915264,32,NA,NA,NA
"control","CHE_MRT",-0.110050323438905,0.571712588817959,32,NA,NA,NA
"control","CHE_MSR",-0.204246450611582,0.771004922901382,31,NA,NA,NA
"control","CHE_MTQ",0.180303472208812,0.869482129811779,8,NA,NA,NA
"control","CHE_MUS",-0.134118365146155,0.872124685580129,32,NA,NA,NA
"control","CHE_MWI",-0.184013655868664,1.06300473360896,32,NA,NA,NA
"control","CHE_MYS",-0.370333369530447,1.15639101623178,32,NA,NA,NA
"control","CHE_NER",-0.155699869449184,1.47181283537349,32,NA,NA,NA
"control","CHE_NGA",0.151817579382681,1.20223127688015,32,NA,NA,NA
"control","CHE_NIC",-0.0481122530219213,1.11722463377662,32,NA,NA,NA
"control","CHE_NPL",-0.0675837753422886,1.23388652402608,32,NA,NA,NA
"control","CHE_NRU",0.21555016572389,1.04997414049773,25,NA,NA,NA
"control","CHE_NZL",-0.00890669279905646,0.568349875192345,32,NA,NA,NA
"control","CHE_OMN",-0.0972921402404066,1.62141862308765,25,NA,NA,NA
"control","CHE_PAK",-0.0874113129746191,1.01066165424347,32,NA,NA,NA
"control","CHE_PAN",-0.295111759348168,1.20446048171735,25,NA,NA,NA
"control","CHE_PCN",0.113871726575198,0.810008072021117,24,NA,NA,NA
"control","CHE_PER",-0.189321817355048,0.835519949552883,22,NA,NA,NA
"control","CHE_PHL",0.0873316164632637,1.09122112773532,29,NA,NA,NA
"control","CHE_PNG",0.283477336503647,0.841809024333666,32,NA,NA,NA
"control","CHE_PRK",0.21540533364374,0.65424897569139,32,NA,NA,NA
"control","CHE_PRY",0.32154543879393,0.612086849029123,32,NA,NA,NA
"control","CHE_QAT",-0.163849368083756,0.959962449181099,25,NA,NA,NA
"control","CHE_REU",-0.0937476516122107,0.867218540057294,8,NA,NA,NA
"control","CHE_RWA",0.180099784972361,1.23257063624982,32,NA,NA,NA
"control","CHE_SAU",0.104700957943665,1.00637566369627,25,NA,NA,NA
"control","CHE_SDN",0.10716762196736,0.578061629040817,32,NA,NA,NA
"control","CHE_SEN",0.178075451313216,0.684930418439419,32,NA,NA,NA
"control","CHE_SGP",0.0104971590009722,1.55221582766277,14,NA,NA,NA
"control","CHE_SLB",-0.150827269759547,1.1500653725185,32,NA,NA,NA
"control","CHE_SLE",0.0677108384946357,0.868933937585142,32,NA,NA,NA
"control","CHE_SLV",0.239880870195497,0.959669964479966,32,NA,NA,NA
"control","CHE_SOM",-0.127225332334666,1.07576537403381,31,NA,NA,NA
"control","CHE_SPM",0.0557483574594967,1.1325073760204,25,NA,NA,NA
"control","CHE_STP",0.0652025249307256,0.931119605784764,32,NA,NA,NA
"control","CHE_SUR",-0.0683414682982211,1.09294539055816,32,NA,NA,NA
"control","CHE_SYC",0.0172181262055139,0.886233744332339,32,NA,NA,NA
"control","CHE_SYR",-0.134093123965423,0.657144023864047,32,NA,NA,NA
"control","CHE_TCA",0.301378086522065,1.03827812337188,32,NA,NA,NA
"control","CHE_TCD",-0.0975953614677234,0.652036446531753,32,NA,NA,NA
"control","CHE_TGO",-0.00307791828010757,0.984267869923996,32,NA,NA,NA
"control","CHE_THA",-0.537701065088581,1.19193647407966,32,NA,NA,NA
"control","CHE_TON",0.0510909946570281,0.91201563012105,31,NA,NA,NA
"control","CHE_TTO",0.14951576321505,1.14083750581419,32,NA,NA,NA
"control","CHE_TUN",0.0310442318467431,1.20104364245909,16,NA,NA,NA
"control","CHE_TUV",0.316121473897834,1.37901410644888,20,NA,NA,NA
"control","CHE_TWN",0.0553750724230276,0.882865719618386,32,NA,NA,NA
"control","CHE_TZA",0.0780840799532926,0.5375691824316,32,NA,NA,NA
"control","CHE_UGA",0.127374574772091,1.29534896841382,32,NA,NA,NA
"control","CHE_URY",-0.181895301024042,1.13655584033159,32,NA,NA,NA
"control","CHE_USA",-0.116169621271355,0.84196026828143,32,NA,NA,NA
"control","CHE_VCT",-0.00288943156522227,1.36820425494344,32,NA,NA,NA
"control","CHE_VEN",-0.0840529814247803,1.00254422588913,32,NA,NA,NA
"control","CHE_VGB",0.0946121609533264,1.12545684019403,32,NA,NA,NA
"control","CHE_VNM",0.0626076410124277,1.06615588451148,32,NA,NA,NA
"control","CHE_VUT",-0.0984730729801091,1.35535777951667,32,NA,NA,NA
"control","CHE_WSM",0.251850246326079,1.75204820752993,32,NA,NA,NA
"control","CHE_YEM",-0.0934156213250955,1.06275618108979,31,NA,NA,NA
"control","CHE_ZAF",-0.153784486079527,1.74423498225446,19,NA,NA,NA
"control","CHE_ZMB",0.105377878371856,1.01296373416497,32,NA,NA,NA
"control","CHE_ZWE",0.110150653846146,0.86296668286179,32,NA,NA,NA
"control","CHL_AGO",0.0288067285209436,0.716477177994772,31,NA,NA,NA
"control","CHL_ARE",-0.0387707500250254,0.617889575277576,32,NA,NA,NA
"control","CHL_AUS",-0.138342741836114,0.74833320510828,20,NA,NA,NA
"control","CHL_AUT",-0.134534119927799,0.586453571266672,14,NA,NA,NA
"control","CHL_BHR",0.250222835023027,1.3665550234602,31,NA,NA,NA
"control","CHL_BRB",-0.352962230308754,1.63911017260507,32,NA,NA,NA
"control","CHL_CAN",0.173854539963038,1.44592834965418,8,NA,NA,NA
"control","CHL_CHE",-0.0546348151437593,0.683834289883243,15,NA,NA,NA
"control","CHL_CHN",0.191850306264237,0.944814606852205,17,NA,NA,NA
"control","CHL_CIV",-0.191598624503295,0.563045684731877,31,NA,NA,NA
"control","CHL_CRI",-0.271009826654047,1.77598338604243,13,NA,NA,NA
"control","CHL_DEU",0.277069121665218,1.48094640337373,14,NA,NA,NA
"control","CHL_DNK",0.119154724384676,1.52766488334623,14,NA,NA,NA
"control","CHL_DOM",-0.233742461025304,0.675698102548038,32,NA,NA,NA
"control","CHL_ESP",-0.11168123247534,0.76615922346009,14,NA,NA,NA
"control","CHL_FIN",0.122581463854242,1.42414945533129,14,NA,NA,NA
"control","CHL_FRA",0.109830386744033,0.270111214868917,14,NA,NA,NA
"control","CHL_GBR",-0.193052249279521,0.480257100533228,14,NA,NA,NA
"control","CHL_GRC",0.106018549933168,1.08106304651517,14,NA,NA,NA
"control","CHL_GRD",-0.502617946429063,0.952413876915698,29,NA,NA,NA
"control","CHL_GTM",0.0243440840251598,1.54872916583175,21,NA,NA,NA
"control","CHL_GUF",0.142486797884441,0.601722693872831,8,NA,NA,NA
"control","CHL_HND",0.0297998026103234,1.12747976098737,18,NA,NA,NA
"control","CHL_IRL",0.0933233814621766,0.928098290080623,14,NA,NA,NA
"control","CHL_ISL",-0.1438981264671,0.96517043534612,15,NA,NA,NA
"control","CHL_ITA",-0.114764122337081,0.821184398028629,14,NA,NA,NA
"control","CHL_JAM",-0.126086920071909,1.2677444713088,31,NA,NA,NA
"control","CHL_JOR",0.0845001755395385,0.900216124171896,32,NA,NA,NA
"control","CHL_JPN",0.125789727896764,0.731253221955471,18,NA,NA,NA
"control","CHL_KEN",0.108956319351828,1.05734575759703,29,NA,NA,NA
"control","CHL_KWT",-0.0947366763016054,1.13209509320995,32,NA,NA,NA
"control","CHL_LBN",-0.221089074880102,0.897369213683275,32,NA,NA,NA
"control","CHL_MDG",-0.0947662395414293,0.806585592051126,29,NA,NA,NA
"control","CHL_MLT",-0.149119674864469,1.42041732600941,14,NA,NA,NA
"control","CHL_MTQ",-0.0122545417750596,1.21973854106629,9,NA,NA,NA
"control","CHL_NLD",-0.243938088367475,0.921366235236041,14,NA,NA,NA
"control","CHL_NOR",0.0973917296709369,1.5958323776837,15,NA,NA,NA
"control","CHL_NZL",0.464729023034081,0.643788518138314,17,NA,NA,NA
"control","CHL_PAN",0.198474524279063,0.914835572132622,19,NA,NA,NA
"control","CHL_PRT",0.154982968301131,0.55104101181847,14,NA,NA,NA
"control","CHL_SAU",0.136438978461292,0.597150020975916,32,NA,NA,NA
"control","CHL_SLE",-0.227637586996551,0.845251810635048,23,NA,NA,NA
"control","CHL_SLV",-0.126203942088925,1.08535705285884,13,NA,NA,NA
"control","CHL_SWE",0.199303965782326,0.497414449784019,14,NA,NA,NA
"control","CHL_TWN",0.0295677163218642,1.17524465843678,32,NA,NA,NA
"control","CHL_USA",-0.105548134277847,0.952842672282938,15,NA,NA,NA
"control","CHL_ZAF",0.0289341992320966,0.721927943698327,31,NA,NA,NA
"control","CHN_AFG",0.0779203406443041,1.07300234482494,32,NA,NA,NA
"control","CHN_ALB",-0.0676797173064257,1.30509274573524,30,NA,NA,NA
"control","CHN_ARE",0.011703430144132,1.01054341941733,32,NA,NA,NA
"control","CHN_ARG",0.311402865968634,1.17154111405393,32,NA,NA,NA
"control","CHN_AUS",0.0881811842965813,0.887835421073989,26,NA,NA,NA
"control","CHN_AUT",0.0893903460170344,1.31683727986328,32,NA,NA,NA
"control","CHN_BEN",-0.00427423908837114,1.32428532496891,32,NA,NA,NA
"control","CHN_BFA",0.234045713027021,1.03631453144738,30,NA,NA,NA
"control","CHN_BGD",-0.395903770987172,0.524056898267567,13,NA,NA,NA
"control","CHN_BGR",-0.00700339601961046,1.02056769781682,32,NA,NA,NA
"control","CHN_BHR",-0.0568796343709652,0.858676159350869,32,NA,NA,NA
"control","CHN_BOL",-0.210875011013963,0.861128245024749,31,NA,NA,NA
"control","CHN_BRA",0.143722274221448,1.29355554674998,32,NA,NA,NA
"control","CHN_BRB",0.0453218358923863,1.0732063095534,32,NA,NA,NA
"control","CHN_BRN",0.176321058203219,0.988269784077075,14,NA,NA,NA
"control","CHN_BWA",0.222041343655143,0.641446790980958,26,NA,NA,NA
"control","CHN_CAN",0.0465815933879391,1.0020190577679,32,NA,NA,NA
"control","CHN_CHE",0.136525173396692,0.908570628839161,25,NA,NA,NA
"control","CHN_CHL",0.126230105022142,1.6639811103117,17,NA,NA,NA
"control","CHN_CIV",-0.0541210286847342,1.21104097121051,32,NA,NA,NA
"control","CHN_CMR",0.00338161850698195,1.43812706739699,32,NA,NA,NA
"control","CHN_COG",-0.0895628261020691,0.694478132005404,30,NA,NA,NA
"control","CHN_COL",-0.206127973701179,0.94816977804083,32,NA,NA,NA
"control","CHN_CUB",0.00795647320952019,0.767331800470085,32,NA,NA,NA
"control","CHN_CYP",-0.085137730276555,0.654447492182669,32,NA,NA,NA
"control","CHN_DEU",-0.376897709033976,0.957485678207296,32,NA,NA,NA
"control","CHN_DJI",-0.383982832642929,0.930584021764488,32,NA,NA,NA
"control","CHN_DNK",0.313877803318184,1.05489096515088,32,NA,NA,NA
"control","CHN_DZA",0.00837414962132365,1.06022188204696,32,NA,NA,NA
"control","CHN_ECU",0.275090063658222,1.49445782478778,32,NA,NA,NA
"control","CHN_EGY",-0.0455236366854324,1.28165647036916,32,NA,NA,NA
"control","CHN_ESP",-0.140714478237079,0.901401960846994,32,NA,NA,NA
"control","CHN_FIN",0.0378525092732334,1.12623815933623,32,NA,NA,NA
"control","CHN_FJI",0.0835006522895507,1.41105026055709,32,NA,NA,NA
"control","CHN_FRA",-0.231402291796104,0.954824310961121,32,NA,NA,NA
"control","CHN_GAB",-0.0728018909420143,0.745675004258029,30,NA,NA,NA
"control","CHN_GBR",0.128026738251232,0.617356645955269,32,NA,NA,NA
"control","CHN_GHA",-0.0764123305944095,0.646173363865451,30,NA,NA,NA
"control","CHN_GIN",-0.301008726220154,0.675267564283195,32,NA,NA,NA
"control","CHN_GMB",0.132822116593288,0.576242319239095,32,NA,NA,NA
"control","CHN_GNQ",-0.0376426781887291,0.756335513186606,30,NA,NA,NA
"control","CHN_GRC",0.046161491968087,0.697766843775164,32,NA,NA,NA
"control","CHN_GTM",-0.0635480841262086,0.993472876669109,31,NA,NA,NA
"control","CHN_HND",-0.077329170077858,1.40553509766511,30,NA,NA,NA
"control","CHN_HUN",-0.448186534705175,1.21970611049726,32,NA,NA,NA
"control","CHN_IDN",0.069753563780543,0.640703165527786,16,NA,NA,NA
"control","CHN_IND",0.0710370993075328,0.909996336810557,13,NA,NA,NA
"control","CHN_IRL",0.0870074924429164,1.08415698750233,32,NA,NA,NA
"control","CHN_IRN",-0.107075334849372,0.937228593367538,32,NA,NA,NA
"control","CHN_IRQ",-0.124903840961904,1.1417284699964,31,NA,NA,NA
"control","CHN_ISL",-0.383800021948003,1.05421564364012,25,NA,NA,NA
"control","CHN_ITA",-0.212399382615434,1.85688363870132,32,NA,NA,NA
"control","CHN_JAM",0.0101383579558732,1.36913826831952,31,NA,NA,NA
"control","CHN_JOR",-0.126632832467455,0.381979077884927,32,NA,NA,NA
"control","CHN_JPN",-0.342132769940576,1.38661046431632,32,NA,NA,NA
"control","CHN_KEN",0.102761249263609,1.54766154071898,32,NA,NA,NA
"control","CHN_KOR",0.174730370214316,0.679847738357389,13,NA,NA,NA
"control","CHN_KWT",0.0995547218010525,0.923260632414392,32,NA,NA,NA
"control","CHN_LAO",0.235900181580926,1.11485148748134,13,NA,NA,NA
"control","CHN_LBN",0.0868075766681411,1.08045788492715,32,NA,NA,NA
"control","CHN_LBR",0.0963622225067358,0.519465091891474,31,NA,NA,NA
"control","CHN_LBY",-0.176826579084516,0.429505708597492,32,NA,NA,NA
"control","CHN_LKA",0.0792830433975609,0.861139532504883,13,NA,NA,NA
"control","CHN_LSO",-0.118202892985565,0.652945234551288,25,NA,NA,NA
"control","CHN_MAC",0.0302795621444908,0.831091887761128,14,NA,NA,NA
"control","CHN_MAR",-0.0875597508521678,1.44967703718582,32,NA,NA,NA
"control","CHN_MEX",0.249136610773256,0.660123333620711,32,NA,NA,NA
"control","CHN_MLI",0.157706207348531,1.16736904190731,32,NA,NA,NA
"control","CHN_MLT",0.0978795440212185,1.75319061248474,32,NA,NA,NA
"control","CHN_MMR",0.415583801923837,1.85244560813623,16,NA,NA,NA
"control","CHN_MNG",0.132938722975672,1.0515786726671,32,NA,NA,NA
"control","CHN_MOZ",-0.260049708282589,1.26824665252272,32,NA,NA,NA
"control","CHN_MRT",0.0942197187862433,1.02863868071963,32,NA,NA,NA
"control","CHN_MUS",-0.168207453680138,1.04175966210306,32,NA,NA,NA
"control","CHN_MYS",0.214603265009501,0.439420903138438,16,NA,NA,NA
"control","CHN_NER",-0.066168596037104,1.01996551848425,32,NA,NA,NA
"control","CHN_NGA",-0.272484993037627,1.0945432080828,32,NA,NA,NA
"control","CHN_NLD",0.096777141150321,0.863578446496646,32,NA,NA,NA
"control","CHN_NOR",0.179396986917327,0.906380077729449,32,NA,NA,NA
"control","CHN_NPL",0.21194307154553,0.891278412205696,32,NA,NA,NA
"control","CHN_NZL",0.0885391494734734,0.618191735761662,19,NA,NA,NA
"control","CHN_OMN",-0.171192616957328,0.648187309766744,32,NA,NA,NA
"control","CHN_PAK",0.137232707603884,0.211546767562714,18,NA,NA,NA
"control","CHN_PAN",-0.0675632020106041,0.880714512996524,32,NA,NA,NA
"control","CHN_PER",-0.0977978062563865,0.986666326770401,21,NA,NA,NA
"control","CHN_PHL",0.125588940733843,0.999205383222654,16,NA,NA,NA
"control","CHN_PNG",-0.0600340504004029,1.4015178731526,32,NA,NA,NA
"control","CHN_POL",0.136017338756515,0.953307920731718,32,NA,NA,NA
"control","CHN_PRK",0.204040210562613,1.33705387371012,32,NA,NA,NA
"control","CHN_PRT",0.289844969618824,1.05178213181455,32,NA,NA,NA
"control","CHN_PRY",-0.166817416474664,0.894459467695233,30,NA,NA,NA
"control","CHN_PYF",0.132694815617515,0.968267395545398,31,NA,NA,NA
"control","CHN_QAT",-0.203458299525715,0.797091197413098,32,NA,NA,NA
"control","CHN_REU",-0.241494329360599,2.00788104096504,12,NA,NA,NA
"control","CHN_ROU",0.0166172129473053,0.908516505248221,32,NA,NA,NA
"control","CHN_RWA",-0.0531221408216932,0.844593202194945,31,NA,NA,NA
"control","CHN_SAU",0.416182716029836,1.12264153364465,32,NA,NA,NA
"control","CHN_SDN",0.0347301313991193,0.669832676455486,31,NA,NA,NA
"control","CHN_SEN",0.314951055344758,1.19107417494106,32,NA,NA,NA
"control","CHN_SGP",-0.358873429464713,0.932459816318256,16,NA,NA,NA
"control","CHN_SLE",0.314304521833154,0.69493612878425,32,NA,NA,NA
"control","CHN_STP",0.226498523220191,0.4640894135946,31,NA,NA,NA
"control","CHN_SUR",0.286843758629968,1.38815030465709,29,NA,NA,NA
"control","CHN_SWE",-0.0390274767248921,1.06432436019661,32,NA,NA,NA
"control","CHN_SYC",0.26596536944227,1.19018442716185,31,NA,NA,NA
"control","CHN_SYR",0.0956661787761261,1.33524477474434,32,NA,NA,NA
"control","CHN_TCD",-0.0428104935112457,1.02827098761854,31,NA,NA,NA
"control","CHN_TGO",0.338149510075468,1.15862731558042,32,NA,NA,NA
"control","CHN_THA",-0.17810771909555,1.05271164561402,16,NA,NA,NA
"control","CHN_TON",0.150367540408453,0.748014458400244,29,NA,NA,NA
"control","CHN_TTO",-0.15132107728611,1.26369046113471,32,NA,NA,NA
"control","CHN_TUN",-0.0569604583501417,1.06493604237868,32,NA,NA,NA
"control","CHN_TUR",-0.228245114284056,1.29287475727658,32,NA,NA,NA
"control","CHN_TWN",-0.11672359292489,0.566150687302083,32,NA,NA,NA
"control","CHN_TZA",0.284912574287568,0.764493811585283,30,NA,NA,NA
"control","CHN_URY",-0.122190345876609,1.77042671486991,32,NA,NA,NA
"control","CHN_USA",0.00883614870825962,0.93666037434974,32,NA,NA,NA
"control","CHN_VEN",-0.249867314789697,1.38004528189671,31,NA,NA,NA
"control","CHN_VUT",-0.0247258148592765,1.46085218698213,29,NA,NA,NA
"control","CHN_ZMB",-0.276902721373713,0.796027861858212,31,NA,NA,NA
"control","CHN_ZWE",0.0911172898416482,0.966810686657596,31,NA,NA,NA
"control","CIV_ARG",-0.256597532791289,1.18838117708378,31,NA,NA,NA
"control","CIV_AUS",0.116382024619835,1.03921619229554,32,NA,NA,NA
"control","CIV_AUT",-0.0838652862688464,0.557256325775286,27,NA,NA,NA
"control","CIV_BGR",-0.198005140620849,0.843705434123481,22,NA,NA,NA
"control","CIV_BRA",0.368692521806165,0.444975927959862,31,NA,NA,NA
"control","CIV_CAN",-0.00188194106494052,0.774049639663687,32,NA,NA,NA
"control","CIV_CHE",-0.0673919987972204,0.898149824006124,32,NA,NA,NA
"control","CIV_CHN",-0.0913355594911604,0.749766342857468,32,NA,NA,NA
"control","CIV_DEU",-0.0712925925410656,1.04323882828394,27,NA,NA,NA
"control","CIV_DNK",0.0830408276270317,0.944423850786348,27,NA,NA,NA
"control","CIV_EGY",-0.288683224251834,1.57441225419139,30,NA,NA,NA
"control","CIV_ESP",0.112930314024949,0.855683150994946,27,NA,NA,NA
"control","CIV_FIN",-0.476732481381407,1.2976540285806,27,NA,NA,NA
"control","CIV_FRA",-0.0581619363062934,1.19147704826873,27,NA,NA,NA
"control","CIV_GBR",-0.157786986373727,0.997757997574803,27,NA,NA,NA
"control","CIV_GRC",0.0989553039961661,0.628871401806818,27,NA,NA,NA
"control","CIV_HUN",-0.0557592020745747,1.05548741750654,25,NA,NA,NA
"control","CIV_IDN",-0.0398406864937839,0.959558779528864,32,NA,NA,NA
"control","CIV_IND",0.168242296382853,1.17789962894794,32,NA,NA,NA
"control","CIV_IRL",0.187530674359261,1.17452076946463,27,NA,NA,NA
"control","CIV_ISL",-0.0300388763665592,1.14904251792083,32,NA,NA,NA
"control","CIV_ITA",0.164003169324952,0.837854552563885,27,NA,NA,NA
"control","CIV_JPN",-0.170269581885223,1.4576476555866,32,NA,NA,NA
"control","CIV_KOR",0.080246868091076,0.724461322552723,32,NA,NA,NA
"control","CIV_LKA",0.0767141021671317,0.494012768834225,23,NA,NA,NA
"control","CIV_MAR",0.358031745607333,1.37080247083495,31,NA,NA,NA
"control","CIV_MLT",0.0406344540727151,1.24512079966439,26,NA,NA,NA
"control","CIV_MYS",0.0968895726011902,0.57567654516777,32,NA,NA,NA
"control","CIV_NLD",0.0183585502476409,0.714991860139536,27,NA,NA,NA
"control","CIV_NOR",-0.00707814547452964,1.62418242079185,32,NA,NA,NA
"control","CIV_OMN",0.052590394369512,1.01301858918638,26,NA,NA,NA
"control","CIV_PHL",-0.279631085972676,0.545759587582752,32,NA,NA,NA
"control","CIV_PRT",-0.0783486271522933,0.814175117893042,27,NA,NA,NA
"control","CIV_SGP",-0.320265732079387,0.596617163124801,32,NA,NA,NA
"control","CIV_SWE",-0.0832970299702515,0.616119352925188,27,NA,NA,NA
"control","CIV_THA",0.0797434692617955,1.16452592642742,32,NA,NA,NA
"control","CIV_TUN",-0.0678900829721159,1.01003554410372,32,NA,NA,NA
"control","CIV_TUR",0.199702014226251,1.01739998380132,32,NA,NA,NA
"control","CIV_TWN",-0.180299198190983,0.866130242798178,32,NA,NA,NA
"control","CIV_USA",0.261045809897275,0.96766425863254,32,NA,NA,NA
"control","CMR_AUS",-0.0463170995299661,0.623078209827742,32,NA,NA,NA
"control","CMR_AUT",0.127987070601959,0.730590567619402,25,NA,NA,NA
"control","CMR_BGR",0.31186863294048,0.805965909028597,20,NA,NA,NA
"control","CMR_CAN",0.142854405434668,0.743006889399556,32,NA,NA,NA
"control","CMR_CHE",0.0635041977324457,0.715474705061454,32,NA,NA,NA
"control","CMR_CHN",0.289925544609488,1.22680503100325,32,NA,NA,NA
"control","CMR_CIV",-0.133838405419512,1.02526546717899,28,NA,NA,NA
"control","CMR_COG",0.513162067722474,1.48140132818604,9,NA,NA,NA
"control","CMR_DEU",-0.0966727860205089,0.989062358620639,25,NA,NA,NA
"control","CMR_DNK",0.00781791786328516,1.139436934851,25,NA,NA,NA
"control","CMR_ESP",0.338116245285771,0.983395732575988,25,NA,NA,NA
"control","CMR_FIN",0.14950199186707,0.876135503085309,25,NA,NA,NA
"control","CMR_FRA",-0.208450327676627,1.64992275872557,25,NA,NA,NA
"control","CMR_GAB",0.0952017190089694,0.618542131338618,9,NA,NA,NA
"control","CMR_GBR",0.158918885727372,0.996906408757328,25,NA,NA,NA
"control","CMR_GRC",0.211977070516909,0.952009459615181,25,NA,NA,NA
"control","CMR_HUN",0.0337688788275534,1.34849365842362,24,NA,NA,NA
"control","CMR_ISR",0.260321174540939,1.0134047068367,29,NA,NA,NA
"control","CMR_ITA",0.0559906515790939,0.908512383289469,25,NA,NA,NA
"control","CMR_JPN",-0.150341384967446,0.988518275582216,32,NA,NA,NA
"control","CMR_MAR",-0.86520761511425,1.4231158326133,8,NA,NA,NA
"control","CMR_MUS",-0.13427762805125,0.69593751441636,29,NA,NA,NA
"control","CMR_NLD",0.0206271637553797,1.24117491192857,25,NA,NA,NA
"control","CMR_NOR",-0.530683355909827,0.624366714800724,30,NA,NA,NA
"control","CMR_POL",-0.104497929125887,0.786429325706982,24,NA,NA,NA
"control","CMR_PRT",0.152202212079941,0.774192430875292,25,NA,NA,NA
"control","CMR_SAU",0.0965017195082532,0.963139602597548,30,NA,NA,NA
"control","CMR_SEN",-0.0768257196633137,0.721116861754674,29,NA,NA,NA
"control","CMR_SWE",-0.172237348342954,1.27995075828892,25,NA,NA,NA
"control","CMR_TGO",0.0236251664609722,0.7970612151081,28,NA,NA,NA
"control","CMR_TUR",-0.0958423221695734,1.1245008372027,32,NA,NA,NA
"control","CMR_TWN",0.140679731737182,0.843033498566191,32,NA,NA,NA
"control","CMR_URY",0.250681766079717,1.00018977326127,20,NA,NA,NA
"control","CMR_USA",0.350683900586003,0.78738006924108,32,NA,NA,NA
"control","COD_AUS",-0.0661120937917281,1.03626467739485,32,NA,NA,NA
"control","COD_AUT",0.0247583027146959,1.29231795794958,32,NA,NA,NA
"control","COD_BRA",0.114133835503233,0.916867673744882,28,NA,NA,NA
"control","COD_CAN",-0.195785472857459,1.01294931749343,30,NA,NA,NA
"control","COD_CHE",-0.0673248248822032,0.544722557306847,32,NA,NA,NA
"control","COD_CHN",-0.0804680178382817,1.10026637165981,31,NA,NA,NA
"control","COD_DEU",-0.143132913115106,0.838299434828282,32,NA,NA,NA
"control","COD_DNK",-0.00961745144754442,0.840661815954381,32,NA,NA,NA
"control","COD_ESP",0.0485509938264491,1.24670647340848,32,NA,NA,NA
"control","COD_FIN",0.0923004569890654,0.805095141546965,32,NA,NA,NA
"control","COD_FRA",0.00472567390092108,1.10161038209484,32,NA,NA,NA
"control","COD_GBR",0.0653861409089441,1.08810941647735,32,NA,NA,NA
"control","COD_GRC",0.0579455034211221,1.3177663971707,32,NA,NA,NA
"control","COD_IND",0.126838227057098,0.597197265167813,32,NA,NA,NA
"control","COD_IRL",0.124563820092772,0.762406571509742,30,NA,NA,NA
"control","COD_ITA",-0.0673477947780531,1.62864078353452,32,NA,NA,NA
"control","COD_JPN",0.10078815033212,1.1376901811033,32,NA,NA,NA
"control","COD_KOR",-0.148815998905857,1.51649213490942,32,NA,NA,NA
"control","COD_MAR",0.0699305339269266,1.49003830230251,28,NA,NA,NA
"control","COD_NLD",-0.176122805212337,0.796495811086676,32,NA,NA,NA
"control","COD_PRT",0.0972531329409434,0.765123443082896,32,NA,NA,NA
"control","COD_SGP",0.390691351916184,0.938482183959338,21,NA,NA,NA
"control","COD_SWE",-0.103667060326838,1.17911168459593,30,NA,NA,NA
"control","COD_THA",0.303514785251538,0.587699213587578,29,NA,NA,NA
"control","COD_TTO",-0.0632535828763745,1.73563305099655,19,NA,NA,NA
"control","COD_TUR",-0.0555365524200151,0.934348114117181,32,NA,NA,NA
"control","COD_TWN",0.143274668085821,0.942665840542127,23,NA,NA,NA
"control","COD_USA",0.0215647938882527,0.690351009529483,32,NA,NA,NA
"control","COG_BGR",0.0537037049381526,0.906335352093873,16,NA,NA,NA
"control","COG_CHE",0.173743196275341,0.76090145825862,32,NA,NA,NA
"control","COG_DEU",0.171113350289922,0.980044163670597,32,NA,NA,NA
"control","COG_EGY",-0.340304606029998,1.40983510910336,24,NA,NA,NA
"control","COG_ESP",0.249800203634093,0.822964037583462,32,NA,NA,NA
"control","COG_FIN",-0.255822186576112,0.858718169133229,29,NA,NA,NA
"control","COG_FRA",-0.109371332943091,0.917433550691072,32,NA,NA,NA
"control","COG_GRC",0.146597759543231,0.952731801459217,31,NA,NA,NA
"control","COG_IND",-0.000227406414820444,1.11406514531688,27,NA,NA,NA
"control","COG_ITA",-0.231161433840938,0.841619850824986,32,NA,NA,NA
"control","COG_JPN",-0.119632170929503,0.889588670080014,32,NA,NA,NA
"control","COG_KOR",0.178761939566502,1.01495949754979,32,NA,NA,NA
"control","COG_NLD",0.351422553044943,0.952175024191842,32,NA,NA,NA
"control","COG_PRT",-0.261844840040321,0.57182763620635,32,NA,NA,NA
"control","COG_SGP",-0.0782141974831846,0.984593759447936,21,NA,NA,NA
"control","COG_THA",0.144848050330121,1.02519568340129,32,NA,NA,NA
"control","COG_TWN",0.141212751870981,0.889056939865017,28,NA,NA,NA
"control","COK_DEU",-0.125783793005405,1.00585196642681,30,NA,NA,NA
"control","COK_GRC",0.552092758710814,0.540210576899621,12,NA,NA,NA
"control","COK_JPN",-0.102981190572807,1.05022886087777,32,NA,NA,NA
"control","COK_KOR",-0.304202308029653,1.0271159552977,23,NA,NA,NA
"control","COK_THA",-0.0266124729711253,0.832302897001868,31,NA,NA,NA
"control","COK_USA",0.0263175910134906,1.04860154167262,32,NA,NA,NA
"control","COL_ARE",-0.294978264559734,0.852944562329788,32,NA,NA,NA
"control","COL_AUS",-0.0201020128927784,1.22311296108797,32,NA,NA,NA
"control","COL_AUT",-0.196479007901296,1.38832464207706,24,NA,NA,NA
"control","COL_BGR",-0.0993997613704294,0.895946126498484,21,NA,NA,NA
"control","COL_BRB",0.152596461802402,0.997592835979372,31,NA,NA,NA
"control","COL_CAN",0.118670874311618,0.679513696753668,22,NA,NA,NA
"control","COL_CHE",0.0288750042581532,0.934260303543672,22,NA,NA,NA
"control","COL_CHN",-0.3493275963566,1.02572267123781,32,NA,NA,NA
"control","COL_CRI",-0.036782368305094,0.902716890938626,27,NA,NA,NA
"control","COL_DEU",-0.0586782455106437,0.805650523046461,24,NA,NA,NA
"control","COL_DNK",-0.01581766685863,0.864902703314934,24,NA,NA,NA
"control","COL_DOM",-0.201171974782658,0.701880847017648,31,NA,NA,NA
"control","COL_EGY",0.0515506990448676,0.685560523932936,8,NA,NA,NA
"control","COL_ESP",-0.186805350634335,1.30456294463595,24,NA,NA,NA
"control","COL_FIN",-0.0577957625478943,0.514700663891121,24,NA,NA,NA
"control","COL_FRA",0.184666499882436,1.00584955612984,24,NA,NA,NA
"control","COL_GBR",0.261164072732323,1.21147399074739,24,NA,NA,NA
"control","COL_GLP",0.106374212607018,0.636785758450565,12,NA,NA,NA
"control","COL_GRC",-0.00535579320106322,0.853990458337287,24,NA,NA,NA
"control","COL_GTM",0.368886346689118,0.97696840062313,20,NA,NA,NA
"control","COL_GUF",0.334968986054253,0.463092802093427,10,NA,NA,NA
"control","COL_HUN",-0.0785703696222151,1.22794680600003,24,NA,NA,NA
"control","COL_IND",0.0492874278243652,0.744683072001897,8,NA,NA,NA
"control","COL_IRL",0.234658422849943,1.64892557721261,24,NA,NA,NA
"control","COL_ISL",-0.028033942382001,0.86312040924351,22,NA,NA,NA
"control","COL_ISR",0.128936493360727,0.932913898946177,32,NA,NA,NA
"control","COL_ITA",-0.0976776338683948,0.96276799950363,24,NA,NA,NA
"control","COL_JAM",-0.0854810359796057,0.98554242045647,32,NA,NA,NA
"control","COL_JPN",-0.485869045776715,0.803923772194525,32,NA,NA,NA
"control","COL_KOR",0.0227789659303696,1.0870286103523,8,NA,NA,NA
"control","COL_KWT",0.298643399234347,0.983709657970799,32,NA,NA,NA
"control","COL_MAR",-0.608613818101095,1.57285873560423,8,NA,NA,NA
"control","COL_MLT",-0.00911492626201178,2.05632604031284,23,NA,NA,NA
"control","COL_MTQ",-0.428249614754402,0.855621915545402,12,NA,NA,NA
"control","COL_NLD",-0.0656119595065364,0.774966180804769,24,NA,NA,NA
"control","COL_NOR",0.166521934319437,1.07083853473517,22,NA,NA,NA
"control","COL_NZL",-0.213943167373479,1.00870057551232,32,NA,NA,NA
"control","COL_PAN",0.286224264737907,1.19851989621758,23,NA,NA,NA
"control","COL_POL",-0.0253562641159535,1.03289537787942,24,NA,NA,NA
"control","COL_PRI",0.534690191237955,0.85203703355378,12,NA,NA,NA
"control","COL_PRT",-0.614913170623996,1.08271362357634,24,NA,NA,NA
"control","COL_SAU",0.205690878310038,0.672938977504366,32,NA,NA,NA
"control","COL_SEN",0.288529277561789,0.516414755954511,32,NA,NA,NA
"control","COL_SGP",0.640811853809009,1.25550523152555,8,NA,NA,NA
"control","COL_SWE",-0.0497564434766928,1.06833602672995,24,NA,NA,NA
"control","COL_THA",-0.584010507798949,0.230049010622258,8,NA,NA,NA
"control","COL_TTO",-0.319951161124943,1.07868118738704,8,NA,NA,NA
"control","COL_TUR",0.132013116291959,1.01546514510992,32,NA,NA,NA
"control","COL_TWN",0.0222444822466485,1.27089170465013,32,NA,NA,NA
"control","COL_USA",-0.1486953455024,1.04028978564163,23,NA,NA,NA
"control","COL_ZAF",-0.0717716865084314,0.856206145703864,31,NA,NA,NA
"control","COM_AUS",0.0307829168228688,0.82752251888093,27,NA,NA,NA
"control","COM_AUT",-0.0260816417530541,0.835346205079585,27,NA,NA,NA
"control","COM_CAN",-0.13468209981539,0.444826612701775,31,NA,NA,NA
"control","COM_CHE",0.355826062898075,0.803011573174301,29,NA,NA,NA
"control","COM_DEU",-0.176057871495671,0.685462215983111,31,NA,NA,NA
"control","COM_DNK",-0.303608778611382,0.935069074560046,20,NA,NA,NA
"control","COM_ESP",-0.0117513960581723,0.695905925833393,28,NA,NA,NA
"control","COM_FRA",-0.22888101785238,0.775076039188273,32,NA,NA,NA
"control","COM_GBR",0.0487006555864912,0.941161909797117,32,NA,NA,NA
"control","COM_GRC",0.238412411865724,0.763943760489077,31,NA,NA,NA
"control","COM_IND",-0.103568197573111,0.488142794725145,26,NA,NA,NA
"control","COM_ITA",0.21499613683944,1.13605368909337,29,NA,NA,NA
"control","COM_JPN",-0.0132187196121201,0.929512003934594,32,NA,NA,NA
"control","COM_NLD",0.0143690464657657,1.17224050294216,32,NA,NA,NA
"control","COM_PRT",-0.0848392671033842,0.538563872169402,13,NA,NA,NA
"control","COM_SGP",-0.0447515345928498,1.37885950699168,31,NA,NA,NA
"control","COM_SWE",0.104669393723658,1.02367291253127,15,NA,NA,NA
"control","COM_USA",-0.0158660513980625,1.09115201294207,32,NA,NA,NA
"control","CPV_AUT",-0.100512745921196,0.749752849090169,25,NA,NA,NA
"control","CPV_CHE",-0.0868590373089796,0.859198669024369,26,NA,NA,NA
"control","CPV_DEU",-0.155671981412486,1.07455333849827,32,NA,NA,NA
"control","CPV_NLD",0.172939981488012,0.727277700046902,29,NA,NA,NA
"control","CPV_PRT",0.104050147071419,1.24401262875231,32,NA,NA,NA
"control","CRI_ALB",-0.155586977518061,0.553204141887554,28,NA,NA,NA
"control","CRI_ARG",0.176080088396653,0.953654932826489,31,NA,NA,NA
"control","CRI_AUS",-0.232530061857931,0.816930652818751,32,NA,NA,NA
"control","CRI_AUT",0.142959440012628,0.86368117761976,24,NA,NA,NA
"control","CRI_BHR",0.328022766723363,0.897948195771112,31,NA,NA,NA
"control","CRI_BLZ",0.126676178938223,1.07209858398836,30,NA,NA,NA
"control","CRI_BOL",-0.0910477859925102,0.818794015091306,30,NA,NA,NA
"control","CRI_BRA",0.0935344690336557,1.18040249485213,32,NA,NA,NA
"control","CRI_BRB",-0.0719127866572503,0.88641476662202,30,NA,NA,NA
"control","CRI_CAF",0.314898253038755,0.915050035363204,12,NA,NA,NA
"control","CRI_CAN",-0.321964997071718,1.03442784074804,13,NA,NA,NA
"control","CRI_CHE",0.0769374177250861,0.703005736897409,25,NA,NA,NA
"control","CRI_CHL",0.0725392796201547,0.46423919118958,13,NA,NA,NA
"control","CRI_CHN",0.0243804353830769,1.32024121044652,22,NA,NA,NA
"control","CRI_COL",0.0374384727862351,0.750614527158789,27,NA,NA,NA
"control","CRI_DEU",0.341699133445652,0.537951940329719,24,NA,NA,NA
"control","CRI_DNK",0.0170923385352627,0.628991075050366,24,NA,NA,NA
"control","CRI_DOM",0.239735283441268,0.786297070073205,12,NA,NA,NA
"control","CRI_ECU",0.23074992907814,1.11594795779307,32,NA,NA,NA
"control","CRI_EGY",0.144576225059575,1.15595314774206,28,NA,NA,NA
"control","CRI_ESP",0.171156080890852,0.99787518937349,24,NA,NA,NA
"control","CRI_FIN",0.0577783831824086,0.683549030771288,24,NA,NA,NA
"control","CRI_FRA",-0.00660511951563531,1.13015457989911,24,NA,NA,NA
"control","CRI_GBR",0.148717116704627,0.501010204664262,24,NA,NA,NA
"control","CRI_GLP",0.268865772990137,0.211218643922251,9,NA,NA,NA
"control","CRI_GRC",-0.0684886503039916,0.935158515879369,24,NA,NA,NA
"control","CRI_HUN",-0.274774718975081,0.942592380580017,23,NA,NA,NA
"control","CRI_IND",-0.11237197978058,1.42806586625481,28,NA,NA,NA
"control","CRI_IRL",0.0158306163924151,0.882640816902852,24,NA,NA,NA
"control","CRI_ISL",0.309425448861533,1.15125354917971,25,NA,NA,NA
"control","CRI_ISR",0.212652164611623,0.776385328616583,31,NA,NA,NA
"control","CRI_ITA",0.0212629468772767,0.640771420610434,24,NA,NA,NA
"control","CRI_JOR",-0.0038688546913526,0.703307097253176,32,NA,NA,NA
"control","CRI_JPN",0.205636565187752,0.555308564707556,32,NA,NA,NA
"control","CRI_KOR",-0.109213484522134,0.884885192096163,32,NA,NA,NA
"control","CRI_KWT",0.108153556198664,0.884434513702007,31,NA,NA,NA
"control","CRI_LBN",0.0976032380905137,0.589058417388093,30,NA,NA,NA
"control","CRI_MAR",-0.102774431963667,0.678637844702695,31,NA,NA,NA
"control","CRI_MLT",0.274183104574063,0.511368282627264,24,NA,NA,NA
"control","CRI_MYS",0.236256979390036,0.828805124563462,32,NA,NA,NA
"control","CRI_NLD",0.19823500701441,1.31857461537366,24,NA,NA,NA
"control","CRI_NOR",-0.00235650411262587,1.13091044587447,25,NA,NA,NA
"control","CRI_NZL",0.0821212050340192,1.09936142380425,32,NA,NA,NA
"control","CRI_OMN",-0.000809024953983738,0.609358530401058,32,NA,NA,NA
"control","CRI_PAK",-0.306348934627328,1.09452115793269,31,NA,NA,NA
"control","CRI_PAN",0.376386323750072,0.681091915397456,19,NA,NA,NA
"control","CRI_PER",0.00803631838006499,1.02558573325834,23,NA,NA,NA
"control","CRI_POL",-0.183721890446084,0.717814136293431,22,NA,NA,NA
"control","CRI_PRT",0.0875059588647334,0.792295953485131,24,NA,NA,NA
"control","CRI_QAT",-0.191383186711305,0.786093005929882,24,NA,NA,NA
"control","CRI_SAU",-0.429260801126505,0.764012437687908,31,NA,NA,NA
"control","CRI_SGP",-0.256551001569071,1.13593893631715,23,NA,NA,NA
"control","CRI_SWE",-0.0313550727567688,1.00802687760631,24,NA,NA,NA
"control","CRI_SYR",-0.0171983331658295,0.898228761356492,27,NA,NA,NA
"control","CRI_THA",0.0614514081993989,1.25960737208581,32,NA,NA,NA
"control","CRI_TTO",-0.166661883328477,1.08026067361547,32,NA,NA,NA
"control","CRI_TUR",-0.102346583382899,1.03625573014841,32,NA,NA,NA
"control","CRI_TWN",0.0976050845872634,1.10753739227792,32,NA,NA,NA
"control","CRI_USA",0.439856624586114,1.10454683040672,20,NA,NA,NA
"control","CRI_VEN",-0.0733808067527185,1.30295237350752,31,NA,NA,NA
"control","CRI_ZAF",-0.288900634320487,0.635038696551273,30,NA,NA,NA
"control","CUB_AUS",-0.0280844290333361,0.968677738146796,32,NA,NA,NA
"control","CUB_AUT",-0.230106916561593,1.00448202444722,32,NA,NA,NA
"control","CUB_BGR",-0.495898119454913,0.667733811099121,26,NA,NA,NA
"control","CUB_BRB",-0.176806615745383,0.84128647871232,31,NA,NA,NA
"control","CUB_CAN",-0.0413246212972333,0.968596463733742,32,NA,NA,NA
"control","CUB_CHE",0.29116083532633,0.594767927157222,32,NA,NA,NA
"control","CUB_CHN",0.0696058053003558,1.4476536571215,32,NA,NA,NA
"control","CUB_DEU",-0.125528997806172,1.16809013775888,32,NA,NA,NA
"control","CUB_DNK",0.17302237805709,1.00511565759173,32,NA,NA,NA
"control","CUB_ESP",-0.0283664268000876,0.663041305318111,32,NA,NA,NA
"control","CUB_FIN",0.0128171000363559,1.01558677366273,32,NA,NA,NA
"control","CUB_FRA",-0.212193985585736,0.715761841597024,32,NA,NA,NA
"control","CUB_GBR",-0.234404224191722,1.20312081831344,32,NA,NA,NA
"control","CUB_GRC",-0.0921099186892216,0.978244671812575,31,NA,NA,NA
"control","CUB_HUN",0.0127957139632391,0.862452760137817,30,NA,NA,NA
"control","CUB_ISL",0.108641259933964,0.988356093105895,28,NA,NA,NA
"control","CUB_ITA",0.0622069693731332,0.566466663027146,32,NA,NA,NA
"control","CUB_JPN",0.0469439675708024,0.725369153221334,32,NA,NA,NA
"control","CUB_NLD",0.298994209611757,1.15514632548612,32,NA,NA,NA
"control","CUB_NOR",-0.14548066856652,0.865857819794513,32,NA,NA,NA
"control","CUB_PRT",0.0185423708495968,1.01879214978185,32,NA,NA,NA
"control","CUB_SWE",0.0351291899461436,0.903358692354622,32,NA,NA,NA
"control","CUB_URY",0.253887749337541,0.950943240636688,10,NA,NA,NA
"control","CUB_VEN",-0.0851715778639654,0.867545548943626,9,NA,NA,NA
"control","CYM_AUS",0.0723199949488151,1.01620213291295,31,NA,NA,NA
"control","CYM_CHE",0.120669978891443,0.923844473473231,32,NA,NA,NA
"control","CYM_JPN",0.101115286878387,0.996537051936927,28,NA,NA,NA
"control","CYP_AUS",-0.125874667857407,0.714956621998019,32,NA,NA,NA
"control","CYP_CAN",-0.180929155315015,0.658683447442323,28,NA,NA,NA
"control","CYP_CHE",0.00776409559300799,0.909004049170567,15,NA,NA,NA
"control","CYP_CHN",-0.281517293030412,1.04287348509804,32,NA,NA,NA
"control","CYP_DZA",0.597233410857853,0.4062007454053,15,NA,NA,NA
"control","CYP_EGY",0.499188661433446,1.13096399135311,15,NA,NA,NA
"control","CYP_GRD",-0.168390115743587,1.09951159267627,16,NA,NA,NA
"control","CYP_HUN",0.123114977816106,1.01800858661773,15,NA,NA,NA
"control","CYP_IND",0.159269941498649,0.978160149128006,32,NA,NA,NA
"control","CYP_ISL",-0.173110836974271,1.37975651432799,15,NA,NA,NA
"control","CYP_JOR",0.199189640456111,0.98708672010126,15,NA,NA,NA
"control","CYP_JPN",-0.294083735711361,0.629139787709046,30,NA,NA,NA
"control","CYP_KOR",-0.110340603342054,0.657345314865866,22,NA,NA,NA
"control","CYP_LKA",0.101236935293486,1.25417198057759,32,NA,NA,NA
"control","CYP_MAR",0.0126619208570903,0.446154409935195,15,NA,NA,NA
"control","CYP_MLT",0.124311063168522,0.80263569064661,15,NA,NA,NA
"control","CYP_MYS",-0.273827819819914,1.64931433469141,32,NA,NA,NA
"control","CYP_NOR",-0.264597948697698,0.506866685003091,15,NA,NA,NA
"control","CYP_NZL",-0.159372377044697,1.05015789586288,32,NA,NA,NA
"control","CYP_OMN",-0.135737260483127,0.812610842726397,32,NA,NA,NA
"control","CYP_SAU",0.215985216837517,1.04548679577802,32,NA,NA,NA
"control","CYP_SGP",0.0947066479627028,0.905936708367726,30,NA,NA,NA
"control","CYP_SYR",-0.323953895328385,1.05020240144761,15,NA,NA,NA
"control","CYP_THA",-0.348230381301155,1.31351117657247,32,NA,NA,NA
"control","CYP_TUN",0.088019844738083,0.651260848177013,15,NA,NA,NA
"control","CYP_TUR",-0.669349088961682,0.542352124515276,15,NA,NA,NA
"control","CYP_USA",-0.0148148270873096,0.516279077585233,32,NA,NA,NA
"control","DEU_AFG",0.00843194863293568,0.76970784812119,32,NA,NA,NA
"control","DEU_AGO",-0.149955104620464,0.754660535170917,32,NA,NA,NA
"control","DEU_ALB",0.0635619642737067,1.2338786066131,17,NA,NA,NA
"control","DEU_ARE",-0.011541755718573,0.912614653068173,32,NA,NA,NA
"control","DEU_ARG",0.270594851036281,1.56383390143821,32,NA,NA,NA
"control","DEU_ATG",0.140868927969776,0.950123841659216,19,NA,NA,NA
"control","DEU_AUS",0.160472330431007,1.01534765852774,32,NA,NA,NA
"control","DEU_BDI",0.0867557816942419,0.482693339636851,32,NA,NA,NA
"control","DEU_BEN",0.113202996336229,0.861631796807692,32,NA,NA,NA
"control","DEU_BFA",-0.154036127713819,1.1083903380528,32,NA,NA,NA
"control","DEU_BGD",-0.217362711286487,1.23155961212565,32,NA,NA,NA
"control","DEU_BHR",0.158913077861139,1.42916740409508,32,NA,NA,NA
"control","DEU_BHS",-0.106947263096821,1.58375819785038,19,NA,NA,NA
"control","DEU_BLZ",-0.0681445475468884,0.878789194443257,19,NA,NA,NA
"control","DEU_BOL",-0.0254331832713488,1.18606601495949,32,NA,NA,NA
"control","DEU_BRA",-0.167728153721505,0.797534375577382,32,NA,NA,NA
"control","DEU_BRB",0.327590363946346,0.867111140802922,19,NA,NA,NA
"control","DEU_BRN",-0.10725749574758,0.859990687682615,32,NA,NA,NA
"control","DEU_BTN",0.322348560102773,1.51538519212736,32,NA,NA,NA
"control","DEU_CAF",-0.0595665842504719,0.945861496306475,32,NA,NA,NA
"control","DEU_CAN",-0.426499570358791,2.26801418721003,28,NA,NA,NA
"control","DEU_CCK",0.0169743428388885,1.31076546879837,23,NA,NA,NA
"control","DEU_CHL",0.258994083453929,1.44616051875088,14,NA,NA,NA
"control","DEU_CHN",-0.0333814200794858,1.18217142493715,32,NA,NA,NA
"control","DEU_CIV",-0.153507665228785,0.819786879800229,27,NA,NA,NA
"control","DEU_CMR",0.468663762262317,1.44501994791425,25,NA,NA,NA
"control","DEU_COD",0.220189640522193,0.584228814502803,32,NA,NA,NA
"control","DEU_COG",0.391854454076871,0.956503511626226,32,NA,NA,NA
"control","DEU_COK",-0.308447628984609,0.714631396023395,31,NA,NA,NA
"control","DEU_COL",0.287872546563456,0.851565678791185,24,NA,NA,NA
"control","DEU_COM",0.269436960295384,0.772222916636846,32,NA,NA,NA
"control","DEU_CPV",-0.189450843966702,1.07007838104376,32,NA,NA,NA
"control","DEU_CRI",-0.0579108915353755,0.760141714875505,24,NA,NA,NA
"control","DEU_CUB",0.0534739869347885,0.949848346849444,32,NA,NA,NA
"control","DEU_DJI",0.0459295163677852,0.972879595071076,32,NA,NA,NA
"control","DEU_DMA",-0.077909851844803,1.53699764895276,19,NA,NA,NA
"control","DEU_DOM",0.226536703295886,1.59648595103183,19,NA,NA,NA
"control","DEU_ECU",0.180020602985057,1.19194911854459,28,NA,NA,NA
"control","DEU_FJI",-0.226636425159833,0.9515717086449,20,NA,NA,NA
"control","DEU_GAB",0.187379472573638,1.46763043723517,32,NA,NA,NA
"control","DEU_GHA",0.243665829667424,0.779182138051472,27,NA,NA,NA
"control","DEU_GIB",-0.0421654120196785,0.870043102453338,32,NA,NA,NA
"control","DEU_GIN",-0.023332540424759,1.23949036522269,32,NA,NA,NA
"control","DEU_GLP",0.129225875770185,0.618909160151173,8,NA,NA,NA
"control","DEU_GMB",-0.252526141369763,0.926670045730297,32,NA,NA,NA
"control","DEU_GNB",0.00631643095885336,1.02876942647717,32,NA,NA,NA
"control","DEU_GNQ",-0.660612160562236,1.38855545197407,32,NA,NA,NA
"control","DEU_GRD",-0.239932686737038,1.37400801242261,19,NA,NA,NA
"control","DEU_GTM",0.36744882439878,0.648908273991646,24,NA,NA,NA
"control","DEU_GUF",-0.124400066263997,1.38222083893435,8,NA,NA,NA
"control","DEU_GUY",-0.32372345357751,0.696278438947166,19,NA,NA,NA
"control","DEU_HND",-0.055029293645505,0.893309566396766,24,NA,NA,NA
"control","DEU_HTI",-0.00383868483794596,0.688383620327539,32,NA,NA,NA
"control","DEU_IDN",0.173152412577041,0.974977871066736,32,NA,NA,NA
"control","DEU_IND",0.00910994222178269,0.768782161775403,32,NA,NA,NA
"control","DEU_IRN",0.264487767231444,0.789572535988896,32,NA,NA,NA
"control","DEU_IRQ",0.125521858974122,1.21248191381407,32,NA,NA,NA
"control","DEU_JAM",0.0730625306009652,1.09411352653897,19,NA,NA,NA
"control","DEU_JOR",-0.383585307664933,0.63813816242522,13,NA,NA,NA
"control","DEU_JPN",-0.0632939384498901,1.11352887725678,30,NA,NA,NA
"control","DEU_KEN",-0.0715369785112659,0.53443410512121,32,NA,NA,NA
"control","DEU_KHM",-0.226335038384265,0.900480124991664,32,NA,NA,NA
"control","DEU_KIR",-0.0392662989567552,1.14762896253963,32,NA,NA,NA
"control","DEU_KNA",0.137506651764583,1.27220398536142,19,NA,NA,NA
"control","DEU_KOR",-0.0196615315907852,0.864692666068883,22,NA,NA,NA
"control","DEU_KWT",0.150567440545308,0.739708888858733,32,NA,NA,NA
"control","DEU_LAO",-0.445768104390973,0.979159746296977,32,NA,NA,NA
"control","DEU_LBR",0.0848457840364447,0.84742730691846,32,NA,NA,NA
"control","DEU_LBY",0.291124039174545,1.0494692679398,32,NA,NA,NA
"control","DEU_LCA",0.207965696090654,0.556190756758078,19,NA,NA,NA
"control","DEU_LKA",0.118069735502485,1.09710401383681,32,NA,NA,NA
"control","DEU_MAC",-0.404662929780694,0.577409767989999,32,NA,NA,NA
"control","DEU_MDG",-0.474961164999318,1.48235391731758,23,NA,NA,NA
"control","DEU_MDV",0.279013199979738,0.965175549735608,32,NA,NA,NA
"control","DEU_MEX",-0.183896382397899,1.1269061010153,11,NA,NA,NA
"control","DEU_MLI",-0.110424900622746,1.04003340688458,32,NA,NA,NA
"control","DEU_MMR",-0.114123075296164,1.10544427953065,32,NA,NA,NA
"control","DEU_MNG",-0.127354732204503,0.89765639823377,32,NA,NA,NA
"control","DEU_MOZ",-0.0611856399613332,1.13730948397228,27,NA,NA,NA
"control","DEU_MRT",0.098771111367185,0.847037726634948,32,NA,NA,NA
"control","DEU_MTQ",-0.188500012568988,1.7820252796512,9,NA,NA,NA
"control","DEU_MUS",-0.0829657415564846,0.916712869282911,23,NA,NA,NA
"control","DEU_MWI",0.10273537579087,0.904642684705339,32,NA,NA,NA
"control","DEU_MYS",-0.174744393200069,1.14797796016819,32,NA,NA,NA
"control","DEU_NER",0.0278898550821293,0.839481553761362,32,NA,NA,NA
"control","DEU_NGA",-0.0829131223623919,1.06254175319572,32,NA,NA,NA
"control","DEU_NIC",0.124744936886842,1.17083949373549,24,NA,NA,NA
"control","DEU_NPL",0.12505855141286,1.42772963276799,32,NA,NA,NA
"control","DEU_NRU",-0.458406791872882,0.467517588439446,30,NA,NA,NA
"control","DEU_NZL",-0.267203528661098,0.752919402533227,32,NA,NA,NA
"control","DEU_OMN",0.0498816205910088,0.867642560881593,32,NA,NA,NA
"control","DEU_PAK",0.0608276727009593,1.09069505960419,32,NA,NA,NA
"control","DEU_PAN",0.104182994336074,1.07560083464327,24,NA,NA,NA
"control","DEU_PER",0.0322263489618136,1.43634677873993,24,NA,NA,NA
"control","DEU_PHL",0.0550632869288461,0.599986201968682,32,NA,NA,NA
"control","DEU_PNG",0.0580050706779427,1.12988713305872,20,NA,NA,NA
"control","DEU_PRK",-0.266837805816788,1.16174375681981,32,NA,NA,NA
"control","DEU_PRY",-0.172071406787192,0.925906713083321,32,NA,NA,NA
"control","DEU_QAT",0.0696469033094585,1.43083250632389,32,NA,NA,NA
"control","DEU_REU",-0.600247951760333,0.750570486538311,9,NA,NA,NA
"control","DEU_RWA",-0.0433832831049567,0.892073857315622,32,NA,NA,NA
"control","DEU_SAU",0.0582858542438847,1.44878168711359,32,NA,NA,NA
"control","DEU_SDN",0.193743607222601,0.779515486010214,32,NA,NA,NA
"control","DEU_SEN",-0.0627547086296704,0.899139877336183,32,NA,NA,NA
"control","DEU_SGP",-0.192934798190289,0.856317126662967,30,NA,NA,NA
"control","DEU_SLB",0.324209818941234,1.36566074378179,32,NA,NA,NA
"control","DEU_SLE",-0.225944836588593,0.598790732348727,32,NA,NA,NA
"control","DEU_SLV",0.28231137262639,0.688093078104752,24,NA,NA,NA
"control","DEU_SOM",0.0753028517437336,0.990748227992473,32,NA,NA,NA
"control","DEU_STP",0.230711239997807,0.604545562152851,32,NA,NA,NA
"control","DEU_SUR",-0.335968876385201,0.763931776217836,19,NA,NA,NA
"control","DEU_SYC",0.0528279591067246,1.8300559816139,23,NA,NA,NA
"control","DEU_TCD",-0.125228095323429,1.03998911004083,32,NA,NA,NA
"control","DEU_TGO",-0.0462760912392771,0.722584766207931,32,NA,NA,NA
"control","DEU_THA",-0.0130551433724808,1.14709250327402,32,NA,NA,NA
"control","DEU_TON",0.0493320446437422,0.67715724500089,32,NA,NA,NA
"control","DEU_TTO",0.172653968674063,1.01531759114149,19,NA,NA,NA
"control","DEU_TUV",-0.0698562326908277,0.869607137453401,28,NA,NA,NA
"control","DEU_TWN",0.097170699110275,0.92774967710279,32,NA,NA,NA
"control","DEU_TZA",-0.292991484491344,0.78212764998565,32,NA,NA,NA
"control","DEU_UGA",-0.0913080555371118,0.757619682803936,32,NA,NA,NA
"control","DEU_URY",0.103195848962033,1.16323742716855,32,NA,NA,NA
"control","DEU_USA",0.190691832073244,1.24267652292031,32,NA,NA,NA
"control","DEU_VCT",-0.0103581547316753,0.520326767042775,19,NA,NA,NA
"control","DEU_VEN",-0.2371504252666,1.16603862963373,32,NA,NA,NA
"control","DEU_VGB",-0.312019967083857,1.39490106472812,18,NA,NA,NA
"control","DEU_VNM",-0.042661797896628,0.971822758332679,32,NA,NA,NA
"control","DEU_VUT",0.128230125927086,1.17846829372833,32,NA,NA,NA
"control","DEU_WSM",-0.00817592827584467,0.725465091520664,32,NA,NA,NA
"control","DEU_YEM",0.173437493727895,0.950082316935846,31,NA,NA,NA
"control","DEU_ZMB",-0.150873330722701,0.483614763154871,32,NA,NA,NA
"control","DEU_ZWE",0.167661907601807,0.914875711891124,23,NA,NA,NA
"control","DJI_AUT",0.0827478127026433,0.57212560855344,27,NA,NA,NA
"control","DJI_CHE",-0.166161679143994,0.863558363141199,30,NA,NA,NA
"control","DJI_CHN",-0.0349891159347773,2.02459005245115,28,NA,NA,NA
"control","DJI_DEU",-0.238535890483773,0.58191618434866,31,NA,NA,NA
"control","DJI_FRA",-0.0255636535168715,1.35956763517251,31,NA,NA,NA
"control","DJI_GRC",0.0240766684649135,1.33521112578394,27,NA,NA,NA
"control","DJI_NLD",0.0259595095390072,1.15981765928643,30,NA,NA,NA
"control","DJI_SAU",-0.105501251596142,1.16935688461389,30,NA,NA,NA
"control","DJI_SGP",0.102580697928505,1.10344483457414,30,NA,NA,NA
"control","DJI_SWE",0.00463194442337405,1.05049451382263,28,NA,NA,NA
"control","DJI_THA",0.200967262561817,1.00617544997386,25,NA,NA,NA
"control","DMA_CAN",-0.376473315194166,1.21899161033851,32,NA,NA,NA
"control","DMA_CHE",0.222966823822427,1.50184167976665,26,NA,NA,NA
"control","DMA_DEU",0.0998707695560839,0.699780897541054,19,NA,NA,NA
"control","DMA_ESP",0.350430718767217,1.03276840603534,18,NA,NA,NA
"control","DMA_FIN",-0.404941803217196,1.00657538437799,19,NA,NA,NA
"control","DMA_FRA",0.010770997257444,0.806438254483324,19,NA,NA,NA
"control","DMA_GBR",-0.151187998407464,0.827596165108908,19,NA,NA,NA
"control","DMA_GLP",0.0011920996187956,0.376112943725383,8,NA,NA,NA
"control","DMA_GRC",-0.120006541713979,0.985348730182252,14,NA,NA,NA
"control","DMA_ITA",-0.148597107569293,1.00375808040428,19,NA,NA,NA
"control","DMA_JPN",-0.133966170795334,0.709495206576252,32,NA,NA,NA
"control","DMA_KOR",-0.0776072423687193,0.765215226753871,32,NA,NA,NA
"control","DMA_MTQ",-0.101144412224679,0.592479718471145,8,NA,NA,NA
"control","DMA_NLD",0.18558190171374,0.917499217599733,19,NA,NA,NA
"control","DMA_NZL",0.107260232653885,1.58116381713267,25,NA,NA,NA
"control","DMA_SWE",-0.795595337498226,0.757536399638889,10,NA,NA,NA
"control","DMA_THA",0.215110802919965,1.05410964946247,32,NA,NA,NA
"control","DMA_USA",0.127560813084966,1.31665325318671,32,NA,NA,NA
"control","DNK_AGO",-0.00449041271342949,1.42838442963234,32,NA,NA,NA
"control","DNK_ALB",0.135895849234888,0.564760976233405,17,NA,NA,NA
"control","DNK_ARE",0.13230327726643,0.652191735492801,32,NA,NA,NA
"control","DNK_ARG",0.123348896186884,1.15478521827297,32,NA,NA,NA
"control","DNK_AUS",-0.0916277250658704,0.683063022665092,32,NA,NA,NA
"control","DNK_BGD",0.0631851197173015,0.685215318849698,32,NA,NA,NA
"control","DNK_BHR",-0.107950885982587,1.23004544331573,32,NA,NA,NA
"control","DNK_BHS",0.215750254101462,0.586213591101096,19,NA,NA,NA
"control","DNK_BLZ",0.128518041105484,1.23950397339009,19,NA,NA,NA
"control","DNK_BOL",0.0375141899648416,0.966882557198805,32,NA,NA,NA
"control","DNK_BRA",0.0501056254833244,1.01440382088714,32,NA,NA,NA
"control","DNK_CAN",-0.33496646914418,0.982158121925511,28,NA,NA,NA
"control","DNK_CHL",-0.614736297678578,1.26394661258404,14,NA,NA,NA
"control","DNK_CHN",-0.0167674503263416,0.635200274184516,32,NA,NA,NA
"control","DNK_CIV",0.295212892458538,0.596974123811945,27,NA,NA,NA
"control","DNK_COD",-0.110653225994488,0.974702151624698,31,NA,NA,NA
"control","DNK_COL",-0.0290615592117802,1.0779229115367,24,NA,NA,NA
"control","DNK_CPV",0.241848659803432,1.05669431406274,32,NA,NA,NA
"control","DNK_CRI",-0.127324162718613,0.868064171927486,24,NA,NA,NA
"control","DNK_CUB",-0.319302353668118,0.959208244585878,31,NA,NA,NA
"control","DNK_DOM",-0.0945211115952347,1.30234604237126,19,NA,NA,NA
"control","DNK_ECU",0.361013842184478,1.08882542318014,28,NA,NA,NA
"control","DNK_GHA",-0.0126522620994275,1.00405118624644,27,NA,NA,NA
"control","DNK_GLP",0.424725946990723,0.839210547442037,9,NA,NA,NA
"control","DNK_GMB",0.116337811145828,1.82097199380586,32,NA,NA,NA
"control","DNK_GTM",-0.00540529703139575,0.694658756894803,24,NA,NA,NA
"control","DNK_HTI",0.151238048238922,0.752010218259664,32,NA,NA,NA
"control","DNK_IDN",0.108871210342774,0.956615939086174,32,NA,NA,NA
"control","DNK_IND",0.0731633541145926,0.772376275326384,32,NA,NA,NA
"control","DNK_IRN",0.0651861811998875,1.23085103261331,32,NA,NA,NA
"control","DNK_IRQ",-0.11518118383166,0.973591641163275,32,NA,NA,NA
"control","DNK_JAM",-0.373331614312284,1.13464057226164,19,NA,NA,NA
"control","DNK_JOR",0.321645889220575,0.91705787754842,13,NA,NA,NA
"control","DNK_JPN",0.157413441875218,1.82021054452912,30,NA,NA,NA
"control","DNK_KEN",-0.308843931855072,0.764386854002126,32,NA,NA,NA
"control","DNK_KOR",0.285238454838238,1.25673456741328,22,NA,NA,NA
"control","DNK_KWT",0.0207292959371888,0.78569731600109,32,NA,NA,NA
"control","DNK_LBR",0.213445989302943,1.1146210004509,32,NA,NA,NA
"control","DNK_LBY",-0.0413414534418642,0.983137942215015,32,NA,NA,NA
"control","DNK_LKA",-0.00688410977002148,0.986413114709212,32,NA,NA,NA
"control","DNK_LSO",0.190980227451221,0.795863680277965,24,NA,NA,NA
"control","DNK_MEX",-0.764376161695849,0.247145496265663,11,NA,NA,NA
"control","DNK_MOZ",-0.0479262875591872,0.696388397866403,27,NA,NA,NA
"control","DNK_MRT",0.199631744914229,0.788850415982362,32,NA,NA,NA
"control","DNK_MTQ",0.416294741084915,1.14880621697227,9,NA,NA,NA
"control","DNK_MWI",0.20974297276721,0.781724669924855,32,NA,NA,NA
"control","DNK_MYS",-0.0457695938055067,1.2013654345355,32,NA,NA,NA
"control","DNK_NGA",-0.211716421768906,1.07402380809114,32,NA,NA,NA
"control","DNK_NIC",-0.223611393426264,1.30012803138387,24,NA,NA,NA
"control","DNK_NZL",0.0464932317303997,1.08957514050369,32,NA,NA,NA
"control","DNK_OMN",0.140604273695865,0.744878389515364,32,NA,NA,NA
"control","DNK_PAK",-0.0917455340124172,1.22493386075094,32,NA,NA,NA
"control","DNK_PAN",-0.378696618797051,1.668600348111,24,NA,NA,NA
"control","DNK_PER",0.301319855127812,0.955035041487465,24,NA,NA,NA
"control","DNK_PHL",0.243243581904042,1.52909240479966,32,NA,NA,NA
"control","DNK_PRK",0.0635583488948859,0.823557406009158,31,NA,NA,NA
"control","DNK_QAT",0.205475544349175,1.50414429937786,32,NA,NA,NA
"control","DNK_REU",-0.226816212037642,1.12653126149597,9,NA,NA,NA
"control","DNK_SAU",0.0728205700437692,0.929629521572103,32,NA,NA,NA
"control","DNK_SDN",-0.0886588474595748,1.36727852394489,32,NA,NA,NA
"control","DNK_SEN",0.0718031229263815,0.760179574156451,32,NA,NA,NA
"control","DNK_SGP",-0.233229418298955,0.983797082692405,30,NA,NA,NA
"control","DNK_SUR",0.185357439607577,1.23089578437992,18,NA,NA,NA
"control","DNK_SYC",-0.0830080763347236,1.17576624054745,23,NA,NA,NA
"control","DNK_THA",-0.0647383563307077,1.00203712799592,32,NA,NA,NA
"control","DNK_TWN",0.0771220924335689,0.947328418843962,32,NA,NA,NA
"control","DNK_TZA",-0.378540314443984,1.50194898852932,32,NA,NA,NA
"control","DNK_URY",0.0763843491179943,1.07943842447328,32,NA,NA,NA
"control","DNK_USA",-0.127708672924876,1.29315680872601,32,NA,NA,NA
"control","DNK_VEN",-0.00697190910622745,0.876544130200945,32,NA,NA,NA
"control","DNK_ZMB",-0.222986492680621,0.572044760160399,32,NA,NA,NA
"control","DNK_ZWE",-0.0621295271817385,1.07489654330872,23,NA,NA,NA
"control","DOM_AUS",0.370462156449754,1.32598377343239,32,NA,NA,NA
"control","DOM_AUT",0.33637054168103,0.388927224784365,19,NA,NA,NA
"control","DOM_BRB",-0.0202107805896483,0.890789813716759,32,NA,NA,NA
"control","DOM_CAN",0.059019030027001,0.707505045571997,32,NA,NA,NA
"control","DOM_CHE",0.237934514313685,1.03520112752632,32,NA,NA,NA
"control","DOM_COL",0.06357647296133,0.721417999977803,30,NA,NA,NA
"control","DOM_DEU",-0.0361521582080163,0.799160662649405,19,NA,NA,NA
"control","DOM_DNK",0.144913690371585,0.41299159740985,19,NA,NA,NA
"control","DOM_ESP",0.295527426795948,1.46820770192019,19,NA,NA,NA
"control","DOM_FIN",0.29741325464312,0.642427887407986,19,NA,NA,NA
"control","DOM_FRA",-0.445290865326264,1.16368511595226,19,NA,NA,NA
"control","DOM_GBR",0.25752927915197,0.716646492882147,19,NA,NA,NA
"control","DOM_GRC",-0.219519069724379,0.827173084771707,19,NA,NA,NA
"control","DOM_GRD",0.0712573687786451,1.43443129577628,28,NA,NA,NA
"control","DOM_GTM",0.514328310502311,0.387087451974621,8,NA,NA,NA
"control","DOM_IND",-0.234484851810816,1.53140604275337,28,NA,NA,NA
"control","DOM_IRL",0.181200625579333,1.22406743398692,19,NA,NA,NA
"control","DOM_ITA",0.425325790183885,0.487223798100385,19,NA,NA,NA
"control","DOM_JAM",-0.0914350149025331,0.928717440479473,28,NA,NA,NA
"control","DOM_JPN",-0.037370548094525,1.0077835478341,32,NA,NA,NA
"control","DOM_KOR",0.107568522677602,1.78372878619289,32,NA,NA,NA
"control","DOM_MAR",0.0833470083922966,0.887072090001323,31,NA,NA,NA
"control","DOM_MLT",-0.12509891044688,0.55027381585261,12,NA,NA,NA
"control","DOM_NLD",0.132863846306269,0.864130359984523,19,NA,NA,NA
"control","DOM_NOR",-0.0266591985212827,0.785149747696141,32,NA,NA,NA
"control","DOM_NZL",0.0330388724623596,1.6154172539188,32,NA,NA,NA
"control","DOM_PHL",-0.039841822947126,0.848089012535946,27,NA,NA,NA
"control","DOM_PRT",0.365144474961014,1.05198038193494,19,NA,NA,NA
"control","DOM_SWE",-0.315236094194722,2.1384908068198,19,NA,NA,NA
"control","DOM_THA",-0.13655758506211,0.831252963889953,31,NA,NA,NA
"control","DOM_TUN",-0.286901608387775,1.01693443875514,30,NA,NA,NA
"control","DOM_TUR",-0.0560750145641512,0.841756096392732,32,NA,NA,NA
"control","DOM_URY",-0.102472020130037,0.993942888232189,27,NA,NA,NA
"control","DOM_USA",0.285636908041246,0.679640333860619,18,NA,NA,NA
"control","DOM_VEN",-0.00262416001571286,0.897686431696979,32,NA,NA,NA
"control","DZA_AUS",-0.240052560996183,0.832301033038754,29,NA,NA,NA
"control","DZA_BGR",0.0708296880302264,1.11426832764965,15,NA,NA,NA
"control","DZA_CAN",-0.272828793870288,0.862256638644426,32,NA,NA,NA
"control","DZA_CHE",-0.274302539743965,0.860866624493318,32,NA,NA,NA
"control","DZA_ISL",0.345304557797822,0.974659620033326,23,NA,NA,NA
"control","DZA_JPN",-0.284138041615961,1.19679463517148,32,NA,NA,NA
"control","DZA_MLT",0.0517690131086802,0.66676707348792,9,NA,NA,NA
"control","DZA_MRT",0.178795290095347,1.15711785667937,32,NA,NA,NA
"control","DZA_NER",0.024690679450296,0.782201613129516,31,NA,NA,NA
"control","DZA_SEN",0.16943183391643,1.34477548164029,32,NA,NA,NA
"control","DZA_SYR",0.394832064202323,1.06243514783753,17,NA,NA,NA
"control","DZA_USA",0.107753921213077,1.10951654672799,31,NA,NA,NA
"control","ECU_ALB",-0.146339155145742,0.975664950652874,29,NA,NA,NA
"control","ECU_AUS",0.128217631435686,1.10723843344561,32,NA,NA,NA
"control","ECU_AUT",-0.211297244196495,0.93485583427308,28,NA,NA,NA
"control","ECU_BGR",-0.120261250403052,0.690386840212637,26,NA,NA,NA
"control","ECU_CAN",-0.0840964528018569,1.13873544441944,32,NA,NA,NA
"control","ECU_CHE",-0.246470723095598,1.135545612101,32,NA,NA,NA
"control","ECU_CHN",-0.107145631155507,1.27164577953972,32,NA,NA,NA
"control","ECU_DEU",0.407168391982082,0.80125595404627,28,NA,NA,NA
"control","ECU_DNK",0.0576125170316288,0.850792875427152,28,NA,NA,NA
"control","ECU_ESP",-0.0772053846763746,0.928269767027558,28,NA,NA,NA
"control","ECU_FIN",0.309477480655991,1.53710486404156,28,NA,NA,NA
"control","ECU_FRA",0.0553065616568213,0.991700437290624,28,NA,NA,NA
"control","ECU_GBR",0.123223727792198,0.841830415009672,28,NA,NA,NA
"control","ECU_GRC",-0.125217898314655,0.959912555768269,28,NA,NA,NA
"control","ECU_HND",-0.103253362968472,1.22442514206782,31,NA,NA,NA
"control","ECU_HUN",0.461086031489785,1.0780768603409,28,NA,NA,NA
"control","ECU_IRL",-0.111327091626435,0.63127286636603,28,NA,NA,NA
"control","ECU_ISL",-0.186468377674345,1.16327552596072,32,NA,NA,NA
"control","ECU_ISR",0.0769959742700302,0.809891162332098,32,NA,NA,NA
"control","ECU_ITA",0.0665641037724631,0.951886841964763,28,NA,NA,NA
"control","ECU_JOR",-0.110189258028827,0.695088371962005,29,NA,NA,NA
"control","ECU_JPN",0.237561370348473,1.08080595357957,32,NA,NA,NA
"control","ECU_LBN",-0.283897627626092,0.678681573464293,30,NA,NA,NA
"control","ECU_MLT",0.248626057229312,1.17756021499216,27,NA,NA,NA
"control","ECU_NLD",-0.0246669211554012,0.997156050163114,28,NA,NA,NA
"control","ECU_NOR",0.423519867409413,0.894076014352615,32,NA,NA,NA
"control","ECU_NZL",0.344321241312438,1.48444590498522,32,NA,NA,NA
"control","ECU_OMN",-0.10439588809382,0.731022854781606,20,NA,NA,NA
"control","ECU_PAN",0.0984489430442974,0.872621654357098,23,NA,NA,NA
"control","ECU_POL",0.0106084550121581,1.11279278422089,28,NA,NA,NA
"control","ECU_PRT",-0.325946010498566,1.19134703607724,28,NA,NA,NA
"control","ECU_SAU",0.125603505242272,0.909166555826101,32,NA,NA,NA
"control","ECU_SWE",-0.16324895300732,1.13645873997037,28,NA,NA,NA
"control","ECU_TUR",-0.125505885693589,1.41301885958147,32,NA,NA,NA
"control","ECU_TWN",-0.267219113554579,0.683979031767645,32,NA,NA,NA
"control","ECU_USA",0.243377496801415,1.27902870135871,32,NA,NA,NA
"control","ECU_ZAF",0.259171192470688,1.34018490260696,31,NA,NA,NA
"control","EGY_AFG",-0.349735378249614,1.09131820655234,24,NA,NA,NA
"control","EGY_ALB",0.0657166603984641,0.77486231024696,32,NA,NA,NA
"control","EGY_AUS",0.187689040919367,1.29154894371001,32,NA,NA,NA
"control","EGY_BGR",-0.190199686713912,1.07384414583695,18,NA,NA,NA
"control","EGY_BHR",-0.696643914572989,1.23317403634535,9,NA,NA,NA
"control","EGY_CAN",-0.0638713004486069,0.808041998460682,32,NA,NA,NA
"control","EGY_CHE",0.0169522540638711,1.51646328482841,18,NA,NA,NA
"control","EGY_CHN",0.0997385367933127,1.02895304234402,31,NA,NA,NA
"control","EGY_CYP",0.0864130948134642,1.16222007785225,15,NA,NA,NA
"control","EGY_FJI",-0.0324339311941662,1.24786501594672,25,NA,NA,NA
"control","EGY_HUN",0.201242542025004,0.989394620973504,15,NA,NA,NA
"control","EGY_ISL",-0.171274217488142,1.32712028121269,18,NA,NA,NA
"control","EGY_JPN",-0.0918603407546569,1.00102073009883,32,NA,NA,NA
"control","EGY_KWT",-0.124922854140584,1.28021925536488,9,NA,NA,NA
"control","EGY_LBN",-0.0259041097008479,1.67737625905545,9,NA,NA,NA
"control","EGY_MLT",0.231315196254712,1.24231302780558,15,NA,NA,NA
"control","EGY_NOR",-0.101719169615958,0.734984855410227,18,NA,NA,NA
"control","EGY_NZL",0.147080723432864,0.93959000338501,32,NA,NA,NA
"control","EGY_OMN",-0.379446398227788,2.14562261275409,9,NA,NA,NA
"control","EGY_POL",-0.186799178967068,0.797760595222923,15,NA,NA,NA
"control","EGY_QAT",-0.0236797768337714,1.40667083631737,9,NA,NA,NA
"control","EGY_SAU",0.311467682138702,1.3097321567724,9,NA,NA,NA
"control","EGY_TWN",0.180002121117861,1.05003832742863,29,NA,NA,NA
"control","EGY_USA",0.414620558975897,0.943256789408021,32,NA,NA,NA
"control","EGY_VEN",0.0479839313931356,1.57652679526762,8,NA,NA,NA
"control","ESH_JPN",-0.0593692115286457,0.832685095495077,20,NA,NA,NA
"control","ESP_AGO",-0.0904291958255366,0.964316794424342,32,NA,NA,NA
"control","ESP_ALB",0.557652350428347,0.976871640962309,17,NA,NA,NA
"control","ESP_ARE",0.178460989149559,1.02362230738051,32,NA,NA,NA
"control","ESP_ARG",0.0766584611783354,1.15689825236586,32,NA,NA,NA
"control","ESP_AUS",-0.17243056095918,1.39939786443302,32,NA,NA,NA
"control","ESP_BHR",0.184786803547699,0.864556248862696,32,NA,NA,NA
"control","ESP_BOL",0.123303104335564,1.15809142399986,32,NA,NA,NA
"control","ESP_BRA",-0.0562053022599642,1.31934554544229,32,NA,NA,NA
"control","ESP_BRB",0.154515532754101,0.887235243733552,19,NA,NA,NA
"control","ESP_CAN",-0.272846937796505,1.0307919489818,28,NA,NA,NA
"control","ESP_CHL",0.33769574393302,0.474938782253107,14,NA,NA,NA
"control","ESP_CHN",0.211820709878307,0.903879083566471,32,NA,NA,NA
"control","ESP_CIV",-0.378302788156093,1.19014543021809,27,NA,NA,NA
"control","ESP_CMR",0.241167960013636,1.24980423473332,25,NA,NA,NA
"control","ESP_COG",-0.109919375524404,0.869431015654662,32,NA,NA,NA
"control","ESP_COL",-0.0162779130137899,0.921903255529373,24,NA,NA,NA
"control","ESP_CPV",-0.0957158418618694,0.424136119160596,32,NA,NA,NA
"control","ESP_CRI",-0.0349854106150523,1.32648295332335,24,NA,NA,NA
"control","ESP_CUB",-0.160269640352313,0.612306914679563,32,NA,NA,NA
"control","ESP_DMA",-0.284810993038123,0.658046256391306,19,NA,NA,NA
"control","ESP_DOM",-0.299344521849777,0.894600066325641,19,NA,NA,NA
"control","ESP_ECU",-0.171452677710247,0.859071014390695,28,NA,NA,NA
"control","ESP_FJI",0.14272834038019,0.520819098009209,20,NA,NA,NA
"control","ESP_GAB",-0.153026727201474,1.43211784233,32,NA,NA,NA
"control","ESP_GLP",-0.356422031061153,0.376399476674069,9,NA,NA,NA
"control","ESP_GMB",-0.0107805235541266,1.20465479502997,32,NA,NA,NA
"control","ESP_GNB",-0.0126976242789285,1.0311279710931,32,NA,NA,NA
"control","ESP_GNQ",-0.304229110499983,1.10132403912622,32,NA,NA,NA
"control","ESP_GRD",-0.130781534180542,1.08416509573833,19,NA,NA,NA
"control","ESP_GTM",-0.181667722531616,2.02432353321761,24,NA,NA,NA
"control","ESP_GUF",-0.130182893981886,1.50027099103499,9,NA,NA,NA
"control","ESP_HND",-0.387932725315956,0.790564095094409,24,NA,NA,NA
"control","ESP_HTI",-0.215808393880078,1.09825277166645,30,NA,NA,NA
"control","ESP_IDN",-0.203809702964112,1.43863223740599,32,NA,NA,NA
"control","ESP_IND",0.0435868627370623,1.50548365578729,32,NA,NA,NA
"control","ESP_IRN",-0.248389093025459,1.53561946530019,32,NA,NA,NA
"control","ESP_JAM",0.0750164849680347,0.728392438461347,19,NA,NA,NA
"control","ESP_JOR",0.393489257683057,1.04407732489304,13,NA,NA,NA
"control","ESP_JPN",-0.0815594098361155,1.28393696555697,30,NA,NA,NA
"control","ESP_KEN",-0.0334039507691376,0.965167323525442,32,NA,NA,NA
"control","ESP_KNA",-0.159908135112879,0.767282288802165,19,NA,NA,NA
"control","ESP_KOR",-0.0403982369575725,0.786116771354063,22,NA,NA,NA
"control","ESP_KWT",-0.0394537822770791,1.15119706006226,32,NA,NA,NA
"control","ESP_LBR",-0.00780623702027916,0.959239616319571,32,NA,NA,NA
"control","ESP_LBY",0.0213632894153674,1.12963361889535,32,NA,NA,NA
"control","ESP_LKA",-0.0292807577420508,0.836043174120343,32,NA,NA,NA
"control","ESP_MEX",-0.137409652938192,0.97884856030446,11,NA,NA,NA
"control","ESP_MOZ",-0.061638529791543,0.826772693433286,27,NA,NA,NA
"control","ESP_MRT",-0.290951281601033,0.895414096317419,32,NA,NA,NA
"control","ESP_MTQ",-0.0238611766074596,0.852303984054886,9,NA,NA,NA
"control","ESP_MUS",0.18158497909017,0.917247706103339,23,NA,NA,NA
"control","ESP_MYS",-0.311012546381174,0.813257526489817,32,NA,NA,NA
"control","ESP_NIC",0.223049356850853,0.71586124699635,24,NA,NA,NA
"control","ESP_NZL",0.103185136055098,0.748869917105424,32,NA,NA,NA
"control","ESP_OMN",0.177133745757053,0.889203537504851,32,NA,NA,NA
"control","ESP_PAK",-0.0704202573697697,0.645359934875888,32,NA,NA,NA
"control","ESP_PAN",0.162579641354783,1.24980297961368,24,NA,NA,NA
"control","ESP_PER",-0.0854496413224381,1.04167786870067,24,NA,NA,NA
"control","ESP_PHL",0.000806837447968538,0.689369868635951,32,NA,NA,NA
"control","ESP_PRK",-0.231810565151603,1.20294737094023,32,NA,NA,NA
"control","ESP_QAT",0.0454612483568489,0.984380405934905,32,NA,NA,NA
"control","ESP_REU",0.129713583842555,1.07147794028095,9,NA,NA,NA
"control","ESP_SAU",0.0708060343555392,1.34872116090623,32,NA,NA,NA
"control","ESP_SEN",-0.307082668184988,0.848712518388905,32,NA,NA,NA
"control","ESP_SGP",-0.142620494446476,0.655999479212919,30,NA,NA,NA
"control","ESP_SLE",0.0871174751046295,0.610584368727771,32,NA,NA,NA
"control","ESP_SLV",0.0927943621477572,0.854031423996413,24,NA,NA,NA
"control","ESP_STP",-0.0970344684695403,0.888529478182531,32,NA,NA,NA
"control","ESP_TGO",-0.170117107045081,1.34106209598795,32,NA,NA,NA
"control","ESP_THA",0.477670549712198,1.49490466990376,32,NA,NA,NA
"control","ESP_TTO",-0.351458944567847,1.16619555469966,19,NA,NA,NA
"control","ESP_TWN",0.292111048142069,1.34768656468425,32,NA,NA,NA
"control","ESP_TZA",0.0464160544402764,0.850464058687307,32,NA,NA,NA
"control","ESP_URY",-0.275807181520536,0.793807991716044,32,NA,NA,NA
"control","ESP_USA",0.139170518732187,1.25774241141226,32,NA,NA,NA
"control","ESP_VEN",-0.180383540314105,0.76258960868584,32,NA,NA,NA
"control","ESP_ZAF",-0.174976551246318,1.13819075434782,10,NA,NA,NA
"control","FIN_AFG",-0.191971324541762,0.894501981645145,31,NA,NA,NA
"control","FIN_AGO",-0.207139647820333,0.875267389446295,32,NA,NA,NA
"control","FIN_ALB",0.169794990327665,0.949553407289217,17,NA,NA,NA
"control","FIN_ARE",-0.147764366710239,1.22048032173125,32,NA,NA,NA
"control","FIN_ARG",-0.106990487213228,0.899862046679763,32,NA,NA,NA
"control","FIN_ATG",0.261411541103845,0.543932908357121,19,NA,NA,NA
"control","FIN_AUS",-0.207250257469789,1.10705445942615,32,NA,NA,NA
"control","FIN_BEN",-0.156690675020019,0.948480417140036,32,NA,NA,NA
"control","FIN_BFA",0.349575231114289,1.08556195046891,32,NA,NA,NA
"control","FIN_BGD",0.23281649042459,1.14411940586092,32,NA,NA,NA
"control","FIN_BHR",-0.0977276412382301,0.805950068890977,32,NA,NA,NA
"control","FIN_BHS",-0.366232716158603,0.931765957582465,19,NA,NA,NA
"control","FIN_BLZ",-0.365046113825205,1.0526514358166,19,NA,NA,NA
"control","FIN_BOL",0.119795857850462,1.11826750242742,32,NA,NA,NA
"control","FIN_BRA",0.147317301301249,0.782965138163083,32,NA,NA,NA
"control","FIN_BRB",-0.120148911566671,0.895133863205594,19,NA,NA,NA
"control","FIN_BRN",0.0688091787337718,0.954002411435466,32,NA,NA,NA
"control","FIN_BTN",0.000333303421352181,1.27563396383631,28,NA,NA,NA
"control","FIN_CAF",-0.339383492370543,0.708373826799411,31,NA,NA,NA
"control","FIN_CAN",0.291803130569096,1.23758266562996,28,NA,NA,NA
"control","FIN_CHL",0.361038516474688,1.21702408844598,14,NA,NA,NA
"control","FIN_CHN",0.10867568086427,1.23479779961292,32,NA,NA,NA
"control","FIN_CIV",0.249396925146019,1.04433517570263,27,NA,NA,NA
"control","FIN_CMR",0.0204538022476733,0.637548321017351,25,NA,NA,NA
"control","FIN_COD",-0.204858374353618,1.43792072364135,32,NA,NA,NA
"control","FIN_COG",-0.17191220494803,1.46142747887249,32,NA,NA,NA
"control","FIN_COL",-0.0949033490113699,0.851872671400059,24,NA,NA,NA
"control","FIN_COM",0.168796622993371,1.30744260696007,27,NA,NA,NA
"control","FIN_CPV",-0.0463127923018532,1.21434357282487,31,NA,NA,NA
"control","FIN_CRI",0.130423099964866,1.52946615536222,24,NA,NA,NA
"control","FIN_CUB",-0.0936820119946617,0.788521563503799,32,NA,NA,NA
"control","FIN_CXR",0.0579238214213952,0.906999632254089,9,NA,NA,NA
"control","FIN_DJI",-0.0634853745625558,1.34009946326258,32,NA,NA,NA
"control","FIN_DMA",-0.266474798345113,1.95921624084343,19,NA,NA,NA
"control","FIN_DOM",-0.0199844584464944,1.27980268713789,19,NA,NA,NA
"control","FIN_ECU",0.0754052885620483,0.908491322026561,28,NA,NA,NA
"control","FIN_FJI",-0.117356189310463,0.772787658090236,20,NA,NA,NA
"control","FIN_GAB",0.125607123012392,1.44645525394418,32,NA,NA,NA
"control","FIN_GHA",0.0540611771118592,0.458214857229154,27,NA,NA,NA
"control","FIN_GIB",-0.144625527546339,0.737433579756713,32,NA,NA,NA
"control","FIN_GIN",-0.0602483442351498,0.913232771786806,32,NA,NA,NA
"control","FIN_GMB",-0.166917828124391,0.929156182622166,32,NA,NA,NA
"control","FIN_GNB",0.16129743327118,1.18288628501056,26,NA,NA,NA
"control","FIN_GNQ",0.0404789121104706,1.25262861371523,24,NA,NA,NA
"control","FIN_GRD",0.115622674835067,0.48303414620605,18,NA,NA,NA
"control","FIN_GTM",-0.0739880638986916,0.773747196662911,24,NA,NA,NA
"control","FIN_GUY",-0.059766444800304,1.35336005178418,19,NA,NA,NA
"control","FIN_HND",-0.301480115569696,1.13104049215743,24,NA,NA,NA
"control","FIN_HTI",0.0578185458653837,1.12608263542089,32,NA,NA,NA
"control","FIN_IDN",-0.144619694325178,0.779961314593809,32,NA,NA,NA
"control","FIN_IND",-0.132465800841548,0.647730445900729,32,NA,NA,NA
"control","FIN_IRN",-0.0498236577331823,0.896036763871723,32,NA,NA,NA
"control","FIN_IRQ",0.0591542865750119,0.807106169889165,32,NA,NA,NA
"control","FIN_JAM",-0.00609039839396741,0.964882754669409,19,NA,NA,NA
"control","FIN_JOR",0.0494985535446177,0.527311306941495,13,NA,NA,NA
"control","FIN_JPN",-0.00241917344763332,0.958791674804041,30,NA,NA,NA
"control","FIN_KEN",-0.115907669541016,1.07185076564025,32,NA,NA,NA
"control","FIN_KNA",-0.59724745529174,1.43186107977708,17,NA,NA,NA
"control","FIN_KOR",-0.0385094976316727,0.708494372668166,22,NA,NA,NA
"control","FIN_KWT",-0.137855108681094,1.49526899939158,32,NA,NA,NA
"control","FIN_LAO",-0.0874908340288244,0.928306786375739,32,NA,NA,NA
"control","FIN_LBR",0.0941824525518008,1.09300837372903,32,NA,NA,NA
"control","FIN_LBY",0.139833327311679,0.931457394910469,32,NA,NA,NA
"control","FIN_LCA",-0.0437880110270976,1.13584649341711,19,NA,NA,NA
"control","FIN_LKA",-0.0311013195903436,0.696096826013474,32,NA,NA,NA
"control","FIN_MDG",0.533439693610796,1.14479086324388,23,NA,NA,NA
"control","FIN_MDV",-0.251526996476117,1.11637819016299,32,NA,NA,NA
"control","FIN_MEX",-0.0683216009152373,1.0550242854521,11,NA,NA,NA
"control","FIN_MLI",0.00410077529874237,1.44483269113009,32,NA,NA,NA
"control","FIN_MMR",-0.0100041175765388,1.02655764880681,32,NA,NA,NA
"control","FIN_MNG",0.137018987356603,1.4289915240963,32,NA,NA,NA
"control","FIN_MOZ",-0.350650823114302,1.29191517748599,27,NA,NA,NA
"control","FIN_MRT",0.126357880625508,1.35138368788529,32,NA,NA,NA
"control","FIN_MUS",-0.240191141356075,1.07135731423344,23,NA,NA,NA
"control","FIN_MWI",0.136980101821542,1.08156577640073,32,NA,NA,NA
"control","FIN_MYS",-0.17411191298501,1.22093306387168,32,NA,NA,NA
"control","FIN_NGA",0.0685058863330032,0.990378989219099,32,NA,NA,NA
"control","FIN_NIC",0.0514005660658097,2.03651366407309,24,NA,NA,NA
"control","FIN_NPL",0.0198218496654631,1.02977798056788,32,NA,NA,NA
"control","FIN_NZL",0.269575347662624,1.04689742369912,32,NA,NA,NA
"control","FIN_OMN",-0.00103819595641144,1.01087303465125,32,NA,NA,NA
"control","FIN_PAK",-0.132996575771315,1.14723806997754,32,NA,NA,NA
"control","FIN_PAN",0.237665302598055,0.573930154820423,24,NA,NA,NA
"control","FIN_PER",0.179190293489495,0.998349228463879,24,NA,NA,NA
"control","FIN_PHL",0.143483492215021,0.823368601797212,32,NA,NA,NA
"control","FIN_PNG",0.176734555656086,1.30196782970169,20,NA,NA,NA
"control","FIN_PRK",-0.16754835787913,1.07513742432611,31,NA,NA,NA
"control","FIN_PRY",-0.200114621395084,1.34007156479246,32,NA,NA,NA
"control","FIN_QAT",0.0692990943532887,1.05879499987511,32,NA,NA,NA
"control","FIN_REU",0.370449772170916,1.43317711640239,8,NA,NA,NA
"control","FIN_RWA",0.20625078329531,0.626000629372563,32,NA,NA,NA
"control","FIN_SAU",-0.280079917757087,1.2755111228913,32,NA,NA,NA
"control","FIN_SDN",-0.173971262888046,1.07592936108064,32,NA,NA,NA
"control","FIN_SEN",-0.227702934805729,0.91502917941899,32,NA,NA,NA
"control","FIN_SGP",0.158766300955929,0.967190784430057,30,NA,NA,NA
"control","FIN_SLB",-0.0210625884606172,0.980371605343068,26,NA,NA,NA
"control","FIN_SLE",0.427599827660371,1.06418629448426,32,NA,NA,NA
"control","FIN_SLV",-0.313000620661538,0.916842145000599,24,NA,NA,NA
"control","FIN_SOM",0.04489612961896,1.25851126612572,30,NA,NA,NA
"control","FIN_SUR",-0.0144256616107715,1.10708188305585,19,NA,NA,NA
"control","FIN_SYC",-0.435944472160927,1.88245175931168,23,NA,NA,NA
"control","FIN_TCD",0.177748451439333,1.25885861702735,31,NA,NA,NA
"control","FIN_TGO",-0.102018181170214,0.991502682785899,32,NA,NA,NA
"control","FIN_THA",0.0146433852238967,0.59919935303036,32,NA,NA,NA
"control","FIN_TON",0.0688990727022829,1.8899063482635,22,NA,NA,NA
"control","FIN_TTO",-0.0551498609781315,0.841132834691773,19,NA,NA,NA
"control","FIN_TWN",0.277394075614933,0.736437076610141,32,NA,NA,NA
"control","FIN_TZA",0.373957258408431,0.8767667208975,32,NA,NA,NA
"control","FIN_UGA",0.110322497791912,1.43921462715989,32,NA,NA,NA
"control","FIN_URY",-0.109562444447209,0.807633668548559,32,NA,NA,NA
"control","FIN_USA",0.0781092640583458,1.16376968485707,32,NA,NA,NA
"control","FIN_VCT",0.0558276392068222,0.623774186328316,18,NA,NA,NA
"control","FIN_VEN",-0.075678585155778,0.755344096259016,32,NA,NA,NA
"control","FIN_VNM",0.407002342607977,0.795045783677218,32,NA,NA,NA
"control","FIN_VUT",0.0653558641357507,0.945424555013282,30,NA,NA,NA
"control","FIN_WSM",-0.357058967890724,1.25824267219089,21,NA,NA,NA
"control","FIN_YEM",0.0482202307350017,1.1866707582652,31,NA,NA,NA
"control","FIN_ZMB",0.0575089589971049,1.09424559801163,32,NA,NA,NA
"control","FIN_ZWE",-0.0623424628897601,0.806595917320757,23,NA,NA,NA
"control","FJI_CAN",0.109765698587204,0.568589257495457,32,NA,NA,NA
"control","FJI_DEU",-0.0165608565607959,0.818492272121899,20,NA,NA,NA
"control","FJI_ESP",0.0849134595829096,1.09228714288416,18,NA,NA,NA
"control","FJI_FRA",-0.197434290919676,0.846283657212366,18,NA,NA,NA
"control","FJI_GBR",-0.265627800896688,1.26572415068256,20,NA,NA,NA
"control","FJI_IRL",-0.121590272558531,0.974165104678286,17,NA,NA,NA
"control","FJI_ISL",-0.315617705622772,0.612363726744374,13,NA,NA,NA
"control","FJI_ITA",0.101817175779505,0.911281343667751,19,NA,NA,NA
"control","FJI_JPN",0.118093531885495,0.88120484978423,32,NA,NA,NA
"control","FJI_KOR",-0.138834552135271,1.15810662468417,32,NA,NA,NA
"control","FJI_MYS",0.09172548217385,1.14572060649921,32,NA,NA,NA
"control","FJI_NLD",-0.15672101592697,1.07115126621706,20,NA,NA,NA
"control","FJI_PYF",0.405697856936046,1.20560565910959,29,NA,NA,NA
"control","FJI_SAU",0.111822341765672,1.17580263293728,30,NA,NA,NA
"control","FJI_SGP",0.0155813258564624,0.497966716973923,32,NA,NA,NA
"control","FJI_THA",-0.0642669348183968,0.824899130884745,29,NA,NA,NA
"control","FJI_TWN",0.298981323178841,0.875183572372253,31,NA,NA,NA
"control","FJI_USA",-0.208500452733744,0.919604009665507,32,NA,NA,NA
"control","FLK_CHE",-0.00134442795652672,1.10090332188477,21,NA,NA,NA
"control","FLK_ISL",-0.455729720902438,1.10788479883255,15,NA,NA,NA
"control","FLK_JPN",-0.14173697836407,0.974031650009752,32,NA,NA,NA
"control","FLK_KOR",-0.185284592243546,1.54721877106168,26,NA,NA,NA
"control","FRA_AGO",-0.172856554798918,1.23953869633034,32,NA,NA,NA
"control","FRA_ALB",0.0656167879172346,0.651760245307544,17,NA,NA,NA
"control","FRA_ARE",-0.0874652269175581,0.949766262118865,32,NA,NA,NA
"control","FRA_ARG",-0.154386780900961,0.863064011276542,32,NA,NA,NA
"control","FRA_AUS",-0.109011276895269,0.605746981286251,32,NA,NA,NA
"control","FRA_BDI",0.143628855035713,1.40388077231997,32,NA,NA,NA
"control","FRA_BEN",0.0415530051078183,0.811933782742026,32,NA,NA,NA
"control","FRA_BFA",0.396822061624101,1.00431514385157,32,NA,NA,NA
"control","FRA_BGD",-0.0290108818134125,1.35349517126087,32,NA,NA,NA
"control","FRA_BHR",-0.0227668146159842,1.19657234004612,32,NA,NA,NA
"control","FRA_BOL",0.119707841676134,1.1946597462099,32,NA,NA,NA
"control","FRA_BRA",0.117337320659453,1.13164373710429,32,NA,NA,NA
"control","FRA_BRB",0.100714462042917,1.34893566432698,19,NA,NA,NA
"control","FRA_BRN",0.388066906713153,0.890925555054093,29,NA,NA,NA
"control","FRA_CAF",0.303412706754887,1.1551626259411,32,NA,NA,NA
"control","FRA_CAN",0.0590598695220895,0.758716233911665,28,NA,NA,NA
"control","FRA_CHL",0.481873004082115,1.46468764297537,14,NA,NA,NA
"control","FRA_CHN",0.155445504765983,1.48356122861251,32,NA,NA,NA
"control","FRA_CIV",-0.19265196174783,0.853762747048786,27,NA,NA,NA
"control","FRA_CMR",-0.105801154067122,0.965744566151784,25,NA,NA,NA
"control","FRA_COD",-0.140440116417148,1.10560107470397,32,NA,NA,NA
"control","FRA_COG",-0.0586031812785625,0.716171178861423,32,NA,NA,NA
"control","FRA_COL",-0.207804616118824,0.871864028766097,24,NA,NA,NA
"control","FRA_COM",0.276148256587006,1.10465406801903,32,NA,NA,NA
"control","FRA_CPV",-0.00523262030558712,1.16466422329923,32,NA,NA,NA
"control","FRA_CRI",0.247649832921551,1.73463381994901,24,NA,NA,NA
"control","FRA_CUB",0.163270370475948,1.05499685907644,32,NA,NA,NA
"control","FRA_DJI",0.046051135140466,0.929485090931594,32,NA,NA,NA
"control","FRA_DMA",0.145784269822832,1.06935448197682,16,NA,NA,NA
"control","FRA_DOM",-0.181184771678506,0.922283461868264,19,NA,NA,NA
"control","FRA_ECU",0.283707627724947,0.742092203184695,28,NA,NA,NA
"control","FRA_FJI",0.144959807286656,1.43929136260014,18,NA,NA,NA
"control","FRA_GAB",0.025988302381445,1.09827223708133,32,NA,NA,NA
"control","FRA_GHA",0.33314266834519,1.11273757934151,27,NA,NA,NA
"control","FRA_GIN",0.0290815201784947,0.877591122408971,32,NA,NA,NA
"control","FRA_GLP",0.126236382052825,0.663314392045379,9,NA,NA,NA
"control","FRA_GMB",-0.151292481099585,0.724313937571202,31,NA,NA,NA
"control","FRA_GNB",0.188203853711855,0.893894521427188,32,NA,NA,NA
"control","FRA_GNQ",-0.0734024381778281,0.712100281343086,32,NA,NA,NA
"control","FRA_GRD",0.260122470875854,1.06657174102487,18,NA,NA,NA
"control","FRA_GTM",0.198788667952185,0.879445763475395,24,NA,NA,NA
"control","FRA_GUF",0.176635071978408,1.02348947088971,9,NA,NA,NA
"control","FRA_HND",0.164214844824816,0.601622590745501,24,NA,NA,NA
"control","FRA_HTI",-0.507514155395659,1.00864950846776,32,NA,NA,NA
"control","FRA_IDN",-0.221701278990111,0.983281002662066,32,NA,NA,NA
"control","FRA_IND",-0.124635869552837,0.974290292828429,32,NA,NA,NA
"control","FRA_IRN",0.141914695173344,1.07712264478711,32,NA,NA,NA
"control","FRA_IRQ",0.0871823484416455,0.987424642785521,31,NA,NA,NA
"control","FRA_JAM",0.407745453950249,0.921864407073177,18,NA,NA,NA
"control","FRA_JOR",0.338800417220723,0.698467401464238,13,NA,NA,NA
"control","FRA_JPN",-0.00216099887831812,0.897065333825424,30,NA,NA,NA
"control","FRA_KEN",-0.370204445851891,1.19786556546066,32,NA,NA,NA
"control","FRA_KHM",-0.196179350002536,0.731165887987301,30,NA,NA,NA
"control","FRA_KNA",0.0771053338756785,1.00779459207055,17,NA,NA,NA
"control","FRA_KOR",0.0945188471610763,1.37045272016597,22,NA,NA,NA
"control","FRA_KWT",-0.0577525192295161,0.931994779209882,32,NA,NA,NA
"control","FRA_LBR",-0.0114131507248114,1.0242669926912,30,NA,NA,NA
"control","FRA_LBY",0.282059030947159,1.1146052673046,32,NA,NA,NA
"control","FRA_LKA",0.220237490686395,1.7549784240539,32,NA,NA,NA
"control","FRA_LSO",0.200351830102964,1.43492068175626,24,NA,NA,NA
"control","FRA_MDG",0.20355821076052,0.713648644882799,23,NA,NA,NA
"control","FRA_MEX",0.404015297025345,1.54144120320537,11,NA,NA,NA
"control","FRA_MLI",-0.358147488698876,0.929367383533698,32,NA,NA,NA
"control","FRA_MMR",-0.412355290457743,1.02131563537151,32,NA,NA,NA
"control","FRA_MOZ",0.175100895909165,0.757967527803476,27,NA,NA,NA
"control","FRA_MRT",0.00126626803575407,1.03055161493705,32,NA,NA,NA
"control","FRA_MTQ",0.201033770011782,1.02254038063981,9,NA,NA,NA
"control","FRA_MUS",0.0441502212926483,1.3817352365815,23,NA,NA,NA
"control","FRA_MWI",0.0822741900950222,1.16685370617316,32,NA,NA,NA
"control","FRA_MYS",0.0142387668876786,1.28339470924293,32,NA,NA,NA
"control","FRA_NER",0.222753201841661,1.36556048063638,32,NA,NA,NA
"control","FRA_NGA",0.0800107836395016,0.909481313931528,32,NA,NA,NA
"control","FRA_NIC",0.128714126812563,0.883404511456352,24,NA,NA,NA
"control","FRA_NPL",0.0985585985736768,0.6046601797917,30,NA,NA,NA
"control","FRA_NZL",0.155417417709586,0.977146534561469,32,NA,NA,NA
"control","FRA_OMN",0.119748734530897,0.59921146035866,32,NA,NA,NA
"control","FRA_PAK",0.125759495446613,1.25590927071458,32,NA,NA,NA
"control","FRA_PAN",0.0149953734755165,0.959118444127179,24,NA,NA,NA
"control","FRA_PER",0.126796283981338,0.919592673113334,24,NA,NA,NA
"control","FRA_PHL",0.120115764607143,0.607319701723326,32,NA,NA,NA
"control","FRA_PNG",0.0256663069106747,0.961750769196248,19,NA,NA,NA
"control","FRA_PRK",0.274463130589287,0.894956650120221,29,NA,NA,NA
"control","FRA_PRY",0.116164795049679,1.13594249333178,32,NA,NA,NA
"control","FRA_QAT",0.443505288480333,1.28246734013773,32,NA,NA,NA
"control","FRA_REU",-0.571791082142977,0.55627322306971,9,NA,NA,NA
"control","FRA_RWA",-0.166709650301396,1.02545683566498,32,NA,NA,NA
"control","FRA_SAU",-0.201541703169006,1.01630687986783,32,NA,NA,NA
"control","FRA_SDN",0.133418035026667,0.471071140831212,32,NA,NA,NA
"control","FRA_SEN",0.064470072258865,0.721189351768688,32,NA,NA,NA
"control","FRA_SGP",-0.185304334159811,0.646890641783388,30,NA,NA,NA
"control","FRA_SLE",-0.0721270602727144,0.85703124754489,32,NA,NA,NA
"control","FRA_SLV",-0.0308338404852053,0.819749726090172,22,NA,NA,NA
"control","FRA_SOM",-0.161394756561991,0.56454160117858,31,NA,NA,NA
"control","FRA_STP",-0.052711942189603,0.998099485400555,30,NA,NA,NA
"control","FRA_SUR",0.389270403968909,0.83805465441666,16,NA,NA,NA
"control","FRA_SYC",0.124964645050664,0.783071417186756,23,NA,NA,NA
"control","FRA_TCD",0.0856942294324261,1.47327282709938,32,NA,NA,NA
"control","FRA_TGO",0.0235421476447543,0.789238172642052,32,NA,NA,NA
"control","FRA_THA",-0.372872074621388,0.764643319920974,32,NA,NA,NA
"control","FRA_TTO",-0.141513180853105,0.661362503076086,19,NA,NA,NA
"control","FRA_TWN",0.0636970560239489,1.19616562044379,32,NA,NA,NA
"control","FRA_TZA",0.0726148908753358,0.864346640150809,32,NA,NA,NA
"control","FRA_UGA",0.207566853285407,0.506265576671718,32,NA,NA,NA
"control","FRA_URY",-0.0508616097611794,1.04305732224744,32,NA,NA,NA
"control","FRA_USA",0.0906074049451965,1.15335995355297,32,NA,NA,NA
"control","FRA_VEN",0.173076349676969,0.769120643960081,32,NA,NA,NA
"control","FRA_VNM",0.244853082166596,0.995405207848526,31,NA,NA,NA
"control","FRA_VUT",-0.103031823577432,0.700924575805107,28,NA,NA,NA
"control","FRA_ZAF",-0.149486002554196,1.28948912331989,11,NA,NA,NA
"control","FRA_ZMB",-0.141285228871523,0.938028746558054,30,NA,NA,NA
"control","FRA_ZWE",0.360858995086525,1.48073468526046,23,NA,NA,NA
"control","FRO_USA",-0.278747658489318,1.32607040775501,31,NA,NA,NA
"control","GAB_AUS",-0.0912045604622334,1.45954152706099,27,NA,NA,NA
"control","GAB_AUT",-0.0631877513111493,0.838184689598987,32,NA,NA,NA
"control","GAB_CAN",0.298397941869734,0.918906177540752,32,NA,NA,NA
"control","GAB_CHE",0.0553976091585776,0.782326404128135,32,NA,NA,NA
"control","GAB_DEU",-0.19332681315048,1.14613816166619,32,NA,NA,NA
"control","GAB_ESP",0.134558590666047,0.668097719671155,32,NA,NA,NA
"control","GAB_FIN",0.0170979622656581,0.761250585636295,27,NA,NA,NA
"control","GAB_FRA",0.0707132137798281,1.00409218745264,32,NA,NA,NA
"control","GAB_GRC",0.000876380784311624,1.28166138098587,31,NA,NA,NA
"control","GAB_IND",-0.336891017643029,1.05769669050873,32,NA,NA,NA
"control","GAB_JPN",0.472270656347832,0.758812667182475,32,NA,NA,NA
"control","GAB_KOR",-0.0356122098525388,1.2437625484179,32,NA,NA,NA
"control","GAB_NLD",0.238332844938613,0.891789929631581,32,NA,NA,NA
"control","GAB_PRT",-0.023308784367738,0.965284179774405,32,NA,NA,NA
"control","GAB_SWE",-0.0556953220514439,1.39610155735277,32,NA,NA,NA
"control","GAB_THA",-0.0760479749582235,0.773056492663263,32,NA,NA,NA
"control","GAB_TUR",-0.319717325203283,0.852771922283567,32,NA,NA,NA
"control","GBR_AFG",-0.107073072830129,0.947076903431269,31,NA,NA,NA
"control","GBR_AGO",0.0521584456226344,0.799237126470295,32,NA,NA,NA
"control","GBR_ALB",-0.364811838438423,0.801859123744066,17,NA,NA,NA
"control","GBR_ARE",-0.0520041968990136,1.17128099011989,32,NA,NA,NA
"control","GBR_ARG",-0.189546587913469,0.690418661667464,32,NA,NA,NA
"control","GBR_ATG",0.144401800026744,0.581383498020787,19,NA,NA,NA
"control","GBR_AUS",0.403673868041202,1.18696078901324,32,NA,NA,NA
"control","GBR_BFA",-0.00220446249271487,1.09271858699166,31,NA,NA,NA
"control","GBR_BGD",-0.115663000242522,1.0409377092091,32,NA,NA,NA
"control","GBR_BHR",-0.250892466768215,0.754383746568869,32,NA,NA,NA
"control","GBR_BHS",-0.216959862105658,1.05101350204226,19,NA,NA,NA
"control","GBR_BLZ",-0.0322916948392156,0.79529295481806,19,NA,NA,NA
"control","GBR_BOL",0.170093883624256,1.13935597324839,32,NA,NA,NA
"control","GBR_BRA",0.260546189652629,0.613815829379503,32,NA,NA,NA
"control","GBR_BRB",0.154899007028553,0.779422477544521,19,NA,NA,NA
"control","GBR_BRN",0.0182123584260677,1.12225377196116,32,NA,NA,NA
"control","GBR_BTN",0.0835112662346588,0.635761421377871,28,NA,NA,NA
"control","GBR_BWA",-0.039877100727223,0.674615750860867,24,NA,NA,NA
"control","GBR_CAN",0.251543652383069,1.11153806157059,28,NA,NA,NA
"control","GBR_CHL",0.0659921017988839,1.17740764721256,14,NA,NA,NA
"control","GBR_CHN",-0.132019769121235,0.991866843094269,32,NA,NA,NA
"control","GBR_CIV",0.387314286002637,0.918778179651518,27,NA,NA,NA
"control","GBR_CMR",0.146960171655667,0.409895147163184,25,NA,NA,NA
"control","GBR_COD",-0.118430914475244,1.14686022824816,31,NA,NA,NA
"control","GBR_COG",-0.0154940371065989,0.861372784566511,32,NA,NA,NA
"control","GBR_COL",0.302208900021159,1.09852359349702,24,NA,NA,NA
"control","GBR_CPV",0.00403743218693012,1.24910745312914,32,NA,NA,NA
"control","GBR_CRI",-0.0284961946095428,1.19256530269692,24,NA,NA,NA
"control","GBR_CUB",0.117597752354064,0.541313777514002,32,NA,NA,NA
"control","GBR_DJI",-0.0608101218819109,0.81511127773707,31,NA,NA,NA
"control","GBR_DMA",0.01597782156736,0.60897645080197,19,NA,NA,NA
"control","GBR_DOM",-0.0857452813582963,0.906440750660887,17,NA,NA,NA
"control","GBR_ECU",-0.366065602182738,1.21675833527303,28,NA,NA,NA
"control","GBR_FJI",0.435213286591491,0.572147370360068,20,NA,NA,NA
"control","GBR_GAB",-0.151119685931242,0.997078833661869,32,NA,NA,NA
"control","GBR_GHA",0.0037828167367424,1.43015387046394,27,NA,NA,NA
"control","GBR_GIN",-0.269748926231413,1.44445327466641,31,NA,NA,NA
"control","GBR_GLP",-0.1021762030177,1.25459175187995,8,NA,NA,NA
"control","GBR_GMB",0.298250445513998,1.1244815214416,32,NA,NA,NA
"control","GBR_GRD",0.283348172331402,0.932116851782897,19,NA,NA,NA
"control","GBR_GTM",-0.215989800806312,0.651995543948408,24,NA,NA,NA
"control","GBR_GUF",0.188484048973466,0.847875327001371,8,NA,NA,NA
"control","GBR_GUY",-0.215543620521709,1.39114883572215,19,NA,NA,NA
"control","GBR_HND",-0.0817873626385487,1.12187569736756,24,NA,NA,NA
"control","GBR_HTI",0.0644697704731289,0.614826607050106,29,NA,NA,NA
"control","GBR_IDN",0.264711859971711,0.857912684970495,32,NA,NA,NA
"control","GBR_IND",0.171405107466994,0.634617895863846,32,NA,NA,NA
"control","GBR_IRN",0.231205266493856,0.834236336878277,32,NA,NA,NA
"control","GBR_IRQ",-0.290602219957826,0.856094769023292,31,NA,NA,NA
"control","GBR_JAM",-0.201536180049905,1.06858022807714,19,NA,NA,NA
"control","GBR_JOR",-0.178457920053427,0.86943493024994,13,NA,NA,NA
"control","GBR_JPN",-0.302623684340755,1.40960557238413,30,NA,NA,NA
"control","GBR_KEN",0.149960494701682,1.1392404190408,32,NA,NA,NA
"control","GBR_KNA",-0.373612520069125,1.23892911714035,19,NA,NA,NA
"control","GBR_KOR",-0.200334628889438,0.991819800532743,22,NA,NA,NA
"control","GBR_KWT",-0.0326083550433266,1.2120870308762,32,NA,NA,NA
"control","GBR_LAO",-0.210428560832272,0.734452839574561,29,NA,NA,NA
"control","GBR_LBR",-0.0908339819407956,0.893733335013537,32,NA,NA,NA
"control","GBR_LBY",0.134239237101505,1.31533061988812,32,NA,NA,NA
"control","GBR_LCA",0.0564579810342582,1.33317803777314,19,NA,NA,NA
"control","GBR_LKA",-0.0557119788390661,1.00899083487134,32,NA,NA,NA
"control","GBR_MDG",-0.211136175226499,0.754271126771792,22,NA,NA,NA
"control","GBR_MEX",-0.0140545800339309,0.383664500274288,11,NA,NA,NA
"control","GBR_MLI",0.123204510061078,1.53118424850239,32,NA,NA,NA
"control","GBR_MMR",0.097318707672983,0.768169071396349,32,NA,NA,NA
"control","GBR_MOZ",0.48361577055614,1.75833537309753,25,NA,NA,NA
"control","GBR_MUS",0.257479456133977,0.676439193495011,23,NA,NA,NA
"control","GBR_MWI",0.0997227800651369,0.98982573736398,32,NA,NA,NA
"control","GBR_MYS",-0.0490232328592795,1.42739124544774,32,NA,NA,NA
"control","GBR_NER",0.00653061300491997,0.776951806048249,31,NA,NA,NA
"control","GBR_NGA",-0.22119226044027,1.00296737427346,32,NA,NA,NA
"control","GBR_NIC",-0.296353827418878,0.415828423505745,24,NA,NA,NA
"control","GBR_NPL",0.167419335998775,0.779871218836569,32,NA,NA,NA
"control","GBR_NRU",-0.0700884474608897,1.16213297156727,30,NA,NA,NA
"control","GBR_NZL",-0.0698949423710464,1.31964066423518,32,NA,NA,NA
"control","GBR_OMN",-0.214545372418729,0.892536009829182,32,NA,NA,NA
"control","GBR_PAK",-0.0418423215916615,0.75460505737725,32,NA,NA,NA
"control","GBR_PAN",0.104068159742964,0.863247116214685,24,NA,NA,NA
"control","GBR_PER",-0.0192383061628627,0.88013096022961,24,NA,NA,NA
"control","GBR_PHL",-0.325012735250618,1.13453605387907,32,NA,NA,NA
"control","GBR_PNG",0.195667190545148,1.32292500117383,18,NA,NA,NA
"control","GBR_PRK",-0.0902018406086971,1.3570935146698,31,NA,NA,NA
"control","GBR_PRY",0.122157560141947,1.43657864663417,32,NA,NA,NA
"control","GBR_QAT",0.0272756002278484,0.886934466807623,32,NA,NA,NA
"control","GBR_RWA",0.264126238721519,0.975095419320417,30,NA,NA,NA
"control","GBR_SAU",0.0837633941531024,1.63301542481083,32,NA,NA,NA
"control","GBR_SDN",0.164704445462707,0.929872441090596,32,NA,NA,NA
"control","GBR_SEN",0.199608603535361,1.24510358519859,32,NA,NA,NA
"control","GBR_SGP",-0.318175694240569,1.51486991962589,30,NA,NA,NA
"control","GBR_SLB",0.108760128171743,1.20017349870398,29,NA,NA,NA
"control","GBR_SLE",-0.215817433933713,0.63482776961649,32,NA,NA,NA
"control","GBR_SUR",-0.168586981225847,1.50592080353761,19,NA,NA,NA
"control","GBR_SWZ",-0.0312939148183792,0.785140062700468,24,NA,NA,NA
"control","GBR_SYC",-0.426413663493429,0.399696969575544,23,NA,NA,NA
"control","GBR_TCD",-0.0972402733709049,1.1043684062037,29,NA,NA,NA
"control","GBR_TGO",0.449178388213055,1.09862014419972,32,NA,NA,NA
"control","GBR_THA",-0.0394249231743991,0.917458287055741,32,NA,NA,NA
"control","GBR_TTO",-0.204937966579953,1.46543338893709,19,NA,NA,NA
"control","GBR_TWN",0.0374525125984915,0.851673787582519,32,NA,NA,NA
"control","GBR_TZA",-0.184497577097512,1.1741126192246,32,NA,NA,NA
"control","GBR_UGA",0.000161350764273215,0.635047012174491,32,NA,NA,NA
"control","GBR_URY",-0.373773898182927,1.12525246434658,32,NA,NA,NA
"control","GBR_USA",-0.0565083927415251,1.09614629854029,32,NA,NA,NA
"control","GBR_VCT",0.4370678759616,1.19807457942487,19,NA,NA,NA
"control","GBR_VEN",-0.0653518185696536,1.06830186561501,32,NA,NA,NA
"control","GBR_ZAF",0.266192722255219,0.732874066302745,11,NA,NA,NA
"control","GBR_ZMB",-0.151108735673619,1.35446848041408,32,NA,NA,NA
"control","GBR_ZWE",0.13957320284584,1.2366603880304,23,NA,NA,NA
"control","GHA_AUS",-0.003787087462073,0.69388043875303,32,NA,NA,NA
"control","GHA_AUT",-0.156092436670803,0.522386285623093,27,NA,NA,NA
"control","GHA_BGR",0.138840785254609,1.50552947491838,21,NA,NA,NA
"control","GHA_CAN",-0.273776454870155,1.17643147682646,32,NA,NA,NA
"control","GHA_CHE",0.209330338294003,0.865190125972318,32,NA,NA,NA
"control","GHA_CHN",-0.197616071720819,1.3988141492956,32,NA,NA,NA
"control","GHA_DEU",0.252071405611612,1.62388884768718,27,NA,NA,NA
"control","GHA_DNK",-0.309019901547449,1.0696233527323,27,NA,NA,NA
"control","GHA_ESP",0.12800836424399,1.14136498014312,27,NA,NA,NA
"control","GHA_FIN",0.307604352961424,0.977569462833869,27,NA,NA,NA
"control","GHA_FRA",0.100442483706631,0.89305113228656,27,NA,NA,NA
"control","GHA_GBR",0.10689306919745,1.37224423717764,27,NA,NA,NA
"control","GHA_GRC",0.0169608210704071,1.09432810711581,27,NA,NA,NA
"control","GHA_IRL",-0.309895807517234,0.869365160777823,27,NA,NA,NA
"control","GHA_ISL",-0.0315899971100508,1.40342548548051,32,NA,NA,NA
"control","GHA_ITA",0.0293415800576855,1.27692992376215,27,NA,NA,NA
"control","GHA_JPN",0.0201441865563219,1.03307377392755,32,NA,NA,NA
"control","GHA_NLD",-0.198261668393442,1.30129216087379,27,NA,NA,NA
"control","GHA_NOR",-0.11761397500231,0.757657941145936,32,NA,NA,NA
"control","GHA_NZL",-0.0941617257012371,1.03455751691285,32,NA,NA,NA
"control","GHA_PRT",-0.0074824159812101,1.13826116889679,27,NA,NA,NA
"control","GHA_SWE",-0.0690698226349557,0.698395634101615,27,NA,NA,NA
"control","GHA_TUR",-0.0606900794525683,0.820174679811245,32,NA,NA,NA
"control","GHA_TWN",0.00459124311669761,0.900523849425252,31,NA,NA,NA
"control","GHA_USA",-0.141261154310984,0.690391675257583,32,NA,NA,NA
"control","GIB_AUS",-0.232803570382445,1.39987224973589,24,NA,NA,NA
"control","GIB_CHE",-0.179841791412546,1.12222840946648,31,NA,NA,NA
"control","GIB_DEU",0.127711100211468,0.56130216579497,32,NA,NA,NA
"control","GIB_GRC",-0.0038951258832872,0.833243992202175,31,NA,NA,NA
"control","GIB_PRT",0.00242636119617668,0.926838014840363,32,NA,NA,NA
"control","GIN_AUS",0.114465848216957,1.4559268404014,26,NA,NA,NA
"control","GIN_AUT",-0.350717369428694,1.18343608185778,32,NA,NA,NA
"control","GIN_CAN",-0.214847653819776,0.644256230223439,32,NA,NA,NA
"control","GIN_CHE",0.0367675604054176,1.42900133029068,32,NA,NA,NA
"control","GIN_DEU",0.00694758151251599,0.652978233048064,32,NA,NA,NA
"control","GIN_DNK",-0.30808041691232,1.17191563527683,31,NA,NA,NA
"control","GIN_ESP",0.0468814171691272,0.93419546350223,32,NA,NA,NA
"control","GIN_FIN",-0.173935940047139,0.889837163438761,32,NA,NA,NA
"control","GIN_FRA",0.0359591740657168,0.975240615329338,32,NA,NA,NA
"control","GIN_GBR",-0.208567171946213,0.821495057721222,32,NA,NA,NA
"control","GIN_GRC",0.020312233963743,0.969726250225724,28,NA,NA,NA
"control","GIN_HUN",0.176141439739618,1.40201328611214,29,NA,NA,NA
"control","GIN_ISL",0.254527165229066,0.654360592380758,12,NA,NA,NA
"control","GIN_ITA",0.145203154935075,1.16642879134824,32,NA,NA,NA
"control","GIN_JPN",-0.250020879858793,0.799455223705875,32,NA,NA,NA
"control","GIN_NLD",0.0250464702082486,0.726582786145764,32,NA,NA,NA
"control","GIN_NOR",-0.388423918726655,0.853717519373255,28,NA,NA,NA
"control","GIN_PRT",-0.248637843263066,1.77578767456186,32,NA,NA,NA
"control","GIN_SWE",0.0754310070744834,0.903483743307867,31,NA,NA,NA
"control","GIN_TWN",-0.0180793314024565,1.05395326439372,32,NA,NA,NA
"control","GIN_USA",-0.502630137834261,1.30277315793519,32,NA,NA,NA
"control","GLP_CHE",0.130924107281112,0.779219718620959,12,NA,NA,NA
"control","GLP_DEU",0.304217711114506,0.926757724051386,9,NA,NA,NA
"control","GLP_ESP",-0.117728531241185,0.485456703392944,9,NA,NA,NA
"control","GLP_FRA",0.251694933970125,0.834210544697557,9,NA,NA,NA
"control","GLP_ITA",-0.157757644712396,1.90288672946481,8,NA,NA,NA
"control","GLP_JPN",0.313079337844219,1.18423048017859,8,NA,NA,NA
"control","GLP_NLD",-0.34546832350439,0.489506568236852,9,NA,NA,NA
"control","GLP_PRT",0.0892865513441493,0.598403762870604,8,NA,NA,NA
"control","GLP_USA",-0.374737507617383,0.921135794469342,10,NA,NA,NA
"control","GMB_AUT",0.106936799813336,1.3123198113663,30,NA,NA,NA
"control","GMB_CHE",0.267846139033983,0.493968099867302,31,NA,NA,NA
"control","GMB_DEU",0.320245597924326,0.98358497027497,32,NA,NA,NA
"control","GMB_GBR",-0.130094433450829,1.05067397132997,32,NA,NA,NA
"control","GMB_GRC",-0.16086134713499,1.02509326668207,21,NA,NA,NA
"control","GMB_ITA",-0.286638434899568,0.776641551496325,32,NA,NA,NA
"control","GMB_JPN",-0.0335427970695389,1.2917615141264,30,NA,NA,NA
"control","GMB_NLD",-0.0813934968748971,1.57282436120945,32,NA,NA,NA
"control","GMB_PRT",-0.0115451322240347,0.952905742297205,28,NA,NA,NA
"control","GMB_SGP",-0.163847567434661,0.493944181701863,16,NA,NA,NA
"control","GMB_SWE",0.206472595129072,1.17074497981723,32,NA,NA,NA
"control","GMB_THA",0.152750755743455,1.04615328736405,32,NA,NA,NA
"control","GNB_AUT",-0.167442310499798,0.928368510312485,16,NA,NA,NA
"control","GNB_CHE",-0.149119194227762,1.57642318950031,13,NA,NA,NA
"control","GNB_CHN",-0.283265928231114,1.15537067962073,23,NA,NA,NA
"control","GNB_DEU",-0.4039319522092,0.970992907125235,24,NA,NA,NA
"control","GNB_FRA",-0.0487160976372214,0.903568158311556,28,NA,NA,NA
"control","GNB_IND",0.0944758369495481,0.952208782433142,32,NA,NA,NA
"control","GNB_JPN",-0.253783921000086,1.15923015166744,21,NA,NA,NA
"control","GNB_NLD",-0.0369466081572303,0.549293777786277,27,NA,NA,NA
"control","GNB_PRT",-0.0650088895726033,0.934771109902053,32,NA,NA,NA
"control","GNB_SWE",-0.0817773169983101,2.22182401431617,18,NA,NA,NA
"control","GNQ_CHE",-0.555788491456823,0.959891464665351,25,NA,NA,NA
"control","GNQ_DEU",0.206223559905347,1.40752139494446,32,NA,NA,NA
"control","GNQ_EGY",0.264195216384907,1.12177157810627,10,NA,NA,NA
"control","GNQ_ESP",0.203191861641582,1.04741412161018,32,NA,NA,NA
"control","GNQ_FIN",-0.455156451167459,1.34333807772361,9,NA,NA,NA
"control","GNQ_FRA",-0.0515816591333748,0.822627862711073,32,NA,NA,NA
"control","GNQ_GRC",0.294647382512071,1.1809956900627,18,NA,NA,NA
"control","GNQ_ITA",0.147522717038746,0.785868741937833,31,NA,NA,NA
"control","GNQ_JPN",-0.232447637693921,0.5707692254924,29,NA,NA,NA
"control","GNQ_NLD",0.020932610320406,1.33397070312744,32,NA,NA,NA
"control","GNQ_NOR",0.394320340264099,0.941057109104845,23,NA,NA,NA
"control","GNQ_PRT",-0.0424228837445934,1.58690533692635,32,NA,NA,NA
"control","GNQ_TUR",-0.106227040662025,1.3059927850521,29,NA,NA,NA
"control","GRC_AFG",0.0426834808443855,0.925386131098977,31,NA,NA,NA
"control","GRC_AGO",0.162609839515447,0.840063302026234,31,NA,NA,NA
"control","GRC_ALB",0.036032202924521,0.592575462580093,17,NA,NA,NA
"control","GRC_ARE",-0.0155292425456242,0.896632581924587,32,NA,NA,NA
"control","GRC_ARG",-0.0370588933994203,1.04117396886775,32,NA,NA,NA
"control","GRC_ATG",-0.208225166356208,0.888807603310401,18,NA,NA,NA
"control","GRC_AUS",0.0473991775663734,0.997039494948847,32,NA,NA,NA
"control","GRC_BDI",0.167458221878483,1.19889604308471,31,NA,NA,NA
"control","GRC_BGD",0.192143865855114,0.793152038064328,32,NA,NA,NA
"control","GRC_BHR",0.236138753325651,1.07877024740035,32,NA,NA,NA
"control","GRC_BHS",-0.354219023421086,0.98163906096182,19,NA,NA,NA
"control","GRC_BLZ",-0.185092880840432,1.03213971595129,17,NA,NA,NA
"control","GRC_BRA",0.162913818677362,0.66180827144292,32,NA,NA,NA
"control","GRC_BRB",0.177424446488636,0.994120944219822,19,NA,NA,NA
"control","GRC_BRN",-0.0303262505873097,0.683101250928236,29,NA,NA,NA
"control","GRC_CAF",-0.153052486430674,0.905310627373457,30,NA,NA,NA
"control","GRC_CAN",0.0499005032056796,1.22203811665348,28,NA,NA,NA
"control","GRC_CCK",0.0368565421471712,1.1975510075963,12,NA,NA,NA
"control","GRC_CHL",0.073685195031128,0.745726747496757,14,NA,NA,NA
"control","GRC_CHN",0.159713438671535,1.23873855481095,32,NA,NA,NA
"control","GRC_CIV",-0.166118088504715,1.04507457254901,27,NA,NA,NA
"control","GRC_CMR",0.236247462732355,1.05024763393824,25,NA,NA,NA
"control","GRC_COD",-0.155728935904715,0.985178844884124,32,NA,NA,NA
"control","GRC_COG",0.115096659800513,1.22753341611392,32,NA,NA,NA
"control","GRC_COL",0.280883720617035,0.83775129188754,24,NA,NA,NA
"control","GRC_CPV",-0.150367759235813,1.07949213729778,30,NA,NA,NA
"control","GRC_CRI",0.050152008857543,0.919788934884263,23,NA,NA,NA
"control","GRC_CUB",0.0172438725246261,0.892915429447884,31,NA,NA,NA
"control","GRC_DJI",0.0334376329022977,0.83583146500847,29,NA,NA,NA
"control","GRC_DMA",-0.170231522791797,0.634085185048031,17,NA,NA,NA
"control","GRC_DOM",-0.234009647594409,1.34848074991767,18,NA,NA,NA
"control","GRC_GAB",0.00569690965253684,1.13675200224716,30,NA,NA,NA
"control","GRC_GHA",0.0560493522480765,0.38932933536767,26,NA,NA,NA
"control","GRC_GIB",-0.0571333743740094,0.876842499885864,31,NA,NA,NA
"control","GRC_GIN",0.137900104736376,0.752710692443066,31,NA,NA,NA
"control","GRC_GLP",0.512772538844281,1.06318484849683,8,NA,NA,NA
"control","GRC_GMB",-0.350664289854117,0.770132981933304,31,NA,NA,NA
"control","GRC_GRD",-0.320833239627385,0.761042303087716,17,NA,NA,NA
"control","GRC_GTM",-0.0187907116535303,1.29695508968289,23,NA,NA,NA
"control","GRC_HND",-0.159032791296546,0.870243836902612,24,NA,NA,NA
"control","GRC_HTI",0.208582009514707,0.706643743564879,31,NA,NA,NA
"control","GRC_IDN",0.120705267248912,0.567862025167589,32,NA,NA,NA
"control","GRC_IND",-0.0186338693774657,0.839088311495607,32,NA,NA,NA
"control","GRC_IRN",0.250192603478916,1.09893619581533,32,NA,NA,NA
"control","GRC_IRQ",0.289591767256221,1.19226114929266,32,NA,NA,NA
"control","GRC_JAM",0.117592412961833,0.866090879691838,19,NA,NA,NA
"control","GRC_JOR",0.0816514113314311,1.43716952746945,13,NA,NA,NA
"control","GRC_JPN",-0.0314732945264799,1.15827566420068,30,NA,NA,NA
"control","GRC_KEN",-0.225273777676041,1.12087053625128,32,NA,NA,NA
"control","GRC_KNA",-0.0778074150058245,1.46610715716496,16,NA,NA,NA
"control","GRC_KOR",0.313818476449953,0.680930513899002,22,NA,NA,NA
"control","GRC_KWT",-0.0573163418157373,0.93254270855379,32,NA,NA,NA
"control","GRC_LBR",-0.0945992473620406,0.851408536438794,32,NA,NA,NA
"control","GRC_LBY",0.126664485772942,0.898474264552134,32,NA,NA,NA
"control","GRC_LKA",-0.256586255450851,1.63658278662491,32,NA,NA,NA
"control","GRC_MDV",0.195026897469307,1.06811753522745,31,NA,NA,NA
"control","GRC_MEX",0.199668428890919,1.40078775127568,11,NA,NA,NA
"control","GRC_MLI",-0.219658916775854,1.81024355848475,32,NA,NA,NA
"control","GRC_MMR",0.365168572148692,0.735333228072389,29,NA,NA,NA
"control","GRC_MOZ",-0.385654278944128,1.17353715025145,26,NA,NA,NA
"control","GRC_MRT",-0.224930961462611,0.981270980640504,32,NA,NA,NA
"control","GRC_MTQ",0.196834191009205,1.06791324112952,9,NA,NA,NA
"control","GRC_MUS",-0.18013376206096,1.17812900787524,23,NA,NA,NA
"control","GRC_MWI",0.107440093598256,1.17597377209601,32,NA,NA,NA
"control","GRC_MYS",0.199363394845716,1.37758280164762,32,NA,NA,NA
"control","GRC_NER",0.247168656101666,1.15377532060574,31,NA,NA,NA
"control","GRC_NGA",-0.0438176618267958,0.990573152788543,31,NA,NA,NA
"control","GRC_NZL",0.08844004503989,1.05658000356822,32,NA,NA,NA
"control","GRC_OMN",-0.0456731191334141,0.869793079253989,32,NA,NA,NA
"control","GRC_PAK",0.0249816783166049,0.698843314655689,32,NA,NA,NA
"control","GRC_PAN",0.0908013014769817,1.00217489837828,24,NA,NA,NA
"control","GRC_PER",0.0541180513961571,0.624778430178395,23,NA,NA,NA
"control","GRC_PHL",-0.0433235112817055,1.25082868981924,32,NA,NA,NA
"control","GRC_PNG",-0.176290471316442,0.918097564142219,18,NA,NA,NA
"control","GRC_PRK",0.0764344861423232,1.25338027506011,31,NA,NA,NA
"control","GRC_QAT",0.103445448821873,1.09375529739062,32,NA,NA,NA
"control","GRC_RWA",-0.195740845900294,1.02611116654338,31,NA,NA,NA
"control","GRC_SAU",0.0608884484714839,1.50860787476706,32,NA,NA,NA
"control","GRC_SDN",0.0338239919624257,1.03640726409534,32,NA,NA,NA
"control","GRC_SEN",-0.224785088318805,1.01861019152648,32,NA,NA,NA
"control","GRC_SGP",0.0737494901681552,1.28922637704445,30,NA,NA,NA
"control","GRC_SLE",0.254463468405321,0.924056261396086,31,NA,NA,NA
"control","GRC_SOM",-0.181237072358587,0.713776663134235,25,NA,NA,NA
"control","GRC_SYC",0.0185959154167833,0.963505635848939,22,NA,NA,NA
"control","GRC_TCD",-0.257965152098106,0.993009812919046,30,NA,NA,NA
"control","GRC_TGO",-0.0411457538180886,1.15530001803962,31,NA,NA,NA
"control","GRC_THA",-0.104305838121208,1.12387438543766,32,NA,NA,NA
"control","GRC_TTO",-0.119083973819912,0.656061669850328,19,NA,NA,NA
"control","GRC_TWN",0.320402439796935,1.15344497866612,32,NA,NA,NA
"control","GRC_TZA",0.379218745652377,1.03766189827555,31,NA,NA,NA
"control","GRC_UGA",0.0241135347397246,0.585919181534888,31,NA,NA,NA
"control","GRC_URY",0.1408238793205,1.20061150625203,32,NA,NA,NA
"control","GRC_USA",-0.1112926934703,0.611174527326524,32,NA,NA,NA
"control","GRC_VCT",-0.29085432940117,0.61102258988561,19,NA,NA,NA
"control","GRC_VEN",0.0413570497768341,1.03566020437876,31,NA,NA,NA
"control","GRC_VUT",0.376392030328618,1.17488994208288,31,NA,NA,NA
"control","GRC_YEM",0.171836110929105,0.703579308960119,31,NA,NA,NA
"control","GRC_ZAF",-0.561976040299042,1.16957881564397,10,NA,NA,NA
"control","GRC_ZMB",0.111752751477099,1.24595693964674,31,NA,NA,NA
"control","GRC_ZWE",0.0125137757485041,0.985961872347635,22,NA,NA,NA
"control","GRD_ARG",0.11351463769101,0.830525961043499,25,NA,NA,NA
"control","GRD_AUT",0.183242176007609,0.614638024903865,18,NA,NA,NA
"control","GRD_CAN",-0.357453358209716,0.632567108998847,32,NA,NA,NA
"control","GRD_CHE",-0.0100726479805454,1.05713400746781,32,NA,NA,NA
"control","GRD_COL",0.00591804719739818,0.948906553959189,26,NA,NA,NA
"control","GRD_DEU",-0.166328993367872,1.30541328795859,19,NA,NA,NA
"control","GRD_DNK",0.310280859778946,0.8141464760356,14,NA,NA,NA
"control","GRD_ESP",-0.382044082413373,0.907091344324641,18,NA,NA,NA
"control","GRD_FIN",-0.243666979247416,1.57932036762805,13,NA,NA,NA
"control","GRD_FRA",-0.00799508915984947,0.745805062645464,19,NA,NA,NA
"control","GRD_GBR",0.137784117211885,0.969819604151841,19,NA,NA,NA
"control","GRD_ITA",0.0621333021609755,0.857256772888666,18,NA,NA,NA
"control","GRD_JPN",0.199088361308837,1.29457718174891,30,NA,NA,NA
"control","GRD_NLD",-0.00489552474834395,0.848891732782447,19,NA,NA,NA
"control","GRD_NOR",-0.361793114862567,0.865734321072754,31,NA,NA,NA
"control","GRD_PRT",0.722354420512369,1.74252306449363,9,NA,NA,NA
"control","GRD_SWE",0.196239860956778,0.853699892276148,15,NA,NA,NA
"control","GRD_TWN",-0.183762252712212,1.20061084000116,21,NA,NA,NA
"control","GRD_USA",-0.0134030876361383,1.06981650871299,32,NA,NA,NA
"control","GRL_CHE",-0.200186696543385,0.835843622952028,28,NA,NA,NA
"control","GRL_ISL",-0.107942635957966,1.50702641109841,32,NA,NA,NA
"control","GRL_JPN",-0.140199051730796,0.764056852438728,32,NA,NA,NA
"control","GRL_KOR",0.170380332322019,1.32981262663371,32,NA,NA,NA
"control","GTM_AFG",0.263896193543252,1.14668603256216,23,NA,NA,NA
"control","GTM_AUS",-0.115521372076145,0.667538419924528,32,NA,NA,NA
"control","GTM_AUT",0.186379196660733,1.10818873557213,24,NA,NA,NA
"control","GTM_BGR",-0.31795928044655,1.1565103274622,18,NA,NA,NA
"control","GTM_BLZ",-0.310357042159564,1.09064230686044,31,NA,NA,NA
"control","GTM_BRA",-0.128653370760304,1.10285996841181,31,NA,NA,NA
"control","GTM_BRB",-0.133052153740433,0.910739561920697,28,NA,NA,NA
"control","GTM_CAN",0.224141144753777,0.719734994107674,32,NA,NA,NA
"control","GTM_CHE",-0.222456448643155,0.714822265850715,32,NA,NA,NA
"control","GTM_CHL",0.0613133076560943,0.881234751406667,20,NA,NA,NA
"control","GTM_CHN",0.0369178658405646,0.846346030762261,31,NA,NA,NA
"control","GTM_COL",-0.231395627414047,0.412592166738196,20,NA,NA,NA
"control","GTM_CYP",0.179216660761287,1.39973967328175,24,NA,NA,NA
"control","GTM_DEU",-0.100306978278902,1.07194763074358,24,NA,NA,NA
"control","GTM_DNK",-0.291860385226067,0.796326359130076,24,NA,NA,NA
"control","GTM_DOM",-0.207123735792163,0.314954171451518,9,NA,NA,NA
"control","GTM_ECU",-0.081985223561771,0.833650970906655,32,NA,NA,NA
"control","GTM_EGY",-0.169504951416183,0.938140363130529,32,NA,NA,NA
"control","GTM_ESP",-0.146915208331573,1.59249973027732,24,NA,NA,NA
"control","GTM_FIN",-0.19586203769105,1.00608557863223,24,NA,NA,NA
"control","GTM_FRA",-0.149198293213735,0.926796634177961,24,NA,NA,NA
"control","GTM_FRO",-0.099308842328726,0.725028414327886,16,NA,NA,NA
"control","GTM_GBR",-0.0114148401778694,1.32553814781774,24,NA,NA,NA
"control","GTM_GRC",-0.00559699394999737,1.58938637061244,24,NA,NA,NA
"control","GTM_HTI",-0.216102791033779,0.697203104382459,28,NA,NA,NA
"control","GTM_HUN",0.0454091810369962,0.856494980776342,22,NA,NA,NA
"control","GTM_IDN",0.0125105507501096,1.16168342641684,32,NA,NA,NA
"control","GTM_IND",-0.207662153742105,1.20638081929045,31,NA,NA,NA
"control","GTM_IRL",-0.170934250182766,0.942989235203008,24,NA,NA,NA
"control","GTM_IRN",0.334164985113861,0.758425251303631,14,NA,NA,NA
"control","GTM_ISL",0.280309653770819,1.15846325692107,32,NA,NA,NA
"control","GTM_ISR",-0.206332251265184,0.933668472992789,32,NA,NA,NA
"control","GTM_ITA",0.384767660483422,1.42178900491305,24,NA,NA,NA
"control","GTM_JAM",0.220560743156039,1.3377181126458,31,NA,NA,NA
"control","GTM_JOR",0.226388622157245,1.36476995419213,32,NA,NA,NA
"control","GTM_JPN",-0.126880716045006,0.90050737330309,32,NA,NA,NA
"control","GTM_KOR",0.0116970441329743,0.760087945932222,32,NA,NA,NA
"control","GTM_KWT",0.0370625077394963,0.898205681757785,31,NA,NA,NA
"control","GTM_LBN",0.0285612611282072,1.06603173415956,31,NA,NA,NA
"control","GTM_MAR",-0.138702362749536,0.918480418163626,31,NA,NA,NA
"control","GTM_MEX",0.0996602198456935,1.20134062125182,12,NA,NA,NA
"control","GTM_MLT",-0.175186918590502,1.14520040467893,20,NA,NA,NA
"control","GTM_MYS",-0.0163156009483514,0.787417480166788,31,NA,NA,NA
"control","GTM_NLD",-0.201812912430407,0.616139306098009,24,NA,NA,NA
"control","GTM_NOR",-0.226038293651586,0.948104311588911,32,NA,NA,NA
"control","GTM_NZL",-0.024141897443609,1.03732977105345,32,NA,NA,NA
"control","GTM_OMN",-0.148238787623401,0.870493332678377,32,NA,NA,NA
"control","GTM_PAK",0.185967191321251,1.34811955763027,32,NA,NA,NA
"control","GTM_PAN",0.562471489012403,0.895131866173867,20,NA,NA,NA
"control","GTM_POL",-0.283637566631511,0.88519562556794,22,NA,NA,NA
"control","GTM_PRT",0.321548767508123,1.15612452845158,24,NA,NA,NA
"control","GTM_QAT",-0.0465710418987192,0.889801593572221,29,NA,NA,NA
"control","GTM_ROU",0.248838792217291,0.978727592723607,21,NA,NA,NA
"control","GTM_SAU",-0.0861044467001333,1.44720585228178,32,NA,NA,NA
"control","GTM_SGP",-0.450815499739197,0.691716807197368,32,NA,NA,NA
"control","GTM_SUR",0.0576204421867101,0.781026018106651,28,NA,NA,NA
"control","GTM_SWE",-0.321353994123726,0.948468468176156,24,NA,NA,NA
"control","GTM_SYR",0.140435704970595,1.31624235581174,31,NA,NA,NA
"control","GTM_THA",0.244449051911609,1.17077738822381,32,NA,NA,NA
"control","GTM_TTO",-0.316370723967899,0.937488432354589,32,NA,NA,NA
"control","GTM_TUR",0.127601374504292,1.22562025203415,32,NA,NA,NA
"control","GTM_TWN",-0.0360061820849629,1.29029510584637,17,NA,NA,NA
"control","GTM_USA",-0.0612612461538408,0.804036920761549,17,NA,NA,NA
"control","GTM_VEN",0.233721632780696,0.749723441572283,32,NA,NA,NA
"control","GTM_ZAF",0.098995588203794,0.991508873262629,29,NA,NA,NA
"control","GUF_CHE",-0.263091047730269,0.967299347964372,9,NA,NA,NA
"control","GUF_DEU",-0.0146498081040534,0.833342847488302,8,NA,NA,NA
"control","GUF_ESP",-0.174140380986629,1.3795981153352,8,NA,NA,NA
"control","GUF_FRA",-0.41559961306572,0.663562829091381,9,NA,NA,NA
"control","GUF_JPN",0.433733272743983,0.501721263088696,8,NA,NA,NA
"control","GUF_NLD",-0.533612519142261,1.05396377873945,9,NA,NA,NA
"control","GUY_AUS",-0.077350491446072,1.67740232376918,32,NA,NA,NA
"control","GUY_AUT",-0.0184413448093506,1.36025884342839,18,NA,NA,NA
"control","GUY_CAN",-0.244306698663926,1.02134570365759,32,NA,NA,NA
"control","GUY_CHE",0.161574609713865,1.26148946550272,32,NA,NA,NA
"control","GUY_DEU",-0.0437116224787615,0.615150084475235,19,NA,NA,NA
"control","GUY_ESP",0.303571035455785,1.47979765177947,19,NA,NA,NA
"control","GUY_FRA",0.296100570153207,0.706051157636208,18,NA,NA,NA
"control","GUY_GBR",-0.156415004683108,0.794654932292956,19,NA,NA,NA
"control","GUY_GRC",-0.121362584256612,1.00252695538332,15,NA,NA,NA
"control","GUY_ITA",0.0442424656240702,1.47054033027539,17,NA,NA,NA
"control","GUY_JPN",-0.11354264058666,0.533435682690819,32,NA,NA,NA
"control","GUY_NLD",0.0259731368621749,1.18711870182933,19,NA,NA,NA
"control","GUY_PRT",-0.113571160962536,0.637614526691733,19,NA,NA,NA
"control","GUY_SWE",-0.000469581570879869,0.922067594089157,18,NA,NA,NA
"control","GUY_USA",-0.101901381596131,0.937102124298321,32,NA,NA,NA
"control","HND_ALB",-0.0580523814182425,1.66174612913915,24,NA,NA,NA
"control","HND_ARE",0.00475703680902069,0.983822201496002,27,NA,NA,NA
"control","HND_ARG",-0.239530736427834,1.46515611186093,29,NA,NA,NA
"control","HND_AUS",0.0407444170746735,0.911515239107619,32,NA,NA,NA
"control","HND_AUT",-0.18144949904306,0.762731344568808,24,NA,NA,NA
"control","HND_BGR",0.458789574871628,1.17262384672325,20,NA,NA,NA
"control","HND_BLZ",-0.195968638545105,0.997491458353516,31,NA,NA,NA
"control","HND_BRA",0.0663534582678173,0.784520729867629,30,NA,NA,NA
"control","HND_CAN",-0.0949939578989051,0.902719371507573,25,NA,NA,NA
"control","HND_CHE",-0.212680963186611,1.34464867881396,32,NA,NA,NA
"control","HND_CHN",-0.340322889495188,0.916013725667113,30,NA,NA,NA
"control","HND_DEU",0.299812716200995,0.620042589364543,24,NA,NA,NA
"control","HND_DNK",0.203303886405517,0.60923706333732,24,NA,NA,NA
"control","HND_DOM",-0.430344585001167,1.10188001088519,10,NA,NA,NA
"control","HND_EGY",-0.0951447113460515,0.519226246432434,21,NA,NA,NA
"control","HND_ESP",0.0892095382586827,1.10788356258688,24,NA,NA,NA
"control","HND_FIN",-0.195977705063854,0.914302276441898,24,NA,NA,NA
"control","HND_FRA",-0.0774269361650028,1.07653500448391,24,NA,NA,NA
"control","HND_GBR",-0.382476301726058,1.53607666235244,24,NA,NA,NA
"control","HND_GRC",-0.240744684310796,1.23811680376563,24,NA,NA,NA
"control","HND_HTI",0.232763120129377,0.781206674097657,26,NA,NA,NA
"control","HND_HUN",-0.314054631501383,0.524934795532892,23,NA,NA,NA
"control","HND_IND",-0.203361227125952,1.10294197232401,31,NA,NA,NA
"control","HND_IRL",0.123079588881983,0.885176456528761,24,NA,NA,NA
"control","HND_ISL",0.0697329733755897,1.23035913146812,32,NA,NA,NA
"control","HND_ISR",0.32554383854919,0.967478777494015,31,NA,NA,NA
"control","HND_ITA",-0.12088379075799,0.899367595447269,24,NA,NA,NA
"control","HND_JOR",0.0617055131963832,1.24612400690143,31,NA,NA,NA
"control","HND_JPN",-0.102269041633396,0.930432098829741,32,NA,NA,NA
"control","HND_KOR",0.100102125145746,1.08242103857828,32,NA,NA,NA
"control","HND_KWT",-0.0961532004038464,1.06543346681068,23,NA,NA,NA
"control","HND_LBN",-0.221625510449575,1.24624364185618,27,NA,NA,NA
"control","HND_MAR",0.00141183617660609,0.900837519465521,31,NA,NA,NA
"control","HND_MEX",-0.400022678376478,0.777282768707278,12,NA,NA,NA
"control","HND_MLT",0.418087652652102,0.68083264352388,18,NA,NA,NA
"control","HND_NLD",-0.050342923447747,0.954015758962799,24,NA,NA,NA
"control","HND_NOR",-0.0139084254055198,1.14634530919055,32,NA,NA,NA
"control","HND_NZL",-0.147470200566395,0.682724532984768,32,NA,NA,NA
"control","HND_OMN",0.155897228589204,0.912520478645969,19,NA,NA,NA
"control","HND_PAK",0.154465730050599,0.914176315300902,23,NA,NA,NA
"control","HND_PAN",-0.139381187167547,0.666860447654493,20,NA,NA,NA
"control","HND_POL",0.535712378716233,0.749482495220999,23,NA,NA,NA
"control","HND_PRK",0.272722305076229,1.32435599327919,30,NA,NA,NA
"control","HND_PRT",0.0950580796648681,0.988296925887286,24,NA,NA,NA
"control","HND_QAT",0.450030645220481,1.266463034915,20,NA,NA,NA
"control","HND_SAU",-0.108149510311748,0.882655980385625,30,NA,NA,NA
"control","HND_SGP",0.123870132032355,1.68137841416847,32,NA,NA,NA
"control","HND_SWE",0.0670219879797524,1.2220175291033,24,NA,NA,NA
"control","HND_THA",0.0610373191595927,0.963350916039979,32,NA,NA,NA
"control","HND_TUR",0.103578268541351,0.774775437921125,32,NA,NA,NA
"control","HND_TWN",-0.170073095489846,0.597882065698811,17,NA,NA,NA
"control","HND_USA",0.173204310383742,0.675793733580219,17,NA,NA,NA
"control","HND_VEN",0.21174666099751,1.14052563447148,32,NA,NA,NA
"control","HND_ZAF",0.000373355859374828,0.945961084862182,26,NA,NA,NA
"control","HTI_ANT",-0.439397000651741,1.19571241320518,15,NA,NA,NA
"control","HTI_ARG",-0.0416603860966829,1.05314721225835,28,NA,NA,NA
"control","HTI_AUS",-0.128965797536088,0.558608980211426,32,NA,NA,NA
"control","HTI_AUT",-0.0823186202322275,0.91931210290213,32,NA,NA,NA
"control","HTI_BRA",0.119171965802022,1.22640263754951,29,NA,NA,NA
"control","HTI_BRB",0.542640391996212,0.865244284367264,11,NA,NA,NA
"control","HTI_CAN",0.333830468743722,0.926752565402544,32,NA,NA,NA
"control","HTI_CHE",-0.0809879977866509,0.966257779154003,32,NA,NA,NA
"control","HTI_CHL",-0.229971534851522,1.13379161825294,25,NA,NA,NA
"control","HTI_CHN",0.273068248594158,0.713448011897758,27,NA,NA,NA
"control","HTI_CRI",0.287870257824877,0.612833445408779,24,NA,NA,NA
"control","HTI_DEU",0.1057335390961,0.812542114296429,32,NA,NA,NA
"control","HTI_DNK",-0.347294740310833,0.643781570842474,31,NA,NA,NA
"control","HTI_DOM",0.198667703007536,0.841569862493012,29,NA,NA,NA
"control","HTI_ESP",-0.060536671543457,0.658457363070367,32,NA,NA,NA
"control","HTI_FIN",-0.0110000277380752,1.17610571115383,30,NA,NA,NA
"control","HTI_FRA",0.0677214570512587,1.41916440824776,32,NA,NA,NA
"control","HTI_GBR",-0.235128138041277,0.990313445598944,32,NA,NA,NA
"control","HTI_ITA",-0.0124893091537877,0.694606544049941,32,NA,NA,NA
"control","HTI_JAM",0.182282091269727,0.66508022169651,11,NA,NA,NA
"control","HTI_JPN",0.0930153466002309,1.29758286126808,32,NA,NA,NA
"control","HTI_KNA",0.0341909621942594,1.30535700175889,10,NA,NA,NA
"control","HTI_LBN",0.212894150174666,0.954669294161349,24,NA,NA,NA
"control","HTI_MEX",0.238483957501543,0.839615696733163,32,NA,NA,NA
"control","HTI_NLD",0.0365319432874669,0.980076498764352,32,NA,NA,NA
"control","HTI_NOR",-0.000558722073072045,0.927590494313416,29,NA,NA,NA
"control","HTI_PAN",-0.369530262044745,1.17703636902549,25,NA,NA,NA
"control","HTI_SWE",-0.103157211634068,0.612472224962178,32,NA,NA,NA
"control","HTI_TCA",0.146959937939438,1.40947804469401,12,NA,NA,NA
"control","HTI_TTO",0.182957222016013,0.647851937570099,12,NA,NA,NA
"control","HTI_USA",0.26504961786456,1.06553257645004,32,NA,NA,NA
"control","HTI_VEN",0.179437181380545,0.870905725919729,20,NA,NA,NA
"control","HUN_ALB",-0.333716901682416,0.602274246709704,15,NA,NA,NA
"control","HUN_ARE",-0.142939246232207,1.06985305013948,30,NA,NA,NA
"control","HUN_ARG",0.313504806001124,0.791551427223768,31,NA,NA,NA
"control","HUN_AUS",0.160843871840273,0.442852473057194,32,NA,NA,NA
"control","HUN_BGR",0.573714025050577,1.15190284407696,8,NA,NA,NA
"control","HUN_BOL",0.0823493100300926,0.845933105765918,32,NA,NA,NA
"control","HUN_BRA",0.145477542743228,1.33850825285067,32,NA,NA,NA
"control","HUN_CAN",0.0241697841632106,0.712245353734787,28,NA,NA,NA
"control","HUN_CHL",0.0960610589415964,0.814694993260902,15,NA,NA,NA
"control","HUN_CHN",-0.217795017968717,0.651435441407912,30,NA,NA,NA
"control","HUN_CMR",-0.127607252678669,1.3877827709228,25,NA,NA,NA
"control","HUN_CUB",-0.0134598679750494,0.833889399948727,30,NA,NA,NA
"control","HUN_CYP",-0.256191562081748,0.679750897116404,15,NA,NA,NA
"control","HUN_DZA",-0.140607364957291,0.634920534819352,15,NA,NA,NA
"control","HUN_EGY",-0.22995609234354,0.979085184457124,15,NA,NA,NA
"control","HUN_GTM",0.0579921329150164,0.685734633452014,22,NA,NA,NA
"control","HUN_IND",0.00332622997281788,1.03546075744658,32,NA,NA,NA
"control","HUN_IRN",0.101173686830111,0.776061168730983,30,NA,NA,NA
"control","HUN_IRQ",-0.0788102431733494,0.769234686210827,27,NA,NA,NA
"control","HUN_ISR",0.107385429984634,0.750136695163908,8,NA,NA,NA
"control","HUN_JOR",0.261964360886079,1.24985533643496,15,NA,NA,NA
"control","HUN_JPN",0.0535441345609588,1.32912657599522,30,NA,NA,NA
"control","HUN_KWT",-0.130000035396992,1.00387210028063,30,NA,NA,NA
"control","HUN_LBN",-0.143382759658499,0.622505406620085,13,NA,NA,NA
"control","HUN_LBY",0.0131371426114758,0.80443915431323,32,NA,NA,NA
"control","HUN_MAR",-0.293974915741359,1.94323092186221,14,NA,NA,NA
"control","HUN_MLT",-0.0444692774670557,1.12018394556633,14,NA,NA,NA
"control","HUN_MNG",-0.101487697253655,1.00612058108997,29,NA,NA,NA
"control","HUN_MYS",0.0550592280863965,0.759370435689471,32,NA,NA,NA
"control","HUN_NGA",0.200097706008713,1.19769118799506,30,NA,NA,NA
"control","HUN_NZL",0.198046509591703,0.931080936173611,32,NA,NA,NA
"control","HUN_OMN",-0.0921620898546669,0.927066041166841,32,NA,NA,NA
"control","HUN_PAK",0.0964393806140933,1.41352085069414,32,NA,NA,NA
"control","HUN_ROU",0.13393077492615,0.410770749895236,8,NA,NA,NA
"control","HUN_SAU",-0.071709497069291,0.971483149656751,31,NA,NA,NA
"control","HUN_SGP",0.0457559620292847,0.904323084794786,30,NA,NA,NA
"control","HUN_SYR",0.189819965005006,1.13807205768009,14,NA,NA,NA
"control","HUN_THA",-0.04637467148796,0.98434127308137,32,NA,NA,NA
"control","HUN_TTO",-0.0312850986956362,0.90950970646177,18,NA,NA,NA
"control","HUN_TUN",-0.650579748611502,0.731652668913765,14,NA,NA,NA
"control","HUN_TUR",-0.238937507805052,1.61966169625208,9,NA,NA,NA
"control","HUN_TWN",-0.0423164742119694,1.34377653254772,32,NA,NA,NA
"control","HUN_URY",-0.195928817279955,0.77166054753574,32,NA,NA,NA
"control","HUN_USA",-0.0517933912818207,1.20539944736547,32,NA,NA,NA
"control","HUN_VEN",0.109809266431792,0.808899018924898,31,NA,NA,NA
"control","IDN_AFG",-0.0147667950018516,1.07283985560627,32,NA,NA,NA
"control","IDN_ARE",0.0940128773034788,0.9615376534075,32,NA,NA,NA
"control","IDN_AUS",0.0635058621447674,0.576175376419512,23,NA,NA,NA
"control","IDN_AUT",0.255450554837532,1.33204728623706,32,NA,NA,NA
"control","IDN_BGR",0.194076577419193,1.11153891618913,32,NA,NA,NA
"control","IDN_BHR",0.230137837711049,0.935261940311242,32,NA,NA,NA
"control","IDN_BRB",-0.0584321127987577,1.02228516732156,32,NA,NA,NA
"control","IDN_CAF",0.0897356134220192,1.12861243284864,31,NA,NA,NA
"control","IDN_CAN",0.119057703199827,0.9817430927467,32,NA,NA,NA
"control","IDN_CHE",0.0141418196793706,1.14153423077366,32,NA,NA,NA
"control","IDN_CHN",-0.28737122237751,1.0965373587072,16,NA,NA,NA
"control","IDN_COL",0.141620595060432,2.34189925609561,8,NA,NA,NA
"control","IDN_CRI",-0.13626969439798,1.17090323577588,32,NA,NA,NA
"control","IDN_DEU",0.0242196549677975,0.665250644765023,32,NA,NA,NA
"control","IDN_DNK",-0.3181976955008,0.871957386443634,32,NA,NA,NA
"control","IDN_ESP",0.0912720695614695,0.878761122381258,32,NA,NA,NA
"control","IDN_FIN",-0.175058887329315,1.35779522961956,32,NA,NA,NA
"control","IDN_FJI",-0.0346367846145343,0.542714739285422,28,NA,NA,NA
"control","IDN_FRA",0.170957214653815,1.2655993869466,32,NA,NA,NA
"control","IDN_GBR",0.128308472695162,1.46227356888064,32,NA,NA,NA
"control","IDN_GRC",0.138895924458102,0.774059229652688,32,NA,NA,NA
"control","IDN_GTM",-0.443905221775574,0.867468227216165,32,NA,NA,NA
"control","IDN_HND",-0.142361875463647,1.10629912580268,32,NA,NA,NA
"control","IDN_HUN",0.0106849212497057,0.887826910717887,32,NA,NA,NA
"control","IDN_IRL",-0.276132498651283,1.26150477084168,32,NA,NA,NA
"control","IDN_ISL",0.0189158213034682,0.809701696563743,32,NA,NA,NA
"control","IDN_ITA",-0.219977331638481,1.4561826956823,32,NA,NA,NA
"control","IDN_JAM",0.0888467388127624,0.88246220970348,28,NA,NA,NA
"control","IDN_JOR",0.0810090943828985,1.04804941797871,32,NA,NA,NA
"control","IDN_JPN",0.451182156429534,0.977542377910927,19,NA,NA,NA
"control","IDN_KEN",0.0979036002096103,1.21239559761185,32,NA,NA,NA
"control","IDN_KWT",0.342104871386724,0.65813050223576,32,NA,NA,NA
"control","IDN_LBN",0.291911075823437,1.28386293219234,32,NA,NA,NA
"control","IDN_MAR",-0.61430288979513,1.73469078953868,8,NA,NA,NA
"control","IDN_MLT",-0.0288202048077075,0.955764569360011,31,NA,NA,NA
"control","IDN_MRT",0.162865488497742,1.41655551440798,32,NA,NA,NA
"control","IDN_NLD",0.0963015424161435,0.750194453297326,32,NA,NA,NA
"control","IDN_NOR",0.248413781174316,1.34975556946618,32,NA,NA,NA
"control","IDN_NZL",-0.281918478957803,0.721824350587139,23,NA,NA,NA
"control","IDN_OMN",0.223619178245026,0.819499591149102,32,NA,NA,NA
"control","IDN_PNG",-0.0320948978411426,1.07991560764393,32,NA,NA,NA
"control","IDN_POL",0.0443385123780338,1.08447233514779,32,NA,NA,NA
"control","IDN_PRT",0.116875955054774,0.822781236477271,32,NA,NA,NA
"control","IDN_REU",0.22272638887601,0.408466830121598,8,NA,NA,NA
"control","IDN_SAU",0.240655797431204,1.00216078224745,32,NA,NA,NA
"control","IDN_SEN",0.137774427972568,1.05171489260239,32,NA,NA,NA
"control","IDN_SUR",0.206905910243844,0.609319148494337,32,NA,NA,NA
"control","IDN_SWE",-0.20148180499212,1.06851406501469,32,NA,NA,NA
"control","IDN_SYR",0.0740772585480881,0.897776314028086,32,NA,NA,NA
"control","IDN_TUR",-0.283423154637391,0.962730667485524,32,NA,NA,NA
"control","IDN_TWN",0.263683273424292,0.855681699514774,32,NA,NA,NA
"control","IDN_UGA",-0.145199452381759,1.17827346654086,32,NA,NA,NA
"control","IDN_URY",-0.0752857452224501,0.597036541952594,32,NA,NA,NA
"control","IDN_USA",-0.0504288051814256,0.637402721766802,32,NA,NA,NA
"control","IDN_VEN",-0.136712320580574,1.47014120732759,10,NA,NA,NA
"control","IDN_ZAF",-0.0980813059235605,1.17825208892869,29,NA,NA,NA
"control","IND_AFG",0.231316489483283,0.797342258895509,14,NA,NA,NA
"control","IND_AGO",0.11487604863034,1.14215333699039,32,NA,NA,NA
"control","IND_ALB",-0.142051954681211,1.02222834346808,31,NA,NA,NA
"control","IND_AND",-0.0426666994788007,0.952025778275745,32,NA,NA,NA
"control","IND_ANT",0.15487140400983,1.28500898288489,23,NA,NA,NA
"control","IND_ARE",-0.087248066481419,0.913269877184373,32,NA,NA,NA
"control","IND_AUS",0.235520661639145,0.818515647107705,32,NA,NA,NA
"control","IND_AUT",0.16508744715217,1.39790144084237,32,NA,NA,NA
"control","IND_BDI",0.173094842076758,1.2942403722895,32,NA,NA,NA
"control","IND_BFA",-0.0967929747608663,0.868455178197468,32,NA,NA,NA
"control","IND_BGR",0.0631600909428485,1.00424450022988,32,NA,NA,NA
"control","IND_BHR",-0.00691990001766944,0.942088618570998,32,NA,NA,NA
"control","IND_BHS",-0.0550367544188895,0.808973628085276,32,NA,NA,NA
"control","IND_BLZ",-0.0535142520538914,1.05555969306553,32,NA,NA,NA
"control","IND_BMU",-0.0608942270934594,0.840061151530587,32,NA,NA,NA
"control","IND_BRB",-0.0566359966029611,1.02296803322963,32,NA,NA,NA
"control","IND_BRN",0.275561264337982,0.793476792151701,21,NA,NA,NA
"control","IND_CAF",-0.049049668591004,0.693065772703018,32,NA,NA,NA
"control","IND_CAN",0.17115380877817,0.936959178612081,32,NA,NA,NA
"control","IND_CHE",-0.0480245423818389,0.822725190516686,32,NA,NA,NA
"control","IND_CHN",0.335015802928536,1.24204701086893,13,NA,NA,NA
"control","IND_CIV",0.00388258126920352,1.30577243415342,32,NA,NA,NA
"control","IND_COD",-0.23508852818085,1.47388254651064,32,NA,NA,NA
"control","IND_COG",-0.00781031620861304,0.951353841706013,32,NA,NA,NA
"control","IND_COL",0.17278697338974,1.62383953006787,8,NA,NA,NA
"control","IND_COM",0.265769414659651,0.855835377239681,32,NA,NA,NA
"control","IND_CRI",0.00875410918543356,0.994795171147867,32,NA,NA,NA
"control","IND_CYM",-0.058139010472339,1.49800207049112,31,NA,NA,NA
"control","IND_CYP",0.0227899541741556,0.715876069144108,32,NA,NA,NA
"control","IND_DEU",0.225735138302687,0.628144004941277,32,NA,NA,NA
"control","IND_DJI",-0.171833372679531,0.819833761868836,32,NA,NA,NA
"control","IND_DMA",-0.43790422640919,1.01384194715124,32,NA,NA,NA
"control","IND_DNK",0.300604385829454,0.922306167953853,32,NA,NA,NA
"control","IND_DOM",-0.240878911181409,1.34056964702657,32,NA,NA,NA
"control","IND_ESP",-0.126726645212318,0.966699070957163,32,NA,NA,NA
"control","IND_FIN",-0.29507083925144,0.862646084027193,32,NA,NA,NA
"control","IND_FJI",-0.0613509400947444,0.82633595905732,32,NA,NA,NA
"control","IND_FRA",-0.119565933135544,0.401006289461645,32,NA,NA,NA
"control","IND_GAB",-0.126953385369122,0.900426961100115,32,NA,NA,NA
"control","IND_GBR",-0.0130600616383962,0.908192264073805,32,NA,NA,NA
"control","IND_GIB",-0.129080249969308,1.10586968776923,32,NA,NA,NA
"control","IND_GLP",-0.299212327135817,1.05108490899828,10,NA,NA,NA
"control","IND_GMB",0.00634061036344951,0.989094353635271,32,NA,NA,NA
"control","IND_GNB",0.0691375577218131,1.16910273846487,32,NA,NA,NA
"control","IND_GNQ",-0.165897632900315,1.21763089801263,30,NA,NA,NA
"control","IND_GRC",-0.119553260719756,1.22591956275694,32,NA,NA,NA
"control","IND_GRD",-0.0808719240058998,1.19520392793844,32,NA,NA,NA
"control","IND_GTM",-0.0674283569968657,0.971847540058686,32,NA,NA,NA
"control","IND_GUF",-0.338143311410901,0.849392936838253,8,NA,NA,NA
"control","IND_HND",-0.145470559947376,0.933934563655398,32,NA,NA,NA
"control","IND_HTI",0.425498654705879,0.69890373329501,32,NA,NA,NA
"control","IND_HUN",-0.00542224112311381,0.768024254267409,32,NA,NA,NA
"control","IND_IRL",0.213582544170643,1.47404130246913,32,NA,NA,NA
"control","IND_ISL",0.0502364137948969,1.12069773327504,32,NA,NA,NA
"control","IND_ISR",-0.0345739169434878,1.25757623580515,32,NA,NA,NA
"control","IND_ITA",0.321565923076653,0.80418233556984,32,NA,NA,NA
"control","IND_JAM",-0.0789132769037716,1.20502930919881,32,NA,NA,NA
"control","IND_JOR",-0.15606020455775,0.715023921380458,32,NA,NA,NA
"control","IND_JPN",-0.151577400768197,0.963837730293207,22,NA,NA,NA
"control","IND_KEN",-0.0184723377574589,1.15765754256654,32,NA,NA,NA
"control","IND_KHM",0.0713868893634554,0.691682765311543,21,NA,NA,NA
"control","IND_KWT",-0.0458746936314264,0.508018180668075,32,NA,NA,NA
"control","IND_LBN",0.319724075011219,1.00655505942195,32,NA,NA,NA
"control","IND_LBR",-0.000101482727428229,1.0138163463648,32,NA,NA,NA
"control","IND_MAC",-0.301914591881317,1.09577062349854,32,NA,NA,NA
"control","IND_MAR",0.0879030262143006,0.999166402602054,8,NA,NA,NA
"control","IND_MDG",-0.174732150940206,1.51738155285156,32,NA,NA,NA
"control","IND_MLI",0.0720403042822661,1.05119148464813,32,NA,NA,NA
"control","IND_MLT",-0.216320297742301,1.01249871223291,32,NA,NA,NA
"control","IND_MMR",-0.279437693266032,0.448145095553477,8,NA,NA,NA
"control","IND_MNG",-0.0985274751696127,0.83108411616185,32,NA,NA,NA
"control","IND_MRT",-0.13458539166879,0.913951078238629,32,NA,NA,NA
"control","IND_MTQ",-0.229593592836189,1.99346997137787,9,NA,NA,NA
"control","IND_MUS",0.0814938552224486,1.09663844027822,32,NA,NA,NA
"control","IND_MWI",0.174037503329675,0.987013074407115,32,NA,NA,NA
"control","IND_NER",0.0500241739554432,1.4248346538594,32,NA,NA,NA
"control","IND_NLD",0.08840292861817,1.21337026393476,32,NA,NA,NA
"control","IND_NOR",0.0786557068465387,1.508386516046,32,NA,NA,NA
"control","IND_NRU",0.0119573319364604,0.824074433147508,31,NA,NA,NA
"control","IND_NZL",0.0501719924811411,0.499383628416133,32,NA,NA,NA
"control","IND_OMN",-0.02985253751677,0.602036310250227,32,NA,NA,NA
"control","IND_PAN",0.360980859284098,0.919486713680651,32,NA,NA,NA
"control","IND_PCN",-0.088702981474517,0.435004052899465,29,NA,NA,NA
"control","IND_PNG",0.209956458739775,1.01270929169209,32,NA,NA,NA
"control","IND_POL",0.128006908741647,0.42221595284718,32,NA,NA,NA
"control","IND_PRT",0.125179149990672,0.928943853231654,32,NA,NA,NA
"control","IND_PRY",0.113287116185308,1.05857177026891,20,NA,NA,NA
"control","IND_QAT",-0.0466938669126147,1.2987060343101,32,NA,NA,NA
"control","IND_REU",0.279081583218575,0.449921608432663,11,NA,NA,NA
"control","IND_RWA",-0.124523439007449,1.05989212029224,32,NA,NA,NA
"control","IND_SAU",0.114699448853788,0.896231305167515,32,NA,NA,NA
"control","IND_SEN",-0.00968210846295511,1.15710413947063,32,NA,NA,NA
"control","IND_SLB",-0.166016620867385,1.45450174894463,32,NA,NA,NA
"control","IND_SLE",-0.0421645297692223,0.859714554481576,32,NA,NA,NA
"control","IND_SLV",0.21383233673965,1.03811719582386,32,NA,NA,NA
"control","IND_SOM",-0.0947520357917091,1.06006959856517,32,NA,NA,NA
"control","IND_SUR",-0.0473758781065951,0.95682380805501,32,NA,NA,NA
"control","IND_SWE",-0.404941844635636,0.758908702244706,32,NA,NA,NA
"control","IND_SWZ",0.0895563930307887,1.26245785933209,32,NA,NA,NA
"control","IND_SYC",-0.168197535362262,1.27618928699419,32,NA,NA,NA
"control","IND_SYR",-0.169333205419411,1.09939268295204,32,NA,NA,NA
"control","IND_TCA",0.186080817721587,1.22069071318946,27,NA,NA,NA
"control","IND_TCD",-0.0288451872277131,1.01848559654841,32,NA,NA,NA
"control","IND_TGO",-0.322135378808502,0.883025128388502,32,NA,NA,NA
"control","IND_TON",-0.0480383956655324,1.17396010724342,32,NA,NA,NA
"control","IND_TUR",-0.190012336243711,0.884552459396812,32,NA,NA,NA
"control","IND_TWN",-0.224202797741101,0.770062860167305,32,NA,NA,NA
"control","IND_UGA",0.0653564608221275,0.63100595186357,32,NA,NA,NA
"control","IND_URY",-0.208220266535989,1.0473705285162,20,NA,NA,NA
"control","IND_USA",0.0955561491254,1.09656892496547,32,NA,NA,NA
"control","IND_VCT",0.140003013246929,0.950764435546466,29,NA,NA,NA
"control","IND_VEN",-0.20186532545416,1.78271258572946,10,NA,NA,NA
"control","IND_VGB",0.00994812335003105,0.779544470716496,31,NA,NA,NA
"control","IND_YEM",-0.0632492403630174,1.03400540202621,31,NA,NA,NA
"control","IND_ZMB",-0.189981747888394,0.739577452553831,32,NA,NA,NA
"control","IRL_ARG",-0.274135604413257,0.901558074958741,31,NA,NA,NA
"control","IRL_ATG",-0.317806838452251,0.900082816316613,17,NA,NA,NA
"control","IRL_AUS",0.253694795994059,1.1837191328528,32,NA,NA,NA
"control","IRL_BHS",-0.298206288511254,0.765168124425895,19,NA,NA,NA
"control","IRL_BRA",-0.271052225226395,1.12969550600577,32,NA,NA,NA
"control","IRL_BRB",0.185739069944425,0.824427245649283,18,NA,NA,NA
"control","IRL_CAN",0.22738108043098,0.595260291778993,28,NA,NA,NA
"control","IRL_CHL",0.0440131176020187,0.465861491406195,14,NA,NA,NA
"control","IRL_CHN",0.279926865666977,0.742512921654676,32,NA,NA,NA
"control","IRL_CIV",0.00509936219192864,0.965128378440254,27,NA,NA,NA
"control","IRL_CMR",-0.261682082299736,1.30097446325796,25,NA,NA,NA
"control","IRL_CRI",0.15949040627521,1.25631765862167,22,NA,NA,NA
"control","IRL_ECU",0.0761208128193852,0.947339084834517,27,NA,NA,NA
"control","IRL_GMB",-0.168029369985161,0.953307445222027,32,NA,NA,NA
"control","IRL_IDN",0.15004032943042,1.19055360832331,32,NA,NA,NA
"control","IRL_IND",-0.07301059751311,0.863887476020215,32,NA,NA,NA
"control","IRL_JAM",-0.14606289521181,0.666044345353432,19,NA,NA,NA
"control","IRL_JPN",-0.147186160998345,0.839509494059843,30,NA,NA,NA
"control","IRL_KEN",-0.233029047420513,1.19225002518088,29,NA,NA,NA
"control","IRL_KOR",-0.287006381523408,1.9584161419237,22,NA,NA,NA
"control","IRL_LBY",-0.0255198802460971,1.0994981707443,31,NA,NA,NA
"control","IRL_LCA",-0.0724601503289401,1.98724904425835,17,NA,NA,NA
"control","IRL_LKA",0.035562444517862,0.711036851212092,31,NA,NA,NA
"control","IRL_MAC",0.0680575292533167,1.05259512208046,32,NA,NA,NA
"control","IRL_MYS",-0.131040364521303,0.886676361739861,32,NA,NA,NA
"control","IRL_NZL",-0.0391188787441008,0.96724499512565,32,NA,NA,NA
"control","IRL_OMN",-0.375764536216103,1.08601382266919,32,NA,NA,NA
"control","IRL_PAK",0.115781410496657,1.16455026807935,30,NA,NA,NA
"control","IRL_PAN",0.099089552917193,0.965504812843129,22,NA,NA,NA
"control","IRL_PER",-0.0399148211621875,1.132513316713,22,NA,NA,NA
"control","IRL_SAU",-0.221792417302913,0.847048753249041,32,NA,NA,NA
"control","IRL_SGP",0.285252999562689,1.0224214161936,30,NA,NA,NA
"control","IRL_SLE",0.259415688184465,0.515489699985324,32,NA,NA,NA
"control","IRL_SYC",-0.17145068480105,0.738615600625178,23,NA,NA,NA
"control","IRL_THA",-0.302220647818381,1.11528030684639,32,NA,NA,NA
"control","IRL_TTO",-0.238257449022341,1.4852842113691,19,NA,NA,NA
"control","IRL_TWN",0.188118997961047,0.583962647365032,31,NA,NA,NA
"control","IRL_URY",-0.0996693120499232,1.21385146972872,29,NA,NA,NA
"control","IRL_USA",-0.229634298485273,1.31166518009815,32,NA,NA,NA
"control","IRL_VEN",0.103393134510395,0.651572339665776,29,NA,NA,NA
"control","IRL_ZAF",-0.305497848374748,0.866527163189996,11,NA,NA,NA
"control","IRN_AUS",-0.343921177199769,1.45318657558612,32,NA,NA,NA
"control","IRN_AUT",-0.237711673658555,0.934261219557749,32,NA,NA,NA
"control","IRN_BRB",-0.142360893242639,1.30781977486282,31,NA,NA,NA
"control","IRN_CAN",-0.0298868274180453,0.939746619549238,32,NA,NA,NA
"control","IRN_CHE",-0.295022317115522,0.722486589285263,32,NA,NA,NA
"control","IRN_CHN",-0.36900845790061,1.09923392435464,32,NA,NA,NA
"control","IRN_DEU",0.252469605948288,0.951398073087983,32,NA,NA,NA
"control","IRN_DNK",-0.258912347806173,1.23662653617551,32,NA,NA,NA
"control","IRN_ESP",0.26731387703892,0.653450873221831,32,NA,NA,NA
"control","IRN_FIN",-0.340284877544531,0.594192626769976,32,NA,NA,NA
"control","IRN_FJI",-0.0569485057421876,1.1558440605494,26,NA,NA,NA
"control","IRN_FRA",0.0408780945080541,0.982668326321727,32,NA,NA,NA
"control","IRN_GBR",-0.0928101793328749,1.04736961675117,32,NA,NA,NA
"control","IRN_GRC",-0.00606493042745723,0.942516354161209,32,NA,NA,NA
"control","IRN_HUN",-0.11167537062833,1.06862664947413,30,NA,NA,NA
"control","IRN_IRL",-0.0398310266179721,0.62716140951455,32,NA,NA,NA
"control","IRN_ISL",-0.110694539723391,0.938072143044535,32,NA,NA,NA
"control","IRN_ITA",-0.0487690403762353,1.35618029246695,32,NA,NA,NA
"control","IRN_JAM",-0.0799944166692006,1.2923981063832,21,NA,NA,NA
"control","IRN_JOR",0.116621384190379,0.824784388872863,32,NA,NA,NA
"control","IRN_JPN",0.109090496291164,0.683460761333465,32,NA,NA,NA
"control","IRN_MLT",-0.221411403391578,1.09833597924003,31,NA,NA,NA
"control","IRN_NLD",-0.206675233554683,0.596808463408136,32,NA,NA,NA
"control","IRN_NZL",0.0104899756617211,0.783295825965846,32,NA,NA,NA
"control","IRN_OMN",-0.00491367049065774,0.635773336077034,31,NA,NA,NA
"control","IRN_PRT",-0.307704455424761,1.37446058786877,32,NA,NA,NA
"control","IRN_SAU",-0.0707749856067263,0.91321539340247,30,NA,NA,NA
"control","IRN_SWE",-0.261298241272102,1.05245058927594,32,NA,NA,NA
"control","IRN_SYR",0.0100171155404365,1.65844965372381,23,NA,NA,NA
"control","IRN_TWN",0.144504495470414,1.09212627020038,32,NA,NA,NA
"control","IRN_USA",0.237052271941932,1.01364322830869,29,NA,NA,NA
"control","IRN_VEN",0.0417399397431912,2.0356649538426,10,NA,NA,NA
"control","IRQ_AUS",-0.201870779296911,1.09559367586796,22,NA,NA,NA
"control","IRQ_AUT",0.0593321984332565,0.829032218282178,27,NA,NA,NA
"control","IRQ_CAN",-0.172098507733936,1.65545387663955,30,NA,NA,NA
"control","IRQ_CHE",-0.00661229842072483,1.36059026944604,21,NA,NA,NA
"control","IRQ_CHN",0.0960858667800685,0.998728155912158,31,NA,NA,NA
"control","IRQ_DEU",-0.0458485537718272,0.894593916585714,32,NA,NA,NA
"control","IRQ_DNK",0.0348541416855863,0.976832322147196,26,NA,NA,NA
"control","IRQ_ESP",-0.13247173922123,1.14324870534754,27,NA,NA,NA
"control","IRQ_FIN",0.0942257493674794,1.9784501532879,21,NA,NA,NA
"control","IRQ_FJI",0.022354954628573,1.45879260291051,13,NA,NA,NA
"control","IRQ_FRA",-0.318011274009419,0.735553395277815,27,NA,NA,NA
"control","IRQ_GBR",0.11162538381015,0.907765148022703,26,NA,NA,NA
"control","IRQ_GRC",-0.0669408263091725,0.960962504975586,30,NA,NA,NA
"control","IRQ_ITA",0.100134799273412,1.17816564910807,31,NA,NA,NA
"control","IRQ_JPN",0.0938047953331459,1.1340565197221,27,NA,NA,NA
"control","IRQ_MLT",-0.177874533705458,0.908969205307528,13,NA,NA,NA
"control","IRQ_NLD",-0.0484888850132502,0.91572955368208,32,NA,NA,NA
"control","IRQ_NZL",-0.166579066238134,0.693900252667297,19,NA,NA,NA
"control","IRQ_PRT",-0.11842852144829,1.47630224534201,29,NA,NA,NA
"control","IRQ_SEN",-0.0071276644561423,1.3749179411393,16,NA,NA,NA
"control","IRQ_SWE",-0.295368685179064,1.39861860447133,25,NA,NA,NA
"control","IRQ_TUR",0.0946217196838811,0.737448902461016,26,NA,NA,NA
"control","IRQ_USA",-0.229482760888563,1.10479779311465,27,NA,NA,NA
"control","ISL_ANT",-0.222095287232674,0.608417200821188,12,NA,NA,NA
"control","ISL_ARE",0.0353762598344802,1.15445271475758,24,NA,NA,NA
"control","ISL_ARG",-0.0766409085376268,0.98438138119886,31,NA,NA,NA
"control","ISL_AUS",-0.202683107148902,0.827862309733167,32,NA,NA,NA
"control","ISL_BHR",0.148054230412712,1.15677701877199,16,NA,NA,NA
"control","ISL_BHS",-0.0083116791208548,1.62479034137347,24,NA,NA,NA
"control","ISL_BMU",0.0626494418591316,1.51230349761728,17,NA,NA,NA
"control","ISL_BRA",0.0777744014532733,1.3397885695358,32,NA,NA,NA
"control","ISL_BRB",0.117722556807054,0.843410896964215,25,NA,NA,NA
"control","ISL_CAN",0.0770504383274628,1.19018104732744,20,NA,NA,NA
"control","ISL_CHL",-0.055283042957017,1.02081219927066,15,NA,NA,NA
"control","ISL_CHN",-0.112484817922884,0.574930241801598,25,NA,NA,NA
"control","ISL_CMR",0.0393758979306103,0.917504854426255,29,NA,NA,NA
"control","ISL_COL",0.206657755152418,0.918926075539502,22,NA,NA,NA
"control","ISL_CYM",-0.373052839484166,1.3933065840296,17,NA,NA,NA
"control","ISL_CYP",-0.0473037628488632,1.59727619684693,15,NA,NA,NA
"control","ISL_DZA",0.000363078822619852,0.901886133649102,26,NA,NA,NA
"control","ISL_EGY",0.277032250219082,1.08086508710811,17,NA,NA,NA
"control","ISL_GAB",-0.0963007398580406,1.10628204863623,29,NA,NA,NA
"control","ISL_GIB",-0.151294814332702,1.2329749630268,20,NA,NA,NA
"control","ISL_GRL",-0.0610011882576437,2.11914443745332,32,NA,NA,NA
"control","ISL_IDN",-0.0411739877250894,0.821128410428473,31,NA,NA,NA
"control","ISL_JAM",0.0949651151420436,0.808192276783307,28,NA,NA,NA
"control","ISL_JPN",-0.0465803404969226,1.11881427303957,32,NA,NA,NA
"control","ISL_KEN",-0.0864277173343995,0.812047608973755,31,NA,NA,NA
"control","ISL_KOR",-0.033204417112648,0.875205068405546,17,NA,NA,NA
"control","ISL_MEX",0.139692813064185,0.714905145649939,12,NA,NA,NA
"control","ISL_MLT",0.198396927533507,1.34326210179887,13,NA,NA,NA
"control","ISL_MUS",-0.303456625900927,1.55394070744818,31,NA,NA,NA
"control","ISL_NFK",-0.156033488870118,0.578396953484708,9,NA,NA,NA
"control","ISL_NGA",0.194520626728203,1.22581842715648,32,NA,NA,NA
"control","ISL_NZL",0.0370228485253222,1.04437195608287,32,NA,NA,NA
"control","ISL_PAN",0.120307410661839,1.18047061502411,18,NA,NA,NA
"control","ISL_PHL",0.266575533383047,1.418486129402,28,NA,NA,NA
"control","ISL_PNG",0.0171330476586369,0.847542635781605,17,NA,NA,NA
"control","ISL_SAU",-0.250576764057241,1.26229566262245,25,NA,NA,NA
"control","ISL_SEN",0.00190156380933305,1.06934591932135,26,NA,NA,NA
"control","ISL_SGP",-0.32389974236662,0.839588597184141,14,NA,NA,NA
"control","ISL_THA",0.160856954029028,0.915424051124941,32,NA,NA,NA
"control","ISL_TWN",-0.227976914602936,0.845695508211572,32,NA,NA,NA
"control","ISL_USA",0.083442954006697,1.10770916175472,32,NA,NA,NA
"control","ISR_ARG",0.0954327670837407,1.31328538182256,20,NA,NA,NA
"control","ISR_AUS",0.254634289365597,1.22921502380886,32,NA,NA,NA
"control","ISR_BOL",-0.227655543087583,1.19656199850839,31,NA,NA,NA
"control","ISR_BRB",-0.0642141952865066,0.859955397384188,28,NA,NA,NA
"control","ISR_CAN",0.0917286436378626,1.10566575145514,8,NA,NA,NA
"control","ISR_CMR",0.0583393258567221,1.01237144612203,30,NA,NA,NA
"control","ISR_COL",0.295069822702208,0.438532270807728,32,NA,NA,NA
"control","ISR_CRI",-0.280813070216065,0.982729420418846,30,NA,NA,NA
"control","ISR_ECU",-0.190814927636052,0.928637267446424,32,NA,NA,NA
"control","ISR_HND",-0.0280484057158022,1.04542319662649,28,NA,NA,NA
"control","ISR_HUN",0.239281023716723,1.26299758140792,8,NA,NA,NA
"control","ISR_IND",-0.124323249119168,1.26293558099615,32,NA,NA,NA
"control","ISR_JPN",0.313628618674121,0.661557665435741,32,NA,NA,NA
"control","ISR_KEN",-0.309466810082358,1.17748984920331,31,NA,NA,NA
"control","ISR_MTQ",0.192059054104781,0.852358590521624,8,NA,NA,NA
"control","ISR_NZL",-0.20751751772395,1.13172857660858,32,NA,NA,NA
"control","ISR_PAN",-0.414409703032554,1.10809523664317,32,NA,NA,NA
"control","ISR_REU",0.347249780219511,0.938735009839068,8,NA,NA,NA
"control","ISR_SGP",0.00188429200859865,0.556614110421775,32,NA,NA,NA
"control","ISR_THA",0.305203346867466,1.24670896513895,32,NA,NA,NA
"control","ISR_TWN",0.21635423178936,1.04574232248792,32,NA,NA,NA
"control","ITA_AFG",0.00903976152637054,1.40911795666298,30,NA,NA,NA
"control","ITA_AGO",-0.0859357135090716,0.959496141613772,32,NA,NA,NA
"control","ITA_ALB",-0.122659824256313,0.476287394359673,17,NA,NA,NA
"control","ITA_ARE",-0.103789779955432,0.965529536678735,32,NA,NA,NA
"control","ITA_ARG",0.00365160794294567,1.30362051855879,32,NA,NA,NA
"control","ITA_AUS",-0.129505456716593,1.11002767173715,32,NA,NA,NA
"control","ITA_BDI",0.148006700314672,0.914855168609263,32,NA,NA,NA
"control","ITA_BEN",-0.151518537540512,0.840924696744646,32,NA,NA,NA
"control","ITA_BFA",-0.297713200760607,0.770515123631415,32,NA,NA,NA
"control","ITA_BGD",-0.0429270685941878,0.798777478413448,32,NA,NA,NA
"control","ITA_BHR",-0.0285778992072517,0.979162023626766,32,NA,NA,NA
"control","ITA_BHS",0.0737982126870098,1.08558120815861,15,NA,NA,NA
"control","ITA_BLZ",0.0281375236662566,0.671065214053681,16,NA,NA,NA
"control","ITA_BOL",-0.0770259704180456,0.850084759718153,32,NA,NA,NA
"control","ITA_BRA",0.173736450773302,0.920701453588328,32,NA,NA,NA
"control","ITA_BRB",0.495490801048273,1.45877688446478,16,NA,NA,NA
"control","ITA_BRN",-0.363670431555089,0.476962371333598,29,NA,NA,NA
"control","ITA_BTN",0.30310440705338,0.904264401738868,29,NA,NA,NA
"control","ITA_CAF",-0.0599152009229385,0.796744572195198,32,NA,NA,NA
"control","ITA_CAN",-0.385099744251431,1.13825502449055,28,NA,NA,NA
"control","ITA_CHL",0.117275775586017,0.413468288131914,14,NA,NA,NA
"control","ITA_CHN",0.0900130893292538,0.851865498440557,32,NA,NA,NA
"control","ITA_CIV",-0.259039135076587,1.04809981844659,27,NA,NA,NA
"control","ITA_CMR",-0.125017094703567,1.33625141806455,25,NA,NA,NA
"control","ITA_COD",0.0455430486610156,1.37791538331936,32,NA,NA,NA
"control","ITA_COG",-0.0834274718749485,0.72328407990439,32,NA,NA,NA
"control","ITA_COL",0.46740067134538,0.710620532876586,24,NA,NA,NA
"control","ITA_COM",0.143177838300538,1.01864002065297,30,NA,NA,NA
"control","ITA_CPV",0.0371544169937672,1.18260497803229,31,NA,NA,NA
"control","ITA_CRI",0.075478123158532,0.987037194749498,24,NA,NA,NA
"control","ITA_CUB",-0.0576066665032485,0.899679484415839,32,NA,NA,NA
"control","ITA_DJI",0.044603945178188,0.863071246546448,31,NA,NA,NA
"control","ITA_DOM",-0.424992139721853,0.91891245991774,18,NA,NA,NA
"control","ITA_ECU",-0.0667391960573538,1.27048153276933,28,NA,NA,NA
"control","ITA_GAB",-0.0623591928400415,1.03943792224884,31,NA,NA,NA
"control","ITA_GHA",0.130937484465889,1.34388405190586,27,NA,NA,NA
"control","ITA_GIN",0.252613467178811,1.62249556822742,30,NA,NA,NA
"control","ITA_GLP",0.0717523753759551,0.590388693766446,9,NA,NA,NA
"control","ITA_GMB",-0.126749932032045,1.21332478171425,32,NA,NA,NA
"control","ITA_GNB",-0.266004965971076,1.20804685544209,29,NA,NA,NA
"control","ITA_GTM",0.20388905605036,1.21442393987598,23,NA,NA,NA
"control","ITA_GUF",0.197251163397552,2.74368096821223,8,NA,NA,NA
"control","ITA_HND",0.168779689206362,0.992296677899064,24,NA,NA,NA
"control","ITA_HTI",-0.00374413283173071,0.791179324867184,31,NA,NA,NA
"control","ITA_IDN",-0.000464379382585051,0.554142158982876,32,NA,NA,NA
"control","ITA_IND",0.0549800326323824,1.187375361775,32,NA,NA,NA
"control","ITA_IRN",0.0205260677448018,1.1177624722854,32,NA,NA,NA
"control","ITA_IRQ",0.0100538892164496,0.984199038533641,30,NA,NA,NA
"control","ITA_JAM",0.238392498127131,0.77103200886438,19,NA,NA,NA
"control","ITA_JOR",0.365142341691792,0.403457039200833,13,NA,NA,NA
"control","ITA_JPN",-0.0115846329578005,1.24974766821208,30,NA,NA,NA
"control","ITA_KEN",0.138114720262534,0.682718888451472,32,NA,NA,NA
"control","ITA_KNA",0.319027839743929,0.491827962291311,15,NA,NA,NA
"control","ITA_KOR",0.163069240139833,0.547227390838381,22,NA,NA,NA
"control","ITA_KWT",-0.0473701768842261,1.10466152442019,32,NA,NA,NA
"control","ITA_LAO",0.163807651406727,0.449621691040885,27,NA,NA,NA
"control","ITA_LBR",-0.0663998425994756,0.547296343063052,31,NA,NA,NA
"control","ITA_LBY",0.134922225201131,0.8664999993077,32,NA,NA,NA
"control","ITA_LCA",-0.113769344401853,0.577251562722208,16,NA,NA,NA
"control","ITA_LKA",-0.119031662406462,0.977682392690121,32,NA,NA,NA
"control","ITA_MDG",-0.121716596961904,0.58797581976452,23,NA,NA,NA
"control","ITA_MEX",-0.0674392809138343,0.51896888484095,11,NA,NA,NA
"control","ITA_MLI",0.193151321328879,1.26602322440066,32,NA,NA,NA
"control","ITA_MMR",-0.432499886081059,0.623516359158104,32,NA,NA,NA
"control","ITA_MOZ",-0.00421542279942275,1.24778246353712,27,NA,NA,NA
"control","ITA_MRT",0.182540832902187,0.846916470267517,31,NA,NA,NA
"control","ITA_MTQ",0.433405104546213,0.653760529071457,9,NA,NA,NA
"control","ITA_MUS",-0.284427260412232,1.52613808024322,23,NA,NA,NA
"control","ITA_MWI",-0.188213320373836,0.718413339064342,32,NA,NA,NA
"control","ITA_MYS",0.104865651809771,0.95029393553002,32,NA,NA,NA
"control","ITA_NER",0.474719413407595,0.912494196420324,31,NA,NA,NA
"control","ITA_NGA",-0.0889562502492444,0.834758944094801,32,NA,NA,NA
"control","ITA_NIC",0.102774551174121,1.19038735363245,24,NA,NA,NA
"control","ITA_NZL",-0.239029683324875,0.846638799921489,32,NA,NA,NA
"control","ITA_OMN",0.209496791519422,1.15258963535466,32,NA,NA,NA
"control","ITA_PAK",0.161742652921125,0.93352504475809,32,NA,NA,NA
"control","ITA_PAN",-0.261783548969119,1.15684122693904,24,NA,NA,NA
"control","ITA_PER",0.062337801825434,1.41871376819801,24,NA,NA,NA
"control","ITA_PHL",-0.467905068927835,1.23791264416453,32,NA,NA,NA
"control","ITA_PNG",0.0182945442621237,0.74714964557879,18,NA,NA,NA
"control","ITA_PRK",0.0937624929361905,1.09189245009295,32,NA,NA,NA
"control","ITA_PRY",0.0587432810047869,0.845849212395566,32,NA,NA,NA
"control","ITA_QAT",-0.0026596903007641,0.882949363880758,32,NA,NA,NA
"control","ITA_REU",0.39923398087052,2.41507604492741,9,NA,NA,NA
"control","ITA_RWA",-0.226958413973557,1.35914394550739,30,NA,NA,NA
"control","ITA_SAU",-0.271391440735913,1.31040776624642,32,NA,NA,NA
"control","ITA_SDN",-0.189992638511368,1.12961877223394,32,NA,NA,NA
"control","ITA_SEN",0.00190056261386244,0.976130348126491,32,NA,NA,NA
"control","ITA_SGP",-0.107055818681261,1.11149118532227,30,NA,NA,NA
"control","ITA_SLB",-0.119012929994303,0.730283655595666,30,NA,NA,NA
"control","ITA_SLE",0.221954551027475,0.835641043120366,32,NA,NA,NA
"control","ITA_SLV",0.295507546170598,0.849722344261689,24,NA,NA,NA
"control","ITA_SOM",0.00615068677825371,1.08628723475566,32,NA,NA,NA
"control","ITA_STP",-0.101856937510778,0.971378715570199,30,NA,NA,NA
"control","ITA_SYC",-0.327527496794914,0.597572897260222,20,NA,NA,NA
"control","ITA_TCD",0.153426281999404,1.40466596351742,32,NA,NA,NA
"control","ITA_TGO",-0.230799010988827,1.54240274922087,32,NA,NA,NA
"control","ITA_THA",0.119432898929268,0.678257165771043,32,NA,NA,NA
"control","ITA_TWN",0.206223115977635,0.741476191368767,32,NA,NA,NA
"control","ITA_TZA",-0.148681524459311,0.838672012721986,32,NA,NA,NA
"control","ITA_UGA",0.10396875487218,1.14703192394803,32,NA,NA,NA
"control","ITA_URY",0.00756109345213924,0.993690307599703,32,NA,NA,NA
"control","ITA_USA",0.0738113677865357,1.3733658334061,32,NA,NA,NA
"control","ITA_VEN",0.271735810302182,0.709458447003653,32,NA,NA,NA
"control","ITA_ZAF",0.120199851332815,1.15699420096041,11,NA,NA,NA
"control","ITA_ZMB",-0.00452012751591997,0.759533303030429,32,NA,NA,NA
"control","ITA_ZWE",0.183198429565071,0.443223721898831,22,NA,NA,NA
"control","JAM_AUS",-0.213161892540678,0.569675377137866,32,NA,NA,NA
"control","JAM_AUT",0.140053809041696,1.34241554025269,19,NA,NA,NA
"control","JAM_CAN",0.273531306466343,1.3306392881332,32,NA,NA,NA
"control","JAM_CHE",-0.0524295184943933,0.98096045174469,32,NA,NA,NA
"control","JAM_DEU",0.133994950362046,1.30791099834788,19,NA,NA,NA
"control","JAM_DNK",0.0541126058677247,1.31993378116348,19,NA,NA,NA
"control","JAM_DOM",0.0599800907395293,0.820624268340671,28,NA,NA,NA
"control","JAM_ESP",-0.13527796753789,0.845982400546437,19,NA,NA,NA
"control","JAM_FIN",0.0888021858926468,0.79199950389773,19,NA,NA,NA
"control","JAM_FRA",-0.0954457726010405,1.36398079260183,19,NA,NA,NA
"control","JAM_GBR",-0.278307024358481,0.360338900820559,19,NA,NA,NA
"control","JAM_GRC",0.0246592750711671,1.31666742773498,18,NA,NA,NA
"control","JAM_IRL",-0.0687593510147325,0.718625205033876,18,NA,NA,NA
"control","JAM_ISL",-0.188964318866063,1.2081452416594,32,NA,NA,NA
"control","JAM_ITA",-0.011262163244735,1.48772657822006,19,NA,NA,NA
"control","JAM_JPN",-0.0553100690766252,0.9665254208231,32,NA,NA,NA
"control","JAM_KOR",0.0342586712059011,1.57546167274674,32,NA,NA,NA
"control","JAM_MLT",0.239082667539189,1.14975358147627,9,NA,NA,NA
"control","JAM_NLD",0.0162520340498856,0.800181897903133,19,NA,NA,NA
"control","JAM_NOR",-0.0693107522775438,0.815749502268666,32,NA,NA,NA
"control","JAM_NZL",-0.02618058914754,0.801360280237268,32,NA,NA,NA
"control","JAM_PRT",-0.103786705387022,1.09188070881434,19,NA,NA,NA
"control","JAM_SWE",-0.412407386906803,0.745862083984164,19,NA,NA,NA
"control","JAM_THA",0.027365821545819,0.726525107287823,32,NA,NA,NA
"control","JAM_USA",0.414316134166673,0.834230904177718,32,NA,NA,NA
"control","JOR_ARE",-0.53161746485201,0.478495172719976,9,NA,NA,NA
"control","JOR_AUS",0.174874419474033,0.639768263474866,32,NA,NA,NA
"control","JOR_AUT",0.0578159456319852,0.851649294309191,13,NA,NA,NA
"control","JOR_BHR",-0.136942799518197,0.574197979135366,9,NA,NA,NA
"control","JOR_CHE",-0.179712230844074,0.61521541465312,13,NA,NA,NA
"control","JOR_CYP",0.0584795796182976,0.855825475864954,15,NA,NA,NA
"control","JOR_DEU",0.242978461276022,0.575691554718832,13,NA,NA,NA
"control","JOR_DNK",0.0572004616680354,0.61737412085577,13,NA,NA,NA
"control","JOR_ESP",0.342372085134874,0.716977488145409,13,NA,NA,NA
"control","JOR_FIN",0.416716247385529,0.932686007961847,13,NA,NA,NA
"control","JOR_FRA",0.117994256637596,1.62610466308992,13,NA,NA,NA
"control","JOR_GBR",0.246848071621546,1.2397593918345,13,NA,NA,NA
"control","JOR_GRC",-0.616051561741686,0.451868947472937,13,NA,NA,NA
"control","JOR_HUN",-0.262933723081467,0.752265967738103,14,NA,NA,NA
"control","JOR_IDN",0.100397945150185,1.3391752732518,32,NA,NA,NA
"control","JOR_IND",0.00151581764374401,1.05349226296613,32,NA,NA,NA
"control","JOR_IRN",-0.0814268578079128,0.936351454177372,29,NA,NA,NA
"control","JOR_ITA",0.258467374610318,0.833574138227074,12,NA,NA,NA
"control","JOR_JPN",-0.261878764526755,1.21722231077371,32,NA,NA,NA
"control","JOR_KEN",-0.103671555213804,0.865522156506061,28,NA,NA,NA
"control","JOR_KOR",-0.195982283941516,0.863142990179241,32,NA,NA,NA
"control","JOR_LBN",0.20296203168869,0.210654855546997,9,NA,NA,NA
"control","JOR_LKA",-0.227682223007008,1.02017589711509,32,NA,NA,NA
"control","JOR_MYS",0.0150854505065964,1.82633949709798,32,NA,NA,NA
"control","JOR_NLD",0.374156882409299,0.963968406604146,13,NA,NA,NA
"control","JOR_OMN",0.210956264497138,1.01440763414139,9,NA,NA,NA
"control","JOR_QAT",0.294786141506875,1.5178415739191,9,NA,NA,NA
"control","JOR_SAU",0.117920908434117,0.967967050445559,9,NA,NA,NA
"control","JOR_SDN",0.0665376700768923,0.978190754275914,8,NA,NA,NA
"control","JOR_SGP",-0.42170657409291,1.09651819281005,16,NA,NA,NA
"control","JOR_SWE",0.0556481462219801,0.698017184892518,13,NA,NA,NA
"control","JOR_THA",-0.0294967518244433,0.973555310432866,32,NA,NA,NA
"control","JOR_TUR",-0.0157474002084588,0.716272693305984,22,NA,NA,NA
"control","JOR_TWN",-0.22792496265379,0.764311382700994,26,NA,NA,NA
"control","JOR_USA",-0.234141444456475,0.569526284192917,12,NA,NA,NA
"control","JPN_AFG",0.27152893857606,1.85532818808242,32,NA,NA,NA
"control","JPN_AGO",-0.119768675326432,0.905694383964182,32,NA,NA,NA
"control","JPN_AIA",-0.325431734678488,0.870855055397611,32,NA,NA,NA
"control","JPN_ALB",-0.199263750652988,1.25908518079379,32,NA,NA,NA
"control","JPN_AND",-0.415086803257429,1.47971319569028,32,NA,NA,NA
"control","JPN_ANT",-0.138684678868344,1.15647564566235,23,NA,NA,NA
"control","JPN_ARE",0.209959082888264,1.280041208145,32,NA,NA,NA
"control","JPN_ARG",0.067961689862281,1.05878975114538,32,NA,NA,NA
"control","JPN_ATG",-0.0519250436475761,1.17628727751289,32,NA,NA,NA
"control","JPN_AUS",0.241712908189099,1.13443131299177,26,NA,NA,NA
"control","JPN_AUT",-0.070279320343073,0.912491388690457,30,NA,NA,NA
"control","JPN_BDI",0.0115179446182933,0.878571125911269,32,NA,NA,NA
"control","JPN_BEN",0.104085295524641,1.43671130879306,32,NA,NA,NA
"control","JPN_BFA",-0.303020849776899,1.31148343702152,32,NA,NA,NA
"control","JPN_BGD",-0.0190068037205146,1.24434383201801,32,NA,NA,NA
"control","JPN_BGR",-0.0211853213708049,0.733581194962436,30,NA,NA,NA
"control","JPN_BHR",0.0852207301462216,0.863039845643001,32,NA,NA,NA
"control","JPN_BHS",0.0659930790955867,0.973322922356699,32,NA,NA,NA
"control","JPN_BLZ",0.198874417087658,0.97656639512446,32,NA,NA,NA
"control","JPN_BMU",0.143248115386401,0.686889226819105,32,NA,NA,NA
"control","JPN_BOL",0.0146968352391413,1.08315802863987,32,NA,NA,NA
"control","JPN_BRA",0.0584282488086723,0.956937544694607,32,NA,NA,NA
"control","JPN_BRB",0.0409022676686226,0.821216174936406,32,NA,NA,NA
"control","JPN_BRN",0.0300527787702926,0.627277329594214,19,NA,NA,NA
"control","JPN_BTN",-0.123751678398684,0.78842875968072,32,NA,NA,NA
"control","JPN_CAF",0.264369789977814,1.05381180241546,32,NA,NA,NA
"control","JPN_CAN",0.116709148823842,0.783000056876818,30,NA,NA,NA
"control","JPN_CCK",-0.320648095838755,1.25691161904337,12,NA,NA,NA
"control","JPN_CHE",-0.0251068120434681,0.733573783089099,20,NA,NA,NA
"control","JPN_CHL",-0.812625885826801,0.938498570949623,18,NA,NA,NA
"control","JPN_CHN",-0.0715101191489452,0.830391066260856,32,NA,NA,NA
"control","JPN_CIV",0.014361764861107,0.902843728805916,32,NA,NA,NA
"control","JPN_CMR",-0.0636596968924969,0.675833228120618,32,NA,NA,NA
"control","JPN_COD",-0.130374727695388,1.12116097420716,32,NA,NA,NA
"control","JPN_COG",0.0695434053067211,1.10671229421755,32,NA,NA,NA
"control","JPN_COK",0.0258580079757866,1.08007829959765,32,NA,NA,NA
"control","JPN_COL",0.0175773175085705,0.653887973891426,32,NA,NA,NA
"control","JPN_COM",-0.213332859528843,0.719835367093178,32,NA,NA,NA
"control","JPN_CPV",0.0855992708314627,0.803573180609749,32,NA,NA,NA
"control","JPN_CRI",0.097415592106593,0.773483286294136,32,NA,NA,NA
"control","JPN_CUB",-0.246040494011938,0.866185742400744,32,NA,NA,NA
"control","JPN_CYM",-0.1633787690591,0.727627669018219,32,NA,NA,NA
"control","JPN_CYP",0.248250389547798,1.52484989124201,30,NA,NA,NA
"control","JPN_DEU",-0.27205834575302,0.593350633910398,30,NA,NA,NA
"control","JPN_DJI",-0.165510761510635,1.03681008547582,32,NA,NA,NA
"control","JPN_DMA",-0.178832933410193,0.690207229291799,32,NA,NA,NA
"control","JPN_DNK",0.458999195866552,1.02020231041726,30,NA,NA,NA
"control","JPN_DOM",0.109105605525142,1.76744830363796,32,NA,NA,NA
"control","JPN_DZA",-0.12385430666606,0.99222177612099,32,NA,NA,NA
"control","JPN_ECU",0.266582859637246,0.78235213926093,32,NA,NA,NA
"control","JPN_EGY",-0.065477078269265,0.934851822562094,32,NA,NA,NA
"control","JPN_ESP",-0.201372924414284,1.00163661267694,30,NA,NA,NA
"control","JPN_FIN",-0.107765842978469,1.07854731763206,30,NA,NA,NA
"control","JPN_FJI",-0.122390041727437,0.923780769328954,32,NA,NA,NA
"control","JPN_FLK",-0.207666287223961,1.10857120121881,32,NA,NA,NA
"control","JPN_FRA",0.349655258864161,0.779851491296781,30,NA,NA,NA
"control","JPN_GAB",-0.418312030010417,1.20810024026881,32,NA,NA,NA
"control","JPN_GBR",0.204886317754253,0.586255016317462,30,NA,NA,NA
"control","JPN_GHA",-0.216437108670492,1.0229721737435,32,NA,NA,NA
"control","JPN_GIB",-0.172936186815566,1.18660315159632,32,NA,NA,NA
"control","JPN_GIN",0.310774775239884,0.907688657638985,32,NA,NA,NA
"control","JPN_GLP",0.42419697494324,0.900064587536607,8,NA,NA,NA
"control","JPN_GMB",0.25274568254762,1.04685065811293,32,NA,NA,NA
"control","JPN_GNB",0.0702049594545834,0.702661162893426,32,NA,NA,NA
"control","JPN_GNQ",-0.0762549298266873,0.792584437787714,32,NA,NA,NA
"control","JPN_GRC",0.396610958510761,1.11087045744913,30,NA,NA,NA
"control","JPN_GRD",0.315437975967967,0.645091566251334,32,NA,NA,NA
"control","JPN_GRL",-0.0726219509155332,0.728402601846195,32,NA,NA,NA
"control","JPN_GTM",0.190299827780145,1.15047064479166,32,NA,NA,NA
"control","JPN_GUF",-0.481793906944657,0.963294710355633,9,NA,NA,NA
"control","JPN_GUY",-0.218842512857008,1.15257350486095,32,NA,NA,NA
"control","JPN_HND",0.114970267139939,0.978570522816211,32,NA,NA,NA
"control","JPN_HTI",-0.314494886621988,1.11189704586801,32,NA,NA,NA
"control","JPN_HUN",0.178557364454672,0.968494440364471,30,NA,NA,NA
"control","JPN_IDN",-0.17647859712334,1.03111349765577,19,NA,NA,NA
"control","JPN_IND",0.0626753385300849,0.957327765732599,22,NA,NA,NA
"control","JPN_IRL",-0.0431948061840593,0.871388022284273,30,NA,NA,NA
"control","JPN_IRN",-0.179570286161601,0.958711035882362,32,NA,NA,NA
"control","JPN_IRQ",0.0875053844798842,1.325704808039,32,NA,NA,NA
"control","JPN_ISL",-0.118171633193131,0.815599180876082,32,NA,NA,NA
"control","JPN_ISR",0.0582211704020566,1.52269437886652,32,NA,NA,NA
"control","JPN_ITA",0.123650370918272,0.80526056773123,30,NA,NA,NA
"control","JPN_JAM",0.148382161759106,1.08003748422689,32,NA,NA,NA
"control","JPN_JOR",-0.0211818260433417,0.771750805048355,32,NA,NA,NA
"control","JPN_KEN",-0.530449905850951,0.792050302639405,32,NA,NA,NA
"control","JPN_KHM",-0.073700731308145,0.719921360386126,19,NA,NA,NA
"control","JPN_KIR",-0.16254433669532,1.17156843340066,32,NA,NA,NA
"control","JPN_KNA",-0.303154498401261,0.72965421928453,32,NA,NA,NA
"control","JPN_KOR",0.135629912222648,0.895257875090616,32,NA,NA,NA
"control","JPN_KWT",0.0129845496460714,0.881957843478704,32,NA,NA,NA
"control","JPN_LAO",0.315882798344009,0.767607444664348,19,NA,NA,NA
"control","JPN_LBN",-0.29024580539742,0.988348621651362,32,NA,NA,NA
"control","JPN_LBR",0.0345603378118543,1.51689644137504,32,NA,NA,NA
"control","JPN_LBY",-0.0574436366799773,0.817284112172767,32,NA,NA,NA
"control","JPN_LCA",0.469228319484307,0.870349679614449,32,NA,NA,NA
"control","JPN_LKA",-0.175751043614981,0.91554848382706,32,NA,NA,NA
"control","JPN_MAC",-0.30174870175878,0.911955984494324,32,NA,NA,NA
"control","JPN_MAR",-0.12054286964162,0.945719110489432,32,NA,NA,NA
"control","JPN_MDG",-0.0389458732458282,1.15092007494863,32,NA,NA,NA
"control","JPN_MDV",0.204470541654351,0.87431718145189,32,NA,NA,NA
"control","JPN_MEX",0.203185153855944,1.46840160198804,16,NA,NA,NA
"control","JPN_MLI",-0.0959503278285638,0.860459058052378,32,NA,NA,NA
"control","JPN_MLT",-0.111331298788441,1.37338991446347,30,NA,NA,NA
"control","JPN_MMR",-0.323108357827987,0.374696749452719,19,NA,NA,NA
"control","JPN_MNG",0.237313344732754,1.43250465667447,27,NA,NA,NA
"control","JPN_MOZ",-0.0622068074319841,1.08428151141991,32,NA,NA,NA
"control","JPN_MRT",-0.0152090594262723,0.835325976992979,32,NA,NA,NA
"control","JPN_MSR",0.0448214056692609,1.4516159211564,32,NA,NA,NA
"control","JPN_MUS",0.148197472387089,0.988962519069141,32,NA,NA,NA
"control","JPN_MWI",0.291763688765034,0.955647361311848,32,NA,NA,NA
"control","JPN_MYS",-0.489369958973077,0.86687862827627,17,NA,NA,NA
"control","JPN_NER",0.0445242844624328,1.48609401851177,32,NA,NA,NA
"control","JPN_NGA",0.0323489949727149,0.751848648754114,32,NA,NA,NA
"control","JPN_NIC",-0.250105767472703,0.72510555793214,32,NA,NA,NA
"control","JPN_NLD",-0.378859450142374,0.957851481415477,30,NA,NA,NA
"control","JPN_NOR",-0.0514652085469438,1.3625491215524,32,NA,NA,NA
"control","JPN_NPL",-0.186660170534625,0.964680346413673,32,NA,NA,NA
"control","JPN_NRU",-0.110659775697186,1.01198108072369,32,NA,NA,NA
"control","JPN_NZL",0.093420082860665,1.04474788408214,30,NA,NA,NA
"control","JPN_OMN",-0.132264089017931,0.982364189314605,32,NA,NA,NA
"control","JPN_PAK",0.139536774144249,0.981227458562812,32,NA,NA,NA
"control","JPN_PAN",-0.131711641223019,0.566384180120258,32,NA,NA,NA
"control","JPN_PCN",-0.0121304613475872,0.850958655183155,19,NA,NA,NA
"control","JPN_PER",0.223391384337407,1.46381574503138,23,NA,NA,NA
"control","JPN_PHL",0.0594433828067059,1.12848282030796,19,NA,NA,NA
"control","JPN_PNG",0.13920724424672,1.11678852912513,32,NA,NA,NA
"control","JPN_POL",-0.203451776181009,0.532021516862054,30,NA,NA,NA
"control","JPN_PRK",-0.154334957313874,0.670034693297881,22,NA,NA,NA
"control","JPN_PRT",-0.156140322658582,0.942574022965035,30,NA,NA,NA
"control","JPN_PRY",-0.0927267667309887,1.32923387704293,32,NA,NA,NA
"control","JPN_PYF",-0.103062485394947,0.896123101811538,32,NA,NA,NA
"control","JPN_QAT",-0.0551836092348151,1.25536072827896,32,NA,NA,NA
"control","JPN_REU",-0.128027789893511,0.439170738188704,10,NA,NA,NA
"control","JPN_ROU",0.174437786368011,1.0898946665779,30,NA,NA,NA
"control","JPN_RWA",-0.143881550998963,1.22115190758764,32,NA,NA,NA
"control","JPN_SAU",0.0687033182104323,0.898401863246838,32,NA,NA,NA
"control","JPN_SDN",0.0981306491202471,0.904570562305443,32,NA,NA,NA
"control","JPN_SEN",-0.386673372664736,0.842544944233725,32,NA,NA,NA
"control","JPN_SGP",-0.0851066230030977,1.03602379574536,13,NA,NA,NA
"control","JPN_SLB",-0.307291206079647,0.833300924003215,32,NA,NA,NA
"control","JPN_SLE",0.0557884396423982,0.766531286978635,32,NA,NA,NA
"control","JPN_SLV",-0.0798593914749984,0.975743860549367,32,NA,NA,NA
"control","JPN_SOM",0.0500654965592396,0.946446679652031,32,NA,NA,NA
"control","JPN_SPM",-0.30916749859047,0.818896897899304,19,NA,NA,NA
"control","JPN_STP",0.248662523756938,1.60287540329751,32,NA,NA,NA
"control","JPN_SUR",0.0463350666170264,0.411391016765006,32,NA,NA,NA
"control","JPN_SWE",0.275397634573938,1.07590036753867,30,NA,NA,NA
"control","JPN_SYC",0.0815982608422093,0.897312334236739,32,NA,NA,NA
"control","JPN_SYR",-0.223492815566613,1.09602630950504,32,NA,NA,NA
"control","JPN_TCA",-0.247772621692364,1.05882210095805,32,NA,NA,NA
"control","JPN_TCD",0.0295086932680726,0.803425548163917,32,NA,NA,NA
"control","JPN_TGO",-0.250846193361432,1.99123570533,32,NA,NA,NA
"control","JPN_THA",-0.173264873742525,0.975029789365915,18,NA,NA,NA
"control","JPN_TON",-0.0821718096169924,0.730142267766835,32,NA,NA,NA
"control","JPN_TTO",-0.00967917167426385,0.912066552983976,32,NA,NA,NA
"control","JPN_TUN",0.0724131248661281,1.17438504614729,32,NA,NA,NA
"control","JPN_TUR",-0.264172334422433,0.884965485672597,32,NA,NA,NA
"control","JPN_TUV",0.000908547103983019,0.77400973738364,32,NA,NA,NA
"control","JPN_TWN",-0.233226964165495,0.878207012274462,32,NA,NA,NA
"control","JPN_TZA",-0.0318040410205414,1.01045155428237,32,NA,NA,NA
"control","JPN_UGA",0.270761711764463,1.01294165457112,32,NA,NA,NA
"control","JPN_URY",-0.377670315033477,0.696571393368795,32,NA,NA,NA
"control","JPN_USA",0.0713254941688476,1.38819011200914,32,NA,NA,NA
"control","JPN_VCT",0.0663503969895359,0.811099688995168,32,NA,NA,NA
"control","JPN_VEN",-0.0610236113701259,1.44603726304382,32,NA,NA,NA
"control","JPN_VGB",-0.341338027855584,0.735145045113369,32,NA,NA,NA
"control","JPN_VNM",0.0999971115407208,0.673626053626861,19,NA,NA,NA
"control","JPN_VUT",-0.148045243081922,1.51924871845589,32,NA,NA,NA
"control","JPN_WSM",0.15874834162928,0.958068563357769,32,NA,NA,NA
"control","JPN_YEM",-0.170427685431705,0.728494466229833,31,NA,NA,NA
"control","JPN_ZAF",0.186714757944149,0.95862304528036,32,NA,NA,NA
"control","JPN_ZMB",0.0189135641781538,0.92406873329906,32,NA,NA,NA
"control","JPN_ZWE",0.374452308127666,1.38448369172833,32,NA,NA,NA
"control","KEN_ARE",-0.279947222108961,0.649648048677276,28,NA,NA,NA
"control","KEN_AUS",-0.0499190786877569,0.862215462396168,32,NA,NA,NA
"control","KEN_AUT",0.0366530774671647,0.741839702944155,32,NA,NA,NA
"control","KEN_BGD",-0.101129812845352,0.507704658021484,30,NA,NA,NA
"control","KEN_BHR",-0.0274089874497936,1.07737294907107,29,NA,NA,NA
"control","KEN_BRA",0.0254810841801768,0.87504214384125,32,NA,NA,NA
"control","KEN_CAN",0.187801243323304,0.880881715104309,32,NA,NA,NA
"control","KEN_CHE",-0.122758667390347,1.172095277725,32,NA,NA,NA
"control","KEN_CHN",-0.28565495365912,0.870690596838197,32,NA,NA,NA
"control","KEN_DEU",0.0695712234866778,0.784979420342345,32,NA,NA,NA
"control","KEN_DNK",-0.238835789543741,0.865485773867103,32,NA,NA,NA
"control","KEN_EGY",-0.302833737568942,0.681464756998807,10,NA,NA,NA
"control","KEN_ESP",-0.06199152948482,1.11286858106231,32,NA,NA,NA
"control","KEN_FIN",-0.0785945709489507,1.16455019577814,32,NA,NA,NA
"control","KEN_FJI",0.00220371219313672,1.06666987191564,19,NA,NA,NA
"control","KEN_FRA",0.117485507689342,0.825763585572312,32,NA,NA,NA
"control","KEN_GBR",-0.0107974549325561,0.830420654975936,32,NA,NA,NA
"control","KEN_GRC",0.0474304995008278,1.06802322868443,32,NA,NA,NA
"control","KEN_IND",-0.187666101364965,0.61100435333744,32,NA,NA,NA
"control","KEN_IRL",-0.0513900781846282,1.02331392093691,32,NA,NA,NA
"control","KEN_ISL",-0.0563660206240436,1.30186512707023,32,NA,NA,NA
"control","KEN_ISR",0.0281085830231062,0.899766919946467,31,NA,NA,NA
"control","KEN_ITA",0.0426041686486208,0.958153785406753,32,NA,NA,NA
"control","KEN_JOR",-0.109863308036742,1.05898019612015,31,NA,NA,NA
"control","KEN_JPN",0.215325945371386,0.765175744912806,32,NA,NA,NA
"control","KEN_KOR",0.295829925271132,0.682756222739104,32,NA,NA,NA
"control","KEN_LKA",-0.0572079081155604,1.18420664423882,32,NA,NA,NA
"control","KEN_MAR",-0.11487333013628,0.890742598875038,32,NA,NA,NA
"control","KEN_MLT",0.083584795647426,1.21874798091702,31,NA,NA,NA
"control","KEN_MYS",-0.167990964530961,0.745032905298666,32,NA,NA,NA
"control","KEN_NGA",-0.101768208429853,0.724880333590964,26,NA,NA,NA
"control","KEN_NLD",-0.0745447707254292,1.24882673365912,32,NA,NA,NA
"control","KEN_NOR",0.130382878443298,0.965632327322436,32,NA,NA,NA
"control","KEN_NZL",0.0722270753479358,0.957143373657989,32,NA,NA,NA
"control","KEN_OMN",0.162180062174443,0.876574515348246,32,NA,NA,NA
"control","KEN_PAK",-0.0661911441764221,1.06130234501493,32,NA,NA,NA
"control","KEN_POL",0.178997818460038,0.853297451073041,31,NA,NA,NA
"control","KEN_PRT",0.153792297517467,1.13491160186009,32,NA,NA,NA
"control","KEN_REU",-0.36479599379814,0.654135105754341,11,NA,NA,NA
"control","KEN_SAU",0.0837275710982695,0.639448557331184,32,NA,NA,NA
"control","KEN_SGP",0.0817253279071335,1.36634361493818,32,NA,NA,NA
"control","KEN_SOM",-0.170490620262821,0.554161038711295,23,NA,NA,NA
"control","KEN_SWE",-0.105325150218667,0.724437733167388,32,NA,NA,NA
"control","KEN_THA",0.226174133621779,0.906583299300184,32,NA,NA,NA
"control","KEN_TTO",-0.0190200367975425,0.560801286272416,32,NA,NA,NA
"control","KEN_TUN",0.419691442879527,0.994609282883538,29,NA,NA,NA
"control","KEN_TUR",-0.0632375122274368,0.903262172420708,32,NA,NA,NA
"control","KEN_TWN",-0.193772157468097,0.738181982695193,31,NA,NA,NA
"control","KEN_USA",-0.0114551975166314,1.07841645738844,32,NA,NA,NA
"control","KHM_AUS",0.160538351063441,0.526821152145283,20,NA,NA,NA
"control","KHM_BGR",0.0584771422092606,0.519661575359936,21,NA,NA,NA
"control","KHM_CAN",0.277949908793003,1.11454229247984,30,NA,NA,NA
"control","KHM_CHE",-0.0996047903785413,0.966659751263363,31,NA,NA,NA
"control","KHM_CHN",0.16575172960121,1.0695411881977,16,NA,NA,NA
"control","KHM_DEU",0.122467738247072,1.42483320599987,32,NA,NA,NA
"control","KHM_ESP",-0.14249188476534,0.805576461674853,32,NA,NA,NA
"control","KHM_JPN",0.0844944188261601,0.753459586635605,19,NA,NA,NA
"control","KHM_MYS",0.569661439315065,1.87108693213129,10,NA,NA,NA
"control","KHM_NLD",0.0883563686394843,1.06467242847873,29,NA,NA,NA
"control","KHM_THA",-0.0894404156420179,0.735324229368551,10,NA,NA,NA
"control","KHM_VEN",0.076066762913952,1.79086691840161,24,NA,NA,NA
"control","KIR_AUT",0.324758853142627,0.766923171900827,18,NA,NA,NA
"control","KIR_NLD",0.239574785657289,0.652149463760468,16,NA,NA,NA
"control","KIR_SWE",-0.0703585175132933,0.553710506946738,26,NA,NA,NA
"control","KIR_USA",-0.0530508795662709,1.09585395747139,32,NA,NA,NA
"control","KNA_AUT",-0.444098471285675,0.689760232892474,15,NA,NA,NA
"control","KNA_CAN",0.0259808018720936,1.34477123861397,30,NA,NA,NA
"control","KNA_CHE",-0.117859597260128,0.658383429492728,29,NA,NA,NA
"control","KNA_DEU",-0.572022631947193,0.590802453283933,18,NA,NA,NA
"control","KNA_USA",-0.384047148356901,0.831439593606441,32,NA,NA,NA
"control","KOR_AFG",0.0327595702097817,1.31911374402257,32,NA,NA,NA
"control","KOR_AGO",0.0904567148022174,0.739695016198112,32,NA,NA,NA
"control","KOR_AND",0.0443569907084073,1.21464535053236,32,NA,NA,NA
"control","KOR_ANT",-0.218750846174916,0.822707395701826,19,NA,NA,NA
"control","KOR_ARE",-0.0895624852635442,1.46565629915365,32,NA,NA,NA
"control","KOR_ATG",0.108318069943659,0.930184853644546,32,NA,NA,NA
"control","KOR_AUS",-0.208829556806597,0.567555331298135,25,NA,NA,NA
"control","KOR_AUT",-0.0830111371833134,1.06211242445179,22,NA,NA,NA
"control","KOR_BDI",-0.051400471497923,0.93084833942017,32,NA,NA,NA
"control","KOR_BFA",-0.310934710557204,1.39311448506673,32,NA,NA,NA
"control","KOR_BHR",-0.473330419819801,1.23048731522533,32,NA,NA,NA
"control","KOR_BHS",-0.11655327021903,1.29241189964923,31,NA,NA,NA
"control","KOR_BLZ",0.0465695595654803,0.729248586299454,32,NA,NA,NA
"control","KOR_BMU",0.000621788565365752,1.33016947810845,32,NA,NA,NA
"control","KOR_BRB",-0.034170920647501,1.28925732882157,32,NA,NA,NA
"control","KOR_BRN",-0.0103238757786009,1.67350304887959,21,NA,NA,NA
"control","KOR_BTN",-0.057537037352087,1.17081615703083,31,NA,NA,NA
"control","KOR_BWA",0.14435849759664,0.724879419056117,23,NA,NA,NA
"control","KOR_CAF",0.00691273161054084,1.04547830724419,32,NA,NA,NA
"control","KOR_CAN",0.159403639800715,1.57955486160545,26,NA,NA,NA
"control","KOR_CHE",-0.236943499395215,1.44919877812275,17,NA,NA,NA
"control","KOR_CHN",0.298596949166049,0.677030755163948,13,NA,NA,NA
"control","KOR_CIV",-0.275067264187504,0.727250698138937,32,NA,NA,NA
"control","KOR_COD",0.024665849998029,1.12002245828201,32,NA,NA,NA
"control","KOR_COG",-0.114317975304148,0.865337053326812,32,NA,NA,NA
"control","KOR_COK",-0.152236608241558,0.850007575364491,32,NA,NA,NA
"control","KOR_COL",-0.074450472039898,1.44074832404114,8,NA,NA,NA
"control","KOR_COM",0.147565283657196,1.05881804092968,32,NA,NA,NA
"control","KOR_CRI",0.12069209432639,0.862987363114791,32,NA,NA,NA
"control","KOR_CYM",-0.132712983033833,0.551492844880723,30,NA,NA,NA
"control","KOR_CYP",0.0828783668905852,0.879007898966562,22,NA,NA,NA
"control","KOR_DEU",-0.174068467075004,1.21727734482845,22,NA,NA,NA
"control","KOR_DJI",0.094590807515289,1.12594186046345,32,NA,NA,NA
"control","KOR_DMA",0.0269158089619999,0.646872617988808,32,NA,NA,NA
"control","KOR_DNK",-0.117975222147394,1.50280404036521,22,NA,NA,NA
"control","KOR_DOM",0.137303161448075,1.29477755566726,32,NA,NA,NA
"control","KOR_ESP",0.44365151698929,0.829583755316797,22,NA,NA,NA
"control","KOR_FIN",-0.00452979836046489,0.596040699292389,22,NA,NA,NA
"control","KOR_FJI",-0.111362586626566,1.2741279591295,32,NA,NA,NA
"control","KOR_FLK",-0.367705487198864,0.639217069053013,31,NA,NA,NA
"control","KOR_FRA",0.150955858278648,0.608024942681099,22,NA,NA,NA
"control","KOR_FRO",0.0254782715456724,0.966418602153937,30,NA,NA,NA
"control","KOR_GAB",-0.22420746715715,0.957107855146956,32,NA,NA,NA
"control","KOR_GBR",-0.0491702483832975,1.19383166995621,22,NA,NA,NA
"control","KOR_GIB",0.161201596007321,0.93764115639175,32,NA,NA,NA
"control","KOR_GLP",0.0639782388839286,1.3597167466413,8,NA,NA,NA
"control","KOR_GMB",-0.141539761096152,1.08247972083031,32,NA,NA,NA
"control","KOR_GNQ",0.0244152434058543,1.6001346465196,29,NA,NA,NA
"control","KOR_GRC",0.0218360967144312,1.46092685315304,22,NA,NA,NA
"control","KOR_GRD",-0.0636165359612356,0.983304222586637,32,NA,NA,NA
"control","KOR_GRL",0.0352060915669703,1.00177495809206,29,NA,NA,NA
"control","KOR_GTM",-0.0778842073701516,1.39452264697836,32,NA,NA,NA
"control","KOR_GUF",-0.819836573595975,2.55815644587475,8,NA,NA,NA
"control","KOR_HND",0.0244883965063081,0.660855085606587,32,NA,NA,NA
"control","KOR_HTI",0.428191004896105,0.957571269711505,32,NA,NA,NA
"control","KOR_IRL",-0.443036742029346,1.43594247895843,22,NA,NA,NA
"control","KOR_ISL",0.28498600700094,0.680726170281282,17,NA,NA,NA
"control","KOR_ITA",0.212509501934934,1.03549226507055,22,NA,NA,NA
"control","KOR_JAM",-0.218987524527622,0.732631633421409,32,NA,NA,NA
"control","KOR_JOR",-0.00836066729765903,1.17748218321305,32,NA,NA,NA
"control","KOR_JPN",-0.236429492458217,0.879316734888038,32,NA,NA,NA
"control","KOR_KEN",-0.0082262630901197,1.15163894222281,32,NA,NA,NA
"control","KOR_KIR",-0.0920907394448329,0.994075514030509,32,NA,NA,NA
"control","KOR_KNA",0.0128710383042544,1.30095596035069,31,NA,NA,NA
"control","KOR_KWT",-0.0500882847851496,1.06659797471089,32,NA,NA,NA
"control","KOR_LBN",0.0583905005713897,1.84456680458664,32,NA,NA,NA
"control","KOR_LBR",-0.113123459380051,1.04206455440135,32,NA,NA,NA
"control","KOR_LCA",-0.04547958662288,0.541841646511565,32,NA,NA,NA
"control","KOR_MAC",0.305778566478582,1.10057383136323,32,NA,NA,NA
"control","KOR_MAR",0.0736154619071252,0.940482689464552,8,NA,NA,NA
"control","KOR_MDG",-0.0438317310404692,0.928547783908838,32,NA,NA,NA
"control","KOR_MDV",0.169609571409257,1.41320816803858,32,NA,NA,NA
"control","KOR_MLI",-0.251533392628478,1.22364686688977,32,NA,NA,NA
"control","KOR_MLT",-0.130630478758518,0.825167522065362,22,NA,NA,NA
"control","KOR_MMR",-0.0918808102353668,1.36819095626334,8,NA,NA,NA
"control","KOR_MRT",-0.186198619168567,1.26038791370744,32,NA,NA,NA
"control","KOR_MSR",0.239617151657064,1.05867162266611,28,NA,NA,NA
"control","KOR_MUS",-0.10408407776419,0.865988578890601,32,NA,NA,NA
"control","KOR_MWI",0.145588176789768,1.04635526805289,32,NA,NA,NA
"control","KOR_NER",-0.0534569512778173,1.22546620858827,32,NA,NA,NA
"control","KOR_NLD",-0.0898259996988402,0.727791336417757,22,NA,NA,NA
"control","KOR_NOR",0.143153092743684,0.348557739942911,17,NA,NA,NA
"control","KOR_NPL",-0.0452929421716279,0.916121648571033,32,NA,NA,NA
"control","KOR_NRU",0.100429985090819,0.691864575764001,26,NA,NA,NA
"control","KOR_NZL",-0.0718778612709891,0.617286714403236,26,NA,NA,NA
"control","KOR_OMN",-0.218029988646354,1.0344863658881,32,NA,NA,NA
"control","KOR_PAN",-0.210917286708633,1.2670879956659,32,NA,NA,NA
"control","KOR_PNG",0.181415930264616,0.871905209163734,32,NA,NA,NA
"control","KOR_PRT",0.21074151595525,0.670144864836882,22,NA,NA,NA
"control","KOR_PYF",0.0659482164386616,1.22263946382648,32,NA,NA,NA
"control","KOR_QAT",0.238934883609217,0.926881125002408,32,NA,NA,NA
"control","KOR_REU",-0.668903186385385,0.365519980424367,8,NA,NA,NA
"control","KOR_RWA",0.145477539051773,1.10338892546919,32,NA,NA,NA
"control","KOR_SAU",0.0568270040291197,0.894583793789875,32,NA,NA,NA
"control","KOR_SEN",-0.0762394998886766,0.910381291873401,32,NA,NA,NA
"control","KOR_SLB",-0.104316050456762,0.778057682334358,32,NA,NA,NA
"control","KOR_SLE",-0.0853585342173448,0.910651245864187,32,NA,NA,NA
"control","KOR_SLV",-0.0642666557388445,0.940728130969825,32,NA,NA,NA
"control","KOR_SOM",-0.242875759217484,0.838371691130614,31,NA,NA,NA
"control","KOR_STP",0.118891527916992,1.50088103058319,30,NA,NA,NA
"control","KOR_SUR",0.00959933177246831,0.883627009685721,32,NA,NA,NA
"control","KOR_SWE",0.161545088158082,1.24952475509317,22,NA,NA,NA
"control","KOR_SWZ",-0.0165906621478593,1.39830682158554,25,NA,NA,NA
"control","KOR_SYC",-0.21597944206085,1.26005771889315,32,NA,NA,NA
"control","KOR_SYR",-0.124394550299063,0.979063135373235,32,NA,NA,NA
"control","KOR_TCD",0.0628922259312197,1.14430770601354,32,NA,NA,NA
"control","KOR_TGO",-0.0987700693714679,1.09173825867292,32,NA,NA,NA
"control","KOR_TON",-0.0267146625378504,1.09863285014782,32,NA,NA,NA
"control","KOR_TUV",0.02664252441912,0.906576681486765,32,NA,NA,NA
"control","KOR_TWN",-0.146375307190975,1.03470397099224,32,NA,NA,NA
"control","KOR_UGA",0.242320009370646,1.0505570590969,32,NA,NA,NA
"control","KOR_USA",-0.238427633824124,0.78983387526737,23,NA,NA,NA
"control","KOR_VCT",-0.158689995047993,0.81642371754277,32,NA,NA,NA
"control","KOR_VEN",0.308016246933354,0.395712217776674,10,NA,NA,NA
"control","KOR_VUT",-0.384263248854359,0.913209936845487,32,NA,NA,NA
"control","KOR_WSM",0.0126113024900599,0.924511020693777,32,NA,NA,NA
"control","KOR_YEM",0.107190041481558,0.932380869621883,31,NA,NA,NA
"control","KOR_ZMB",-0.108819220454649,1.18073061259487,32,NA,NA,NA
"control","KWT_AUS",0.21117604099921,0.798168661413835,31,NA,NA,NA
"control","KWT_CHE",0.0255070047893248,1.20902983799575,25,NA,NA,NA
"control","KWT_DEU",-0.134703859278116,0.855167283323295,32,NA,NA,NA
"control","KWT_DNK",0.127120961027062,0.839955290805969,31,NA,NA,NA
"control","KWT_ESP",0.0372029803871687,0.466160158196775,32,NA,NA,NA
"control","KWT_FIN",0.292408450918508,0.830294327214611,32,NA,NA,NA
"control","KWT_GBR",-0.0587418995460081,1.23060051035546,32,NA,NA,NA
"control","KWT_GRC",0.0316365121589578,1.04285966111894,31,NA,NA,NA
"control","KWT_IDN",-0.136366212951389,0.90420248224579,32,NA,NA,NA
"control","KWT_IND",-0.00885487920929297,1.12110277515707,32,NA,NA,NA
"control","KWT_ITA",0.263810129986028,1.36367798822423,32,NA,NA,NA
"control","KWT_JPN",0.211244752632357,1.12319845773093,32,NA,NA,NA
"control","KWT_KOR",-0.0357354596198758,1.08812667885266,32,NA,NA,NA
"control","KWT_PRT",0.0644459553806389,1.08338351318406,32,NA,NA,NA
"control","KWT_SGP",-0.347568370629805,1.00337328021107,24,NA,NA,NA
"control","KWT_THA",0.236449664108291,1.43468620600425,31,NA,NA,NA
"control","KWT_TUR",0.120440549936209,1.03604023544522,32,NA,NA,NA
"control","KWT_TWN",-0.319440401418542,0.950654228308282,24,NA,NA,NA
"control","LAO_AUS",-0.0249654429144582,0.800766632237423,22,NA,NA,NA
"control","LAO_AUT",-0.217763636985607,1.03378863672127,30,NA,NA,NA
"control","LAO_BGR",0.0551611419998178,0.814598723794417,22,NA,NA,NA
"control","LAO_CHE",0.152129621929064,0.709726573341018,32,NA,NA,NA
"control","LAO_CHN",0.471674958735843,0.767092070606788,13,NA,NA,NA
"control","LAO_DEU",0.102684741465081,1.31123895731862,32,NA,NA,NA
"control","LAO_FIN",0.0154890275120706,0.772646936092174,32,NA,NA,NA
"control","LAO_FRA",0.0498447927819405,1.22461516963894,32,NA,NA,NA
"control","LAO_GRC",-0.0833361667749994,0.779957945994263,30,NA,NA,NA
"control","LAO_HUN",-0.0522558740584821,1.0111563053677,26,NA,NA,NA
"control","LAO_JPN",-0.203929529695121,0.796231716539444,19,NA,NA,NA
"control","LAO_NLD",0.0872860432170358,0.994482730010024,30,NA,NA,NA
"control","LAO_NOR",0.048237184036551,0.846633887898128,28,NA,NA,NA
"control","LAO_PRT",-0.053508232182396,1.3220933402755,30,NA,NA,NA
"control","LAO_USA",0.0250496704676083,0.91352302846441,32,NA,NA,NA
"control","LBN_ARG",0.069843989450543,0.770336358840792,29,NA,NA,NA
"control","LBN_AUS",0.0458037890855104,0.841687717955235,32,NA,NA,NA
"control","LBN_CAN",-0.227089747503134,0.777999795826939,32,NA,NA,NA
"control","LBN_CHE",-0.0811194729017371,1.03152183075579,18,NA,NA,NA
"control","LBN_EGY",-0.220405753789187,1.99011227262333,9,NA,NA,NA
"control","LBN_IND",-0.079425384292652,0.628202044170945,30,NA,NA,NA
"control","LBN_ISL",-0.178890132518724,0.923210666948725,17,NA,NA,NA
"control","LBN_JOR",0.0480317445119522,0.991618263414203,9,NA,NA,NA
"control","LBN_JPN",0.117278100824122,1.08507016997768,32,NA,NA,NA
"control","LBN_KOR",-0.140606572729209,1.24614098017896,32,NA,NA,NA
"control","LBN_MYS",0.0629874182920831,0.874808701513928,32,NA,NA,NA
"control","LBN_NOR",0.0329633911714022,0.882827636713186,18,NA,NA,NA
"control","LBN_OMN",-0.178703796984447,0.94758986446357,9,NA,NA,NA
"control","LBN_SAU",0.223689099187129,0.269078801606952,8,NA,NA,NA
"control","LBN_SEN",-0.0470022762827803,1.26058841372501,31,NA,NA,NA
"control","LBN_SGP",0.102553255113221,0.854250382242172,32,NA,NA,NA
"control","LBN_THA",0.0200016659175877,0.671136064971677,31,NA,NA,NA
"control","LBN_TUN",0.605213565524387,0.837652296482341,8,NA,NA,NA
"control","LBN_USA",0.0499856068139461,0.698556048101418,32,NA,NA,NA
"control","LBN_VEN",-0.276376124270798,1.16367460571889,31,NA,NA,NA
"control","LBR_ARG",-0.0615407489735801,1.29603027754725,10,NA,NA,NA
"control","LBR_AUT",0.297212718459495,1.13524917453675,30,NA,NA,NA
"control","LBR_BRA",-0.0133886581159013,0.898627439078702,28,NA,NA,NA
"control","LBR_CAN",0.275214056835288,0.950426723777385,31,NA,NA,NA
"control","LBR_CHE",0.16913631123953,1.1012718501118,32,NA,NA,NA
"control","LBR_DEU",0.238517520471655,0.85685531479108,32,NA,NA,NA
"control","LBR_DNK",0.0157668311564987,1.46180934723982,30,NA,NA,NA
"control","LBR_ESP",-0.0976260608550261,0.629610651895882,32,NA,NA,NA
"control","LBR_FRA",0.121153909541181,1.21970290296894,32,NA,NA,NA
"control","LBR_GBR",-0.118683722345529,1.40765481713958,32,NA,NA,NA
"control","LBR_GRC",0.147100374864006,0.68483228982548,31,NA,NA,NA
"control","LBR_IND",0.149346066973311,1.15138098262198,26,NA,NA,NA
"control","LBR_IRL",0.283069520418842,1.14252488092239,29,NA,NA,NA
"control","LBR_ITA",-0.0898227554720002,1.08316408449572,32,NA,NA,NA
"control","LBR_JPN",0.114135897633461,0.898126308358612,32,NA,NA,NA
"control","LBR_KOR",-0.0198181977020419,0.902506169827564,30,NA,NA,NA
"control","LBR_MAR",-0.203386071670947,0.281405952680482,16,NA,NA,NA
"control","LBR_MYS",0.14440647137476,0.901497853635106,32,NA,NA,NA
"control","LBR_NLD",0.306811208412792,1.18656910762396,32,NA,NA,NA
"control","LBR_PRT",0.0174275911517817,0.705779778056341,32,NA,NA,NA
"control","LBR_SGP",-0.0747781157617815,0.929557483105019,32,NA,NA,NA
"control","LBR_SWE",-0.0439709980056801,1.07952550703923,27,NA,NA,NA
"control","LBR_THA",0.199392799789957,1.12926290551119,32,NA,NA,NA
"control","LBR_TUN",0.020932865759706,0.371496167140936,15,NA,NA,NA
"control","LBR_USA",-0.240412116820254,0.758467758018337,32,NA,NA,NA
"control","LBY_CHE",0.151210877595078,0.959213281305443,32,NA,NA,NA
"control","LBY_DEU",-0.23623939008151,1.46156591926348,32,NA,NA,NA
"control","LBY_ESP",-0.254754409791844,1.11955032018983,32,NA,NA,NA
"control","LBY_FIN",-0.0659869606348868,1.1707551456105,26,NA,NA,NA
"control","LBY_GRC",0.0649182897430939,0.980431764021621,32,NA,NA,NA
"control","LBY_ITA",-0.395249966031769,0.722025936485335,32,NA,NA,NA
"control","LBY_JPN",0.00991524913440844,1.65386859922266,32,NA,NA,NA
"control","LBY_PRT",-0.314702781066301,0.525775253903871,32,NA,NA,NA
"control","LBY_TUR",-0.140117752293896,1.24639901542156,32,NA,NA,NA
"control","LCA_CAN",-0.0251846820706752,1.10167500543701,32,NA,NA,NA
"control","LCA_CHE",0.122357834632046,1.20531483089639,30,NA,NA,NA
"control","LCA_DEU",0.4823014329576,0.678219880411817,19,NA,NA,NA
"control","LCA_FRA",-0.0878639255422267,1.22507367267485,17,NA,NA,NA
"control","LCA_GBR",-0.155584816065807,1.0076748397131,19,NA,NA,NA
"control","LCA_GRC",0.285079258799602,0.753356435567701,10,NA,NA,NA
"control","LCA_ITA",-0.566137566209054,0.739165987160341,19,NA,NA,NA
"control","LCA_JPN",-0.394939126545118,1.3326424106977,32,NA,NA,NA
"control","LCA_NLD",0.188875433397748,0.887059909717389,19,NA,NA,NA
"control","LCA_USA",-0.0538686507300476,0.757153656684286,32,NA,NA,NA
"control","LKA_AFG",0.137081538885619,0.712995566102347,21,NA,NA,NA
"control","LKA_ARE",-0.31418785079229,1.29603764034307,32,NA,NA,NA
"control","LKA_AUS",-0.105246531488612,1.17282775396657,32,NA,NA,NA
"control","LKA_AUT",-0.0301484621696148,0.952229126298857,32,NA,NA,NA
"control","LKA_BGR",0.0882326937162642,0.956462045822604,32,NA,NA,NA
"control","LKA_BHR",-0.205596035812689,0.98874259641908,32,NA,NA,NA
"control","LKA_BRB",0.172681597595472,0.960132254686149,31,NA,NA,NA
"control","LKA_CAN",-0.353622219775271,0.702211415482914,32,NA,NA,NA
"control","LKA_CHE",0.28900298207067,1.05906024834058,32,NA,NA,NA
"control","LKA_CHN",-0.074759367468931,1.52714294046765,13,NA,NA,NA
"control","LKA_CIV",-0.0576985410952107,0.821826450330243,32,NA,NA,NA
"control","LKA_COK",0.294758315353681,1.08879384159556,14,NA,NA,NA
"control","LKA_COL",0.13966235402603,0.743494493425466,8,NA,NA,NA
"control","LKA_CRI",-0.199341539731765,0.952586112501345,32,NA,NA,NA
"control","LKA_CYP",0.0949395427750837,1.04280204492395,32,NA,NA,NA
"control","LKA_DEU",-0.147493112848473,1.18243865215234,32,NA,NA,NA
"control","LKA_DJI",0.102251490407754,1.09402107173688,30,NA,NA,NA
"control","LKA_DNK",0.142037895490616,0.66653350487831,32,NA,NA,NA
"control","LKA_ESP",-0.139351427703117,1.10246388563839,32,NA,NA,NA
"control","LKA_FIN",0.0890675705448304,0.907380815578698,32,NA,NA,NA
"control","LKA_FJI",-0.174861294935032,0.972891815314949,32,NA,NA,NA
"control","LKA_FRA",-0.102125167745054,0.892904526198148,32,NA,NA,NA
"control","LKA_GBR",-0.112320660060204,0.777777529402461,32,NA,NA,NA
"control","LKA_GLP",0.340207957335426,1.46410073816762,8,NA,NA,NA
"control","LKA_GRC",-0.445078222633992,1.14117816211891,32,NA,NA,NA
"control","LKA_GTM",-0.0238157546719125,1.08947170247326,32,NA,NA,NA
"control","LKA_HND",-0.0521075163734201,0.694914234116763,31,NA,NA,NA
"control","LKA_HUN",-0.215436119833734,0.938066501638635,32,NA,NA,NA
"control","LKA_IRL",0.112297328018073,0.688329748053913,32,NA,NA,NA
"control","LKA_ISL",0.486261329296763,1.27254075793613,32,NA,NA,NA
"control","LKA_ISR",-0.166272031853139,1.11411771099818,32,NA,NA,NA
"control","LKA_ITA",-0.0246737542394097,0.850682573554177,32,NA,NA,NA
"control","LKA_JAM",-0.403813108124062,0.810232137756753,30,NA,NA,NA
"control","LKA_JOR",-0.0510902136710929,0.626362587527418,32,NA,NA,NA
"control","LKA_JPN",0.205400335488115,1.37063482083105,32,NA,NA,NA
"control","LKA_KEN",-0.213313715967932,0.770394562972848,32,NA,NA,NA
"control","LKA_KHM",-0.181319247588201,1.09646205248161,28,NA,NA,NA
"control","LKA_KIR",-0.0496803212769246,0.832989447919768,27,NA,NA,NA
"control","LKA_KNA",-0.243888256634031,1.28262442302836,30,NA,NA,NA
"control","LKA_KWT",-0.017129156309751,1.01240767132843,32,NA,NA,NA
"control","LKA_LBN",0.0575453987955719,0.948236938068176,32,NA,NA,NA
"control","LKA_LBR",-0.11787995351894,0.901486267192106,30,NA,NA,NA
"control","LKA_MAR",-0.238508185905068,1.04652329729456,8,NA,NA,NA
"control","LKA_MLI",-0.351396719056575,1.31854141552591,30,NA,NA,NA
"control","LKA_MLT",0.137435446602598,0.808872849546945,32,NA,NA,NA
"control","LKA_MUS",-0.0722552127451701,0.688056381164718,32,NA,NA,NA
"control","LKA_NLD",0.181401861792511,1.04148105132622,32,NA,NA,NA
"control","LKA_NOR",-0.146732452384779,0.936539838057546,32,NA,NA,NA
"control","LKA_NZL",0.119504534274428,0.956569434653437,32,NA,NA,NA
"control","LKA_OMN",0.248062493105283,1.20777390709463,32,NA,NA,NA
"control","LKA_PAN",0.114717678866455,0.938258372399406,31,NA,NA,NA
"control","LKA_PNG",-0.150217294296516,1.12375454526194,30,NA,NA,NA
"control","LKA_POL",-0.0365161344305358,1.21240825021749,32,NA,NA,NA
"control","LKA_PRT",0.128193938835904,0.51918691542894,32,NA,NA,NA
"control","LKA_QAT",-0.188891028924719,0.864822789810976,32,NA,NA,NA
"control","LKA_REU",0.00919611226980873,0.783511394044531,12,NA,NA,NA
"control","LKA_SAU",0.190573221998491,1.43084186461279,32,NA,NA,NA
"control","LKA_SEN",0.14038200692017,0.871495313077346,32,NA,NA,NA
"control","LKA_SLE",-0.146357322156004,0.833480703385563,32,NA,NA,NA
"control","LKA_SLV",0.0645183951833681,0.937205919943593,32,NA,NA,NA
"control","LKA_SOM",-0.200412005263483,1.11299996202929,26,NA,NA,NA
"control","LKA_SWE",0.11205942992203,1.45741183477686,32,NA,NA,NA
"control","LKA_SYC",-0.31175499387196,0.74725305777235,32,NA,NA,NA
"control","LKA_SYR",0.120139990591007,0.650797441975595,31,NA,NA,NA
"control","LKA_TUR",0.00186375857486633,1.15151194863466,32,NA,NA,NA
"control","LKA_TWN",-0.0529655136510446,0.926974512225471,32,NA,NA,NA
"control","LKA_URY",0.0263608452597491,1.21394659963184,32,NA,NA,NA
"control","LKA_USA",0.208588720285384,0.758864988734916,32,NA,NA,NA
"control","LKA_VUT",0.272330960127269,1.09002767773351,18,NA,NA,NA
"control","LKA_WSM",-0.264779280762308,0.893518919112522,19,NA,NA,NA
"control","LKA_ZAF",-0.136567265852963,0.856745572878486,32,NA,NA,NA
"control","LSO_AUS",0.00993431990715162,1.11123625773304,26,NA,NA,NA
"control","LSO_AUT",0.0995759610888516,0.448656576372444,14,NA,NA,NA
"control","LSO_FRA",0.040212656539179,1.31795252244903,19,NA,NA,NA
"control","LSO_GBR",0.272130171482139,0.943287333583041,19,NA,NA,NA
"control","LSO_IND",-0.133269827499253,0.512958938360994,20,NA,NA,NA
"control","LSO_NLD",0.114882767866301,0.694546782072904,19,NA,NA,NA
"control","LSO_SGP",-0.134978292896195,0.896883215345829,16,NA,NA,NA
"control","LSO_SWE",0.25052133381098,1.51450076890191,12,NA,NA,NA
"control","LSO_USA",-0.0559671659671447,0.893714898329978,23,NA,NA,NA
"control","MAC_AUS",-0.0983430518699571,0.886111631556786,32,NA,NA,NA
"control","MAC_AUT",0.146543688713424,0.957388453130707,30,NA,NA,NA
"control","MAC_CAN",-0.081071750487089,0.904964141397627,32,NA,NA,NA
"control","MAC_CHE",0.106834766100765,0.972679585170787,32,NA,NA,NA
"control","MAC_CHN",-0.120801241518481,0.935529919794661,14,NA,NA,NA
"control","MAC_DEU",-0.0282560179369425,1.2538574483597,32,NA,NA,NA
"control","MAC_ESP",0.0395431423834104,0.606219654379105,32,NA,NA,NA
"control","MAC_FIN",-0.0667112210415127,1.086734809648,32,NA,NA,NA
"control","MAC_FRA",0.0434241099543179,1.1121438964505,30,NA,NA,NA
"control","MAC_GBR",-0.0866392125389928,0.99580475929339,32,NA,NA,NA
"control","MAC_GRC",-0.240602934607672,1.05961516548102,32,NA,NA,NA
"control","MAC_ISL",-0.029947048275236,0.678033264830044,29,NA,NA,NA
"control","MAC_JPN",-0.0844134826585163,1.33467967498323,32,NA,NA,NA
"control","MAC_KOR",-0.124504211267113,1.03113705803965,32,NA,NA,NA
"control","MAC_PHL",0.280742142815134,0.847680846912343,32,NA,NA,NA
"control","MAC_PRT",-0.229341922672032,0.829714415210382,32,NA,NA,NA
"control","MAC_SGP",0.0609183057196822,1.56074321392643,32,NA,NA,NA
"control","MAC_SWE",-0.0122654045789103,0.824937164143542,31,NA,NA,NA
"control","MAC_THA",-0.10284655312564,1.46364339845344,32,NA,NA,NA
"control","MAC_TWN",0.129740603180167,0.975749466370182,32,NA,NA,NA
"control","MAC_USA",0.102296138176499,0.7432954846054,32,NA,NA,NA
"control","MAR_ARE",0.470551320707943,0.33735710598093,8,NA,NA,NA
"control","MAR_AUS",0.165497194716324,1.23722420411141,32,NA,NA,NA
"control","MAR_BGR",0.0590578972885983,1.5760083120142,16,NA,NA,NA
"control","MAR_BRA",0.0462682869566124,0.745262977587387,8,NA,NA,NA
"control","MAR_CAN",0.105064520889854,0.7002073469714,32,NA,NA,NA
"control","MAR_CHE",0.0452185271556573,1.14323275238748,10,NA,NA,NA
"control","MAR_CHN",-0.106211067893374,0.880126327695293,30,NA,NA,NA
"control","MAR_CIV",0.0157050216460434,0.815972981182226,31,NA,NA,NA
"control","MAR_COG",0.167591651844156,1.2618523600563,30,NA,NA,NA
"control","MAR_CRI",-0.208672010319741,1.07534552464303,32,NA,NA,NA
"control","MAR_CYP",-0.276275232006405,0.941710278890826,15,NA,NA,NA
"control","MAR_GAB",0.336530666060925,0.911546180733568,31,NA,NA,NA
"control","MAR_GLP",0.195722487246909,1.90241498793643,8,NA,NA,NA
"control","MAR_GTM",0.132680604785911,1.1163419723925,26,NA,NA,NA
"control","MAR_HUN",-0.151762705497976,1.87123212822693,14,NA,NA,NA
"control","MAR_IDN",-0.214406598537854,1.82081856745884,8,NA,NA,NA
"control","MAR_IND",-0.0438291174669043,0.833624305327772,8,NA,NA,NA
"control","MAR_ISL",0.261641505519954,1.32097967896399,10,NA,NA,NA
"control","MAR_JPN",-0.141130999619806,0.767746259285549,32,NA,NA,NA
"control","MAR_KOR",0.103597673892447,1.62908806962594,8,NA,NA,NA
"control","MAR_KWT",0.0451065572864092,1.35361987821891,8,NA,NA,NA
"control","MAR_LBY",-0.340811481499292,1.37663444742051,8,NA,NA,NA
"control","MAR_MLT",-0.149771814710457,0.771990149370188,12,NA,NA,NA
"control","MAR_MRT",-0.370892163567452,0.752141039218933,31,NA,NA,NA
"control","MAR_MYS",0.104145348419501,0.416168133770958,8,NA,NA,NA
"control","MAR_NER",-0.384957305828253,0.975081765973842,29,NA,NA,NA
"control","MAR_NOR",4.1978125606501e-05,0.798789492328161,10,NA,NA,NA
"control","MAR_NZL",0.00512989514848581,0.84357501441314,32,NA,NA,NA
"control","MAR_POL",0.255341441199829,1.58392506191825,14,NA,NA,NA
"control","MAR_ROU",0.298362300653576,1.29317706974788,8,NA,NA,NA
"control","MAR_SAU",0.0200553193401623,1.1960645576424,8,NA,NA,NA
"control","MAR_SEN",-0.119073462474866,0.872728866405252,32,NA,NA,NA
"control","MAR_SGP",0.549628049611383,1.23987281856761,8,NA,NA,NA
"control","MAR_TGO",0.130784910275557,1.09814833007899,28,NA,NA,NA
"control","MAR_THA",-0.389081177964816,0.274873661044487,8,NA,NA,NA
"control","MAR_TTO",0.0672427488608633,0.780573933960996,8,NA,NA,NA
"control","MAR_TUN",-0.155601086304526,0.782633394425968,8,NA,NA,NA
"control","MAR_TUR",0.041642752580016,1.34184000315987,17,NA,NA,NA
"control","MAR_TWN",-0.243639452212876,0.909492889049395,30,NA,NA,NA
"control","MAR_USA",-0.0245887510049223,1.13552117631316,17,NA,NA,NA
"control","MAR_VEN",-0.379470644690707,0.686619905978906,10,NA,NA,NA
"control","MDG_AUS",-0.0504957315955132,1.48750304723436,32,NA,NA,NA
"control","MDG_AUT",-0.0715904377246812,1.29317338198513,23,NA,NA,NA
"control","MDG_BRA",0.323722438274522,0.931438352468205,31,NA,NA,NA
"control","MDG_BRB",0.282291050131686,1.0124068618399,32,NA,NA,NA
"control","MDG_CAN",-0.0100960387967729,0.93072504636827,32,NA,NA,NA
"control","MDG_CHE",-0.158547343327924,0.931674672942059,32,NA,NA,NA
"control","MDG_CHL",0.206000875000925,0.591895962289962,32,NA,NA,NA
"control","MDG_CHN",-0.343186170995267,0.948147662076674,32,NA,NA,NA
"control","MDG_CMR",-0.116657996633106,1.19302070759285,26,NA,NA,NA
"control","MDG_DEU",-0.144684963754771,0.705029979877452,23,NA,NA,NA
"control","MDG_DNK",0.155075013972955,0.989487539455186,23,NA,NA,NA
"control","MDG_DZA",0.0190303375292713,0.891901784994237,32,NA,NA,NA
"control","MDG_ESP",0.0719369925161195,1.2611335349294,23,NA,NA,NA
"control","MDG_FIN",-0.14700025834952,0.672097182698501,23,NA,NA,NA
"control","MDG_FJI",0.447324310454699,1.16255327249399,25,NA,NA,NA
"control","MDG_FRA",-0.0849274178468712,0.932479479194232,23,NA,NA,NA
"control","MDG_GBR",0.205068207720928,0.817647114560048,23,NA,NA,NA
"control","MDG_GLP",-0.0924500840806648,1.55053184484374,10,NA,NA,NA
"control","MDG_GRC",0.13005046004016,1.25373886436288,23,NA,NA,NA
"control","MDG_IND",-0.192255091377281,1.12023634998023,32,NA,NA,NA
"control","MDG_ISL",-0.00860281362141131,1.38572984211778,32,NA,NA,NA
"control","MDG_ITA",-0.136562855891145,0.85314226966065,23,NA,NA,NA
"control","MDG_JPN",0.0684501252175249,1.56041421637579,32,NA,NA,NA
"control","MDG_KOR",0.162234721611758,0.767706744687236,32,NA,NA,NA
"control","MDG_MAR",0.330849247799403,0.87835481198948,32,NA,NA,NA
"control","MDG_MLT",-0.122641320907919,0.970012460090792,22,NA,NA,NA
"control","MDG_MTQ",-0.32791217968728,0.283494131653892,8,NA,NA,NA
"control","MDG_MYS",-0.175055542357293,0.718635246750431,32,NA,NA,NA
"control","MDG_NLD",-0.165741276371842,1.27520095186577,23,NA,NA,NA
"control","MDG_NOR",-0.0543864285824998,0.995741207658852,32,NA,NA,NA
"control","MDG_NZL",-0.128154928446144,0.856022719890995,32,NA,NA,NA
"control","MDG_OMN",0.0218599054556449,1.01222124694201,22,NA,NA,NA
"control","MDG_PRT",0.153051158756559,1.05583899737486,23,NA,NA,NA
"control","MDG_REU",0.141087314898627,0.833307606541174,11,NA,NA,NA
"control","MDG_SGP",0.353535160429711,1.93919670068397,32,NA,NA,NA
"control","MDG_SWE",0.257959700540907,1.20691084125654,23,NA,NA,NA
"control","MDG_THA",0.282170712088518,0.995655930945305,32,NA,NA,NA
"control","MDG_TUN",-0.1854272561598,0.758346170751646,29,NA,NA,NA
"control","MDG_TUR",0.176296550612443,0.941590107790018,32,NA,NA,NA
"control","MDG_TWN",0.0253656922184465,0.841553342875073,32,NA,NA,NA
"control","MDG_USA",0.0544862992174232,0.896259789302935,32,NA,NA,NA
"control","MDV_AUT",-0.103510124686257,0.888173227106532,28,NA,NA,NA
"control","MDV_CHE",-0.144150313993628,1.7167299117918,32,NA,NA,NA
"control","MDV_DEU",-0.33070253180285,0.933358518818512,32,NA,NA,NA
"control","MDV_ITA",-0.342136144991818,0.539271109029157,30,NA,NA,NA
"control","MDV_JPN",0.0669594404220125,0.69683801816064,32,NA,NA,NA
"control","MDV_SGP",0.102387500420202,1.03039651024096,32,NA,NA,NA
"control","MDV_THA",0.126685884807471,1.98982845421784,32,NA,NA,NA
"control","MDV_USA",0.0846378099458596,0.503786379273228,31,NA,NA,NA
"control","MEX_ARE",0.430124385692439,1.24311691512348,32,NA,NA,NA
"control","MEX_AUS",0.30891667670138,1.22851923277403,30,NA,NA,NA
"control","MEX_AUT",-0.15631417394527,0.89064934180062,11,NA,NA,NA
"control","MEX_BGR",0.360934254258454,1.989893368282,17,NA,NA,NA
"control","MEX_BHR",0.231084105224749,0.929670982327266,32,NA,NA,NA
"control","MEX_BHS",-0.0251233549599617,1.05706864707245,32,NA,NA,NA
"control","MEX_BLZ",-0.143171724227001,0.58365055623738,32,NA,NA,NA
"control","MEX_BRB",-0.167076939935468,1.0317743563964,32,NA,NA,NA
"control","MEX_CHE",0.547041588089035,1.1552237588034,12,NA,NA,NA
"control","MEX_CHN",-0.148858996808107,0.870510060421292,32,NA,NA,NA
"control","MEX_DEU",-0.565010860154383,0.393789463690256,11,NA,NA,NA
"control","MEX_DNK",-0.276545678444471,0.978708046445522,11,NA,NA,NA
"control","MEX_DOM",-0.138923787640006,1.55045797325281,32,NA,NA,NA
"control","MEX_ESP",-0.159382957230426,0.873647025677342,11,NA,NA,NA
"control","MEX_FIN",-0.110222061124155,0.463381712781477,11,NA,NA,NA
"control","MEX_FJI",0.271987704668882,1.60743807171895,32,NA,NA,NA
"control","MEX_FRA",0.311983533296211,0.661721678395579,11,NA,NA,NA
"control","MEX_GBR",-0.694487273924384,1.86720788217436,11,NA,NA,NA
"control","MEX_GLP",-0.087523591542472,0.685824725051612,9,NA,NA,NA
"control","MEX_GRC",-0.123770595308886,0.755565908383453,11,NA,NA,NA
"control","MEX_GRD",0.0806216971363857,1.13034420569735,31,NA,NA,NA
"control","MEX_GTM",-0.523299309157928,0.467395775117499,12,NA,NA,NA
"control","MEX_GUF",-0.165834929089634,1.62746387709447,10,NA,NA,NA
"control","MEX_HND",0.0105051417911727,0.429192152389945,12,NA,NA,NA
"control","MEX_HTI",-0.0157707810626623,1.16069185949639,32,NA,NA,NA
"control","MEX_HUN",-0.400057274506436,1.05920930953554,15,NA,NA,NA
"control","MEX_IRL",-0.0840472593341426,1.48346481908568,11,NA,NA,NA
"control","MEX_ISL",0.215194713852719,1.35250129664994,12,NA,NA,NA
"control","MEX_ITA",-0.514781380371225,0.66001053268142,11,NA,NA,NA
"control","MEX_JAM",0.0366102817564731,1.44634048626078,31,NA,NA,NA
"control","MEX_JOR",0.144062648395834,0.754722146446467,32,NA,NA,NA
"control","MEX_JPN",0.0200390924993311,0.827432799423051,16,NA,NA,NA
"control","MEX_KWT",-0.19402076315817,1.02011643596578,32,NA,NA,NA
"control","MEX_LBN",0.0569381516842785,0.567206750187951,32,NA,NA,NA
"control","MEX_LBR",-0.0193837316964236,0.761542487215544,29,NA,NA,NA
"control","MEX_MAR",-0.469086057281423,0.791306435887974,8,NA,NA,NA
"control","MEX_MLT",-0.234578724109926,1.24032054794017,15,NA,NA,NA
"control","MEX_MTQ",0.138197178144201,1.08615234963936,8,NA,NA,NA
"control","MEX_NLD",-0.159517130773758,1.29011749416575,11,NA,NA,NA
"control","MEX_NOR",0.370833786683048,0.928540193328053,12,NA,NA,NA
"control","MEX_NZL",-0.0599702994118775,0.510029765334872,30,NA,NA,NA
"control","MEX_OMN",-0.143210651721489,1.43313787720891,32,NA,NA,NA
"control","MEX_PAN",0.0848842739158743,1.09867408006755,23,NA,NA,NA
"control","MEX_POL",-0.463965061383927,1.23353466472446,15,NA,NA,NA
"control","MEX_PRT",-0.344208317742075,1.18784732446341,11,NA,NA,NA
"control","MEX_SAU",-0.103638384682868,1.17018453184359,32,NA,NA,NA
"control","MEX_SLV",0.0218300262197923,0.882942713657093,12,NA,NA,NA
"control","MEX_SWE",0.452094409026976,1.07825769559078,11,NA,NA,NA
"control","MEX_SYR",-0.0647727824953421,0.741176217702912,31,NA,NA,NA
"control","MEX_TWN",-0.310844339161336,1.07622793926565,32,NA,NA,NA
"control","MEX_ZAF",0.252719595704026,1.32153360787741,28,NA,NA,NA
"control","MLI_AUS",-0.0457456074650773,0.93026329995069,32,NA,NA,NA
"control","MLI_AUT",-0.222800066046264,1.06922299016283,31,NA,NA,NA
"control","MLI_CAN",-0.105888824219903,1.20479541123596,32,NA,NA,NA
"control","MLI_CHE",0.0788239074595401,1.39100258300433,32,NA,NA,NA
"control","MLI_CHN",-0.0799573423765325,0.819510539618486,30,NA,NA,NA
"control","MLI_DEU",0.0659556729258011,1.27722300768088,32,NA,NA,NA
"control","MLI_ESP",-0.0166677149511583,1.29626867164639,32,NA,NA,NA
"control","MLI_FIN",-0.196452031810501,0.750990791274289,32,NA,NA,NA
"control","MLI_FRA",0.132388987621352,1.20606272980454,32,NA,NA,NA
"control","MLI_GBR",-0.245280203106109,1.41575791620595,32,NA,NA,NA
"control","MLI_GRC",-0.00455407980396988,0.871717991791216,26,NA,NA,NA
"control","MLI_IDN",-0.0155174744849482,0.849294420145674,32,NA,NA,NA
"control","MLI_IND",0.0231020171791318,1.88209274856049,30,NA,NA,NA
"control","MLI_IRL",0.0606707526400666,0.456915180449338,32,NA,NA,NA
"control","MLI_ISL",0.271787747294028,0.985618907970625,30,NA,NA,NA
"control","MLI_ITA",0.0578240602088932,0.644132009461494,32,NA,NA,NA
"control","MLI_JPN",-0.470818739136473,0.653368210243928,32,NA,NA,NA
"control","MLI_KOR",0.228524896395965,0.79847780126526,32,NA,NA,NA
"control","MLI_NLD",0.0987361338321539,0.918467786136071,32,NA,NA,NA
"control","MLI_NOR",0.0320904956812675,1.03928455413164,29,NA,NA,NA
"control","MLI_NZL",-0.0307700629898716,0.830326969297051,30,NA,NA,NA
"control","MLI_PRT",-0.0500232633240348,0.907204306407681,32,NA,NA,NA
"control","MLI_SWE",0.0533122992912671,0.881662714655682,32,NA,NA,NA
"control","MLI_THA",-0.228226504117768,0.804476648806426,32,NA,NA,NA
"control","MLI_TTO",-0.41744987908746,0.830665744867819,19,NA,NA,NA
"control","MLI_TUN",-0.0238363365764676,0.904125576629731,32,NA,NA,NA
"control","MLI_TWN",0.105743676884193,1.12284662732393,32,NA,NA,NA
"control","MLI_USA",0.0657886877602567,0.718546720816326,32,NA,NA,NA
"control","MLT_ARE",-0.0464488548039968,0.983102946141925,30,NA,NA,NA
"control","MLT_AUS",0.129545056192312,1.02699825535952,32,NA,NA,NA
"control","MLT_BHR",-0.0199229403213635,1.01677035049812,27,NA,NA,NA
"control","MLT_BRB",-0.597032102318863,1.204405261336,12,NA,NA,NA
"control","MLT_CAN",-0.256308010502606,0.812107634919642,28,NA,NA,NA
"control","MLT_CHE",0.0273918497639506,0.630087955122096,15,NA,NA,NA
"control","MLT_ISL",-0.260251499824107,0.822754964015123,15,NA,NA,NA
"control","MLT_JAM",0.0458584857492831,0.540787272124985,14,NA,NA,NA
"control","MLT_JPN",-0.349408348814016,0.802208722982086,30,NA,NA,NA
"control","MLT_KOR",0.0774439270343459,1.42720970682,22,NA,NA,NA
"control","MLT_LBY",-0.0603095649777305,0.741631163066187,32,NA,NA,NA
"control","MLT_QAT",-0.165345259821866,0.724000410375171,30,NA,NA,NA
"control","MLT_SAU",-0.210714277702295,0.586233566562175,30,NA,NA,NA
"control","MLT_THA",-0.247014168443767,0.951924597899148,32,NA,NA,NA
"control","MMR_AUS",-0.312792894606022,0.99098813576123,21,NA,NA,NA
"control","MMR_AUT",0.180028417126272,0.832541824543025,32,NA,NA,NA
"control","MMR_CHE",-0.37136512677305,0.786038519926544,32,NA,NA,NA
"control","MMR_CHN",-0.089010122307276,0.854489078105023,16,NA,NA,NA
"control","MMR_DEU",-0.142048495729095,0.974271590675988,32,NA,NA,NA
"control","MMR_FIN",-0.232099721509439,1.48314497769546,32,NA,NA,NA
"control","MMR_FRA",-0.294961717618257,0.763942978450703,30,NA,NA,NA
"control","MMR_GBR",0.264758437895553,1.14889762431291,32,NA,NA,NA
"control","MMR_IDN",-0.32910680392353,1.16535100321046,8,NA,NA,NA
"control","MMR_IND",0.0747066976956989,1.59692506853368,8,NA,NA,NA
"control","MMR_IRL",0.0601525399628245,0.950724428558856,29,NA,NA,NA
"control","MMR_ISL",-0.156898968679616,1.05251360201447,32,NA,NA,NA
"control","MMR_ITA",0.0945498764596716,0.908277362041107,32,NA,NA,NA
"control","MMR_JPN",-0.265766869472824,0.569057219178578,19,NA,NA,NA
"control","MMR_KOR",0.33383066908041,1.07418407315218,8,NA,NA,NA
"control","MMR_MYS",-0.256384792515658,1.13289535157041,8,NA,NA,NA
"control","MMR_NLD",-0.00764648620063597,0.821964892975583,32,NA,NA,NA
"control","MMR_SEN",-0.31168829133281,0.806143148150755,16,NA,NA,NA
"control","MMR_SGP",0.243058986366306,1.45704823784077,8,NA,NA,NA
"control","MMR_THA",-0.325793771873427,1.02426743196286,8,NA,NA,NA
"control","MMR_TWN",0.0196417583886665,1.00640600841825,32,NA,NA,NA
"control","MMR_USA",0.206102737989993,1.35516696489693,26,NA,NA,NA
"control","MNG_AUT",0.123539371345341,0.636174195366982,31,NA,NA,NA
"control","MNG_CHE",0.0396393568553077,1.15915502899643,32,NA,NA,NA
"control","MNG_CHN",0.0834172029847035,0.623417402928033,32,NA,NA,NA
"control","MNG_DEU",0.1154573549948,1.0511812105868,32,NA,NA,NA
"control","MNG_ESP",-0.0704935810258776,1.35315468181275,32,NA,NA,NA
"control","MNG_FIN",0.0571560534425026,0.542616230413911,29,NA,NA,NA
"control","MNG_FRA",0.10721635899181,0.873380771379797,32,NA,NA,NA
"control","MNG_GBR",-0.0973961046803773,1.15641425531913,32,NA,NA,NA
"control","MNG_HUN",0.00658488934847005,1.38408762753165,26,NA,NA,NA
"control","MNG_IND",0.24013644598224,1.12143782551412,31,NA,NA,NA
"control","MNG_ITA",-0.230694450698017,1.2717829047082,30,NA,NA,NA
"control","MNG_JPN",-0.0938633706400779,1.50865938066653,27,NA,NA,NA
"control","MNG_NLD",-0.00934914553312418,1.9514202871457,32,NA,NA,NA
"control","MNG_SGP",0.0488873293019453,0.750959321564434,26,NA,NA,NA
"control","MNG_SWE",-0.0650445659044404,1.06389979862619,29,NA,NA,NA
"control","MNG_USA",-0.095383699041481,0.830898382697638,32,NA,NA,NA
"control","MOZ_AUS",-0.126941809819084,1.08486270672434,31,NA,NA,NA
"control","MOZ_AUT",0.207497160764908,1.68293458637464,27,NA,NA,NA
"control","MOZ_CAN",0.0795895412885055,1.04419629560843,32,NA,NA,NA
"control","MOZ_CHE",-0.0251521741828753,1.02490322397039,32,NA,NA,NA
"control","MOZ_DEU",0.0616514257849479,0.62540830026927,27,NA,NA,NA
"control","MOZ_DNK",0.154534682025767,0.504822859174528,26,NA,NA,NA
"control","MOZ_ESP",-0.119260050704197,0.990032817501963,27,NA,NA,NA
"control","MOZ_FIN",0.134775190412859,0.586780253604802,22,NA,NA,NA
"control","MOZ_FRA",-0.282162564619824,0.910451385220121,27,NA,NA,NA
"control","MOZ_GBR",-0.159878782390165,0.966958559130178,27,NA,NA,NA
"control","MOZ_IRL",-0.186845068762092,0.739197618372718,27,NA,NA,NA
"control","MOZ_ISL",0.0689080111980546,0.832879253885073,17,NA,NA,NA
"control","MOZ_ITA",-0.0175975932541272,1.07149443987401,26,NA,NA,NA
"control","MOZ_JPN",-0.0628267213719718,1.18649762710193,32,NA,NA,NA
"control","MOZ_NLD",-0.173306276009221,1.11500102381255,27,NA,NA,NA
"control","MOZ_NOR",-0.143911172978393,0.87938788440795,32,NA,NA,NA
"control","MOZ_PRT",-0.181840610542924,0.8702087568655,27,NA,NA,NA
"control","MOZ_SWE",0.361190108552294,0.773027918445638,27,NA,NA,NA
"control","MOZ_TUR",0.350701556495516,1.0343566583319,30,NA,NA,NA
"control","MOZ_TWN",-0.143331234216941,0.777909090104412,25,NA,NA,NA
"control","MOZ_USA",-0.00497227052287989,0.941218661628944,32,NA,NA,NA
"control","MRT_CHE",0.0213835479389012,0.905798682461379,32,NA,NA,NA
"control","MRT_DEU",-0.165514426797735,1.33004660490963,32,NA,NA,NA
"control","MRT_DNK",-0.112798126294269,0.88067918734554,26,NA,NA,NA
"control","MRT_FIN",0.0829206881542475,0.665346901412473,31,NA,NA,NA
"control","MRT_FRA",-0.148336829725498,1.28745631751037,30,NA,NA,NA
"control","MRT_GBR",0.00860222939003817,0.995439598209287,30,NA,NA,NA
"control","MRT_GRC",-0.00449040703483484,1.43918218251528,31,NA,NA,NA
"control","MRT_IDN",-0.359138426847738,1.01127348990937,28,NA,NA,NA
"control","MRT_ISL",-0.03677329982234,1.56676307253727,31,NA,NA,NA
"control","MRT_ITA",-0.0926931000200055,1.04269412658686,30,NA,NA,NA
"control","MRT_JPN",0.0556660613535043,1.11123858445983,32,NA,NA,NA
"control","MRT_NLD",0.0304794641503771,0.577710304913207,30,NA,NA,NA
"control","MRT_PRT",0.1467322471463,0.968353562871792,32,NA,NA,NA
"control","MRT_SGP",-0.0505866437364402,0.652279662505965,15,NA,NA,NA
"control","MRT_SWE",-0.305579088640152,0.718589457613189,31,NA,NA,NA
"control","MSR_CHE",-0.2789343304677,0.899218393438842,16,NA,NA,NA
"control","MSR_JPN",-0.494932473232652,0.737813841516949,23,NA,NA,NA
"control","MTQ_BRB",-0.211154450024141,0.411566443476381,8,NA,NA,NA
"control","MTQ_CAN",0.677501207575472,0.811023424831872,8,NA,NA,NA
"control","MTQ_CHE",0.042398423612995,0.150485509900707,11,NA,NA,NA
"control","MTQ_DEU",0.790039611038801,1.17992014945483,9,NA,NA,NA
"control","MTQ_FRA",-0.108234358404641,1.42142951549652,9,NA,NA,NA
"control","MTQ_ITA",-0.195636547875852,1.91128609849161,9,NA,NA,NA
"control","MTQ_USA",0.372098286041063,2.03510879510324,9,NA,NA,NA
"control","MUS_AUS",0.11334716683917,0.815964598780464,32,NA,NA,NA
"control","MUS_AUT",0.175179093346542,0.992016462867077,22,NA,NA,NA
"control","MUS_CAN",-0.0178154106989368,1.08684102186234,32,NA,NA,NA
"control","MUS_CHE",-0.276242036877284,0.816781038622115,32,NA,NA,NA
"control","MUS_DEU",0.219553993545689,0.616180325845116,23,NA,NA,NA
"control","MUS_DNK",-0.289504833505404,0.693190227547192,23,NA,NA,NA
"control","MUS_ESP",-0.0451391026183125,1.06628443111718,23,NA,NA,NA
"control","MUS_FIN",-0.508438794181574,1.1090690215471,23,NA,NA,NA
"control","MUS_FRA",0.355557884639383,0.756691021660667,23,NA,NA,NA
"control","MUS_GBR",0.278594985124841,1.32726124099561,23,NA,NA,NA
"control","MUS_GRC",-0.252643184287007,0.882166143380064,23,NA,NA,NA
"control","MUS_IND",0.0852129459889352,0.603796007433075,32,NA,NA,NA
"control","MUS_IRL",0.0615822305640235,0.735105835947035,23,NA,NA,NA
"control","MUS_ISL",0.0469231369707391,0.72471222797912,32,NA,NA,NA
"control","MUS_ITA",0.387742666165769,1.2315361944804,23,NA,NA,NA
"control","MUS_JPN",0.0411022718364938,0.831600889202122,32,NA,NA,NA
"control","MUS_KOR",0.263253361181966,0.701933239750112,32,NA,NA,NA
"control","MUS_MYS",0.0128148162512315,1.26765605228712,32,NA,NA,NA
"control","MUS_NLD",0.11747963618104,1.59046263996109,23,NA,NA,NA
"control","MUS_NZL",0.247119700975774,0.994033692322842,32,NA,NA,NA
"control","MUS_PRT",-0.0972171006776675,1.08226499070283,23,NA,NA,NA
"control","MUS_REU",0.060213375794698,2.60625474023767,12,NA,NA,NA
"control","MUS_SGP",0.0720875019094366,0.727478512934461,32,NA,NA,NA
"control","MUS_SWE",0.155968113883107,0.88580782652636,23,NA,NA,NA
"control","MUS_THA",0.017302101998299,0.770629679572649,32,NA,NA,NA
"control","MUS_USA",0.0604537577130595,1.59919500856667,32,NA,NA,NA
"control","MWI_AUS",0.154348779283984,1.0278564641622,32,NA,NA,NA
"control","MWI_AUT",-0.137591494306564,0.663649929303701,32,NA,NA,NA
"control","MWI_BWA",-0.197392171129704,0.765801926625597,11,NA,NA,NA
"control","MWI_CAN",-0.0159079506566252,0.560864109491031,32,NA,NA,NA
"control","MWI_CHE",0.11374505046294,1.05203340377188,32,NA,NA,NA
"control","MWI_CIV",-0.128648970321267,0.95086519478445,21,NA,NA,NA
"control","MWI_CMR",-0.282486711909514,0.776322747589709,27,NA,NA,NA
"control","MWI_DEU",0.0538635706435581,1.17753934841175,32,NA,NA,NA
"control","MWI_DNK",0.16754433474092,1.08750752443387,32,NA,NA,NA
"control","MWI_EGY",-0.431332402962895,2.42051280547635,9,NA,NA,NA
"control","MWI_ESP",-0.105492236940683,0.803971623266136,32,NA,NA,NA
"control","MWI_FIN",-0.0938191548598991,0.670445244560542,32,NA,NA,NA
"control","MWI_FJI",0.28577994429865,0.516329174620045,26,NA,NA,NA
"control","MWI_FRA",-0.20171425455377,0.871996367969379,32,NA,NA,NA
"control","MWI_GBR",0.37396951279651,0.926955940513152,32,NA,NA,NA
"control","MWI_GMB",-0.400491493749128,1.83550280621732,21,NA,NA,NA
"control","MWI_GRC",-0.049082139495249,1.05911720524433,32,NA,NA,NA
"control","MWI_IDN",0.199644486637871,0.960916807287852,32,NA,NA,NA
"control","MWI_IND",0.352983158398481,1.44062939143755,28,NA,NA,NA
"control","MWI_IRL",0.188989571980165,0.931584337061016,32,NA,NA,NA
"control","MWI_ISR",-0.22659904759736,0.892595623901424,27,NA,NA,NA
"control","MWI_ITA",-0.166560187776018,1.35788844817472,32,NA,NA,NA
"control","MWI_JOR",-0.0172978480247632,0.974166845855713,29,NA,NA,NA
"control","MWI_JPN",0.196104271842886,0.930203821229735,32,NA,NA,NA
"control","MWI_LBN",0.102763686500164,0.810989800003053,19,NA,NA,NA
"control","MWI_LBR",-0.250437719857902,1.01554692169813,17,NA,NA,NA
"control","MWI_MLT",-0.14405807907662,0.791109934083752,20,NA,NA,NA
"control","MWI_MYS",0.158290103324099,0.897466184727513,32,NA,NA,NA
"control","MWI_NGA",0.0281990158882465,0.517196688034779,31,NA,NA,NA
"control","MWI_NLD",0.140343624643713,1.31003999717195,32,NA,NA,NA
"control","MWI_NOR",-0.044427027260365,0.784961688263184,32,NA,NA,NA
"control","MWI_NZL",0.0902362389564072,1.59998793954198,32,NA,NA,NA
"control","MWI_PAK",0.0451479375598236,1.25517071451836,32,NA,NA,NA
"control","MWI_PER",0.0474021278163912,0.8458827132621,24,NA,NA,NA
"control","MWI_PNG",0.0328951852005727,0.936626633210008,12,NA,NA,NA
"control","MWI_PRT",-0.152267141745589,0.812300155258139,32,NA,NA,NA
"control","MWI_SEN",-0.0257611984192901,1.24502851069293,30,NA,NA,NA
"control","MWI_SGP",0.221689073408326,1.23541080854624,31,NA,NA,NA
"control","MWI_SLE",0.0235250022177266,0.988216287152056,21,NA,NA,NA
"control","MWI_SWE",0.0707119333243903,0.905356456628451,32,NA,NA,NA
"control","MWI_SYC",-0.0660406250714086,1.27259404731844,9,NA,NA,NA
"control","MWI_TTO",-0.117753502535539,1.26416077430897,22,NA,NA,NA
"control","MWI_TUN",0.202806384105379,1.63850237177633,23,NA,NA,NA
"control","MWI_TWN",-0.177640512106756,0.983669296346082,31,NA,NA,NA
"control","MWI_URY",-0.446857990795659,0.825565910951666,18,NA,NA,NA
"control","MWI_USA",0.0335092965200833,1.05483358297638,32,NA,NA,NA
"control","MWI_ZAF",-0.0447887026524789,1.05143540415241,9,NA,NA,NA
"control","MYS_AGO",-0.117514473378365,1.13232211794518,32,NA,NA,NA
"control","MYS_ARE",-0.118565156382559,1.46947119372718,32,NA,NA,NA
"control","MYS_AUS",0.492271310696486,0.864314187263998,21,NA,NA,NA
"control","MYS_AUT",-0.00558470232025131,1.53462086082366,32,NA,NA,NA
"control","MYS_BGR",0.148093331507989,1.17545483526493,32,NA,NA,NA
"control","MYS_BHR",0.0273945147368307,0.78342447625243,32,NA,NA,NA
"control","MYS_BRB",-0.0439732316838648,1.11813706409374,32,NA,NA,NA
"control","MYS_CAN",0.318119505612672,0.507757366030109,32,NA,NA,NA
"control","MYS_CHE",-0.189441630554011,0.618837394868051,32,NA,NA,NA
"control","MYS_CHN",0.249987528966855,1.40861241538982,16,NA,NA,NA
"control","MYS_COL",0.0959582981740819,0.652851585004615,8,NA,NA,NA
"control","MYS_CYP",-0.188880600606881,1.05394435131634,32,NA,NA,NA
"control","MYS_DEU",0.189932651345029,1.2534665281059,32,NA,NA,NA
"control","MYS_DNK",0.0175821184534293,0.988113591928052,32,NA,NA,NA
"control","MYS_ESP",0.0895524854881649,0.966740499233334,32,NA,NA,NA
"control","MYS_FIN",-0.121713690297264,0.820920050834286,32,NA,NA,NA
"control","MYS_FJI",-0.272284137689721,0.742806788671559,32,NA,NA,NA
"control","MYS_FRA",-0.371901077605658,1.01050732949511,32,NA,NA,NA
"control","MYS_GBR",-0.449717383713237,0.999873502349988,32,NA,NA,NA
"control","MYS_GRC",-0.0923207882138826,1.02236472626477,32,NA,NA,NA
"control","MYS_GTM",0.180150601819021,1.20796568849386,31,NA,NA,NA
"control","MYS_HND",0.273763103239761,0.546677291185311,32,NA,NA,NA
"control","MYS_HUN",-0.325815157101779,1.47793100371944,32,NA,NA,NA
"control","MYS_IRL",-0.350665238119297,0.83878313014679,32,NA,NA,NA
"control","MYS_ISL",-0.0506448322050118,1.06766394036752,32,NA,NA,NA
"control","MYS_ITA",-0.341025218929648,1.05697761107906,32,NA,NA,NA
"control","MYS_JAM",-0.259980364606465,0.923254039079331,32,NA,NA,NA
"control","MYS_JOR",0.0527820890337214,0.907486134532842,32,NA,NA,NA
"control","MYS_JPN",-0.28201600781777,0.987162386374882,17,NA,NA,NA
"control","MYS_KEN",-0.00835222516605665,0.906064803268604,32,NA,NA,NA
"control","MYS_KWT",-0.0855589640269145,1.0422942837527,32,NA,NA,NA
"control","MYS_LBN",0.132493445431331,1.23177774073298,32,NA,NA,NA
"control","MYS_MAR",-0.241697128043841,0.352888131665644,8,NA,NA,NA
"control","MYS_MDV",-0.107838518008804,0.881570463554763,32,NA,NA,NA
"control","MYS_MLT",-0.154189104932817,0.974149200281456,32,NA,NA,NA
"control","MYS_MMR",0.156928353839654,0.933151773614819,8,NA,NA,NA
"control","MYS_MNG",0.130094440811803,1.08754422977122,32,NA,NA,NA
"control","MYS_MUS",-0.0820364866928197,1.10670154758949,32,NA,NA,NA
"control","MYS_NLD",-0.00555024932519387,0.461393852221345,32,NA,NA,NA
"control","MYS_NOR",0.238923362012432,0.433974306727919,32,NA,NA,NA
"control","MYS_NPL",-0.131802007987136,0.733688910608967,32,NA,NA,NA
"control","MYS_NZL",0.252961344232056,1.15513414639858,21,NA,NA,NA
"control","MYS_OMN",0.000154728989891555,1.18618566815215,32,NA,NA,NA
"control","MYS_PAN",-0.0606949691585384,1.33430698229585,32,NA,NA,NA
"control","MYS_PNG",-0.294078820462551,1.23112484194433,32,NA,NA,NA
"control","MYS_POL",0.0798620346913762,1.18401520727803,32,NA,NA,NA
"control","MYS_PRT",0.272890236392011,1.03019082666852,32,NA,NA,NA
"control","MYS_QAT",0.170758464005336,0.767071849455599,32,NA,NA,NA
"control","MYS_REU",-0.0158608980936215,0.654536631016902,11,NA,NA,NA
"control","MYS_SAU",0.0253635390772421,1.09053349422467,32,NA,NA,NA
"control","MYS_SEN",0.0913037564254001,1.05561392091166,32,NA,NA,NA
"control","MYS_SWE",0.00963025879868139,1.24775022732076,32,NA,NA,NA
"control","MYS_SYR",-0.117450203456814,0.693212082885301,32,NA,NA,NA
"control","MYS_TUR",-0.0021211023825626,1.61752965919173,26,NA,NA,NA
"control","MYS_TWN",0.227142477373685,0.836871527091427,32,NA,NA,NA
"control","MYS_URY",0.0297971479979669,0.808632997698943,32,NA,NA,NA
"control","MYS_USA",-0.0814694994144962,1.09818404885793,32,NA,NA,NA
"control","MYS_VEN",0.405253749814142,0.690794755987781,10,NA,NA,NA
"control","MYS_ZAF",0.00963108505317363,0.925141487815827,29,NA,NA,NA
"control","MYS_ZMB",0.107530268975253,1.23346976470277,32,NA,NA,NA
"control","NER_AUT",0.386038256407866,1.00181376026215,30,NA,NA,NA
"control","NER_CAN",0.2740635972342,0.601219452553296,32,NA,NA,NA
"control","NER_CHE",0.0445363836782973,0.900592163564267,32,NA,NA,NA
"control","NER_DEU",0.481893329713315,0.773337364209505,32,NA,NA,NA
"control","NER_ESP",-0.582626175055351,0.777610753271658,32,NA,NA,NA
"control","NER_FRA",-0.026347698034586,0.753688763128814,32,NA,NA,NA
"control","NER_GBR",-0.153318037233241,1.25468868259879,29,NA,NA,NA
"control","NER_GRC",0.16040779451732,0.69511303483183,27,NA,NA,NA
"control","NER_ITA",-0.300343844255832,1.35065070310255,32,NA,NA,NA
"control","NER_KOR",-0.211321109873709,0.917521691972508,31,NA,NA,NA
"control","NER_NLD",-0.0041337918605404,1.10190538294811,31,NA,NA,NA
"control","NER_PRT",-0.183061958001195,1.24299513153783,28,NA,NA,NA
"control","NER_SWE",-0.1567914144556,0.905944905602096,31,NA,NA,NA
"control","NER_THA",0.197764609863375,0.947285298694079,32,NA,NA,NA
"control","NER_TWN",0.042233184066294,0.862088062404573,29,NA,NA,NA
"control","NER_USA",-0.29743075654511,1.22383619249097,32,NA,NA,NA
"control","NGA_AUS",0.0669796432047111,1.41039851255445,32,NA,NA,NA
"control","NGA_AUT",0.204407467261889,1.23626997274951,32,NA,NA,NA
"control","NGA_CAN",0.0981485107155635,0.824699200986606,32,NA,NA,NA
"control","NGA_CHE",0.090761394028076,0.59969526622157,32,NA,NA,NA
"control","NGA_CHN",-0.235623080938306,1.15326484424913,32,NA,NA,NA
"control","NGA_DEU",-0.0392564419442668,1.37211296737564,32,NA,NA,NA
"control","NGA_DNK",0.264854235222403,0.794423104753118,32,NA,NA,NA
"control","NGA_ESP",0.0681226799196071,0.60799919309524,32,NA,NA,NA
"control","NGA_FIN",-0.12050071405344,1.38662420433767,32,NA,NA,NA
"control","NGA_FRA",-0.047750319660892,1.86389955862038,32,NA,NA,NA
"control","NGA_GBR",0.145206034976207,0.768147401980012,32,NA,NA,NA
"control","NGA_GRC",0.0187396200982121,1.03925535765606,32,NA,NA,NA
"control","NGA_HUN",-0.0758865425288091,1.2940123198602,30,NA,NA,NA
"control","NGA_IRL",-0.0646450605970433,1.85565274843038,32,NA,NA,NA
"control","NGA_ISL",0.0833986080780697,1.06927077833478,23,NA,NA,NA
"control","NGA_ITA",-0.130838646915611,0.566998319070067,32,NA,NA,NA
"control","NGA_JPN",-0.137187751589988,1.07870416983664,32,NA,NA,NA
"control","NGA_KEN",0.188476345068872,0.891173815867104,28,NA,NA,NA
"control","NGA_NLD",0.213418893298615,0.765381457759681,32,NA,NA,NA
"control","NGA_OMN",0.0748577396422824,0.788738702947605,22,NA,NA,NA
"control","NGA_PRT",0.134881905025925,1.02970631756265,32,NA,NA,NA
"control","NGA_SAU",0.195550522323292,0.956580063162486,30,NA,NA,NA
"control","NGA_SWE",0.337492568399928,1.08857964405784,32,NA,NA,NA
"control","NGA_TUR",-0.187227002710018,0.775855429204661,32,NA,NA,NA
"control","NGA_TWN",0.430792566861962,1.68090034567418,32,NA,NA,NA
"control","NGA_USA",0.103068538517517,0.642490165475826,32,NA,NA,NA
"control","NIC_AUS",-0.0659925071838942,0.823510830752736,32,NA,NA,NA
"control","NIC_AUT",0.0623075527965707,0.526832329046749,24,NA,NA,NA
"control","NIC_BGR",0.0324390698916525,0.566331686169634,17,NA,NA,NA
"control","NIC_CAN",0.0269371058261718,0.896724373643408,32,NA,NA,NA
"control","NIC_CHE",-0.138496619552937,0.593738239492849,32,NA,NA,NA
"control","NIC_DEU",-0.13963844383579,0.890150588961528,24,NA,NA,NA
"control","NIC_DNK",0.000771479715869254,0.809824186653247,24,NA,NA,NA
"control","NIC_ESP",0.500629683950645,0.764429795836926,24,NA,NA,NA
"control","NIC_FIN",-0.0754849057862858,0.781844029671456,24,NA,NA,NA
"control","NIC_FRA",-0.211076839605476,0.807475850918531,24,NA,NA,NA
"control","NIC_GBR",0.0507206139983358,0.975482810887279,24,NA,NA,NA
"control","NIC_GRC",-0.0963155591609981,0.580994015081886,24,NA,NA,NA
"control","NIC_HUN",0.277740486933299,1.50512833406518,17,NA,NA,NA
"control","NIC_IRL",0.357699089905225,1.24124132185141,23,NA,NA,NA
"control","NIC_ISL",0.0428552459372986,0.662981021343905,32,NA,NA,NA
"control","NIC_ITA",0.229358070694491,0.912178366710336,24,NA,NA,NA
"control","NIC_JPN",0.00534240477570064,0.838174441369693,32,NA,NA,NA
"control","NIC_NLD",0.196872696050186,1.15785720805563,24,NA,NA,NA
"control","NIC_NOR",-0.0513533881283132,0.85929167959799,32,NA,NA,NA
"control","NIC_NZL",-0.126669566219738,0.70746188323038,32,NA,NA,NA
"control","NIC_PAN",0.100959793529669,1.87759475319225,20,NA,NA,NA
"control","NIC_PRT",0.029195564475864,1.44215310423639,24,NA,NA,NA
"control","NIC_SWE",-0.338957175619865,1.36926988305103,24,NA,NA,NA
"control","NIC_TUR",-0.314001786746818,0.723127860411418,32,NA,NA,NA
"control","NIC_TWN",-0.172377606089881,0.69542022074161,19,NA,NA,NA
"control","NIC_USA",0.259033638417984,0.796042567244474,16,NA,NA,NA
"control","NLD_AFG",-0.0011998922937378,0.77430307857645,32,NA,NA,NA
"control","NLD_AGO",0.0180965081964847,0.867936600807755,32,NA,NA,NA
"control","NLD_ALB",-0.0273133267851881,2.4453384060305,17,NA,NA,NA
"control","NLD_ARE",-0.0963696815449793,0.813548233211676,32,NA,NA,NA
"control","NLD_ARG",0.0220308603272322,1.10098480452269,32,NA,NA,NA
"control","NLD_ATG",-0.0326153436835776,0.981088362517096,19,NA,NA,NA
"control","NLD_AUS",-0.018384251124242,1.13959712344682,32,NA,NA,NA
"control","NLD_BDI",-0.00684521721695282,1.51895706689847,32,NA,NA,NA
"control","NLD_BEN",-0.0885155335401939,1.10370973529716,32,NA,NA,NA
"control","NLD_BFA",0.17190254594494,1.35752946991535,32,NA,NA,NA
"control","NLD_BGD",-0.360730860830726,1.21188915225258,32,NA,NA,NA
"control","NLD_BHR",0.0945095290609274,1.07800487079944,32,NA,NA,NA
"control","NLD_BHS",-0.210651242121481,0.957054889961089,19,NA,NA,NA
"control","NLD_BOL",0.262224887493656,1.32352403460546,32,NA,NA,NA
"control","NLD_BRA",0.0487964622052089,1.05071549591179,32,NA,NA,NA
"control","NLD_BRB",-0.0215143765265624,1.02922776096546,19,NA,NA,NA
"control","NLD_BRN",0.125218821337506,0.960637910986182,31,NA,NA,NA
"control","NLD_BWA",0.255239953190971,1.12368729975798,25,NA,NA,NA
"control","NLD_CAF",0.168089624923453,1.46972170067035,32,NA,NA,NA
"control","NLD_CAN",-0.0492164704068207,0.765942507798218,28,NA,NA,NA
"control","NLD_CHL",0.315659581289423,1.1927623447944,14,NA,NA,NA
"control","NLD_CHN",-0.393055865176633,1.00038476674038,32,NA,NA,NA
"control","NLD_CIV",-0.0162226612978004,0.982567596612824,27,NA,NA,NA
"control","NLD_CMR",0.0183345374000414,0.670987004940531,25,NA,NA,NA
"control","NLD_COD",0.0747993371836866,1.32295551973301,32,NA,NA,NA
"control","NLD_COG",-0.15308200207275,0.965306208561315,32,NA,NA,NA
"control","NLD_COL",0.297433862494245,0.894808116354416,24,NA,NA,NA
"control","NLD_COM",-0.0868762577455538,1.07344144567577,31,NA,NA,NA
"control","NLD_CPV",0.0503882864196379,0.632921803227434,32,NA,NA,NA
"control","NLD_CRI",0.156506564213076,0.540824141187479,24,NA,NA,NA
"control","NLD_CUB",0.0477082050584052,0.685623912892218,32,NA,NA,NA
"control","NLD_DJI",0.135511975808885,1.19091348937066,32,NA,NA,NA
"control","NLD_DMA",0.122771230839319,0.711072030200837,19,NA,NA,NA
"control","NLD_DOM",0.0905189992430924,0.888767789656339,19,NA,NA,NA
"control","NLD_ECU",-0.0717240933929107,0.735962388309911,28,NA,NA,NA
"control","NLD_FJI",-0.58644254413286,0.773009057576338,20,NA,NA,NA
"control","NLD_GAB",0.0343817814372272,0.710837643306669,32,NA,NA,NA
"control","NLD_GHA",0.248566254876027,1.43583236493132,27,NA,NA,NA
"control","NLD_GIN",-0.0076448707810966,1.14221281626763,32,NA,NA,NA
"control","NLD_GLP",-0.289992287190923,1.07948321427895,9,NA,NA,NA
"control","NLD_GMB",-0.00669696765653592,0.922150844757098,32,NA,NA,NA
"control","NLD_GNB",-0.192547683542897,1.04029539231821,32,NA,NA,NA
"control","NLD_GNQ",0.0432855631618094,0.722495359997897,32,NA,NA,NA
"control","NLD_GRD",0.011516228570886,1.0016266742965,19,NA,NA,NA
"control","NLD_GTM",0.0125839042246336,1.66750117174345,24,NA,NA,NA
"control","NLD_GUF",0.36627469534822,2.4324532613683,9,NA,NA,NA
"control","NLD_GUY",0.141074953464588,0.634037032971826,19,NA,NA,NA
"control","NLD_HND",-0.118846182213887,1.69311995942838,24,NA,NA,NA
"control","NLD_HTI",-0.093535772000626,0.948063259572827,32,NA,NA,NA
"control","NLD_IDN",0.0449375689721784,0.835126888130108,32,NA,NA,NA
"control","NLD_IND",0.0158139401794905,1.1405866031712,32,NA,NA,NA
"control","NLD_IRN",-0.243985377853199,1.02459022635442,32,NA,NA,NA
"control","NLD_IRQ",-0.0826206000938739,1.20032486845963,32,NA,NA,NA
"control","NLD_JAM",0.124015009740502,0.949886794037897,19,NA,NA,NA
"control","NLD_JOR",-0.057375998538847,1.26135827778352,13,NA,NA,NA
"control","NLD_JPN",-0.166287459901836,1.16185076754281,30,NA,NA,NA
"control","NLD_KEN",-0.0639840718183175,0.748336353594165,32,NA,NA,NA
"control","NLD_KNA",-0.0398222134046595,0.662986038758016,19,NA,NA,NA
"control","NLD_KOR",-0.42516651228771,1.10555100451892,22,NA,NA,NA
"control","NLD_KWT",-0.244286367830481,0.67355082157114,32,NA,NA,NA
"control","NLD_LBR",0.159221151681152,1.23498484633132,32,NA,NA,NA
"control","NLD_LBY",-0.130970447630599,0.925108266313642,32,NA,NA,NA
"control","NLD_LCA",-0.0364892345319558,1.2750228314948,19,NA,NA,NA
"control","NLD_LKA",0.11356697523019,0.925930979975403,32,NA,NA,NA
"control","NLD_MDG",-0.629414872952663,0.892080616273296,23,NA,NA,NA
"control","NLD_MDV",-0.0963780001452569,0.797189328014104,29,NA,NA,NA
"control","NLD_MEX",-0.02553250584152,1.08306800468368,11,NA,NA,NA
"control","NLD_MLI",-0.103151643805982,0.530891156549936,32,NA,NA,NA
"control","NLD_MMR",-0.34092934610644,1.20930153597559,30,NA,NA,NA
"control","NLD_MOZ",-0.110167498493082,1.06329170707822,27,NA,NA,NA
"control","NLD_MRT",0.0603871525233451,1.53747772804705,32,NA,NA,NA
"control","NLD_MTQ",0.0093218976882253,0.643042753719244,9,NA,NA,NA
"control","NLD_MUS",0.0946030747630489,1.12649765429955,23,NA,NA,NA
"control","NLD_MWI",-0.155007021834797,1.59127546740306,32,NA,NA,NA
"control","NLD_MYS",0.0190632655393643,0.767186331032829,32,NA,NA,NA
"control","NLD_NER",0.0154549832992477,0.896382559805463,32,NA,NA,NA
"control","NLD_NGA",0.194066409949981,1.1071424162282,32,NA,NA,NA
"control","NLD_NIC",-0.245488847947618,0.811951121909,24,NA,NA,NA
"control","NLD_NPL",0.15035149331154,0.722643191347334,32,NA,NA,NA
"control","NLD_NZL",0.0952315272241178,1.06534717587249,32,NA,NA,NA
"control","NLD_OMN",-0.00960694778688146,1.17756288121316,32,NA,NA,NA
"control","NLD_PAK",0.0722006164429142,1.0907710838467,32,NA,NA,NA
"control","NLD_PAN",0.147651148622443,1.31332237046128,24,NA,NA,NA
"control","NLD_PER",-0.114103557641908,1.03192517469845,24,NA,NA,NA
"control","NLD_PHL",-0.1037017645239,0.752705115597268,32,NA,NA,NA
"control","NLD_PNG",0.0539753140074297,1.02991129010927,19,NA,NA,NA
"control","NLD_PRK",-0.2194743691038,1.18265837852446,32,NA,NA,NA
"control","NLD_PRY",0.0952721349417713,0.73964265102271,32,NA,NA,NA
"control","NLD_QAT",-0.158853695749423,0.963557956427477,32,NA,NA,NA
"control","NLD_REU",-0.13969759683023,1.1566921322874,9,NA,NA,NA
"control","NLD_RWA",0.0811100307016132,0.80784332558234,32,NA,NA,NA
"control","NLD_SAU",-0.00973922904859246,0.713744599231942,32,NA,NA,NA
"control","NLD_SDN",0.107759035952584,0.861447343770864,32,NA,NA,NA
"control","NLD_SEN",-0.317144453445497,0.488312854696884,32,NA,NA,NA
"control","NLD_SGP",-0.180039632374507,0.524959466325664,30,NA,NA,NA
"control","NLD_SLB",-0.0273080981673915,0.945060878158151,32,NA,NA,NA
"control","NLD_SLE",-0.217923889055125,1.41464083555871,32,NA,NA,NA
"control","NLD_SLV",0.269592883883398,1.21947252569524,24,NA,NA,NA
"control","NLD_SOM",0.149002785914044,0.83506157803885,31,NA,NA,NA
"control","NLD_STP",0.0852445068559145,1.19876671848017,32,NA,NA,NA
"control","NLD_SUR",0.05510542495071,1.6788076000502,19,NA,NA,NA
"control","NLD_SWZ",-0.080972439556737,1.0860834517557,20,NA,NA,NA
"control","NLD_SYC",-0.599276622992518,0.939318148865151,23,NA,NA,NA
"control","NLD_TGO",-0.120128249351333,1.23877663778975,32,NA,NA,NA
"control","NLD_THA",-0.0776953992816012,0.965452808893886,32,NA,NA,NA
"control","NLD_TTO",-0.146286723372041,0.939374452687594,19,NA,NA,NA
"control","NLD_TUV",0.0827585004331169,0.746868187448886,24,NA,NA,NA
"control","NLD_TWN",0.0330480592682743,0.709438177938894,32,NA,NA,NA
"control","NLD_TZA",-0.439194536096121,1.09906849558867,32,NA,NA,NA
"control","NLD_UGA",-0.0199059121185135,0.660115102838953,32,NA,NA,NA
"control","NLD_URY",-0.187569138326426,0.950721963163453,32,NA,NA,NA
"control","NLD_USA",0.000470431869369525,0.875984437261887,32,NA,NA,NA
"control","NLD_VCT",-0.00443826566029008,0.63969043883764,19,NA,NA,NA
"control","NLD_VEN",-0.0981582356335976,0.665675970691052,32,NA,NA,NA
"control","NLD_VNM",0.46431763346972,0.976781270997827,32,NA,NA,NA
"control","NLD_ZAF",0.14173472133241,0.797698824737842,11,NA,NA,NA
"control","NLD_ZMB",-0.207156015395473,0.736992570471475,32,NA,NA,NA
"control","NLD_ZWE",-0.142972301622251,1.28706672345682,23,NA,NA,NA
"control","NOR_ARE",0.240326946692563,0.856309092724568,23,NA,NA,NA
"control","NOR_ARG",-0.306807896433968,1.29943468301273,31,NA,NA,NA
"control","NOR_AUS",-0.0275047022367643,1.64664537575613,32,NA,NA,NA
"control","NOR_BRA",0.0220393580478619,1.09937367355018,32,NA,NA,NA
"control","NOR_CAN",-0.159558802365089,0.615190747539548,20,NA,NA,NA
"control","NOR_CHL",0.362172258496496,0.88491928892183,15,NA,NA,NA
"control","NOR_CHN",0.131732325092411,1.28492787738938,32,NA,NA,NA
"control","NOR_COL",0.0182022132682764,1.00562827589748,22,NA,NA,NA
"control","NOR_CRI",-0.170742429527574,0.876780611626822,24,NA,NA,NA
"control","NOR_CUB",0.0879750327102189,1.24883612905632,29,NA,NA,NA
"control","NOR_DZA",-0.243541311507756,0.73549747620558,29,NA,NA,NA
"control","NOR_ECU",0.052703520407372,1.31172327415043,30,NA,NA,NA
"control","NOR_EGY",-0.183526381293585,0.723878665949009,18,NA,NA,NA
"control","NOR_GTM",-0.0193596376964703,1.27293009836078,29,NA,NA,NA
"control","NOR_HND",0.250412521562707,0.996339592192481,29,NA,NA,NA
"control","NOR_IDN",-0.107445553376087,0.835483562018783,32,NA,NA,NA
"control","NOR_IND",-0.118540161610183,1.04270275144114,32,NA,NA,NA
"control","NOR_JAM",0.138603089746805,1.15722154567217,31,NA,NA,NA
"control","NOR_JPN",0.00302398371166951,1.11317627895483,32,NA,NA,NA
"control","NOR_KOR",0.0491073824523677,0.801537663937725,17,NA,NA,NA
"control","NOR_LBN",0.295078659576246,0.65896607216848,14,NA,NA,NA
"control","NOR_LKA",-0.118976849417617,1.21650733639688,32,NA,NA,NA
"control","NOR_MAR",0.749540449627654,0.708968310982643,9,NA,NA,NA
"control","NOR_MEX",0.0687511582121045,1.14210273546594,12,NA,NA,NA
"control","NOR_MLT",0.0224857357307922,1.10179644833698,14,NA,NA,NA
"control","NOR_MYS",-0.13669067516589,0.749462115550934,32,NA,NA,NA
"control","NOR_NGA",-0.240867331154615,1.35319884839011,30,NA,NA,NA
"control","NOR_NZL",0.0484248280659881,1.62706658872347,32,NA,NA,NA
"control","NOR_OMN",-0.155990873032243,1.27141466692499,25,NA,NA,NA
"control","NOR_PAK",0.217850843057576,1.06926646265895,30,NA,NA,NA
"control","NOR_PER",-0.321730938807948,1.10953428801011,20,NA,NA,NA
"control","NOR_PHL",-0.119472375913516,1.30523422931093,26,NA,NA,NA
"control","NOR_SAU",0.128840075266424,1.3669070167254,23,NA,NA,NA
"control","NOR_SGP",-0.651322627453643,2.18187170805167,14,NA,NA,NA
"control","NOR_THA",-0.0143063857936861,0.785650799644437,32,NA,NA,NA
"control","NOR_TTO",0.0972069124151855,0.813379063415027,30,NA,NA,NA
"control","NOR_TUN",-0.161313671583792,0.881209552507759,15,NA,NA,NA
"control","NOR_TWN",0.301314380459805,0.867513885653576,32,NA,NA,NA
"control","NOR_URY",0.0529220874456349,0.714943470492493,32,NA,NA,NA
"control","NOR_USA",-0.123035584138091,0.609723356076836,32,NA,NA,NA
"control","NOR_VEN",-0.208667723481336,0.53509458227031,30,NA,NA,NA
"control","NPL_AUS",-0.0821463590983537,1.39392226382833,32,NA,NA,NA
"control","NPL_AUT",0.0843467105038731,0.912674759151336,29,NA,NA,NA
"control","NPL_CHE",0.320467616977998,1.01220017015455,32,NA,NA,NA
"control","NPL_CHN",-0.095391186117596,0.593321909947095,32,NA,NA,NA
"control","NPL_DEU",-0.037295813854067,1.32609676783735,32,NA,NA,NA
"control","NPL_ESP",-0.178477068597805,0.454954986029206,32,NA,NA,NA
"control","NPL_FIN",0.0720581394042126,1.18322060564076,32,NA,NA,NA
"control","NPL_FRA",0.0931871332894021,0.984017180678743,30,NA,NA,NA
"control","NPL_GBR",-0.0519222726517441,0.952544606736846,32,NA,NA,NA
"control","NPL_ITA",0.31547511277993,0.954294137332253,32,NA,NA,NA
"control","NPL_JPN",-0.115267104909179,0.796992205725274,32,NA,NA,NA
"control","NPL_KOR",-0.312696200584253,1.21236547745976,32,NA,NA,NA
"control","NPL_MYS",-0.0865325916122805,1.16874117847374,32,NA,NA,NA
"control","NPL_NLD",-0.10472218030879,0.914818987330412,30,NA,NA,NA
"control","NPL_NZL",-0.280633157522348,0.866179509357891,32,NA,NA,NA
"control","NPL_PRT",-0.0168781940191085,0.827122113489842,31,NA,NA,NA
"control","NPL_SGP",0.152272516211614,0.980294309414901,32,NA,NA,NA
"control","NPL_THA",-0.267224553050513,0.840489275620004,32,NA,NA,NA
"control","NPL_USA",0.177697437330315,0.967336293427788,32,NA,NA,NA
"control","NRU_CHE",0.355521978499038,1.36221462185782,22,NA,NA,NA
"control","NRU_FRA",-0.410343256865254,1.23347829739965,26,NA,NA,NA
"control","NRU_GRC",0.0621343568168247,0.909851147666656,13,NA,NA,NA
"control","NRU_ITA",-0.14105964605885,0.961106735613092,15,NA,NA,NA
"control","NRU_KOR",-0.0379615611679336,0.931261945068129,32,NA,NA,NA
"control","NRU_THA",0.0527607670015998,0.744156052163538,32,NA,NA,NA
"control","NZL_AFG",-0.0102819585470995,0.947798175919163,28,NA,NA,NA
"control","NZL_ARE",0.238793890591171,0.674658243331802,32,NA,NA,NA
"control","NZL_ARG",-0.0635818810419877,0.697723316371159,32,NA,NA,NA
"control","NZL_ATG",-0.115817290597528,1.18884177731069,32,NA,NA,NA
"control","NZL_AUT",-0.138446773175176,0.790850992402284,32,NA,NA,NA
"control","NZL_BFA",-0.28706472211121,0.867068866391646,27,NA,NA,NA
"control","NZL_BGD",-0.112268203000633,0.480532587374873,32,NA,NA,NA
"control","NZL_BGR",0.137149198603022,1.44004047424938,32,NA,NA,NA
"control","NZL_BHR",0.0104913761915276,0.655988219510733,32,NA,NA,NA
"control","NZL_BHS",0.0138950420464619,1.16132134235053,32,NA,NA,NA
"control","NZL_BOL",0.166296294731704,0.822768102079378,32,NA,NA,NA
"control","NZL_BRA",0.0764454542146045,0.887164481403302,32,NA,NA,NA
"control","NZL_BRB",-0.598603719922551,1.11633069969024,32,NA,NA,NA
"control","NZL_BRN",-0.14987422692076,0.607015086350113,17,NA,NA,NA
"control","NZL_BTN",0.165376167922262,1.24066351617038,28,NA,NA,NA
"control","NZL_CAN",0.104687548637767,0.932192769720753,30,NA,NA,NA
"control","NZL_CHE",-0.229515719490603,1.08396062774637,32,NA,NA,NA
"control","NZL_CHL",0.0141289302575983,1.23116210161824,17,NA,NA,NA
"control","NZL_CHN",0.390489663340399,0.876225820122453,19,NA,NA,NA
"control","NZL_CMR",-0.0255239233310006,1.45126404737199,31,NA,NA,NA
"control","NZL_COG",0.0565130575606817,0.934247353896016,28,NA,NA,NA
"control","NZL_COL",0.00844100604502797,0.935207356173093,32,NA,NA,NA
"control","NZL_CRI",0.0300744083449658,1.01991609364761,32,NA,NA,NA
"control","NZL_CYP",-0.282429752808293,1.06885210895477,32,NA,NA,NA
"control","NZL_DEU",-0.0318405143498814,0.817255770646421,32,NA,NA,NA
"control","NZL_DMA",0.075054015317082,1.25282592807885,29,NA,NA,NA
"control","NZL_DNK",0.09037696416906,1.01096326096955,32,NA,NA,NA
"control","NZL_ECU",0.0557683144659897,1.04866417835722,32,NA,NA,NA
"control","NZL_EGY",-0.241722246704336,1.03264928836004,32,NA,NA,NA
"control","NZL_ESP",0.0475630467172731,1.50747799176327,32,NA,NA,NA
"control","NZL_FIN",-0.299239050293646,0.474027485846153,32,NA,NA,NA
"control","NZL_FRA",-0.257446282236705,0.954012605564836,32,NA,NA,NA
"control","NZL_GBR",0.341251677874941,0.640390743560007,32,NA,NA,NA
"control","NZL_GLP",-0.282221429018228,0.936663537702867,12,NA,NA,NA
"control","NZL_GMB",-0.164945659726289,0.993204174794156,30,NA,NA,NA
"control","NZL_GRC",0.306238657276782,0.849247085760318,32,NA,NA,NA
"control","NZL_GRD",0.0461110862522397,0.553248263152616,32,NA,NA,NA
"control","NZL_GUF",0.155043567106816,1.09884135880405,10,NA,NA,NA
"control","NZL_GUY",-0.0566402049055848,1.03749393670773,32,NA,NA,NA
"control","NZL_HUN",0.00935296295227999,0.964538125839414,32,NA,NA,NA
"control","NZL_IDN",-0.0328033975008678,0.687340185620748,23,NA,NA,NA
"control","NZL_IND",0.330207706235054,0.697670572325522,32,NA,NA,NA
"control","NZL_IRL",-0.0910620337151545,0.680903433599675,32,NA,NA,NA
"control","NZL_IRN",0.0508957881621051,0.769962546676428,32,NA,NA,NA
"control","NZL_ISL",0.0015847128502196,1.27538270245893,32,NA,NA,NA
"control","NZL_ISR",0.178510828793877,0.914822623807346,32,NA,NA,NA
"control","NZL_ITA",0.0310412691858045,1.13798310067208,32,NA,NA,NA
"control","NZL_JAM",0.264062702926562,0.88060413275144,32,NA,NA,NA
"control","NZL_JOR",0.119687495435875,1.15930048404878,32,NA,NA,NA
"control","NZL_JPN",-0.0103582927132706,0.833835343627323,30,NA,NA,NA
"control","NZL_KEN",-0.241348808894353,0.825151391115493,32,NA,NA,NA
"control","NZL_KOR",0.0305813826689471,0.786619804846383,26,NA,NA,NA
"control","NZL_KWT",-0.0865688579213613,0.829707560721326,32,NA,NA,NA
"control","NZL_LBN",-0.196120832583387,1.20420363314726,32,NA,NA,NA
"control","NZL_LBY",-0.117260148032355,0.88476876989429,32,NA,NA,NA
"control","NZL_LCA",0.00883539660816552,1.13836264692312,32,NA,NA,NA
"control","NZL_LKA",0.0134315184078737,1.38449753345333,32,NA,NA,NA
"control","NZL_MAC",0.16671549200468,0.783341166197608,32,NA,NA,NA
"control","NZL_MAR",0.0352230249656018,1.22561582444441,32,NA,NA,NA
"control","NZL_MEX",0.113052711746005,0.690135472852744,30,NA,NA,NA
"control","NZL_MLT",-0.0882993738439782,0.733660476419396,32,NA,NA,NA
"control","NZL_MMR",-0.0853281919388657,1.05754753394503,21,NA,NA,NA
"control","NZL_MTQ",0.527880733483474,0.462858864788705,12,NA,NA,NA
"control","NZL_MUS",-0.00595209246788412,1.3449746759439,32,NA,NA,NA
"control","NZL_MYS",-0.161172009447023,1.64079809207109,21,NA,NA,NA
"control","NZL_NIC",-0.30591471263492,0.626252564576691,32,NA,NA,NA
"control","NZL_NLD",-0.0355238764126782,0.605940209401979,32,NA,NA,NA
"control","NZL_NOR",-0.0553676488334376,0.963596997835295,32,NA,NA,NA
"control","NZL_NPL",0.303838878339179,0.67033108616266,32,NA,NA,NA
"control","NZL_OMN",-0.0730386266984652,0.84877902368819,32,NA,NA,NA
"control","NZL_PAK",-0.0229549312128975,0.699193909957827,32,NA,NA,NA
"control","NZL_PAN",-0.085838135256552,0.939419986839231,32,NA,NA,NA
"control","NZL_PER",0.258550023438201,1.49056931434431,32,NA,NA,NA
"control","NZL_PHL",0.332230675243857,1.10849934989899,21,NA,NA,NA
"control","NZL_POL",-0.17665875035776,1.88399315985662,32,NA,NA,NA
"control","NZL_PRI",-0.586146832777474,0.662763267519684,12,NA,NA,NA
"control","NZL_PRT",0.0757990064031927,1.15145899965883,32,NA,NA,NA
"control","NZL_PRY",0.0596102756806551,1.0219297657935,32,NA,NA,NA
"control","NZL_PYF",0.0532876891727671,0.985075570634034,32,NA,NA,NA
"control","NZL_QAT",-0.245683433343716,1.07860618323799,32,NA,NA,NA
"control","NZL_REU",0.42706455704588,1.11376538926032,12,NA,NA,NA
"control","NZL_ROU",0.207414402020739,1.25375522214496,32,NA,NA,NA
"control","NZL_SAU",-0.0251466455883534,1.21900371283541,32,NA,NA,NA
"control","NZL_SGP",-0.266941403777089,0.585650384349184,12,NA,NA,NA
"control","NZL_SLE",-0.201600690724949,0.52916632733353,26,NA,NA,NA
"control","NZL_SUR",-0.13967013980552,0.514173440910391,29,NA,NA,NA
"control","NZL_SWE",-0.00227557299144895,0.662877402937459,32,NA,NA,NA
"control","NZL_THA",-0.209275888868387,1.05535451229474,16,NA,NA,NA
"control","NZL_TTO",-0.180693083984845,1.06235898852336,32,NA,NA,NA
"control","NZL_TUR",-0.0556344201295072,0.822381442019744,32,NA,NA,NA
"control","NZL_TWN",-0.285037400691719,0.778763493309923,24,NA,NA,NA
"control","NZL_URY",-0.0856587923876213,0.624088326860041,32,NA,NA,NA
"control","NZL_USA",0.143655192695456,0.777036588549497,32,NA,NA,NA
"control","NZL_VCT",0.331668145045049,1.09971981073014,32,NA,NA,NA
"control","NZL_VEN",-0.323670990191647,1.22651588507303,32,NA,NA,NA
"control","NZL_ZAF",0.106031681927779,1.18892719120976,32,NA,NA,NA
"control","NZL_ZWE",0.127909413941397,0.792431758508017,32,NA,NA,NA
"control","OMN_AUS",0.0915771247795568,1.42242884971105,32,NA,NA,NA
"control","OMN_CHE",-0.0488324482466696,1.28550650486866,25,NA,NA,NA
"control","OMN_DEU",-0.176987834681541,0.925835313005145,32,NA,NA,NA
"control","OMN_EGY",-0.0107689024411888,0.39246094312807,9,NA,NA,NA
"control","OMN_GBR",-0.147573493580301,0.791211702984554,32,NA,NA,NA
"control","OMN_GRC",-0.0345347994244325,1.16806927035223,32,NA,NA,NA
"control","OMN_IND",-0.138699451529633,0.922903062366902,32,NA,NA,NA
"control","OMN_JOR",0.294656021600127,1.62765441114539,9,NA,NA,NA
"control","OMN_JPN",-0.0640699773400209,1.04428362906379,32,NA,NA,NA
"control","OMN_KEN",0.0604149676683655,1.12197420216429,32,NA,NA,NA
"control","OMN_KOR",0.0260716884078221,1.19284122701956,32,NA,NA,NA
"control","OMN_MAR",-0.819429128289589,0.656115537147758,9,NA,NA,NA
"control","OMN_NLD",0.244752446929428,0.87179249522357,32,NA,NA,NA
"control","OMN_PRT",-0.0987152830084028,1.15494406347448,32,NA,NA,NA
"control","OMN_SGP",-0.203887645649068,1.15022520000276,24,NA,NA,NA
"control","OMN_THA",-0.0672828793441203,1.02050477012391,32,NA,NA,NA
"control","OMN_TZA",-1.22487881916086e-06,1.04465107553188,32,NA,NA,NA
"control","PAK_AUS",-0.188711121128684,0.774198276127843,32,NA,NA,NA
"control","PAK_AUT",0.244827283661473,1.06246973507614,32,NA,NA,NA
"control","PAK_BGR",0.000369584620821412,0.930634801460231,31,NA,NA,NA
"control","PAK_BRB",-0.148452508874292,0.977512966710859,29,NA,NA,NA
"control","PAK_CAN",0.199049573779023,0.934875559594887,32,NA,NA,NA
"control","PAK_CHE",-0.151659484392309,0.857445333400443,32,NA,NA,NA
"control","PAK_CHN",-0.00459900151091351,1.13046068354489,18,NA,NA,NA
"control","PAK_DEU",0.166581193795663,0.907663928656152,32,NA,NA,NA
"control","PAK_DJI",-0.181816955976704,1.33338442832576,32,NA,NA,NA
"control","PAK_DNK",0.0211681399679015,0.774413445365567,32,NA,NA,NA
"control","PAK_ESP",-0.118427585849586,1.42872682338439,32,NA,NA,NA
"control","PAK_FIN",0.136715649050105,1.65540350511087,32,NA,NA,NA
"control","PAK_FJI",-0.105447794784227,1.2552094083468,28,NA,NA,NA
"control","PAK_FRA",-0.475839231371143,0.689074957521808,32,NA,NA,NA
"control","PAK_GBR",-0.0152130572879162,0.711705037502648,32,NA,NA,NA
"control","PAK_GRC",0.110699466981138,0.566674257525211,32,NA,NA,NA
"control","PAK_HUN",-0.0236964910213155,0.548926378174801,32,NA,NA,NA
"control","PAK_IRL",0.182123727129256,1.23934581445584,32,NA,NA,NA
"control","PAK_ISL",-0.231978622587299,0.683246573300316,32,NA,NA,NA
"control","PAK_ITA",0.129000732277107,1.11469149976202,32,NA,NA,NA
"control","PAK_JOR",-0.0280274553686766,1.32419371901408,32,NA,NA,NA
"control","PAK_JPN",0.170817395086174,1.00717817914337,32,NA,NA,NA
"control","PAK_MAR",0.118825787579006,0.85391251643439,8,NA,NA,NA
"control","PAK_MLT",-0.0377763365451543,0.903885230351372,30,NA,NA,NA
"control","PAK_NLD",0.239365763272129,0.733965786017151,32,NA,NA,NA
"control","PAK_NOR",-0.0832791583814749,1.10091761521696,32,NA,NA,NA
"control","PAK_NZL",-0.132058964115622,0.698883588760013,32,NA,NA,NA
"control","PAK_OMN",-0.0247479994344704,1.73236661318247,32,NA,NA,NA
"control","PAK_PRT",-0.178938074555226,1.23437474576605,32,NA,NA,NA
"control","PAK_REU",0.0492593588304374,1.16028622483072,11,NA,NA,NA
"control","PAK_SAU",-0.211231666848365,0.648280650091902,32,NA,NA,NA
"control","PAK_SEN",0.202644212875402,1.87420756088852,31,NA,NA,NA
"control","PAK_SWE",0.000901015265954846,1.04971313839554,32,NA,NA,NA
"control","PAK_SYR",0.0887108539894164,0.92903231458195,32,NA,NA,NA
"control","PAK_TWN",0.339101112369726,0.758693111571967,32,NA,NA,NA
"control","PAK_USA",0.108356020340537,1.39758607808699,32,NA,NA,NA
"control","PAN_AUS",-0.20019176174584,1.11574681774772,32,NA,NA,NA
"control","PAN_AUT",0.0111327459485312,1.18895473812051,24,NA,NA,NA
"control","PAN_BGR",0.198213382895407,0.791100501670266,19,NA,NA,NA
"control","PAN_BLZ",0.115858366713243,1.26064734657679,31,NA,NA,NA
"control","PAN_BRA",0.260856196647641,1.07083050265904,23,NA,NA,NA
"control","PAN_BRB",0.456093900375675,0.955356811657726,25,NA,NA,NA
"control","PAN_CAN",0.0122252166369177,1.13247401660539,24,NA,NA,NA
"control","PAN_CHE",-0.0620344886709693,0.707532600305376,25,NA,NA,NA
"control","PAN_CHL",-0.239162904852607,0.996908268518864,18,NA,NA,NA
"control","PAN_COL",-0.179349012389151,1.21351424429919,23,NA,NA,NA
"control","PAN_CRI",-0.144542086715023,0.923055006971716,19,NA,NA,NA
"control","PAN_CUB",-0.00570747762215455,0.980034717895744,19,NA,NA,NA
"control","PAN_DEU",0.160735647351306,1.63148503322784,24,NA,NA,NA
"control","PAN_DNK",-0.177735570069092,0.879607479428234,24,NA,NA,NA
"control","PAN_ECU",-0.199322593053924,1.07499339216821,23,NA,NA,NA
"control","PAN_EGY",-0.0338899035852233,0.964677780599203,27,NA,NA,NA
"control","PAN_ESP",-0.199872282995252,0.999062252226438,24,NA,NA,NA
"control","PAN_FIN",0.160189797906784,0.890945022592808,24,NA,NA,NA
"control","PAN_FRA",-0.128211178528267,0.798117613009391,24,NA,NA,NA
"control","PAN_GBR",-0.287803408784322,1.48725618515961,24,NA,NA,NA
"control","PAN_GRC",0.184428358229983,0.689456636784203,24,NA,NA,NA
"control","PAN_GTM",-0.245068134523366,1.40963509210062,19,NA,NA,NA
"control","PAN_HND",0.17431682969421,1.68144527400623,20,NA,NA,NA
"control","PAN_HUN",0.0251790559311336,0.601547206431309,23,NA,NA,NA
"control","PAN_IRL",0.0012395250401516,0.972291870892303,24,NA,NA,NA
"control","PAN_ISL",0.0526647184665081,0.85431203605777,25,NA,NA,NA
"control","PAN_ISR",-0.115274610627947,0.881357194574468,29,NA,NA,NA
"control","PAN_ITA",0.0118631402141215,1.50993066290249,24,NA,NA,NA
"control","PAN_JOR",0.116652699101285,0.86193522132352,25,NA,NA,NA
"control","PAN_JPN",0.172654818974308,0.901741035249213,32,NA,NA,NA
"control","PAN_KOR",-0.197214532171908,1.39946991787247,32,NA,NA,NA
"control","PAN_KWT",-0.133556631879267,0.802933220105109,22,NA,NA,NA
"control","PAN_MAR",0.0518789990183341,0.604530364630504,29,NA,NA,NA
"control","PAN_MEX",-0.0600453558223047,1.00221617273384,23,NA,NA,NA
"control","PAN_NIC",0.0235355077998099,0.881333667667783,20,NA,NA,NA
"control","PAN_NLD",0.104973565456745,0.79818678878157,24,NA,NA,NA
"control","PAN_NOR",-0.0288870065291915,1.08475190839864,25,NA,NA,NA
"control","PAN_NZL",0.213513770626216,0.709274940529603,32,NA,NA,NA
"control","PAN_PER",0.123343386091275,0.979536795554292,23,NA,NA,NA
"control","PAN_POL",0.0794983598049069,0.506215075270869,19,NA,NA,NA
"control","PAN_PRI",0.266096788209649,0.719307897974318,8,NA,NA,NA
"control","PAN_PRT",0.131047296528943,1.72772301133725,24,NA,NA,NA
"control","PAN_SAU",0.399427462096007,1.11193746490003,31,NA,NA,NA
"control","PAN_SEN",-0.547287688215296,1.38211592951682,17,NA,NA,NA
"control","PAN_SLV",-0.26307695385595,1.18619662538745,14,NA,NA,NA
"control","PAN_SWE",0.406626660158313,1.25971454719901,24,NA,NA,NA
"control","PAN_THA",0.168575067415714,0.996660829866149,32,NA,NA,NA
"control","PAN_TUR",-0.261678277351895,0.867906231556764,32,NA,NA,NA
"control","PAN_USA",-0.0605010089305476,1.04428553856833,23,NA,NA,NA
"control","PAN_VEN",0.116455469831946,1.15060189276567,23,NA,NA,NA
"control","PAN_ZAF",-0.025153155310945,1.13502736274428,26,NA,NA,NA
"control","PCN_CHE",0.171621506931062,0.828699907341564,18,NA,NA,NA
"control","PCN_JPN",-0.308342116245859,1.35951586491404,20,NA,NA,NA
"control","PER_AUS",-0.181323960660906,1.13934523900571,32,NA,NA,NA
"control","PER_AUT",-0.247289577129752,1.14205468301337,24,NA,NA,NA
"control","PER_BHS",0.218610771136804,1.20807860596102,30,NA,NA,NA
"control","PER_BRB",-0.303548321437512,0.992493411611305,29,NA,NA,NA
"control","PER_CAN",0.0605724006944978,1.17523690641297,20,NA,NA,NA
"control","PER_CHE",0.0824473127270912,1.18679598164123,22,NA,NA,NA
"control","PER_CHN",0.375827158280859,0.806389451767921,21,NA,NA,NA
"control","PER_CRI",-0.125993463802316,1.07493683521873,24,NA,NA,NA
"control","PER_DEU",0.0272768502830795,0.924445261647502,24,NA,NA,NA
"control","PER_DNK",-0.1686724428606,0.501611695756855,24,NA,NA,NA
"control","PER_ESP",0.21930849708503,1.01674889641207,24,NA,NA,NA
"control","PER_FIN",0.219834729155032,0.702657651498124,24,NA,NA,NA
"control","PER_FRA",-0.0297373133363923,1.05179250485521,24,NA,NA,NA
"control","PER_GBR",0.104794084603724,1.19061922578984,24,NA,NA,NA
"control","PER_GRC",0.0867453825590762,0.804163590734343,24,NA,NA,NA
"control","PER_HUN",-0.209228945689423,1.67352578468529,23,NA,NA,NA
"control","PER_IRL",-0.0518017246607556,1.6565414922588,24,NA,NA,NA
"control","PER_ISL",-0.22466302344297,0.781673282405215,22,NA,NA,NA
"control","PER_ITA",0.335454439573149,1.93545370593551,24,NA,NA,NA
"control","PER_JOR",-0.250829316495004,0.794923689543618,31,NA,NA,NA
"control","PER_JPN",0.279288048842046,0.861295378209693,23,NA,NA,NA
"control","PER_KWT",0.114651843229888,1.28948600119448,29,NA,NA,NA
"control","PER_MLT",-0.248059459448839,1.15034775233153,23,NA,NA,NA
"control","PER_NLD",0.226872369407045,1.94416505813807,24,NA,NA,NA
"control","PER_NOR",0.160908914266836,0.948024248218477,22,NA,NA,NA
"control","PER_NZL",0.276199478043194,0.628832437330899,32,NA,NA,NA
"control","PER_PAN",0.0253796218382147,0.741580199861296,23,NA,NA,NA
"control","PER_PNG",-0.359626685722666,0.980809760303934,22,NA,NA,NA
"control","PER_POL",-0.101828356547834,0.918537128365877,23,NA,NA,NA
"control","PER_PRT",-0.172173317420888,0.73929086174875,24,NA,NA,NA
"control","PER_SAU",0.122103932769612,0.582008995951302,32,NA,NA,NA
"control","PER_SWE",-0.00447706848216866,0.766396837632863,24,NA,NA,NA
"control","PER_TWN",0.354262140639245,0.72259663585301,32,NA,NA,NA
"control","PER_USA",-0.339256500087769,1.07782323200008,20,NA,NA,NA
"control","PER_ZAF",-0.0591731527667746,0.940676471846066,29,NA,NA,NA
"control","PHL_ARE",-0.0632311923796907,1.01843964437382,32,NA,NA,NA
"control","PHL_AUS",-0.0849585967817971,0.915567444564089,21,NA,NA,NA
"control","PHL_AUT",-0.257151692060935,1.59831318461192,32,NA,NA,NA
"control","PHL_BHR",0.0424159237419808,0.821627158679363,32,NA,NA,NA
"control","PHL_BHS",-0.4855748614863,1.01348212274999,25,NA,NA,NA
"control","PHL_CAN",0.172447893481452,0.544068498859001,32,NA,NA,NA
"control","PHL_CHE",-0.0657229530180614,0.946356044801875,29,NA,NA,NA
"control","PHL_CHN",-0.0644325573921552,0.651579232978207,16,NA,NA,NA
"control","PHL_CYP",-0.243612819772576,0.972725935090852,32,NA,NA,NA
"control","PHL_DEU",-0.199270452330219,1.21078326755425,32,NA,NA,NA
"control","PHL_DNK",-0.0872674128349827,1.07020247904105,32,NA,NA,NA
"control","PHL_ESP",0.0351482402024869,0.557567415871642,32,NA,NA,NA
"control","PHL_FIN",0.298639028258246,1.11375595888079,32,NA,NA,NA
"control","PHL_FJI",0.16732833351968,0.434026320473491,29,NA,NA,NA
"control","PHL_FRA",0.0261248176399256,0.960943614210165,32,NA,NA,NA
"control","PHL_GBR",-0.174656844636582,1.20479089482725,32,NA,NA,NA
"control","PHL_GRC",-0.00512329037595961,1.27241072894984,32,NA,NA,NA
"control","PHL_HUN",0.0925274254118973,0.919242221498866,31,NA,NA,NA
"control","PHL_IRL",0.0193381047019482,1.0518929495221,32,NA,NA,NA
"control","PHL_ISL",-0.124658704459057,1.25582504956902,29,NA,NA,NA
"control","PHL_ITA",-0.0761432162875263,0.59279649241377,32,NA,NA,NA
"control","PHL_JPN",-0.186827780470975,1.11418348232227,19,NA,NA,NA
"control","PHL_KWT",-0.113106590802011,0.791463111814131,32,NA,NA,NA
"control","PHL_LBN",-0.180966457196193,0.469523912517296,32,NA,NA,NA
"control","PHL_MLT",0.0380819076736261,0.677406521084934,31,NA,NA,NA
"control","PHL_MUS",-0.0220891515590003,1.31167620720425,31,NA,NA,NA
"control","PHL_NLD",0.0546413913047192,1.12311036975207,32,NA,NA,NA
"control","PHL_NOR",-0.0731410043490778,0.958922569605779,29,NA,NA,NA
"control","PHL_NRU",0.128841029938732,0.912021163525065,16,NA,NA,NA
"control","PHL_NZL",0.15329459606133,0.894537617777067,21,NA,NA,NA
"control","PHL_OMN",-0.22553475181992,0.855208443930713,32,NA,NA,NA
"control","PHL_PNG",-0.0301519350113199,0.827616411146879,28,NA,NA,NA
"control","PHL_PRI",-0.00431174490116054,1.04442561069572,8,NA,NA,NA
"control","PHL_PRT",0.150850146755992,0.844236890709194,32,NA,NA,NA
"control","PHL_PYF",-0.0853828420237805,1.06930485974194,31,NA,NA,NA
"control","PHL_QAT",0.0661830749351962,0.973668073596132,31,NA,NA,NA
"control","PHL_SAU",0.0213012781432185,0.696489411460175,32,NA,NA,NA
"control","PHL_STP",0.0320404272993462,0.749293641981715,12,NA,NA,NA
"control","PHL_SWE",-0.418661519725257,0.825945640258018,32,NA,NA,NA
"control","PHL_TCD",-0.203652470199289,0.777381491438981,12,NA,NA,NA
"control","PHL_TON",0.193045269805608,1.2060087740224,23,NA,NA,NA
"control","PHL_TWN",-0.0906949970747475,0.752698056269415,32,NA,NA,NA
"control","PHL_USA",0.168781712938718,0.878975308227625,32,NA,NA,NA
"control","PNG_AUT",-0.196188792502194,0.934153362864215,20,NA,NA,NA
"control","PNG_CAN",0.0928931474899539,1.04810525552068,32,NA,NA,NA
"control","PNG_CHE",0.0594663185426398,0.432742329821884,32,NA,NA,NA
"control","PNG_CHN",0.0428371165304177,0.658663691567348,32,NA,NA,NA
"control","PNG_COL",0.00591218085089063,1.0501579675054,16,NA,NA,NA
"control","PNG_DEU",0.235288771552074,0.396661171567754,20,NA,NA,NA
"control","PNG_DNK",0.140355923255091,1.090896129854,20,NA,NA,NA
"control","PNG_ESP",0.240985028429903,1.19390947471297,20,NA,NA,NA
"control","PNG_FIN",0.165790662620826,1.12955549154813,20,NA,NA,NA
"control","PNG_FRA",-0.0420973773874541,1.12984835192789,20,NA,NA,NA
"control","PNG_GBR",-0.0971133321527415,0.699755010446296,20,NA,NA,NA
"control","PNG_GRC",0.214573421654479,1.00657032663784,16,NA,NA,NA
"control","PNG_IDN",0.223658809881122,1.28679344119954,32,NA,NA,NA
"control","PNG_IND",0.258476385450786,0.704125423278986,32,NA,NA,NA
"control","PNG_IRL",-0.194369935595176,1.29199047402187,20,NA,NA,NA
"control","PNG_ITA",-0.034842087120602,0.655402502391604,20,NA,NA,NA
"control","PNG_JOR",-0.125805525815103,1.47749788072687,9,NA,NA,NA
"control","PNG_JPN",0.163469708501313,0.82176533141008,32,NA,NA,NA
"control","PNG_KEN",0.171603603194601,1.12041827946813,13,NA,NA,NA
"control","PNG_KOR",-0.0572901340539574,1.45842855080534,32,NA,NA,NA
"control","PNG_LKA",0.00358827055929458,1.06023309148688,30,NA,NA,NA
"control","PNG_MYS",0.105483711888985,0.85783074482151,32,NA,NA,NA
"control","PNG_NLD",-0.121692407755937,1.05817453511927,20,NA,NA,NA
"control","PNG_NOR",-0.401779810609228,1.13943591546689,27,NA,NA,NA
"control","PNG_PAK",0.154133848138678,0.748932561609959,29,NA,NA,NA
"control","PNG_PHL",-0.208714405562222,1.26001251767402,32,NA,NA,NA
"control","PNG_PRT",0.157685885137757,1.08876528160766,19,NA,NA,NA
"control","PNG_PYF",0.0417491761578642,0.921191835785131,29,NA,NA,NA
"control","PNG_SGP",0.0481613455092287,0.932573394048238,32,NA,NA,NA
"control","PNG_SWE",0.238707545284015,1.06799487023207,20,NA,NA,NA
"control","PNG_THA",0.0805010514158103,0.585140118371252,32,NA,NA,NA
"control","PNG_TUR",0.288077139519704,1.28418734892496,20,NA,NA,NA
"control","PNG_TWN",0.0603471995670699,0.601504495292952,31,NA,NA,NA
"control","PNG_USA",-0.389004420483533,0.823079179872416,32,NA,NA,NA
"control","POL_ARG",0.0607945460553,0.707891535839823,30,NA,NA,NA
"control","POL_AUS",-0.140370029944772,0.746463279124793,32,NA,NA,NA
"control","POL_BRA",0.0812825690853612,1.01765536699253,32,NA,NA,NA
"control","POL_CAN",-0.0911067251425378,0.762557201899903,28,NA,NA,NA
"control","POL_CHL",0.186998174558185,1.29081659991325,15,NA,NA,NA
"control","POL_DZA",0.0228031728793496,0.751049174348216,15,NA,NA,NA
"control","POL_EGY",0.132318372872216,0.483203712567796,15,NA,NA,NA
"control","POL_IND",-0.516004314927977,0.951611712704791,32,NA,NA,NA
"control","POL_JOR",-0.0560120920939056,1.52064452003973,15,NA,NA,NA
"control","POL_JPN",-0.0918509717540406,0.875099718159899,30,NA,NA,NA
"control","POL_KEN",-0.223654489208435,1.14566375827393,28,NA,NA,NA
"control","POL_LBY",-0.246085678321441,0.999819694593669,30,NA,NA,NA
"control","POL_MAR",0.120574428173341,0.592901691069453,14,NA,NA,NA
"control","POL_SAU",0.105657210693652,0.943112393551835,31,NA,NA,NA
"control","POL_THA",-0.0314073046220829,0.530377816282346,32,NA,NA,NA
"control","POL_TUN",0.213857958218063,0.835382729499719,15,NA,NA,NA
"control","POL_TUR",0.635031170268493,1.23679808147556,11,NA,NA,NA
"control","POL_TWN",0.13408410298787,1.16766271441497,32,NA,NA,NA
"control","POL_URY",-0.365825329072667,1.31895535332787,29,NA,NA,NA
"control","POL_USA",0.108444162475849,0.631380866373782,32,NA,NA,NA
"control","PRI_CHE",-0.288572253516824,0.379815484189523,12,NA,NA,NA
"control","PRI_ISL",-0.25803618695987,1.06734219528735,8,NA,NA,NA
"control","PRI_NOR",0.129396371266499,0.587253281800903,12,NA,NA,NA
"control","PRI_PAN",0.476492420578535,1.7592633349991,10,NA,NA,NA
"control","PRI_THA",0.451826998766151,0.427414840490634,9,NA,NA,NA
"control","PRI_TTO",0.468521544635035,1.71963954514032,8,NA,NA,NA
"control","PRI_TUR",0.0886264840905254,1.18631254650474,12,NA,NA,NA
"control","PRK_AUS",-0.0706050040066065,0.832376633115905,26,NA,NA,NA
"control","PRK_BGR",-0.284961673893186,0.835980104610948,23,NA,NA,NA
"control","PRK_CAN",0.0150607452439575,0.821083920151022,31,NA,NA,NA
"control","PRK_CHE",0.0757369311998743,0.80906099595675,29,NA,NA,NA
"control","PRK_CHN",-0.019897327572994,0.602389520984002,32,NA,NA,NA
"control","PRK_DEU",0.0442171697988079,0.903879085034099,32,NA,NA,NA
"control","PRK_DNK",0.0631661703116687,1.08301524049848,31,NA,NA,NA
"control","PRK_FIN",-0.185700898348555,1.19702943330412,31,NA,NA,NA
"control","PRK_FRA",0.127531372660528,0.624286896242488,28,NA,NA,NA
"control","PRK_GRC",0.154741206404989,0.857569627265731,28,NA,NA,NA
"control","PRK_ITA",-0.165796265528111,0.926419404206603,32,NA,NA,NA
"control","PRK_JPN",-0.254156968778332,0.93964789454855,20,NA,NA,NA
"control","PRK_NLD",0.107314811370883,0.870063168893188,32,NA,NA,NA
"control","PRK_NZL",0.314251811357458,0.893744753653178,11,NA,NA,NA
"control","PRK_PRT",0.146856889378057,1.12538108616092,25,NA,NA,NA
"control","PRK_SWE",-0.221363003707314,1.79164773269948,32,NA,NA,NA
"control","PRT_AFG",0.00766390270754874,0.93959825091607,30,NA,NA,NA
"control","PRT_AGO",-0.259022662991088,0.63762283805728,32,NA,NA,NA
"control","PRT_ALB",0.502561291145172,1.11749367213043,16,NA,NA,NA
"control","PRT_ARE",0.09817449916668,0.838822973336644,32,NA,NA,NA
"control","PRT_ARG",0.0713241887452729,0.688167453780643,32,NA,NA,NA
"control","PRT_ATG",-0.035450878880151,1.45751228764871,19,NA,NA,NA
"control","PRT_AUS",0.214461384389493,1.36870504433217,32,NA,NA,NA
"control","PRT_BDI",0.0329803625258394,1.00137964206085,32,NA,NA,NA
"control","PRT_BEN",0.0878693101505966,1.02825039539114,32,NA,NA,NA
"control","PRT_BFA",0.062080948246449,0.746363087765304,32,NA,NA,NA
"control","PRT_BGD",-0.165119359564916,0.764081682364383,32,NA,NA,NA
"control","PRT_BHR",-0.245148575655632,0.65831934643479,32,NA,NA,NA
"control","PRT_BHS",0.141177188386578,0.887108165708097,19,NA,NA,NA
"control","PRT_BLZ",0.380238410468629,1.22493880359537,16,NA,NA,NA
"control","PRT_BOL",-0.292454407614626,1.05306592623407,32,NA,NA,NA
"control","PRT_BRA",-0.0885687596245011,0.80710986208457,32,NA,NA,NA
"control","PRT_BRB",0.428793957982913,0.623860096692672,19,NA,NA,NA
"control","PRT_BRN",0.257342582552812,0.676990936854661,29,NA,NA,NA
"control","PRT_CAF",-0.000451304697260058,1.04150115166059,32,NA,NA,NA
"control","PRT_CAN",0.0616088006413372,0.652093168306576,28,NA,NA,NA
"control","PRT_CCK",-0.183276520529343,1.31381126649174,16,NA,NA,NA
"control","PRT_CHL",0.173824292135301,0.734259647172518,14,NA,NA,NA
"control","PRT_CHN",-0.2799154329542,0.706477956356013,32,NA,NA,NA
"control","PRT_CIV",-0.294410588425373,1.18730623187572,27,NA,NA,NA
"control","PRT_CMR",-0.204163112480007,0.83099568195771,25,NA,NA,NA
"control","PRT_COD",-0.177941713600976,1.35118024771166,32,NA,NA,NA
"control","PRT_COG",-0.155384793537575,0.741409294463366,32,NA,NA,NA
"control","PRT_COL",-0.00738641025555016,1.40869321577827,24,NA,NA,NA
"control","PRT_COM",0.0763283295703264,0.95548335100827,31,NA,NA,NA
"control","PRT_CPV",0.0726127930010591,0.799766739993393,32,NA,NA,NA
"control","PRT_CRI",0.0874563216288374,1.23740138624577,24,NA,NA,NA
"control","PRT_CUB",-0.0628797535121833,1.03720955435233,32,NA,NA,NA
"control","PRT_DJI",0.319069344124278,0.968198854176228,32,NA,NA,NA
"control","PRT_DMA",0.016384971372256,0.837573405991752,19,NA,NA,NA
"control","PRT_DOM",-0.113350122668652,1.57470308895589,19,NA,NA,NA
"control","PRT_ECU",0.038920541704538,1.081313788179,28,NA,NA,NA
"control","PRT_FJI",-0.0906854894139183,0.625205470636621,20,NA,NA,NA
"control","PRT_GAB",-0.0495259732722188,0.726430645995041,32,NA,NA,NA
"control","PRT_GHA",0.0805847222608441,0.972657719688841,27,NA,NA,NA
"control","PRT_GIB",0.460927069035314,1.34566637385048,32,NA,NA,NA
"control","PRT_GIN",0.0323293246725509,1.00113794445304,32,NA,NA,NA
"control","PRT_GLP",-0.756122218561134,0.424219518842935,8,NA,NA,NA
"control","PRT_GMB",-0.292611031822817,0.790365496837109,32,NA,NA,NA
"control","PRT_GNB",-0.259310625806165,1.06793497277464,32,NA,NA,NA
"control","PRT_GNQ",-0.181034891256035,1.05812987118832,31,NA,NA,NA
"control","PRT_GRD",0.211991384387455,1.41314503865083,19,NA,NA,NA
"control","PRT_GTM",0.0784395614043559,0.486737425964483,24,NA,NA,NA
"control","PRT_GUF",0.00445926122965029,1.26466540429522,8,NA,NA,NA
"control","PRT_GUY",0.573003849330732,1.18897720338442,19,NA,NA,NA
"control","PRT_HND",-0.155567260701906,1.24077704486923,24,NA,NA,NA
"control","PRT_HTI",0.194507418481318,1.1900194369017,32,NA,NA,NA
"control","PRT_IDN",0.0944660631632285,1.39714434749057,32,NA,NA,NA
"control","PRT_IND",0.0788255386993994,0.987761259815101,32,NA,NA,NA
"control","PRT_IRN",0.0170913777745298,1.0405807806786,32,NA,NA,NA
"control","PRT_IRQ",-0.361996678297907,0.995686831709615,32,NA,NA,NA
"control","PRT_JAM",-0.0126667056625064,1.29106577615907,19,NA,NA,NA
"control","PRT_JOR",-0.278986936182258,1.1749098126428,13,NA,NA,NA
"control","PRT_JPN",0.0545511694350174,1.06221006769273,30,NA,NA,NA
"control","PRT_KEN",0.293291841174379,0.777781781030304,32,NA,NA,NA
"control","PRT_KNA",0.00187430404983047,0.751645533797706,19,NA,NA,NA
"control","PRT_KOR",0.132043285907747,0.804120217995741,22,NA,NA,NA
"control","PRT_KWT",-0.273908520333813,0.953331787178331,32,NA,NA,NA
"control","PRT_LBR",0.070092144347055,1.07331401452093,32,NA,NA,NA
"control","PRT_LBY",0.0888204773466648,0.851200867323998,32,NA,NA,NA
"control","PRT_LCA",0.0361297850772565,0.766239397720542,19,NA,NA,NA
"control","PRT_LKA",0.037251285150199,0.69123736628948,32,NA,NA,NA
"control","PRT_MAC",-0.0884473880010974,0.874244132495423,32,NA,NA,NA
"control","PRT_MDG",-0.11862604669623,0.801378919095417,23,NA,NA,NA
"control","PRT_MDV",-0.005337020098153,1.14828253565378,32,NA,NA,NA
"control","PRT_MEX",0.418011553643262,1.15364362411336,11,NA,NA,NA
"control","PRT_MLI",0.131403289247299,0.88320869868291,32,NA,NA,NA
"control","PRT_MMR",0.106946691041931,1.01176882158505,28,NA,NA,NA
"control","PRT_MOZ",0.0514310836941201,1.70869098136371,27,NA,NA,NA
"control","PRT_MRT",-0.0875206669918937,0.850561977096383,32,NA,NA,NA
"control","PRT_MTQ",0.479100200339539,0.672125015353848,8,NA,NA,NA
"control","PRT_MUS",0.480650586239326,0.748667039031847,23,NA,NA,NA
"control","PRT_MWI",0.26253302297313,0.988631546850945,32,NA,NA,NA
"control","PRT_MYS",0.0201274404799696,0.858510270053565,32,NA,NA,NA
"control","PRT_NER",-0.101571425730691,0.963078983613543,32,NA,NA,NA
"control","PRT_NGA",0.0883856115696688,0.964638277142538,32,NA,NA,NA
"control","PRT_NIC",-0.248391450022211,0.559712028049249,24,NA,NA,NA
"control","PRT_NPL",-0.260842443402682,0.861343053237502,29,NA,NA,NA
"control","PRT_NZL",-0.0951831259138786,0.626980529274284,32,NA,NA,NA
"control","PRT_OMN",0.0797134536179092,0.884844241293262,32,NA,NA,NA
"control","PRT_PAK",0.217146480235126,0.994859828647764,32,NA,NA,NA
"control","PRT_PAN",0.130478214870942,1.01719418905385,24,NA,NA,NA
"control","PRT_PER",-0.0917516177251868,1.1292527842066,24,NA,NA,NA
"control","PRT_PHL",0.185281159763975,1.75624280845504,32,NA,NA,NA
"control","PRT_PNG",-0.631895911513139,1.09487335474911,19,NA,NA,NA
"control","PRT_PRK",0.179191523421682,0.752510815536696,25,NA,NA,NA
"control","PRT_PRY",-0.0355206993099135,1.13110690779022,32,NA,NA,NA
"control","PRT_QAT",0.391221423428371,1.11761085866521,32,NA,NA,NA
"control","PRT_REU",0.199767214545701,1.50458358833597,8,NA,NA,NA
"control","PRT_RWA",-0.0193400695469962,0.930940798409442,32,NA,NA,NA
"control","PRT_SAU",0.0776426555632471,1.24190531411314,32,NA,NA,NA
"control","PRT_SDN",0.364512896851009,1.61064294795097,31,NA,NA,NA
"control","PRT_SEN",-0.129287863406665,1.23625337612291,32,NA,NA,NA
"control","PRT_SGP",-0.0795015680755956,0.803814987336359,30,NA,NA,NA
"control","PRT_SLB",-0.0564612814473323,0.634667896468707,24,NA,NA,NA
"control","PRT_SLE",0.218840973143058,1.26516726134028,32,NA,NA,NA
"control","PRT_SLV",0.109512061251946,0.696929963618827,24,NA,NA,NA
"control","PRT_SOM",-0.165565358254044,0.761873495789167,29,NA,NA,NA
"control","PRT_STP",-0.0447228156362606,1.18562836100713,32,NA,NA,NA
"control","PRT_SUR",0.00829689045468698,1.24207036809639,18,NA,NA,NA
"control","PRT_SYC",0.405532190403075,0.535988424156277,23,NA,NA,NA
"control","PRT_TCD",0.291084511640399,0.977654360521541,32,NA,NA,NA
"control","PRT_TGO",0.197031123151776,1.18628966294162,32,NA,NA,NA
"control","PRT_THA",-0.243853534416019,0.685400249016845,32,NA,NA,NA
"control","PRT_TON",-0.0518211159400343,0.356765442026891,13,NA,NA,NA
"control","PRT_TTO",0.0188562613305638,1.29018746682506,19,NA,NA,NA
"control","PRT_TWN",-0.0302901365026966,0.900595978244212,32,NA,NA,NA
"control","PRT_TZA",-0.13628800583015,1.0837509103073,32,NA,NA,NA
"control","PRT_UGA",-0.175046984046967,0.535340825201392,32,NA,NA,NA
"control","PRT_URY",0.0758646967761667,0.846370942272254,32,NA,NA,NA
"control","PRT_USA",0.142325222537454,1.3244843837348,32,NA,NA,NA
"control","PRT_VCT",-0.0329344698602437,1.70226372021996,19,NA,NA,NA
"control","PRT_VEN",0.173023362638131,0.690752704705477,32,NA,NA,NA
"control","PRT_VNM",0.0251465621981286,0.932786704052447,31,NA,NA,NA
"control","PRT_VUT",-0.509329496277647,1.10961944833082,24,NA,NA,NA
"control","PRT_YEM",-0.0895777141509021,0.883332452924635,31,NA,NA,NA
"control","PRT_ZAF",-0.0942343056757473,0.774597455932655,11,NA,NA,NA
"control","PRT_ZMB",-0.067845630446234,1.43040950216384,32,NA,NA,NA
"control","PRT_ZWE",0.0449021822536031,0.652817327504727,23,NA,NA,NA
"control","PRY_AUS",0.0370098044497401,1.26393919254186,31,NA,NA,NA
"control","PRY_AUT",0.126336646544825,1.20241872666534,32,NA,NA,NA
"control","PRY_CAN",0.190743493874702,0.999990686388774,32,NA,NA,NA
"control","PRY_CHE",0.0216866137185439,1.09303310636318,32,NA,NA,NA
"control","PRY_DEU",-0.334483647922746,0.932883457991922,32,NA,NA,NA
"control","PRY_DNK",-0.0722654978337732,0.898211648717817,32,NA,NA,NA
"control","PRY_DZA",0.22493467204767,0.953008203047199,21,NA,NA,NA
"control","PRY_ESP",-0.140370817467266,0.61504811775814,32,NA,NA,NA
"control","PRY_FIN",-0.0328923822029105,0.974594641573615,32,NA,NA,NA
"control","PRY_FRA",0.214858972362269,1.38785347492953,32,NA,NA,NA
"control","PRY_GBR",-0.201789574195879,1.18039340483205,32,NA,NA,NA
"control","PRY_GRC",-0.155277449695487,0.982553858139937,32,NA,NA,NA
"control","PRY_IDN",-0.285000168185315,0.813478760472534,32,NA,NA,NA
"control","PRY_IND",0.207030524192363,0.706356077066407,20,NA,NA,NA
"control","PRY_ISL",-0.179387452574631,0.926334685594389,29,NA,NA,NA
"control","PRY_ITA",-0.175633845591025,1.43290129308294,32,NA,NA,NA
"control","PRY_JOR",-0.116625312055648,1.01874286874015,24,NA,NA,NA
"control","PRY_JPN",0.329449417360477,0.93238405932133,32,NA,NA,NA
"control","PRY_MAR",0.283726358953125,1.30482997874302,28,NA,NA,NA
"control","PRY_MYS",-0.0487843821477032,1.04905444599269,31,NA,NA,NA
"control","PRY_NLD",0.0181465374014722,0.782206001979972,32,NA,NA,NA
"control","PRY_NOR",0.0666975102625217,1.19799446535355,31,NA,NA,NA
"control","PRY_OMN",0.0324266517594581,0.836432504444392,15,NA,NA,NA
"control","PRY_PRT",0.015394500951389,0.699300063617003,32,NA,NA,NA
"control","PRY_SGP",-0.0242882210514517,0.951647933268143,32,NA,NA,NA
"control","PRY_SWE",-0.0666041298582879,1.32284525016364,31,NA,NA,NA
"control","PRY_SYR",-0.0794815772650933,0.571365950763046,16,NA,NA,NA
"control","PRY_THA",0.235554812491821,1.08594511254548,32,NA,NA,NA
"control","PRY_TWN",-0.117067547375096,0.91836400083106,32,NA,NA,NA
"control","PRY_USA",-0.0264473207026159,1.23306863067754,32,NA,NA,NA
"control","PYF_AUS",0.292661764787404,0.677063568890504,32,NA,NA,NA
"control","PYF_FJI",-0.0256565726145252,0.948658575609176,24,NA,NA,NA
"control","PYF_JPN",-0.154169326211887,1.10044591061435,32,NA,NA,NA
"control","PYF_KOR",0.106645498411698,0.915350343730838,31,NA,NA,NA
"control","PYF_NZL",-0.203861156607654,1.17194661489129,32,NA,NA,NA
"control","PYF_SGP",0.225318271388236,0.804800004995396,32,NA,NA,NA
"control","PYF_TWN",0.198500350797386,0.625901408802748,30,NA,NA,NA
"control","PYF_USA",-0.0324459195489109,0.908776716874384,32,NA,NA,NA
"control","QAT_AUS",-0.0638811831569721,0.856269516549039,32,NA,NA,NA
"control","QAT_CHE",0.0305420418052487,1.05954596731595,25,NA,NA,NA
"control","QAT_CHN",0.122873308188774,0.945693181750728,29,NA,NA,NA
"control","QAT_COL",-0.152544065839903,0.873495000311517,26,NA,NA,NA
"control","QAT_DEU",0.168159959868399,0.692451749350187,32,NA,NA,NA
"control","QAT_FRA",0.304425079720054,1.0653997397662,29,NA,NA,NA
"control","QAT_GBR",0.189521099064723,1.45722603139293,30,NA,NA,NA
"control","QAT_GRC",0.0015624427281346,0.860771919126095,30,NA,NA,NA
"control","QAT_GTM",-0.179683268357522,1.29795155967805,13,NA,NA,NA
"control","QAT_IND",0.165238527361057,0.62101502640477,32,NA,NA,NA
"control","QAT_ITA",0.126804810043197,0.600811522351219,31,NA,NA,NA
"control","QAT_JPN",0.148252886742258,1.05791797215874,32,NA,NA,NA
"control","QAT_KOR",-0.17854880025722,0.999890863924761,32,NA,NA,NA
"control","QAT_PRT",0.110037265392088,0.98250647959499,29,NA,NA,NA
"control","QAT_SGP",-0.0357447917381992,1.13321098512272,24,NA,NA,NA
"control","QAT_THA",0.203492136575831,0.941434093626232,32,NA,NA,NA
"control","QAT_TUR",-0.0324748253406874,0.900459293814558,32,NA,NA,NA
"control","REU_AUS",-0.139420492696668,0.765870417898345,8,NA,NA,NA
"control","REU_AUT",-0.0345123021214367,1.4981955720137,8,NA,NA,NA
"control","REU_CAN",-0.0814021527194741,1.0824505881131,12,NA,NA,NA
"control","REU_CHE",-0.233739872214429,0.479258554347087,11,NA,NA,NA
"control","REU_DEU",0.265181348117251,0.973886895570629,9,NA,NA,NA
"control","REU_ESP",0.205677386830234,1.52438825031506,9,NA,NA,NA
"control","REU_FRA",0.307357486996287,1.0849014202825,9,NA,NA,NA
"control","REU_JPN",0.436989238680724,1.02471225624737,12,NA,NA,NA
"control","REU_MUS",0.0363113893154662,0.510620928365636,11,NA,NA,NA
"control","REU_NLD",-0.0184330178698273,0.276536296017338,8,NA,NA,NA
"control","REU_USA",-0.0527667224459917,0.844118139255685,12,NA,NA,NA
"control","ROU_AUS",0.146249475580662,1.00403716170616,32,NA,NA,NA
"control","ROU_BGR",0.335226311634138,1.16180608300037,10,NA,NA,NA
"control","ROU_CAN",0.00588059440733299,1.28901502637762,28,NA,NA,NA
"control","ROU_HUN",0.165441030064633,1.32234463381906,8,NA,NA,NA
"control","ROU_JOR",0.0751402576497471,0.839866246009615,18,NA,NA,NA
"control","ROU_JPN",0.255980032341175,1.21200890720096,30,NA,NA,NA
"control","ROU_MLT",-0.0551546137138674,0.579774134828814,15,NA,NA,NA
"control","ROU_NZL",-0.0744053576754903,0.814512625543822,32,NA,NA,NA
"control","ROU_USA",0.11550810000392,0.601434806872539,32,NA,NA,NA
"control","RWA_AUS",-0.068933689394574,0.636811639683835,22,NA,NA,NA
"control","RWA_AUT",0.177600708989341,0.987427691682689,32,NA,NA,NA
"control","RWA_CAN",-0.0888197008420494,1.39037178473479,32,NA,NA,NA
"control","RWA_CHE",0.0278041170879978,0.653595680563601,32,NA,NA,NA
"control","RWA_CHN",0.0905911155390468,1.13432751051898,30,NA,NA,NA
"control","RWA_DEU",-0.1848794379785,1.13144815913206,32,NA,NA,NA
"control","RWA_DNK",-0.19254739088575,1.14233145279187,32,NA,NA,NA
"control","RWA_ESP",0.0268829888438304,1.20787600228365,32,NA,NA,NA
"control","RWA_FIN",0.343124546745964,0.920102135311434,30,NA,NA,NA
"control","RWA_FRA",-0.0631336538985405,1.15786396476824,32,NA,NA,NA
"control","RWA_GBR",-0.23320449164416,1.31198265764444,32,NA,NA,NA
"control","RWA_IRL",-0.0599666211170372,1.56011730456986,31,NA,NA,NA
"control","RWA_ITA",0.236352019966966,1.13822896838496,31,NA,NA,NA
"control","RWA_JPN",-0.270248333550622,0.818087269473871,32,NA,NA,NA
"control","RWA_KOR",-0.261657444842771,1.51935831173412,24,NA,NA,NA
"control","RWA_NLD",-0.0657960658101959,1.98110968162004,32,NA,NA,NA
"control","RWA_NOR",0.0132294966949149,1.03411748854304,23,NA,NA,NA
"control","RWA_OMN",-0.155864440730046,1.27696843721987,19,NA,NA,NA
"control","RWA_SWE",0.386321104273441,0.786145827850482,30,NA,NA,NA
"control","RWA_USA",-0.1576160866956,1.10294352078296,32,NA,NA,NA
"control","SAU_AUS",0.0325003332649474,0.967592869931987,32,NA,NA,NA
"control","SAU_AUT",0.118169513044032,1.31585891402689,32,NA,NA,NA
"control","SAU_CAN",-0.28009417773454,1.30691030992968,32,NA,NA,NA
"control","SAU_CHE",0.0955413491857231,0.767529188864543,25,NA,NA,NA
"control","SAU_CHN",0.122355622830792,0.395427596394217,32,NA,NA,NA
"control","SAU_DEU",-0.175156905166824,1.20551252096478,32,NA,NA,NA
"control","SAU_DJI",0.148065297820487,1.42050943548733,30,NA,NA,NA
"control","SAU_EGY",-0.223121396114522,1.41600577734689,9,NA,NA,NA
"control","SAU_FIN",0.0317580304009009,0.734143372642554,32,NA,NA,NA
"control","SAU_FRA",0.0720171529607993,0.84341150732003,32,NA,NA,NA
"control","SAU_GBR",0.0659146425623671,0.559639395839629,32,NA,NA,NA
"control","SAU_GRC",-0.0541195205725109,0.796378518921935,32,NA,NA,NA
"control","SAU_GTM",0.0441262879393497,1.61073537297201,26,NA,NA,NA
"control","SAU_IDN",-0.020466589146557,1.33997346174025,32,NA,NA,NA
"control","SAU_IND",0.0621628470215003,0.674351020385321,32,NA,NA,NA
"control","SAU_ITA",0.167095599593716,0.61813891618956,32,NA,NA,NA
"control","SAU_JOR",-0.0352037340931352,0.515105158810268,9,NA,NA,NA
"control","SAU_JPN",0.0377503495343198,0.614897502885721,32,NA,NA,NA
"control","SAU_KEN",0.186174439165528,0.921831029336607,31,NA,NA,NA
"control","SAU_KOR",0.200071910664148,1.32935938604666,32,NA,NA,NA
"control","SAU_LKA",-0.00874565050747879,0.914837601908008,32,NA,NA,NA
"control","SAU_MLT",-0.256359663105335,1.31070189546339,31,NA,NA,NA
"control","SAU_MYS",0.136296778307549,1.18878277016452,32,NA,NA,NA
"control","SAU_NLD",-0.088123342653651,0.770210231098279,32,NA,NA,NA
"control","SAU_NOR",0.0180235549614238,0.981097060507891,25,NA,NA,NA
"control","SAU_NZL",0.0853565614581592,0.796834930141319,32,NA,NA,NA
"control","SAU_PRT",-0.084362127402288,1.62917727060929,32,NA,NA,NA
"control","SAU_SEN",0.0568583990154217,1.05888548943159,32,NA,NA,NA
"control","SAU_SGP",0.0642465280847993,1.17428241605572,24,NA,NA,NA
"control","SAU_SWE",0.182104574161284,0.981165172871651,32,NA,NA,NA
"control","SAU_SYR",0.143091377509115,1.51506116240409,8,NA,NA,NA
"control","SAU_THA",0.0442457177300044,0.831994241223113,32,NA,NA,NA
"control","SAU_TUR",-0.0142271175535773,0.498135104811086,32,NA,NA,NA
"control","SAU_TWN",0.150552381248283,0.862197901803801,31,NA,NA,NA
"control","SAU_USA",0.15360414341885,0.961471304865725,32,NA,NA,NA
"control","SDN_AUS",-0.305184631687466,1.10883897301318,31,NA,NA,NA
"control","SDN_AUT",0.270054283321465,1.23082040730303,32,NA,NA,NA
"control","SDN_CAN",0.119369684400481,0.941021449426583,32,NA,NA,NA
"control","SDN_CHE",0.178815959328821,1.16416318199526,32,NA,NA,NA
"control","SDN_CHN",-0.186207254050096,0.723319024404457,32,NA,NA,NA
"control","SDN_DEU",0.0221527708432712,1.04054374764543,32,NA,NA,NA
"control","SDN_DNK",-0.12813694655481,1.25395043665473,32,NA,NA,NA
"control","SDN_ESP",-0.0639135567335368,0.938850751988909,32,NA,NA,NA
"control","SDN_FIN",-0.0640420929571786,1.34799292999914,32,NA,NA,NA
"control","SDN_FRA",-0.0421617393418689,0.763565111483811,32,NA,NA,NA
"control","SDN_GBR",-0.00727729425536257,1.1799347385292,32,NA,NA,NA
"control","SDN_GRC",-0.187574710853644,0.753706670919936,32,NA,NA,NA
"control","SDN_HND",-0.116264206125949,0.806228605592616,16,NA,NA,NA
"control","SDN_HUN",0.32987677941049,1.24295428134409,25,NA,NA,NA
"control","SDN_IRL",-0.145372743171985,0.86779788063587,29,NA,NA,NA
"control","SDN_ISL",-0.287563528066096,1.16346417015169,30,NA,NA,NA
"control","SDN_ITA",-0.310765579188874,0.644725161761374,32,NA,NA,NA
"control","SDN_JOR",-0.703078616703021,1.12965235056031,9,NA,NA,NA
"control","SDN_JPN",-0.00811838701038225,1.3135990461808,32,NA,NA,NA
"control","SDN_NLD",-0.0120093602028847,0.761899305903209,32,NA,NA,NA
"control","SDN_NOR",0.0714129482148683,0.926439123245635,29,NA,NA,NA
"control","SDN_PRT",-0.0652966593003436,1.16407696392558,30,NA,NA,NA
"control","SDN_SAU",-0.371035075348313,1.79416455796697,8,NA,NA,NA
"control","SDN_SWE",0.0564474603980667,0.870253030270737,31,NA,NA,NA
"control","SDN_TUR",0.0548549437566539,0.970354222139236,32,NA,NA,NA
"control","SDN_TWN",0.0267575058059966,0.972253867335795,32,NA,NA,NA
"control","SDN_USA",-0.161072443769863,0.913506341198639,32,NA,NA,NA
"control","SEN_AUS",0.0178720728103685,1.40966793244885,27,NA,NA,NA
"control","SEN_AUT",-0.0879185262831412,1.22750224801823,32,NA,NA,NA
"control","SEN_CAN",0.23542608840135,1.1042123334531,32,NA,NA,NA
"control","SEN_CHE",-0.12915169324559,1.11261450646765,32,NA,NA,NA
"control","SEN_CHN",0.0247366069387341,1.14586890521842,32,NA,NA,NA
"control","SEN_DEU",-0.0870435053108474,0.976186320154496,32,NA,NA,NA
"control","SEN_DNK",0.264835118184461,0.994321313604312,32,NA,NA,NA
"control","SEN_ESP",-0.244849494605607,1.10547121159704,32,NA,NA,NA
"control","SEN_FIN",-0.00813432753599842,0.731115858696398,32,NA,NA,NA
"control","SEN_FRA",-0.0216888430408449,0.987131031579998,32,NA,NA,NA
"control","SEN_GAB",0.0275162375613448,1.13090400818746,27,NA,NA,NA
"control","SEN_GBR",-0.0829644665452864,1.62178926536652,32,NA,NA,NA
"control","SEN_GRC",0.00600306534737069,1.02037748079957,31,NA,NA,NA
"control","SEN_IDN",0.115765241611352,1.05074287352887,32,NA,NA,NA
"control","SEN_IND",0.0349195413545124,1.19308044423447,32,NA,NA,NA
"control","SEN_IRL",-0.377264482959725,0.727062393288369,30,NA,NA,NA
"control","SEN_ISL",0.254779449298281,1.05180842927324,27,NA,NA,NA
"control","SEN_ITA",-0.265640835169495,0.587152527194396,32,NA,NA,NA
"control","SEN_JPN",-0.11246074046147,0.692832984176782,32,NA,NA,NA
"control","SEN_KOR",0.0592213647532257,0.911811952860913,32,NA,NA,NA
"control","SEN_MAR",0.0627702101024692,1.1413639000341,32,NA,NA,NA
"control","SEN_NLD",0.128493828748878,1.5085204564618,32,NA,NA,NA
"control","SEN_NOR",-0.149122397642497,0.67501474811604,31,NA,NA,NA
"control","SEN_PRT",0.0210531645626379,1.05952959527311,32,NA,NA,NA
"control","SEN_ROU",-0.180778994654051,0.556719024090557,22,NA,NA,NA
"control","SEN_SWE",-0.1909045754955,0.982526877150486,32,NA,NA,NA
"control","SEN_THA",-0.209654417915463,0.97445519451484,32,NA,NA,NA
"control","SEN_TUN",0.181940641362989,0.94998869665742,32,NA,NA,NA
"control","SEN_TWN",0.151212794506616,0.814056851143462,32,NA,NA,NA
"control","SEN_USA",-0.267597522966363,0.961515121377721,32,NA,NA,NA
"control","SEN_ZMB",0.23556196679132,0.53342298015498,24,NA,NA,NA
"control","SGP_AFG",-0.0458909841667883,0.86987309781791,32,NA,NA,NA
"control","SGP_ARE",-0.0343930553419774,0.931436911938803,24,NA,NA,NA
"control","SGP_ATG",0.116926517857395,0.755557628887012,26,NA,NA,NA
"control","SGP_AUS",0.337353637300817,0.762387231133071,14,NA,NA,NA
"control","SGP_AUT",-0.0250736798872378,1.1191672507083,30,NA,NA,NA
"control","SGP_BGR",-0.29075853053879,1.19970191742187,30,NA,NA,NA
"control","SGP_BHR",-0.116219330686589,1.21611629468184,24,NA,NA,NA
"control","SGP_BLZ",-0.105282187891057,1.3348226073318,28,NA,NA,NA
"control","SGP_BRB",0.281900276903918,0.915398353154046,32,NA,NA,NA
"control","SGP_CAN",-0.118242661559054,1.2120792685319,30,NA,NA,NA
"control","SGP_CHE",0.0536643129699209,1.12176395853993,14,NA,NA,NA
"control","SGP_CHN",0.0879673436667477,0.927901725718252,16,NA,NA,NA
"control","SGP_CIV",-0.17314921705787,0.949742603532839,32,NA,NA,NA
"control","SGP_COG",-0.0251839230549006,0.986491774802268,22,NA,NA,NA
"control","SGP_COL",-0.348706589907853,1.80897458483275,8,NA,NA,NA
"control","SGP_COM",-0.0768442528979705,1.31386363057979,32,NA,NA,NA
"control","SGP_CRI",0.144362450604206,1.60902980240235,24,NA,NA,NA
"control","SGP_CYP",-0.00595925017388279,1.16012382758045,30,NA,NA,NA
"control","SGP_DEU",0.220543154220202,0.974624666917547,30,NA,NA,NA
"control","SGP_DJI",0.0153808863683922,0.986308361875126,32,NA,NA,NA
"control","SGP_DNK",-0.022596874048576,1.38073363006758,30,NA,NA,NA
"control","SGP_DOM",0.137737671720728,1.20570634003579,26,NA,NA,NA
"control","SGP_ESP",0.103236351355825,0.851602411371076,30,NA,NA,NA
"control","SGP_FIN",-0.151781399685026,1.25405642006908,30,NA,NA,NA
"control","SGP_FJI",-0.299175730506098,1.31187734919128,32,NA,NA,NA
"control","SGP_FRA",0.0377207960924861,1.04687607002988,30,NA,NA,NA
"control","SGP_GAB",0.186343046238177,1.31307838900725,32,NA,NA,NA
"control","SGP_GBR",-0.17155004860104,0.939307904032141,30,NA,NA,NA
"control","SGP_GRC",0.160961157166279,0.570874364713606,30,NA,NA,NA
"control","SGP_GTM",0.136694030297869,0.582234245406076,32,NA,NA,NA
"control","SGP_HND",0.0364948055932546,1.3407118072997,32,NA,NA,NA
"control","SGP_HTI",-0.0892561083520991,0.555327598312435,14,NA,NA,NA
"control","SGP_HUN",0.0390500850698734,1.03293516574837,30,NA,NA,NA
"control","SGP_IRL",-0.0876193590372827,1.34686785492813,30,NA,NA,NA
"control","SGP_ISL",0.234330341120998,1.14359779747025,14,NA,NA,NA
"control","SGP_ISR",-0.270685684745689,0.76499108526856,32,NA,NA,NA
"control","SGP_ITA",-0.115470223395406,1.24078535071869,30,NA,NA,NA
"control","SGP_JAM",-0.00379110012152784,1.05830072711005,32,NA,NA,NA
"control","SGP_JOR",-0.0393179863387045,1.48833671279588,16,NA,NA,NA
"control","SGP_JPN",-0.407440363606998,0.613490351088542,13,NA,NA,NA
"control","SGP_KEN",-0.270085051521548,1.25903895125137,32,NA,NA,NA
"control","SGP_KWT",-0.218767207598994,1.10975631103076,24,NA,NA,NA
"control","SGP_LBN",-0.0908800895370873,0.887395073036274,32,NA,NA,NA
"control","SGP_LBR",-0.35611307909796,1.01510021742707,32,NA,NA,NA
"control","SGP_LCA",0.633289200396095,1.55526943356763,29,NA,NA,NA
"control","SGP_MAC",0.218771295008982,1.323575623398,32,NA,NA,NA
"control","SGP_MAR",0.291747463406789,1.36651150103269,8,NA,NA,NA
"control","SGP_MDV",0.00578011571105035,0.867438194993879,32,NA,NA,NA
"control","SGP_MLT",0.235805549835195,0.932169102410291,30,NA,NA,NA
"control","SGP_MMR",0.106208311958548,0.827318239201076,8,NA,NA,NA
"control","SGP_MNG",0.0470938447743387,0.868949936256932,26,NA,NA,NA
"control","SGP_MUS",0.104873244463134,0.57622942349045,32,NA,NA,NA
"control","SGP_MWI",0.138397620698579,0.661552253945742,29,NA,NA,NA
"control","SGP_NLD",-0.319396681043501,1.14908061863188,30,NA,NA,NA
"control","SGP_NOR",-0.0604395601961642,1.0591905948628,14,NA,NA,NA
"control","SGP_NPL",0.0231053970582889,0.963193149617993,32,NA,NA,NA
"control","SGP_NZL",-0.513351531698702,1.60892622439808,12,NA,NA,NA
"control","SGP_OMN",0.152322404928565,0.928618093569111,24,NA,NA,NA
"control","SGP_PAN",0.10487324972541,0.450881575902624,17,NA,NA,NA
"control","SGP_PNG",-0.226194908458862,0.773023200570893,32,NA,NA,NA
"control","SGP_POL",0.0525607313791236,1.39583780812474,30,NA,NA,NA
"control","SGP_PRI",-0.447100608801571,1.18746655575778,12,NA,NA,NA
"control","SGP_PRT",0.0991551744516631,0.737549619455765,30,NA,NA,NA
"control","SGP_PRY",-0.0139383041092832,0.986131197996591,32,NA,NA,NA
"control","SGP_PYF",-0.0804343546371838,0.801392286164902,32,NA,NA,NA
"control","SGP_QAT",0.104124951924099,1.37329905598638,24,NA,NA,NA
"control","SGP_REU",-0.0583527405700892,0.815317569539566,12,NA,NA,NA
"control","SGP_SAU",-0.0638510808342387,1.0196022936455,24,NA,NA,NA
"control","SGP_SEN",-0.037474634661313,0.810063761565743,30,NA,NA,NA
"control","SGP_SLB",0.035054089538329,0.961153800210403,32,NA,NA,NA
"control","SGP_SLV",0.282455372543512,1.21212047738624,29,NA,NA,NA
"control","SGP_SOM",0.0708846291160175,0.718671731301679,23,NA,NA,NA
"control","SGP_SWE",-0.278928755986452,0.963743140097174,30,NA,NA,NA
"control","SGP_SYC",-0.138114922951095,1.22947457033192,32,NA,NA,NA
"control","SGP_SYR",-0.173948242574217,1.38614067295106,32,NA,NA,NA
"control","SGP_TCD",-0.423759441349567,2.012321097627,14,NA,NA,NA
"control","SGP_TUR",-0.00367965422286197,0.895828654852385,28,NA,NA,NA
"control","SGP_TWN",0.20502681714411,1.56759109577454,25,NA,NA,NA
"control","SGP_URY",-0.0983234172821415,0.81372153439377,32,NA,NA,NA
"control","SGP_USA",0.0117032917817304,1.57482322912852,32,NA,NA,NA
"control","SGP_VEN",0.394597439245428,1.16936659426957,10,NA,NA,NA
"control","SGP_VUT",0.133426595007853,1.01921449647182,26,NA,NA,NA
"control","SGP_WSM",-0.366565106366915,0.622988432084947,26,NA,NA,NA
"control","SGP_ZMB",0.264425594345551,0.772079084888909,32,NA,NA,NA
"control","SHN_CHE",0.0977322395681009,0.445605714615604,22,NA,NA,NA
"control","SHN_JPN",0.29651692403796,0.990007272623639,32,NA,NA,NA
"control","SLB_CHN",0.0445167226303145,0.991300911125553,28,NA,NA,NA
"control","SLB_DEU",-0.252638379698301,0.977080401867702,32,NA,NA,NA
"control","SLB_ESP",0.225649261515567,1.50017170022799,26,NA,NA,NA
"control","SLB_FIN",0.156092882966404,0.332644817503486,13,NA,NA,NA
"control","SLB_FRA",-0.247327345198091,1.00084363157305,30,NA,NA,NA
"control","SLB_GBR",-0.0264568578377556,0.909879792689021,30,NA,NA,NA
"control","SLB_GRC",-0.0199319330181569,1.23846729540888,17,NA,NA,NA
"control","SLB_IND",0.125830164037674,0.665231031733505,30,NA,NA,NA
"control","SLB_ITA",0.361257589563744,1.39189647081597,26,NA,NA,NA
"control","SLB_JPN",-0.0615465408849757,1.04117627690247,32,NA,NA,NA
"control","SLB_KOR",-0.0516603371489701,1.06034262600548,32,NA,NA,NA
"control","SLB_NLD",-0.142831210630724,1.21310487752244,29,NA,NA,NA
"control","SLB_SGP",-0.178810680839404,0.883262125308889,32,NA,NA,NA
"control","SLB_SWE",-0.273102503331934,0.753829609511748,16,NA,NA,NA
"control","SLB_THA",0.425516406844373,1.16325982684767,31,NA,NA,NA
"control","SLB_TUR",-0.0180489443987204,0.681981314129442,14,NA,NA,NA
"control","SLB_TWN",0.131684533784429,0.707851386436532,31,NA,NA,NA
"control","SLB_USA",0.237956348993772,0.844773698985715,32,NA,NA,NA
"control","SLE_AUT",0.0731668850735779,0.861473660482302,32,NA,NA,NA
"control","SLE_CAN",-0.125416046190208,0.884133900852219,32,NA,NA,NA
"control","SLE_CHE",0.0999165664771759,0.847873638116709,32,NA,NA,NA
"control","SLE_DEU",0.00760627235031903,1.17899085857191,32,NA,NA,NA
"control","SLE_DNK",-0.0907291662025364,1.290153679841,32,NA,NA,NA
"control","SLE_ESP",-0.144278549095255,0.92516903689327,32,NA,NA,NA
"control","SLE_FIN",0.152761530790245,1.17349524264721,32,NA,NA,NA
"control","SLE_FRA",0.144341917699238,1.25768248091388,32,NA,NA,NA
"control","SLE_GBR",-0.175002834134865,1.0614427520739,32,NA,NA,NA
"control","SLE_GRC",-0.0688542754566554,0.749420430999257,30,NA,NA,NA
"control","SLE_HUN",-0.430578543902733,1.06235503029565,24,NA,NA,NA
"control","SLE_IND",-0.103117981817846,0.823712052748166,24,NA,NA,NA
"control","SLE_ISL",0.188500145939185,0.474841753689085,10,NA,NA,NA
"control","SLE_ITA",0.210152885046882,1.01927447883326,31,NA,NA,NA
"control","SLE_JPN",-0.0237386635775559,0.987044066969568,32,NA,NA,NA
"control","SLE_NLD",0.0310376803997046,0.965416884144579,32,NA,NA,NA
"control","SLE_NOR",0.240125340722645,0.857900060837759,18,NA,NA,NA
"control","SLE_PRT",0.257394417473918,0.74614959400912,31,NA,NA,NA
"control","SLE_SWE",-0.188484422612094,0.968334939197922,32,NA,NA,NA
"control","SLE_THA",-0.0616620357059028,1.41348610450704,32,NA,NA,NA
"control","SLE_TUN",0.0501018962517304,0.894866514682107,28,NA,NA,NA
"control","SLE_USA",-0.0593000610594676,0.92553689697965,32,NA,NA,NA
"control","SLV_AUS",0.329063839652171,1.21423212893263,32,NA,NA,NA
"control","SLV_AUT",0.0749404547260507,1.13205475127607,24,NA,NA,NA
"control","SLV_CAN",0.216612571286526,1.05568493344982,32,NA,NA,NA
"control","SLV_CHE",-0.206540390067317,1.2964272543912,32,NA,NA,NA
"control","SLV_DEU",0.00611966271311972,1.15433888366772,24,NA,NA,NA
"control","SLV_DNK",0.0709633496724853,0.813695152323849,24,NA,NA,NA
"control","SLV_ESP",-0.0867963916311544,0.811414011249665,24,NA,NA,NA
"control","SLV_FIN",0.296374422292325,1.03490747060373,24,NA,NA,NA
"control","SLV_FRA",-0.0510591155842977,0.617065750819462,24,NA,NA,NA
"control","SLV_GBR",0.0815289786774292,0.851884181328479,24,NA,NA,NA
"control","SLV_GRC",0.0808121264697385,0.764578394971678,24,NA,NA,NA
"control","SLV_ISL",-0.195462399508605,1.02866263586295,32,NA,NA,NA
"control","SLV_ITA",0.106980140395304,1.25525005366509,24,NA,NA,NA
"control","SLV_JPN",0.00571072682407039,0.940577530007635,32,NA,NA,NA
"control","SLV_NLD",-0.0938892376781552,0.955170149171649,24,NA,NA,NA
"control","SLV_NOR",0.117948797930694,1.19781309173497,31,NA,NA,NA
"control","SLV_NZL",-0.219021569841711,1.2648429189363,32,NA,NA,NA
"control","SLV_PAN",0.262756200123543,0.740243394697705,14,NA,NA,NA
"control","SLV_PRT",0.187514782009697,1.63088485322679,24,NA,NA,NA
"control","SLV_SWE",-0.0448420821953391,0.512915775640363,24,NA,NA,NA
"control","SLV_USA",0.0408367562057672,1.17862060773435,17,NA,NA,NA
"control","SOM_AUS",0.105668197895322,0.900101502539055,26,NA,NA,NA
"control","SOM_AUT",0.0401745743976237,1.23498881017861,28,NA,NA,NA
"control","SOM_CHE",-0.0952410346341966,0.866142544295646,32,NA,NA,NA
"control","SOM_CHN",0.184744899878613,0.688948724114967,32,NA,NA,NA
"control","SOM_DEU",0.183102307575537,0.946079403067201,32,NA,NA,NA
"control","SOM_EGY",-0.107745707860981,1.034518741655,29,NA,NA,NA
"control","SOM_FIN",-0.118008749740024,0.564467026043576,18,NA,NA,NA
"control","SOM_FRA",0.0180065468102388,0.796283659912679,31,NA,NA,NA
"control","SOM_GBR",0.119455431747679,0.687361001409606,30,NA,NA,NA
"control","SOM_GRC",-0.215307516859077,0.913617782012328,20,NA,NA,NA
"control","SOM_IND",0.272744808598736,1.3951713655791,32,NA,NA,NA
"control","SOM_ITA",0.0282694618323641,1.02395995645751,31,NA,NA,NA
"control","SOM_JPN",0.0121246882282767,1.23184240977845,27,NA,NA,NA
"control","SOM_KOR",-0.0589694437022193,1.44400634177084,21,NA,NA,NA
"control","SOM_NLD",0.156045986883421,0.998522691533012,24,NA,NA,NA
"control","SOM_NZL",-0.096172210585867,0.780943107230234,19,NA,NA,NA
"control","SOM_PRT",-0.0252913279813334,1.40515040926726,12,NA,NA,NA
"control","SOM_SAU",-0.472716573495102,0.83732830395821,30,NA,NA,NA
"control","SOM_TTO",0.368029068847945,0.81686903071342,9,NA,NA,NA
"control","SOM_TUR",0.20687193000084,1.18356072656794,32,NA,NA,NA
"control","SOM_USA",-0.157768252442185,0.82528794638744,31,NA,NA,NA
"control","SPM_CHE",0.11101753995077,0.931086858024769,16,NA,NA,NA
"control","SPM_JPN",0.242470683980735,1.07489549840093,21,NA,NA,NA
"control","STP_AUT",0.103880493284163,1.24477207996889,30,NA,NA,NA
"control","STP_CHE",0.200642615786221,1.11034590002539,31,NA,NA,NA
"control","STP_CHN",0.0506107684310848,0.752418685078452,17,NA,NA,NA
"control","STP_FRA",-0.168561076968827,0.795513217429395,32,NA,NA,NA
"control","STP_ITA",0.188319825204622,1.42228994771318,32,NA,NA,NA
"control","STP_JPN",-0.00373843895683527,1.18239574193142,24,NA,NA,NA
"control","STP_NLD",0.202848587661733,0.946005218720104,32,NA,NA,NA
"control","STP_PRT",0.109033221879055,0.967660557880759,32,NA,NA,NA
"control","STP_SWE",0.221848764651369,0.821044050056581,22,NA,NA,NA
"control","STP_THA",0.175069626439005,0.787461445394959,30,NA,NA,NA
"control","STP_USA",0.376716728627304,0.762348896858857,30,NA,NA,NA
"control","SUR_AUT",-0.230110504061921,1.47785542916203,18,NA,NA,NA
"control","SUR_BRA",0.100534429605556,0.818125749351392,31,NA,NA,NA
"control","SUR_CHE",0.2041253895089,0.724250087810768,32,NA,NA,NA
"control","SUR_DEU",-0.129152677511972,0.900095653850979,19,NA,NA,NA
"control","SUR_ESP",-0.415313884760327,1.07074822495724,19,NA,NA,NA
"control","SUR_FRA",-0.239809835092949,0.766884292095736,19,NA,NA,NA
"control","SUR_GBR",-0.0322412435173735,1.12549663640947,19,NA,NA,NA
"control","SUR_GRC",-0.10271221235553,0.425986164086655,13,NA,NA,NA
"control","SUR_GUF",0.24208211750685,1.13286177020249,8,NA,NA,NA
"control","SUR_ITA",0.345169323889011,0.841203103862623,17,NA,NA,NA
"control","SUR_JPN",-0.0135054506469715,1.32285108226931,32,NA,NA,NA
"control","SUR_MTQ",0.391926416605719,0.471868722917704,8,NA,NA,NA
"control","SUR_NLD",-0.211579569755006,1.67039515178384,19,NA,NA,NA
"control","SUR_NOR",-0.0926171634196915,0.790720554453306,28,NA,NA,NA
"control","SUR_SWE",-0.418487750993949,1.16984714402556,18,NA,NA,NA
"control","SUR_THA",0.0780888449025753,1.11041284155233,31,NA,NA,NA
"control","SUR_TWN",-0.220671350293347,1.10766111979285,25,NA,NA,NA
"control","SUR_USA",0.030955141214913,1.41642843695504,32,NA,NA,NA
"control","SWE_ARE",-0.204963614116093,0.965341961169351,32,NA,NA,NA
"control","SWE_ARG",0.304283729210718,0.937406583734606,32,NA,NA,NA
"control","SWE_AUS",0.0501544641221126,1.01714098095827,32,NA,NA,NA
"control","SWE_BEN",0.10927442373171,1.4030445423878,29,NA,NA,NA
"control","SWE_BHR",0.470828639054261,1.36229490459279,32,NA,NA,NA
"control","SWE_BHS",0.105542917521176,0.888319954319084,16,NA,NA,NA
"control","SWE_BRA",-0.0669672473038922,0.484844108527096,32,NA,NA,NA
"control","SWE_CAN",0.0665275029503431,1.26743956622316,28,NA,NA,NA
"control","SWE_CHL",-0.190665161995072,1.08794441996481,14,NA,NA,NA
"control","SWE_CHN",-0.183389081214026,1.28610991787687,31,NA,NA,NA
"control","SWE_COL",0.258960226940458,1.03254059166316,22,NA,NA,NA
"control","SWE_CRI",-0.0555562298980385,1.36094126482483,22,NA,NA,NA
"control","SWE_CUB",0.128508542096837,1.29891430780728,32,NA,NA,NA
"control","SWE_FJI",0.0418216824135393,1.52443727726693,17,NA,NA,NA
"control","SWE_GHA",0.375900900567667,1.17325919412723,24,NA,NA,NA
"control","SWE_GMB",0.104810052269606,1.24310583234285,30,NA,NA,NA
"control","SWE_IDN",0.0596909977299678,0.831502517537323,32,NA,NA,NA
"control","SWE_IND",0.0907971406971246,1.0581681636321,32,NA,NA,NA
"control","SWE_IRQ",0.0691898748716936,1.10391359095958,31,NA,NA,NA
"control","SWE_JAM",-0.387593182022223,0.765586563211399,17,NA,NA,NA
"control","SWE_JPN",-0.0586787985884609,0.588053243100719,30,NA,NA,NA
"control","SWE_KEN",0.0440618665677962,1.23603390983949,32,NA,NA,NA
"control","SWE_KOR",0.438246104775903,0.84639709896221,22,NA,NA,NA
"control","SWE_KWT",-0.0541989756072596,0.872265297951109,31,NA,NA,NA
"control","SWE_LBR",0.205878593672741,1.11656234098197,30,NA,NA,NA
"control","SWE_LBY",0.201860245722077,1.15762452368494,32,NA,NA,NA
"control","SWE_LKA",-0.0150341784664571,0.915469746961347,32,NA,NA,NA
"control","SWE_MEX",-0.0439972757297804,0.635525887068344,11,NA,NA,NA
"control","SWE_MOZ",0.00961354492787243,1.39044940156065,24,NA,NA,NA
"control","SWE_MYS",-0.158198631191299,1.60702759776816,32,NA,NA,NA
"control","SWE_NZL",-0.0712082635541031,1.18863922223677,32,NA,NA,NA
"control","SWE_OMN",-0.0365996029130645,0.774418355623679,32,NA,NA,NA
"control","SWE_PAK",0.22071633678096,0.851740336207881,29,NA,NA,NA
"control","SWE_PAN",-0.16993311737203,0.940207092384758,21,NA,NA,NA
"control","SWE_PER",-0.176496500988686,1.35974554619409,22,NA,NA,NA
"control","SWE_PHL",0.385299637168423,0.981629754446605,30,NA,NA,NA
"control","SWE_QAT",0.256991522935867,1.0512717508177,31,NA,NA,NA
"control","SWE_SAU",0.0786791917868554,1.15847936623174,30,NA,NA,NA
"control","SWE_SDN",-0.200152978236653,1.17639992787378,30,NA,NA,NA
"control","SWE_SGP",0.337817980376797,0.921521814769348,30,NA,NA,NA
"control","SWE_THA",-0.00643350785348736,1.15550502301409,32,NA,NA,NA
"control","SWE_TTO",-0.0129308085714055,0.649645519480918,17,NA,NA,NA
"control","SWE_TWN",-0.105814797074187,1.06009821150688,32,NA,NA,NA
"control","SWE_TZA",-0.0479378575192938,0.853296977435836,30,NA,NA,NA
"control","SWE_URY",-0.0991960314237236,1.05758730885734,32,NA,NA,NA
"control","SWE_USA",-0.0913376398794059,1.12050658683196,32,NA,NA,NA
"control","SWE_VNM",-0.103563317628692,1.08721465906302,30,NA,NA,NA
"control","SWE_ZAF",-0.333222960357528,1.47631241170257,8,NA,NA,NA
"control","SWE_ZWE",0.0912438411563193,1.01934607562312,21,NA,NA,NA
"control","SWZ_AUT",-0.0631745548214698,1.31441893368404,27,NA,NA,NA
"control","SWZ_CAN",-0.186732855806714,1.06455814995296,29,NA,NA,NA
"control","SWZ_CHE",-0.234239088160353,1.60659982723986,19,NA,NA,NA
"control","SWZ_DNK",-0.139904414701039,0.615545288146855,24,NA,NA,NA
"control","SWZ_FIN",-0.203157618722563,0.879223621732052,23,NA,NA,NA
"control","SWZ_FRA",-0.101964671549291,0.880309486227778,27,NA,NA,NA
"control","SWZ_GBR",0.310700606936661,1.01088554727872,27,NA,NA,NA
"control","SWZ_GRC",-0.254465854223936,1.61947780119776,19,NA,NA,NA
"control","SWZ_IRL",-0.0145427248917784,0.655217995190473,22,NA,NA,NA
"control","SWZ_ISL",0.328075319434165,1.13751905827955,9,NA,NA,NA
"control","SWZ_ITA",-0.20816693139975,0.754297714607424,27,NA,NA,NA
"control","SWZ_JPN",-0.446776762962353,1.23678735167431,32,NA,NA,NA
"control","SWZ_KOR",-0.272349630506934,0.9678603949328,30,NA,NA,NA
"control","SWZ_MLT",0.191745459969131,0.870417180602548,18,NA,NA,NA
"control","SWZ_NLD",0.0158224690448982,0.774607669644396,27,NA,NA,NA
"control","SWZ_NOR",-0.0344259258288805,1.32589409138225,17,NA,NA,NA
"control","SWZ_NZL",0.0763126507986761,1.32603946602208,23,NA,NA,NA
"control","SWZ_SAU",-0.359110655206345,1.42400520495521,24,NA,NA,NA
"control","SWZ_SWE",-0.19212232802915,1.7561246379685,21,NA,NA,NA
"control","SWZ_USA",0.158822162167853,1.33457226801518,29,NA,NA,NA
"control","SYC_AUS",-0.491266362981911,0.90284778207628,31,NA,NA,NA
"control","SYC_BRA",-0.325791465903473,1.05587408052247,23,NA,NA,NA
"control","SYC_CAN",0.0110415952451104,1.21575492252477,32,NA,NA,NA
"control","SYC_CHE",0.0857215149635007,1.03364486292038,32,NA,NA,NA
"control","SYC_DEU",-0.1638076428652,0.738166655860052,23,NA,NA,NA
"control","SYC_FRA",0.135463478240382,2.05187990648891,22,NA,NA,NA
"control","SYC_GBR",0.0772165463503888,1.28665600695139,23,NA,NA,NA
"control","SYC_GRC",0.348560689249275,1.02404687705729,18,NA,NA,NA
"control","SYC_JPN",0.214617340345391,0.806195410400289,32,NA,NA,NA
"control","SYC_THA",-0.0887163990501265,1.1151771117041,32,NA,NA,NA
"control","SYC_TUN",0.0692275564669754,0.657119334760775,22,NA,NA,NA
"control","SYC_TUR",0.173623337844112,0.762997018917366,27,NA,NA,NA
"control","SYR_AUS",0.13895750233928,0.959393464158656,32,NA,NA,NA
"control","SYR_BGR",0.286383004583012,1.56099598846397,12,NA,NA,NA
"control","SYR_BOL",0.142130147383782,0.965174617212715,24,NA,NA,NA
"control","SYR_CAN",-0.110020360821289,1.09099818208477,32,NA,NA,NA
"control","SYR_CHE",0.214092456313036,0.905901878404942,32,NA,NA,NA
"control","SYR_CYP",-0.300470038053146,0.887174722133999,15,NA,NA,NA
"control","SYR_DZA",0.340435700816103,1.03024603727564,20,NA,NA,NA
"control","SYR_IND",0.0382126548081238,1.14759508858338,31,NA,NA,NA
"control","SYR_JPN",0.384790728346188,1.16468028285918,32,NA,NA,NA
"control","SYR_KWT",0.155367245052743,1.05366745114277,8,NA,NA,NA
"control","SYR_MYS",0.169668120598785,1.41591428679231,32,NA,NA,NA
"control","SYR_NOR",0.102553115374696,0.787956779276096,31,NA,NA,NA
"control","SYR_OMN",0.0748848785551873,1.41262180750488,9,NA,NA,NA
"control","SYR_PAK",0.0726215511763123,1.1362466954424,30,NA,NA,NA
"control","SYR_ROU",-0.105979850947508,0.766652421115862,18,NA,NA,NA
"control","SYR_SAU",-0.417475668663548,1.26670168874301,8,NA,NA,NA
"control","SYR_SGP",-0.0718495758395345,1.28198504896118,32,NA,NA,NA
"control","SYR_SOM",-0.504924091466753,0.455653699831415,8,NA,NA,NA
"control","SYR_TTO",-0.115089638122739,1.42319090707686,26,NA,NA,NA
"control","SYR_TUN",0.0338690557983298,1.35135698936588,9,NA,NA,NA
"control","SYR_TUR",0.169363689600706,1.01178634344136,18,NA,NA,NA
"control","SYR_TWN",0.0873491091065566,1.11357911561849,29,NA,NA,NA
"control","SYR_USA",0.348463317083656,1.12891843559723,32,NA,NA,NA
"control","TCD_AUT",0.146853321433157,1.44572895699899,31,NA,NA,NA
"control","TCD_CHE",-0.180661234627096,1.22471640251203,29,NA,NA,NA
"control","TCD_DEU",0.0762914474010211,1.47506133619472,32,NA,NA,NA
"control","TCD_ESP",-0.321708948683342,0.862680114070982,32,NA,NA,NA
"control","TCD_FRA",0.439013465464634,1.0329325801838,32,NA,NA,NA
"control","TCD_GBR",0.184940957190337,0.653648033263795,32,NA,NA,NA
"control","TCD_GRC",0.154106511039438,0.696198007833922,15,NA,NA,NA
"control","TCD_ITA",0.0466309937691694,1.48355785594494,32,NA,NA,NA
"control","TCD_JPN",-0.230484039680688,0.937207635791004,32,NA,NA,NA
"control","TCD_MAR",-0.19470460841426,1.15226467218681,31,NA,NA,NA
"control","TCD_NLD",0.18480166318738,1.2684066569755,29,NA,NA,NA
"control","TCD_NOR",0.0421307720713968,1.10964454525064,14,NA,NA,NA
"control","TCD_NZL",0.177181498157428,1.00136460984926,11,NA,NA,NA
"control","TCD_PRT",0.0445801411965391,0.541073613198437,32,NA,NA,NA
"control","TCD_THA",0.119813233299714,1.23997316962114,32,NA,NA,NA
"control","TCD_TUN",0.269584215079134,0.890301772295636,23,NA,NA,NA
"control","TCD_USA",-0.229801338726355,0.880174023212374,31,NA,NA,NA
"control","TGO_AUS",-0.224967865979846,0.798571190836033,30,NA,NA,NA
"control","TGO_AUT",-0.00993821283398859,0.999825064416251,32,NA,NA,NA
"control","TGO_BGR",-0.102840256416216,0.648427400514363,15,NA,NA,NA
"control","TGO_CAN",0.273556744031374,1.10806997312623,32,NA,NA,NA
"control","TGO_CHE",0.187109293573635,0.858381711094544,32,NA,NA,NA
"control","TGO_DEU",-0.0804197829167073,0.601475770591026,32,NA,NA,NA
"control","TGO_DNK",0.255268547920711,1.2692461467364,32,NA,NA,NA
"control","TGO_ESP",-0.146220108288572,0.955826497284162,32,NA,NA,NA
"control","TGO_FIN",-0.020007746624282,0.795089117113894,28,NA,NA,NA
"control","TGO_FRA",-0.0808714291966686,0.700711893109524,32,NA,NA,NA
"control","TGO_GBR",0.164232956248271,0.783329926121805,32,NA,NA,NA
"control","TGO_GRC",0.249164315484804,1.11930192017584,31,NA,NA,NA
"control","TGO_IND",-0.175083492612273,0.830195805191507,32,NA,NA,NA
"control","TGO_ITA",0.0511507840080515,1.14459234971966,32,NA,NA,NA
"control","TGO_JPN",-0.0447591440641773,0.727068236002314,32,NA,NA,NA
"control","TGO_MAR",-0.00548309730295742,0.88932870943372,31,NA,NA,NA
"control","TGO_NLD",0.0118041893483615,0.66140382073194,32,NA,NA,NA
"control","TGO_NOR",-0.0881506986001271,0.713111091284737,30,NA,NA,NA
"control","TGO_PHL",-0.172403827504514,1.12604421723739,29,NA,NA,NA
"control","TGO_PRT",0.0290727813936758,0.708113378781436,32,NA,NA,NA
"control","TGO_SWE",0.199544637080848,0.971630639615871,32,NA,NA,NA
"control","TGO_THA",0.00621835977270361,0.858388679830795,32,NA,NA,NA
"control","TGO_TUN",0.0695872327500992,0.78579388753784,28,NA,NA,NA
"control","TGO_TWN",0.159654795940314,0.534752600196861,32,NA,NA,NA
"control","TGO_USA",-0.104925185187883,0.606579451892868,32,NA,NA,NA
"control","THA_AGO",0.0064385255156167,1.30011947037335,32,NA,NA,NA
"control","THA_ARE",-0.134577988868221,1.64391696569101,32,NA,NA,NA
"control","THA_AUS",-0.174336371578081,1.16465127992397,16,NA,NA,NA
"control","THA_AUT",-0.425713171115978,0.891702491919637,32,NA,NA,NA
"control","THA_BGR",0.194197582421031,1.42793462958574,32,NA,NA,NA
"control","THA_BHR",-0.242411510130779,0.892912238386149,32,NA,NA,NA
"control","THA_BRB",-0.0409429830586056,1.27800574186204,32,NA,NA,NA
"control","THA_BWA",0.336902690885333,1.11645929981071,24,NA,NA,NA
"control","THA_CAF",-0.105509874151381,1.10486346210401,32,NA,NA,NA
"control","THA_CAN",-0.17527657726412,1.37393126563311,32,NA,NA,NA
"control","THA_CHE",-0.186373564477026,1.21573097220256,32,NA,NA,NA
"control","THA_CHN",-0.142847317390028,0.964634660238642,16,NA,NA,NA
"control","THA_CIV",-0.0265875884874386,0.95948390676362,32,NA,NA,NA
"control","THA_COD",-0.24572655710827,1.26046259237208,31,NA,NA,NA
"control","THA_COG",-0.0891514344197539,0.982520623622346,32,NA,NA,NA
"control","THA_COL",0.747359574963645,0.717456200707887,8,NA,NA,NA
"control","THA_CRI",0.0185553720485012,1.73803063013348,32,NA,NA,NA
"control","THA_CYP",-0.377701624333425,1.05516711167562,32,NA,NA,NA
"control","THA_DEU",0.135964527084068,0.686416995003815,32,NA,NA,NA
"control","THA_DJI",0.2110099121122,0.835690949118569,32,NA,NA,NA
"control","THA_DMA",-0.41410712182733,1.03677263270597,32,NA,NA,NA
"control","THA_DNK",0.256572478379249,1.08092676339366,32,NA,NA,NA
"control","THA_DOM",0.0982957616574927,0.888477008045493,32,NA,NA,NA
"control","THA_ESP",0.0013472051463286,0.497723675334488,32,NA,NA,NA
"control","THA_FIN",0.338729181056562,1.20491366707272,32,NA,NA,NA
"control","THA_FJI",0.270064205340092,0.921566588077702,32,NA,NA,NA
"control","THA_FRA",0.113151213210133,0.767474237655978,32,NA,NA,NA
"control","THA_GAB",0.0423084544334104,1.36792278171595,32,NA,NA,NA
"control","THA_GBR",-0.14708337052558,1.24341723834078,32,NA,NA,NA
"control","THA_GLP",-0.290609960024543,0.871039687294192,11,NA,NA,NA
"control","THA_GMB",-0.207822091271535,0.927852094068184,32,NA,NA,NA
"control","THA_GNB",-0.0847368320917083,1.00198583258242,32,NA,NA,NA
"control","THA_GRC",-0.108936773896463,1.41070464668916,32,NA,NA,NA
"control","THA_GRD",-0.0255948390770806,0.74423641326905,32,NA,NA,NA
"control","THA_GTM",0.124574792577214,1.12873024081122,32,NA,NA,NA
"control","THA_GUF",0.180385927040869,0.386813887995857,12,NA,NA,NA
"control","THA_HND",0.0937975277647164,0.918742275932512,32,NA,NA,NA
"control","THA_HTI",0.061955326119145,1.20595893078836,32,NA,NA,NA
"control","THA_HUN",0.0748239884162593,0.773167833102317,32,NA,NA,NA
"control","THA_IRL",-0.0561010076707141,1.18108283655146,32,NA,NA,NA
"control","THA_ISL",-0.0774872569377732,1.14910188625147,32,NA,NA,NA
"control","THA_ISR",0.00428020078641842,0.773533606725211,32,NA,NA,NA
"control","THA_ITA",0.186333239993054,0.806478652442712,32,NA,NA,NA
"control","THA_JAM",0.0456585452805984,1.37030156206391,32,NA,NA,NA
"control","THA_JOR",-0.0406404107628337,1.07340244726252,32,NA,NA,NA
"control","THA_JPN",0.0396983228892024,1.36959620821649,18,NA,NA,NA
"control","THA_KEN",0.020225290266202,0.725300123149994,32,NA,NA,NA
"control","THA_KWT",-0.00884797817014688,0.954321161328519,32,NA,NA,NA
"control","THA_LBN",-0.00346489604136532,1.24818482583743,32,NA,NA,NA
"control","THA_LBR",-0.107712471344282,1.44950895447606,32,NA,NA,NA
"control","THA_MAC",-0.156437797007685,0.803250786262497,32,NA,NA,NA
"control","THA_MAR",-0.278211937489344,0.851464864830496,8,NA,NA,NA
"control","THA_MDG",-0.0789996159886593,0.471688576456875,32,NA,NA,NA
"control","THA_MDV",0.0166135207306891,1.06927204796287,32,NA,NA,NA
"control","THA_MLI",0.150893208751718,0.852103249362433,32,NA,NA,NA
"control","THA_MLT",0.0104117551933131,1.20328912148878,32,NA,NA,NA
"control","THA_MMR",-0.182508478353149,0.898648394966379,8,NA,NA,NA
"control","THA_MRT",0.184188755936268,0.683752529392701,32,NA,NA,NA
"control","THA_MTQ",0.1453123050309,1.21784670770792,11,NA,NA,NA
"control","THA_MUS",-0.0842331996036939,0.822930049108187,32,NA,NA,NA
"control","THA_NER",0.0579787013545858,1.37967052402105,32,NA,NA,NA
"control","THA_NLD",-0.0132489213926592,1.06803715165402,32,NA,NA,NA
"control","THA_NOR",-0.252717486087056,1.04141126320802,32,NA,NA,NA
"control","THA_NPL",0.321165933410413,1.01765018654838,32,NA,NA,NA
"control","THA_NZL",-0.364948202046805,0.882400072795365,16,NA,NA,NA
"control","THA_OMN",-0.143069935961496,0.490500141632291,32,NA,NA,NA
"control","THA_PNG",-0.0189659922216219,1.21224303065666,32,NA,NA,NA
"control","THA_POL",-0.104407638362715,1.28335789702541,32,NA,NA,NA
"control","THA_PRI",-0.520410169348708,0.805957969865024,12,NA,NA,NA
"control","THA_PRT",-0.166421457778318,1.21634032332745,32,NA,NA,NA
"control","THA_QAT",0.237874664276586,0.804618843947528,32,NA,NA,NA
"control","THA_REU",-0.0651447418790897,0.775801667689162,12,NA,NA,NA
"control","THA_SAU",0.0409973341135304,0.730958655292129,32,NA,NA,NA
"control","THA_SEN",0.0289675982108157,0.45897116435175,32,NA,NA,NA
"control","THA_SLE",-0.261252168990986,1.00467883314383,32,NA,NA,NA
"control","THA_SOM",0.135680858418991,0.940269541073614,32,NA,NA,NA
"control","THA_STP",-0.0567141893801572,1.15786508305606,32,NA,NA,NA
"control","THA_SUR",-0.0192694258794457,1.00074806154599,32,NA,NA,NA
"control","THA_SWE",0.196897618520267,1.05324285807156,32,NA,NA,NA
"control","THA_SWZ",-0.0130861349401892,0.976797279388237,29,NA,NA,NA
"control","THA_SYC",-0.123734944167954,0.737375704469957,32,NA,NA,NA
"control","THA_SYR",-0.228544550622917,1.0836624889418,32,NA,NA,NA
"control","THA_TGO",-0.0870773906690998,0.860381655671972,32,NA,NA,NA
"control","THA_TUR",-0.0320669824086732,1.44162243190263,32,NA,NA,NA
"control","THA_TWN",-0.0782672364232675,1.61201003108583,32,NA,NA,NA
"control","THA_URY",0.0366431380735562,0.895768917807264,32,NA,NA,NA
"control","THA_USA",-0.0728485557081692,1.09516981714239,32,NA,NA,NA
"control","THA_VEN",0.166926599874576,0.706774420347845,10,NA,NA,NA
"control","THA_ZMB",0.0707004263476711,1.31713723052379,32,NA,NA,NA
"control","TKL_CAN",0.160040772105194,0.719537892420112,13,NA,NA,NA
"control","TKL_KOR",-0.243084429010622,0.687499096567887,28,NA,NA,NA
"control","TKL_USA",0.0947046582277355,1.10685280657601,32,NA,NA,NA
"control","TON_AUT",0.0517959578104842,0.966087479464178,19,NA,NA,NA
"control","TON_DEU",0.181100132980761,1.02891664705921,32,NA,NA,NA
"control","TON_GBR",0.0500987748243711,0.536679295044646,28,NA,NA,NA
"control","TON_GRC",-0.0636869247363346,0.880788497278302,9,NA,NA,NA
"control","TON_ITA",0.0904162284675127,1.22041889463757,27,NA,NA,NA
"control","TON_JPN",0.296961745246321,0.696724597669943,32,NA,NA,NA
"control","TON_KOR",-0.153810036197056,0.83906731814225,29,NA,NA,NA
"control","TON_NOR",-0.0201341463618435,0.645919321295263,8,NA,NA,NA
"control","TON_SWE",0.582494146094854,0.726889430694544,12,NA,NA,NA
"control","TON_TWN",0.359942098172425,0.723122967267218,26,NA,NA,NA
"control","TON_USA",0.00304011552701355,0.798754566691931,32,NA,NA,NA
"control","TTO_AUS",0.120423981418476,1.4182048648966,32,NA,NA,NA
"control","TTO_CAN",0.20736692294221,1.20423736271736,32,NA,NA,NA
"control","TTO_CHE",0.214748938583389,0.745123241743364,32,NA,NA,NA
"control","TTO_DEU",-0.481556996765034,1.29512237471644,19,NA,NA,NA
"control","TTO_DNK",0.0986821338692136,1.61157452145881,19,NA,NA,NA
"control","TTO_ESP",0.443267081547863,0.816192987769362,19,NA,NA,NA
"control","TTO_FIN",-0.144803948385311,1.40397909361112,18,NA,NA,NA
"control","TTO_FRA",0.00117687596328116,1.19035444188139,19,NA,NA,NA
"control","TTO_GBR",0.0364102630762582,1.13296403314029,19,NA,NA,NA
"control","TTO_GRC",0.34741666127232,1.24416911262513,19,NA,NA,NA
"control","TTO_ITA",-0.236530725841055,0.600604292343,19,NA,NA,NA
"control","TTO_JPN",0.295386728400127,0.81255947800922,32,NA,NA,NA
"control","TTO_LBR",-0.0858368171577779,0.993884337136801,22,NA,NA,NA
"control","TTO_NLD",0.114747742094784,1.02281761827314,19,NA,NA,NA
"control","TTO_PRT",0.124409035734913,1.28535204310587,19,NA,NA,NA
"control","TTO_SWE",-0.2465803744308,0.864600461092381,17,NA,NA,NA
"control","TTO_USA",0.051748023833128,1.15018369125356,32,NA,NA,NA
"control","TTO_VEN",0.181273238869604,0.909081005622276,9,NA,NA,NA
"control","TUN_ARE",0.157836580266533,0.507963840317818,9,NA,NA,NA
"control","TUN_AUS",0.0304009892420382,0.873376876036219,32,NA,NA,NA
"control","TUN_BFA",-0.0525633523941161,0.95843507056179,28,NA,NA,NA
"control","TUN_BGR",-0.305029098984039,0.871599559946689,16,NA,NA,NA
"control","TUN_BHR",0.420890873915631,1.36457282051299,9,NA,NA,NA
"control","TUN_CAN",0.129452861101118,1.05784720295209,32,NA,NA,NA
"control","TUN_CHE",0.0414158431829114,1.24377689284847,16,NA,NA,NA
"control","TUN_CHN",0.0935405111950335,1.31071068938684,30,NA,NA,NA
"control","TUN_CIV",-0.0149850340678272,0.7962220053611,30,NA,NA,NA
"control","TUN_HUN",0.290858669374171,1.32444994606735,13,NA,NA,NA
"control","TUN_ISL",-0.336327564989089,1.60792690507405,16,NA,NA,NA
"control","TUN_JOR",-0.323147049208039,0.587599924015992,9,NA,NA,NA
"control","TUN_JPN",0.167876880613233,0.861764782286105,32,NA,NA,NA
"control","TUN_KWT",0.134215243576197,0.392215973751926,9,NA,NA,NA
"control","TUN_MAR",-0.629844655705263,0.812470695065869,8,NA,NA,NA
"control","TUN_MLT",0.079007115643426,0.832123511446692,15,NA,NA,NA
"control","TUN_NOR",0.416374028400706,0.921782720712278,16,NA,NA,NA
"control","TUN_NZL",-0.0225934414871027,0.942587868498242,32,NA,NA,NA
"control","TUN_QAT",-0.212226207271788,1.2070036645996,9,NA,NA,NA
"control","TUN_SAU",-0.0983013745660208,1.72685004071194,9,NA,NA,NA
"control","TUN_SEN",0.00453069685715574,0.959705046277442,32,NA,NA,NA
"control","TUN_USA",2.48171936009095e-05,1.01164424067048,32,NA,NA,NA
"control","TUR_ALB",-0.0520359844241876,0.549631893955131,19,NA,NA,NA
"control","TUR_ARE",-0.0823447878022452,1.03112610313158,32,NA,NA,NA
"control","TUR_ARG",-0.190553921756809,1.40897470003726,32,NA,NA,NA
"control","TUR_ATG",-0.0633657650937856,1.09815203638992,32,NA,NA,NA
"control","TUR_AUS",0.324109731895238,0.674419145257948,32,NA,NA,NA
"control","TUR_BGR",0.275813771761833,1.66111664620485,10,NA,NA,NA
"control","TUR_BHR",0.141141519181359,1.1571989994623,32,NA,NA,NA
"control","TUR_BOL",0.0662191257212568,0.734958371003813,32,NA,NA,NA
"control","TUR_BRB",-0.104329132573919,0.787664015818766,32,NA,NA,NA
"control","TUR_CAF",-0.0214931318368317,0.835858359247425,30,NA,NA,NA
"control","TUR_CAN",0.25065683570478,1.02956217401165,32,NA,NA,NA
"control","TUR_CHN",-0.204379180888153,0.797420296890202,32,NA,NA,NA
"control","TUR_CMR",0.0342989384657428,1.32155405217315,32,NA,NA,NA
"control","TUR_COL",0.281236523985053,1.23122226444774,32,NA,NA,NA
"control","TUR_CRI",-0.0608627630578367,1.09450899298918,32,NA,NA,NA
"control","TUR_CYP",-0.191825709441743,0.968125443005759,15,NA,NA,NA
"control","TUR_DJI",0.168272295358973,0.792043509330612,32,NA,NA,NA
"control","TUR_DZA",-0.19659064622951,0.49341232893842,32,NA,NA,NA
"control","TUR_FJI",-0.333532921691677,1.76357273369874,31,NA,NA,NA
"control","TUR_GRD",0.170088127515294,0.829180215195511,32,NA,NA,NA
"control","TUR_GTM",-0.0108522300017141,0.879832702387865,32,NA,NA,NA
"control","TUR_GUF",0.225689370288531,1.26264493745418,8,NA,NA,NA
"control","TUR_HND",-0.0132297435418602,1.31709242131399,31,NA,NA,NA
"control","TUR_HUN",0.730722401009338,0.865640049934003,9,NA,NA,NA
"control","TUR_IDN",0.208357112902777,1.12954818641073,32,NA,NA,NA
"control","TUR_IND",-0.00758075627898157,0.822127880113339,32,NA,NA,NA
"control","TUR_IRQ",-0.286458315360208,1.32621523958638,28,NA,NA,NA
"control","TUR_JAM",0.0612487457133375,1.10566779563397,32,NA,NA,NA
"control","TUR_JOR",-0.0758142123632763,1.95450804534212,22,NA,NA,NA
"control","TUR_JPN",-0.166689565063453,1.31784683801678,32,NA,NA,NA
"control","TUR_KWT",-0.273725346677267,1.41226083525115,32,NA,NA,NA
"control","TUR_LBN",-0.0177530079918838,0.90440793725577,32,NA,NA,NA
"control","TUR_LBY",0.126224975901841,1.00380598050774,32,NA,NA,NA
"control","TUR_LKA",-0.012353918952775,0.8323767478651,32,NA,NA,NA
"control","TUR_MAR",0.460423657089852,0.89234767341864,17,NA,NA,NA
"control","TUR_MLT",-0.310204635023848,1.00098647724416,15,NA,NA,NA
"control","TUR_MUS",-0.227610404136029,1.4152284172182,24,NA,NA,NA
"control","TUR_MYS",0.051927704700612,0.779673988385653,26,NA,NA,NA
"control","TUR_NGA",-0.093575261039476,0.850063414284545,32,NA,NA,NA
"control","TUR_NZL",0.135111598898401,0.884064973112607,32,NA,NA,NA
"control","TUR_PAN",-0.215853713479206,1.04415508150864,32,NA,NA,NA
"control","TUR_PNG",0.0672896572035987,1.11374957096911,27,NA,NA,NA
"control","TUR_POL",0.427975709251282,1.23879044030521,11,NA,NA,NA
"control","TUR_PRI",0.161860618533685,0.625980840239259,12,NA,NA,NA
"control","TUR_PRK",-0.00971232170156914,1.04705777980927,30,NA,NA,NA
"control","TUR_QAT",0.369014705589191,1.09910782663167,32,NA,NA,NA
"control","TUR_REU",-0.206304173636416,1.06819057161635,8,NA,NA,NA
"control","TUR_SAU",-0.388034176985818,0.857194669815655,32,NA,NA,NA
"control","TUR_SDN",0.0155943997327682,1.09358050542319,32,NA,NA,NA
"control","TUR_SGP",-0.118686764312449,0.9928571968297,28,NA,NA,NA
"control","TUR_SLV",0.0264198187525223,0.899933882110991,31,NA,NA,NA
"control","TUR_SOM",-0.0444272602387132,0.927847429765516,28,NA,NA,NA
"control","TUR_SYR",0.0105684963894759,1.02847009754772,18,NA,NA,NA
"control","TUR_THA",-0.0644319395454479,1.02114480226461,32,NA,NA,NA
"control","TUR_TTO",-0.187628796024072,0.786363737961216,32,NA,NA,NA
"control","TUR_TWN",-0.161104138388072,1.05604584255098,32,NA,NA,NA
"control","TUR_TZA",-0.164331229653216,0.5786518651619,32,NA,NA,NA
"control","TUR_USA",-0.0785802350130959,1.11972990080747,32,NA,NA,NA
"control","TUR_VEN",-0.0202654498011273,0.724194176709205,32,NA,NA,NA
"control","TUV_CHE",0.0380326746122674,0.994591030889054,17,NA,NA,NA
"control","TUV_FIN",-0.00826119628968092,1.05484614539299,14,NA,NA,NA
"control","TUV_FRA",-0.0379539642502372,1.18536154248952,26,NA,NA,NA
"control","TUV_GRC",0.325481974607994,1.65560233856627,8,NA,NA,NA
"control","TWN_AFG",-0.169781448678828,1.24897166823184,24,NA,NA,NA
"control","TWN_ARE",-0.22191782003329,0.911686195479685,32,NA,NA,NA
"control","TWN_ARG",-0.0503423276457947,0.865887765954249,30,NA,NA,NA
"control","TWN_AUS",-0.270860056832207,0.873969571739238,32,NA,NA,NA
"control","TWN_AUT",-0.309870161899695,1.37977579775814,32,NA,NA,NA
"control","TWN_BGD",-0.647917330996834,0.377531416510415,32,NA,NA,NA
"control","TWN_BHR",-0.0399587093577896,0.834280047562065,32,NA,NA,NA
"control","TWN_BLZ",-0.26844768587475,0.793776302915467,29,NA,NA,NA
"control","TWN_BOL",0.154795612126199,0.766208165644383,31,NA,NA,NA
"control","TWN_BRA",0.0192777267992315,1.03629902699718,32,NA,NA,NA
"control","TWN_BRB",-0.326514085715133,0.665645115654892,31,NA,NA,NA
"control","TWN_BRN",0.03105100041249,0.89621302356471,32,NA,NA,NA
"control","TWN_CAF",0.217067236038787,0.882771353945403,29,NA,NA,NA
"control","TWN_CAN",0.0980790014978226,1.24221152122599,32,NA,NA,NA
"control","TWN_CHE",0.0655145707646347,0.93078324356754,32,NA,NA,NA
"control","TWN_CHL",0.255584479490929,1.0506192884182,32,NA,NA,NA
"control","TWN_CHN",-0.09637217864143,1.04508723035976,32,NA,NA,NA
"control","TWN_CIV",-0.176088749009048,0.72103748098446,28,NA,NA,NA
"control","TWN_CMR",-0.0981498844465507,0.929308924626034,29,NA,NA,NA
"control","TWN_COL",-0.121604100653002,0.527637018733837,31,NA,NA,NA
"control","TWN_CRI",-0.277753153426796,1.40014324382196,32,NA,NA,NA
"control","TWN_CYP",0.0388189590262518,1.13588813651856,32,NA,NA,NA
"control","TWN_DEU",-0.0557254174573581,0.655294099915812,32,NA,NA,NA
"control","TWN_DNK",0.321293890688159,0.587284776482348,32,NA,NA,NA
"control","TWN_DOM",0.0666697287927797,1.33520526000922,32,NA,NA,NA
"control","TWN_ECU",-0.0971921706612601,0.854899265510962,32,NA,NA,NA
"control","TWN_EGY",-0.0894232478712772,0.900075778028689,32,NA,NA,NA
"control","TWN_ESP",-0.0507845056155705,1.18434542628323,32,NA,NA,NA
"control","TWN_FIN",0.132792109627163,1.51421308422486,32,NA,NA,NA
"control","TWN_FJI",0.159021166918022,1.00613022328639,32,NA,NA,NA
"control","TWN_FRA",-0.270212329604471,1.06821042521737,32,NA,NA,NA
"control","TWN_GBR",-0.119859813667697,0.968477729725831,32,NA,NA,NA
"control","TWN_GHA",0.0646594402878556,0.788105029577614,27,NA,NA,NA
"control","TWN_GIN",-0.128103404738259,0.808779876437219,28,NA,NA,NA
"control","TWN_GMB",0.0983850495160076,1.08578755220306,29,NA,NA,NA
"control","TWN_GRC",0.0219819541854532,1.13249670879273,32,NA,NA,NA
"control","TWN_GTM",0.0685898084208732,0.930091600693817,15,NA,NA,NA
"control","TWN_HND",-0.0848611660302459,1.33242210910235,18,NA,NA,NA
"control","TWN_IDN",-0.109718296920258,0.900687197321573,32,NA,NA,NA
"control","TWN_IND",-0.0121076147982504,1.108830984064,32,NA,NA,NA
"control","TWN_IRL",0.273662819744296,1.06715055711972,32,NA,NA,NA
"control","TWN_ISL",0.076930595924745,1.20849919725418,32,NA,NA,NA
"control","TWN_ISR",-0.354627964793013,1.29829130560651,32,NA,NA,NA
"control","TWN_ITA",-0.197485858619395,1.57419992849987,32,NA,NA,NA
"control","TWN_JAM",-0.0489675521562502,0.903100563564451,28,NA,NA,NA
"control","TWN_JOR",0.065240518162948,1.20454651908722,32,NA,NA,NA
"control","TWN_JPN",0.281982241376435,1.01413130216532,32,NA,NA,NA
"control","TWN_KEN",-0.151706310000729,0.926639027652033,30,NA,NA,NA
"control","TWN_KOR",0.16165587060924,1.04025460559489,32,NA,NA,NA
"control","TWN_KWT",0.0285950566949067,1.06805711810839,32,NA,NA,NA
"control","TWN_LBR",0.00124122108338195,1.18391875176423,27,NA,NA,NA
"control","TWN_LBY",0.234757421759969,1.38162292662157,28,NA,NA,NA
"control","TWN_LKA",0.123169254582271,0.547627417131383,32,NA,NA,NA
"control","TWN_MAR",-0.0980973915093364,0.91636994644457,31,NA,NA,NA
"control","TWN_MEX",-0.29323755091501,1.34353991984944,32,NA,NA,NA
"control","TWN_MLT",0.0462561172123734,1.96164581219797,31,NA,NA,NA
"control","TWN_MUS",0.0301854729248596,1.61340531541429,32,NA,NA,NA
"control","TWN_MWI",-0.197751798409166,0.726846969052445,27,NA,NA,NA
"control","TWN_MYS",0.407243862208367,0.864974586430153,32,NA,NA,NA
"control","TWN_NGA",0.323508629906735,2.07459124827612,32,NA,NA,NA
"control","TWN_NLD",0.0272635429507718,0.719198102318012,32,NA,NA,NA
"control","TWN_NOR",0.0927106379209686,0.841662947919694,32,NA,NA,NA
"control","TWN_NRU",0.128697814205166,1.28792938810353,25,NA,NA,NA
"control","TWN_NZL",-0.190681251619857,0.836903727251132,24,NA,NA,NA
"control","TWN_OMN",0.227494994044881,1.65025080929344,31,NA,NA,NA
"control","TWN_PAK",0.14218608587074,1.29548901148139,32,NA,NA,NA
"control","TWN_PAN",0.304136961898336,0.695112588582405,15,NA,NA,NA
"control","TWN_PER",-0.233351065754535,1.22773481216948,32,NA,NA,NA
"control","TWN_PHL",0.0587642318945685,0.485356984223051,32,NA,NA,NA
"control","TWN_PNG",-0.216470277547085,0.839351569842927,28,NA,NA,NA
"control","TWN_PRT",-0.221906483075428,1.09067649976053,32,NA,NA,NA
"control","TWN_PRY",0.12292302251188,1.07134612310468,32,NA,NA,NA
"control","TWN_PYF",-0.0350492107427703,0.838136597663171,32,NA,NA,NA
"control","TWN_SAU",-0.0180601688736636,0.582977404715629,32,NA,NA,NA
"control","TWN_SGP",-0.295476654263267,0.558457954899016,25,NA,NA,NA
"control","TWN_SLB",0.0356304688778529,0.940340564930079,27,NA,NA,NA
"control","TWN_SLV",0.399112973889612,1.83280279261481,18,NA,NA,NA
"control","TWN_SUR",-0.354909216247043,0.893662996801135,30,NA,NA,NA
"control","TWN_SWE",0.0612147753272811,1.24850114335879,32,NA,NA,NA
"control","TWN_SYC",0.209289719013001,1.31481848508112,28,NA,NA,NA
"control","TWN_TGO",-0.13278430090278,0.902631661576896,31,NA,NA,NA
"control","TWN_THA",-0.154950496028055,0.841681662923608,32,NA,NA,NA
"control","TWN_TTO",0.108197093369213,0.945685248755835,32,NA,NA,NA
"control","TWN_TUR",-0.110499489895359,0.855688338801013,32,NA,NA,NA
"control","TWN_URY",-0.0556175491941742,0.789356074013067,31,NA,NA,NA
"control","TWN_USA",0.286538825048464,1.28929144198168,32,NA,NA,NA
"control","TWN_VCT",0.292735766861873,0.808221688405477,30,NA,NA,NA
"control","TWN_VEN",-0.0547280013928664,0.872205850077426,32,NA,NA,NA
"control","TWN_ZAF",0.180995745492902,1.28613981740698,30,NA,NA,NA
"control","TZA_AUS",-0.0500884077234505,0.750691865016071,32,NA,NA,NA
"control","TZA_AUT",0.106677237324622,1.0789616179114,32,NA,NA,NA
"control","TZA_BGR",-0.167373762824895,0.8300957617916,25,NA,NA,NA
"control","TZA_CAN",0.110873648811412,0.634112291179426,32,NA,NA,NA
"control","TZA_CHE",-0.1274235127137,0.541262133930006,32,NA,NA,NA
"control","TZA_CHN",-0.0981602059579718,1.40429592645454,32,NA,NA,NA
"control","TZA_DEU",-0.17482346045308,1.23610657584839,32,NA,NA,NA
"control","TZA_DNK",-0.2276785370517,0.799332407968454,32,NA,NA,NA
"control","TZA_ESP",0.0662745801727906,0.865075062595701,32,NA,NA,NA
"control","TZA_FIN",-0.0599176853617636,1.01280234299121,32,NA,NA,NA
"control","TZA_FJI",-0.551052269360802,1.06002835908437,8,NA,NA,NA
"control","TZA_FRA",0.0452225316601348,1.32305203816355,32,NA,NA,NA
"control","TZA_GBR",0.214922864227999,0.893652429332623,32,NA,NA,NA
"control","TZA_GRC",0.180724925433878,1.31591607122203,32,NA,NA,NA
"control","TZA_HUN",-0.121653620628411,0.864666043399309,30,NA,NA,NA
"control","TZA_IRL",-0.0324592623836135,0.594128716515212,32,NA,NA,NA
"control","TZA_ISL",0.181160100072196,1.05837575693817,31,NA,NA,NA
"control","TZA_ITA",-0.173446249278168,0.922730613511955,32,NA,NA,NA
"control","TZA_JPN",0.040650681009687,1.08779713478484,32,NA,NA,NA
"control","TZA_NLD",0.202802026573706,1.23169989117121,32,NA,NA,NA
"control","TZA_NOR",-0.133328454644847,1.15183026835539,32,NA,NA,NA
"control","TZA_NZL",-0.110084560400754,0.701227706997545,32,NA,NA,NA
"control","TZA_OMN",0.127379542754141,1.28666889663607,32,NA,NA,NA
"control","TZA_PRT",-0.0501382951872243,0.983956593750507,32,NA,NA,NA
"control","TZA_SAU",-0.130623874157697,0.99026459586803,31,NA,NA,NA
"control","TZA_SWE",-0.191491913919904,1.22742318669348,32,NA,NA,NA
"control","TZA_TUR",-0.0413040734628701,0.822431787741853,32,NA,NA,NA
"control","TZA_TWN",0.0978766555741357,1.5298449737791,32,NA,NA,NA
"control","TZA_USA",0.197466094647265,0.748593564524554,32,NA,NA,NA
"control","UGA_AUS",0.0120746978506876,1.30270088537607,32,NA,NA,NA
"control","UGA_AUT",-0.0975564704963208,1.05774889039348,32,NA,NA,NA
"control","UGA_CAN",-0.367089610708918,0.823633495878144,32,NA,NA,NA
"control","UGA_CHE",0.254282901764464,0.955809880360739,32,NA,NA,NA
"control","UGA_CHN",-0.0224189016800837,1.1921613514201,29,NA,NA,NA
"control","UGA_DEU",-0.0238651174327875,1.02997477583394,32,NA,NA,NA
"control","UGA_DNK",0.122023685356659,0.77260996538787,32,NA,NA,NA
"control","UGA_DZA",-0.0764396029497086,0.80411806363323,26,NA,NA,NA
"control","UGA_EGY",-0.617681426181209,0.917393114746554,10,NA,NA,NA
"control","UGA_ESP",0.0971601336721203,1.0759522702047,32,NA,NA,NA
"control","UGA_FIN",-0.037837330162098,0.995975005212009,31,NA,NA,NA
"control","UGA_FRA",0.215753432853015,0.920718237406164,32,NA,NA,NA
"control","UGA_GBR",0.00287161276929688,0.54438536232741,32,NA,NA,NA
"control","UGA_GRC",0.170175240018769,1.17865988236707,32,NA,NA,NA
"control","UGA_HUN",0.118572785924318,1.26767783220679,30,NA,NA,NA
"control","UGA_IND",0.143159270459799,0.986599394115155,32,NA,NA,NA
"control","UGA_IRL",-0.135436905431275,0.569050681674439,30,NA,NA,NA
"control","UGA_ITA",0.0944960118994504,0.981354635280473,32,NA,NA,NA
"control","UGA_JPN",0.163744561079527,1.02161218675816,32,NA,NA,NA
"control","UGA_KOR",-0.159839678979253,0.974958410127422,32,NA,NA,NA
"control","UGA_NLD",0.0768580984326769,1.04321686242567,32,NA,NA,NA
"control","UGA_NOR",-0.0425075653867386,1.43554559489448,32,NA,NA,NA
"control","UGA_PRT",-0.175679574336781,0.623792285661186,32,NA,NA,NA
"control","UGA_SGP",0.0515313443967202,0.576493481952903,32,NA,NA,NA
"control","UGA_SWE",0.0879952167252363,1.21323761627528,32,NA,NA,NA
"control","UGA_TWN",-0.130171524601079,1.44959604267442,31,NA,NA,NA
"control","UGA_USA",0.043783368257816,1.1721614087266,32,NA,NA,NA
"control","URY_AUS",-0.0022417321173167,0.957363336316341,32,NA,NA,NA
"control","URY_AUT",-0.00939990283404157,0.475327803939524,32,NA,NA,NA
"control","URY_BGR",0.181312800302025,0.706771832591751,27,NA,NA,NA
"control","URY_BRB",0.0898618014929925,0.772043430765351,28,NA,NA,NA
"control","URY_CAN",0.163288412978111,0.851202364608204,32,NA,NA,NA
"control","URY_CHE",-0.0716730012531555,1.21282190594507,32,NA,NA,NA
"control","URY_CHN",-0.0742815173634579,0.667334537781523,32,NA,NA,NA
"control","URY_CIV",0.151345529518344,0.933081208108332,27,NA,NA,NA
"control","URY_CMR",-0.154621651248979,1.14549138433531,24,NA,NA,NA
"control","URY_COD",0.1351596954481,0.833535300001188,19,NA,NA,NA
"control","URY_COG",-0.185795473680367,0.829561783542336,31,NA,NA,NA
"control","URY_CYP",-0.0502130346993003,0.73330097365104,32,NA,NA,NA
"control","URY_DEU",0.341114819750824,0.901354897102486,32,NA,NA,NA
"control","URY_DNK",0.297121057051467,1.18070203931961,32,NA,NA,NA
"control","URY_ESP",0.0698215359247117,0.885231601701525,32,NA,NA,NA
"control","URY_FIN",-0.0602736637643228,0.804290943614977,32,NA,NA,NA
"control","URY_FRA",0.158746251663993,0.85627924574279,32,NA,NA,NA
"control","URY_GAB",-0.203777326190668,1.25130696064741,32,NA,NA,NA
"control","URY_GBR",0.14364674216466,0.540077712938459,32,NA,NA,NA
"control","URY_GRC",0.252159572888432,1.01249571777278,32,NA,NA,NA
"control","URY_HUN",-0.090019069741627,1.32028827018505,30,NA,NA,NA
"control","URY_IND",0.48222006132214,1.23562259250847,20,NA,NA,NA
"control","URY_IRL",-0.0348965772273084,1.00641822094354,32,NA,NA,NA
"control","URY_IRQ",-0.345532640036116,0.662598680743464,20,NA,NA,NA
"control","URY_ISL",-0.1922794286035,0.73273456283244,32,NA,NA,NA
"control","URY_ITA",-0.185839731965809,1.28599818996796,32,NA,NA,NA
"control","URY_JOR",-0.10147472465539,1.20412458760256,31,NA,NA,NA
"control","URY_JPN",0.240117526371972,1.30059782498626,32,NA,NA,NA
"control","URY_KWT",0.0188837668655869,1.0764466915448,32,NA,NA,NA
"control","URY_LBN",-0.00773126791906777,1.15113580000481,32,NA,NA,NA
"control","URY_LBY",0.0844760448500397,0.943380320892176,21,NA,NA,NA
"control","URY_MAR",-0.252780314520413,1.09520446069426,28,NA,NA,NA
"control","URY_MLT",0.236722494929216,1.18654351281088,31,NA,NA,NA
"control","URY_MYS",0.0322559501006907,1.07974303988334,32,NA,NA,NA
"control","URY_NLD",-0.270360902653833,1.21795243016711,32,NA,NA,NA
"control","URY_NOR",0.248052943076496,0.702337922110463,32,NA,NA,NA
"control","URY_NZL",-0.365765806077744,0.755684587870852,32,NA,NA,NA
"control","URY_POL",-0.0175556108797253,1.57219611732818,32,NA,NA,NA
"control","URY_PRT",0.213453327376198,0.917584522516476,32,NA,NA,NA
"control","URY_SAU",-0.210341331167084,0.746448709641834,32,NA,NA,NA
"control","URY_SWE",0.406774797598237,1.08121324731133,32,NA,NA,NA
"control","URY_THA",0.0840570560593498,0.697156261416888,32,NA,NA,NA
"control","URY_TWN",0.0491879740124809,1.28062967248621,30,NA,NA,NA
"control","URY_USA",0.178882415465114,1.04350388155277,32,NA,NA,NA
"control","URY_ZAF",0.242702966329985,0.635180638762578,27,NA,NA,NA
"control","USA_AGO",-0.0920174929401481,0.992024924051621,32,NA,NA,NA
"control","USA_ARE",-0.283663620135988,0.77787022137545,32,NA,NA,NA
"control","USA_ARG",0.0620882557778951,0.986878365669443,32,NA,NA,NA
"control","USA_ATG",0.260433691924809,0.944406382170205,32,NA,NA,NA
"control","USA_AUS",0.104273271840412,1.41767986874316,16,NA,NA,NA
"control","USA_AUT",-0.0055338645705539,0.753463021407174,32,NA,NA,NA
"control","USA_BEN",-0.301458788995123,1.14629399019809,32,NA,NA,NA
"control","USA_BFA",-0.188571346394522,0.96961266480785,32,NA,NA,NA
"control","USA_BGD",-0.00631073955522354,0.873854422067533,32,NA,NA,NA
"control","USA_BGR",0.262565738107941,0.827821776850016,32,NA,NA,NA
"control","USA_BHR",0.150682534254102,0.820881801684673,17,NA,NA,NA
"control","USA_BHS",-0.225074358510563,1.54095548552551,32,NA,NA,NA
"control","USA_BLZ",-0.154636253855175,0.948392315038008,32,NA,NA,NA
"control","USA_BOL",-0.0986257501644038,0.739883860986436,32,NA,NA,NA
"control","USA_BRA",-0.0205476610095805,0.606759206906445,32,NA,NA,NA
"control","USA_BRB",-0.308238581676821,0.814861184144667,32,NA,NA,NA
"control","USA_BRN",0.0211741386914374,0.88423944108831,32,NA,NA,NA
"control","USA_BTN",-0.353155711145456,1.20679772634676,30,NA,NA,NA
"control","USA_BWA",-0.247080660944466,0.990780548153672,32,NA,NA,NA
"control","USA_CHE",0.041173588995025,1.09287456495291,32,NA,NA,NA
"control","USA_CHL",0.417772283119864,0.670635416296513,15,NA,NA,NA
"control","USA_CHN",-0.0056218990216384,1.23014207046715,32,NA,NA,NA
"control","USA_CIV",-0.149686406633763,1.00279017849083,32,NA,NA,NA
"control","USA_CMR",0.18334088996173,1.74341862008922,32,NA,NA,NA
"control","USA_COD",0.255373200235958,0.55639069985423,32,NA,NA,NA
"control","USA_COG",0.197703659088745,0.955290405078427,32,NA,NA,NA
"control","USA_COK",0.238330299945798,0.688104508051518,31,NA,NA,NA
"control","USA_COL",-0.0696666359988786,0.859939410061913,23,NA,NA,NA
"control","USA_CPV",0.000744407824338756,1.25369049514975,32,NA,NA,NA
"control","USA_CRI",0.168207447346709,1.72460722916645,20,NA,NA,NA
"control","USA_CYP",0.029278879894808,0.97366182900495,32,NA,NA,NA
"control","USA_DEU",-0.022952816295418,0.987398446576979,32,NA,NA,NA
"control","USA_DJI",-0.188039662543219,0.879500414881424,32,NA,NA,NA
"control","USA_DMA",0.0112913987017207,0.841529795662711,32,NA,NA,NA
"control","USA_DNK",0.178480611447422,0.972256452370441,32,NA,NA,NA
"control","USA_DOM",-0.00622854116241261,0.816524042377046,18,NA,NA,NA
"control","USA_DZA",-0.0476244263707414,1.08309969156727,32,NA,NA,NA
"control","USA_ECU",-0.0696749069331307,0.877805735473916,32,NA,NA,NA
"control","USA_EGY",0.177421507797556,0.875962793925834,32,NA,NA,NA
"control","USA_ESP",0.0623644136010599,0.684626830790885,32,NA,NA,NA
"control","USA_FIN",0.0463401074581373,1.59879160948054,32,NA,NA,NA
"control","USA_FJI",-0.142603947486892,1.23205444833402,32,NA,NA,NA
"control","USA_FRA",-0.00877092036684,1.10253719478419,32,NA,NA,NA
"control","USA_FRO",0.137068472092652,1.19424765725717,32,NA,NA,NA
"control","USA_GAB",-0.0802919726732312,0.798675757198391,32,NA,NA,NA
"control","USA_GBR",0.236207372341904,1.32747144820615,32,NA,NA,NA
"control","USA_GHA",0.0525487257113724,1.56345552385565,32,NA,NA,NA
"control","USA_GIN",-0.274376957271721,0.795081566464229,32,NA,NA,NA
"control","USA_GLP",-0.125641916139194,1.93352262169292,12,NA,NA,NA
"control","USA_GMB",-0.0546743649866122,1.41061000720161,32,NA,NA,NA
"control","USA_GNB",0.187535746300681,1.11901857651647,32,NA,NA,NA
"control","USA_GNQ",-0.0569677379118747,1.47806803785834,30,NA,NA,NA
"control","USA_GRC",-0.0714067800721401,1.02617334643215,32,NA,NA,NA
"control","USA_GRD",0.101106376639552,0.995381492243892,32,NA,NA,NA
"control","USA_GTM",-0.126256510671343,1.19396416447969,17,NA,NA,NA
"control","USA_GUF",0.022079432542828,0.637365267949748,12,NA,NA,NA
"control","USA_GUY",0.0177971483433034,1.2456418774676,32,NA,NA,NA
"control","USA_HND",0.484683660948459,0.38566140053951,17,NA,NA,NA
"control","USA_HTI",-0.117712092744377,0.568023522808068,32,NA,NA,NA
"control","USA_HUN",-0.0470062998617736,1.42183323050099,32,NA,NA,NA
"control","USA_IDN",-0.171775984472429,1.11979201273457,32,NA,NA,NA
"control","USA_IND",-0.161860872784416,0.599179867307747,32,NA,NA,NA
"control","USA_IRL",0.126830456535163,1.08673741829117,32,NA,NA,NA
"control","USA_IRQ",-0.0506011822316573,0.91218656806936,30,NA,NA,NA
"control","USA_ISL",-0.0135885148064406,1.33169629629842,32,NA,NA,NA
"control","USA_ITA",-0.0923480105018112,0.824199281299285,32,NA,NA,NA
"control","USA_JAM",-0.194482446515756,0.893391466185766,32,NA,NA,NA
"control","USA_JOR",-0.156570671828789,0.643428313494323,12,NA,NA,NA
"control","USA_JPN",-0.0789964374122299,0.8693966159113,32,NA,NA,NA
"control","USA_KEN",0.167756162825028,0.997852506437745,32,NA,NA,NA
"control","USA_KIR",0.105230210966182,1.0955665897794,32,NA,NA,NA
"control","USA_KNA",0.106132576200179,1.24860166174366,32,NA,NA,NA
"control","USA_KOR",0.203342517972105,0.473565594041288,23,NA,NA,NA
"control","USA_KWT",-0.0324870674821968,1.46769307946645,32,NA,NA,NA
"control","USA_LBN",-0.257718828683515,0.714127394245978,32,NA,NA,NA
"control","USA_LBR",0.162266280488353,1.24188739158015,32,NA,NA,NA
"control","USA_LCA",-0.00842499954859649,0.712308851623204,32,NA,NA,NA
"control","USA_LKA",-0.105432352229579,1.13962975010618,32,NA,NA,NA
"control","USA_MAC",0.313433005965123,1.03604813766807,32,NA,NA,NA
"control","USA_MAR",0.166891966974902,1.11473354156585,17,NA,NA,NA
"control","USA_MDG",-0.12651043643316,1.20641815055039,32,NA,NA,NA
"control","USA_MLI",0.00830799022234838,0.612102727343839,32,NA,NA,NA
"control","USA_MLT",0.0323633641280533,1.10160893467438,32,NA,NA,NA
"control","USA_MMR",0.075619054201959,0.94150037513536,32,NA,NA,NA
"control","USA_MOZ",0.149228652702834,1.04274222817,32,NA,NA,NA
"control","USA_MRT",0.232554160717582,0.885377029182073,32,NA,NA,NA
"control","USA_MTQ",0.372579828924188,0.561603079528993,12,NA,NA,NA
"control","USA_MUS",0.0610445188301022,0.821355009119867,32,NA,NA,NA
"control","USA_MWI",0.0247042198561212,1.13984272579365,32,NA,NA,NA
"control","USA_MYS",-0.12812163716689,0.650373348620505,32,NA,NA,NA
"control","USA_NER",-0.0122359194744301,1.0201383381736,32,NA,NA,NA
"control","USA_NGA",-0.0164187544653553,0.975258682592078,32,NA,NA,NA
"control","USA_NIC",-0.378701281269209,0.4370380272093,16,NA,NA,NA
"control","USA_NLD",0.0543904726039772,1.14484880819172,32,NA,NA,NA
"control","USA_NOR",-0.301974320142946,1.12415681052664,32,NA,NA,NA
"control","USA_NPL",0.188769864561243,1.74867722973588,32,NA,NA,NA
"control","USA_NZL",-0.111921257643295,0.9430903128671,32,NA,NA,NA
"control","USA_OMN",0.149161032144449,1.03692894546565,20,NA,NA,NA
"control","USA_PAK",0.0751100701938377,0.751464421924873,32,NA,NA,NA
"control","USA_PAN",-0.168705510757898,1.13661725240771,23,NA,NA,NA
"control","USA_PER",0.155919036162245,0.83609700780928,20,NA,NA,NA
"control","USA_PHL",0.088231725715149,1.30379848177211,32,NA,NA,NA
"control","USA_PNG",-0.0361492078480345,0.692597326143143,32,NA,NA,NA
"control","USA_POL",0.158082857620306,1.14805862639998,32,NA,NA,NA
"control","USA_PRT",0.385349691011016,0.68634480325204,32,NA,NA,NA
"control","USA_PRY",-0.107634266031757,0.858841875929125,32,NA,NA,NA
"control","USA_PYF",0.181491655541018,1.3016789665644,32,NA,NA,NA
"control","USA_QAT",0.0484876660964948,1.07924062225848,32,NA,NA,NA
"control","USA_REU",0.18565167821575,0.274192831525776,12,NA,NA,NA
"control","USA_ROU",-0.173419906241571,1.40090845673484,32,NA,NA,NA
"control","USA_RWA",-0.305228362414618,1.36663832937988,30,NA,NA,NA
"control","USA_SAU",0.281979151031661,1.16505089480879,32,NA,NA,NA
"control","USA_SDN",0.0503039966624377,0.658039084533472,32,NA,NA,NA
"control","USA_SEN",-0.277695274190656,0.783637899491876,32,NA,NA,NA
"control","USA_SGP",-0.0366201201572819,1.05362392866639,32,NA,NA,NA
"control","USA_SLB",-0.329765005080423,0.724810796570921,32,NA,NA,NA
"control","USA_SLE",0.206780598245329,0.910261925176341,32,NA,NA,NA
"control","USA_SLV",0.0818746801848165,0.835253993429462,17,NA,NA,NA
"control","USA_SOM",0.00370485450833227,0.745156201137143,32,NA,NA,NA
"control","USA_SUR",0.31236355192654,0.737297020577479,32,NA,NA,NA
"control","USA_SWE",-0.167425214134468,1.35075579355261,32,NA,NA,NA
"control","USA_SWZ",-0.157978591479878,1.25743548237291,29,NA,NA,NA
"control","USA_SYC",-0.0335144617745534,1.11238208175169,32,NA,NA,NA
"control","USA_SYR",0.217865828617773,1.00994119874921,32,NA,NA,NA
"control","USA_TGO",-0.0495366653662719,0.791172045198314,32,NA,NA,NA
"control","USA_THA",-0.234255184963051,1.02672858904534,32,NA,NA,NA
"control","USA_TON",0.130580443939846,0.737628341791251,32,NA,NA,NA
"control","USA_TTO",0.0755464611024309,0.747420301891757,32,NA,NA,NA
"control","USA_TUN",0.139184202024992,1.00373203238179,32,NA,NA,NA
"control","USA_TUR",0.0518857965025311,0.920767429124907,32,NA,NA,NA
"control","USA_TWN",0.0974614048485175,1.15867392780859,32,NA,NA,NA
"control","USA_TZA",-0.312930227114955,1.35520853902482,32,NA,NA,NA
"control","USA_URY",-0.0570020908630339,0.933377336324065,32,NA,NA,NA
"control","USA_VCT",0.132638775560414,0.726024915360255,32,NA,NA,NA
"control","USA_VEN",-0.276966695638114,1.14948255565037,32,NA,NA,NA
"control","USA_WSM",0.0486700801600836,0.573228330113159,32,NA,NA,NA
"control","USA_ZAF",0.17499393986438,1.15462696142062,32,NA,NA,NA
"control","USA_ZMB",-0.291554514793202,0.788081435107262,32,NA,NA,NA
"control","USA_ZWE",0.467615001564197,0.720302637974705,32,NA,NA,NA
"control","VCT_AUT",-0.150519058419855,0.891487660090534,14,NA,NA,NA
"control","VCT_CAN",0.166955852431748,0.950518106344621,32,NA,NA,NA
"control","VCT_CHE",0.244254005106724,0.460648997062715,27,NA,NA,NA
"control","VCT_DEU",-0.339689992893354,0.954220129751797,19,NA,NA,NA
"control","VCT_FIN",0.108297170361041,1.74367061974199,14,NA,NA,NA
"control","VCT_GBR",-0.0186771983283804,0.659133799352416,19,NA,NA,NA
"control","VCT_GRC",-0.291346036564001,1.13143834713087,19,NA,NA,NA
"control","VCT_ITA",0.0574258954904852,1.15141998170987,19,NA,NA,NA
"control","VCT_JPN",-0.344409855083326,0.656809921364675,31,NA,NA,NA
"control","VCT_USA",-0.0171595454779087,0.905612911653,32,NA,NA,NA
"control","VEN_AUS",-0.0178540400068417,0.784788567332892,32,NA,NA,NA
"control","VEN_AUT",0.0393403308933776,1.0624490088039,32,NA,NA,NA
"control","VEN_CAN",-0.288220274902477,1.00397361704101,32,NA,NA,NA
"control","VEN_CHE",-0.289592034659222,1.13998952721942,32,NA,NA,NA
"control","VEN_CHN",0.227352624050649,0.807644751494014,29,NA,NA,NA
"control","VEN_DEU",-0.0631809651146726,1.20305622107758,32,NA,NA,NA
"control","VEN_DNK",-0.189090287667895,1.02086630183901,32,NA,NA,NA
"control","VEN_ESP",-0.114324898180101,0.965712456876248,32,NA,NA,NA
"control","VEN_FIN",0.0350991864483394,1.43848707906032,32,NA,NA,NA
"control","VEN_FRA",0.238504542308402,1.08311161128819,32,NA,NA,NA
"control","VEN_GBR",0.0800947756069676,1.03697452449528,32,NA,NA,NA
"control","VEN_GLP",0.0745702624601374,1.2367402883116,10,NA,NA,NA
"control","VEN_GRC",-0.0694574174464553,0.582845641194053,32,NA,NA,NA
"control","VEN_GUY",-0.546644866369816,0.635138160866469,10,NA,NA,NA
"control","VEN_HUN",-0.134241449819822,0.728160195850769,29,NA,NA,NA
"control","VEN_IDN",-0.193127425546818,0.602988473646656,10,NA,NA,NA
"control","VEN_IND",-0.392461941638944,0.305501092562967,10,NA,NA,NA
"control","VEN_IRL",-0.121008528157526,0.519224500840991,32,NA,NA,NA
"control","VEN_ISL",-0.0390010344761977,2.03395439913366,31,NA,NA,NA
"control","VEN_ITA",-0.0365258357446685,1.0837518705154,32,NA,NA,NA
"control","VEN_JPN",-0.276554196042967,0.82321330961326,32,NA,NA,NA
"control","VEN_KOR",0.176730280725234,1.01781734292177,10,NA,NA,NA
"control","VEN_MAR",0.137618110659038,1.75894025141064,8,NA,NA,NA
"control","VEN_MLT",0.195591354906443,0.600811756473757,24,NA,NA,NA
"control","VEN_MTQ",0.2963187637183,1.24531248629398,10,NA,NA,NA
"control","VEN_MYS",0.0809766222834807,0.915170116736753,10,NA,NA,NA
"control","VEN_NLD",0.118316690124596,0.65992278855987,32,NA,NA,NA
"control","VEN_NOR",0.119252197703209,1.47950606695653,32,NA,NA,NA
"control","VEN_POL",0.670239766600094,1.0590083966556,28,NA,NA,NA
"control","VEN_PRI",-0.243368912345035,0.336908501727164,8,NA,NA,NA
"control","VEN_PRT",-0.056819063293564,1.053284955481,32,NA,NA,NA
"control","VEN_SUR",0.249725136597591,1.0121241227141,31,NA,NA,NA
"control","VEN_SWE",0.0829299747444353,1.04072775649269,32,NA,NA,NA
"control","VEN_THA",0.417936509687217,0.333466572959165,10,NA,NA,NA
"control","VEN_TTO",0.641065443269645,0.667083400202564,10,NA,NA,NA
"control","VEN_TWN",-0.0861896623309013,1.38823438348981,32,NA,NA,NA
"control","VEN_USA",-0.302006953011517,0.890392624398701,32,NA,NA,NA
"control","VGB_AUS",0.0343050555434582,1.02607769188524,30,NA,NA,NA
"control","VGB_DEU",0.176202442235493,1.07247754045831,17,NA,NA,NA
"control","VGB_JPN",-0.149767687983099,0.971681674486858,29,NA,NA,NA
"control","VGB_KOR",-0.152042698613554,0.565446069550035,24,NA,NA,NA
"control","VGB_THA",0.281083208790418,0.808258202193859,28,NA,NA,NA
"control","VNM_AUS",-0.308786062515924,1.27244267551468,21,NA,NA,NA
"control","VNM_AUT",-0.184268008204302,0.820606068740409,32,NA,NA,NA
"control","VNM_BGR",-0.0826680157229071,1.32025699788722,26,NA,NA,NA
"control","VNM_CAN",-0.451806294658544,1.02434550121483,30,NA,NA,NA
"control","VNM_CHE",0.113768945277547,1.16545101217703,32,NA,NA,NA
"control","VNM_CHN",-0.426400200898176,1.29664120646675,16,NA,NA,NA
"control","VNM_DEU",-0.0749310993683122,0.741546472593804,32,NA,NA,NA
"control","VNM_DNK",0.0914579456145614,0.920086057729143,32,NA,NA,NA
"control","VNM_ESP",0.0117909981017587,0.814963568334289,32,NA,NA,NA
"control","VNM_FIN",0.195193793722385,1.50279197918955,32,NA,NA,NA
"control","VNM_FRA",0.00896627002577939,0.850392226227597,32,NA,NA,NA
"control","VNM_GBR",0.0822365115230806,0.874547002319246,32,NA,NA,NA
"control","VNM_GRC",-0.445753134991525,1.40751259714668,32,NA,NA,NA
"control","VNM_HUN",0.283111331104003,0.717732552746996,30,NA,NA,NA
"control","VNM_IRL",0.262678806096737,0.666107882028955,30,NA,NA,NA
"control","VNM_ISL",0.167310023954641,0.910676890595021,31,NA,NA,NA
"control","VNM_ITA",0.0698515323671399,1.58872819418939,32,NA,NA,NA
"control","VNM_JPN",-0.029552004607982,1.538162462618,19,NA,NA,NA
"control","VNM_NLD",-0.0666584238203634,0.979961171770044,32,NA,NA,NA
"control","VNM_NOR",0.0276558171418103,1.36069323823725,32,NA,NA,NA
"control","VNM_NZL",-0.0261654161040977,0.708414696340623,21,NA,NA,NA
"control","VNM_PRT",-0.105207221102946,0.981747779316031,32,NA,NA,NA
"control","VNM_SWE",0.393470611872434,1.1489245634019,32,NA,NA,NA
"control","VNM_TUR",0.0582855156821077,0.989121721610986,32,NA,NA,NA
"control","VUT_CHE",-0.310325975742018,1.27760314438956,24,NA,NA,NA
"control","VUT_DEU",-0.035398363243078,1.02583564427489,28,NA,NA,NA
"control","VUT_FRA",-0.183286217579033,1.29572666196028,32,NA,NA,NA
"control","VUT_ITA",-0.478776664831598,1.21048561162156,25,NA,NA,NA
"control","VUT_JPN",0.0603350814140039,0.587411904424242,32,NA,NA,NA
"control","VUT_KOR",0.138432029908538,0.602892498376811,32,NA,NA,NA
"control","VUT_SGP",0.183846353305706,1.1040788110022,26,NA,NA,NA
"control","VUT_USA",0.217772825718835,0.651324126651099,31,NA,NA,NA
"control","WSM_CHE",0.0723711830916255,1.00922868389138,25,NA,NA,NA
"control","WSM_DEU",0.0327689928950555,0.820802233539539,32,NA,NA,NA
"control","WSM_FRA",0.125068477946218,0.456773812781655,23,NA,NA,NA
"control","WSM_ITA",0.214697776444272,1.27050785530551,21,NA,NA,NA
"control","WSM_JPN",0.29483036507783,0.940346973744035,32,NA,NA,NA
"control","WSM_KOR",-0.030560104912858,1.53142854262209,28,NA,NA,NA
"control","WSM_THA",0.0953406078570126,1.01010983792147,26,NA,NA,NA
"control","WSM_USA",-0.405789852952609,0.803587651943704,32,NA,NA,NA
"control","YEM_CHE",0.160815997408731,1.03950042834096,31,NA,NA,NA
"control","YEM_DEU",-0.0736902988284828,1.41359224246068,31,NA,NA,NA
"control","YEM_GRC",-0.0511348442137596,1.04674520762993,28,NA,NA,NA
"control","YEM_IND",-0.071838305373559,1.05253551917646,31,NA,NA,NA
"control","YEM_JPN",0.320925064387213,0.920441597023745,31,NA,NA,NA
"control","YEM_KOR",0.143013952874386,0.700715757006262,31,NA,NA,NA
"control","YEM_PRT",-0.00187683725732857,0.909076285355323,25,NA,NA,NA
"control","ZAF_ARG",-0.0972470871662326,0.448841456105882,26,NA,NA,NA
"control","ZAF_AUS",-0.00145926457129161,0.594447841021437,32,NA,NA,NA
"control","ZAF_AUT",0.39780287573795,1.67794412649396,11,NA,NA,NA
"control","ZAF_BRA",0.201152657448005,1.47606323867765,26,NA,NA,NA
"control","ZAF_CAN",-0.160376674789527,1.24758857442314,31,NA,NA,NA
"control","ZAF_CHE",0.0741507634270771,0.668278576220352,19,NA,NA,NA
"control","ZAF_CHL",0.016218844387599,0.729430871269998,32,NA,NA,NA
"control","ZAF_COL",-0.175390769197692,0.59478917568475,31,NA,NA,NA
"control","ZAF_CRI",-0.437704855224398,1.01306568821662,28,NA,NA,NA
"control","ZAF_ECU",-0.0239327516744739,0.930661413580511,29,NA,NA,NA
"control","ZAF_EGY",-0.123739567029236,1.22686243290934,30,NA,NA,NA
"control","ZAF_ESP",0.000657943323659968,0.602510820729558,10,NA,NA,NA
"control","ZAF_FIN",0.246691025639968,0.751775080842314,9,NA,NA,NA
"control","ZAF_FRA",0.243763970047241,1.32936027554525,11,NA,NA,NA
"control","ZAF_GBR",-0.381081713117385,0.588489975904203,11,NA,NA,NA
"control","ZAF_GRC",-0.0717515658061893,0.670983629485317,10,NA,NA,NA
"control","ZAF_GTM",0.253458813043594,1.12617237134884,25,NA,NA,NA
"control","ZAF_IDN",0.111645020627639,1.04665399002995,28,NA,NA,NA
"control","ZAF_IRL",0.239283772811035,0.620791607077603,11,NA,NA,NA
"control","ZAF_ISL",0.464080908292472,1.00162089638808,16,NA,NA,NA
"control","ZAF_ITA",0.172088869157237,1.29505942952449,11,NA,NA,NA
"control","ZAF_JPN",-0.120918202995819,0.924620370138274,32,NA,NA,NA
"control","ZAF_LKA",0.0140995483784883,1.10434469145006,31,NA,NA,NA
"control","ZAF_MWI",0.142858350969895,0.959641373928012,8,NA,NA,NA
"control","ZAF_NLD",0.616160227958462,1.42787636347236,11,NA,NA,NA
"control","ZAF_PER",-0.345773637754191,1.19498526468188,29,NA,NA,NA
"control","ZAF_PRT",-0.598398391873839,1.28481068613063,11,NA,NA,NA
"control","ZAF_REU",-0.193849258636125,2.06482180476775,10,NA,NA,NA
"control","ZAF_SWE",-0.164699713794741,1.04153194949851,11,NA,NA,NA
"control","ZAF_TWN",-0.128045535802714,0.464016333774698,30,NA,NA,NA
"control","ZAF_URY",0.258835341919546,0.731560791299095,27,NA,NA,NA
"control","ZAF_USA",-0.0809617935954232,1.49493269113037,32,NA,NA,NA
"control","ZMB_AUS",-0.0732155642192023,1.01509765105262,32,NA,NA,NA
"control","ZMB_AUT",0.114330438500082,1.42942391152482,30,NA,NA,NA
"control","ZMB_CHE",-0.133082785128658,1.03993018788938,32,NA,NA,NA
"control","ZMB_DEU",0.181668351178346,1.3148149552319,32,NA,NA,NA
"control","ZMB_DNK",0.0347235120549719,0.797325939694676,32,NA,NA,NA
"control","ZMB_ESP",0.157610250300036,0.955300666929186,32,NA,NA,NA
"control","ZMB_FIN",-0.165678630750376,1.0280125764901,32,NA,NA,NA
"control","ZMB_FRA",0.0296668759298261,0.778568137229191,32,NA,NA,NA
"control","ZMB_FRO",-0.246101374120032,0.771072750569925,8,NA,NA,NA
"control","ZMB_GBR",0.0790438119494577,0.777849001820204,32,NA,NA,NA
"control","ZMB_GRC",-0.148032709033941,0.873625975311559,31,NA,NA,NA
"control","ZMB_IDN",0.287027916791758,1.46105846626803,32,NA,NA,NA
"control","ZMB_IND",-0.00044146751019666,1.12717476656278,32,NA,NA,NA
"control","ZMB_IRL",0.0187922885758418,1.03885147809806,32,NA,NA,NA
"control","ZMB_ISL",0.00794529772421232,0.743161079375731,30,NA,NA,NA
"control","ZMB_ITA",-0.0806767328554499,0.862004749979341,32,NA,NA,NA
"control","ZMB_JPN",-0.0445903867143978,0.752555710397145,32,NA,NA,NA
"control","ZMB_KOR",-0.062447708716919,0.957155270835671,32,NA,NA,NA
"control","ZMB_NLD",-0.0520331074179523,0.886223574379604,32,NA,NA,NA
"control","ZMB_NOR",0.135275314158126,1.24163275106054,32,NA,NA,NA
"control","ZMB_OMN",-0.111353079370967,1.89036343043961,20,NA,NA,NA
"control","ZMB_PRT",0.0864626733546605,0.695443025297813,32,NA,NA,NA
"control","ZMB_SAU",-0.117334986510276,0.450595644218085,31,NA,NA,NA
"control","ZMB_SWE",0.0685850125913952,1.52231768309407,32,NA,NA,NA
"control","ZMB_THA",0.170980072293876,1.33921088166692,32,NA,NA,NA
"control","ZMB_USA",0.0935425990161007,1.00913350913941,32,NA,NA,NA
"control","ZWE_AUS",-0.124358805261415,0.929526767737161,32,NA,NA,NA
"control","ZWE_AUT",0.132095023973955,0.860562039707562,23,NA,NA,NA
"control","ZWE_BGR",0.29388109702453,1.73750980065358,20,NA,NA,NA
"control","ZWE_CAN",-0.0177608208468012,1.04227231632377,32,NA,NA,NA
"control","ZWE_CHE",0.255285037388733,1.17739057894107,32,NA,NA,NA
"control","ZWE_CHN",0.0133780353898037,1.1056837379644,32,NA,NA,NA
"control","ZWE_DEU",0.186502467814532,0.417926473456049,23,NA,NA,NA
"control","ZWE_DNK",-0.125682597299097,1.71976699623698,23,NA,NA,NA
"control","ZWE_ESP",0.21079690715053,0.667831517660701,23,NA,NA,NA
"control","ZWE_FIN",0.274210452409572,1.05235490761042,23,NA,NA,NA
"control","ZWE_FRA",0.0334383589827545,1.52294224725841,23,NA,NA,NA
"control","ZWE_GBR",-0.0235956165001944,1.15584861117304,23,NA,NA,NA
"control","ZWE_GRC",0.220978788057574,1.1169927426493,23,NA,NA,NA
"control","ZWE_GTM",-0.00936479081577668,0.37012113036019,12,NA,NA,NA
"control","ZWE_HUN",0.113355186104045,1.03487584257767,22,NA,NA,NA
"control","ZWE_IRL",0.154551776358518,0.709424155993371,23,NA,NA,NA
"control","ZWE_ISL",-0.212631974475964,1.04252760525875,32,NA,NA,NA
"control","ZWE_ITA",-0.393204962330916,0.64272734981785,23,NA,NA,NA
"control","ZWE_JOR",-0.148542442984842,0.907779722286432,29,NA,NA,NA
"control","ZWE_JPN",0.289674063341383,0.771646292848169,32,NA,NA,NA
"control","ZWE_NLD",-0.250731142505081,1.16874306252194,23,NA,NA,NA
"control","ZWE_NOR",0.185480293532976,0.707507231971827,32,NA,NA,NA
"control","ZWE_NZL",0.0305949077646872,0.616964409463977,32,NA,NA,NA
"control","ZWE_OMN",0.174252124284544,1.24396381660273,27,NA,NA,NA
"control","ZWE_PRT",-0.311652825842199,0.859551618626822,23,NA,NA,NA
"control","ZWE_REU",0.207125472554687,1.49757471053634,11,NA,NA,NA
"control","ZWE_SWE",-0.126083543445324,1.57311642115095,23,NA,NA,NA
"control","ZWE_TWN",-0.0326228574223881,1.3548500186791,32,NA,NA,NA
"control","ZWE_USA",-0.105337922036213,0.823668241502939,32,NA,NA,NA
"control","AFG_BRA",-0.109997358155868,0.980473521582114,26,NA,NA,NA
"control","AFG_CAN",0.109226053596445,0.663861770638223,31,NA,NA,NA
"control","AFG_CYP",-0.115478492872385,1.28317526168248,27,NA,NA,NA
"control","AFG_EGY",0.0891161008982056,1.00262653237307,28,NA,NA,NA
"control","AFG_ESP",0.227052102746431,0.968280589168463,31,NA,NA,NA
"control","AFG_MAR",0.355584300400113,0.769618068825334,18,NA,NA,NA
"control","AFG_MYS",0.0298637906827862,1.2689248548621,30,NA,NA,NA
"control","AGO_BRA",-0.110994132386464,0.827554077327931,31,NA,NA,NA
"control","AGO_CAN",-0.0673612143084766,0.656569079272996,30,NA,NA,NA
"control","AGO_CHN",0.175034226172626,1.05401150451423,30,NA,NA,NA
"control","AGO_DNK",-0.0542228312701343,1.33544545785367,28,NA,NA,NA
"control","AGO_GRC",0.117991583705387,1.06693855796166,18,NA,NA,NA
"control","AGO_IDN",0.0646184561922849,1.30665689990141,25,NA,NA,NA
"control","AGO_THA",0.00575887047772232,1.31671451440445,30,NA,NA,NA
"control","AGO_TUR",0.390637300270756,0.587963611775298,22,NA,NA,NA
"control","AGO_USA",-0.071108148350563,0.924712801359876,31,NA,NA,NA
"control","ALB_CAN",0.0926304684340706,0.923499265177001,31,NA,NA,NA
"control","ALB_DNK",-0.138128049691946,0.798635635554282,16,NA,NA,NA
"control","ALB_FIN",0.456683219925926,1.36485292148101,16,NA,NA,NA
"control","ALB_ISL",-0.0485581309455041,0.956849556268123,15,NA,NA,NA
"control","ALB_NZL",-0.0408960574156829,1.43702143127017,31,NA,NA,NA
"control","ALB_ROU",0.319681316964524,1.15276458984318,14,NA,NA,NA
"control","ALB_THA",-0.100330654006279,0.701068698319987,31,NA,NA,NA
"control","AND_BRA",0.0932016041566465,1.25944612810507,29,NA,NA,NA
"control","ANT_BRA",0.0194475654980147,0.737493205994841,22,NA,NA,NA
"control","ANT_CAN",-0.314109928402808,0.924180861755991,22,NA,NA,NA
"control","ANT_KOR",-0.147731615130056,1.1070525647499,15,NA,NA,NA
"control","ANT_MYS",0.334427722995619,0.779301839001442,19,NA,NA,NA
"control","ANT_SGP",0.181042017863787,1.00926129334887,22,NA,NA,NA
"control","ANT_THA",0.36734751835406,1.37395863510996,22,NA,NA,NA
"control","ANT_TUR",0.107132878225528,0.914835726597008,20,NA,NA,NA
"control","ARE_BGD",-0.0488525373374291,1.22607496575218,28,NA,NA,NA
"control","ARE_BRA",0.0815192020700619,0.855419285523728,31,NA,NA,NA
"control","ARE_CYP",0.151742800743921,1.23804683208595,31,NA,NA,NA
"control","ARE_DNK",-0.22165568313137,0.663634004539057,31,NA,NA,NA
"control","ARE_DZA",0.401483795329661,1.5980615430816,18,NA,NA,NA
"control","ARE_FJI",-0.124247491006413,0.943320435482917,19,NA,NA,NA
"control","ARE_MEX",0.173582561039212,0.877653098859485,31,NA,NA,NA
"control","ARE_NOR",-0.250202759470486,1.48626409455239,24,NA,NA,NA
"control","ARE_NZL",-0.150884759825674,1.42123252622859,31,NA,NA,NA
"control","ARE_PAK",-0.160587956082567,1.31316065451485,31,NA,NA,NA
"control","ARG_BRN",0.101258057047955,0.914503503176807,31,NA,NA,NA
"control","ARG_DJI",0.0436989280227789,0.70166064603445,30,NA,NA,NA
"control","ARG_FRO",-0.228385756596978,1.13552733734741,16,NA,NA,NA
"control","ARG_MAC",0.145404069505168,0.939495150849868,29,NA,NA,NA
"control","ARG_OMN",-0.214546481789292,0.678382448428713,31,NA,NA,NA
"control","ARG_PRI",0.0313796968573219,0.539445467248677,10,NA,NA,NA
"control","ATG_DNK",-0.374671011720685,1.03656638759194,17,NA,NA,NA
"control","ATG_ESP",0.641743817537659,1.06056808141506,17,NA,NA,NA
"control","ATG_NZL",0.567668294639629,1.62344947492949,22,NA,NA,NA
"control","ATG_TUR",0.0138104663980489,0.876139804094228,27,NA,NA,NA
"control","AUS_ATF",0.0689000511501418,0.840209351384902,16,NA,NA,NA
"control","AUS_CAF",0.315625731955859,1.1404505153382,31,NA,NA,NA
"control","AUS_CYM",0.124122400537099,1.07065269164962,31,NA,NA,NA
"control","AUS_FLK",0.168950641839717,0.887144556821438,31,NA,NA,NA
"control","AUS_HND",-0.201207120866893,1.63876305199291,31,NA,NA,NA
"control","AUS_HTI",-0.05805461977193,0.822860445997405,31,NA,NA,NA
"control","AUS_SUR",0.240704500623387,1.79035192276258,29,NA,NA,NA
"control","AUS_WLF",0.264165870092401,1.12608104588594,31,NA,NA,NA
"control","AUT_BGD",0.169962523988493,0.532372727903946,31,NA,NA,NA
"control","AUT_GTM",0.23667846734906,0.836030975985324,20,NA,NA,NA
"control","AUT_IRQ",-0.234101578246651,0.964299065900071,27,NA,NA,NA
"control","AUT_LKA",0.0827694418175264,1.07050609243965,31,NA,NA,NA
"control","AUT_MEX",0.302936410168671,1.0942872268318,10,NA,NA,NA
"control","AUT_PAK",-0.146501489351166,1.02450448088569,31,NA,NA,NA
"control","AUT_PRY",0.107402678126234,0.9008149149491,31,NA,NA,NA
"control","AUT_RWA",-0.0394183661467395,0.553980952667641,30,NA,NA,NA
"control","AUT_URY",0.0460294734088931,1.30114703002802,28,NA,NA,NA
"control","BDI_IND",0.329329046732869,0.679878252075019,25,NA,NA,NA
"control","BDI_PAK",0.109635668769441,0.537561325047031,31,NA,NA,NA
"control","BEN_AUS",0.145223462756073,0.697473658294203,17,NA,NA,NA
"control","BEN_CHN",-0.118149904827833,0.865151562593922,30,NA,NA,NA
"control","BEN_DNK",0.0883216115908871,1.41022328441149,30,NA,NA,NA
"control","BEN_USA",0.00177746853333831,0.988260145550763,31,NA,NA,NA
"control","BFA_CAN",-0.264207815838148,1.29692165070498,31,NA,NA,NA
"control","BFA_CHN",-0.139887292613852,0.698481282356108,29,NA,NA,NA
"control","BFA_CYP",0.013204515683079,0.670779027967013,10,NA,NA,NA
"control","BFA_DNK",0.0411919942614157,1.04064653616834,31,NA,NA,NA
"control","BFA_IDN",0.0179801143169998,1.02615523170877,31,NA,NA,NA
"control","BFA_SWE",0.188758415932727,0.926870531969869,31,NA,NA,NA
"control","BFA_TUR",0.184957274840386,0.684561463103955,29,NA,NA,NA
"control","BFA_USA",0.270327308720919,0.738422936863586,30,NA,NA,NA
"control","BGD_AFG",0.0473446647157403,1.55709894120271,20,NA,NA,NA
"control","BGD_AGO",0.156148370674218,1.03844232972083,27,NA,NA,NA
"control","BGD_ALB",0.149757102133812,1.51840964182557,24,NA,NA,NA
"control","BGD_ARE",-0.0654866207868392,0.870775849092101,30,NA,NA,NA
"control","BGD_BHR",-0.302350344502249,0.827169419478952,30,NA,NA,NA
"control","BGD_BHS",-0.0135967724358932,1.08095581413646,17,NA,NA,NA
"control","BGD_COG",-0.128994867144941,1.07300470157866,28,NA,NA,NA
"control","BGD_CYP",0.247326844283347,1.15091545221842,31,NA,NA,NA
"control","BGD_DNK",-0.145983770035481,1.09922709287404,31,NA,NA,NA
"control","BGD_DOM",0.0351077778433293,1.03619115458079,26,NA,NA,NA
"control","BGD_GAB",0.109439816031106,0.73996969010941,20,NA,NA,NA
"control","BGD_GIB",-0.345415382347871,1.39843224196599,17,NA,NA,NA
"control","BGD_HND",0.0313388628127742,1.50530482600102,31,NA,NA,NA
"control","BGD_JAM",-0.00651723624859989,1.19971518870683,31,NA,NA,NA
"control","BGD_JOR",-0.197036841188929,1.09353737427982,31,NA,NA,NA
"control","BGD_KWT",0.102533845139183,1.36100557215326,31,NA,NA,NA
"control","BGD_LBN",-0.285404536750375,0.828931207217134,31,NA,NA,NA
"control","BGD_LBR",-0.315895586933082,0.739126618556574,21,NA,NA,NA
"control","BGD_MLI",-0.150658159466423,1.03721785768843,23,NA,NA,NA
"control","BGD_MLT",0.124333602143439,0.835752965362996,31,NA,NA,NA
"control","BGD_MWI",0.285241085534186,0.880326201016729,28,NA,NA,NA
"control","BGD_NOR",-0.194702902399886,0.827438505663088,31,NA,NA,NA
"control","BGD_OMN",-0.0949320854206229,0.888304138407405,30,NA,NA,NA
"control","BGD_PAN",-0.344852159832476,1.2491165946415,28,NA,NA,NA
"control","BGD_PNG",-0.0743944013795197,1.05330350766816,25,NA,NA,NA
"control","BGD_POL",0.11645553671955,1.06386947627189,31,NA,NA,NA
"control","BGD_QAT",-0.0635236490156425,0.727208869781349,30,NA,NA,NA
"control","BGD_RWA",-0.111410640606445,0.950452112600317,25,NA,NA,NA
"control","BGD_SAU",0.290861155844131,0.87893387605123,31,NA,NA,NA
"control","BGD_SEN",-0.199470968598152,0.768199759261034,28,NA,NA,NA
"control","BGD_SLE",0.0924856850749085,0.562474134321466,28,NA,NA,NA
"control","BGD_SWE",0.178542711550565,0.925667544934416,31,NA,NA,NA
"control","BGD_SYR",0.0349612200044103,1.32351097449751,25,NA,NA,NA
"control","BGD_TGO",0.0886644222411379,1.08031866179844,31,NA,NA,NA
"control","BGD_UGA",-0.00260288583857495,0.819126775624903,30,NA,NA,NA
"control","BGD_YEM",0.395539513798003,1.35313415103708,27,NA,NA,NA
"control","BGD_ZMB",-0.0150341646936473,0.745629983494829,30,NA,NA,NA
"control","BGR_BRA",0.212476303994858,1.28317025647664,31,NA,NA,NA
"control","BGR_CHN",0.0365945550499936,1.21639497327132,30,NA,NA,NA
"control","BGR_CRI",0.313924651688582,0.512040610694104,19,NA,NA,NA
"control","BGR_FRO",0.663901995748598,0.640857374184744,12,NA,NA,NA
"control","BGR_IDN",0.299566854237878,1.01794383132818,31,NA,NA,NA
"control","BGR_OMN",-0.210002664352196,0.971231644308201,31,NA,NA,NA
"control","BGR_PAK",0.247887683734496,0.746037225951866,25,NA,NA,NA
"control","BGR_PRY",0.0909498803885709,0.783273459887629,29,NA,NA,NA
"control","BGR_TUR",0.0985235438027779,2.21361026050588,9,NA,NA,NA
"control","BHR_BGD",-0.244974276205619,1.14310746486034,29,NA,NA,NA
"control","BHR_CAN",0.0788522952602158,1.07638350687854,31,NA,NA,NA
"control","BHR_CHN",-0.08089978318517,1.17740863178294,29,NA,NA,NA
"control","BHR_CYP",-0.0734664896210806,0.969005514002241,31,NA,NA,NA
"control","BHR_DNK",-0.188950970923739,0.812141845594647,31,NA,NA,NA
"control","BHR_ESP",-0.134663079513565,0.947001553943063,31,NA,NA,NA
"control","BHR_IDN",0.0324699223241526,0.977738746750127,31,NA,NA,NA
"control","BHR_MEX",-0.0255773882657705,1.04077347240605,31,NA,NA,NA
"control","BHR_MYS",-0.0508992591281121,0.835309763393361,31,NA,NA,NA
"control","BHR_PAK",-0.391942603778706,0.882136192236206,28,NA,NA,NA
"control","BHR_SGP",-0.167491807149818,0.569787388908385,23,NA,NA,NA
"control","BHR_TTO",0.296103810850135,1.10317646674304,18,NA,NA,NA
"control","BHS_AUT",-0.315815741840108,0.969842574001038,16,NA,NA,NA
"control","BHS_BRA",0.340570695757752,1.30714447426922,31,NA,NA,NA
"control","BHS_CYP",0.273112169154434,1.24417940501238,17,NA,NA,NA
"control","BHS_FRO",0.544873761173156,1.32930479949579,10,NA,NA,NA
"control","BHS_IDN",0.298766398075741,0.970359872741665,29,NA,NA,NA
"control","BHS_MYS",0.420706109254846,0.727183981196319,30,NA,NA,NA
"control","BHS_NLD",-0.230207510095026,0.526893137239661,17,NA,NA,NA
"control","BHS_NZL",0.0458885777924347,0.767069984670712,31,NA,NA,NA
"control","BHS_OMN",0.105418391162348,0.956381295582431,10,NA,NA,NA
"control","BHS_SGP",-0.0897136288883969,1.20061620329799,31,NA,NA,NA
"control","BHS_TUR",0.170710741773689,0.698312851579772,31,NA,NA,NA
"control","BLZ_CHE",-0.0434218245584921,0.851976838983665,30,NA,NA,NA
"control","BLZ_KOR",-0.520199427027593,1.09867215018318,30,NA,NA,NA
"control","BLZ_MEX",-0.0616253602746755,0.631039745674109,31,NA,NA,NA
"control","BLZ_SAU",0.229668509510457,0.640961199762439,17,NA,NA,NA
"control","BMU_BRA",-0.129829212656575,0.8988783654678,29,NA,NA,NA
"control","BMU_CAN",0.0570442707711593,1.04276149966324,31,NA,NA,NA
"control","BMU_NZL",-0.0123340927433543,0.940522114365027,31,NA,NA,NA
"control","BMU_SGP",-0.131882634281543,0.524300479286649,28,NA,NA,NA
"control","BMU_THA",-0.122015551770513,0.922750102759228,27,NA,NA,NA
"control","BOL_ARE",-0.375824082517061,1.01012317075875,27,NA,NA,NA
"control","BOL_CRI",-0.236301726297405,0.785206777763744,29,NA,NA,NA
"control","BOL_JOR",0.194668962695725,0.947447034916153,22,NA,NA,NA
"control","BOL_NOR",0.482209809571302,0.732598558009588,29,NA,NA,NA
"control","BOL_NZL",-0.0301881726274662,1.22281497418928,31,NA,NA,NA
"control","BOL_SWE",0.0923675327150986,0.878414312619745,30,NA,NA,NA
"control","BOL_TUR",-0.0483678705715449,0.814445031791876,29,NA,NA,NA
"control","BRA_AIA",-0.379774597593352,1.17759252074896,27,NA,NA,NA
"control","BRA_ALB",0.271937544722836,0.986071683540918,28,NA,NA,NA
"control","BRA_AND",-0.260183311507206,1.32046949786525,30,NA,NA,NA
"control","BRA_ANT",-0.0153549507447811,0.957051376640173,22,NA,NA,NA
"control","BRA_ATG",0.283506899525715,0.93350067779547,31,NA,NA,NA
"control","BRA_BDI",0.121618884481367,0.720485591719684,31,NA,NA,NA
"control","BRA_BFA",0.163332679977424,0.893505824848495,31,NA,NA,NA
"control","BRA_BHS",-0.177956713884905,0.990572651259168,31,NA,NA,NA
"control","BRA_BMU",-0.016917875018773,1.02217290928627,31,NA,NA,NA
"control","BRA_BRN",-0.241439665202931,0.717977411106489,31,NA,NA,NA
"control","BRA_BTN",-0.495325687848107,2.64483448558086,12,NA,NA,NA
"control","BRA_COD",-0.0603220629547416,1.02855562349647,31,NA,NA,NA
"control","BRA_CYM",0.163999912125062,1.0504663896737,31,NA,NA,NA
"control","BRA_DJI",0.143010587273451,0.84899609623639,31,NA,NA,NA
"control","BRA_DMA",0.201241954594752,1.05187304415532,31,NA,NA,NA
"control","BRA_FRO",0.112177115515238,0.809510462709492,27,NA,NA,NA
"control","BRA_GIB",0.0701643943928962,1.18099541569224,31,NA,NA,NA
"control","BRA_GNB",-0.18759931709631,1.1432704297119,31,NA,NA,NA
"control","BRA_GNQ",0.170753203557828,1.19291240044572,31,NA,NA,NA
"control","BRA_LAO",-0.227552772977954,0.772596979454956,27,NA,NA,NA
"control","BRA_MAC",-0.246136782743667,1.25547367090097,31,NA,NA,NA
"control","BRA_MDG",0.00673675499079249,0.781232911706687,31,NA,NA,NA
"control","BRA_MLI",0.155500504928231,1.26146311778523,31,NA,NA,NA
"control","BRA_MSR",0.121035567481906,0.852067204417062,31,NA,NA,NA
"control","BRA_MUS",-0.0190946938138091,0.922089754552684,31,NA,NA,NA
"control","BRA_MWI",0.288445521906911,1.25679988949419,31,NA,NA,NA
"control","BRA_NER",-0.0723820878161498,0.927740556158424,31,NA,NA,NA
"control","BRA_NFK",-0.0507845293295337,1.32527637992206,20,NA,NA,NA
"control","BRA_NPL",-0.162916205640358,1.24872379649945,31,NA,NA,NA
"control","BRA_PYF",-0.211253736496747,1.29638209424298,31,NA,NA,NA
"control","BRA_SLB",-0.325933823586368,1.00476047095441,23,NA,NA,NA
"control","BRA_SLE",-0.18638817626149,0.862849822395905,31,NA,NA,NA
"control","BRA_SOM",0.191257756875798,0.847487078840371,30,NA,NA,NA
"control","BRA_STP",-0.159267409364859,0.568958240075412,29,NA,NA,NA
"control","BRA_SYC",0.0129814716364417,0.962285255146416,31,NA,NA,NA
"control","BRA_TCA",-0.226995713212175,0.79601874573998,30,NA,NA,NA
"control","BRA_TCD",-0.0563724239321196,1.01777042520492,30,NA,NA,NA
"control","BRA_TGO",0.148355795555331,0.612074771735163,31,NA,NA,NA
"control","BRA_UGA",0.0568482136022764,0.741112356423378,31,NA,NA,NA
"control","BRA_VGB",0.298824033804748,1.1920857893159,31,NA,NA,NA
"control","BRA_VUT",-0.245839573460278,0.690435851765149,25,NA,NA,NA
"control","BRA_YEM",0.0548025199714316,1.01782051549464,30,NA,NA,NA
"control","BRA_ZMB",0.309096598073403,0.841380650447669,31,NA,NA,NA
"control","BRB_BRA",-0.108555900607059,1.12754318067152,30,NA,NA,NA
"control","BRB_DNK",0.140507682662824,0.631310076948176,18,NA,NA,NA
"control","BRB_ESP",-0.254348121334143,0.524338839524591,18,NA,NA,NA
"control","BRB_KOR",-0.248496348069506,1.08675750179516,30,NA,NA,NA
"control","BRB_MEX",0.155817811041673,1.49533418337021,31,NA,NA,NA
"control","BRB_POL",0.437321347873621,0.559372812386983,8,NA,NA,NA
"control","BRB_SWE",-0.194027700454941,0.553189652026763,18,NA,NA,NA
"control","BRN_BGD",-0.0748295090188528,1.53010730428092,23,NA,NA,NA
"control","BRN_CAN",0.0703656013184576,0.974435192044285,31,NA,NA,NA
"control","BRN_CYP",-0.446368466395839,0.826364714719474,19,NA,NA,NA
"control","BRN_DNK",0.105625684231315,0.726689605790755,31,NA,NA,NA
"control","BRN_ESP",0.0760810657224269,0.914084012052414,31,NA,NA,NA
"control","BRN_FRA",0.00725273053035183,0.919016807148596,27,NA,NA,NA
"control","BRN_GBR",-0.19129265951925,0.765594784961651,30,NA,NA,NA
"control","BRN_GRC",0.086389766571407,1.17782899470903,17,NA,NA,NA
"control","BRN_MEX",0.329492637616684,1.26465534336476,30,NA,NA,NA
"control","BRN_PAK",-0.0232599717977551,0.47882221327863,29,NA,NA,NA
"control","BTN_CAN",0.0348932316681159,0.86625774842564,25,NA,NA,NA
"control","BTN_FIN",-0.130370798500797,0.449130375913095,14,NA,NA,NA
"control","BTN_GRC",-0.386831750161111,0.810861234216472,9,NA,NA,NA
"control","BTN_JPN",0.0742101382636463,0.965664042182717,31,NA,NA,NA
"control","BTN_MYS",0.0105738319633615,0.953351379938473,24,NA,NA,NA
"control","BTN_THA",-0.229250235880322,0.825253058987145,29,NA,NA,NA
"control","BWA_AUS",0.215647856349272,0.917105114695718,21,NA,NA,NA
"control","BWA_SAU",-0.00963705831069862,0.412276732893071,21,NA,NA,NA
"control","CAF_BGD",-0.0276096392189157,0.811536542682322,22,NA,NA,NA
"control","CAF_CHN",-0.126389380620604,0.87670725923714,29,NA,NA,NA
"control","CAF_DNK",0.0312649768875711,0.835159169117848,28,NA,NA,NA
"control","CAF_IDN",0.0631508425002987,0.905864812236196,31,NA,NA,NA
"control","CAF_IRL",0.393510497491323,0.665507783218355,30,NA,NA,NA
"control","CAF_NOR",0.135358972424329,0.767958353714898,13,NA,NA,NA
"control","CAF_PAK",-0.361325005267488,0.501099693532728,19,NA,NA,NA
"control","CAF_PER",-0.240586435280089,0.797891197272461,18,NA,NA,NA
"control","CAF_ROU",-0.195548007006478,1.04106015659785,19,NA,NA,NA
"control","CAF_TUN",-0.122245226432453,1.11717540101807,29,NA,NA,NA
"control","CAF_TUR",-0.285465609710333,0.884435922301744,27,NA,NA,NA
"control","CAN_AFG",-0.178100605936511,1.25574528684405,31,NA,NA,NA
"control","CAN_AIA",0.212353563425361,0.87383833196516,31,NA,NA,NA
"control","CAN_ANT",-0.45098097461832,0.767489959294648,22,NA,NA,NA
"control","CAN_ATF",0.0946363905026994,1.10609705629768,25,NA,NA,NA
"control","CAN_BDI",0.129427662978106,0.849458358241232,31,NA,NA,NA
"control","CAN_BEN",0.00184689561819013,1.04802852756428,31,NA,NA,NA
"control","CAN_BFA",0.0059002729229164,0.955312922748472,31,NA,NA,NA
"control","CAN_BMU",0.031754041344009,1.14770390841176,31,NA,NA,NA
"control","CAN_BRN",-0.0726982660191019,0.848848489494533,31,NA,NA,NA
"control","CAN_BTN",-0.107250645276184,1.05036637340352,26,NA,NA,NA
"control","CAN_CAF",0.166003994540462,0.900064800851744,31,NA,NA,NA
"control","CAN_COG",-0.22420287277221,0.866297353821465,31,NA,NA,NA
"control","CAN_COK",0.168364021995996,0.872430693247226,28,NA,NA,NA
"control","CAN_COM",0.273680841296742,0.880456994896171,29,NA,NA,NA
"control","CAN_CYM",-0.391083175242399,1.10977083049557,31,NA,NA,NA
"control","CAN_DJI",0.00846053149418154,1.07298576033141,31,NA,NA,NA
"control","CAN_ESH",0.0673403945877332,1.21406829143387,17,NA,NA,NA
"control","CAN_GIB",-0.0184666968935238,1.58386673184071,30,NA,NA,NA
"control","CAN_GMB",0.122767539904931,1.07565696402716,31,NA,NA,NA
"control","CAN_GNB",0.232352752085908,1.18598834911794,31,NA,NA,NA
"control","CAN_GNQ",-0.137323980977004,0.871921019406843,25,NA,NA,NA
"control","CAN_GRL",0.0156910928087652,1.14840351815416,31,NA,NA,NA
"control","CAN_GUY",-0.0213497612854725,0.830037936623311,31,NA,NA,NA
"control","CAN_KHM",0.126916109054955,1.00675747771555,31,NA,NA,NA
"control","CAN_LBR",0.189717715373713,0.67487580139806,31,NA,NA,NA
"control","CAN_MAC",0.266385941514129,1.32981907694714,31,NA,NA,NA
"control","CAN_MDG",0.132716883440394,0.633862765794611,31,NA,NA,NA
"control","CAN_MDV",-0.235710319581192,0.944060512465645,29,NA,NA,NA
"control","CAN_MSR",-0.156676365851674,0.917070185552211,31,NA,NA,NA
"control","CAN_MWI",0.235727716906383,1.0145128177034,31,NA,NA,NA
"control","CAN_NRU",0.471724845721598,1.2797113693797,23,NA,NA,NA
"control","CAN_PCN",-0.116142848923153,0.773206745645703,24,NA,NA,NA
"control","CAN_PNG",0.105274719346562,1.13047860154232,31,NA,NA,NA
"control","CAN_ROU",0.0568270738245981,1.29506263739999,27,NA,NA,NA
"control","CAN_SHN",0.053976611564927,1.12641576369618,24,NA,NA,NA
"control","CAN_SLE",0.0849657862664386,1.03438157903363,31,NA,NA,NA
"control","CAN_SPM",0.174079183179582,1.25137286470272,31,NA,NA,NA
"control","CAN_STP",0.0313685646095048,1.59982720800401,31,NA,NA,NA
"control","CAN_SYC",-0.0490367070723028,0.704392719938609,31,NA,NA,NA
"control","CAN_TCA",-0.141724739312089,0.698154079810124,31,NA,NA,NA
"control","CAN_TCD",-0.144882205237378,1.02119419084084,30,NA,NA,NA
"control","CAN_TON",0.126831502128133,1.04491154464983,31,NA,NA,NA
"control","CAN_VGB",-0.0734731991405114,0.83733293639216,31,NA,NA,NA
"control","CAN_WLF",0.198543324740894,0.770074778372797,20,NA,NA,NA
"control","CAN_WSM",-0.0300564297464811,0.970483415735362,31,NA,NA,NA
"control","CCK_DNK",-0.452811862046033,1.09293875148652,20,NA,NA,NA
"control","CHE_FLK",-0.0846989002058273,0.605421118155551,26,NA,NA,NA
"control","CHE_SHN",0.00775144704967663,1.08245556486334,28,NA,NA,NA
"control","CHL_ALB",-0.310623782418446,0.567163700563728,28,NA,NA,NA
"control","CHL_BDI",-0.264494616657241,1.50754258966528,13,NA,NA,NA
"control","CHL_BLZ",0.278757002372598,1.28254204464594,30,NA,NA,NA
"control","CHL_CYP",0.200409832990279,0.825581701402992,14,NA,NA,NA
"control","CHL_DMA",-0.184468914633348,0.907719996591407,31,NA,NA,NA
"control","CHL_FRO",0.661108412526578,1.03902107486138,16,NA,NA,NA
"control","CHL_GMB",0.0474150780382052,0.947918050768779,16,NA,NA,NA
"control","CHL_HUN",0.0370251738500166,0.714121635983011,14,NA,NA,NA
"control","CHL_KHM",0.104083660604143,1.59641313760934,27,NA,NA,NA
"control","CHL_MAC",0.133497042717825,1.00956767867517,31,NA,NA,NA
"control","CHL_NPL",0.00749483564736775,0.884569809978407,28,NA,NA,NA
"control","CHL_OMN",0.0238909073879679,0.655270377737768,31,NA,NA,NA
"control","CHL_POL",-0.123381213441043,0.651268600567085,14,NA,NA,NA
"control","CHL_PYF",0.133979999213833,1.23193308685167,27,NA,NA,NA
"control","CHL_SEN",-0.187344232085756,0.96188681891756,30,NA,NA,NA
"control","CHL_SUR",-0.185467911684905,0.552600265782524,29,NA,NA,NA
"control","CHL_SYC",0.264631003041067,1.35034950992553,23,NA,NA,NA
"control","CHN_AGO",0.0908680087540694,0.886010472313912,31,NA,NA,NA
"control","CHN_BTN",-0.0469555204489043,1.10493055965378,29,NA,NA,NA
"control","CHN_CAF",0.222084076249658,0.909296488300818,31,NA,NA,NA
"control","CHN_COD",0.0485898993646719,0.691338675085965,29,NA,NA,NA
"control","CHN_COK",0.0079440385560866,1.16708379983125,29,NA,NA,NA
"control","CHN_FRO",0.52172728234182,1.6164051666758,26,NA,NA,NA
"control","CHN_GNB",0.116350487017695,1.23767389647117,29,NA,NA,NA
"control","CHN_MWI",0.0442966090735574,1.03446451200002,30,NA,NA,NA
"control","CHN_NIC",0.0812439379464222,1.58353318389482,31,NA,NA,NA
"control","CHN_WSM",0.0230821123398876,0.862210130540398,30,NA,NA,NA
"control","CIV_CYP",0.329161399455101,1.88870152323188,26,NA,NA,NA
"control","CIV_ISR",-0.0992837783670769,0.96333120489382,26,NA,NA,NA
"control","CMR_CAF",0.0503517190908594,1.65962148136732,8,NA,NA,NA
"control","CMR_CYP",-0.0432335009037285,0.738638858822616,22,NA,NA,NA
"control","CMR_IRL",0.0913304536257821,1.16703760955327,23,NA,NA,NA
"control","CMR_LBR",-0.10579467929678,1.2761257024167,18,NA,NA,NA
"control","CMR_NZL",0.0549606423473119,1.32367469190361,30,NA,NA,NA
"control","CMR_SLE",-0.391036753277029,1.02902884423771,17,NA,NA,NA
"control","COD_CYP",-0.0586200107638386,0.668344716478924,30,NA,NA,NA
"control","COD_MYS",-0.103669447732715,0.786939882337573,31,NA,NA,NA
"control","COD_PAK",-0.232093834147864,1.01613639449513,30,NA,NA,NA
"control","COD_ROU",-0.311977921242816,1.25910069713717,28,NA,NA,NA
"control","COD_TUN",0.188021133899529,0.920984243532063,23,NA,NA,NA
"control","COG_AUS",-0.225546608076506,1.03115402210643,29,NA,NA,NA
"control","COG_CHN",0.0235075976140203,0.939073080279716,29,NA,NA,NA
"control","COG_CYP",-0.178169432152699,0.627233857311438,22,NA,NA,NA
"control","COG_DNK",0.0595424712380287,0.722351625010157,31,NA,NA,NA
"control","COG_NZL",0.465320156012756,0.94125334196195,23,NA,NA,NA
"control","COG_TUR",0.0428825152679067,0.735819142780695,31,NA,NA,NA
"control","COK_CAN",0.43850695521454,0.714832979029279,27,NA,NA,NA
"control","COK_CYP",-0.34498065555801,0.591270292884912,10,NA,NA,NA
"control","COK_DNK",-0.711019713405538,0.988274404170519,23,NA,NA,NA
"control","COK_PRT",-0.776772323111553,1.66145039218401,9,NA,NA,NA
"control","COL_AFG",0.321658567381707,1.46887699770746,19,NA,NA,NA
"control","COL_BHR",-0.0411889592994451,1.27520480484515,26,NA,NA,NA
"control","COL_CYP",0.0478173644395196,1.16863967065378,23,NA,NA,NA
"control","COL_HND",-0.25028283348235,1.2571600356852,20,NA,NA,NA
"control","COM_KOR",-0.0491969873030362,1.04689635716941,23,NA,NA,NA
"control","COM_PAK",-0.0379247906016619,1.8151141728033,21,NA,NA,NA
"control","COM_TUR",-0.128584486761738,1.69088590802278,16,NA,NA,NA
"control","CPV_CAN",0.129563756968219,0.77780591030522,27,NA,NA,NA
"control","CPV_DNK",0.209633954882973,0.58884427854819,27,NA,NA,NA
"control","CPV_ESP",0.302971280575675,1.13611606405169,31,NA,NA,NA
"control","CPV_ITA",0.0123904515366471,1.16004636856328,28,NA,NA,NA
"control","CPV_JPN",0.253647985916846,0.869809269775559,29,NA,NA,NA
"control","CRI_CUB",-0.135145727052166,1.27000832195693,27,NA,NA,NA
"control","CRI_CYP",0.251778526707809,1.25669587774555,22,NA,NA,NA
"control","CRI_DMA",-0.230915896506062,1.22896437581068,28,NA,NA,NA
"control","CRI_FJI",0.270441050073122,0.390053450332913,18,NA,NA,NA
"control","CRI_FRO",0.607668667726777,1.51472364104512,15,NA,NA,NA
"control","CRI_GRD",-0.166441934811101,0.622275083589953,28,NA,NA,NA
"control","CRI_LKA",0.0900506789522039,1.10492412862913,25,NA,NA,NA
"control","CRI_PRY",0.141290933596498,1.27675020862297,31,NA,NA,NA
"control","CRI_URY",-0.166456370251526,0.598660726549524,28,NA,NA,NA
"control","CUB_CYP",-0.338206287370058,0.826719780580595,31,NA,NA,NA
"control","CUB_NZL",0.338130904708707,0.937009031788125,31,NA,NA,NA
"control","CUB_OMN",-0.0887694992798137,2.1708373123635,25,NA,NA,NA
"control","CXR_FIN",-0.389789434048974,0.94579875826608,9,NA,NA,NA
"control","CXR_MYS",0.111684059931592,0.7168321661192,29,NA,NA,NA
"control","CYM_BRA",0.150590147552022,1.04590646016193,31,NA,NA,NA
"control","CYP_AFG",-0.104732032570185,1.15291956517371,18,NA,NA,NA
"control","CYP_AGO",-0.0879676736538868,1.50798003192691,31,NA,NA,NA
"control","CYP_ALB",-0.204797808764948,0.843944930252966,16,NA,NA,NA
"control","CYP_ARE",-0.345289812670844,1.17662846428826,31,NA,NA,NA
"control","CYP_ARG",0.0128694230825882,1.0428245631199,31,NA,NA,NA
"control","CYP_BDI",0.0702773284882987,0.677532885882276,29,NA,NA,NA
"control","CYP_BEN",-0.0728619168039472,1.2382403407388,27,NA,NA,NA
"control","CYP_BGD",-0.0329226742010686,1.06466179671399,31,NA,NA,NA
"control","CYP_BGR",0.177382748097187,1.00507768198444,14,NA,NA,NA
"control","CYP_BHR",-0.341173643359623,1.35187438108554,31,NA,NA,NA
"control","CYP_BHS",-0.235024615006818,1.02558804643043,15,NA,NA,NA
"control","CYP_BMU",-0.119263590578591,0.558914081782131,9,NA,NA,NA
"control","CYP_BRA",-0.128642457914782,1.15887843483342,31,NA,NA,NA
"control","CYP_BRB",0.142612411695587,0.974121518568226,18,NA,NA,NA
"control","CYP_CAF",-0.0602478582016363,0.886959215159533,21,NA,NA,NA
"control","CYP_CHL",-0.37638260910094,1.33471220297717,13,NA,NA,NA
"control","CYP_CIV",-0.337483389921421,0.916357841392941,22,NA,NA,NA
"control","CYP_CMR",-0.242324843042424,1.29454672529686,24,NA,NA,NA
"control","CYP_COD",0.223919678413389,1.30891139822892,29,NA,NA,NA
"control","CYP_CUB",0.15268920835933,0.998715831826804,27,NA,NA,NA
"control","CYP_DJI",-0.00192823850411091,0.98995678351843,31,NA,NA,NA
"control","CYP_DOM",-0.521049019468982,0.404663789161668,10,NA,NA,NA
"control","CYP_FRO",-0.0280361847547889,0.952579771727453,9,NA,NA,NA
"control","CYP_GAB",-0.0381765858195097,1.2136142354509,28,NA,NA,NA
"control","CYP_GHA",-0.176772904084102,0.578425412554609,26,NA,NA,NA
"control","CYP_GIB",0.243303601894601,0.722634448686892,30,NA,NA,NA
"control","CYP_GIN",-0.125472519102508,0.973471107736717,29,NA,NA,NA
"control","CYP_HTI",0.195130005293351,1.07873146207171,31,NA,NA,NA
"control","CYP_IDN",-0.174057927533886,1.0323149934829,31,NA,NA,NA
"control","CYP_IRN",-0.0188280306674538,0.805405718708813,31,NA,NA,NA
"control","CYP_IRQ",-0.0211218275810431,1.29119870826104,31,NA,NA,NA
"control","CYP_ISR",0.0936202893259306,0.824555946521454,14,NA,NA,NA
"control","CYP_KEN",0.0132401752284282,0.955610581283413,31,NA,NA,NA
"control","CYP_KWT",-0.0667497859854735,1.53327248513098,31,NA,NA,NA
"control","CYP_LBN",0.153907817685289,1.31605453213533,14,NA,NA,NA
"control","CYP_LBR",-0.19866424777531,0.818310417104649,25,NA,NA,NA
"control","CYP_LBY",0.0541402633638716,0.643072547902784,31,NA,NA,NA
"control","CYP_MDG",-0.254371540606774,1.15550945248717,18,NA,NA,NA
"control","CYP_MEX",0.302940832598947,0.667789348587968,14,NA,NA,NA
"control","CYP_MLI",0.0785574989772822,1.29722907481892,31,NA,NA,NA
"control","CYP_MOZ",0.421672767837312,1.35065542341263,22,NA,NA,NA
"control","CYP_MRT",0.0352313123701743,0.704162531971433,28,NA,NA,NA
"control","CYP_MWI",0.254057020729053,1.13884234080081,31,NA,NA,NA
"control","CYP_NER",0.00507105780448733,1.2474881316283,28,NA,NA,NA
"control","CYP_NGA",0.0971661208750744,0.874776121880312,31,NA,NA,NA
"control","CYP_PAK",-0.205903204712833,1.56091393094434,31,NA,NA,NA
"control","CYP_PAN",0.094685272947915,0.584258512457952,21,NA,NA,NA
"control","CYP_PHL",0.217979115505892,0.834698786598443,30,NA,NA,NA
"control","CYP_PNG",-0.404898505618523,1.18123532120026,10,NA,NA,NA
"control","CYP_POL",-0.202861634443423,0.936804982522548,14,NA,NA,NA
"control","CYP_PRK",-0.217662582619639,0.76656683554245,21,NA,NA,NA
"control","CYP_QAT",0.130133381669743,1.00529337188078,31,NA,NA,NA
"control","CYP_ROU",0.784709409857234,0.567327715231482,14,NA,NA,NA
"control","CYP_RWA",0.171988334275009,0.669257569276077,26,NA,NA,NA
"control","CYP_SDN",0.301600373817368,1.19387382586979,31,NA,NA,NA
"control","CYP_SEN",-0.0789585845578772,1.06863975227568,31,NA,NA,NA
"control","CYP_SLE",-0.133151018438058,0.768456676332619,29,NA,NA,NA
"control","CYP_SOM",-0.0703619242899796,1.00830156527324,26,NA,NA,NA
"control","CYP_TWN",0.197087672866103,0.73786544217859,31,NA,NA,NA
"control","CYP_TZA",0.243090191695372,1.11653934518243,31,NA,NA,NA
"control","CYP_UGA",-0.0103309184960307,0.976534282952522,31,NA,NA,NA
"control","CYP_VEN",0.24721052781453,0.784205258797669,31,NA,NA,NA
"control","CYP_YEM",0.160904102450248,1.12943299486082,30,NA,NA,NA
"control","CYP_ZMB",0.0529840124322644,0.61705512420679,31,NA,NA,NA
"control","CYP_ZWE",-0.214032083875596,0.557064520591974,22,NA,NA,NA
"control","DJI_CAN",0.221781300508431,0.680313109612449,25,NA,NA,NA
"control","DJI_ESP",0.0654809075237613,0.964913619096963,31,NA,NA,NA
"control","DJI_FIN",-0.109756103205702,0.807694549490362,22,NA,NA,NA
"control","DJI_JPN",0.413786864071032,0.775845028854967,21,NA,NA,NA
"control","DJI_KOR",0.0940480009756504,0.799808935528195,26,NA,NA,NA
"control","DJI_MYS",-0.00968583467142247,0.83180384204177,20,NA,NA,NA
"control","DJI_PRT",0.0108191847900994,0.765205169599666,20,NA,NA,NA
"control","DJI_USA",0.25160480084029,0.790559013881192,28,NA,NA,NA
"control","DMA_AUT",0.0196626011215988,1.14269682942073,14,NA,NA,NA
"control","DMA_CYP",-0.0804157923365301,0.672107805501194,16,NA,NA,NA
"control","DMA_DNK",-0.412829327080954,0.436852446120397,15,NA,NA,NA
"control","DMA_IND",0.0159549413741968,0.89742116272179,18,NA,NA,NA
"control","DMA_PRT",0.254458545810249,0.835955023311501,14,NA,NA,NA
"control","DMA_TUR",0.0132306879189204,1.18722281191552,27,NA,NA,NA
"control","DNK_AFG",0.143754641554706,1.00158676263449,31,NA,NA,NA
"control","DNK_ATG",-0.154122733957005,1.42947325306034,17,NA,NA,NA
"control","DNK_BDI",0.0634722960010676,0.96688849452154,31,NA,NA,NA
"control","DNK_BEN",-0.020955009036283,0.796379179360887,31,NA,NA,NA
"control","DNK_BFA",-0.339367245131365,1.04847203472084,31,NA,NA,NA
"control","DNK_BRB",-0.252011964109283,0.765493326894346,18,NA,NA,NA
"control","DNK_BRN",0.123712060091919,0.789665491804304,31,NA,NA,NA
"control","DNK_BTN",0.195644282009176,1.73046597300495,30,NA,NA,NA
"control","DNK_BWA",0.0125298248207032,1.01767183059069,22,NA,NA,NA
"control","DNK_CAF",-0.124391909635596,1.00953032348528,31,NA,NA,NA
"control","DNK_CCK",0.0417349545472652,0.849608161481807,16,NA,NA,NA
"control","DNK_CMR",-0.075757775375587,1.31057280239161,24,NA,NA,NA
"control","DNK_COG",0.0116154451862396,1.08830181285663,30,NA,NA,NA
"control","DNK_COK",0.145694308083886,0.925644350062951,26,NA,NA,NA
"control","DNK_COM",0.0874224767899584,0.961959840024553,31,NA,NA,NA
"control","DNK_DJI",-0.164763681665769,1.36945548268319,31,NA,NA,NA
"control","DNK_DMA",0.214306303306614,1.27692979554864,18,NA,NA,NA
"control","DNK_FJI",0.0777982680230837,0.734974883725787,18,NA,NA,NA
"control","DNK_GAB",-0.1163304313805,1.12389136219676,31,NA,NA,NA
"control","DNK_GIB",-0.23414768906111,0.887098131799761,30,NA,NA,NA
"control","DNK_GIN",0.252175041547328,1.22740002119682,31,NA,NA,NA
"control","DNK_GNB",0.0262546039585418,1.04466929784281,30,NA,NA,NA
"control","DNK_GNQ",-0.0629367652211499,1.54853559231177,29,NA,NA,NA
"control","DNK_GRD",0.169172346923637,0.900913425991666,18,NA,NA,NA
"control","DNK_GUY",0.531908614499799,0.718169636202776,18,NA,NA,NA
"control","DNK_HND",0.392908840035353,0.828165150313415,23,NA,NA,NA
"control","DNK_KHM",0.139447150422749,1.01036983266417,30,NA,NA,NA
"control","DNK_KIR",0.00434560243336822,1.24427517888081,29,NA,NA,NA
"control","DNK_KNA",0.0621756965417129,1.01804799823076,18,NA,NA,NA
"control","DNK_LAO",-0.253818782003396,1.18535114343066,30,NA,NA,NA
"control","DNK_LCA",-0.324806961671963,1.44815066415975,18,NA,NA,NA
"control","DNK_MAC",-0.0191655105601129,0.712653388221238,31,NA,NA,NA
"control","DNK_MDG",0.281913723795865,0.693534853860646,22,NA,NA,NA
"control","DNK_MDV",-0.235196026411304,0.714131196265475,31,NA,NA,NA
"control","DNK_MLI",-0.470488399927909,0.768048882917829,31,NA,NA,NA
"control","DNK_MMR",0.40853970703035,0.591150251563339,30,NA,NA,NA
"control","DNK_MNG",-0.10796428695562,0.886125906860624,31,NA,NA,NA
"control","DNK_MUS",-0.119179445306175,0.759386097442847,22,NA,NA,NA
"control","DNK_NER",0.179706034990581,0.837001225768465,31,NA,NA,NA
"control","DNK_NPL",0.0317910763596333,1.89428715800988,31,NA,NA,NA
"control","DNK_NRU",0.0847676722542531,0.466455481811015,18,NA,NA,NA
"control","DNK_PNG",-0.0110197009562079,1.49065124547763,18,NA,NA,NA
"control","DNK_PRY",-0.27686062269402,0.744088048250812,31,NA,NA,NA
"control","DNK_RWA",0.176498739377181,1.03973473379497,31,NA,NA,NA
"control","DNK_SLB",-0.0893549038117704,1.19966356205474,29,NA,NA,NA
"control","DNK_SLE",-0.0501295446097812,0.907848778828783,31,NA,NA,NA
"control","DNK_SLV",-0.00237180266111614,1.11217519513669,23,NA,NA,NA
"control","DNK_SOM",-0.0159996067160359,1.25597473792845,30,NA,NA,NA
"control","DNK_STP",0.200872298872429,0.880533332354436,30,NA,NA,NA
"control","DNK_SWZ",-0.0110264883169279,1.51043542686606,20,NA,NA,NA
"control","DNK_TCD",0.420615797898071,0.777964606569699,30,NA,NA,NA
"control","DNK_TGO",0.100474267855897,0.755188917692015,31,NA,NA,NA
"control","DNK_TON",-0.0637481503445687,0.92539963558419,27,NA,NA,NA
"control","DNK_TTO",-0.356501316241879,0.999886141891263,18,NA,NA,NA
"control","DNK_TUV",0.164734210878986,1.2489159832887,20,NA,NA,NA
"control","DNK_UGA",0.0453201586141069,2.0048984747908,31,NA,NA,NA
"control","DNK_VCT",-0.0910628159831161,0.570124910564487,18,NA,NA,NA
"control","DNK_VGB",0.341383542913111,1.3114921346967,16,NA,NA,NA
"control","DNK_VNM",0.0594792022430708,0.936869600491913,31,NA,NA,NA
"control","DNK_VUT",-0.00607877832541161,1.04401371123337,28,NA,NA,NA
"control","DNK_WSM",-0.119172062508361,1.03515838223575,30,NA,NA,NA
"control","DNK_YEM",-0.0847899662982856,1.24851614420444,30,NA,NA,NA
"control","DOM_BRA",-0.217239162265564,1.00341140597302,31,NA,NA,NA
"control","DOM_CYP",0.0756908408131175,0.68761449185093,17,NA,NA,NA
"control","DOM_MYS",0.121697918553952,0.882393958056339,30,NA,NA,NA
"control","DOM_PAK",0.0480282830738756,1.38287485518795,21,NA,NA,NA
"control","DZA_BDI",-0.0767975047266308,0.98146745389411,13,NA,NA,NA
"control","DZA_CYP",0.00728113777911044,0.693558437376236,13,NA,NA,NA
"control","DZA_JOR",0.237415482473246,0.646300746498326,16,NA,NA,NA
"control","DZA_OMN",-0.308937728868012,1.30921957653507,16,NA,NA,NA
"control","DZA_PRY",0.0299547756464051,0.795404021498812,17,NA,NA,NA
"control","DZA_TUR",-0.0830037812675155,1.40447765311718,31,NA,NA,NA
"control","ECU_CYP",-0.516216118248796,1.4270664387857,25,NA,NA,NA
"control","ECU_FRO",-0.00729624056052877,1.4691687170847,18,NA,NA,NA
"control","ECU_PYF",-0.0390166830511087,0.927108139612921,25,NA,NA,NA
"control","EGY_CIV",-0.201245666138337,0.783884511645977,28,NA,NA,NA
"control","EGY_CRI",-0.00691294871994356,1.47176556500706,28,NA,NA,NA
"control","EGY_DJI",0.0975215132229181,0.822288258720323,9,NA,NA,NA
"control","EGY_FRO",0.0216234303008284,0.899562747992793,15,NA,NA,NA
"control","EGY_GTM",-0.110812691349144,0.946286155096853,28,NA,NA,NA
"control","EGY_TCD",0.0499062295107129,0.842897847713353,27,NA,NA,NA
"control","EGY_UGA",0.00119225213301691,1.11943213234058,8,NA,NA,NA
"control","ESP_AFG",0.274972855433085,0.677129882660878,31,NA,NA,NA
"control","ESP_ATG",0.274664001572801,1.71876431684299,18,NA,NA,NA
"control","ESP_BDI",-0.0464736109417721,1.26041298403093,31,NA,NA,NA
"control","ESP_BEN",-0.166234100918747,1.10021324957051,31,NA,NA,NA
"control","ESP_BFA",0.238576230661277,0.911531399265321,31,NA,NA,NA
"control","ESP_BGD",0.088002253504102,0.713514328360382,31,NA,NA,NA
"control","ESP_BHS",0.0696307932262881,1.22344860334218,18,NA,NA,NA
"control","ESP_BLZ",-0.0865117906331368,1.01128019449601,18,NA,NA,NA
"control","ESP_BRN",-0.1037187151058,1.21122807765945,31,NA,NA,NA
"control","ESP_CAF",-0.166460715166461,1.29367845201677,31,NA,NA,NA
"control","ESP_CCK",-0.252428029396413,0.648699755588347,11,NA,NA,NA
"control","ESP_COD",-0.0244215903709332,1.09748949470602,31,NA,NA,NA
"control","ESP_COK",0.0314133497445443,1.03568004391924,28,NA,NA,NA
"control","ESP_COM",-0.156603145923523,0.808532446315712,31,NA,NA,NA
"control","ESP_DJI",0.272120363188922,1.17848376043536,31,NA,NA,NA
"control","ESP_GHA",-0.230305527217212,0.93852372920252,26,NA,NA,NA
"control","ESP_GIB",-0.209063814742121,0.965813261263367,31,NA,NA,NA
"control","ESP_GIN",-0.194804911146062,0.956340399214486,31,NA,NA,NA
"control","ESP_GUY",0.203224745891421,0.881576054635584,18,NA,NA,NA
"control","ESP_IRQ",-0.172321606484871,0.897884273739755,25,NA,NA,NA
"control","ESP_KHM",-0.113910406349262,1.41626090249596,28,NA,NA,NA
"control","ESP_KIR",-0.22841127092456,1.58937205938871,28,NA,NA,NA
"control","ESP_LCA",0.0782769320278858,1.26497304676987,18,NA,NA,NA
"control","ESP_MAC",-0.0588928353251075,1.05377051203487,31,NA,NA,NA
"control","ESP_MDG",-0.124438810700184,0.859231682269899,22,NA,NA,NA
"control","ESP_MDV",0.0645069718843753,1.26802838552724,31,NA,NA,NA
"control","ESP_MLI",0.046024720384417,0.86733635816393,31,NA,NA,NA
"control","ESP_MMR",0.114701856594676,0.910966806860262,31,NA,NA,NA
"control","ESP_MNG",0.120562091622256,0.747921343841883,29,NA,NA,NA
"control","ESP_MWI",0.0581173192151228,0.841476113432984,31,NA,NA,NA
"control","ESP_NER",-0.173921571607757,1.57998384013663,31,NA,NA,NA
"control","ESP_NGA",0.0541714348350798,1.21752389270147,31,NA,NA,NA
"control","ESP_NPL",-0.111400516281496,0.649685424474901,31,NA,NA,NA
"control","ESP_PNG",0.207397329746121,1.27866566239259,19,NA,NA,NA
"control","ESP_PRY",-0.0273494834890767,0.865946582129923,31,NA,NA,NA
"control","ESP_RWA",-0.0214899929293479,1.02013010530008,31,NA,NA,NA
"control","ESP_SDN",-0.242397051681275,1.26591529263129,31,NA,NA,NA
"control","ESP_SLB",0.382799107590861,1.64097783239788,26,NA,NA,NA
"control","ESP_SOM",-0.244880620702685,0.920138582113534,29,NA,NA,NA
"control","ESP_SUR",-0.382648286560169,1.2161033772028,18,NA,NA,NA
"control","ESP_SYC",0.0562931151855185,1.29391980840495,22,NA,NA,NA
"control","ESP_TCD",-0.167608770387693,1.15133441253834,31,NA,NA,NA
"control","ESP_UGA",0.0682500867276091,0.81818767727824,31,NA,NA,NA
"control","ESP_VCT",0.109479782956851,1.28574646084439,18,NA,NA,NA
"control","ESP_VGB",-0.0166696728208209,0.623296259808263,17,NA,NA,NA
"control","ESP_VNM",-0.0720964583329097,0.954960904444996,31,NA,NA,NA
"control","ESP_VUT",0.160128478676385,0.93969836321656,31,NA,NA,NA
"control","ESP_YEM",-0.173667216099585,0.714191159080649,30,NA,NA,NA
"control","ESP_ZMB",-0.113809116149527,1.3220026197126,31,NA,NA,NA
"control","ESP_ZWE",-0.00749121717629404,0.890076152337908,22,NA,NA,NA
"control","FIN_BDI",-0.0334218962427153,0.669064519261828,31,NA,NA,NA
"control","FIN_COK",-0.208025086418459,1.01925902585605,17,NA,NA,NA
"control","FIN_KHM",0.0939406122032049,1.28272548942816,30,NA,NA,NA
"control","FIN_KIR",-0.0730750832849037,2.25145604408024,18,NA,NA,NA
"control","FIN_MAC",-0.169425085153183,1.10189975819097,31,NA,NA,NA
"control","FIN_NER",-0.21072722612898,0.973184746226337,31,NA,NA,NA
"control","FIN_STP",0.0594385165478161,0.596388922461672,20,NA,NA,NA
"control","FIN_TUV",0.00472793421779097,1.80097009893398,15,NA,NA,NA
"control","FJI_ARE",-0.0603244632717983,0.563808525984485,19,NA,NA,NA
"control","FJI_AUT",0.168948639688021,0.691992815013211,16,NA,NA,NA
"control","FJI_CHE",-0.154291055977905,0.846299703132533,30,NA,NA,NA
"control","FJI_CYP",0.189079925681037,0.753708754450015,9,NA,NA,NA
"control","FJI_IND",0.100255297890704,0.793869313257633,23,NA,NA,NA
"control","FJI_LKA",-0.310177463110756,1.21354505865325,24,NA,NA,NA
"control","FJI_PRK",-0.293575125070575,1.1114841703831,19,NA,NA,NA
"control","FLK_NZL",-0.104869955130104,0.721420582139477,17,NA,NA,NA
"control","FRA_ATG",-0.169248751193192,1.52571186123949,15,NA,NA,NA
"control","FRA_LCA",-0.16162068540161,1.24065784603173,17,NA,NA,NA
"control","FRA_MAC",0.131970781969905,0.653304693755343,31,NA,NA,NA
"control","FRA_SLB",0.0931832219497437,1.1397159108012,28,NA,NA,NA
"control","FRA_SWZ",-0.00976856853288638,0.941770890621909,25,NA,NA,NA
"control","FRO_CYP",0.0570487883432609,0.756121553492003,14,NA,NA,NA
"control","FRO_MYS",0.242176274716802,0.757233895712261,14,NA,NA,NA
"control","FRO_THA",0.00667008862705076,0.921441136919996,28,NA,NA,NA
"control","GAB_BRA",-0.289285436907816,1.1422899879434,30,NA,NA,NA
"control","GAB_CYP",0.30197456981459,0.951852491346648,27,NA,NA,NA
"control","GAB_DNK",0.0759316572466978,0.902565949150453,30,NA,NA,NA
"control","GAB_GBR",-0.1021341402274,1.06123848097363,31,NA,NA,NA
"control","GAB_IDN",0.207061427037542,0.978071696943591,31,NA,NA,NA
"control","GAB_ITA",0.0754872909287382,0.928765256943071,30,NA,NA,NA
"control","GAB_ROU",-0.0391982896553324,0.998876861268472,25,NA,NA,NA
"control","GAB_SGP",-0.227591813319909,1.08195705564337,31,NA,NA,NA
"control","GAB_USA",-0.0738784726156237,1.68587773213268,30,NA,NA,NA
"control","GBR_BDI",0.0946536365732965,0.575812783194798,29,NA,NA,NA
"control","GBR_BEN",0.0628965468698738,1.48029469863854,28,NA,NA,NA
"control","GBR_LSO",-0.093462161386668,1.32302375244482,18,NA,NA,NA
"control","GBR_MAC",0.147365317727762,0.806723135109448,31,NA,NA,NA
"control","GBR_MNG",-0.165038508000002,0.84034521049144,28,NA,NA,NA
"control","GBR_MRT",0.286750145290474,0.990224670150489,31,NA,NA,NA
"control","GBR_STP",-0.157566869893516,1.06451573883772,29,NA,NA,NA
"control","GBR_TON",0.172657929832166,1.22953785937939,28,NA,NA,NA
"control","GBR_TUV",0.191756173054349,0.972616969782346,24,NA,NA,NA
"control","GBR_VNM",0.0274730501925609,1.12506742711324,30,NA,NA,NA
"control","GBR_VUT",0.152426784496204,1.22281208909428,28,NA,NA,NA
"control","GBR_WSM",0.0924393525707567,0.692015463900436,28,NA,NA,NA
"control","GHA_CYP",0.311596811032659,1.14195630881366,24,NA,NA,NA
"control","GIB_BGD",-0.0181606778794537,0.771475514121548,18,NA,NA,NA
"control","GIB_CYP",0.103342105217989,1.18257182860668,21,NA,NA,NA
"control","GIB_DNK",-0.0127056097283338,1.00989820758923,31,NA,NA,NA
"control","GIB_ESP",-0.0536503801840997,0.910421757134226,31,NA,NA,NA
"control","GIB_JPN",-0.0398677589222515,0.957718243785619,25,NA,NA,NA
"control","GIB_MYS",0.121248695930348,1.53236434798896,14,NA,NA,NA
"control","GIN_CHN",0.217084863501976,0.819363681161703,29,NA,NA,NA
"control","GIN_IRL",0.0982238612262494,1.0876313732883,30,NA,NA,NA
"control","GIN_TUR",-0.0522394220571896,1.05702310161326,30,NA,NA,NA
"control","GLP_CAN",-0.306978833073883,1.7584789314102,10,NA,NA,NA
"control","GMB_CAN",-0.0877129523287851,1.14555574959012,31,NA,NA,NA
"control","GMB_DNK",-0.0328445568507932,1.13348276108526,29,NA,NA,NA
"control","GMB_ESP",0.226367170069063,1.00223743794731,31,NA,NA,NA
"control","GMB_FIN",-0.11435807711522,1.66218065828058,28,NA,NA,NA
"control","GMB_KOR",-0.302355374642742,1.06182455257614,30,NA,NA,NA
"control","GMB_NZL",-0.179360507206734,1.12116433538367,22,NA,NA,NA
"control","GNB_CAN",-0.178507865770246,1.27774815527796,22,NA,NA,NA
"control","GNB_EGY",-0.0232256658843002,0.49896574163896,17,NA,NA,NA
"control","GNB_ESP",-0.220144685587811,0.864957379542473,31,NA,NA,NA
"control","GNB_ITA",0.0090709778072201,0.793889406374455,26,NA,NA,NA
"control","GNB_MEX",0.242853897797998,1.28662022916923,20,NA,NA,NA
"control","GNB_TUN",0.105205636459908,2.01601978437134,19,NA,NA,NA
"control","GNQ_CHN",-0.241444949785172,1.09058560199231,29,NA,NA,NA
"control","GNQ_DNK",-0.180808211647534,0.566648305501899,17,NA,NA,NA
"control","GNQ_TUN",0.0339439303718496,0.908032846272461,18,NA,NA,NA
"control","GRC_BOL",0.00983390124073013,1.38197603605434,30,NA,NA,NA
"control","GRC_BTN",-0.394653147652188,1.45449948733497,10,NA,NA,NA
"control","GRC_COM",0.363953256015396,0.6252243919226,26,NA,NA,NA
"control","GRC_ECU",-0.132016332911332,1.30694508065593,26,NA,NA,NA
"control","GRC_MDG",-0.228135641549693,0.793148203446338,22,NA,NA,NA
"control","GRC_NIC",0.0328710181608405,1.21832001877332,22,NA,NA,NA
"control","GRC_PRY",-0.0632544031239922,0.651126417908544,31,NA,NA,NA
"control","GRC_SLV",0.0496141657363088,1.24535964688366,22,NA,NA,NA
"control","GRC_VGB",0.0406166327566959,0.876683431828797,15,NA,NA,NA
"control","GRD_AUS",0.0477303351767616,1.32475852415741,21,NA,NA,NA
"control","GRD_IND",0.0676455077264024,0.868533605528701,21,NA,NA,NA
"control","GRD_KOR",-0.114058007090931,1.12647728466199,26,NA,NA,NA
"control","GRL_CAN",0.131444166081566,1.12445269038244,31,NA,NA,NA
"control","GRL_MYS",0.0602883910332969,0.730135892328151,20,NA,NA,NA
"control","GRL_TUR",-0.0987071538906179,0.970454884546031,22,NA,NA,NA
"control","GTM_BGD",0.40112828367448,0.855296365459513,28,NA,NA,NA
"control","GTM_FJI",-0.131154740670308,0.597462535786957,24,NA,NA,NA
"control","GTM_PHL",0.0613387504083516,1.14069510645767,27,NA,NA,NA
"control","GUY_DNK",0.0389659202039426,1.18065947927209,16,NA,NA,NA
"control","GUY_FIN",0.0454117161665305,1.20609836230166,16,NA,NA,NA
"control","GUY_IRL",-0.273667937951506,0.622756007797519,16,NA,NA,NA
"control","GUY_NZL",-0.18684728044826,1.23003993384849,31,NA,NA,NA
"control","GUY_OMN",0.0304520933974492,1.03740767197594,17,NA,NA,NA
"control","GUY_TUR",0.0132046792820271,1.05661915617104,28,NA,NA,NA
"control","HND_BGD",-0.105514071178005,1.12875131140182,25,NA,NA,NA
"control","HND_COL",0.23595686582699,0.957121077956517,20,NA,NA,NA
"control","HND_CYP",-0.0782996502915759,0.7604689859572,22,NA,NA,NA
"control","HND_FRO",0.290987152629759,0.780791586967101,14,NA,NA,NA
"control","HND_IDN",0.0377467001230055,1.48880712680056,30,NA,NA,NA
"control","HND_MYS",-0.0377767939475574,0.831926925873053,25,NA,NA,NA
"control","HND_PRY",-0.114334957950126,1.00059632874154,23,NA,NA,NA
"control","HND_ROU",0.145905085097126,1.52868366390572,22,NA,NA,NA
"control","HTI_CYP",-0.241436044243107,1.62437002754202,19,NA,NA,NA
"control","HTI_EGY",-0.108036517515918,0.590452015864269,12,NA,NA,NA
"control","HTI_GRC",0.101936140971552,0.650898932342408,23,NA,NA,NA
"control","HTI_GRD",0.208071958104219,0.695305515771757,11,NA,NA,NA
"control","HTI_IRL",-0.150832802665143,1.49796839000861,29,NA,NA,NA
"control","HTI_NZL",0.348495876412877,1.09483664977582,27,NA,NA,NA
"control","HTI_PAK",-0.0109114255458813,0.916822208250707,17,NA,NA,NA
"control","HTI_PRT",-0.200113809647582,1.0403746917594,26,NA,NA,NA
"control","HTI_SLV",0.0490504076621059,0.660567861941253,26,NA,NA,NA
"control","HUN_BGD",-0.242710560042029,1.02548266721316,31,NA,NA,NA
"control","HUN_BRB",-0.408037716041209,0.593399681740097,17,NA,NA,NA
"control","HUN_COL",-0.0300686499798942,1.13606297158972,23,NA,NA,NA
"control","HUN_GRD",-0.00540393623512143,0.817578107148695,16,NA,NA,NA
"control","HUN_HND",0.236401351493905,0.925516313228051,21,NA,NA,NA
"control","HUN_IDN",0.0721531301540997,1.11470081105919,31,NA,NA,NA
"control","HUN_LKA",-0.494531604191449,0.992819699539362,31,NA,NA,NA
"control","HUN_MEX",-0.128157593105573,1.9993761344383,14,NA,NA,NA
"control","HUN_PRY",0.140836883149083,0.978919015180816,31,NA,NA,NA
"control","HUN_SEN",-0.305326632494693,0.942315036354014,29,NA,NA,NA
"control","IDN_AGO",0.0607083190994098,0.789700979693337,31,NA,NA,NA
"control","IDN_ANT",-0.295416520483275,0.615846208996521,22,NA,NA,NA
"control","IDN_CIV",-0.142741446638857,1.15282071136989,31,NA,NA,NA
"control","IDN_COG",0.209210168295991,0.776340736322953,31,NA,NA,NA
"control","IDN_CYP",0.128956614615456,1.62938087566097,31,NA,NA,NA
"control","IDN_GAB",0.0272612428207525,1.10820376188549,31,NA,NA,NA
"control","IDN_GNB",-0.0801488147991698,0.783585093872778,30,NA,NA,NA
"control","IDN_KHM",0.46628159607623,1.08702980655728,9,NA,NA,NA
"control","IDN_LBR",-0.247297865200268,0.785988645783611,31,NA,NA,NA
"control","IDN_MAC",0.0100154076720451,0.688465948236361,31,NA,NA,NA
"control","IDN_MDG",-0.172262712531972,1.0189623482477,31,NA,NA,NA
"control","IDN_MDV",-0.0742557155925618,1.30501235245062,27,NA,NA,NA
"control","IDN_NER",-0.26127495355029,0.64220815227861,30,NA,NA,NA
"control","IDN_PAN",0.208399322727993,1.34084259821854,31,NA,NA,NA
"control","IDN_PRY",0.193972496579042,1.17829723061969,31,NA,NA,NA
"control","IDN_QAT",0.155383074272094,1.2930545047489,31,NA,NA,NA
"control","IDN_SOM",0.0766856092444123,0.816427386583741,30,NA,NA,NA
"control","IDN_YEM",0.0378953760209589,0.730474671840297,30,NA,NA,NA
"control","IND_COK",-0.210888433813367,0.989799089276631,27,NA,NA,NA
"control","IND_FRO",-0.121452929555011,1.18912982250888,29,NA,NA,NA
"control","IND_LCA",-0.286097143907081,0.754870826275468,31,NA,NA,NA
"control","IND_NFK",-0.0929724053165318,0.7219561251958,30,NA,NA,NA
"control","IND_PYF",-0.0863819056265198,0.406772430541056,29,NA,NA,NA
"control","IND_TKL",0.358428699857911,0.503922890323241,29,NA,NA,NA
"control","IRL_ARE",0.049886491751346,0.765190696286301,31,NA,NA,NA
"control","IRL_BGD",0.0758516978973439,1.06290487066137,31,NA,NA,NA
"control","IRL_BHR",-0.349761252982631,0.861744118818425,31,NA,NA,NA
"control","IRL_COL",0.129888672043918,1.43536949613538,23,NA,NA,NA
"control","IRL_FJI",-0.157101026031642,1.35150107359046,19,NA,NA,NA
"control","IRL_GHA",-0.133284066625785,1.24882758703489,26,NA,NA,NA
"control","IRL_IRN",0.33489861144212,1.53868953084848,31,NA,NA,NA
"control","IRL_IRQ",-0.19706812531065,1.18752795208272,29,NA,NA,NA
"control","IRL_MEX",-0.373221878108815,1.03393497325165,10,NA,NA,NA
"control","IRL_MUS",0.266608836819203,0.771170730182091,20,NA,NA,NA
"control","IRL_NGA",-0.148272378228903,1.67879748157416,29,NA,NA,NA
"control","IRL_PHL",0.0129843122657623,1.27063051797327,31,NA,NA,NA
"control","IRL_PRY",-0.18788013934157,1.06888177155175,31,NA,NA,NA
"control","IRN_CYP",0.215368770185653,0.877140015376138,31,NA,NA,NA
"control","IRN_FRO",0.086372883856362,0.721490309207227,16,NA,NA,NA
"control","IRN_PRY",0.205109678265669,0.884965527660115,23,NA,NA,NA
"control","IRN_SEN",-0.0414051504623989,0.984381037226611,30,NA,NA,NA
"control","IRQ_CYP",-0.0714064706254125,1.32148566209218,25,NA,NA,NA
"control","IRQ_NOR",-0.234210395415625,0.639993959244019,18,NA,NA,NA
"control","ISL_ATG",-0.123819246643844,0.999461171703393,21,NA,NA,NA
"control","ISL_BGD",0.285912825056437,0.961876103302112,29,NA,NA,NA
"control","ISL_BOL",0.0278162218586247,1.08678011313635,25,NA,NA,NA
"control","ISL_COD",0.145356425522612,1.52359746952093,8,NA,NA,NA
"control","ISL_IND",-0.228668480050224,1.11905185624433,30,NA,NA,NA
"control","ISL_LBR",-0.0645976299671701,1.0163158451092,15,NA,NA,NA
"control","ISL_LBY",-0.0403921169248915,0.944639316260754,10,NA,NA,NA
"control","ISL_MWI",0.0254984941932132,1.2032253766637,27,NA,NA,NA
"control","ISL_MYS",0.114490582951058,1.07931813973481,31,NA,NA,NA
"control","ISL_OMN",-0.379153605200483,1.21654417495202,19,NA,NA,NA
"control","ISL_PER",-0.275479704038154,1.40893949825834,20,NA,NA,NA
"control","ISL_TUN",0.099404951467963,1.21524752538993,13,NA,NA,NA
"control","ISL_ZMB",0.188393507475532,1.23309144049082,23,NA,NA,NA
"control","ISR_BGR",0.280134504818161,0.351157144045991,8,NA,NA,NA
"control","ISR_CAF",0.229167881326185,1.14567884482765,27,NA,NA,NA
"control","ISR_CIV",0.228285447252115,0.744113427049887,26,NA,NA,NA
"control","ISR_CYP",-0.201083231104946,1.51446233514695,14,NA,NA,NA
"control","ISR_DOM",0.0206077339013819,1.19075671528253,26,NA,NA,NA
"control","ISR_FRO",0.00178470243962386,0.599182833894689,22,NA,NA,NA
"control","ISR_GHA",-0.0338048003672686,1.03504006522047,26,NA,NA,NA
"control","ISR_IDN",0.00971227050417333,0.578304267248058,26,NA,NA,NA
"control","ISR_JAM",-0.0811469254051835,0.591445594263332,29,NA,NA,NA
"control","ISR_MWI",0.288724865916077,0.72348901593275,30,NA,NA,NA
"control","ISR_NGA",0.475090875333907,0.798989100075136,26,NA,NA,NA
"control","ISR_ZAF",0.151644019085596,2.33324846012795,28,NA,NA,NA
"control","ISR_ZWE",0.198276961782528,0.789437249380157,30,NA,NA,NA
"control","ITA_FJI",0.163483738113119,1.21465739114262,17,NA,NA,NA
"control","ITA_GRD",-0.0447106117596122,0.858288267216316,16,NA,NA,NA
"control","ITA_MAC",-0.196196527192566,0.739830021078187,31,NA,NA,NA
"control","ITA_MNG",0.327013409600987,1.12664652356722,29,NA,NA,NA
"control","ITA_NPL",-0.0086642383508189,1.2794494884322,28,NA,NA,NA
"control","ITA_NRU",-0.472646400363067,1.07646311899269,20,NA,NA,NA
"control","ITA_VNM",-0.255789774319661,0.580171527434416,28,NA,NA,NA
"control","JAM_BGD",0.153421783268512,1.02105288694066,20,NA,NA,NA
"control","JAM_BRA",-0.149801918436936,0.845772518064824,31,NA,NA,NA
"control","JAM_CYP",0.126834590428628,0.721119332926541,18,NA,NA,NA
"control","JAM_MAR",0.742045085035372,1.59294515581407,19,NA,NA,NA
"control","JAM_MYS",-0.0500449408587685,1.21769274913046,31,NA,NA,NA
"control","JAM_OMN",-0.0137117108431593,0.529919783452656,17,NA,NA,NA
"control","JAM_PRY",-0.116831164874317,1.64230551254341,16,NA,NA,NA
"control","JAM_SGP",-0.248435021277918,1.04766990574884,31,NA,NA,NA
"control","JAM_VEN",-0.0681660340111569,1.26160867736727,30,NA,NA,NA
"control","JOR_BGD",-0.110113687085242,0.704574646902227,31,NA,NA,NA
"control","JOR_CAN",0.221095887030372,0.642399763853878,22,NA,NA,NA
"control","JOR_GTM",-0.183804446699484,0.838925944097308,26,NA,NA,NA
"control","JOR_NZL",-0.0193600197620878,1.12381422263981,31,NA,NA,NA
"control","JOR_PAK",-0.119306589533673,0.999994985301762,29,NA,NA,NA
"control","JOR_ROU",-0.15665063815717,1.8089613027891,17,NA,NA,NA
"control","JOR_TUN",-0.835161364810413,0.674019685208699,8,NA,NA,NA
"control","JPN_ESH",0.140365141396465,0.871210243283527,27,NA,NA,NA
"control","JPN_NIU",-0.198830096471306,1.09362580553295,29,NA,NA,NA
"control","JPN_SHN",-0.129478581127258,0.928659755071815,26,NA,NA,NA
"control","KEN_BRB",0.0685126437927917,0.903352854870051,27,NA,NA,NA
"control","KEN_CMR",0.0710993943375579,0.621539048045903,29,NA,NA,NA
"control","KEN_IDN",-0.2411432915178,1.38344160435818,31,NA,NA,NA
"control","KEN_ROU",-0.131700494986751,1.00984098662966,31,NA,NA,NA
"control","KEN_SEN",0.155681426891098,0.861228300805371,30,NA,NA,NA
"control","KHM_FRA",-0.148574667567551,0.894024896709911,29,NA,NA,NA
"control","KHM_IDN",0.0994326153771384,1.0019598522095,9,NA,NA,NA
"control","KHM_ITA",0.370953559934536,1.01588366866955,28,NA,NA,NA
"control","KHM_JOR",0.119129560301623,0.602307533366187,19,NA,NA,NA
"control","KHM_PAK",0.00857429485516921,1.34127796352909,31,NA,NA,NA
"control","KIR_CHE",-0.174772082930641,0.887788443879153,11,NA,NA,NA
"control","KIR_DNK",-0.0292690082698339,0.811574591082672,23,NA,NA,NA
"control","KIR_JPN",0.116430583613575,1.63343994079697,31,NA,NA,NA
"control","KNA_BGD",0.121035679464546,1.23929837743462,14,NA,NA,NA
"control","KNA_ESP",-0.336404270403439,1.03807957555681,15,NA,NA,NA
"control","KNA_JPN",0.0487003972404587,1.11948851964415,31,NA,NA,NA
"control","KNA_SWE",0.174987115955281,0.807091759790683,16,NA,NA,NA
"control","KOR_CPV",0.0791362239548903,1.16438445729913,30,NA,NA,NA
"control","KOR_GNB",-0.0223686730570084,0.793798673912671,29,NA,NA,NA
"control","KOR_TKL",-0.0340547148193482,1.11731366281991,28,NA,NA,NA
"control","KOR_VGB",-0.0188722565121944,0.979659392960518,29,NA,NA,NA
"control","KWT_BGD",0.167505611732884,0.983929554525989,30,NA,NA,NA
"control","KWT_BRA",0.357870343002067,1.28633425352821,26,NA,NA,NA
"control","KWT_CAN",-0.0453916421511431,0.97752957925995,31,NA,NA,NA
"control","KWT_CYP",-0.0161637624033523,0.850400440412832,31,NA,NA,NA
"control","KWT_FRA",0.19201758574106,0.952542059147172,28,NA,NA,NA
"control","KWT_MYS",-0.0934775564358772,0.688789210288461,31,NA,NA,NA
"control","KWT_NLD",0.134373723343791,1.37438531210492,31,NA,NA,NA
"control","KWT_PAK",-0.103121267168029,0.892961677401191,29,NA,NA,NA
"control","KWT_PRY",0.206157560529512,1.80138739952809,12,NA,NA,NA
"control","KWT_ROU",0.247681627467065,0.746133124084773,31,NA,NA,NA
"control","KWT_USA",-0.24112448219352,0.867960170481959,31,NA,NA,NA
"control","LAO_CAN",-0.159255142835252,0.882988884595016,31,NA,NA,NA
"control","LAO_DNK",-0.0491652155212254,1.131957316179,31,NA,NA,NA
"control","LAO_ESP",0.0239142637716619,0.757792084458806,31,NA,NA,NA
"control","LAO_ITA",-0.0628767677601387,1.3823642925196,29,NA,NA,NA
"control","LBN_BGD",0.03146386096188,1.71974267004793,25,NA,NA,NA
"control","LBN_CYP",-0.327848016471988,0.862793592393239,14,NA,NA,NA
"control","LBN_IDN",-0.052625612167385,0.835862732731185,31,NA,NA,NA
"control","LBN_LKA",0.154440904917955,1.24802218378366,30,NA,NA,NA
"control","LBN_NZL",-0.159962226969337,0.534768461057346,31,NA,NA,NA
"control","LBN_PRY",-0.162652539802004,1.45748016540583,31,NA,NA,NA
"control","LBN_TUR",-0.0481191838691952,1.06302751415281,31,NA,NA,NA
"control","LBR_BGD",0.0898057610176052,1.91256137130865,21,NA,NA,NA
"control","LBR_CYP",0.520801003155929,0.886099247016705,17,NA,NA,NA
"control","LBR_IDN",-0.0581650226654614,0.766576849756349,29,NA,NA,NA
"control","LBR_MEX",-0.365004927909689,1.68841432282578,24,NA,NA,NA
"control","LBR_NOR",-0.0970640832570171,1.0401950617831,28,NA,NA,NA
"control","LBR_ROU",-0.0998488091109734,1.09512510655952,25,NA,NA,NA
"control","LBR_TUR",-0.0232986562231845,0.736059321035792,31,NA,NA,NA
"control","LBY_AUS",-0.18802398858308,0.970002252645981,20,NA,NA,NA
"control","LBY_AUT",-0.0727101143986525,1.16909039877505,30,NA,NA,NA
"control","LBY_CYP",0.186818512097347,1.17303975524068,29,NA,NA,NA
"control","LBY_DNK",0.237055471171404,1.31074131286714,27,NA,NA,NA
"control","LBY_FRA",-0.470390195889706,0.917832551716645,31,NA,NA,NA
"control","LBY_NLD",0.285757020574843,0.602164036469024,31,NA,NA,NA
"control","LBY_NOR",0.0909117229128149,0.804716642640358,27,NA,NA,NA
"control","LKA_FRO",0.0473842871268147,1.00844321890136,20,NA,NA,NA
"control","LKA_GMB",-0.0815503909206883,1.2851970692577,31,NA,NA,NA
"control","LKA_LCA",0.0345861324201382,0.745283517765867,30,NA,NA,NA
"control","LKA_MAC",0.138699175632468,0.824530867979737,31,NA,NA,NA
"control","LKA_MDG",0.226376682769185,1.18746140827643,31,NA,NA,NA
"control","LKA_MRT",0.196344745229104,0.573746903868101,31,NA,NA,NA
"control","LKA_PRY",-0.152003295186303,1.01206900555857,31,NA,NA,NA
"control","LKA_SUR",0.145201898975445,1.00103268331416,28,NA,NA,NA
"control","LKA_SWZ",0.315600495729808,0.941101948181116,25,NA,NA,NA
"control","LKA_ZMB",-0.0393654906978924,0.951346496798984,30,NA,NA,NA
"control","LSO_DNK",0.646462627127603,0.867577052158812,13,NA,NA,NA
"control","LSO_ITA",0.681247531846291,1.01915734560995,15,NA,NA,NA
"control","LSO_PAK",0.0130460396831674,1.421462345696,22,NA,NA,NA
"control","MAC_BGD",-0.00901811169565205,1.46238644579294,26,NA,NA,NA
"control","MAC_BRA",0.459331280366139,0.870057207664413,31,NA,NA,NA
"control","MAC_CYP",0.155645232487572,1.10196105353124,30,NA,NA,NA
"control","MAC_DNK",-0.204978291979395,1.08496974422531,31,NA,NA,NA
"control","MAC_MYS",0.361053502601728,0.821560652783995,31,NA,NA,NA
"control","MAC_NLD",0.0492997882959263,0.866060878764163,31,NA,NA,NA
"control","MAC_NZL",-0.0932549760737767,0.996047343559972,31,NA,NA,NA
"control","MAC_OMN",0.16469262932082,0.411694591534068,14,NA,NA,NA
"control","MAR_FJI",0.0986118044776048,0.652862255463648,17,NA,NA,NA
"control","MAR_FRO",0.181821936227657,1.03856657035213,16,NA,NA,NA
"control","MAR_OMN",-0.260932581085807,0.435381716980937,8,NA,NA,NA
"control","MCO_THA",-0.137041001911738,1.06190958011373,8,NA,NA,NA
"control","MDG_CYP",-0.0660709867921174,0.502824768235765,21,NA,NA,NA
"control","MDG_FRO",-0.288652865134258,1.27276891842541,17,NA,NA,NA
"control","MDG_PAK",-0.281668690828745,0.950332079798498,31,NA,NA,NA
"control","MDG_SAU",-0.151883852931575,1.4281407472203,30,NA,NA,NA
"control","MDG_SEN",-0.0915627982401147,1.44803745354784,31,NA,NA,NA
"control","MDV_AUS",0.127133676529888,0.850240653732951,30,NA,NA,NA
"control","MDV_CAN",0.14882302855886,1.00578379786518,31,NA,NA,NA
"control","MDV_DNK",-0.113977831454431,0.549694568002132,30,NA,NA,NA
"control","MDV_ESP",0.0733387724321506,1.10031252533606,31,NA,NA,NA
"control","MDV_MYS",-0.205606759721544,0.923279711644301,30,NA,NA,NA
"control","MDV_NLD",0.113070104258535,0.723571581946364,29,NA,NA,NA
"control","MDV_NZL",0.136585953129288,1.03925200615505,26,NA,NA,NA
"control","MEX_BFA",-0.200353247721907,1.03165436644104,29,NA,NA,NA
"control","MEX_BWA",-0.200050902136299,1.77073648638732,20,NA,NA,NA
"control","MEX_CYP",-0.224258560392635,1.04701128827968,14,NA,NA,NA
"control","MEX_GAB",0.00437001684026875,0.658958605676484,28,NA,NA,NA
"control","MEX_SEN",-0.115649741045688,1.00848076238745,30,NA,NA,NA
"control","MEX_SUR",0.398856380730523,1.36077800642022,31,NA,NA,NA
"control","MLI_BGD",0.25681184215756,0.33408507732702,21,NA,NA,NA
"control","MLI_DNK",-0.146153368411357,1.09391662495776,29,NA,NA,NA
"control","MLI_PNG",-1.16221456899766,0.466376885764443,9,NA,NA,NA
"control","MLI_TUR",-0.0788021531349378,0.871897880578944,26,NA,NA,NA
"control","MLT_CYP",-0.282797639795325,0.608233699400286,14,NA,NA,NA
"control","MLT_MYS",0.153557365527166,0.957674665437024,31,NA,NA,NA
"control","MLT_NZL",-0.0426083807611597,1.12087353170766,31,NA,NA,NA
"control","MLT_OMN",-0.0969303840803211,0.948803715317244,31,NA,NA,NA
"control","MLT_SGP",-0.0279058957705266,0.729617448764248,29,NA,NA,NA
"control","MLT_TUR",0.478708671706294,0.430894824390704,14,NA,NA,NA
"control","MLT_USA",0.152262153461652,1.00491220978481,31,NA,NA,NA
"control","MMR_CAN",-0.0680499521345369,0.91826222243559,31,NA,NA,NA
"control","MMR_DNK",0.0497828014858509,1.35421185365157,31,NA,NA,NA
"control","MMR_ESP",0.0692755563028007,0.947693621480153,31,NA,NA,NA
"control","MMR_GRC",0.00542021663941974,0.761233401432129,31,NA,NA,NA
"control","MMR_NZL",-0.266727203087686,0.653111352613019,20,NA,NA,NA
"control","MMR_OMN",-0.244694742649402,1.08617647487238,27,NA,NA,NA
"control","MMR_SWE",0.0125365254849081,0.642280028272308,30,NA,NA,NA
"control","MMR_TUR",-0.0850084710797989,0.843838463887856,31,NA,NA,NA
"control","MNG_AUS",-0.017199643782255,1.01695217234863,27,NA,NA,NA
"control","MNG_BGD",0.00474782718917406,0.911899179844697,16,NA,NA,NA
"control","MNG_IRL",0.264240632841355,0.81760923493308,27,NA,NA,NA
"control","MNG_MYS",-0.116601648141117,1.04141877052469,29,NA,NA,NA
"control","MNG_PRT",0.248295136695918,0.790733574545107,21,NA,NA,NA
"control","MNG_ROU",-0.379493140782025,0.836543894448591,25,NA,NA,NA
"control","MNG_THA",-0.152045307110825,0.748312104161057,29,NA,NA,NA
"control","MOZ_CYP",-0.350642620405038,1.07751743645298,16,NA,NA,NA
"control","MOZ_GRC",0.0241271607594038,1.21660998726033,19,NA,NA,NA
"control","MOZ_NZL",0.155091664450407,1.07836753886045,25,NA,NA,NA
"control","MOZ_SAU",0.168568795514222,0.970914280493264,26,NA,NA,NA
"control","MOZ_SEN",0.0222231205502654,0.952560730769445,17,NA,NA,NA
"control","MRT_CAN",0.13030792375093,0.821892026998376,29,NA,NA,NA
"control","MRT_CYP",-0.0315044365726367,1.44598803999742,27,NA,NA,NA
"control","MRT_ESP",-0.205920634632687,0.993939492143677,31,NA,NA,NA
"control","MRT_KOR",-0.165697868365245,0.896800859520789,31,NA,NA,NA
"control","MRT_PAK",0.0571564291563028,0.749195400012605,22,NA,NA,NA
"control","MRT_SAU",-0.0469306143820319,1.10848960417178,26,NA,NA,NA
"control","MRT_TUR",-0.00491441501916662,0.81453135157692,27,NA,NA,NA
"control","MSR_CAN",-0.173465680836566,1.26340874827147,31,NA,NA,NA
"control","MSR_NZL",0.191864862820259,0.839333403446672,19,NA,NA,NA
"control","MTQ_ESP",0.220615732354824,1.34441186483307,8,NA,NA,NA
"control","MUS_CYP",0.0330939523057803,1.20317782672821,22,NA,NA,NA
"control","MUS_PAK",0.317860453300366,0.610171011760281,17,NA,NA,NA
"control","MUS_TTO",0.0721906199700524,1.00692544581203,22,NA,NA,NA
"control","MUS_TWN",0.164920165006518,0.67755659528007,31,NA,NA,NA
"control","MWI_ARG",-0.26809846545968,0.774750538254265,25,NA,NA,NA
"control","MWI_BRB",0.143980102494496,0.93489392068476,17,NA,NA,NA
"control","MWI_CYP",-0.00885423740253067,0.92124235471685,19,NA,NA,NA
"control","MWI_GAB",0.00144404527243166,1.04673793163677,18,NA,NA,NA
"control","MWI_HUN",0.0223837685873095,0.86215205141114,28,NA,NA,NA
"control","MWI_LKA",0.0216018453040018,0.979990844676448,24,NA,NA,NA
"control","MWI_MEX",0.185280859953279,1.28860051358748,30,NA,NA,NA
"control","MWI_OMN",0.44419969161238,0.425657446767678,16,NA,NA,NA
"control","MWI_SAU",0.19418429518532,0.965328410546302,23,NA,NA,NA
"control","MYS_AFG",-0.110700760825506,1.08622075928685,31,NA,NA,NA
"control","MYS_ANT",-0.149153289342799,0.770516667857327,22,NA,NA,NA
"control","MYS_BHS",0.0773051533644329,1.20751405789,30,NA,NA,NA
"control","MYS_BLZ",0.267179247852333,1.31264058539816,30,NA,NA,NA
"control","MYS_BTN",-0.262656777264023,1.15917437531201,29,NA,NA,NA
"control","MYS_CIV",-0.113035552630937,1.0628651642881,31,NA,NA,NA
"control","MYS_COD",-0.0404190479567222,0.799244952299464,31,NA,NA,NA
"control","MYS_CRI",0.0739692452854818,1.30753280759839,31,NA,NA,NA
"control","MYS_CXR",0.107511169423534,0.4582696563369,27,NA,NA,NA
"control","MYS_DJI",-0.085801686850932,0.555011795528333,31,NA,NA,NA
"control","MYS_DOM",0.021893609303561,0.870087622968648,31,NA,NA,NA
"control","MYS_FRO",0.12024174677647,1.58155856055152,24,NA,NA,NA
"control","MYS_GIB",0.147363325731634,1.12857894924666,30,NA,NA,NA
"control","MYS_GRL",0.277035524155224,0.924181530093934,23,NA,NA,NA
"control","MYS_KHM",-0.25514109230638,0.939003178543398,9,NA,NA,NA
"control","MYS_LBR",0.209235628286332,1.32347002120739,31,NA,NA,NA
"control","MYS_MAC",-0.285136090041556,1.23973734068096,31,NA,NA,NA
"control","MYS_MDG",0.0377784388499697,1.47315965375642,31,NA,NA,NA
"control","MYS_MWI",0.0423872534242733,0.852057216437162,31,NA,NA,NA
"control","MYS_NER",-0.425407906454869,0.680686909702437,31,NA,NA,NA
"control","MYS_PRY",0.276283458317635,0.859166190771056,31,NA,NA,NA
"control","MYS_SLB",-0.0895144223350506,0.852422500353291,31,NA,NA,NA
"control","MYS_SLE",-0.0568043386611297,1.03802378749223,31,NA,NA,NA
"control","MYS_SPM",-0.426871403614832,1.82282904945622,9,NA,NA,NA
"control","MYS_SYC",0.102019069264816,1.42967360144769,31,NA,NA,NA
"control","MYS_TGO",0.11718290415429,0.495018339871864,31,NA,NA,NA
"control","MYS_UGA",0.0779619429203336,1.09852961440599,31,NA,NA,NA
"control","MYS_WSM",-0.320622028322625,0.904760223594514,31,NA,NA,NA
"control","MYS_YEM",0.156396289678392,0.765403681160888,30,NA,NA,NA
"control","NER_AUS",0.0324165546747223,0.711842278064379,26,NA,NA,NA
"control","NER_CHN",0.142503955886785,1.12962376052583,27,NA,NA,NA
"control","NER_DNK",-0.133205843792039,1.37013461294674,29,NA,NA,NA
"control","NER_EGY",0.0246799923863264,0.908605695790599,23,NA,NA,NA
"control","NER_FIN",0.218081947781518,0.754401918318264,28,NA,NA,NA
"control","NER_IDN",-0.0268888445049538,1.40818694024051,29,NA,NA,NA
"control","NER_NOR",0.199671525354224,1.23038377680517,22,NA,NA,NA
"control","NER_NZL",-0.0147833293316183,1.40167386454576,25,NA,NA,NA
"control","NER_TUR",-0.0440904031152394,1.31723104807343,30,NA,NA,NA
"control","NGA_CYP",-0.138975739716108,1.17997755075403,28,NA,NA,NA
"control","NGA_NOR",-0.00884091672870702,0.785259502520386,30,NA,NA,NA
"control","NGA_NZL",0.00647475844259677,1.01148343859161,26,NA,NA,NA
"control","NGA_PRY",-0.30611524685932,0.627137557972083,12,NA,NA,NA
"control","NGA_SYR",-0.000895679735407858,1.30819793411097,15,NA,NA,NA
"control","NIC_CHN",0.0443201764413658,1.23110961964255,30,NA,NA,NA
"control","NIC_FRO",-0.0071251597474871,0.862012905285345,14,NA,NA,NA
"control","NLD_BLZ",-0.166060521418314,0.665437178165806,17,NA,NA,NA
"control","NLD_LSO",0.251341482366561,1.50532870496246,18,NA,NA,NA
"control","NLD_MAC",0.106111765133396,0.844775046226742,31,NA,NA,NA
"control","NLD_NRU",-0.0847422467015192,1.61097756508021,23,NA,NA,NA
"control","NLD_TCD",0.13906101526183,1.01534749206569,31,NA,NA,NA
"control","NOR_BGD",0.0403953435332104,0.382548453580941,31,NA,NA,NA
"control","NOR_CMR",-0.177566410058953,0.864055498781222,28,NA,NA,NA
"control","NOR_CYP",0.00517517288070946,1.12832112660481,14,NA,NA,NA
"control","NOR_JOR",0.292686659324793,0.61385283603665,10,NA,NA,NA
"control","NOR_NPL",0.0908271816810199,0.837056015249428,29,NA,NA,NA
"control","NOR_PRY",0.0705724899003332,0.698265039953042,31,NA,NA,NA
"control","NOR_ZWE",0.169357640088388,1.13684926159582,29,NA,NA,NA
"control","NPL_CAN",0.0888209278186406,1.25932636647742,31,NA,NA,NA
"control","NPL_DNK",-0.0207312040969289,0.72141252050175,31,NA,NA,NA
"control","NPL_ISL",0.0719911932233325,1.05245402964433,29,NA,NA,NA
"control","NPL_OMN",0.0703196533558635,0.757095289026065,24,NA,NA,NA
"control","NPL_TWN",-0.0786216758076964,0.915998515888835,28,NA,NA,NA
"control","NRU_CAN",-0.18673377826718,0.893630973752619,29,NA,NA,NA
"control","NRU_DEU",0.0142239296335042,0.641021796482488,27,NA,NA,NA
"control","NRU_NLD",0.445574238756026,0.854131927400306,18,NA,NA,NA
"control","NRU_SGP",-0.157692315296786,0.600220765209937,16,NA,NA,NA
"control","NRU_USA",-0.0219443294442926,0.603939634644036,30,NA,NA,NA
"control","NZL_AGO",-0.13811812097503,0.710708495924457,29,NA,NA,NA
"control","NZL_ANT",0.0580782513792372,0.46139059608913,21,NA,NA,NA
"control","NZL_BLZ",-0.232803139017929,0.932458495164654,31,NA,NA,NA
"control","NZL_BMU",-0.0267772889252517,0.643276874265882,31,NA,NA,NA
"control","NZL_CIV",-0.183208661474451,0.995108130399485,30,NA,NA,NA
"control","NZL_COD",-0.16170745563818,0.509970192324371,26,NA,NA,NA
"control","NZL_CUB",-0.264019084832794,1.00002400118389,31,NA,NA,NA
"control","NZL_DOM",-0.197973292383378,1.07551292356099,31,NA,NA,NA
"control","NZL_DZA",0.0408371103058237,0.708174303764717,31,NA,NA,NA
"control","NZL_FLK",-0.0211374450898446,0.984669824729583,29,NA,NA,NA
"control","NZL_FRO",-0.000675343209373565,0.949092479130929,30,NA,NA,NA
"control","NZL_GAB",0.161762663698299,1.20016010142797,28,NA,NA,NA
"control","NZL_GHA",0.00369226813405659,0.985731319272331,31,NA,NA,NA
"control","NZL_GIB",-0.279366571582351,0.896633180411123,31,NA,NA,NA
"control","NZL_GTM",-0.113190909289355,0.77112152399227,31,NA,NA,NA
"control","NZL_HND",-0.149114889957646,1.3672370965095,31,NA,NA,NA
"control","NZL_HTI",0.0802399840126102,1.05149120188076,30,NA,NA,NA
"control","NZL_IRQ",-0.239351049893659,0.963427354724243,21,NA,NA,NA
"control","NZL_KNA",-0.291037030810214,1.07612286087047,31,NA,NA,NA
"control","NZL_MDV",-0.281415456321491,1.02240983288744,31,NA,NA,NA
"control","NZL_MLI",-0.0669110409050789,0.862946827207305,24,NA,NA,NA
"control","NZL_MNG",0.140825793269806,0.791070965438522,26,NA,NA,NA
"control","NZL_MOZ",-0.025623266275226,0.850311017718367,31,NA,NA,NA
"control","NZL_MRT",0.0863481525960387,0.405741850748569,21,NA,NA,NA
"control","NZL_MWI",0.0530697958214227,0.681930902661897,31,NA,NA,NA
"control","NZL_NER",-0.458003196545095,1.02561261948109,26,NA,NA,NA
"control","NZL_NFK",-0.000829920068375061,0.925043643460216,31,NA,NA,NA
"control","NZL_NGA",-0.172077168487085,0.994264166094304,31,NA,NA,NA
"control","NZL_PCN",-0.139920007699181,0.968837328504641,31,NA,NA,NA
"control","NZL_RWA",0.214341599045913,0.709589399281485,28,NA,NA,NA
"control","NZL_SDN",-0.182601435482409,0.920738268271569,30,NA,NA,NA
"control","NZL_SEN",-0.437042768176469,0.710704433727676,31,NA,NA,NA
"control","NZL_SLV",0.270270308830683,1.30785495208457,31,NA,NA,NA
"control","NZL_SYC",0.0342671188026186,1.16259979874084,31,NA,NA,NA
"control","NZL_SYR",-0.243811512178066,0.926250073920468,31,NA,NA,NA
"control","NZL_TGO",0.00866663887813502,1.16480600115893,25,NA,NA,NA
"control","NZL_TKL",0.0169599965544935,1.16383049822544,20,NA,NA,NA
"control","NZL_TUN",-0.127411050888871,1.09695683608462,31,NA,NA,NA
"control","NZL_TZA",0.0481313496907974,1.42720109592285,31,NA,NA,NA
"control","NZL_VNM",0.140657035935181,0.562783085892109,20,NA,NA,NA
"control","NZL_WLF",0.371911852042207,1.13694426335012,31,NA,NA,NA
"control","NZL_YEM",-0.0541596006731477,0.742248463747122,30,NA,NA,NA
"control","NZL_ZMB",0.0123568158571866,1.00193752850602,31,NA,NA,NA
"control","OMN_AUT",0.303995201029043,1.10808787226466,31,NA,NA,NA
"control","OMN_BDI",0.000843289950756449,0.898176507875383,31,NA,NA,NA
"control","OMN_BGD",0.0833699678911412,0.82924344034128,30,NA,NA,NA
"control","OMN_BGR",-0.00421678739598141,1.51112269803549,24,NA,NA,NA
"control","OMN_BRA",-0.128575366596035,1.02085714759698,30,NA,NA,NA
"control","OMN_BRN",-0.229929805496308,1.34690263378234,31,NA,NA,NA
"control","OMN_CAN",-0.129010388660779,0.856379548848712,31,NA,NA,NA
"control","OMN_CHN",0.245055186931273,0.617362987318663,31,NA,NA,NA
"control","OMN_COD",-0.0265507980072062,0.720363276856509,21,NA,NA,NA
"control","OMN_CYP",0.449050466853112,0.625349902878536,31,NA,NA,NA
"control","OMN_DJI",-0.0497253065601559,0.94501058828373,30,NA,NA,NA
"control","OMN_DNK",-0.216528792618437,0.981631511714089,31,NA,NA,NA
"control","OMN_DZA",0.179383801318754,0.382259046559358,18,NA,NA,NA
"control","OMN_ESP",0.0634731362189507,1.27192877405734,31,NA,NA,NA
"control","OMN_FIN",-0.248130192813677,1.09406547010505,30,NA,NA,NA
"control","OMN_FRA",0.00514123749156259,1.10524690597762,31,NA,NA,NA
"control","OMN_GAB",-0.0396705015265671,0.819851876885377,18,NA,NA,NA
"control","OMN_GHA",0.101696018707954,1.25865663595079,29,NA,NA,NA
"control","OMN_IDN",-0.123759784562319,0.956538215666491,31,NA,NA,NA
"control","OMN_IRL",-0.124303528326347,0.65649270663268,31,NA,NA,NA
"control","OMN_IRN",-0.371754079549833,0.817081165482956,30,NA,NA,NA
"control","OMN_ITA",0.246250252648112,0.709749651169668,31,NA,NA,NA
"control","OMN_LBN",-0.260752095273297,0.545263257460895,8,NA,NA,NA
"control","OMN_LKA",0.214429330263796,0.808179439458042,31,NA,NA,NA
"control","OMN_MYS",-0.0180632527792294,1.63869668016854,31,NA,NA,NA
"control","OMN_NGA",-0.116162992300996,1.21251879588773,30,NA,NA,NA
"control","OMN_NZL",0.0756428553707133,0.605809455856877,31,NA,NA,NA
"control","OMN_PAK",0.33408741598933,0.758851861074563,31,NA,NA,NA
"control","OMN_PHL",-0.102476712242561,0.92633243189284,31,NA,NA,NA
"control","OMN_ROU",0.094138372868053,1.35049725032003,28,NA,NA,NA
"control","OMN_SDN",-0.0950293940832342,0.51184742260076,8,NA,NA,NA
"control","OMN_SWE",-0.0348249368411799,0.618418701189683,31,NA,NA,NA
"control","OMN_SYR",0.220298942082339,0.502104578129339,8,NA,NA,NA
"control","OMN_TUN",0.270711221581631,2.22509444048342,8,NA,NA,NA
"control","OMN_TUR",0.109425688661682,0.827090587253124,31,NA,NA,NA
"control","OMN_TWN",-0.343661469030979,0.98400613248362,29,NA,NA,NA
"control","OMN_UGA",0.443486111267613,0.866729270717712,27,NA,NA,NA
"control","OMN_USA",0.458682498486069,1.07664781817412,19,NA,NA,NA
"control","PAK_ARE",-0.341457769021915,1.27602796742905,31,NA,NA,NA
"control","PAK_BHR",-0.201094185679905,1.08970268859762,31,NA,NA,NA
"control","PAK_BHS",-0.243961756252503,0.977247477551838,24,NA,NA,NA
"control","PAK_CYP",-0.112939549888117,1.00189997992401,31,NA,NA,NA
"control","PAK_FRO",0.275335278708609,1.65455904525298,17,NA,NA,NA
"control","PAK_KEN",-0.0551684171632555,0.730355238570979,31,NA,NA,NA
"control","PAK_KWT",-0.0394260038158775,0.999751059683728,31,NA,NA,NA
"control","PAK_MUS",-0.0166164990191286,1.11343089420524,17,NA,NA,NA
"control","PAK_POL",-0.148918167372912,1.26986021322496,31,NA,NA,NA
"control","PAK_QAT",-0.126362416793997,1.42793265369792,31,NA,NA,NA
"control","PAK_SOM",-0.0738301480614232,0.944133948138473,31,NA,NA,NA
"control","PAN_BGD",0.172563785853101,1.14090510672779,24,NA,NA,NA
"control","PAN_CYP",0.154992458064503,0.847136958606474,22,NA,NA,NA
"control","PAN_FRO",0.276225810987154,0.853236181453604,12,NA,NA,NA
"control","PAN_IDN",0.454670785869786,1.03589343851722,31,NA,NA,NA
"control","PAN_MYS",0.121457097353229,1.10104451818864,31,NA,NA,NA
"control","PAN_PRY",-0.214873452025995,1.12696781461412,22,NA,NA,NA
"control","PAN_SGP",-0.0153823519035769,0.70087564737893,16,NA,NA,NA
"control","PAN_TTO",0.181912103500661,0.76809989950822,28,NA,NA,NA
"control","PCN_BGD",0.254756153256704,0.95695251597746,10,NA,NA,NA
"control","PER_BLZ",0.101367740005415,0.32351535756672,27,NA,NA,NA
"control","PER_CYP",-0.107114645022694,0.823454112732312,23,NA,NA,NA
"control","PER_HND",0.158461173581441,0.935241500258641,26,NA,NA,NA
"control","PER_HTI",-0.0179091238618156,1.01466099219952,28,NA,NA,NA
"control","PER_LBN",0.260702002490709,1.19888910780248,30,NA,NA,NA
"control","PER_OMN",0.00111715383705092,0.832676491069873,24,NA,NA,NA
"control","PER_SLV",-0.043616572153744,1.16809237829854,31,NA,NA,NA
"control","PHL_COG",-0.0359478690716328,1.31624702683667,23,NA,NA,NA
"control","PHL_CRI",-0.0420613093710379,1.04782286714625,28,NA,NA,NA
"control","PHL_FRO",-0.0789425020112605,0.840132188131681,19,NA,NA,NA
"control","PHL_MAC",-0.160866543712333,1.39058368941396,31,NA,NA,NA
"control","PHL_SYR",0.102958737510081,1.04715882083222,31,NA,NA,NA
"control","PNG_ARE",-0.345153771495865,0.594590589394564,15,NA,NA,NA
"control","PNG_BHR",-0.202367362610311,0.30726013701274,11,NA,NA,NA
"control","PNG_HUN",-0.47946477072886,1.43736352285104,14,NA,NA,NA
"control","PNG_KWT",-0.227070864301527,1.14669675830717,12,NA,NA,NA
"control","PNG_POL",0.163840841625949,0.474919510649976,16,NA,NA,NA
"control","PNG_PRK",0.334214766657785,0.535123252863378,9,NA,NA,NA
"control","POL_BGD",0.0145525043478454,1.03008691314764,31,NA,NA,NA
"control","POL_CHN",0.13317066424326,1.09819993794908,29,NA,NA,NA
"control","POL_CYP",0.0728823088157622,0.569794577939156,14,NA,NA,NA
"control","POL_IDN",0.162380610324952,0.879038939008617,31,NA,NA,NA
"control","POL_MEX",0.234483016672711,1.36809382842911,14,NA,NA,NA
"control","POL_MYS",-0.10316429486825,0.999309469218959,31,NA,NA,NA
"control","POL_NZL",0.27767728426743,0.730259086950868,31,NA,NA,NA
"control","POL_OMN",0.230579801320027,0.97094237819307,31,NA,NA,NA
"control","POL_PRY",-0.0301608713752388,1.09406983817193,31,NA,NA,NA
"control","POL_SEN",0.127290460841332,1.29667647451542,28,NA,NA,NA
"control","POL_SGP",-0.0166069487792095,1.12181425451126,29,NA,NA,NA
"control","POL_SYR",0.138690919809851,1.26637740123436,12,NA,NA,NA
"control","POL_TTO",0.191737147466921,1.21348986860927,17,NA,NA,NA
"control","PRI_JPN",-0.180345723893053,0.30866056915706,10,NA,NA,NA
"control","PRK_CYP",0.105107548601977,0.674668024764935,21,NA,NA,NA
"control","PRK_ESP",-0.0888982447772201,0.965448324193334,31,NA,NA,NA
"control","PRK_TUR",-0.222154000004836,0.870927388547842,27,NA,NA,NA
"control","PRT_VGB",-0.0236134731865113,0.787956487259076,14,NA,NA,NA
"control","PRT_WSM",-0.0411115529231555,1.05557972738048,19,NA,NA,NA
"control","PRY_AGO",-0.107256238182183,1.27852672389963,22,NA,NA,NA
"control","PRY_ALB",0.259145669556848,1.27738449830986,22,NA,NA,NA
"control","PRY_BHS",0.0255212002797143,0.560002523844447,28,NA,NA,NA
"control","PRY_BMU",0.0814431607124045,0.957213738524892,17,NA,NA,NA
"control","PRY_CHN",0.215448787973446,0.935296448962873,31,NA,NA,NA
"control","PRY_COG",0.231125460116797,0.634969736781041,24,NA,NA,NA
"control","PRY_CPV",0.52990707370048,0.846323126164483,20,NA,NA,NA
"control","PRY_CRI",-0.03046525769337,1.35910504767834,31,NA,NA,NA
"control","PRY_GAB",0.0542612000798802,0.995010317942167,28,NA,NA,NA
"control","PRY_GTM",0.09985212025485,0.8703247713518,31,NA,NA,NA
"control","PRY_GUY",-0.0543882059949975,1.94575745836911,9,NA,NA,NA
"control","PRY_IRL",-0.0863536715473991,1.20115850356862,31,NA,NA,NA
"control","PRY_JAM",-0.0450680167714264,0.993947901133495,23,NA,NA,NA
"control","PRY_LBN",-0.0172681161755816,0.90711453738495,30,NA,NA,NA
"control","PRY_MLI",0.188961230497336,0.687598632088138,11,NA,NA,NA
"control","PRY_MRT",0.91924635981092,1.39595952411898,13,NA,NA,NA
"control","PRY_PAN",0.343170421037747,1.22940512887913,22,NA,NA,NA
"control","PRY_POL",-0.115378266456552,1.77899664526313,30,NA,NA,NA
"control","PRY_PRI",0.42531934560726,1.60158597241241,9,NA,NA,NA
"control","PRY_QAT",0.208528524537515,0.746600955560304,17,NA,NA,NA
"control","PRY_SAU",-0.159125454860986,1.10766551084895,31,NA,NA,NA
"control","PRY_SEN",0.138537021826032,1.00592293250771,30,NA,NA,NA
"control","PRY_TTO",0.131576750997202,1.42426776504411,28,NA,NA,NA
"control","PYF_CAN",0.151352087695946,1.45492798425595,31,NA,NA,NA
"control","PYF_CHN",-0.125799277889845,0.610239072967551,29,NA,NA,NA
"control","PYF_PHL",-0.0803204976256717,0.624931325692563,23,NA,NA,NA
"control","QAT_BGD",-0.284681891844077,0.920484031612572,27,NA,NA,NA
"control","QAT_BRA",-0.128726618223373,0.675692507018818,31,NA,NA,NA
"control","QAT_DJI",0.611789073487007,1.06155661286893,10,NA,NA,NA
"control","QAT_DNK",-0.0876543862801129,1.22133916391105,31,NA,NA,NA
"control","QAT_ESP",0.0557805166784502,0.899880122966102,31,NA,NA,NA
"control","QAT_IDN",-0.0849534722894315,1.25923967913332,31,NA,NA,NA
"control","QAT_MYS",0.0808064905760774,0.677304632932903,31,NA,NA,NA
"control","QAT_NLD",0.151243417611652,1.28270361571835,30,NA,NA,NA
"control","QAT_NZL",-0.00894218899488017,0.567159742863658,31,NA,NA,NA
"control","REU_MDG",-0.330201919107806,0.883956401936055,8,NA,NA,NA
"control","ROU_AFG",-0.107011924456074,0.941220000716062,28,NA,NA,NA
"control","ROU_AGO",-0.12386513076068,1.39613997152998,28,NA,NA,NA
"control","ROU_ALB",0.438164338206411,0.951644189643084,14,NA,NA,NA
"control","ROU_AND",0.0547125240820626,1.21498270323153,15,NA,NA,NA
"control","ROU_ARE",-0.196860801907146,0.785028617897623,31,NA,NA,NA
"control","ROU_BDI",0.0458623756280267,1.52015618965032,30,NA,NA,NA
"control","ROU_BFA",-0.0562783371818291,0.811445385448347,26,NA,NA,NA
"control","ROU_BHR",0.249106696878288,0.836205224504579,31,NA,NA,NA
"control","ROU_BHS",0.143177746557967,0.672952237211223,18,NA,NA,NA
"control","ROU_CAF",-0.0561058366302348,1.17986626264234,28,NA,NA,NA
"control","ROU_CHN",-0.0236891731749186,0.985067581832622,31,NA,NA,NA
"control","ROU_CIV",0.160896012862651,0.727628387429726,26,NA,NA,NA
"control","ROU_COD",0.122003877398116,1.30284105700508,28,NA,NA,NA
"control","ROU_COG",0.0632980615509369,1.19019082423895,29,NA,NA,NA
"control","ROU_CPV",0.188185031915328,1.08125520491482,29,NA,NA,NA
"control","ROU_CRI",-0.282022685910174,0.925908733230573,23,NA,NA,NA
"control","ROU_CYP",-0.135580739477901,0.983328689453759,14,NA,NA,NA
"control","ROU_DJI",-0.283344444337223,1.05795190699597,26,NA,NA,NA
"control","ROU_DMA",-0.286338671061029,0.640761010252339,15,NA,NA,NA
"control","ROU_GAB",0.0820982167576303,1.24252515362605,31,NA,NA,NA
"control","ROU_GIB",0.05877945720717,0.970623364280396,30,NA,NA,NA
"control","ROU_GMB",0.0362012002511203,0.889081928230201,31,NA,NA,NA
"control","ROU_GTM",-0.31175106256427,1.17314515345415,23,NA,NA,NA
"control","ROU_HND",0.15274910663891,1.13910189177322,23,NA,NA,NA
"control","ROU_HTI",-0.320017550169029,0.710850367172944,24,NA,NA,NA
"control","ROU_JAM",-0.2344975438747,0.562412302243651,18,NA,NA,NA
"control","ROU_KEN",0.123205259948702,0.841481413449419,31,NA,NA,NA
"control","ROU_KWT",-0.0101082316270403,1.22869980397132,31,NA,NA,NA
"control","ROU_LBN",-0.0950413872344847,0.672466279890016,17,NA,NA,NA
"control","ROU_LBR",0.393621511555509,0.668106854179396,31,NA,NA,NA
"control","ROU_MLI",-0.188819931875953,0.895264354503821,29,NA,NA,NA
"control","ROU_MNG",-0.103676853412527,0.893181109350314,31,NA,NA,NA
"control","ROU_MRT",0.3871930289425,1.11612469030218,30,NA,NA,NA
"control","ROU_MWI",0.0177477206053168,0.890371539778864,31,NA,NA,NA
"control","ROU_NER",0.0752678649101477,0.936649665564545,29,NA,NA,NA
"control","ROU_NPL",-0.186101855102515,1.08041570632504,26,NA,NA,NA
"control","ROU_OMN",0.204020497650609,0.962707838171445,31,NA,NA,NA
"control","ROU_PAN",0.0165663260629047,1.33096907893681,23,NA,NA,NA
"control","ROU_QAT",-0.195329414629085,0.51789941416756,30,NA,NA,NA
"control","ROU_SAU",0.0422810087141179,1.00648954739423,31,NA,NA,NA
"control","ROU_SEN",0.100157764703698,1.56930449336331,31,NA,NA,NA
"control","ROU_SLV",0.217781936737603,0.972791793941712,23,NA,NA,NA
"control","ROU_SYR",-0.315819414861169,0.942437233032338,17,NA,NA,NA
"control","ROU_UGA",0.10323432528572,0.916270241255849,31,NA,NA,NA
"control","ROU_YEM",0.175659569908037,0.916138009044325,30,NA,NA,NA
"control","ROU_ZMB",-0.061686695223203,0.844821906982804,29,NA,NA,NA
"control","RWA_PAK",-0.403853416336367,1.34700162881682,31,NA,NA,NA
"control","RWA_PRT",0.00983442650858947,1.20954183785262,27,NA,NA,NA
"control","SAU_BGD",-0.0164061723251227,0.807774228129853,30,NA,NA,NA
"control","SAU_BRA",-0.0181073945933292,1.03802674859413,31,NA,NA,NA
"control","SAU_CYP",-0.144748025224428,0.660762485597289,31,NA,NA,NA
"control","SAU_DNK",-0.19299981814903,0.764236220075072,31,NA,NA,NA
"control","SAU_DZA",-0.0677078707767911,1.20785569967067,19,NA,NA,NA
"control","SAU_ESP",-0.0542392386801588,1.17407730221557,31,NA,NA,NA
"control","SAU_PAK",0.221887378354948,1.14070260742957,31,NA,NA,NA
"control","SAU_PHL",-0.185879379475448,1.22022787631824,30,NA,NA,NA
"control","SAU_ROU",-0.207673111951181,0.90063551680174,31,NA,NA,NA
"control","SDN_CYP",0.253450588062132,1.26364437063822,28,NA,NA,NA
"control","SDN_NZL",-0.191265151147881,1.02598883173385,29,NA,NA,NA
"control","SDN_OMN",0.150795171953864,0.783239394561581,8,NA,NA,NA
"control","SEN_BHR",0.0125405780004807,0.747629046796114,17,NA,NA,NA
"control","SEN_BRA",-0.0978046699236895,1.23220782430601,31,NA,NA,NA
"control","SEN_CYP",0.179183090539456,0.572517166183537,27,NA,NA,NA
"control","SEN_EGY",-0.156723615436672,0.750849013847178,26,NA,NA,NA
"control","SEN_MYS",0.0289777667886813,0.924009786256761,31,NA,NA,NA
"control","SEN_PRK",0.166649740341022,2.13219078191232,20,NA,NA,NA
"control","SGP_ANT",-0.305960514991403,0.79175274229016,22,NA,NA,NA
"control","SGP_BHS",0.135775879251706,1.15234208342608,31,NA,NA,NA
"control","SGP_BMU",0.0465256055926853,1.34479661966526,31,NA,NA,NA
"control","SGP_GIB",-0.279076247135775,0.47040393257874,19,NA,NA,NA
"control","SGP_MDG",-0.00583829743490411,1.19384055780476,31,NA,NA,NA
"control","SGP_NRU",-0.366362808213334,1.51868792454689,17,NA,NA,NA
"control","SGP_UGA",-0.146592165710939,1.26912583228088,31,NA,NA,NA
"control","SGP_VCT",0.101095939178574,1.00734223874618,31,NA,NA,NA
"control","SGP_YEM",-0.228675014174406,0.673576984169916,30,NA,NA,NA
"control","SHN_CAN",0.0867400789722661,1.38059801723316,28,NA,NA,NA
"control","SLB_CAN",-0.194416828788881,1.05832364233588,30,NA,NA,NA
"control","SLB_CHE",-0.294646965245268,0.662822447423125,22,NA,NA,NA
"control","SLB_MYS",-0.0665317936250217,1.01230603539696,30,NA,NA,NA
"control","SLE_BRA",-0.102706999327668,1.35185592848583,24,NA,NA,NA
"control","SLE_CYP",-0.231202291154805,2.08699662178014,12,NA,NA,NA
"control","SLE_IRL",0.20157393969046,0.770055603691607,31,NA,NA,NA
"control","SLE_JOR",-0.429626543147243,0.757390030547774,11,NA,NA,NA
"control","SLE_MYS",0.0607028640763207,1.29085022356273,31,NA,NA,NA
"control","SLE_NZL",0.22311694632941,1.32518292899922,24,NA,NA,NA
"control","SLV_BRA",0.0727392271857207,1.24791896986751,29,NA,NA,NA
"control","SLV_CYP",0.176662426366642,0.88401031873823,21,NA,NA,NA
"control","SLV_IND",0.145356307254155,0.606900624611433,29,NA,NA,NA
"control","SLV_KOR",-0.0365885226566866,0.84943470889782,31,NA,NA,NA
"control","SLV_MAR",-0.140577021651774,0.970798220769311,26,NA,NA,NA
"control","SLV_MEX",0.559304539944935,0.565736050730263,11,NA,NA,NA
"control","SLV_PRY",-0.124728830168164,0.982110349840088,31,NA,NA,NA
"control","SLV_SYR",-0.0651265995724539,1.3540032102556,8,NA,NA,NA
"control","SLV_TUR",0.107153778751205,0.625094468262281,28,NA,NA,NA
"control","SLV_TWN",0.102371821603647,1.0631550486135,14,NA,NA,NA
"control","SOM_BRA",0.12307637049871,0.573245519259491,19,NA,NA,NA
"control","SOM_CAN",-0.23294334012559,0.959487883046005,28,NA,NA,NA
"control","SOM_DNK",-0.00112937379953435,1.6343760155232,18,NA,NA,NA
"control","SOM_ESP",0.18866397587133,1.66472574822744,29,NA,NA,NA
"control","SOM_OMN",-0.0437837288871525,1.22013562140262,30,NA,NA,NA
"control","SOM_SGP",-0.0425132819631626,1.02967143984035,22,NA,NA,NA
"control","SOM_SWE",0.167274054840775,1.13532709794989,27,NA,NA,NA
"control","SOM_THA",-0.0911363907048564,1.0205066303663,28,NA,NA,NA
"control","SPM_CAN",0.00903194790054607,0.931827370572443,31,NA,NA,NA
"control","SPM_CYP",-0.933938153797682,0.242640228264724,10,NA,NA,NA
"control","SPM_KOR",0.697456096055898,2.24200489220016,9,NA,NA,NA
"control","STP_CAN",0.0115467094067032,1.37444693630527,26,NA,NA,NA
"control","STP_DEU",-0.0540232746918391,0.80208190384256,30,NA,NA,NA
"control","STP_ESP",0.0716459902611362,1.27023055444757,30,NA,NA,NA
"control","SUR_CAN",-0.0155650631127082,0.872756002685351,30,NA,NA,NA
"control","SUR_DNK",-0.208895976853937,0.748835273844503,11,NA,NA,NA
"control","SUR_MAR",-0.12876893676904,0.887521252589825,26,NA,NA,NA
"control","SUR_PRT",-0.172860605563609,0.639047837100906,17,NA,NA,NA
"control","SUR_SEN",-0.0360547862914067,0.956831084489835,14,NA,NA,NA
"control","SUR_ZAF",-0.0982421429168445,1.02095007188964,26,NA,NA,NA
"control","SWE_BGD",-0.197660146720552,0.838352236829216,31,NA,NA,NA
"control","SWE_BRB",0.0489144972988882,0.544921733829012,16,NA,NA,NA
"control","SWE_CMR",-0.303382423213997,0.882422821873238,23,NA,NA,NA
"control","SWE_MNG",0.426978237950289,0.976041221282595,29,NA,NA,NA
"control","SWE_PRY",0.159495113486791,0.69481635169663,31,NA,NA,NA
"control","SWZ_AUS",-0.19856591497932,1.48811894264006,22,NA,NA,NA
"control","SWZ_ESP",-0.287713669229518,1.13953108248684,22,NA,NA,NA
"control","SWZ_FRO",0.0158769809026623,1.26931253396084,13,NA,NA,NA
"control","SWZ_GRD",0.141645789644525,0.697407223800168,20,NA,NA,NA
"control","SWZ_PAK",-0.0794152441615835,1.36587227633698,28,NA,NA,NA
"control","SWZ_PRT",0.18564398940019,1.15790451989341,18,NA,NA,NA
"control","SWZ_SEN",0.272418704171087,1.08083780977881,17,NA,NA,NA
"control","SYC_DNK",-0.0629264012737446,0.877273752796695,21,NA,NA,NA
"control","SYC_ESP",0.123506722002578,0.702531501540011,22,NA,NA,NA
"control","SYC_IND",0.166448511258458,0.625065946588345,27,NA,NA,NA
"control","SYC_MYS",0.100763447814709,0.83149090562078,30,NA,NA,NA
"control","SYC_NLD",-0.251188586109545,0.931620693475143,21,NA,NA,NA
"control","SYC_PAK",-0.0182992209055422,0.655965117699981,24,NA,NA,NA
"control","SYC_PRT",-0.177304827583072,0.899996549000883,16,NA,NA,NA
"control","SYC_SGP",0.0698222262957005,1.12690857893281,31,NA,NA,NA
"control","SYC_USA",0.0377394876600187,0.65459769270906,31,NA,NA,NA
"control","SYR_BGD",-0.251350873315418,1.30850748254095,23,NA,NA,NA
"control","SYR_COL",-0.00993477825811284,0.982546684969679,31,NA,NA,NA
"control","SYR_HUN",-0.368195938766579,1.94052712940686,13,NA,NA,NA
"control","SYR_IDN",0.0610757914000953,0.778848442108813,30,NA,NA,NA
"control","SYR_IRN",0.244203112204161,0.644166746105568,22,NA,NA,NA
"control","SYR_KOR",-0.381730145924699,1.05702154701376,31,NA,NA,NA
"control","SYR_LKA",-0.0515542444871609,0.711256636367908,29,NA,NA,NA
"control","SYR_THA",-0.202530484580268,0.641494151346237,31,NA,NA,NA
"control","TCD_DNK",0.149609281309653,1.49249475366394,22,NA,NA,NA
"control","TCD_FIN",-0.412350279084497,0.406199019381155,18,NA,NA,NA
"control","TCD_IDN",-0.253365118170149,1.14458570803126,25,NA,NA,NA
"control","TCD_PAK",-0.0225769371468674,0.95575849618043,28,NA,NA,NA
"control","TCD_TUR",-0.0539146719872523,0.683006938122245,25,NA,NA,NA
"control","TCD_TWN",-0.128821798590321,0.9671632740691,31,NA,NA,NA
"control","TGO_CHN",-0.166256783160809,1.36519887981018,31,NA,NA,NA
"control","TGO_CMR",0.0383045784051132,1.09847183593632,30,NA,NA,NA
"control","TGO_IDN",-0.121553307270747,0.929621441139362,31,NA,NA,NA
"control","TGO_IRL",-0.374224652697796,1.33679229968475,31,NA,NA,NA
"control","TGO_MYS",0.0955777555977217,0.678232854284183,31,NA,NA,NA
"control","TGO_NZL",0.394854944827253,1.08481493466893,20,NA,NA,NA
"control","TGO_TUR",-0.143756090832197,0.887079887157583,26,NA,NA,NA
"control","THA_AFG",0.0995612409201198,0.931096815300387,31,NA,NA,NA
"control","THA_ALB",0.103639169273267,0.760381918644606,31,NA,NA,NA
"control","THA_AND",-0.575049481874603,0.710996801207658,31,NA,NA,NA
"control","THA_ANT",-0.2965221023055,1.19256900366241,22,NA,NA,NA
"control","THA_ATF",-0.0320496195046823,1.24003504128,29,NA,NA,NA
"control","THA_BDI",-0.0942790032272675,1.53743356786907,31,NA,NA,NA
"control","THA_BFA",0.138085359109796,0.913688407304128,31,NA,NA,NA
"control","THA_BHS",-0.00816734805222225,0.941777656355249,31,NA,NA,NA
"control","THA_BLZ",0.13271541173677,1.15730398942364,31,NA,NA,NA
"control","THA_BMU",0.0833909519346962,1.01140993646676,31,NA,NA,NA
"control","THA_BTN",-0.0737928380070455,0.628758144538106,31,NA,NA,NA
"control","THA_COK",-0.0961759245036381,1.17573369511188,31,NA,NA,NA
"control","THA_CPV",0.158912587487403,1.30852438795457,31,NA,NA,NA
"control","THA_FLK",-0.055711086723884,0.82097654057299,24,NA,NA,NA
"control","THA_GIB",0.183188419662767,0.844543369927265,31,NA,NA,NA
"control","THA_GRL",-0.00475682469858346,1.15601807605121,31,NA,NA,NA
"control","THA_KHM",-0.0886241375109253,1.10719734962655,9,NA,NA,NA
"control","THA_MNG",0.186529274348181,0.892614539549173,31,NA,NA,NA
"control","THA_MWI",0.0941716687676504,0.95041820614398,31,NA,NA,NA
"control","THA_NRU",0.298380423260956,0.832051963436443,29,NA,NA,NA
"control","THA_PAN",-0.0884435191369595,1.36149708534334,31,NA,NA,NA
"control","THA_PRY",0.233984597760269,0.796817974882914,31,NA,NA,NA
"control","THA_RWA",0.160240628201388,1.05440814768344,31,NA,NA,NA
"control","THA_SLB",0.33566050420753,0.461104867211915,31,NA,NA,NA
"control","THA_SLV",-0.182425545167264,1.26110957054946,31,NA,NA,NA
"control","THA_TCD",-0.017184650991082,0.82348352055293,31,NA,NA,NA
"control","THA_TON",-0.256727218804672,0.939977623986688,31,NA,NA,NA
"control","THA_UGA",0.3370078806479,0.859687656727859,31,NA,NA,NA
"control","THA_VGB",0.0217189293010199,0.934736456202203,30,NA,NA,NA
"control","THA_WSM",-0.147855543874267,0.671388797562991,31,NA,NA,NA
"control","THA_YEM",0.0554932904822635,0.631653018045554,30,NA,NA,NA
"control","TTO_GLP",0.250469277389608,1.39089366501997,8,NA,NA,NA
"control","TTO_MTQ",-0.243987855836518,1.47642736143557,10,NA,NA,NA
"control","TTO_NZL",0.071758552857024,0.730009734392867,31,NA,NA,NA
"control","TUN_COG",0.0832627813278333,1.07182804157729,30,NA,NA,NA
"control","TUN_CYP",-0.00576108791747709,1.02738136636552,14,NA,NA,NA
"control","TUN_JAM",0.337928435572993,1.19838547606281,27,NA,NA,NA
"control","TUN_OMN",0.059731010289759,0.503904587455698,8,NA,NA,NA
"control","TUR_AGO",-0.268261725914086,1.20688031093262,31,NA,NA,NA
"control","TUR_AND",0.0293317781729792,0.886085356369131,30,NA,NA,NA
"control","TUR_ANT",-0.108521241569965,1.04731178910663,20,NA,NA,NA
"control","TUR_BDI",-0.0355799942808097,0.914552479886028,31,NA,NA,NA
"control","TUR_BEN",0.3496549756032,1.45156081943097,31,NA,NA,NA
"control","TUR_BFA",0.123156506816081,1.32143505907747,31,NA,NA,NA
"control","TUR_BMU",0.0902174708807049,1.03257533777099,31,NA,NA,NA
"control","TUR_CIV",-0.0938651420609519,0.758253106586041,31,NA,NA,NA
"control","TUR_COD",0.0757211203498007,0.706009160391703,29,NA,NA,NA
"control","TUR_COG",-0.159105767723193,0.691176963801263,31,NA,NA,NA
"control","TUR_DMA",-0.226785887661778,0.630733469822592,30,NA,NA,NA
"control","TUR_DOM",0.213387861725344,1.04481722712741,30,NA,NA,NA
"control","TUR_ECU",-0.0716283025702496,1.09959673677249,31,NA,NA,NA
"control","TUR_FRO",0.227229598438092,0.968567222229805,22,NA,NA,NA
"control","TUR_GAB",-0.119485348515828,0.965140450648605,31,NA,NA,NA
"control","TUR_GHA",0.217441955606184,1.01505933466607,31,NA,NA,NA
"control","TUR_GIB",-0.11882606496059,0.862733083456095,26,NA,NA,NA
"control","TUR_GIN",-0.229252554810323,1.49615310116139,31,NA,NA,NA
"control","TUR_GMB",-0.26776071847319,0.746208085328167,31,NA,NA,NA
"control","TUR_HTI",0.1503700775832,0.869007811999324,31,NA,NA,NA
"control","TUR_KEN",0.131581600054,1.363027559083,31,NA,NA,NA
"control","TUR_LBR",0.10745987506794,0.957643863864016,31,NA,NA,NA
"control","TUR_LCA",-0.1013438884534,0.473145571087312,29,NA,NA,NA
"control","TUR_MAC",0.308199897707965,1.19839968075989,30,NA,NA,NA
"control","TUR_MDG",0.240608710690794,1.33112428343531,31,NA,NA,NA
"control","TUR_MLI",0.349250774955602,1.04867606372777,31,NA,NA,NA
"control","TUR_MRT",0.0805505821173146,0.784017356014778,31,NA,NA,NA
"control","TUR_NER",-0.10746983014078,1.1882554653126,31,NA,NA,NA
"control","TUR_NIC",0.235568141233626,0.956423115487799,31,NA,NA,NA
"control","TUR_NPL",0.310487408735644,0.825407231874316,29,NA,NA,NA
"control","TUR_OMN",0.0542439148069083,0.5699756255797,31,NA,NA,NA
"control","TUR_RWA",0.195941545415776,0.629218823030992,28,NA,NA,NA
"control","TUR_SEN",-0.0536997568652793,0.785318937563378,31,NA,NA,NA
"control","TUR_SLE",0.313605348372298,0.764708074600127,31,NA,NA,NA
"control","TUR_SUR",-0.0927793303375393,1.31722959313971,28,NA,NA,NA
"control","TUR_SYC",0.340433614091469,1.03062512756823,27,NA,NA,NA
"control","TUR_TGO",-0.316043478783575,0.849583761805146,31,NA,NA,NA
"control","TUR_UGA",0.230222290917531,0.814195996496149,31,NA,NA,NA
"control","TUR_VCT",0.244526855917803,0.867190713717063,29,NA,NA,NA
"control","TUR_VGB",-0.152314428281031,1.25895027807625,24,NA,NA,NA
"control","TUR_VNM",-0.0781427603553023,0.697747292384531,28,NA,NA,NA
"control","TUR_YEM",-0.0797050428180903,0.894333701967536,30,NA,NA,NA
"control","TUR_ZMB",-0.0435323271359874,1.44272389435318,31,NA,NA,NA
"control","TUR_ZWE",-0.239970401319636,1.18114143114151,31,NA,NA,NA
"control","TUV_DEU",-0.391952228129235,1.03312927421531,23,NA,NA,NA
"control","TUV_ESP",-0.0705097300493912,0.734093144068516,21,NA,NA,NA
"control","TWN_BFA",0.209268153186557,0.773862525790118,28,NA,NA,NA
"control","TWN_BHS",-0.235986501262442,0.705227206225484,26,NA,NA,NA
"control","TWN_DMA",-0.145715990523066,0.789201067775689,28,NA,NA,NA
"control","TWN_FRO",0.172468336799237,1.65831038752111,25,NA,NA,NA
"control","TWN_GUY",0.270526784471884,1.24485259293162,26,NA,NA,NA
"control","TWN_HUN",-0.293905125187767,0.78659842504435,29,NA,NA,NA
"control","TWN_MAC",0.135367627250503,1.15385379724136,31,NA,NA,NA
"control","TWN_MMR",-0.182166489060771,0.463838516077099,27,NA,NA,NA
"control","TWN_SDN",0.13594813218048,1.30598068649773,26,NA,NA,NA
"control","TWN_SEN",-0.062827689924893,0.72360428558776,31,NA,NA,NA
"control","TWN_TUN",-0.084964010450368,1.43044881609309,30,NA,NA,NA
"control","TZA_CYP",0.0103940214264585,0.678150937157689,30,NA,NA,NA
"control","TZA_FRO",-0.122848045763084,1.50219407234638,13,NA,NA,NA
"control","TZA_MAC",0.104360119220003,1.20170740773702,22,NA,NA,NA
"control","UGA_IDN",0.110759381701165,0.849824744379969,31,NA,NA,NA
"control","UGA_ISL",-0.0443840133245638,1.09637295895062,24,NA,NA,NA
"control","UGA_JOR",-0.477970075534598,0.692159229189618,29,NA,NA,NA
"control","UGA_MAR",-0.277578364431382,0.788408622459292,26,NA,NA,NA
"control","UGA_MYS",0.177069229270473,1.28865303877442,31,NA,NA,NA
"control","UGA_PAK",-0.0299585968714422,0.781071006659429,31,NA,NA,NA
"control","UGA_SAU",0.085008676821999,0.612042221363,29,NA,NA,NA
"control","UGA_THA",-0.40283729232744,1.2969930669317,30,NA,NA,NA
"control","UGA_TUR",0.286655345740333,1.04580446921219,31,NA,NA,NA
"control","URY_ARE",-0.0597944925515165,0.676901376702685,31,NA,NA,NA
"control","URY_FJI",0.245450269004026,0.994017086138791,23,NA,NA,NA
"control","URY_IDN",-0.229992443157488,1.01574159995567,31,NA,NA,NA
"control","URY_IRN",0.0152954101493806,1.28044065709166,30,NA,NA,NA
"control","URY_MAC",0.126297688807142,1.38730982170692,29,NA,NA,NA
"control","URY_PAN",-0.00893471839182085,1.02103708641416,20,NA,NA,NA
"control","URY_SEN",-0.0749343883935595,1.20923115684098,28,NA,NA,NA
"control","URY_SGP",0.00948416373495404,0.983900109217693,31,NA,NA,NA
"control","URY_TGO",0.00695537682705886,0.797033581044491,19,NA,NA,NA
"control","USA_AFG",0.111222063883128,1.15848579317803,30,NA,NA,NA
"control","USA_CAF",0.20022275042684,1.2847244098218,30,NA,NA,NA
"control","USA_IRN",0.0779782368160476,0.939346330697969,31,NA,NA,NA
"control","USA_LBY",-0.161311009067732,0.802946485197251,23,NA,NA,NA
"control","USA_LSO",0.273608618659924,1.73648821062392,31,NA,NA,NA
"control","USA_NIU",-0.128422412862442,0.618227613849578,30,NA,NA,NA
"control","USA_NRU",-0.247433310054775,0.909694186155194,30,NA,NA,NA
"control","USA_STP",-0.261247816322872,0.92551003110412,31,NA,NA,NA
"control","USA_UGA",0.117338525474744,1.32016312763591,30,NA,NA,NA
"control","USA_VNM",0.0407871461071609,1.18697129005858,30,NA,NA,NA
"control","VCT_AUS",-0.0736463080410975,0.798555564151141,27,NA,NA,NA
"control","VCT_DNK",-0.386076720193212,1.51147615856736,14,NA,NA,NA
"control","VCT_ESP",-0.280861531561536,0.945005235977777,18,NA,NA,NA
"control","VCT_NLD",-0.0185433265764013,0.678704694514814,17,NA,NA,NA
"control","VCT_PRT",0.0908457230046631,0.98650779989309,14,NA,NA,NA
"control","VEN_CYP",0.159390685584792,1.3381756692198,29,NA,NA,NA
"control","VEN_DOM",0.0400100586217184,0.92882533692622,31,NA,NA,NA
"control","VEN_JOR",0.0337308631172085,1.02180159607888,29,NA,NA,NA
"control","VEN_NZL",-0.150494349464855,1.12629003181613,31,NA,NA,NA
"control","VEN_OMN",-0.216183603340067,0.763401279891155,28,NA,NA,NA
"control","VEN_SGP",0.0254438531505602,0.607021241916138,9,NA,NA,NA
"control","VEN_SLV",-0.0371362437764546,0.825729350913248,29,NA,NA,NA
"control","VEN_TUR",0.145951182498973,0.612023403580642,31,NA,NA,NA
"control","VGB_CAN",-0.0897629571678431,1.25990002359306,29,NA,NA,NA
"control","VGB_CHE",-0.163709521976212,1.2913417910912,31,NA,NA,NA
"control","VGB_NZL",-0.0237389478164136,1.1867189659062,18,NA,NA,NA
"control","VNM_CYP",0.133034050940693,0.703146636245361,30,NA,NA,NA
"control","VNM_SEN",0.0659242334479469,0.903500942170003,30,NA,NA,NA
"control","VUT_CHN",-0.0118316366345289,0.731759749197923,26,NA,NA,NA
"control","VUT_DNK",0.54659905860826,0.725106117056265,17,NA,NA,NA
"control","VUT_ESP",-4.07865336075357e-05,1.02121130573414,30,NA,NA,NA
"control","VUT_PRT",0.212058155885368,0.371683867502475,8,NA,NA,NA
"control","VUT_TWN",-0.237872240033667,1.19110921851618,29,NA,NA,NA
"control","WSM_CAN",-0.0387705333036506,0.712634848189857,25,NA,NA,NA
"control","WSM_NLD",0.449551913312278,0.892511640882915,24,NA,NA,NA
"control","YEM_ESP",0.24629602507149,0.764721119511946,30,NA,NA,NA
"control","YEM_FIN",0.234011250071328,0.757122202748974,24,NA,NA,NA
"control","YEM_IDN",0.0414394225337593,0.81861243879701,30,NA,NA,NA
"control","YEM_MYS",0.0279110878793708,0.978709317903152,29,NA,NA,NA
"control","YEM_SGP",0.112768262453013,1.45962887509309,30,NA,NA,NA
"control","YEM_TUR",-0.0691549402326072,1.26597535561505,30,NA,NA,NA
"control","ZAF_ISR",-0.0849824067071397,0.825975872653972,28,NA,NA,NA
"control","ZAF_MAC",-0.195998300698606,0.609702793672662,29,NA,NA,NA
"control","ZAF_MAR",-0.0774436412876268,1.17247831696454,28,NA,NA,NA
"control","ZAF_MEX",0.245056291101983,0.993394843807113,30,NA,NA,NA
"control","ZMB_BRA",0.0708527169855292,1.40301981966722,28,NA,NA,NA
"control","ZMB_CAN",0.0337566554705714,1.33522153004647,31,NA,NA,NA
"control","ZMB_CYP",-0.0794246082249332,0.475578234268153,28,NA,NA,NA
"control","ZMB_MYS",-0.018070516621654,1.21726449337164,31,NA,NA,NA
"control","ZMB_NZL",0.0697661195362959,0.700741009253159,28,NA,NA,NA
"control","ZMB_SGP",0.0540711123127548,1.35759740224317,31,NA,NA,NA
"control","ZMB_TUR",0.00997876509579661,0.824527296611536,27,NA,NA,NA
"control","ZMB_TWN",-0.146264577970394,0.922008605984776,30,NA,NA,NA
"control","ZWE_CYP",-0.0738891080015932,1.08043521959409,22,NA,NA,NA
"control","ZWE_SEN",-0.233360745946463,1.57169065760645,31,NA,NA,NA
"control","ZWE_TUR",0.231179571783174,1.13280122593401,31,NA,NA,NA
"control","AFG_ARG",0.134936195462419,0.949217542738605,20,NA,NA,NA
"control","AFG_IDN",0.0431590626474497,0.574111233951075,27,NA,NA,NA
"control","AFG_IRL",0.0478067459318768,1.12740282160387,30,NA,NA,NA
"control","AFG_LKA",-0.266916570960037,0.640719012546309,18,NA,NA,NA
"control","AFG_MDG",0.0599900904470836,0.841696493857183,17,NA,NA,NA
"control","AFG_MEX",-0.0756705061640006,0.809505752871432,30,NA,NA,NA
"control","AGO_AUS",0.157025136254006,1.0649703613542,25,NA,NA,NA
"control","AGO_BGD",0.320076202632194,1.62056497868862,10,NA,NA,NA
"control","AGO_CHL",0.11860707488528,0.772507949861661,27,NA,NA,NA
"control","AGO_CYP",-0.0244411787224129,0.779696572745884,12,NA,NA,NA
"control","AGO_MEX",0.177512461787197,1.11788663106205,30,NA,NA,NA
"control","AGO_MYS",-0.0655880998360152,1.52989865945105,21,NA,NA,NA
"control","ALB_BRA",-0.1244270878233,1.18008766365747,26,NA,NA,NA
"control","ALB_CHL",-0.0093558265631122,1.04943414636215,28,NA,NA,NA
"control","ALB_GBR",0.331976851022967,1.53825730619476,13,NA,NA,NA
"control","ALB_IDN",-0.13905332444889,0.892469911503144,28,NA,NA,NA
"control","ALB_MEX",0.393388310669138,1.111829520249,30,NA,NA,NA
"control","ALB_MYS",-0.279946098255958,0.823949318770863,25,NA,NA,NA
"control","ALB_PRT",-0.238769105372645,0.487050559340621,14,NA,NA,NA
"control","ALB_VEN",0.0751906999765058,1.04986308773941,21,NA,NA,NA
"control","AND_MDG",-0.257115341583476,1.58590094824875,18,NA,NA,NA
"control","AND_MEX",-0.378896368081373,1.49609017668916,27,NA,NA,NA
"control","AND_MYS",0.111269425839174,0.866516665434637,27,NA,NA,NA
"control","ANT_CHL",-0.0353190814806043,1.08606670762971,17,NA,NA,NA
"control","ANT_LKA",0.125607539137078,0.877681840966036,14,NA,NA,NA
"control","ANT_MEX",-0.00857271907879483,1.06857579276759,21,NA,NA,NA
"control","ARE_CHL",0.0166548884003617,0.550148293579154,30,NA,NA,NA
"control","ARE_COL",-0.0902415889282153,1.37100629540249,30,NA,NA,NA
"control","ARE_MDG",-0.0834307500081775,0.688500246892171,30,NA,NA,NA
"control","ARE_ROU",0.203416626914447,0.95056558962426,30,NA,NA,NA
"control","ARG_KEN",0.0554358328513678,0.713555198644956,30,NA,NA,NA
"control","ARG_LAO",-0.219904314363655,1.21056725907173,15,NA,NA,NA
"control","ARG_LBR",0.25618172732422,1.61360614745061,29,NA,NA,NA
"control","ARG_MDG",-0.0855239096176101,1.0906444508379,30,NA,NA,NA
"control","ARG_MWI",0.408285944174016,1.58692560140327,29,NA,NA,NA
"control","ARG_QAT",-0.204632379721083,0.901433979514571,30,NA,NA,NA
"control","ARG_VCT",0.0678451600887075,0.86120223982187,28,NA,NA,NA
"control","ATF_CAN",0.910511491382141,0.83071722283081,20,NA,NA,NA
"control","ATF_MDG",-0.147362483018168,1.28301477993901,10,NA,NA,NA
"control","ATG_ITA",0.0536151106171822,0.684393029783609,13,NA,NA,NA
"control","ATG_LKA",-0.227423849897205,1.23969801084394,23,NA,NA,NA
"control","ATG_MDG",0.0143688256300776,1.27779846567506,17,NA,NA,NA
"control","ATG_MEX",-0.0796458608665057,1.07726793634279,28,NA,NA,NA
"control","ATG_MYS",-0.0147300129689234,0.650427237854315,25,NA,NA,NA
"control","ATG_NOR",-0.0779814460707282,1.25861402450669,19,NA,NA,NA
"control","AUS_COG",-0.0724258870549786,0.815305119588843,29,NA,NA,NA
"control","AUS_NAM",-0.0940628384877247,0.93325631708361,26,NA,NA,NA
"control","AUS_VGB",-0.0357564089426341,0.906397625593379,29,NA,NA,NA
"control","AUT_ATG",-0.0562970667836796,0.537308953922155,14,NA,NA,NA
"control","AUT_BRB",-0.254953797116927,0.873066082184486,17,NA,NA,NA
"control","AUT_CRI",-0.219250803397194,0.753001247053129,19,NA,NA,NA
"control","AUT_KWT",-0.0245160609336618,0.90685619593998,30,NA,NA,NA
"control","AUT_MAC",0.195566367566448,1.0049368088427,30,NA,NA,NA
"control","AUT_MDG",-0.518007270262688,1.13471022412419,21,NA,NA,NA
"control","AUT_MMR",0.222610272652894,1.02583844115392,28,NA,NA,NA
"control","AUT_MWI",0.259661122372017,0.725213827971942,29,NA,NA,NA
"control","AUT_NGA",-0.0947151625643557,1.40070580221405,28,NA,NA,NA
"control","AUT_SYC",0.213390107147766,1.52143511158653,20,NA,NA,NA
"control","BDI_CHL",0.521502992915339,0.600103627034973,23,NA,NA,NA
"control","BEN_AUT",0.130919428133185,0.90806977811107,30,NA,NA,NA
"control","BEN_MDG",0.197327829444376,0.808349406819675,22,NA,NA,NA
"control","BFA_LBY",0.126925346462102,0.928107757286031,18,NA,NA,NA
"control","BFA_MEX",-0.19745130762908,0.522093868539317,28,NA,NA,NA
"control","BFA_MYS",-0.0440215245412417,0.465343943786693,28,NA,NA,NA
"control","BGD_ANT",-0.0434030674216079,0.558952764878369,13,NA,NA,NA
"control","BGD_BMU",-0.177265357630071,0.864508656944437,21,NA,NA,NA
"control","BGD_COD",0.047848306500534,1.14477339829906,17,NA,NA,NA
"control","BGD_COM",0.0472646160712465,1.08056394257253,18,NA,NA,NA
"control","BGD_GMB",-0.304836550603897,1.04313953526211,25,NA,NA,NA
"control","BGD_KHM",0.136447704729406,0.793825308077304,23,NA,NA,NA
"control","BGD_MDG",-0.417193246050046,1.1030916415562,30,NA,NA,NA
"control","BGD_MNG",0.0389986955606614,0.72858690140855,23,NA,NA,NA
"control","BGD_MSR",-0.120193441853141,0.892209220231982,9,NA,NA,NA
"control","BGD_MUS",0.250171113155175,0.785504059761977,29,NA,NA,NA
"control","BGD_SOM",0.489160015091243,0.611408578741291,17,NA,NA,NA
"control","BGR_CHL",-0.201456703076848,0.861089278032452,16,NA,NA,NA
"control","BGR_FJI",0.294457715892827,1.08897419538186,10,NA,NA,NA
"control","BGR_LKA",0.310966569222211,0.697503072051616,30,NA,NA,NA
"control","BGR_MDG",0.0532965067034032,0.701571018051697,19,NA,NA,NA
"control","BGR_MEX",-0.545117658042332,0.679277964550709,16,NA,NA,NA
"control","BGR_MUS",0.00945286918196809,0.658383563641895,21,NA,NA,NA
"control","BGR_SEN",0.0592048662461496,0.93306046819582,25,NA,NA,NA
"control","BGR_ZWE",-0.204645057613478,1.24231488066809,20,NA,NA,NA
"control","BHR_CHL",-0.0643588184135619,0.930700096448337,22,NA,NA,NA
"control","BHR_LKA",-0.0380280976222039,0.935578789368429,26,NA,NA,NA
"control","BHR_MDG",0.156382986552037,1.58548247578748,28,NA,NA,NA
"control","BHR_NZL",-0.0510885318439108,1.13196776573232,30,NA,NA,NA
"control","BHS_CHL",-0.390869016197181,0.88774601187725,30,NA,NA,NA
"control","BHS_MDG",-0.13310995104454,0.576142451120526,10,NA,NA,NA
"control","BHS_MEX",-0.223012293312634,1.39151662310022,29,NA,NA,NA
"control","BHS_PAK",-0.452151658689672,1.37324250375517,21,NA,NA,NA
"control","BHS_PHL",0.185875373629857,0.862801725294786,18,NA,NA,NA
"control","BLZ_CHL",-0.284865705006627,1.14822529414064,25,NA,NA,NA
"control","BLZ_MDG",0.000807367833648737,1.28975851126536,10,NA,NA,NA
"control","BLZ_MYS",0.316855580655822,0.831014682069739,29,NA,NA,NA
"control","BMU_IND",0.118101096633842,1.11919773893149,19,NA,NA,NA
"control","BMU_MEX",-0.271942056724675,1.33896896760428,29,NA,NA,NA
"control","BMU_MYS",0.313809871546029,0.888025836046679,24,NA,NA,NA
"control","BMU_TUR",-0.181697418585642,1.01316516364138,27,NA,NA,NA
"control","BOL_CYP",-0.0233061962376884,1.45147369342608,20,NA,NA,NA
"control","BOL_GRC",0.0462466969666936,0.96987046803446,28,NA,NA,NA
"control","BOL_ISR",-0.0796541827198746,1.07812298889602,28,NA,NA,NA
"control","BOL_POL",-0.0627860028688175,0.921636409037642,28,NA,NA,NA
"control","BRA_KHM",-0.0779745924082447,0.874343002274435,27,NA,NA,NA
"control","BRA_TON",0.317784078165529,1.190240335446,26,NA,NA,NA
"control","BRA_TUV",0.67841297533216,1.19198243464132,11,NA,NA,NA
"control","BRB_CHL",0.149927286259936,1.22781026774839,29,NA,NA,NA
"control","BRB_LKA",0.101981177930757,1.36497962695192,23,NA,NA,NA
"control","BRB_MYS",-0.296541895071158,0.521832821435057,30,NA,NA,NA
"control","BRB_NZL",0.0267484858916114,0.800361513256769,30,NA,NA,NA
"control","BRB_PAN",-0.115207930073881,0.768788562872925,28,NA,NA,NA
"control","BRB_SEN",0.0079477912528851,0.892417818203553,19,NA,NA,NA
"control","BRB_THA",-0.00631730040145501,1.14060122207455,28,NA,NA,NA
"control","BRN_LKA",-0.123898099777446,1.35742256628524,27,NA,NA,NA
"control","BRN_MUS",0.0604444179382126,1.05587326692126,20,NA,NA,NA
"control","BRN_OMN",0.304300603298287,0.838626869893438,22,NA,NA,NA
"control","BTN_BRA",-0.057049138079513,1.4843220031258,15,NA,NA,NA
"control","BTN_CHL",0.23809935901802,0.649275447323693,13,NA,NA,NA
"control","BTN_ESP",-0.418164755881223,1.60998676661499,25,NA,NA,NA
"control","BTN_MEX",0.408039264009433,1.51298733770478,13,NA,NA,NA
"control","BWA_AGO",0.0444284314820821,0.724361376502313,22,NA,NA,NA
"control","BWA_DEU",0.00399976145679987,0.772490487098942,24,NA,NA,NA
"control","BWA_KOR",-0.295850736533097,0.731213360361942,24,NA,NA,NA
"control","BWA_TWN",-0.177550871420059,0.819708580792072,21,NA,NA,NA
"control","BWA_ZWE",0.495252790969118,0.806329353364405,9,NA,NA,NA
"control","CAF_BRA",0.0262868153786885,1.19582579426842,26,NA,NA,NA
"control","CAF_CYP",-0.308560684580399,0.931135505975801,25,NA,NA,NA
"control","CAF_MDG",-0.179423113926365,1.10810663990025,18,NA,NA,NA
"control","CAF_MYS",-0.0840104245455937,0.709456545959163,28,NA,NA,NA
"control","CAF_SEN",0.0282171574104852,0.911437418373813,27,NA,NA,NA
"control","CAN_CPV",-0.160978562441238,0.99614654357568,30,NA,NA,NA
"control","CAN_IOT",0.107211364348427,0.924892660798482,27,NA,NA,NA
"control","CAN_KIR",-0.176810990311813,0.728186818087254,28,NA,NA,NA
"control","CAN_NAM",-0.211973622149722,0.884349093909316,25,NA,NA,NA
"control","CAN_NFK",0.259063496783074,1.65930556569652,23,NA,NA,NA
"control","CCK_TUR",-0.167321593677245,0.543800442611085,8,NA,NA,NA
"control","CHE_BWA",0.0949328209657648,0.907231026353641,12,NA,NA,NA
"control","CHL_AND",-0.125784585815917,0.893840390579036,28,NA,NA,NA
"control","CHL_ANT",-0.348129257310113,1.50823584386632,16,NA,NA,NA
"control","CHL_BHS",0.246111345071487,1.36001442166968,30,NA,NA,NA
"control","CHL_BRN",-0.634459460104463,0.580016678969738,11,NA,NA,NA
"control","CHL_COD",-0.0260188718655765,0.709751174933705,18,NA,NA,NA
"control","CHL_FJI",0.0201469025430581,1.0692723691076,30,NA,NA,NA
"control","CHL_GAB",0.435346842355997,1.0838679834601,29,NA,NA,NA
"control","CHL_GNQ",-0.146596413801098,0.901556454067843,27,NA,NA,NA
"control","CHL_HTI",0.119927967747912,0.912027935332658,30,NA,NA,NA
"control","CHL_KIR",-0.209913886451352,1.34469664972073,25,NA,NA,NA
"control","CHL_LAO",0.369791933440289,1.17433759056157,22,NA,NA,NA
"control","CHL_LBR",0.0760119160807379,0.661256065098053,25,NA,NA,NA
"control","CHL_LCA",0.011839798933137,0.765114971163249,30,NA,NA,NA
"control","CHL_MRT",-0.0315755725684818,0.89608443887337,21,NA,NA,NA
"control","CHL_MUS",0.167618671692936,1.13397667743141,30,NA,NA,NA
"control","CHL_MWI",-0.289426057201135,1.64644039334264,25,NA,NA,NA
"control","CHL_PNG",-0.126641648781617,0.876287227120144,29,NA,NA,NA
"control","CHL_QAT",-0.144732393571373,0.751266931537974,30,NA,NA,NA
"control","CHL_TON",-0.0118286674703679,1.25590009848231,30,NA,NA,NA
"control","CHN_CRI",0.133311703932391,0.805180650518387,20,NA,NA,NA
"control","CHN_DOM",0.0792539075402961,0.658452112391986,29,NA,NA,NA
"control","CHN_MDG",0.183409528282539,0.922881505656668,30,NA,NA,NA
"control","CHN_VNM",-0.229898098440836,1.09273536099306,13,NA,NA,NA
"control","CIV_CHL",-0.371662071126609,1.83909657249588,25,NA,NA,NA
"control","CIV_CMR",-0.00616311122086551,1.33433583056043,28,NA,NA,NA
"control","CIV_CRI",-0.0101084320959253,0.883979617987654,25,NA,NA,NA
"control","CIV_MDG",0.0825458258277729,1.1818850438901,30,NA,NA,NA
"control","CIV_MEX",0.238167666549328,0.782385184833214,29,NA,NA,NA
"control","CIV_ZWE",0.109736350445712,1.1979958841341,25,NA,NA,NA
"control","CMR_COD",0.0434539944394128,0.440317875791507,26,NA,NA,NA
"control","CMR_ISL",0.302911973603759,1.5468465209357,23,NA,NA,NA
"control","COD_ARG",-0.0115711156412044,0.969136573464181,19,NA,NA,NA
"control","COD_BGD",-0.205850178011905,0.956589835973368,24,NA,NA,NA
"control","COD_CHL",-0.39411391615458,0.984352443022496,14,NA,NA,NA
"control","COD_COL",0.479988860321962,1.11074144404341,18,NA,NA,NA
"control","COD_LKA",-0.0703400757696649,0.797700935662991,8,NA,NA,NA
"control","COD_MEX",-0.487417133342068,0.939761522989823,21,NA,NA,NA
"control","COG_DZA",-0.109197430374295,0.728810312167826,29,NA,NA,NA
"control","COG_IDN",-0.286454439292813,1.44386424810757,26,NA,NA,NA
"control","COG_MDG",0.0349460782393043,0.80855755330816,23,NA,NA,NA
"control","COG_MEX",0.392746520517302,1.19263234667928,29,NA,NA,NA
"control","COG_MWI",0.429707240937071,1.12509551207518,17,NA,NA,NA
"control","COG_MYS",-0.293916369997689,1.62259135170165,23,NA,NA,NA
"control","COG_ROU",-0.205286510526372,0.997835546092701,24,NA,NA,NA
"control","COG_USA",0.11003606167641,0.823378263141846,30,NA,NA,NA
"control","COK_ESP",0.0485528736496755,1.61463195522105,19,NA,NA,NA
"control","COK_FIN",-0.0700060701651417,0.643780515081447,8,NA,NA,NA
"control","COK_MEX",0.0738586127928351,1.13096347872655,25,NA,NA,NA
"control","COK_MYS",0.19242964630975,0.237476382250992,9,NA,NA,NA
"control","COL_ATG",-0.170189832527848,0.719960077866195,30,NA,NA,NA
"control","COL_LBN",-0.0148836137737571,1.48477074251455,30,NA,NA,NA
"control","COL_LBR",0.0251916628749986,1.13448717535355,29,NA,NA,NA
"control","COL_MUS",0.290116822294488,1.26156426351942,28,NA,NA,NA
"control","COL_SLV",-0.388866457256185,1.2657133175268,19,NA,NA,NA
"control","COM_MEX",-0.336817247869706,1.06090548576345,30,NA,NA,NA
"control","CPV_BRA",0.146695391553858,0.880427666005021,28,NA,NA,NA
"control","CPV_MEX",0.142892553376942,1.07498833406237,22,NA,NA,NA
"control","CPV_SWE",-0.150802897439865,0.799599924829135,26,NA,NA,NA
"control","CPV_THA",-0.305988414393283,0.743194717988468,26,NA,NA,NA
"control","CPV_USA",-0.00220853521997639,0.706577076859613,30,NA,NA,NA
"control","CRI_DZA",0.323448201776827,0.699909639748898,26,NA,NA,NA
"control","CRI_LBY",-0.134013170732258,0.740603644259263,14,NA,NA,NA
"control","CRI_MDG",0.14362661690681,1.05767728419772,23,NA,NA,NA
"control","CRI_ROU",0.477832022402557,1.30421456376894,22,NA,NA,NA
"control","CRI_SEN",-0.0102898405698681,1.24433028918618,26,NA,NA,NA
"control","CUB_TUR",-0.200539207892491,1.03271150365532,29,NA,NA,NA
"control","CXR_AUS",0.201214222081266,0.938156175155049,28,NA,NA,NA
"control","CXR_MEX",0.392790029790866,0.600443187324267,18,NA,NA,NA
"control","CYM_MEX",0.0308079248264788,0.535072397706377,24,NA,NA,NA
"control","CYM_MYS",0.618397045232449,1.00713533850962,13,NA,NA,NA
"control","CYM_NZL",-0.0406699026198694,0.933461485418937,26,NA,NA,NA
"control","CYP_COG",0.0400796363707957,1.2704843449099,23,NA,NA,NA
"control","CYP_COL",-0.0380665493099328,1.3068721921029,22,NA,NA,NA
"control","CYP_GMB",0.0874682546481978,2.29119202275391,29,NA,NA,NA
"control","CYP_MMR",-0.223527108044594,0.674329449250774,30,NA,NA,NA
"control","CYP_MNG",-0.134407424826771,0.916913064859507,26,NA,NA,NA
"control","CYP_PER",0.0936684111438718,1.12187064057572,21,NA,NA,NA
"control","CYP_PRY",-0.173639553067814,1.10165249165684,22,NA,NA,NA
"control","CYP_SYC",0.0482965928841584,0.830176331326359,19,NA,NA,NA
"control","CYP_TCD",0.293441418391004,0.970303534631711,13,NA,NA,NA
"control","DEU_BWA",-0.0700049700224807,0.975080546390835,23,NA,NA,NA
"control","DJI_GBR",0.527717465487883,1.6439524715317,29,NA,NA,NA
"control","DJI_ITA",0.244317495269503,1.07418541612657,30,NA,NA,NA
"control","DJI_PER",0.025203418072971,0.416424045421255,11,NA,NA,NA
"control","DMA_CHL",-0.0316749134269443,1.02596946750541,28,NA,NA,NA
"control","DMA_LKA",-0.00290555379475134,1.06393453167231,23,NA,NA,NA
"control","DMA_MEX",0.169435363860901,1.65734687382154,30,NA,NA,NA
"control","DMA_MLT",0.550406480894371,1.50857961925672,8,NA,NA,NA
"control","DMA_MYS",0.241950456604922,1.61790703022907,28,NA,NA,NA
"control","DOM_CHL",0.343541283303338,1.04352171330367,29,NA,NA,NA
"control","DOM_MEX",-0.097649481500947,1.45751074912943,30,NA,NA,NA
"control","DOM_PRY",0.0751027706897741,0.375843140448365,24,NA,NA,NA
"control","DZA_MDG",-0.419941877422572,1.29499353745442,26,NA,NA,NA
"control","DZA_NOR",0.0428086434825498,0.921528042051441,29,NA,NA,NA
"control","DZA_QAT",0.257470321588725,0.944222674612646,13,NA,NA,NA
"control","DZA_SAU",-0.277771340872296,0.810460781035056,18,NA,NA,NA
"control","ECU_DOM",-0.24452136855492,1.22626130690515,30,NA,NA,NA
"control","ECU_GTM",-0.0411207358938376,0.925820762185762,30,NA,NA,NA
"control","ECU_JAM",-0.0684976986155045,1.1890003949664,30,NA,NA,NA
"control","ECU_KWT",-0.023635626348649,1.12548410252428,30,NA,NA,NA
"control","EGY_MDG",-0.334555568486653,0.651307537210477,8,NA,NA,NA
"control","ESP_BTN",-0.126460273974477,1.70749136928807,21,NA,NA,NA
"control","ESP_LAO",-0.0168724425747072,1.07621802182824,30,NA,NA,NA
"control","ESP_LSO",0.262848562595266,1.16936680456772,16,NA,NA,NA
"control","ESP_NAM",0.0808113785363896,1.04304590087439,22,NA,NA,NA
"control","ESP_WSM",0.0919634716114938,1.18846660315075,27,NA,NA,NA
"control","FJI_DNK",0.088981160860363,1.44751910793653,18,NA,NA,NA
"control","FLK_MYS",-0.164809545835549,1.37104338023369,18,NA,NA,NA
"control","FLK_THA",-0.247225824806961,1.24578871858438,25,NA,NA,NA
"control","FRA_AFG",0.0374001352978274,1.2072281897776,30,NA,NA,NA
"control","FRA_BTN",0.00843281244119417,1.2866593570776,28,NA,NA,NA
"control","FRA_BWA",0.490331023018191,1.07932121209009,25,NA,NA,NA
"control","FRA_GUY",-0.120118857719116,0.92725819933096,16,NA,NA,NA
"control","FRO_BGD",-0.422818372676708,0.742267682185081,10,NA,NA,NA
"control","FRO_BRA",0.144517075377914,0.544246070150972,24,NA,NA,NA
"control","FRO_CMR",0.343159881465289,1.03777340853642,10,NA,NA,NA
"control","GAB_CHL",0.327065057912863,1.24359251006914,27,NA,NA,NA
"control","GAB_ISL",0.124877431553597,1.00903797756007,20,NA,NA,NA
"control","GAB_MEX",-0.250936327958239,1.3583202250934,29,NA,NA,NA
"control","GAB_MWI",-0.234793339605919,1.00429701481257,17,NA,NA,NA
"control","GAB_MYS",0.108526436751585,1.0130631660529,30,NA,NA,NA
"control","GAB_SEN",0.163713465229824,0.565352054500895,28,NA,NA,NA
"control","GBR_KHM",0.14484426928695,1.09093951382086,28,NA,NA,NA
"control","GBR_SLV",0.0982018060161997,0.742049354246722,22,NA,NA,NA
"control","GBR_SOM",-0.178395104338467,1.14022357529713,28,NA,NA,NA
"control","GHA_KEN",-0.0471341904847564,0.989109382501852,27,NA,NA,NA
"control","GHA_OMN",0.216757893185764,1.20906531593239,21,NA,NA,NA
"control","GIB_FIN",0.0501000363342679,1.49399964089125,24,NA,NA,NA
"control","GIB_LKA",0.162337882999675,0.766994854877792,17,NA,NA,NA
"control","GIB_MEX",-0.204376324449111,2.0135855258821,17,NA,NA,NA
"control","GIB_NZL",0.0457341391895334,1.09942110475036,23,NA,NA,NA
"control","GIB_SGP",-0.252706581068672,1.17374572721978,15,NA,NA,NA
"control","GMB_MYS",0.378973215454772,0.926310205811438,25,NA,NA,NA
"control","GMB_TUR",-0.245601073810112,0.995543135352813,25,NA,NA,NA
"control","GMB_USA",-0.136318035020718,1.42947743327519,30,NA,NA,NA
"control","GNB_GBR",-0.334780420820251,1.39916797744754,21,NA,NA,NA
"control","GNB_USA",-0.129351229710118,1.26463711089425,29,NA,NA,NA
"control","GNQ_KOR",-0.136055500070615,1.05202278637527,24,NA,NA,NA
"control","GNQ_MEX",0.279715520836818,0.989901352248075,19,NA,NA,NA
"control","GRC_BEN",0.189282507626558,1.01594333575551,29,NA,NA,NA
"control","GRC_COK",0.318693945605294,0.490043161734129,18,NA,NA,NA
"control","GRC_FJI",-0.474834033893922,1.08941306728511,13,NA,NA,NA
"control","GRC_GUY",0.49593140244662,1.26294604439565,15,NA,NA,NA
"control","GRC_KIR",0.0260078559353227,0.776456571545333,19,NA,NA,NA
"control","GRC_NPL",0.298419603773567,0.76745599019927,29,NA,NA,NA
"control","GRC_WSM",-0.000765654556468605,0.861121476175241,15,NA,NA,NA
"control","GRD_BRA",-0.0100012141713838,1.15712449662135,25,NA,NA,NA
"control","GRD_MEX",0.104019360091042,1.12209531767952,24,NA,NA,NA
"control","GRD_MYS",-0.184267658576713,0.97117078946348,23,NA,NA,NA
"control","GRL_BRA",0.0522237659593786,0.831751881196296,14,NA,NA,NA
"control","GRL_CYP",-0.37404252709583,0.478079228734072,10,NA,NA,NA
"control","GRL_THA",0.187032995531326,0.859457734152163,29,NA,NA,NA
"control","GTM_ARG",-0.0240978591189723,0.947589265100506,30,NA,NA,NA
"control","GTM_BHR",0.0937443227681549,0.778617674973951,30,NA,NA,NA
"control","GTM_BOL",-0.266062799712289,1.14557964687763,30,NA,NA,NA
"control","GTM_LBY",0.0678868249179906,0.82745977008513,16,NA,NA,NA
"control","GTM_LKA",-0.135483713428091,0.548891840750494,27,NA,NA,NA
"control","GTM_MDG",0.146381037138026,0.603564250524729,17,NA,NA,NA
"control","GTM_NPL",0.256193366691274,0.887103255182063,24,NA,NA,NA
"control","GTM_PER",-0.172075625885211,1.13407207121131,30,NA,NA,NA
"control","GTM_PRY",-0.108185879476952,0.725650173475725,30,NA,NA,NA
"control","GTM_TUN",-0.0217264386636115,0.628125348310463,28,NA,NA,NA
"control","GTM_YEM",0.0741225850123675,1.27935925482799,27,NA,NA,NA
"control","GUY_MDG",0.029403443870037,1.00949648705175,22,NA,NA,NA
"control","HND_CHL",-0.0239828634068841,0.786279052297143,17,NA,NA,NA
"control","HND_DZA",0.00410769760648922,0.944264647041333,27,NA,NA,NA
"control","HTI_BHS",-0.0462762009346167,1.99611895000666,9,NA,NA,NA
"control","HTI_ECU",0.124022491431288,0.656044680241164,25,NA,NA,NA
"control","HTI_GTM",-0.115234144808627,0.798565937916579,26,NA,NA,NA
"control","HTI_KOR",-0.189918397106896,1.02575900365604,25,NA,NA,NA
"control","HUN_CRI",0.197055810887125,0.686472178030564,22,NA,NA,NA
"control","HUN_MDG",-0.122308219715409,0.457786199414872,21,NA,NA,NA
"control","HUN_MUS",-0.174500377575426,0.408811480053125,20,NA,NA,NA
"control","HUN_MWI",0.0605131623923989,1.14640079324617,29,NA,NA,NA
"control","HUN_PER",-0.215193640503304,1.43372005932652,22,NA,NA,NA
"control","IDN_BHS",-0.206199110839329,1.06848037570884,30,NA,NA,NA
"control","IDN_GRD",0.248463769278322,1.14654928600911,28,NA,NA,NA
"control","IDN_ISR",-0.0615472379360493,0.845528121346436,28,NA,NA,NA
"control","IDN_MUS",-0.475793347572889,1.11749978676975,30,NA,NA,NA
"control","IDN_MWI",0.00435870186510866,0.945920603770685,30,NA,NA,NA
"control","IDN_SLE",-0.0817774371025173,0.687355124631632,30,NA,NA,NA
"control","IDN_SYC",0.162624876626467,1.13740784985009,29,NA,NA,NA
"control","IDN_TGO",-0.00256105299885927,0.69404071501832,30,NA,NA,NA
"control","IND_ATG",0.279418762168789,0.853653386878173,30,NA,NA,NA
"control","IND_BWA",-0.0331808093844489,0.789647518847417,29,NA,NA,NA
"control","IND_KIR",0.0461907656113284,0.865901806059926,30,NA,NA,NA
"control","IND_SHN",-0.150682123168858,0.510552132514995,30,NA,NA,NA
"control","IND_SPM",0.0653313831802657,1.0350248492024,23,NA,NA,NA
"control","IND_TUV",0.0584826000979211,1.25685596687258,25,NA,NA,NA
"control","IND_VUT",0.0142392117028792,0.992766554252959,30,NA,NA,NA
"control","IND_WSM",0.394135284520484,1.07963956427694,29,NA,NA,NA
"control","IOT_MDG",-0.0545837928239172,0.95854748860192,11,NA,NA,NA
"control","IOT_MEX",-0.0649538249521562,1.04599669149577,18,NA,NA,NA
"control","IOT_MYS",-0.164542076416537,0.596341524864328,11,NA,NA,NA
"control","IRL_GAB",-0.205538401226348,0.924588787423039,30,NA,NA,NA
"control","IRL_MDG",0.0830340479521044,1.01313883490009,21,NA,NA,NA
"control","IRL_MWI",-0.0750820812884434,0.794516332483754,30,NA,NA,NA
"control","IRL_PNG",-0.0745740708563192,1.05868160775942,18,NA,NA,NA
"control","IRL_SEN",0.0430257391603887,0.989592086806719,30,NA,NA,NA
"control","IRN_GTM",0.0784937428096878,1.48984540751581,27,NA,NA,NA
"control","IRN_MDG",-0.123478567787062,1.48297681781382,30,NA,NA,NA
"control","IRN_MUS",0.254076168022696,1.03720215098935,30,NA,NA,NA
"control","IRN_URY",0.0236936539830953,0.923496109780143,29,NA,NA,NA
"control","IRQ_MDG",-0.561416865340626,1.37683404899909,14,NA,NA,NA
"control","IRQ_MUS",-0.34209990810304,0.900941944628155,9,NA,NA,NA
"control","ISL_BEN",0.252467478380351,0.856201474200132,19,NA,NA,NA
"control","ISL_CPV",-0.0359989119837167,0.525764643320055,17,NA,NA,NA
"control","ISL_LKA",0.306449543503413,1.70228366742342,26,NA,NA,NA
"control","ISL_SDN",-0.0778061642246082,0.659575840051499,23,NA,NA,NA
"control","ISR_LKA",0.132589597994596,1.15724424456126,30,NA,NA,NA
"control","ISR_MAC",-0.16106455306515,1.02681816741174,30,NA,NA,NA
"control","ISR_MDG",-0.171521104590394,1.18408051708969,30,NA,NA,NA
"control","ISR_MYS",-0.000609211357459407,1.30519125869176,26,NA,NA,NA
"control","ITA_ATG",0.130347007269339,1.1767535495037,15,NA,NA,NA
"control","ITA_BWA",0.237114315167951,1.0258332982049,20,NA,NA,NA
"control","ITA_DMA",0.0395217520020797,0.671206323553727,17,NA,NA,NA
"control","ITA_GUY",-0.393120868874776,1.00232311960877,16,NA,NA,NA
"control","ITA_KHM",0.0942865998851189,1.29343043824974,28,NA,NA,NA
"control","ITA_KIR",-0.0133056457903001,1.30403125004995,26,NA,NA,NA
"control","ITA_SWZ",-0.192690897053905,1.22870717147959,16,NA,NA,NA
"control","ITA_VUT",-0.277347301174378,1.15575851659545,27,NA,NA,NA
"control","JAM_ARG",0.0289770569049219,0.942198852550532,30,NA,NA,NA
"control","JAM_CHL",-0.0429027767058556,0.860769774939409,30,NA,NA,NA
"control","JAM_MEX",-0.182416098178561,0.595535473228791,30,NA,NA,NA
"control","JAM_MWI",-0.132227216237653,1.00915631043674,20,NA,NA,NA
"control","JAM_TUR",0.0174645925517536,0.788926496603924,30,NA,NA,NA
"control","JOR_BGR",-0.533705790296532,0.988326343482607,16,NA,NA,NA
"control","JOR_BRA",-0.276202053260021,0.790017603652333,30,NA,NA,NA
"control","JOR_CHL",0.184907210182266,1.04966366683086,30,NA,NA,NA
"control","JOR_MDG",-0.0857422586024894,1.23284022121938,27,NA,NA,NA
"control","JOR_POL",-0.4579412245643,0.681374205045725,11,NA,NA,NA
"control","JOR_PRT",0.100426556526347,1.3734593646539,11,NA,NA,NA
"control","JPN_BWA",0.209804232428783,0.979804218323027,22,NA,NA,NA
"control","JPN_IOT",-0.10809042133082,0.763504446047797,15,NA,NA,NA
"control","KEN_BWA",-0.129912068402471,1.51570025973482,30,NA,NA,NA
"control","KEN_CHL",-0.347203165291841,1.1877309932177,30,NA,NA,NA
"control","KEN_COG",0.0448851337135265,0.873625102044861,27,NA,NA,NA
"control","KEN_COL",-0.0535446601881612,1.36011786758757,28,NA,NA,NA
"control","KEN_CPV",-0.504141061337317,0.90369817088513,18,NA,NA,NA
"control","KEN_CYP",0.260655347884299,1.06328386893393,30,NA,NA,NA
"control","KEN_GNQ",0.0352402623929544,0.896181999716296,12,NA,NA,NA
"control","KEN_HUN",0.484354982901596,1.4238769004062,30,NA,NA,NA
"control","KEN_IRN",0.187008185873068,1.07923350684886,27,NA,NA,NA
"control","KEN_KWT",-0.185122399872133,0.961739771015914,29,NA,NA,NA
"control","KEN_LBN",0.131625626358167,1.12451458807982,28,NA,NA,NA
"control","KEN_LBR",-0.0943303676865002,0.803917281042234,20,NA,NA,NA
"control","KEN_MEX",-0.042601756046533,0.578468758949357,29,NA,NA,NA
"control","KEN_PHL",-0.0338232820280471,0.87803605900517,30,NA,NA,NA
"control","KEN_QAT",-0.0192717472851306,0.698552944961547,27,NA,NA,NA
"control","KEN_SYC",0.157406930758586,0.844178364860804,10,NA,NA,NA
"control","KEN_YEM",0.100934424456255,0.877272318988441,28,NA,NA,NA
"control","KHM_AUT",-0.0304605324855797,1.4283928255396,28,NA,NA,NA
"control","KHM_BGD",0.151019583285441,0.473350326083331,24,NA,NA,NA
"control","KHM_CHL",-0.067030256967085,0.967471916271061,24,NA,NA,NA
"control","KHM_DNK",0.0163421554430333,1.27917619910362,30,NA,NA,NA
"control","KHM_GRC",0.0131390500789972,1.37878938211646,28,NA,NA,NA
"control","KHM_IND",-0.0263424188049988,1.02694019410118,16,NA,NA,NA
"control","KHM_LKA",0.00363095547613741,1.14160630048453,28,NA,NA,NA
"control","KHM_MEX",0.107728986229089,0.972665515293049,29,NA,NA,NA
"control","KHM_NZL",-0.0819313023913358,1.14630307340106,17,NA,NA,NA
"control","KHM_PRT",-0.154165340535789,0.980687664017688,29,NA,NA,NA
"control","KIR_DEU",-0.502005368091938,1.00143864568347,26,NA,NA,NA
"control","KIR_ESP",-0.125619100200238,1.82554993424009,13,NA,NA,NA
"control","KIR_IND",-0.0592634172933002,0.923774571565719,11,NA,NA,NA
"control","KIR_ITA",0.0848308679393502,0.651155398322382,13,NA,NA,NA
"control","KIR_MYS",0.608566111611633,2.05719785902819,17,NA,NA,NA
"control","KNA_NLD",-0.281267130933072,1.15536250450221,15,NA,NA,NA
"control","KOR_ESH",0.559192965417783,0.570477412322302,17,NA,NA,NA
"control","KWT_AUT",-0.0466491554465089,0.802543343955077,27,NA,NA,NA
"control","KWT_CHL",0.193465455488227,1.11787801242571,21,NA,NA,NA
"control","KWT_COL",-0.163633091771928,0.930573207788411,25,NA,NA,NA
"control","KWT_LKA",-0.0329187628307959,0.957216798102201,29,NA,NA,NA
"control","KWT_MEX",-0.0101492160977681,0.95574615017899,25,NA,NA,NA
"control","KWT_MWI",-0.0236527102388097,0.958874021114944,22,NA,NA,NA
"control","LAO_CHL",0.141972424479105,0.71694994700435,22,NA,NA,NA
"control","LAO_PAK",0.0206778644131452,0.581641061107649,20,NA,NA,NA
"control","LAO_TUR",0.211945809316309,1.14519424114463,29,NA,NA,NA
"control","LBN_BRA",0.486445795713276,1.29916861325077,30,NA,NA,NA
"control","LBN_CHL",0.439883070118922,0.946709862946444,30,NA,NA,NA
"control","LBN_CMR",-0.269045761844219,0.820992407317062,26,NA,NA,NA
"control","LBN_MEX",-0.0721307348813543,1.10584043514707,30,NA,NA,NA
"control","LBN_PAK",0.205129996377406,1.47353493312081,25,NA,NA,NA
"control","LBN_ROU",0.00467150402254918,1.11678875747603,16,NA,NA,NA
"control","LBR_AUS",-0.273232286099991,0.901954427513856,25,NA,NA,NA
"control","LBR_FIN",-0.00480223530331996,1.37602108074892,21,NA,NA,NA
"control","LBR_LKA",-0.0850166536041245,0.690800153358979,10,NA,NA,NA
"control","LBR_MLT",-0.178572737238035,0.640034851932918,13,NA,NA,NA
"control","LBR_PAK",0.0596758178132181,0.785272537079627,23,NA,NA,NA
"control","LBR_VEN",-0.135031644815905,1.46890138361038,16,NA,NA,NA
"control","LBY_CAN",0.0274928510269591,2.290564107354,23,NA,NA,NA
"control","LBY_GBR",0.0344900697250582,0.65239009131236,30,NA,NA,NA
"control","LBY_HUN",-0.307894193716348,0.771398317626063,24,NA,NA,NA
"control","LBY_MLT",0.0125967267807866,1.42510356960458,30,NA,NA,NA
"control","LCA_AUT",0.194992440097542,0.787109616421824,13,NA,NA,NA
"control","LCA_CHL",0.0984513302133499,1.14565332978189,20,NA,NA,NA
"control","LCA_MEX",0.374359962530924,1.42001612315371,28,NA,NA,NA
"control","LKA_ALB",-0.157353540647785,1.87491873195952,28,NA,NA,NA
"control","LKA_ANT",-0.0812644544884219,0.912915715349481,17,NA,NA,NA
"control","LKA_ATG",-0.114567138998145,0.681579488232897,29,NA,NA,NA
"control","LKA_BHS",-0.246701804594397,1.41961684069407,29,NA,NA,NA
"control","LKA_BMU",-0.101864395740195,0.739660674368557,27,NA,NA,NA
"control","LKA_BRN",-0.170050847046611,0.954821430171639,30,NA,NA,NA
"control","LKA_CAF",0.106190970102865,1.37564152444874,16,NA,NA,NA
"control","LKA_DMA",-0.377276103742755,0.60815572605197,28,NA,NA,NA
"control","LKA_GAB",-0.23192430141518,0.693801838377453,23,NA,NA,NA
"control","LKA_GIB",0.45922350001876,1.44701518869965,17,NA,NA,NA
"control","LKA_MWI",0.042415810649415,1.13642488268911,28,NA,NA,NA
"control","LKA_SLB",-0.0660748831338349,1.22277582559864,22,NA,NA,NA
"control","LKA_TCD",-0.111806591175162,1.75174884450458,12,NA,NA,NA
"control","LKA_TGO",0.03429182570852,1.04369256781477,26,NA,NA,NA
"control","LKA_VEN",0.100403123252327,0.536908158131095,8,NA,NA,NA
"control","LSO_JPN",0.384249429489975,0.948412786799077,23,NA,NA,NA
"control","MAC_MDG",0.0810513653750756,1.40501505273639,21,NA,NA,NA
"control","MAC_MEX",-0.186202720760479,1.03475337696727,30,NA,NA,NA
"control","MAC_NOR",-0.227180186832993,0.661559741815475,30,NA,NA,NA
"control","MAC_TUR",0.427115431374337,0.782929544876395,30,NA,NA,NA
"control","MAR_MDG",0.0298881812037675,0.803724241543992,30,NA,NA,NA
"control","MAR_MWI",0.119893486710171,1.45726514524475,20,NA,NA,NA
"control","MDG_ARE",0.099298069628302,1.05102823004171,30,NA,NA,NA
"control","MDG_ARG",0.185979997139452,0.994665408488775,28,NA,NA,NA
"control","MDG_BGD",-0.327295952468018,1.35264255335537,26,NA,NA,NA
"control","MDG_BHS",-0.174261881656888,0.718443893291245,18,NA,NA,NA
"control","MDG_COG",-0.0889984298821954,1.06215506006837,24,NA,NA,NA
"control","MDG_ECU",-0.165235229216227,0.607347812431924,20,NA,NA,NA
"control","MDG_HUN",-0.0691521106747111,0.975197765844202,21,NA,NA,NA
"control","MDG_IDN",-0.0095619903145164,1.0818843682932,30,NA,NA,NA
"control","MDG_ISR",-0.0700217832280107,1.15226848350278,28,NA,NA,NA
"control","MDG_MRT",-0.150826465746158,1.26337821046695,16,NA,NA,NA
"control","MDG_PAN",-0.214046320066009,0.887327254945329,29,NA,NA,NA
"control","MDG_POL",-0.162185309076726,0.727109097926712,21,NA,NA,NA
"control","MDG_PYF",0.0265132031330344,0.937356526982734,29,NA,NA,NA
"control","MDG_SOM",-0.0566068330467095,1.09203221223532,8,NA,NA,NA
"control","MDG_SYC",0.0387637192411836,1.10964290360956,10,NA,NA,NA
"control","MDG_SYR",-0.380971173440292,0.871317302448007,21,NA,NA,NA
"control","MDG_VEN",0.190388065627003,1.17216337996167,24,NA,NA,NA
"control","MDV_FIN",-0.101738554092647,1.23031585669385,23,NA,NA,NA
"control","MDV_MEX",-0.0962933880173745,0.918555885602419,17,NA,NA,NA
"control","MDV_TUR",-0.126123075138339,1.64331519208262,22,NA,NA,NA
"control","MEX_AFG",-0.240460884321195,1.38322469315058,29,NA,NA,NA
"control","MEX_AGO",0.065119479514427,0.98699734257037,30,NA,NA,NA
"control","MEX_ALB",0.170693985884001,1.06046672031041,28,NA,NA,NA
"control","MEX_ANT",-0.383972105998944,0.781453719041619,21,NA,NA,NA
"control","MEX_ATG",0.335172147988888,0.947882063607024,30,NA,NA,NA
"control","MEX_BDI",0.252355920608151,1.16052187305731,17,NA,NA,NA
"control","MEX_BMU",0.0555829868390321,1.14625293697679,30,NA,NA,NA
"control","MEX_BRN",-0.130688574521103,0.776345338325009,30,NA,NA,NA
"control","MEX_CAF",-0.367499663158643,1.00657787505705,26,NA,NA,NA
"control","MEX_CCK",-0.0150842119783307,1.06479635572029,11,NA,NA,NA
"control","MEX_CIV",-0.0316448604640598,1.19251960141202,29,NA,NA,NA
"control","MEX_COG",0.0791281909004911,1.29178942270051,28,NA,NA,NA
"control","MEX_COK",0.255085190361909,0.718748316719153,14,NA,NA,NA
"control","MEX_COM",0.339110122475904,1.00564822259645,20,NA,NA,NA
"control","MEX_CPV",0.352184652398567,1.10358803067499,28,NA,NA,NA
"control","MEX_CXR",0.120760013307763,0.678891256415559,14,NA,NA,NA
"control","MEX_CYM",-0.179017257696691,0.678719070877658,30,NA,NA,NA
"control","MEX_DJI",-0.0426519193230717,0.299204895188701,9,NA,NA,NA
"control","MEX_DMA",-0.245138326855833,0.897054515654919,28,NA,NA,NA
"control","MEX_GIB",-0.0358470866320286,0.596584308060373,20,NA,NA,NA
"control","MEX_GMB",-0.386405893647238,0.900084248675154,23,NA,NA,NA
"control","MEX_KEN",-0.0444864104818136,0.983754412516139,30,NA,NA,NA
"control","MEX_KHM",-0.190028119714835,0.914807418821709,27,NA,NA,NA
"control","MEX_KNA",0.0193150030151132,0.953883557977415,30,NA,NA,NA
"control","MEX_LCA",0.158926162480716,0.954863158868605,30,NA,NA,NA
"control","MEX_MDG",-0.352202405301831,0.55278079326458,30,NA,NA,NA
"control","MEX_MNG",-0.431797281863383,0.736836508941431,21,NA,NA,NA
"control","MEX_MRT",-0.0538381326319281,1.53118908651105,25,NA,NA,NA
"control","MEX_MSR",0.00254482521319466,2.25369658966545,17,NA,NA,NA
"control","MEX_MUS",-0.072731634040676,1.07289252714115,28,NA,NA,NA
"control","MEX_MWI",0.0034233849421024,0.440483081101361,25,NA,NA,NA
"control","MEX_NPL",-0.0541466352548073,0.640551519321283,25,NA,NA,NA
"control","MEX_PCN",0.678247956454799,0.343419984471616,9,NA,NA,NA
"control","MEX_PNG",-0.58878954874451,0.775737946037718,22,NA,NA,NA
"control","MEX_PRI",-0.469875845103251,1.34078494946587,9,NA,NA,NA
"control","MEX_PYF",-0.0928081228097778,0.821666887228046,30,NA,NA,NA
"control","MEX_QAT",-0.35151261182392,1.28382449541005,29,NA,NA,NA
"control","MEX_RWA",0.435102360853385,0.983179884209176,17,NA,NA,NA
"control","MEX_SLE",-0.133909505793582,1.612887114324,18,NA,NA,NA
"control","MEX_STP",0.373195018099193,0.365984571307966,20,NA,NA,NA
"control","MEX_TCA",-0.143961236550376,0.889678363407125,29,NA,NA,NA
"control","MEX_TCD",-0.38817385213281,0.749524042453371,19,NA,NA,NA
"control","MEX_VGB",-0.154939771195724,0.674385310371417,28,NA,NA,NA
"control","MEX_WSM",0.203825628785797,0.872221979737031,23,NA,NA,NA
"control","MLI_MEX",0.209068428225942,0.628477629205784,29,NA,NA,NA
"control","MLI_MYS",-0.0678601671355355,0.584274707996138,29,NA,NA,NA
"control","MLT_CHL",-0.0279671304456256,0.747795745826204,13,NA,NA,NA
"control","MLT_EGY",-0.248088334312838,0.660023071201463,12,NA,NA,NA
"control","MLT_LKA",-0.183507505387437,0.6819333568942,30,NA,NA,NA
"control","MLT_MDG",-0.387613042350082,1.2872988484985,21,NA,NA,NA
"control","MLT_MEX",0.926837539907402,1.07784142019984,13,NA,NA,NA
"control","MLT_PRY",-0.0121042974463204,0.710996387954164,25,NA,NA,NA
"control","MLT_TUN",0.0351554106281729,0.670679803558062,13,NA,NA,NA
"control","MMR_MUS",0.172100188130295,0.668646586399728,30,NA,NA,NA
"control","MNG_MEX",0.195166182528742,0.950156383020908,25,NA,NA,NA
"control","MNG_NZL",0.308654250890498,0.93705918546685,26,NA,NA,NA
"control","MNG_TUR",-0.226774870898756,0.761181436007753,27,NA,NA,NA
"control","MRT_CHL",0.0711203656478886,1.31745862875941,21,NA,NA,NA
"control","MRT_THA",-0.0100588166674941,1.54524690771434,30,NA,NA,NA
"control","MSR_MEX",-0.150652570347541,0.718388299260411,19,NA,NA,NA
"control","MUS_ARE",-0.134265971949655,1.21200820206019,29,NA,NA,NA
"control","MUS_CHL",0.185251965530965,0.84164934274895,28,NA,NA,NA
"control","MUS_CHN",-0.0269598344668329,0.912363064970526,29,NA,NA,NA
"control","MUS_GRD",-0.982800453876335,1.29541757605089,9,NA,NA,NA
"control","MUS_LKA",-0.0366377066059048,1.207468393046,29,NA,NA,NA
"control","MUS_SYC",-0.0215703011580143,0.578208161958988,9,NA,NA,NA
"control","MUS_ZAF",0.344400408795103,1.74752012921945,9,NA,NA,NA
"control","MWI_GHA",0.122433810408091,1.21647457021948,25,NA,NA,NA
"control","MWI_KOR",-0.0336489966839339,1.09965879356151,26,NA,NA,NA
"control","MWI_PHL",-0.0644903972056338,0.91827287334081,30,NA,NA,NA
"control","MWI_THA",0.299366564133727,0.583184871969438,28,NA,NA,NA
"control","MYS_ABW",-0.364953625292563,1.22193436283333,30,NA,NA,NA
"control","MYS_AIA",-0.152459429937708,1.3319387967068,24,NA,NA,NA
"control","MYS_ALB",-0.141158784115812,0.686431386898819,30,NA,NA,NA
"control","MYS_AND",0.116231745246633,1.17578498869166,29,NA,NA,NA
"control","MYS_ATG",0.220471207864128,1.07608637805987,29,NA,NA,NA
"control","MYS_BDI",0.0816237834348916,1.01882058361719,30,NA,NA,NA
"control","MYS_BFA",-0.282847188516042,1.23540406362081,29,NA,NA,NA
"control","MYS_BMU",0.0805069388668647,1.03332302689277,30,NA,NA,NA
"control","MYS_CAF",0.39347342688722,0.828955593628931,30,NA,NA,NA
"control","MYS_COG",0.0557870191971459,0.858702051133942,30,NA,NA,NA
"control","MYS_COK",-0.00387617217683556,1.05454294779426,26,NA,NA,NA
"control","MYS_COM",0.0907186063853882,0.838383897939895,30,NA,NA,NA
"control","MYS_CPV",0.0042729922991413,0.542361249223145,29,NA,NA,NA
"control","MYS_CYM",-0.212261942824774,1.52596770228568,25,NA,NA,NA
"control","MYS_DMA",0.0284914162524636,0.810888345294075,30,NA,NA,NA
"control","MYS_GAB",-0.192907480107003,0.568111070187469,30,NA,NA,NA
"control","MYS_GMB",0.0450370439977022,0.980972278160165,30,NA,NA,NA
"control","MYS_GNB",-0.466561021416592,0.794365844733298,23,NA,NA,NA
"control","MYS_GRD",-0.110491587493251,1.02587836375949,29,NA,NA,NA
"control","MYS_HTI",0.0665305211644377,1.11891967836646,30,NA,NA,NA
"control","MYS_ISR",0.073511457563497,0.54170596933416,26,NA,NA,NA
"control","MYS_KIR",0.0384852947501334,0.970196361939547,29,NA,NA,NA
"control","MYS_MLI",-0.0641113251166274,1.03480807802312,30,NA,NA,NA
"control","MYS_MRT",-0.149488694737977,0.79921395752451,30,NA,NA,NA
"control","MYS_NFK",0.158462767797687,1.00382672674274,19,NA,NA,NA
"control","MYS_NIU",-0.0929762253132446,1.74375081500955,20,NA,NA,NA
"control","MYS_NRU",0.172899955312131,0.71223734783409,27,NA,NA,NA
"control","MYS_PCN",-0.227772696093213,0.946616901290797,28,NA,NA,NA
"control","MYS_PYF",0.294525938853613,1.052348068681,30,NA,NA,NA
"control","MYS_RWA",-0.262422268490848,1.0812824138594,28,NA,NA,NA
"control","MYS_SHN",0.0590486206986962,0.518226370581076,23,NA,NA,NA
"control","MYS_SLV",0.0186761352966573,0.872443951641259,30,NA,NA,NA
"control","MYS_SUR",0.231591149992075,1.44751246145502,29,NA,NA,NA
"control","MYS_TCA",0.435249490566084,0.48153806700916,12,NA,NA,NA
"control","MYS_TCD",-0.389615295024493,0.939221948939986,23,NA,NA,NA
"control","MYS_TKL",0.261246729486388,1.48344598418794,21,NA,NA,NA
"control","MYS_TON",0.381824013647605,1.09115074708201,30,NA,NA,NA
"control","MYS_VUT",0.238559927192041,0.925374391155008,30,NA,NA,NA
"control","NAM_AUS",0.143175193518223,1.07466744702208,28,NA,NA,NA
"control","NAM_AUT",0.212345556775128,0.48635299166596,25,NA,NA,NA
"control","NAM_ESP",-0.130317532777972,1.13806980092133,25,NA,NA,NA
"control","NAM_FIN",0.18975069045961,0.70894914714883,20,NA,NA,NA
"control","NAM_JPN",0.0571682139556327,1.5842266219668,30,NA,NA,NA
"control","NAM_SWE",0.063114391113907,0.732423836168836,23,NA,NA,NA
"control","NAM_TUR",-0.261905317745895,0.922031483265631,24,NA,NA,NA
"control","NAM_USA",-0.0626808408896197,0.807916772968716,30,NA,NA,NA
"control","NER_CYP",-0.0506388682607686,0.629928724784545,19,NA,NA,NA
"control","NER_IRL",0.0213649941893322,0.983084003601802,28,NA,NA,NA
"control","NER_JPN",0.283307106428524,1.83064372969906,30,NA,NA,NA
"control","NER_LBY",-0.284596246082048,1.07240416428895,27,NA,NA,NA
"control","NER_MEX",0.106761959592317,0.793736417597433,22,NA,NA,NA
"control","NER_MYS",-0.356187231589025,0.595695772468898,29,NA,NA,NA
"control","NFK_AUS",-0.333189074125764,0.690998872271423,29,NA,NA,NA
"control","NFK_CAN",0.0992625328450611,0.599142470819503,26,NA,NA,NA
"control","NFK_NZL",-0.0421247636446203,0.381283133485579,20,NA,NA,NA
"control","NGA_CRI",-0.0843163755632483,1.04080528920715,21,NA,NA,NA
"control","NIC_MUS",-0.131653863022341,2.02373951684319,22,NA,NA,NA
"control","NIC_PRY",0.011909073608592,0.862952550154055,22,NA,NA,NA
"control","NIU_CAN",0.21764208350421,0.742209080396107,25,NA,NA,NA
"control","NIU_JPN",-0.0782576796299243,0.933543959296198,20,NA,NA,NA
"control","NLD_LAO",-0.0586635837097766,0.835692313437352,30,NA,NA,NA
"control","NOR_BHS",-0.151763553825776,0.904613446582326,29,NA,NA,NA
"control","NOR_BWA",0.346813997722341,0.75187859352877,9,NA,NA,NA
"control","NOR_LBR",0.0723315843786769,0.831485210004814,28,NA,NA,NA
"control","NOR_MDG",0.222349283413067,1.36983815847815,30,NA,NA,NA
"control","NOR_MWI",0.0238246333564044,0.846301828244219,29,NA,NA,NA
"control","NOR_SLE",-0.512641267978704,0.889195990299119,28,NA,NA,NA
"control","NPL_BRA",0.154480113771907,0.60391704696024,28,NA,NA,NA
"control","NPL_CHL",0.0231607154327953,0.917426616355468,30,NA,NA,NA
"control","NPL_COL",0.209622173083026,0.613960596910427,26,NA,NA,NA
"control","NPL_CYP",-0.0855996108979402,0.934275260632883,29,NA,NA,NA
"control","NPL_GRC",0.0255423583656292,0.916916275662979,30,NA,NA,NA
"control","NPL_MEX",-0.114066454311258,1.18179382380517,30,NA,NA,NA
"control","NPL_SYC",0.0911420582293036,0.717604404499853,16,NA,NA,NA
"control","NRU_DNK",-0.0630766159747603,0.823479131320799,8,NA,NA,NA
"control","NRU_GBR",-0.0891740796873993,1.836931951432,25,NA,NA,NA
"control","NRU_MDG",-0.0782231799624448,0.857818534514127,14,NA,NA,NA
"control","NRU_MEX",-0.440070833959438,1.06558578038907,14,NA,NA,NA
"control","NRU_MYS",0.0397098283184535,1.11546573702017,20,NA,NA,NA
"control","NZL_ABW",0.0167622860284172,1.08580320770384,29,NA,NA,NA
"control","NZL_BDI",-0.251545178961357,0.68528265906998,22,NA,NA,NA
"control","NZL_BEN",0.163107793538204,1.48408878390541,24,NA,NA,NA
"control","NZL_DJI",0.249324366440559,1.0327647312925,26,NA,NA,NA
"control","NZL_LAO",0.0829134585643751,0.906935615463786,20,NA,NA,NA
"control","NZL_MDG",-0.0851988042749351,0.706398710082368,30,NA,NA,NA
"control","NZL_STP",0.119132620810565,0.736976168805862,10,NA,NA,NA
"control","NZL_TCD",-0.00245997803419062,0.866675462038902,15,NA,NA,NA
"control","NZL_UGA",0.0944112850970137,1.18361066593743,30,NA,NA,NA
"control","NZL_VGB",0.092366753418438,0.487512002220582,23,NA,NA,NA
"control","OMN_CHL",-0.155820498653205,1.1807645606618,29,NA,NA,NA
"control","OMN_GTM",-0.121560903534573,1.62280441875423,17,NA,NA,NA
"control","OMN_MDG",0.00163839714520473,1.12162831359345,26,NA,NA,NA
"control","OMN_NOR",-0.279856021620646,1.28979012820545,23,NA,NA,NA
"control","OMN_SOM",-0.278785008500567,1.21726556987576,28,NA,NA,NA
"control","OMN_ZMB",-0.0685795586058703,0.874013661098437,30,NA,NA,NA
"control","OMN_ZWE",0.110613304813893,0.588603213938264,23,NA,NA,NA
"control","PAK_BLZ",-0.213642043182755,1.03618363574606,27,NA,NA,NA
"control","PAK_BRN",-0.161916517937116,0.793586046103882,30,NA,NA,NA
"control","PAK_CIV",0.265546085795816,1.38518498560126,29,NA,NA,NA
"control","PAK_COM",0.209152509922127,0.858610066708374,29,NA,NA,NA
"control","PAK_GNQ",0.0759847582305992,0.97578109924861,18,NA,NA,NA
"control","PAK_LBN",-0.091097373366698,1.1816905935738,30,NA,NA,NA
"control","PAK_LBR",0.451017663780036,1.01693623981391,27,NA,NA,NA
"control","PAK_LSO",-0.0636896792891003,0.693487036298886,28,NA,NA,NA
"control","PAK_MDG",-0.0902571092132102,1.27752436829687,30,NA,NA,NA
"control","PAK_MLI",0.123275556796495,0.977041671864753,27,NA,NA,NA
"control","PAK_MWI",-0.474803210616124,0.737918493605571,27,NA,NA,NA
"control","PAK_PAN",0.338383246519226,0.897196761189767,29,NA,NA,NA
"control","PAK_PNG",0.112288177760467,0.702990935689412,25,NA,NA,NA
"control","PAK_RWA",-0.0418243595058335,0.88467304470742,25,NA,NA,NA
"control","PAK_SYC",0.00378807376035846,1.09794850599908,30,NA,NA,NA
"control","PAK_TGO",-0.144144786873106,0.583033056575703,29,NA,NA,NA
"control","PAK_YEM",-0.110870312523151,1.31767711509973,30,NA,NA,NA
"control","PAK_ZMB",-0.0354126545793961,0.9426424251732,30,NA,NA,NA
"control","PAN_BHS",-0.0717598864345657,1.23803198378356,25,NA,NA,NA
"control","PAN_BOL",0.238364008840002,0.894300485629261,20,NA,NA,NA
"control","PAN_MDG",-0.0501660322573429,1.40291247142561,19,NA,NA,NA
"control","PAN_MLT",-0.154167890225409,1.32518320654918,20,NA,NA,NA
"control","PAN_MUS",0.174652090953721,0.821062625388806,28,NA,NA,NA
"control","PAN_PAK",-0.146272186633601,0.926270071225397,25,NA,NA,NA
"control","PCN_CAN",0.41635020990594,1.56028679005543,27,NA,NA,NA
"control","PCN_MEX",0.154253143004053,1.3028546953248,20,NA,NA,NA
"control","PCN_MYS",-0.00779677172013236,1.23597033117409,13,NA,NA,NA
"control","PER_ARE",-0.05866924094895,0.834757099646072,30,NA,NA,NA
"control","PER_DMA",-0.39081905889431,1.14149331290578,27,NA,NA,NA
"control","PER_GMB",-0.13691000269451,1.04557474754139,24,NA,NA,NA
"control","PER_GTM",0.198329959226723,0.850294988733508,30,NA,NA,NA
"control","PER_MDG",-0.113117401964468,0.690471871217439,30,NA,NA,NA
"control","PER_QAT",-0.0268867582033262,1.12361612554313,25,NA,NA,NA
"control","PHL_HND",-0.3947700890426,1.00727222225835,26,NA,NA,NA
"control","PHL_MWI",0.0278361887069706,0.754161750978789,25,NA,NA,NA
"control","PNG_CRI",-0.356463113415258,1.01546333344343,10,NA,NA,NA
"control","PNG_MEX",0.0307679142794776,1.16850570949403,21,NA,NA,NA
"control","PNG_PER",0.308841885897079,0.652414122441036,15,NA,NA,NA
"control","POL_CMR",-0.168756614018885,1.37108993478306,20,NA,NA,NA
"control","POL_LKA",-0.016074364443773,1.05244459296324,30,NA,NA,NA
"control","POL_MDG",-0.19246368502505,0.694925733690073,21,NA,NA,NA
"control","POL_PAK",0.416721458258145,1.09621274884139,30,NA,NA,NA
"control","POL_VEN",0.0155019338619442,1.63446544100668,27,NA,NA,NA
"control","PRK_AUT",0.263565088370579,0.885358280212658,26,NA,NA,NA
"control","PRK_MAC",0.300909726211389,1.22289521679337,22,NA,NA,NA
"control","PRK_MDG",-0.0427241569114892,1.10396582103045,30,NA,NA,NA
"control","PRK_SEN",-0.327145041961834,0.949696879940327,29,NA,NA,NA
"control","PRY_ARE",0.104973750751114,0.874627482079674,24,NA,NA,NA
"control","PRY_BFA",0.119725410408197,0.981152415505317,14,NA,NA,NA
"control","PRY_BRB",-0.340926446696568,0.621615475328124,17,NA,NA,NA
"control","PRY_CIV",-0.0686955405522041,1.17370805077076,27,NA,NA,NA
"control","PRY_DOM",0.0443012821427277,1.21053008155949,30,NA,NA,NA
"control","PRY_IRQ",0.304360667083791,0.888473419665301,11,NA,NA,NA
"control","PRY_LKA",0.0527081080249831,2.04819267107491,12,NA,NA,NA
"control","PRY_NGA",0.0366901432797319,1.05335310412347,25,NA,NA,NA
"control","PRY_PRK",0.232817935424552,1.74454434988121,12,NA,NA,NA
"control","PRY_SLV",0.294174614933462,0.648284332062401,29,NA,NA,NA
"control","PRY_ZAF",0.112127643315774,1.02014429455776,25,NA,NA,NA
"control","PYF_ARG",-0.13265401678143,0.363930139300139,11,NA,NA,NA
"control","PYF_CHL",-0.319030175259203,0.865011347785812,26,NA,NA,NA
"control","PYF_MDG",0.303954975615181,1.22393490996013,29,NA,NA,NA
"control","PYF_MEX",-0.16866801844739,0.933368534399009,29,NA,NA,NA
"control","PYF_MYS",-0.0497463489319707,1.23145456129256,23,NA,NA,NA
"control","QAT_CAN",0.222516296618908,0.927592264587405,30,NA,NA,NA
"control","QAT_CYP",0.0823831718892929,0.573465639057266,26,NA,NA,NA
"control","QAT_LKA",-0.0506087043211288,1.25263418857063,25,NA,NA,NA
"control","QAT_MEX",0.124815279742041,0.958704532608579,30,NA,NA,NA
"control","QAT_PAK",0.023121918885652,1.25779077719803,29,NA,NA,NA
"control","ROU_MDG",-0.16332504490077,1.27537319621557,21,NA,NA,NA
"control","ROU_SLE",0.0969626465083685,0.707473295492934,27,NA,NA,NA
"control","ROU_TGO",0.143407633725507,1.11120524285416,29,NA,NA,NA
"control","ROU_TWN",0.160502318045188,0.736487368528583,30,NA,NA,NA
"control","RWA_CYP",-0.367677490411646,1.10366834078919,13,NA,NA,NA
"control","RWA_MEX",0.211357590145444,1.403564421252,16,NA,NA,NA
"control","RWA_MYS",-0.335303453132696,0.812959374895816,30,NA,NA,NA
"control","RWA_NZL",-0.264440576871899,1.29859470946259,16,NA,NA,NA
"control","RWA_THA",0.193058386133712,1.51723333983688,23,NA,NA,NA
"control","SAU_CHL",-0.230176333219572,0.816132186839174,29,NA,NA,NA
"control","SAU_CMR",0.0390927399175346,1.06783615119567,29,NA,NA,NA
"control","SAU_FJI",0.0123494265794181,1.33168938274839,25,NA,NA,NA
"control","SAU_IRL",-0.0818495001943524,0.769371359114918,30,NA,NA,NA
"control","SAU_MDG",-0.150054562577321,1.46498312958014,30,NA,NA,NA
"control","SAU_MEX",0.115282966614035,1.18136854068149,30,NA,NA,NA
"control","SAU_MWI",0.110920362161419,0.882801846980623,29,NA,NA,NA
"control","SAU_PRY",0.182961791384861,0.721008468736945,28,NA,NA,NA
"control","SEN_BGD",0.0645456671167115,0.56933020228215,24,NA,NA,NA
"control","SEN_COG",0.115047607805299,0.853005218526249,28,NA,NA,NA
"control","SEN_MDG",0.0528521986983902,1.13727643804618,30,NA,NA,NA
"control","SEN_MLT",0.0587453315580707,1.0634049003705,30,NA,NA,NA
"control","SEN_TUR",0.114933893377383,1.05442269224934,29,NA,NA,NA
"control","SHN_MYS",0.152938660552748,0.493437975013289,20,NA,NA,NA
"control","SLB_LKA",0.243919534972938,1.74035548290611,12,NA,NA,NA
"control","SLE_BGD",-0.317471647910276,1.59722673181943,16,NA,NA,NA
"control","SLE_IDN",-0.135777115514769,0.954940707010902,26,NA,NA,NA
"control","SLE_KOR",-0.112410688866266,0.589241690335662,29,NA,NA,NA
"control","SLE_LKA",0.0507914574453921,0.66381641960504,22,NA,NA,NA
"control","SLE_PAK",0.131132251244115,1.99304638902581,23,NA,NA,NA
"control","SLV_CHL",0.281096690761062,0.89678761612619,11,NA,NA,NA
"control","SLV_COL",0.350757367997952,1.36823111604862,19,NA,NA,NA
"control","SLV_DZA",0.0699757625626869,1.15741891258044,29,NA,NA,NA
"control","SLV_MDG",-0.728607709453762,0.794408385566429,15,NA,NA,NA
"control","SLV_MYS",0.0177486379411105,0.813778398733683,28,NA,NA,NA
"control","SOM_JOR",-0.168286269577473,0.690703836331251,25,NA,NA,NA
"control","SOM_TUN",-0.0638380708742075,0.919142822499851,25,NA,NA,NA
"control","SOM_TWN",-0.139946288559262,0.887235610075298,23,NA,NA,NA
"control","SPM_TUR",0.141048249398173,1.55417387145786,13,NA,NA,NA
"control","STP_MYS",0.144294750295554,1.60429643026582,16,NA,NA,NA
"control","SUR_FIN",0.245464306508274,0.795507737664012,15,NA,NA,NA
"control","SUR_IDN",0.194076998758587,0.832471665560439,26,NA,NA,NA
"control","SUR_KOR",-0.0734418156783386,0.735656335708633,25,NA,NA,NA
"control","SUR_MEX",0.314689958610802,0.884685223635952,27,NA,NA,NA
"control","SUR_MYS",-0.0485503674572113,1.27721091812137,27,NA,NA,NA
"control","SWE_AGO",0.182504591824633,1.3179494313171,30,NA,NA,NA
"control","SWE_BLZ",-0.00570159323917843,1.79701760344159,16,NA,NA,NA
"control","SWE_BOL",-0.0910989153015122,0.857025165931408,29,NA,NA,NA
"control","SWE_CAF",0.121341985139927,1.02820213841577,29,NA,NA,NA
"control","SWE_ECU",-0.20586475114162,1.01548808543675,26,NA,NA,NA
"control","SWE_IRN",-0.217018593747038,1.35696473637524,30,NA,NA,NA
"control","SWE_JOR",-0.0757198628016973,0.775902330713563,10,NA,NA,NA
"control","SWE_MDG",-0.264103887914332,0.908754815044582,21,NA,NA,NA
"control","SWE_MUS",-0.0857679845765904,0.639942331215768,20,NA,NA,NA
"control","SWE_MWI",-0.143511961741113,0.745181517695144,30,NA,NA,NA
"control","SWE_SOM",-0.0779030351555712,0.789271402210636,29,NA,NA,NA
"control","SWE_VEN",0.234613148611536,0.736118337383078,30,NA,NA,NA
"control","SWZ_CHN",-0.336201500033861,0.483892271768791,21,NA,NA,NA
"control","SWZ_TUR",0.0178942635025097,1.13598480923976,21,NA,NA,NA
"control","SYC_AUT",-0.165014096778592,0.714687252051679,20,NA,NA,NA
"control","SYC_FIN",-0.151986618494769,1.12243849901166,19,NA,NA,NA
"control","SYC_ITA",-0.129479448341315,1.11859651037696,18,NA,NA,NA
"control","SYC_LKA",-0.366361981321569,1.08297020068251,23,NA,NA,NA
"control","SYR_ARG",-0.254964418360826,1.19892287159412,29,NA,NA,NA
"control","SYR_BRA",0.0367306465511547,0.886797458396494,30,NA,NA,NA
"control","SYR_CHL",-0.0712869615164139,1.10514450549091,30,NA,NA,NA
"control","SYR_MDG",-0.276719260751635,0.574196197721917,20,NA,NA,NA
"control","SYR_MEX",-0.130655160094664,0.881740971380662,30,NA,NA,NA
"control","SYR_MUS",0.141718826578799,1.10597079420575,26,NA,NA,NA
"control","SYR_PER",-0.270481243961318,1.46780834209741,29,NA,NA,NA
"control","TCA_BGD",-0.0728029215168825,0.701330914232876,13,NA,NA,NA
"control","TCA_CHE",0.0161734520092087,0.937874904596333,25,NA,NA,NA
"control","TCA_JPN",0.186709895669129,1.04933082193353,15,NA,NA,NA
"control","TCA_MEX",0.0536591899381593,1.11260286467172,22,NA,NA,NA
"control","TCD_IND",0.529956909847012,0.707057421568513,23,NA,NA,NA
"control","TCD_MEX",-0.0979776681872768,0.772164299091028,25,NA,NA,NA
"control","TCD_MYS",-0.052425569124346,0.607038677386247,24,NA,NA,NA
"control","TGO_CHL",0.185162195826002,0.610395911265234,10,NA,NA,NA
"control","TGO_KOR",0.0785303367006324,1.13006959951236,30,NA,NA,NA
"control","TGO_MDG",0.0997931500395393,0.566075087671464,22,NA,NA,NA
"control","TGO_MEX",0.220276066634102,1.46669836079114,25,NA,NA,NA
"control","THA_NAM",0.053159835091484,1.15008192814552,30,NA,NA,NA
"control","TKL_MEX",-0.442289026784237,0.413348306675076,11,NA,NA,NA
"control","TKL_MYS",-0.276558049043078,1.29771967358978,24,NA,NA,NA
"control","TKL_NZL",0.619362794471975,0.894041656526285,20,NA,NA,NA
"control","TKL_TUR",-0.214989250002516,0.628218434040382,18,NA,NA,NA
"control","TON_MEX",-0.23036067190545,1.80160192609864,12,NA,NA,NA
"control","TON_MYS",-0.15267926158003,0.888274892851933,14,NA,NA,NA
"control","TON_THA",-0.129110133490141,1.21189735489369,23,NA,NA,NA
"control","TTO_CRI",0.170336884118096,1.27134217081404,30,NA,NA,NA
"control","TTO_CYP",0.0284889021561766,0.522515351001635,16,NA,NA,NA
"control","TTO_TWN",0.299105427108883,0.823455643265345,29,NA,NA,NA
"control","TUN_GNB",0.00364458558094494,0.9654796667192,28,NA,NA,NA
"control","TUN_MDG",-0.0242367365972151,0.760016812274784,27,NA,NA,NA
"control","TUN_MRT",-0.27462316276972,1.22910685284325,30,NA,NA,NA
"control","TUR_BHS",0.221854069297597,1.76200139529075,30,NA,NA,NA
"control","TUR_CPV",-0.00824206412611598,1.06261203370057,30,NA,NA,NA
"control","TUR_CUB",0.177642646380761,0.704658042229331,30,NA,NA,NA
"control","TUR_GUY",0.0353456879622016,1.31650233767805,29,NA,NA,NA
"control","TUR_LAO",-0.0411159843730104,1.06164326304041,27,NA,NA,NA
"control","TUR_MMR",-0.303690776517047,1.05987178920404,27,NA,NA,NA
"control","TUR_MOZ",-0.0831417322690207,1.05847570452517,30,NA,NA,NA
"control","TUR_MWI",-0.0436720056416607,0.558055797663941,30,NA,NA,NA
"control","TUR_NAM",0.0369677053157142,0.780818952355281,23,NA,NA,NA
"control","TUV_CHN",0.142165835380009,0.176110705943042,13,NA,NA,NA
"control","TUV_ITA",0.294826173553261,1.5581910979093,18,NA,NA,NA
"control","TWN_AGO",-0.0180677662983954,0.508347090259582,26,NA,NA,NA
"control","TWN_COG",0.242828058304698,1.05919067414825,27,NA,NA,NA
"control","TWN_GNB",0.280160741527058,0.725553062408484,21,NA,NA,NA
"control","TWN_IRN",-0.371240592327018,1.68312193819999,25,NA,NA,NA
"control","TWN_LBN",-0.0802196493244174,0.847311552688934,30,NA,NA,NA
"control","TWN_MDG",0.161013674812984,0.777165861971556,30,NA,NA,NA
"control","TWN_NPL",-0.104330946319834,0.650485178458533,27,NA,NA,NA
"control","TWN_POL",-0.14161465184442,1.39498364247517,28,NA,NA,NA
"control","TWN_QAT",0.0949509932471114,0.530727239243228,27,NA,NA,NA
"control","TWN_TON",0.232442149186188,0.748572662267035,30,NA,NA,NA
"control","TWN_WSM",-0.0810262782498262,1.02143595360192,26,NA,NA,NA
"control","URY_MDG",-0.11606992045436,1.0777698726034,18,NA,NA,NA
"control","URY_MWI",-0.641766540318507,1.33765487725987,11,NA,NA,NA
"control","URY_NIC",-0.0788336215599793,0.885921333514528,29,NA,NA,NA
"control","URY_VNM",0.177144170230932,1.13087788761392,26,NA,NA,NA
"control","USA_ALB",0.0206054937889366,0.77976394878643,30,NA,NA,NA
"control","USA_NAM",-0.382591336209738,1.05447515326699,29,NA,NA,NA
"control","USA_TCD",-0.146562176292552,0.965277173962035,30,NA,NA,NA
"control","VCT_SGP",-0.414203016692155,1.1732054795704,22,NA,NA,NA
"control","VCT_TUR",0.134542573406113,1.01994524632675,19,NA,NA,NA
"control","VEN_ATG",-0.0146889667921311,0.600755522160657,27,NA,NA,NA
"control","VEN_BRB",-0.269502300224432,0.95364320316056,30,NA,NA,NA
"control","VEN_CRI",-0.131527325290532,0.530523217905114,30,NA,NA,NA
"control","VEN_GTM",0.084770123658918,1.08086723156868,30,NA,NA,NA
"control","VEN_HND",-0.0777830721957832,0.793717567897408,28,NA,NA,NA
"control","VEN_JAM",0.0833400004619489,0.800307107970692,30,NA,NA,NA
"control","VEN_PAN",0.0166266660529834,0.460272972076229,20,NA,NA,NA
"control","VEN_SAU",0.208885891651656,0.833185495674936,30,NA,NA,NA
"control","VGB_BGD",0.121796949709992,1.23483574431622,15,NA,NA,NA
"control","VGB_ESP",0.00228214101803053,0.868012350000127,15,NA,NA,NA
"control","VGB_MEX",-0.0266439538508019,1.84023092626137,25,NA,NA,NA
"control","VGB_MYS",-0.195930505909673,2.20014742518668,22,NA,NA,NA
"control","VNM_MAC",-0.0056191420575723,0.474306293778315,29,NA,NA,NA
"control","VNM_MDG",0.0547821033448134,1.35796075561577,30,NA,NA,NA
"control","VNM_MUS",0.153795830441075,1.1657670484884,30,NA,NA,NA
"control","VUT_CAN",0.0242298298495918,0.990940179379128,25,NA,NA,NA
"control","VUT_CHL",-0.340834697644396,1.08199236442945,23,NA,NA,NA
"control","VUT_MEX",-0.19914664820466,1.29074066033285,15,NA,NA,NA
"control","WLF_MEX",-0.375821529762861,0.911034561664022,13,NA,NA,NA
"control","WLF_TUR",0.0266058119687731,1.18411500641058,8,NA,NA,NA
"control","WSM_FIN",-0.0908258075879828,1.48490454277908,8,NA,NA,NA
"control","WSM_GBR",-0.13127280028813,1.27156797464843,26,NA,NA,NA
"control","WSM_MEX",0.0657445874640448,0.761889858915582,14,NA,NA,NA
"control","WSM_MYS",0.0676257545676314,1.03676529175107,19,NA,NA,NA
"control","ZAF_DNK",0.538264137822384,1.30722459227932,8,NA,NA,NA
"control","ZAF_MUS",-0.0351475168404446,0.2168232265989,9,NA,NA,NA
"control","ZAF_PRY",-0.0864159208566808,2.40521132435241,21,NA,NA,NA
"control","ZAF_ZWE",-0.0695968088959378,0.720975712500902,9,NA,NA,NA
"control","ZMB_BWA",0.378687106179127,0.672254771468709,8,NA,NA,NA
"control","ZMB_CMR",0.0917469193960946,1.57508396090617,17,NA,NA,NA
"control","ZMB_LKA",-0.253453409782812,0.612924421767283,21,NA,NA,NA
"control","ZMB_MEX",-0.0913374393062028,1.03003894618041,27,NA,NA,NA
"control","ZMB_MLT",-0.576582476531821,0.713718062725937,13,NA,NA,NA
"control","ZWE_ATG",0.120124332788816,1.18372478671649,10,NA,NA,NA
"control","ZWE_BWA",-0.405040003625225,1.03998327456931,9,NA,NA,NA
"control","ZWE_CIV",-0.215551412846676,1.14563284525555,29,NA,NA,NA
"control","ZWE_COG",0.0758485509766577,1.01548659261714,28,NA,NA,NA
"control","ZWE_CPV",0.370178882759826,0.332271715201778,13,NA,NA,NA
"control","ZWE_DMA",-0.0364368098533491,0.856395923444678,13,NA,NA,NA
"control","ZWE_ISR",0.108954833033444,0.826832759908276,30,NA,NA,NA
"control","ZWE_MAC",0.292845888763582,1.21301213657708,17,NA,NA,NA
"control","ZWE_NER",-0.293173716353486,0.511897591545652,15,NA,NA,NA
"control","ZWE_POL",0.0120728268380367,0.831633650430653,21,NA,NA,NA
"control","ZWE_SYC",0.0831915354387652,1.08245355992993,9,NA,NA,NA
"control","ZWE_ZAF",-0.330053375179879,0.750878398696832,9,NA,NA,NA
"control","ABW_COL",0.0238775975263938,0.945682963537403,28,NA,NA,NA
"control","ABW_TTO",0.170844646045495,1.16590262279109,24,NA,NA,NA
"control","ABW_USA",0.338594423932448,0.424316968968582,29,NA,NA,NA
"control","AFG_ARE",-0.221493668647166,0.604740874601232,19,NA,NA,NA
"control","AFG_BGD",-0.531476469382503,0.490419635793474,13,NA,NA,NA
"control","AFG_BRB",0.323530254024778,1.21309823486382,24,NA,NA,NA
"control","AFG_CHL",0.256246161252012,0.883795896310604,28,NA,NA,NA
"control","AFG_CHN",0.187699397447833,1.14378545754444,29,NA,NA,NA
"control","AFG_ECU",-0.0864526720173601,0.790480892053009,24,NA,NA,NA
"control","AFG_MLT",0.458031165598644,1.18526986257227,19,NA,NA,NA
"control","AFG_QAT",0.0338550262245666,1.01755507875504,16,NA,NA,NA
"control","AGO_IND",0.0478823518445972,1.1084844497001,18,NA,NA,NA
"control","AGO_TTO",-0.34511671424259,1.69903112724115,15,NA,NA,NA
"control","AIA_AUS",-0.297334495821293,0.676660076732002,20,NA,NA,NA
"control","AIA_MYS",0.157843866973393,0.899601166066293,13,NA,NA,NA
"control","AIA_USA",-0.235040573087778,1.76510646654284,29,NA,NA,NA
"control","ALB_BOL",-0.0248472373233365,0.905440489600327,28,NA,NA,NA
"control","ALB_ECU",0.146890790068368,1.15593105118846,22,NA,NA,NA
"control","ALB_GUY",-0.491887434560134,1.11011253810171,8,NA,NA,NA
"control","ALB_KOR",-0.0602466617125282,1.02377724188155,25,NA,NA,NA
"control","ALB_LKA",-0.468086561015461,0.829326820265962,19,NA,NA,NA
"control","ALB_MAC",0.294637999447627,0.662150860411224,16,NA,NA,NA
"control","ALB_TUN",0.0589149645547948,1.48677918678359,24,NA,NA,NA
"control","AND_CHL",-0.266345306680839,1.43347221328733,28,NA,NA,NA
"control","AND_TUN",0.205220852451026,0.772481111151716,26,NA,NA,NA
"control","AND_TUR",0.0437429995480147,0.880845594036522,23,NA,NA,NA
"control","AND_USA",0.0511882214847572,1.02125315383625,29,NA,NA,NA
"control","ANT_COL",-0.218897837624103,1.44644328721104,20,NA,NA,NA
"control","ANT_ECU",-0.463777980546646,0.776128519641347,19,NA,NA,NA
"control","ANT_GUY",0.252548790750247,0.550583859946681,16,NA,NA,NA
"control","ANT_IDN",0.043071948625982,0.896312906532891,20,NA,NA,NA
"control","ANT_JAM",-0.179264677051411,0.849987170670987,18,NA,NA,NA
"control","ANT_TTO",-0.0886372979950342,1.25236271615293,20,NA,NA,NA
"control","ANT_TUN",-0.0345196882161539,0.682634662818202,19,NA,NA,NA
"control","ANT_USA",0.228835152121326,1.3832461012729,19,NA,NA,NA
"control","ARE_COG",-0.138305200766123,1.34236577157376,19,NA,NA,NA
"control","ARE_COM",0.150023876303993,0.843131011157537,28,NA,NA,NA
"control","ARE_IRL",-0.201889831888359,0.953977183769409,29,NA,NA,NA
"control","ARE_IRN",0.0747098543979625,1.12181290636843,24,NA,NA,NA
"control","ARE_MAC",-0.0445534191860796,1.15891459995492,26,NA,NA,NA
"control","ARE_MUS",0.105364655727961,1.35996840851935,29,NA,NA,NA
"control","ARE_PER",0.21212066425614,1.22940539371945,28,NA,NA,NA
"control","ARE_RWA",0.00693956102180988,1.56478312170765,25,NA,NA,NA
"control","ARE_SOM",0.598670770231418,0.975337519970953,16,NA,NA,NA
"control","ARE_TTO",-0.117615430711018,0.814196458322843,28,NA,NA,NA
"control","ARE_TZA",0.0835935959575713,1.43102051192162,28,NA,NA,NA
"control","ARE_UGA",-0.189562911285728,1.6459688425663,27,NA,NA,NA
"control","ARG_ALB",-0.116018949425975,1.13958173085894,25,NA,NA,NA
"control","ARG_KNA",-0.0106683683234777,1.38751254202003,28,NA,NA,NA
"control","ARG_MRT",-0.195811756726837,0.866167182488059,27,NA,NA,NA
"control","ATF_MEX",-0.333959617579781,0.750007108657496,10,NA,NA,NA
"control","ATF_USA",0.184774940119516,0.659193006876586,24,NA,NA,NA
"control","ATG_ARE",0.137933938253095,1.31273907515059,12,NA,NA,NA
"control","ATG_AUS",0.0964313375360362,0.868115528501115,23,NA,NA,NA
"control","ATG_KOR",0.17478820459373,0.791313529219242,24,NA,NA,NA
"control","ATG_VEN",-0.205212023969824,1.12716646983218,20,NA,NA,NA
"control","AUS_FRO",0.297037476523878,0.441310676091625,15,NA,NA,NA
"control","AUS_GNQ",-0.0328315567905066,0.958896649045593,24,NA,NA,NA
"control","AUT_GUY",-0.228384981770008,1.49817876316706,15,NA,NA,NA
"control","AUT_JAM",0.259511167979147,0.453963473209259,16,NA,NA,NA
"control","AUT_LBR",0.0914963622121568,0.85547364349702,27,NA,NA,NA
"control","AUT_QAT",-0.0171040873903128,1.10390628119234,29,NA,NA,NA
"control","AUT_SLV",-0.00626388175434981,1.45567450019642,19,NA,NA,NA
"control","AUT_TTO",-0.178988691649055,0.587251050765474,16,NA,NA,NA
"control","BDI_BOL",0.101985710076881,0.953135872111424,14,NA,NA,NA
"control","BDI_KOR",0.317074913622635,1.25371363006884,17,NA,NA,NA
"control","BDI_MYS",-0.0511283235961948,0.913033641660826,18,NA,NA,NA
"control","BEN_IRL",-0.138823318743835,1.41474265997788,27,NA,NA,NA
"control","BFA_FIN",-0.260561996025684,0.783517960344668,27,NA,NA,NA
"control","BFA_MUS",-0.120409525305266,0.675602202643955,29,NA,NA,NA
"control","BGD_BRN",0.118519730705017,1.24579798977491,25,NA,NA,NA
"control","BGD_CIV",0.0803005538796286,1.16700051609514,28,NA,NA,NA
"control","BGD_GNQ",-0.838623654058165,0.569440893347162,8,NA,NA,NA
"control","BGD_NER",-0.0606648696536536,1.32254095646665,24,NA,NA,NA
"control","BGD_SLV",0.0380988562804652,0.975745332247259,24,NA,NA,NA
"control","BGR_COL",-0.0182083929930271,0.662070419642987,21,NA,NA,NA
"control","BGR_GUY",-0.459407542922505,0.30591020066024,12,NA,NA,NA
"control","BGR_KOR",-0.172824032956051,0.736182997220263,19,NA,NA,NA
"control","BGR_MAC",-0.0888453933268947,1.73416775969096,28,NA,NA,NA
"control","BGR_NIC",0.0534691211358628,1.15165426646386,19,NA,NA,NA
"control","BGR_PER",0.154229538831006,1.00686481947252,20,NA,NA,NA
"control","BGR_SYC",-0.134903482482726,0.976038615647581,13,NA,NA,NA
"control","BGR_TTO",-0.118144393831236,0.642783874641321,15,NA,NA,NA
"control","BGR_VEN",0.0274908339869449,1.61766625626249,28,NA,NA,NA
"control","BHR_COL",0.481310461672903,1.6985656237808,29,NA,NA,NA
"control","BHR_MWI",0.0551252722172536,1.2901309521087,23,NA,NA,NA
"control","BHR_USA",0.054999561632154,1.46139227061633,14,NA,NA,NA
"control","BHS_ARE",0.215893568777212,1.32307729926913,14,NA,NA,NA
"control","BHS_BGD",0.118591535528994,1.55665843501577,16,NA,NA,NA
"control","BHS_COL",0.18528191513744,1.07286534325426,29,NA,NA,NA
"control","BHS_ECU",0.0427720553115862,1.25851066286747,29,NA,NA,NA
"control","BHS_LKA",-0.266756068202453,1.20797629641981,13,NA,NA,NA
"control","BHS_MUS",-0.125882850193486,1.08563340394473,27,NA,NA,NA
"control","BHS_PAN",-0.230763310655466,1.0298524719576,25,NA,NA,NA
"control","BHS_SAU",-0.0782125662234974,1.31453064580642,21,NA,NA,NA
"control","BHS_TUN",-0.177976132188715,1.70348733828846,21,NA,NA,NA
"control","BLZ_AUS",-0.0506224033858971,1.11409592728106,27,NA,NA,NA
"control","BLZ_ECU",0.0887814060432062,1.38379256110102,25,NA,NA,NA
"control","BLZ_ESP",0.17853029146665,0.725963115001417,16,NA,NA,NA
"control","BLZ_FIN",0.4278553407241,1.38883263269634,14,NA,NA,NA
"control","BLZ_TUN",0.193926303356795,1.22342581280162,26,NA,NA,NA
"control","BMU_BGD",0.181953409821369,1.43025802702284,15,NA,NA,NA
"control","BMU_COL",0.270293778141675,1.04671145137717,22,NA,NA,NA
"control","BMU_JAM",0.0241298764952824,1.06237146650187,27,NA,NA,NA
"control","BMU_USA",-0.00131090254180992,1.11136978548579,29,NA,NA,NA
"control","BOL_BHR",0.194755723405337,0.915584723104732,14,NA,NA,NA
"control","BOL_JAM",-0.222848037834971,0.709355596057419,26,NA,NA,NA
"control","BOL_ZAF",0.017035151196878,1.41020247238933,27,NA,NA,NA
"control","BRA_MDV",0.0724960136975545,0.456905428395234,26,NA,NA,NA
"control","BRA_MNG",-0.0426335306187649,1.26462878716254,26,NA,NA,NA
"control","BRB_ARE",0.293249785316797,1.1433716383231,20,NA,NA,NA
"control","BRB_ECU",0.254835902687655,0.952945725380128,25,NA,NA,NA
"control","BRB_PAK",0.168688347423249,1.30271010979164,22,NA,NA,NA
"control","BRB_SDN",-0.0415796004558282,1.31420829459265,16,NA,NA,NA
"control","BRN_FIN",0.138904191429514,0.813096165021798,26,NA,NA,NA
"control","BRN_IND",0.377502854290506,1.07959852304382,15,NA,NA,NA
"control","BRN_NZL",0.00589928831703311,1.04183849338991,14,NA,NA,NA
"control","BRN_TUR",0.0086973125516961,0.893601899402814,27,NA,NA,NA
"control","BTN_ECU",0.0720057941206909,0.581663399631787,9,NA,NA,NA
"control","BTN_SWE",-0.0904755788010106,0.774106443338794,16,NA,NA,NA
"control","BWA_COD",-0.284256427392696,1.08184167476284,24,NA,NA,NA
"control","BWA_MEX",0.338751862379075,0.641591964625363,23,NA,NA,NA
"control","CAN_SLB",-0.0132732796226724,1.03255145314455,26,NA,NA,NA
"control","CAN_YEM",-0.116656569276993,0.992967308159471,29,NA,NA,NA
"control","CCK_AUS",-0.0159631204859835,1.02264846917158,27,NA,NA,NA
"control","CCK_ESP",0.00546872537202449,0.690296903076219,20,NA,NA,NA
"control","CCK_MEX",0.0791666386039606,1.09734108722406,18,NA,NA,NA
"control","CCK_USA",0.148950183377165,1.33545332189346,29,NA,NA,NA
"control","CHL_BFA",-0.123466339909257,1.17221174381435,22,NA,NA,NA
"control","CHL_GRL",0.111426598317153,0.772195258838864,22,NA,NA,NA
"control","CHL_NER",-0.11450857174487,0.791893066600602,25,NA,NA,NA
"control","CHL_SLB",-0.162889781160742,0.646884122538157,13,NA,NA,NA
"control","CHL_SYR",0.0790512712421607,0.835542107630718,27,NA,NA,NA
"control","CHL_TGO",-0.137635295402036,1.39477301261478,27,NA,NA,NA
"control","CHL_TUV",0.155891947473838,0.91126944796388,11,NA,NA,NA
"control","CHL_VGB",0.204732956290715,0.968247633539315,16,NA,NA,NA
"control","CHL_VUT",0.10134130190174,0.947047392901262,22,NA,NA,NA
"control","CHL_WSM",-0.191410497521304,0.929807729559272,28,NA,NA,NA
"control","CHL_YEM",0.0295643791330136,1.12233483126607,26,NA,NA,NA
"control","CHN_DMA",0.0635083209822157,1.58382709064612,29,NA,NA,NA
"control","CHN_GRD",0.0744132997865864,1.37475328589489,29,NA,NA,NA
"control","CHN_GUY",0.150395700816455,1.04382137720726,29,NA,NA,NA
"control","CHN_MDV",-0.0232648560834416,0.916555068228641,29,NA,NA,NA
"control","CHN_SLB",-0.0542267884012862,0.578762168505846,29,NA,NA,NA
"control","CHN_UGA",-0.0562434589997454,1.39799950617586,29,NA,NA,NA
"control","CIV_ARE",0.10988840731263,0.711588885731359,28,NA,NA,NA
"control","CIV_COL",0.327875997309744,1.52796897553054,28,NA,NA,NA
"control","CIV_DJI",0.0814914338504126,0.990880325240145,20,NA,NA,NA
"control","CIV_DZA",-0.0733022693578237,0.761485383911997,29,NA,NA,NA
"control","CIV_ECU",-0.0328956263743927,1.07294653822684,28,NA,NA,NA
"control","CIV_JAM",-0.0534356500566802,0.72289114936048,21,NA,NA,NA
"control","CIV_LBY",-0.35380217187765,1.40923613176167,23,NA,NA,NA
"control","CIV_NZL",-0.0588042082280577,0.851476359144413,29,NA,NA,NA
"control","CIV_QAT",-0.226205415958992,1.19255612770858,24,NA,NA,NA
"control","CIV_ROU",-0.25347549579246,0.854237779358883,23,NA,NA,NA
"control","CIV_SAU",-0.267016725567789,0.647394192631309,29,NA,NA,NA
"control","COD_ARE",0.214442987448635,1.30208266679492,13,NA,NA,NA
"control","COD_HUN",-0.417890465425339,1.1170101417237,27,NA,NA,NA
"control","COD_MLT",0.201364223356257,0.543603830241549,13,NA,NA,NA
"control","COD_OMN",0.184242736321032,0.591768302366885,8,NA,NA,NA
"control","COD_SEN",-0.247645419670585,1.09226335157351,24,NA,NA,NA
"control","COG_BRA",0.233490112385782,0.693218627888156,27,NA,NA,NA
"control","COG_CAN",0.0813619846889317,0.588295996354799,28,NA,NA,NA
"control","COG_GUY",0.105176462506449,0.63306932257922,8,NA,NA,NA
"control","COG_JOR",-0.438997040005531,0.883706868197727,21,NA,NA,NA
"control","COG_SEN",-0.16532998305656,0.620584161878179,29,NA,NA,NA
"control","COG_SWE",0.282164893926196,0.792090803563341,29,NA,NA,NA
"control","COG_TUN",-0.0958281318663899,1.10832185248075,29,NA,NA,NA
"control","COK_CHN",0.221932005689799,0.699743708970603,28,NA,NA,NA
"control","COK_ECU",-0.245081675495645,1.27890324145209,10,NA,NA,NA
"control","COL_ABW",0.174473459519035,0.791085677640133,29,NA,NA,NA
"control","COL_ALB",0.287696107760814,0.719044420552557,29,NA,NA,NA
"control","COL_ANT",0.357034820660942,0.82591315896984,20,NA,NA,NA
"control","COL_BDI",0.440911261946056,1.18090292641584,23,NA,NA,NA
"control","COL_BFA",-0.0267396626867109,1.27027952510936,24,NA,NA,NA
"control","COL_BHS",0.298138604651159,1.37712656115357,29,NA,NA,NA
"control","COL_BLZ",-0.0706843829763475,1.27702261210506,29,NA,NA,NA
"control","COL_BMU",-0.0564355644970621,1.27296728859479,29,NA,NA,NA
"control","COL_BRN",0.244259872734774,0.954084110566227,23,NA,NA,NA
"control","COL_CIV",0.0940717060894986,1.22899228099726,29,NA,NA,NA
"control","COL_CXR",0.4019675893989,0.526231846677539,8,NA,NA,NA
"control","COL_CYM",0.217436172103772,0.818856320144755,29,NA,NA,NA
"control","COL_DMA",-0.215315395893363,0.817082911638982,29,NA,NA,NA
"control","COL_FRO",-0.0151480289959475,1.02257324514114,21,NA,NA,NA
"control","COL_GIB",0.0223225689186416,0.628128757147453,18,NA,NA,NA
"control","COL_GMB",0.169919147575777,1.03424288235821,27,NA,NA,NA
"control","COL_GNB",0.163117193955794,1.31622755689476,10,NA,NA,NA
"control","COL_GRD",0.232717451501625,1.18096743866926,29,NA,NA,NA
"control","COL_HTI",0.176209911411926,1.19451011010766,29,NA,NA,NA
"control","COL_JOR",0.270325547156095,0.784853403166747,29,NA,NA,NA
"control","COL_KEN",-0.0628100920579703,1.14240133561346,29,NA,NA,NA
"control","COL_KIR",0.122676912249763,0.875949558813649,10,NA,NA,NA
"control","COL_KNA",-0.244661761720732,1.73152784618718,29,NA,NA,NA
"control","COL_LAO",-0.0153765870067514,0.998152135987185,11,NA,NA,NA
"control","COL_LCA",-0.0431362011035018,1.39259599718714,29,NA,NA,NA
"control","COL_MAC",-0.122606654050713,0.826868422512757,27,NA,NA,NA
"control","COL_MDG",-0.283265336887592,0.968236155011447,27,NA,NA,NA
"control","COL_MSR",0.145080939136924,1.23362159136438,23,NA,NA,NA
"control","COL_MWI",-0.0324854241154005,0.741428138389715,18,NA,NA,NA
"control","COL_NIU",0.234977015389107,1.86221942385545,10,NA,NA,NA
"control","COL_NPL",0.274491264372179,2.05801625918676,18,NA,NA,NA
"control","COL_PNG",0.272431358486094,0.730515515623083,22,NA,NA,NA
"control","COL_PYF",-0.145499836542172,0.766008478689765,29,NA,NA,NA
"control","COL_QAT",0.220718383796016,0.531459691233874,25,NA,NA,NA
"control","COL_SLE",-0.22818337875648,0.943183003661367,13,NA,NA,NA
"control","COL_SUR",0.00705951485529435,1.49873508083065,29,NA,NA,NA
"control","COL_TGO",-0.0219690420808311,1.33736853373378,29,NA,NA,NA
"control","COL_TUV",0.344433181621954,2.03140613205022,8,NA,NA,NA
"control","COL_VCT",0.072529172749096,0.908577135528807,29,NA,NA,NA
"control","COL_VGB",0.105469566317435,1.11357200393215,29,NA,NA,NA
"control","COL_VUT",0.0678630580942218,0.641571838558303,14,NA,NA,NA
"control","COM_MAR",0.538545465190265,1.23524016072582,18,NA,NA,NA
"control","COM_PER",-0.0771565296940345,1.08576387133695,16,NA,NA,NA
"control","COM_TUN",-0.0565776361803324,0.9800071746078,24,NA,NA,NA
"control","COM_TWN",0.0560096669615918,1.76438391964705,18,NA,NA,NA
"control","CPV_ECU",-0.475945745377882,1.3887121836893,13,NA,NA,NA
"control","CRI_GUY",0.124950377293497,1.25897809446655,28,NA,NA,NA
"control","CRI_JAM",0.130498088726607,0.813854348025034,29,NA,NA,NA
"control","CRI_PRK",-0.209346340499976,0.887513968763446,25,NA,NA,NA
"control","CRI_YEM",0.178190724664705,0.781437760708062,11,NA,NA,NA
"control","CUB_ARE",-0.117563555272643,1.08436137069374,20,NA,NA,NA
"control","CUB_HND",-0.116686030099914,1.87711179584058,25,NA,NA,NA
"control","CUB_JAM",-0.174514782684095,0.638400995703947,27,NA,NA,NA
"control","CUB_MAC",0.488224893414149,0.798178514391326,26,NA,NA,NA
"control","CUB_MDG",0.219755881233927,0.601416974923049,21,NA,NA,NA
"control","CUB_SAU",0.127358643007056,1.11651834546021,28,NA,NA,NA
"control","CXR_COL",-0.323409295897859,0.373525348428231,9,NA,NA,NA
"control","CXR_KOR",-0.276048860155328,1.14353674590716,24,NA,NA,NA
"control","CXR_USA",-0.238052849277015,1.08097558242747,29,NA,NA,NA
"control","CYM_CAN",0.0296514811720243,1.87900526747396,28,NA,NA,NA
"control","CYM_COL",0.0977422773170885,1.36725482317298,27,NA,NA,NA
"control","CYM_JAM",0.0600122208932563,0.891329460208206,27,NA,NA,NA
"control","CYM_TTO",0.375723161617298,0.83040742972063,22,NA,NA,NA
"control","CYM_TUN",0.409263929129767,1.16116636757634,12,NA,NA,NA
"control","CYM_USA",0.194299400478613,0.790807748615802,29,NA,NA,NA
"control","CYP_GNB",-0.057892009252902,0.988649960684232,17,NA,NA,NA
"control","CYP_JAM",0.111885479622456,0.563429774338536,16,NA,NA,NA
"control","CYP_LAO",0.199470929099699,0.913662405565676,14,NA,NA,NA
"control","CYP_MAC",-0.0144161856608665,0.817963316611579,29,NA,NA,NA
"control","CYP_SLB",0.593747140029414,0.530938628979578,10,NA,NA,NA
"control","CYP_TGO",0.289722412843074,0.847697034260084,24,NA,NA,NA
"control","CYP_TTO",-0.0162419851458104,1.74033147461658,15,NA,NA,NA
"control","CYP_VNM",0.0303880242953187,0.901139267440097,29,NA,NA,NA
"control","DEU_NAM",-0.0866831848432925,1.00372812550373,24,NA,NA,NA
"control","DEU_ZAF",-0.118647982795054,0.712005648198649,8,NA,NA,NA
"control","DJI_ARE",0.0492295554338989,1.32055696835433,15,NA,NA,NA
"control","DJI_IND",-0.0972324633311701,1.13612993198928,27,NA,NA,NA
"control","DJI_MEX",-0.00837814249505935,0.759429066510287,16,NA,NA,NA
"control","DJI_PAK",-0.249412875466748,0.642842281637771,24,NA,NA,NA
"control","DJI_QAT",0.258959302755868,0.971338819829499,10,NA,NA,NA
"control","DJI_YEM",0.3886561421551,0.778628386628107,17,NA,NA,NA
"control","DMA_ECU",-0.729425044261791,0.813866293568242,15,NA,NA,NA
"control","DMA_HUN",-0.539519742801418,1.09146222267733,15,NA,NA,NA
"control","DMA_IRL",0.5290093609796,1.3714330053639,14,NA,NA,NA
"control","DMA_SAU",-0.162273766237691,0.58426484037039,28,NA,NA,NA
"control","DOM_ARE",-0.315660830208296,1.10780167799127,22,NA,NA,NA
"control","DOM_CRI",-0.606456209710492,1.04648153890336,10,NA,NA,NA
"control","DOM_ECU",-0.285901960795579,0.864730661836889,29,NA,NA,NA
"control","DOM_GUY",0.0828970455293042,1.51831120083922,26,NA,NA,NA
"control","DOM_HND",0.118461233801326,2.47588690219646,9,NA,NA,NA
"control","DOM_SAU",0.0460351043229656,0.669618466275984,28,NA,NA,NA
"control","DOM_TTO",0.451230477928428,1.17330522466196,29,NA,NA,NA
"control","DZA_HUN",0.161527818091015,1.02126470329702,12,NA,NA,NA
"control","ECU_ANT",-0.135292323103354,0.780656403033789,19,NA,NA,NA
"control","ECU_BLZ",-0.0124189732858208,1.03161541079637,29,NA,NA,NA
"control","ECU_BMU",0.0970284581804833,1.18588422842549,20,NA,NA,NA
"control","ECU_BRB",0.191603550136643,1.21877665909444,28,NA,NA,NA
"control","ECU_CRI",0.102423490367342,1.31144498247735,29,NA,NA,NA
"control","ECU_DMA",-0.0267146867315264,1.63671809958765,26,NA,NA,NA
"control","ECU_GRL",-0.110731630268507,1.09721235716201,19,NA,NA,NA
"control","ECU_GUF",-0.114766686583821,0.225814148021749,9,NA,NA,NA
"control","ECU_HTI",0.0137211140299103,0.962074466231757,29,NA,NA,NA
"control","ECU_KEN",-0.364306758934419,1.50968360925438,22,NA,NA,NA
"control","ECU_MAC",-0.188873753710733,1.25500924397158,22,NA,NA,NA
"control","ECU_SLV",-0.352043556289088,0.807030872470064,25,NA,NA,NA
"control","ECU_SUR",-0.349225472071679,0.939925627095935,24,NA,NA,NA
"control","EGY_MAC",0.197507318604963,0.985368334485202,26,NA,NA,NA
"control","EGY_SEN",-0.381237343514871,1.17699373642409,28,NA,NA,NA
"control","ESH_BRA",0.228476884785728,0.262601038217283,13,NA,NA,NA
"control","ESH_KOR",-0.209034094413693,0.47185805662556,10,NA,NA,NA
"control","FJI_GMB",-0.494623829105714,0.540964433073058,9,NA,NA,NA
"control","FJI_JOR",0.117058419918546,1.04111773491747,11,NA,NA,NA
"control","FJI_MEX",-0.0233024044276502,1.14521564071136,27,NA,NA,NA
"control","FJI_PRT",0.114002086154292,1.23003780783229,15,NA,NA,NA
"control","FLK_MDG",0.243215467182645,0.887907528707619,11,NA,NA,NA
"control","FRA_NAM",-0.140282238250184,1.03651942799219,24,NA,NA,NA
"control","FRA_VCT",-0.119055914150562,0.596155453643063,15,NA,NA,NA
"control","FRA_YEM",-0.0869249672104719,1.48219001634911,28,NA,NA,NA
"control","GAB_MAR",-0.0441093763948158,0.784622852902245,28,NA,NA,NA
"control","GAB_PAK",0.0541684139802409,0.873420215939286,23,NA,NA,NA
"control","GAB_TUN",0.418773884325983,1.0415209286169,29,NA,NA,NA
"control","GBR_COM",-0.0179342333934528,0.851455911379212,28,NA,NA,NA
"control","GBR_YEM",0.264902106516634,0.694103270142853,29,NA,NA,NA
"control","GHA_ARE",-0.0605224098961652,0.676831209550552,26,NA,NA,NA
"control","GHA_HUN",-0.0385913916349077,0.481210044953392,24,NA,NA,NA
"control","GHA_KWT",0.0733534470572914,1.57447729967567,27,NA,NA,NA
"control","GHA_SAU",0.0557644626109437,1.10813461458169,29,NA,NA,NA
"control","GIB_MDG",-0.0765346320942586,0.507117127332968,18,NA,NA,NA
"control","GIB_ROU",-0.0373210523442461,1.10917151082547,20,NA,NA,NA
"control","GIB_SAU",-0.167310873092575,0.950600263947207,21,NA,NA,NA
"control","GIB_THA",-0.0743477717238313,1.2932496512862,23,NA,NA,NA
"control","GIB_TTO",-0.284930867348776,1.03907129107462,8,NA,NA,NA
"control","GIB_TUN",-0.144028413423743,0.946659646671871,27,NA,NA,NA
"control","GIB_USA",-0.163599956900495,1.06169736235871,29,NA,NA,NA
"control","GLP_KWT",-0.418099981809823,0.824707453994775,9,NA,NA,NA
"control","GMB_CHL",-0.0737159940464041,1.54812737593968,9,NA,NA,NA
"control","GMB_COL",0.00902817574931818,0.950518995383744,22,NA,NA,NA
"control","GMB_FRA",-0.0794360993720674,1.45310593406912,29,NA,NA,NA
"control","GMB_NOR",0.17418580227731,1.01392848511103,28,NA,NA,NA
"control","GMB_PAK",-0.0223997855781048,1.18219791002956,23,NA,NA,NA
"control","GMB_TUN",0.0445752827184985,0.974374710151854,25,NA,NA,NA
"control","GNB_KOR",0.133369173462103,1.06928705168618,26,NA,NA,NA
"control","GNB_THA",-0.113074915128624,1.26128729780505,25,NA,NA,NA
"control","GNQ_IRL",-0.201848566308281,1.02547020896111,23,NA,NA,NA
"control","GNQ_USA",0.323632568297876,1.00839563736039,28,NA,NA,NA
"control","GRC_MAC",0.0374218053257659,0.592583742087258,29,NA,NA,NA
"control","GRC_NAM",0.0277102550075613,0.752802305248185,20,NA,NA,NA
"control","GRD_URY",0.0222830414490092,0.807286362142513,20,NA,NA,NA
"control","GRL_COL",0.159302277144914,1.62559620105999,17,NA,NA,NA
"control","GRL_USA",0.247330692557467,0.497157072882013,29,NA,NA,NA
"control","GTM_ARE",-0.179229135909441,1.01340408339952,29,NA,NA,NA
"control","GTM_GUY",0.206225429581635,0.714888573817251,28,NA,NA,NA
"control","GUF_USA",-0.0065656220422525,0.878839650161334,8,NA,NA,NA
"control","GUY_MUS",0.0961605346357143,1.9512530281281,18,NA,NA,NA
"control","HND_ECU",-0.203237012497657,1.36044335708364,29,NA,NA,NA
"control","HND_GUY",0.19477252108413,0.973756008819396,22,NA,NA,NA
"control","HND_IRN",-0.213291386355784,1.3929761776329,20,NA,NA,NA
"control","HND_JAM",0.150255344266545,0.973336689727084,29,NA,NA,NA
"control","HND_MDG",-0.24601752862738,0.970777815220566,19,NA,NA,NA
"control","HND_TTO",0.0109191778176963,1.19998151452964,29,NA,NA,NA
"control","HTI_COL",-0.271013090702904,1.08766990348959,26,NA,NA,NA
"control","HTI_MAR",0.115412683832828,1.25123814240309,19,NA,NA,NA
"control","HUN_BHS",0.490107570678212,1.00833454830012,16,NA,NA,NA
"control","HUN_ECU",0.179764993494789,1.28047633441147,25,NA,NA,NA
"control","HUN_FRO",0.443064818855927,1.55529776725527,8,NA,NA,NA
"control","HUN_GUY",0.105835624851804,1.13088381090264,13,NA,NA,NA
"control","HUN_JAM",0.187990812200848,0.852986127893272,16,NA,NA,NA
"control","HUN_KOR",0.0963588461203318,1.26494482689811,19,NA,NA,NA
"control","HUN_MAC",0.145627990712888,0.83224243855196,29,NA,NA,NA
"control","HUN_NPL",-0.0644139566736479,0.528415076641421,29,NA,NA,NA
"control","HUN_NRU",-0.230035266894187,0.693756064587565,12,NA,NA,NA
"control","HUN_PRK",0.00848906649915344,0.852970138527161,25,NA,NA,NA
"control","HUN_PYF",-0.0318728930065968,0.386753663935142,12,NA,NA,NA
"control","HUN_SLV",0.322664655024723,1.03016279436515,21,NA,NA,NA
"control","HUN_YEM",-0.067539820646166,1.33045150090464,29,NA,NA,NA
"control","HUN_ZAF",-0.271766971806792,0.400365515589369,12,NA,NA,NA
"control","HUN_ZMB",-0.0807719995196673,0.966593952403706,29,NA,NA,NA
"control","IDN_ALB",-0.313951931940219,0.735328636674744,27,NA,NA,NA
"control","IDN_DJI",-0.0618045459626591,1.21704071459711,24,NA,NA,NA
"control","IDN_MLI",0.206301124643774,0.884104188632829,29,NA,NA,NA
"control","IDN_ZMB",-0.311380866387594,0.981465302725968,29,NA,NA,NA
"control","IND_CCK",0.234288695788668,0.349632425125539,19,NA,NA,NA
"control","IND_CPV",0.0563341581321177,1.427455898781,27,NA,NA,NA
"control","IND_GRL",0.00433329958008127,1.08883694280221,28,NA,NA,NA
"control","IND_KNA",-0.266068089679612,1.08124632345356,29,NA,NA,NA
"control","IND_MSR",0.0143607342211465,0.857279188145021,27,NA,NA,NA
"control","IOT_COL",-0.0182482338359954,1.08363161853072,19,NA,NA,NA
"control","IOT_KOR",-0.107810613979334,0.882448881333588,22,NA,NA,NA
"control","IOT_USA",-0.0171028441724105,0.955025538377023,29,NA,NA,NA
"control","IRL_COG",-0.194939806895537,0.729319659998891,29,NA,NA,NA
"control","IRL_GTM",0.109968989259885,1.02540286120642,21,NA,NA,NA
"control","IRL_GUY",-0.39581538006294,0.826904485576216,16,NA,NA,NA
"control","IRL_HND",0.0730531122486967,1.11835900761482,21,NA,NA,NA
"control","IRL_KWT",0.140796941259804,1.15015675748305,29,NA,NA,NA
"control","IRL_UGA",-0.00319304219888278,1.09765946458958,29,NA,NA,NA
"control","IRL_YEM",-0.049255580558543,0.999823578090317,29,NA,NA,NA
"control","IRN_ARE",0.135695316288694,0.440393553023716,25,NA,NA,NA
"control","IRN_CRI",0.310930548596939,0.959259902800256,29,NA,NA,NA
"control","IRN_DJI",0.322779534093079,1.06772844703444,19,NA,NA,NA
"control","IRN_GRD",-0.0104509845998002,0.831970160897845,22,NA,NA,NA
"control","IRN_HND",0.00312424447160422,0.869071329451222,23,NA,NA,NA
"control","IRN_KWT",-0.00286140404464445,1.85100279322517,27,NA,NA,NA
"control","IRN_MAC",-0.182589932875508,0.724173426128943,25,NA,NA,NA
"control","IRN_QAT",-0.180396117403524,1.26259006223319,24,NA,NA,NA
"control","IRN_SLV",0.142430917641582,1.22061386341116,23,NA,NA,NA
"control","ISL_COG",-0.255664719568336,1.06434714421045,16,NA,NA,NA
"control","ISL_ECU",0.114296683383599,0.575681450183501,27,NA,NA,NA
"control","ISL_GTM",0.0737484509697285,1.2323886930097,20,NA,NA,NA
"control","ISL_IRN",-0.136810955960055,1.22818795629776,27,NA,NA,NA
"control","ISL_MDG",0.653902105005491,0.947362406057282,23,NA,NA,NA
"control","ISL_PAK",0.117585609420929,1.93751077840887,19,NA,NA,NA
"control","ISL_URY",0.296673913340704,0.777608101015817,28,NA,NA,NA
"control","ISR_GUY",-0.32615051698923,0.933993495037311,26,NA,NA,NA
"control","ISR_TTO",0.148495887632794,0.724759446067977,29,NA,NA,NA
"control","ITA_MDV",-0.111069751743398,0.647462608589984,27,NA,NA,NA
"control","ITA_NAM",-0.0258802444425488,0.846414847761025,23,NA,NA,NA
"control","ITA_TTO",-0.117601259164031,0.697188647161696,16,NA,NA,NA
"control","ITA_YEM",0.0957572204221629,1.24067636745193,28,NA,NA,NA
"control","JAM_AIA",0.207757694642881,1.00742427189737,27,NA,NA,NA
"control","JAM_ANT",0.00858190234569373,0.626480995341236,18,NA,NA,NA
"control","JAM_ARE",0.171296192286643,1.06948617551527,27,NA,NA,NA
"control","JAM_BMU",-0.105604447262635,1.04343222528596,28,NA,NA,NA
"control","JAM_CHN",-0.234723375582854,0.787717859653942,28,NA,NA,NA
"control","JAM_COL",-0.0434894072233872,0.451289420317045,29,NA,NA,NA
"control","JAM_CRI",-0.0526085202162473,0.758151103063738,29,NA,NA,NA
"control","JAM_CUB",-0.548106795728288,1.38969634661581,27,NA,NA,NA
"control","JAM_CYM",0.122510469193584,0.679417698208871,27,NA,NA,NA
"control","JAM_DZA",0.132216220696971,0.519211524735904,15,NA,NA,NA
"control","JAM_ECU",-0.0263739049006904,1.1449018497765,29,NA,NA,NA
"control","JAM_EGY",-0.38937159766185,1.50446360981651,23,NA,NA,NA
"control","JAM_FRO",0.133305555536288,1.46274852573737,15,NA,NA,NA
"control","JAM_GHA",-0.161256445945846,1.00362128532369,27,NA,NA,NA
"control","JAM_GTM",-0.208978451542227,0.779015387450291,29,NA,NA,NA
"control","JAM_HND",0.207547779784199,0.992893443118428,29,NA,NA,NA
"control","JAM_HTI",0.354245883157662,1.06089852619787,8,NA,NA,NA
"control","JAM_IND",0.0322083712401787,0.710226723044882,27,NA,NA,NA
"control","JAM_ISR",-0.158463579954663,0.684233659599812,25,NA,NA,NA
"control","JAM_LKA",0.0128250961597809,0.984727980674475,19,NA,NA,NA
"control","JAM_MAC",-0.156986564815938,0.964327851423373,28,NA,NA,NA
"control","JAM_NGA",0.0754964755474928,0.914207845102113,27,NA,NA,NA
"control","JAM_NIC",0.0811583044239755,0.973046182548611,28,NA,NA,NA
"control","JAM_PAN",-0.0830887146658421,0.605886324910745,28,NA,NA,NA
"control","JAM_SAU",0.243010804221939,0.888243308042623,28,NA,NA,NA
"control","JAM_SLV",0.199794992739176,1.37414477120149,29,NA,NA,NA
"control","JAM_TCA",-0.222936001244128,0.495363437019213,27,NA,NA,NA
"control","JAM_TUN",0.118800966342152,0.598560749578932,27,NA,NA,NA
"control","JAM_TWN",0.0908300751284261,1.67459291976456,29,NA,NA,NA
"control","JAM_URY",-0.00417385570815848,0.905274246289681,26,NA,NA,NA
"control","JAM_VGB",-0.100511918375908,0.891972073161563,27,NA,NA,NA
"control","JOR_CHN",0.233838417819677,0.910315338358308,29,NA,NA,NA
"control","JOR_DJI",0.24015739774347,0.983909460991139,27,NA,NA,NA
"control","JOR_ECU",-0.197549769207202,1.33545586283329,26,NA,NA,NA
"control","JOR_HND",-0.206177939119706,0.832923512820819,23,NA,NA,NA
"control","JOR_MAC",-0.258850966819476,1.41696991362425,14,NA,NA,NA
"control","JOR_MEX",-0.194162351985959,0.983796119051358,29,NA,NA,NA
"control","JPN_FRO",-0.0419892267323447,0.939845344676232,16,NA,NA,NA
"control","KEN_ARG",0.187220092755011,1.14172916654894,29,NA,NA,NA
"control","KEN_GNB",-0.100175083194617,1.14667963978861,16,NA,NA,NA
"control","KEN_IRQ",0.177790583560824,1.36257902013408,17,NA,NA,NA
"control","KEN_JAM",0.0572463037818875,0.803301306639405,23,NA,NA,NA
"control","KEN_PRY",0.133070628635516,1.23795215797789,15,NA,NA,NA
"control","KEN_SLE",-0.28160144101626,1.26660636047006,24,NA,NA,NA
"control","KEN_ZAF",-0.076148043827875,0.864706316294105,29,NA,NA,NA
"control","KHM_ECU",0.322450206409108,1.2490040768778,24,NA,NA,NA
"control","KHM_EGY",-0.0579825505545813,0.373838448823087,28,NA,NA,NA
"control","KHM_KWT",0.117567560780591,1.0689568049055,27,NA,NA,NA
"control","KHM_LBY",0.166864727997973,2.22306574895381,12,NA,NA,NA
"control","KHM_QAT",0.0133256545838687,1.92737305732881,20,NA,NA,NA
"control","KHM_SAU",-0.108575961522167,1.18172259262753,28,NA,NA,NA
"control","KIR_KOR",-0.109824523431592,1.08619351417174,24,NA,NA,NA
"control","KNA_AUS",0.122440494597726,0.980413967394045,24,NA,NA,NA
"control","KOR_ALB",0.111644644293597,0.593500567379523,25,NA,NA,NA
"control","KOR_BGR",0.521483063541993,0.553167747230473,19,NA,NA,NA
"control","KOR_CCK",-0.071452480273258,1.62084249491864,19,NA,NA,NA
"control","KOR_CXR",0.163974307351464,1.35914647880926,14,NA,NA,NA
"control","KOR_HUN",-0.447270964487719,0.715051117563484,19,NA,NA,NA
"control","KOR_IOT",0.108590969249855,0.675638039115775,16,NA,NA,NA
"control","KOR_MNG",-0.489610828859821,1.68198476810143,29,NA,NA,NA
"control","KOR_NFK",-0.175536832374301,0.871218173082768,25,NA,NA,NA
"control","KOR_PCN",0.28124405814248,0.526637551775616,12,NA,NA,NA
"control","KOR_POL",0.198820018316526,0.870545905981782,19,NA,NA,NA
"control","KOR_SHN",0.255452397969315,1.09033633723162,19,NA,NA,NA
"control","KOR_TCA",0.136645769696245,0.987896077555663,28,NA,NA,NA
"control","KWT_ECU",0.0452025806645997,1.15103927396525,16,NA,NA,NA
"control","LAO_MEX",-0.0333614935970333,0.907568989571537,28,NA,NA,NA
"control","LBN_COL",0.0798075278936306,1.03828083262925,29,NA,NA,NA
"control","LBN_ECU",0.208622329484179,0.766661431657768,25,NA,NA,NA
"control","LBN_GTM",0.143584235077985,1.17359940266162,22,NA,NA,NA
"control","LBN_GUY",0.00939059034200175,1.56394035247696,21,NA,NA,NA
"control","LBN_HUN",-0.140599400394645,0.645548245796639,12,NA,NA,NA
"control","LBN_MLT",-0.149558915838145,1.00813302039045,10,NA,NA,NA
"control","LBN_TTO",-0.320163878122141,0.764092993798172,28,NA,NA,NA
"control","LBR_COL",0.0756397942700578,1.52363140589386,23,NA,NA,NA
"control","LBY_NER",0.290702889728869,1.40653084224138,26,NA,NA,NA
"control","LBY_POL",0.247051781795481,1.18860077626595,25,NA,NA,NA
"control","LCA_DNK",-0.187922764726457,0.20112878212527,12,NA,NA,NA
"control","LCA_FIN",-0.111101109990089,0.543193243992104,12,NA,NA,NA
"control","LKA_COG",0.227950314742972,0.889083305738049,25,NA,NA,NA
"control","LKA_UGA",0.180417756673262,1.60514941018235,27,NA,NA,NA
"control","LKA_YEM",-0.192043644709904,0.928840129734671,29,NA,NA,NA
"control","LSO_DEU",-0.592545929312992,1.11985585308418,19,NA,NA,NA
"control","MAC_AGO",0.0504237265777622,0.754885771819515,17,NA,NA,NA
"control","MAC_AND",-0.225922655431418,1.18673645026377,22,NA,NA,NA
"control","MAC_ANT",0.43817454928159,1.02365696518597,9,NA,NA,NA
"control","MAC_ARE",-0.514906131089063,0.895435347599072,29,NA,NA,NA
"control","MAC_ARG",0.105505823374017,0.650933782425355,29,NA,NA,NA
"control","MAC_BGR",0.270089216014164,0.824936091468834,26,NA,NA,NA
"control","MAC_BHR",0.204217246011802,1.13727622383514,27,NA,NA,NA
"control","MAC_BMU",0.0401353012653764,0.941491545781758,23,NA,NA,NA
"control","MAC_CHL",-0.365699329660549,1.04126150099654,29,NA,NA,NA
"control","MAC_COL",-0.259274464641072,0.773430441892381,29,NA,NA,NA
"control","MAC_CRI",0.247015492550074,1.12630972503774,23,NA,NA,NA
"control","MAC_ECU",0.12516482014538,0.880460063180497,29,NA,NA,NA
"control","MAC_EGY",0.157470661306941,0.807559619377932,24,NA,NA,NA
"control","MAC_HUN",0.12714260620845,0.704743494737685,29,NA,NA,NA
"control","MAC_IDN",0.0240807645555327,1.68655994639477,29,NA,NA,NA
"control","MAC_IND",0.339885369749344,1.01904617191067,29,NA,NA,NA
"control","MAC_IRL",-0.361458883337903,1.1670150925298,29,NA,NA,NA
"control","MAC_IRN",-0.0674971676170626,0.711334145923175,13,NA,NA,NA
"control","MAC_ISR",0.194324736460585,0.965312908170983,29,NA,NA,NA
"control","MAC_ITA",-0.14149476326777,1.15170389076476,29,NA,NA,NA
"control","MAC_JAM",-0.0316668806146717,0.487390915793239,13,NA,NA,NA
"control","MAC_KWT",-0.384421322449465,1.35291146973641,27,NA,NA,NA
"control","MAC_LAO",0.0559277340535349,0.724234092163505,17,NA,NA,NA
"control","MAC_LBN",0.000683179965142334,0.87871266942105,29,NA,NA,NA
"control","MAC_LKA",0.201267343176138,1.27578099044953,28,NA,NA,NA
"control","MAC_MLT",0.0682086932056781,1.02289878107323,28,NA,NA,NA
"control","MAC_MOZ",0.170606023067246,1.01846228978673,23,NA,NA,NA
"control","MAC_MRT",0.138851019174711,0.688141275831061,11,NA,NA,NA
"control","MAC_MUS",-0.0513175868695178,0.751774848829811,29,NA,NA,NA
"control","MAC_PAK",-0.147142601397822,0.684919756912415,29,NA,NA,NA
"control","MAC_PAN",-0.00310905225174965,0.912246614253179,23,NA,NA,NA
"control","MAC_PER",0.230026082976153,1.09122114144202,29,NA,NA,NA
"control","MAC_PNG",0.515724103918829,0.776450215503474,14,NA,NA,NA
"control","MAC_POL",0.0409260519674587,1.21580157939722,29,NA,NA,NA
"control","MAC_PYF",0.296772247917733,1.08072153125158,26,NA,NA,NA
"control","MAC_QAT",-0.0485181065283518,1.06928598352109,24,NA,NA,NA
"control","MAC_SAU",-0.34007048765962,1.12163232971307,29,NA,NA,NA
"control","MAC_TTO",0.269797259016148,1.15948342066007,22,NA,NA,NA
"control","MAC_TUN",-0.0387495437835432,1.21256789916763,25,NA,NA,NA
"control","MAC_URY",-0.114411549108467,1.19762759747834,28,NA,NA,NA
"control","MAC_VEN",-0.153985795078714,0.687171107237455,22,NA,NA,NA
"control","MAC_VNM",-0.23614877791242,0.747286524408029,28,NA,NA,NA
"control","MAR_AFG",-0.0661189824100155,0.797568890605466,16,NA,NA,NA
"control","MAR_AGO",0.325048640083396,0.766020147383422,28,NA,NA,NA
"control","MAR_JAM",0.209240522407871,0.776527079807118,27,NA,NA,NA
"control","MAR_SLE",0.0708921794105143,1.27848146315553,28,NA,NA,NA
"control","MAR_SLV",0.0432733701165141,1.22367324403058,28,NA,NA,NA
"control","MDG_ATG",0.0424265376430952,0.735032968993639,18,NA,NA,NA
"control","MDG_BHR",-0.0207749140375394,0.788804546700682,23,NA,NA,NA
"control","MDG_CIV",-0.0343140433788316,1.01148137439651,27,NA,NA,NA
"control","MDG_COL",-0.132201483914876,0.935015629488724,29,NA,NA,NA
"control","MDG_GAB",0.133470352205871,0.840236790851081,29,NA,NA,NA
"control","MDG_GHA",0.163605035309816,1.26729936965048,24,NA,NA,NA
"control","MDG_JOR",0.0952087225872253,1.21926475326448,26,NA,NA,NA
"control","MDG_LBN",-0.461712622555138,0.570189575411132,27,NA,NA,NA
"control","MDG_LKA",0.0617116186092326,1.31647666658512,27,NA,NA,NA
"control","MDG_MEX",0.122501000090181,0.657458738253715,29,NA,NA,NA
"control","MDG_NGA",-0.0373467541331192,1.32821151424062,28,NA,NA,NA
"control","MDG_PER",0.179305427047698,1.3062674380163,28,NA,NA,NA
"control","MDG_PRK",0.137368957503935,1.40862016355235,24,NA,NA,NA
"control","MDG_PRY",-0.474150179618551,1.15120543391624,13,NA,NA,NA
"control","MDG_QAT",0.445989549943278,1.15883828617932,21,NA,NA,NA
"control","MDG_ROU",0.530064008356562,1.08893882234026,19,NA,NA,NA
"control","MDG_TTO",-0.0175886465942569,1.20102478128081,19,NA,NA,NA
"control","MDV_GBR",0.115322684721301,1.62498354293121,28,NA,NA,NA
"control","MDV_KOR",0.31161975124701,1.17601607579392,27,NA,NA,NA
"control","MEX_ATF",-0.46570734611915,1.66591581124006,9,NA,NA,NA
"control","MEX_BTN",0.0398198000210271,1.32880695711238,8,NA,NA,NA
"control","MEX_COD",-0.072906386746123,1.06835139111965,15,NA,NA,NA
"control","MEX_GNQ",-0.0370972884792195,0.507002116308653,14,NA,NA,NA
"control","MEX_GRL",-0.340543907041158,0.796078766632684,22,NA,NA,NA
"control","MEX_MAC",-0.0967238511659979,1.27369461496356,28,NA,NA,NA
"control","MEX_MDV",-0.193249247202021,1.57075900991058,27,NA,NA,NA
"control","MEX_TON",0.0355994128126832,0.990528039187966,12,NA,NA,NA
"control","MEX_VCT",-0.117791225611698,0.571173945147409,29,NA,NA,NA
"control","MEX_YEM",-0.219645894206485,1.23165531017402,24,NA,NA,NA
"control","MEX_ZMB",-0.149994637084974,1.44062709363144,29,NA,NA,NA
"control","MLI_CHL",-0.267409090751642,1.42536859797345,15,NA,NA,NA
"control","MLI_COL",0.327212343163971,1.00750047989323,22,NA,NA,NA
"control","MLI_LBY",-0.17661636582123,1.49047918847504,11,NA,NA,NA
"control","MLI_LKA",0.134488158491055,1.4577796365452,24,NA,NA,NA
"control","MLI_ZWE",0.074201629531601,0.786846635823766,23,NA,NA,NA
"control","MLT_BGD",0.352152129221868,1.40090851201802,26,NA,NA,NA
"control","MLT_BRA",0.027224264038661,0.85791655857423,29,NA,NA,NA
"control","MLT_COL",0.344188867690521,0.918669083271122,21,NA,NA,NA
"control","MLT_DZA",-0.0193702367773387,0.730769112054089,12,NA,NA,NA
"control","MLT_ECU",-0.108469696753937,0.724819105978247,24,NA,NA,NA
"control","MLT_ROU",0.101050229028365,0.869200135979344,12,NA,NA,NA
"control","MLT_SEN",-0.209481789815431,0.995603684446483,26,NA,NA,NA
"control","MLT_TZA",0.135046205449629,1.20903201934006,26,NA,NA,NA
"control","MMR_FJI",-0.362407886957991,0.918386497127686,21,NA,NA,NA
"control","MMR_JOR",-0.440364804185897,1.22617920164443,27,NA,NA,NA
"control","MMR_PRT",0.0087878100610699,1.1542462021023,28,NA,NA,NA
"control","MMR_PRY",0.814211303238726,0.872760586401809,17,NA,NA,NA
"control","MMR_SAU",-0.0394325271417035,1.18770083540668,28,NA,NA,NA
"control","MMR_URY",-0.116573110502336,1.20992585605465,23,NA,NA,NA
"control","MNG_CHL",-0.320524182845225,1.19474110149822,17,NA,NA,NA
"control","MNG_KOR",0.10689911299929,1.68431011132001,29,NA,NA,NA
"control","MOZ_ARE",-0.212918971043052,1.9520372530496,22,NA,NA,NA
"control","MOZ_KWT",-0.109046890778221,0.904924006155594,26,NA,NA,NA
"control","MOZ_QAT",-0.0154786781376196,1.00521540153441,15,NA,NA,NA
"control","MRT_AUS",0.0940191584549004,0.870009368179114,25,NA,NA,NA
"control","MRT_MEX",-0.13202723073859,0.637243888658675,26,NA,NA,NA
"control","MRT_TUN",-0.186488057343301,0.723212304970344,28,NA,NA,NA
"control","MRT_USA",0.245665724067168,0.567501310770604,29,NA,NA,NA
"control","MSR_KOR",-0.338299416140457,0.532825335006318,22,NA,NA,NA
"control","MSR_USA",-0.365845613784941,2.02559947403135,29,NA,NA,NA
"control","MUS_FRO",0.260223201634154,0.368337224454331,14,NA,NA,NA
"control","MUS_ISR",-0.146280290004347,1.4276134134465,29,NA,NA,NA
"control","MUS_JAM",0.0408231384002545,0.322832704242122,18,NA,NA,NA
"control","MUS_MAC",0.156393479225603,0.702472541130035,29,NA,NA,NA
"control","MUS_MEX",-0.312952006679308,1.26686482915503,28,NA,NA,NA
"control","MUS_TUN",-0.138535126063885,1.44208720913374,26,NA,NA,NA
"control","MWI_BGD",0.0399021943860637,1.28654093724348,22,NA,NA,NA
"control","MWI_CHL",-0.048403953161045,1.07837222729407,20,NA,NA,NA
"control","MWI_CHN",-0.0233122982641867,0.928800292487178,26,NA,NA,NA
"control","MWI_JAM",-0.37695962565705,1.19685429818236,10,NA,NA,NA
"control","MWI_MAR",-0.283383630576921,0.559877222796456,26,NA,NA,NA
"control","MYS_CCK",0.146297680646821,1.05024539038416,17,NA,NA,NA
"control","MYS_FLK",0.127452343358057,2.11489857106805,11,NA,NA,NA
"control","MYS_IOT",0.187246059022382,0.641826560485477,21,NA,NA,NA
"control","MYS_KNA",-0.174881945958653,0.647785837422294,28,NA,NA,NA
"control","MYS_SOM",0.104401785206184,0.867170838879747,29,NA,NA,NA
"control","NAM_DEU",0.14606939737123,0.871078167992956,24,NA,NA,NA
"control","NAM_DNK",0.130545288849303,0.891005558208358,21,NA,NA,NA
"control","NAM_FRA",-0.0481693208016201,0.832036076392212,24,NA,NA,NA
"control","NAM_GBR",-0.215771388304476,1.01767653031782,24,NA,NA,NA
"control","NAM_GRC",-0.0427736914509832,1.05251588823423,24,NA,NA,NA
"control","NAM_ITA",-0.163579845203974,0.524145205334523,24,NA,NA,NA
"control","NAM_NLD",-0.097488733520283,1.67795228076519,24,NA,NA,NA
"control","NAM_NZL",-0.227956641001514,0.60664437735106,22,NA,NA,NA
"control","NER_ARE",0.611414914654318,0.824772298661084,21,NA,NA,NA
"control","NER_CHL",0.0157068224085292,0.715209609346189,13,NA,NA,NA
"control","NER_MAC",-0.0818835628875267,0.864677445768925,12,NA,NA,NA
"control","NER_PAK",0.247845909975801,1.31608789492485,25,NA,NA,NA
"control","NER_TUN",0.270688826306467,0.851868257211301,27,NA,NA,NA
"control","NER_ZWE",0.0168932154482689,1.07003850335886,22,NA,NA,NA
"control","NFK_MEX",0.213249945502448,0.821404800880801,15,NA,NA,NA
"control","NFK_USA",-0.136447369054531,1.49731355045971,29,NA,NA,NA
"control","NGA_ARE",-0.105726137292732,0.917284504301668,24,NA,NA,NA
"control","NGA_JAM",0.0764654040784093,1.1663635304271,27,NA,NA,NA
"control","NGA_MLT",-0.222784759468453,0.933018493856442,26,NA,NA,NA
"control","NGA_MWI",0.00903171791661864,0.685698057604636,25,NA,NA,NA
"control","NGA_URY",-0.555346455719611,0.884098731173937,24,NA,NA,NA
"control","NIC_DOM",0.173281133451307,0.614724605040629,10,NA,NA,NA
"control","NIC_ISR",-0.296443899402379,1.21925278601787,28,NA,NA,NA
"control","NIC_JAM",-0.0691639484155199,0.943384188334302,28,NA,NA,NA
"control","NIC_URY",-0.0224342592725983,0.729651427558911,25,NA,NA,NA
"control","NIC_ZAF",0.338552953727351,1.28457030402212,28,NA,NA,NA
"control","NIU_USA",0.392813510491827,0.686837672505831,28,NA,NA,NA
"control","NLD_KIR",0.0356135972425222,0.889009988463798,29,NA,NA,NA
"control","NLD_NAM",0.0324056821562738,0.721259130101217,24,NA,NA,NA
"control","NLD_YEM",-0.144214919051863,1.15740361503332,29,NA,NA,NA
"control","NOR_GMB",0.33424675722502,1.0400389337505,28,NA,NA,NA
"control","NOR_GUY",0.174666006715753,0.778339455605902,29,NA,NA,NA
"control","NOR_KWT",-0.129683316366256,0.666282961771185,22,NA,NA,NA
"control","NOR_MAC",-0.0534389008716512,0.738591742227397,29,NA,NA,NA
"control","NOR_QAT",0.0919866299897736,1.36604998205165,21,NA,NA,NA
"control","NPL_TUN",-0.0384246967062439,0.951579606922075,25,NA,NA,NA
"control","NRU_ESP",-0.124728152351197,1.12244076988987,26,NA,NA,NA
"control","NRU_JPN",-0.10321107833936,0.784983278406493,29,NA,NA,NA
"control","NRU_TUN",-0.331853792602386,0.912023799406488,21,NA,NA,NA
"control","NZL_ALB",0.0572925286180097,1.38754079867943,27,NA,NA,NA
"control","NZL_AND",0.207944612077693,1.15408529302977,27,NA,NA,NA
"control","NZL_GRL",-0.111840996406213,0.993319785373387,27,NA,NA,NA
"control","OMN_COM",0.390072786801113,0.908505889243491,27,NA,NA,NA
"control","OMN_HUN",-0.239765401156722,0.835487029490059,24,NA,NA,NA
"control","OMN_MLT",-0.199989728434772,1.16117496675458,28,NA,NA,NA
"control","OMN_RWA",0.161704467062764,0.743049119771159,28,NA,NA,NA
"control","OMN_TCD",-0.0586613189045787,1.09397165278836,16,NA,NA,NA
"control","PAK_BWA",-0.387761267166295,1.07711078711842,25,NA,NA,NA
"control","PAK_GTM",-0.0724288217768372,1.51282834352842,28,NA,NA,NA
"control","PAK_HND",0.217919171347418,1.2892758339207,27,NA,NA,NA
"control","PAK_JAM",-0.194560779850229,0.638207475739732,27,NA,NA,NA
"control","PAK_KHM",-0.0463191933955486,1.34878879608026,27,NA,NA,NA
"control","PAK_MAC",0.00999099063431668,1.02568222992798,29,NA,NA,NA
"control","PAK_MRT",0.130397330006235,1.9742409897624,27,NA,NA,NA
"control","PAK_NER",-0.158584393068627,1.60433101168198,26,NA,NA,NA
"control","PAK_SLE",0.0521892171755903,1.09784800958031,23,NA,NA,NA
"control","PAK_SUR",0.0621267349493617,0.715010381933767,21,NA,NA,NA
"control","PAK_SWZ",0.106292691563723,0.767103265849633,21,NA,NA,NA
"control","PAK_UGA",-0.0975440393114971,1.11568291888542,29,NA,NA,NA
"control","PAN_ARG",0.28677395892964,0.957913736454878,19,NA,NA,NA
"control","PAN_GUY",-0.0817214882270195,1.18363803616345,25,NA,NA,NA
"control","PAN_JAM",-0.400692877460539,0.98540447597689,29,NA,NA,NA
"control","PAN_LBN",-0.0106787525756263,0.819329443583799,23,NA,NA,NA
"control","PAN_LKA",-0.00207550749924807,1.17493595620488,22,NA,NA,NA
"control","PAN_ROU",0.201574253403827,0.990584539771981,21,NA,NA,NA
"control","PAN_TUN",0.254040943995468,0.835386793317576,25,NA,NA,NA
"control","PCN_USA",-0.291373909490925,0.552327005501279,24,NA,NA,NA
"control","PER_JAM",-0.0859262629801084,1.18360316276121,29,NA,NA,NA
"control","PER_MAC",0.183141062173713,1.03573448098815,28,NA,NA,NA
"control","PHL_CIV",-0.0274554121200306,1.23804791833969,29,NA,NA,NA
"control","PHL_JAM",-0.133959408888592,1.16524553243215,28,NA,NA,NA
"control","PHL_MDG",0.0185882467737734,0.572345229987775,29,NA,NA,NA
"control","PHL_SEN",-0.235521948399297,0.493510604014313,29,NA,NA,NA
"control","PNG_CHL",-0.0426489963714378,1.0619184758732,15,NA,NA,NA
"control","POL_ARE",-0.200551969276287,0.852926883522041,29,NA,NA,NA
"control","POL_COL",0.101676582519667,0.747852537694494,21,NA,NA,NA
"control","POL_ECU",0.0072984555212668,1.15832219955552,25,NA,NA,NA
"control","POL_GUY",-0.0643937745125138,1.50599437046824,14,NA,NA,NA
"control","POL_JAM",-0.234992398901298,1.5152348741895,16,NA,NA,NA
"control","POL_KOR",-0.105357360999303,1.03073818861556,19,NA,NA,NA
"control","POL_KWT",0.0642366970949677,0.82725650677717,28,NA,NA,NA
"control","POL_MAC",-0.252439481684526,0.757722850747559,29,NA,NA,NA
"control","PRI_BRB",0.135129740018682,0.735424766874561,9,NA,NA,NA
"control","PRI_MEX",0.380457207707088,1.06051058718106,8,NA,NA,NA
"control","PRK_JAM",-0.01248876938874,0.924338042217262,21,NA,NA,NA
"control","PRK_MUS",-0.0469406729440781,0.891329719354037,28,NA,NA,NA
"control","PRK_SAU",0.207374926234003,0.927996887423681,28,NA,NA,NA
"control","PRK_USA",0.164695427556284,1.34544184802405,12,NA,NA,NA
"control","PRT_BWA",-0.437837338274418,1.68972422694342,16,NA,NA,NA
"control","PRT_COK",0.330843253690147,1.06350182605481,12,NA,NA,NA
"control","PRY_BEN",-0.0450857315060305,0.877197134225076,14,NA,NA,NA
"control","PRY_COD",-0.145331146150081,0.868392593811829,14,NA,NA,NA
"control","PRY_LBR",-0.265444482820605,1.1920858083016,15,NA,NA,NA
"control","PRY_NZL",-0.137907871096966,1.14931184745363,29,NA,NA,NA
"control","PYF_BRA",-0.298071975467529,1.20407138248269,25,NA,NA,NA
"control","PYF_TUN",0.201851726835376,1.10416055235353,29,NA,NA,NA
"control","QAT_CHL",0.354389752844044,1.09004500533528,28,NA,NA,NA
"control","QAT_GUY",-0.0746252295507003,0.60038192346771,9,NA,NA,NA
"control","QAT_IRN",-0.0197703187805051,0.885084798203677,25,NA,NA,NA
"control","QAT_USA",0.0462620806413756,1.13182493592271,29,NA,NA,NA
"control","ROU_FJI",-0.0640062359410721,1.43245278746805,8,NA,NA,NA
"control","ROU_MUS",0.238872080736473,0.858335686133698,20,NA,NA,NA
"control","ROU_TCD",0.31855046531557,0.694132251150702,13,NA,NA,NA
"control","RWA_ARE",-0.217508212595174,1.73740746976419,22,NA,NA,NA
"control","SAU_AFG",-0.0531498877028146,0.636757427818308,24,NA,NA,NA
"control","SAU_ALB",-0.109130894872502,0.960595598901951,27,NA,NA,NA
"control","SAU_ARG",0.143519469471979,0.788169056842542,29,NA,NA,NA
"control","SAU_ATG",-0.0257983111208458,0.944149134169229,19,NA,NA,NA
"control","SAU_BFA",-0.0987383906480355,0.623523674899479,25,NA,NA,NA
"control","SAU_BHS",0.0744035132603862,0.620820526292997,19,NA,NA,NA
"control","SAU_BMU",-0.345546471934804,1.27149979056451,13,NA,NA,NA
"control","SAU_BRN",0.340719579141077,0.737571197170239,28,NA,NA,NA
"control","SAU_CAF",-0.0720466719127359,1.45458247168958,29,NA,NA,NA
"control","SAU_CIV",-0.0426349582125819,0.746068855776304,29,NA,NA,NA
"control","SAU_COD",-0.403253362040544,0.86304272209932,25,NA,NA,NA
"control","SAU_COG",0.205556037507203,0.985131330893656,20,NA,NA,NA
"control","SAU_COM",-0.124511518503849,0.746413739250022,29,NA,NA,NA
"control","SAU_CUB",0.0767347912689628,1.16026450917326,25,NA,NA,NA
"control","SAU_GAB",-0.123720562261676,0.746594644577586,29,NA,NA,NA
"control","SAU_GHA",-0.140726774281506,0.940067888588496,29,NA,NA,NA
"control","SAU_GIN",-0.178399225170409,0.591885163894648,29,NA,NA,NA
"control","SAU_GMB",0.0668705840150008,0.821665851363225,29,NA,NA,NA
"control","SAU_GUY",-0.147072553605647,0.892154786137826,26,NA,NA,NA
"control","SAU_HND",-0.24015934834952,1.03534522567668,25,NA,NA,NA
"control","SAU_HUN",0.0974684207199745,0.844813520467053,29,NA,NA,NA
"control","SAU_IRN",0.158012896128233,1.11481770984987,28,NA,NA,NA
"control","SAU_JAM",0.287039514016528,1.23292090649774,25,NA,NA,NA
"control","SAU_KHM",0.0115781072192187,0.595358206497617,26,NA,NA,NA
"control","SAU_LAO",-0.220607522391969,0.277079404575726,13,NA,NA,NA
"control","SAU_MAC",-0.204009667888694,0.780029026874283,26,NA,NA,NA
"control","SAU_MLI",0.159886591625707,1.18336423601011,29,NA,NA,NA
"control","SAU_MMR",0.195409286120166,1.26690471664716,25,NA,NA,NA
"control","SAU_MNG",-0.237319333939192,1.61720059181117,22,NA,NA,NA
"control","SAU_MOZ",0.0217914020483127,1.09423144035192,27,NA,NA,NA
"control","SAU_MUS",0.340169851417473,1.10651480445829,29,NA,NA,NA
"control","SAU_NER",0.142159161639155,1.23687194770605,29,NA,NA,NA
"control","SAU_NGA",-0.182397881893218,0.822690534881459,29,NA,NA,NA
"control","SAU_NPL",-0.116235789309204,0.539348784491766,25,NA,NA,NA
"control","SAU_POL",-0.0602212248071144,1.01771095914927,29,NA,NA,NA
"control","SAU_SHN",0.531691068545664,0.348099739426483,9,NA,NA,NA
"control","SAU_SLE",-0.225899204613735,1.08159918379788,27,NA,NA,NA
"control","SAU_SOM",0.00109405166786217,1.37677583937452,27,NA,NA,NA
"control","SAU_SUR",-0.244238576765359,0.768591392001843,12,NA,NA,NA
"control","SAU_TCD",0.0757944992883783,1.20768467961161,27,NA,NA,NA
"control","SAU_TTO",0.209257716950935,0.724730429810011,28,NA,NA,NA
"control","SAU_TZA",0.129759506429068,0.977611991604542,29,NA,NA,NA
"control","SAU_UGA",-0.00612218067186776,1.51690912068053,29,NA,NA,NA
"control","SAU_URY",0.0111504853933132,1.55738136561879,28,NA,NA,NA
"control","SAU_VNM",-0.178004721182874,0.86200692563926,27,NA,NA,NA
"control","SAU_WSM",-0.155273126987782,1.00560959129464,12,NA,NA,NA
"control","SAU_ZMB",0.0138818905659746,0.655802215835596,28,NA,NA,NA
"control","SAU_ZWE",0.0238689822011561,0.978157832491179,27,NA,NA,NA
"control","SDN_BWA",0.0446178738521539,1.71552901715059,11,NA,NA,NA
"control","SEN_CHL",0.171688362550616,1.24107291420526,23,NA,NA,NA
"control","SEN_COL",-0.136559295212582,1.44263581063723,25,NA,NA,NA
"control","SEN_ECU",-0.275388091234629,1.81560101111838,19,NA,NA,NA
"control","SEN_MOZ",0.0913519191716144,1.1054227439112,22,NA,NA,NA
"control","SEN_MWI",-0.221102299449301,1.03691089601514,17,NA,NA,NA
"control","SEN_TTO",-0.180269116116459,0.934593442936439,20,NA,NA,NA
"control","SGP_GRD",-0.0374950436533867,1.12806522322387,28,NA,NA,NA
"control","SHN_KOR",0.0366959363075708,0.795781683463815,23,NA,NA,NA
"control","SHN_LKA",-0.42327616779636,0.808470569816128,12,NA,NA,NA
"control","SHN_USA",-0.189107001064998,0.978182245715153,29,NA,NA,NA
"control","SLB_AUT",-0.254873609678725,1.46381269644283,22,NA,NA,NA
"control","SLB_COL",0.240604123051065,1.17834058720583,16,NA,NA,NA
"control","SLB_DNK",0.206596635022812,1.20525551963356,18,NA,NA,NA
"control","SLE_AUS",0.277720524413943,0.859369775638729,28,NA,NA,NA
"control","SLE_COL",-0.138093822666708,1.09033455135599,22,NA,NA,NA
"control","SLE_KWT",0.563491559097858,1.33689653920425,16,NA,NA,NA
"control","SLE_MLT",-0.32479399167083,1.20015861151032,23,NA,NA,NA
"control","SLV_BLZ",0.0106028920168567,1.09521627042121,29,NA,NA,NA
"control","SLV_CHN",-0.099898805630469,0.965344571146142,29,NA,NA,NA
"control","SLV_DOM",-0.0699567689305211,0.516492851221625,8,NA,NA,NA
"control","SLV_ECU",0.569877983482212,0.927894856314207,25,NA,NA,NA
"control","SLV_HUN",-0.346380634444823,1.08745919190377,21,NA,NA,NA
"control","SLV_ISR",-0.0802137018690306,0.80599562780599,29,NA,NA,NA
"control","SLV_JAM",0.14508054543844,1.19204975178564,29,NA,NA,NA
"control","SLV_SGP",0.1990504826814,1.13373627095251,26,NA,NA,NA
"control","SLV_VEN",0.213477406746141,0.610332839980328,29,NA,NA,NA
"control","SOM_ARE",-0.111078183990016,0.919448026181884,16,NA,NA,NA
"control","SOM_IDN",-0.287707957855047,0.720480833666654,19,NA,NA,NA
"control","SOM_KEN",0.351298743376584,0.711944878741714,19,NA,NA,NA
"control","SOM_KWT",-0.137689735930363,0.802232221155602,26,NA,NA,NA
"control","SOM_LKA",0.0857889877942132,1.06628599168484,13,NA,NA,NA
"control","SOM_MEX",0.145854881323381,0.767368933375756,22,NA,NA,NA
"control","SOM_MYS",-0.1914723667008,1.12922339698423,15,NA,NA,NA
"control","SOM_QAT",-0.0594641346794176,1.11440526640503,20,NA,NA,NA
"control","SPM_ECU",-0.0215439112865217,1.05187026251072,13,NA,NA,NA
"control","SPM_USA",0.0387251405651336,0.953170998514933,28,NA,NA,NA
"control","STP_KOR",0.464706092671362,1.49817430748584,23,NA,NA,NA
"control","SUR_CHL",-0.11618706214009,1.14392540723414,18,NA,NA,NA
"control","SUR_ECU",-0.20368813876621,0.787953302019896,20,NA,NA,NA
"control","SUR_IND",-0.233441285693968,1.40901897074417,24,NA,NA,NA
"control","SUR_IRL",-0.160460130921609,0.273744235585566,16,NA,NA,NA
"control","SUR_ISL",-0.302270199071285,1.65697436684583,22,NA,NA,NA
"control","SUR_NIC",-0.271276131107114,1.15871056149414,22,NA,NA,NA
"control","SUR_POL",-0.381044807017802,0.855751338935215,15,NA,NA,NA
"control","SUR_TUN",0.118271167511185,0.936041985301252,23,NA,NA,NA
"control","SWE_ALB",-0.22975995768463,0.81862977541064,14,NA,NA,NA
"control","SWE_GUY",-0.110198012972464,0.902833510648586,16,NA,NA,NA
"control","SWE_MAC",0.266760109327414,0.997652138045405,29,NA,NA,NA
"control","SWZ_DEU",0.120001360809943,1.44668911430967,24,NA,NA,NA
"control","SWZ_KWT",-0.00982898862228959,1.33697580432279,21,NA,NA,NA
"control","SWZ_MAR",0.136982447925287,0.707894603111935,21,NA,NA,NA
"control","SWZ_QAT",0.05792199983159,1.20579398676801,20,NA,NA,NA
"control","SYC_CHL",0.192146126378355,0.933086292166279,13,NA,NA,NA
"control","SYC_KOR",0.00619258856584835,1.21607448978739,22,NA,NA,NA
"control","SYC_NZL",-0.0368828743834619,1.45291968457453,26,NA,NA,NA
"control","SYC_SWE",-0.259126685596555,1.54910709088115,20,NA,NA,NA
"control","SYR_CMR",-0.194722864936125,1.20328533157981,23,NA,NA,NA
"control","SYR_JAM",0.1094848601121,0.771627584129092,10,NA,NA,NA
"control","SYR_MAC",0.523972438577486,1.15432689336658,10,NA,NA,NA
"control","SYR_PHL",-0.350874431483504,0.815504325229197,26,NA,NA,NA
"control","SYR_VEN",0.271093247770735,0.962600419796603,28,NA,NA,NA
"control","TCA_JAM",0.0862962941547715,1.12753122101113,21,NA,NA,NA
"control","TCA_ROU",-0.0833152604649636,0.690833602723155,11,NA,NA,NA
"control","TCA_TTO",-0.347137685204752,1.71912304918214,10,NA,NA,NA
"control","TCA_TUN",-0.114988900694496,0.518313560462732,14,NA,NA,NA
"control","TCA_USA",-0.055996645761682,0.765057874755353,29,NA,NA,NA
"control","TCD_AUS",0.199923642699088,0.808339820289936,16,NA,NA,NA
"control","TCD_CHL",-0.256410723121115,2.09075868168354,14,NA,NA,NA
"control","TCD_CHN",0.31540124739344,0.931160033543389,27,NA,NA,NA
"control","TCD_COL",-0.202354867725885,1.13095755662155,22,NA,NA,NA
"control","TCD_SAU",0.711426821455897,1.4784415627765,12,NA,NA,NA
"control","TGO_CYP",-0.00875663632101693,1.00500234692597,11,NA,NA,NA
"control","THA_FRO",0.049637889352388,1.08520003713718,28,NA,NA,NA
"control","THA_PYF",-0.107402581562918,1.01434804804817,29,NA,NA,NA
"control","THA_VUT",-0.0196652674312176,0.884889432515551,29,NA,NA,NA
"control","THA_ZAF",-0.337247277738982,1.7827944448311,29,NA,NA,NA
"control","TKL_COL",0.337340455942944,0.787025105081215,23,NA,NA,NA
"control","TKL_JPN",-0.18560955971614,0.625455566906303,25,NA,NA,NA
"control","TKL_TTO",-0.315688312651696,0.657118285957037,16,NA,NA,NA
"control","TON_CHE",0.275571757546819,0.701246601186428,19,NA,NA,NA
"control","TON_FRA",0.00675437324659356,1.1986077926612,26,NA,NA,NA
"control","TTO_ABW",-0.0370624366312165,0.896170861048145,28,NA,NA,NA
"control","TTO_AIA",-0.273000028889928,0.627675772395696,25,NA,NA,NA
"control","TTO_ANT",-0.0233430013281745,0.765352543095602,20,NA,NA,NA
"control","TTO_ARE",-0.245315786214088,1.61999461177071,29,NA,NA,NA
"control","TTO_AUT",-0.291504819643799,0.507249287601902,16,NA,NA,NA
"control","TTO_BMU",-0.0946194945274206,0.978662242699492,29,NA,NA,NA
"control","TTO_BRN",-0.294871151505563,1.12253377733982,16,NA,NA,NA
"control","TTO_CHN",-0.0978761848766118,1.27955030365343,29,NA,NA,NA
"control","TTO_CYM",-0.452165498081242,0.635824323466929,25,NA,NA,NA
"control","TTO_DOM",0.0082133015874374,1.02545474326329,29,NA,NA,NA
"control","TTO_GAB",0.162858271575296,1.42533261828827,18,NA,NA,NA
"control","TTO_GIB",-0.286582762259033,0.737020965781236,10,NA,NA,NA
"control","TTO_GTM",-0.0400928460865017,0.751960295393132,29,NA,NA,NA
"control","TTO_HND",-0.257315300518328,0.990654091591268,29,NA,NA,NA
"control","TTO_HTI",-0.146776798098969,1.88431344723097,9,NA,NA,NA
"control","TTO_IRL",0.0435397613129672,0.992964882379227,16,NA,NA,NA
"control","TTO_ISL",-0.35071418960228,0.889215771312037,19,NA,NA,NA
"control","TTO_ISR",0.437040876706742,1.19281490939926,26,NA,NA,NA
"control","TTO_KEN",-0.0228716328371602,0.971213292369962,28,NA,NA,NA
"control","TTO_MLT",0.365184822969164,0.784856655920237,15,NA,NA,NA
"control","TTO_MWI",0.0789616865324793,0.670278481640265,17,NA,NA,NA
"control","TTO_NOR",0.134440754788226,1.03238163419199,29,NA,NA,NA
"control","TTO_PAN",0.029970961915368,1.10766143655824,27,NA,NA,NA
"control","TTO_POL",0.0788174566563131,1.22643187384054,10,NA,NA,NA
"control","TTO_TUR",0.0459105038308286,0.917457533776161,28,NA,NA,NA
"control","TTO_URY",-0.0641810767515726,1.60599930808151,29,NA,NA,NA
"control","TTO_VGB",-0.211622488296838,1.71795953668289,25,NA,NA,NA
"control","TTO_ZMB",-0.23749422453105,0.677540408057074,8,NA,NA,NA
"control","TUN_ATG",-0.0264818144546206,1.19439430999358,28,NA,NA,NA
"control","TUN_CRI",-0.0353917357123688,0.591431854344627,23,NA,NA,NA
"control","TUN_GAB",0.0827380488742237,1.3054617853696,29,NA,NA,NA
"control","TUN_GNQ",-0.0493019126363326,1.22593252002456,27,NA,NA,NA
"control","TUN_GTM",0.0493159878248807,0.690121559258476,20,NA,NA,NA
"control","TUN_HND",0.165086955417599,0.850205296491359,25,NA,NA,NA
"control","TUN_KEN",-0.10522399433505,0.874184843968991,25,NA,NA,NA
"control","TUN_MLI",-0.134920791976686,0.654567073387018,29,NA,NA,NA
"control","TUN_NER",-0.0878614003213709,0.982064300398877,29,NA,NA,NA
"control","TUN_POL",-0.3947374495749,0.65558626105172,12,NA,NA,NA
"control","TUN_PYF",-0.289712322713612,0.952710661529984,29,NA,NA,NA
"control","TUN_SLE",-0.239150386536213,0.44348508645376,21,NA,NA,NA
"control","TUN_TCD",0.0601324706903315,1.04409942245851,29,NA,NA,NA
"control","TUN_TGO",-0.0387203139473463,0.705876732364114,29,NA,NA,NA
"control","TUN_TWN",-0.0962843697946971,1.07694335795115,29,NA,NA,NA
"control","TUN_UGA",0.0340257415578228,0.602492205321014,25,NA,NA,NA
"control","TUR_BLZ",-0.292347896434631,1.11182908255201,29,NA,NA,NA
"control","TUR_BRN",0.0168585469643201,1.15641495289672,29,NA,NA,NA
"control","TUR_MNG",0.0397201975257843,1.29792210113395,28,NA,NA,NA
"control","TUR_TCD",-0.156840060372491,1.00643429640328,27,NA,NA,NA
"control","TUV_COL",0.0511624383331616,1.40962108484455,12,NA,NA,NA
"control","TUV_NLD",0.150774946058611,0.843313783997417,16,NA,NA,NA
"control","TUV_USA",-0.106987488468547,0.498724714244732,24,NA,NA,NA
"control","TWN_COD",0.319470568101821,0.883293964541222,23,NA,NA,NA
"control","TWN_KIR",-0.189034128072517,1.16178682287127,27,NA,NA,NA
"control","TWN_NIC",0.313275403644461,1.3160136466076,16,NA,NA,NA
"control","TWN_ROU",0.030687617146245,1.27796448865335,29,NA,NA,NA
"control","TZA_ARE",-0.00950178619221181,0.972647239535696,26,NA,NA,NA
"control","TZA_JOR",0.022056813397116,0.849313461973944,28,NA,NA,NA
"control","TZA_QAT",0.0124413284006398,1.47565068760955,24,NA,NA,NA
"control","UGA_BRA",0.040778417639623,1.99850438085232,27,NA,NA,NA
"control","UGA_ECU",-0.315586469780696,1.95761441974925,16,NA,NA,NA
"control","UGA_OMN",-0.151853996270117,1.60429902149369,27,NA,NA,NA
"control","UGA_TUN",0.348200617486037,0.625303293391433,26,NA,NA,NA
"control","URY_CRI",-0.185888096882413,1.04624842125359,27,NA,NA,NA
"control","URY_GUY",0.080280553760801,0.727538068648053,25,NA,NA,NA
"control","URY_JAM",0.0927945908280863,1.48499949157504,29,NA,NA,NA
"control","URY_OMN",0.0851413154425867,0.826621380024192,22,NA,NA,NA
"control","URY_QAT",0.266081039105414,0.650810686523492,23,NA,NA,NA
"control","URY_TTO",0.0859921249413308,0.801874208163313,29,NA,NA,NA
"control","USA_ABW",-0.359561986224835,0.987048116043367,29,NA,NA,NA
"control","USA_AIA",-0.223099924565273,0.912894125877386,29,NA,NA,NA
"control","USA_AND",0.165436693557364,0.614003007086245,29,NA,NA,NA
"control","USA_ANT",-0.306132296566521,0.873050499877791,19,NA,NA,NA
"control","USA_ATF",-0.140827389197412,1.1732836905165,29,NA,NA,NA
"control","USA_BDI",0.211971283156607,0.997755106003875,29,NA,NA,NA
"control","USA_BMU",-0.0334693236873856,1.22224040738691,29,NA,NA,NA
"control","USA_CCK",-0.0387976439169613,0.692399390952181,29,NA,NA,NA
"control","USA_COM",0.206030092018857,0.873616524176138,29,NA,NA,NA
"control","USA_CUB",-0.025382611582446,0.893496417485589,29,NA,NA,NA
"control","USA_CXR",0.0884815760652074,1.1847488945161,29,NA,NA,NA
"control","USA_CYM",-0.115461973571248,0.852385609063935,29,NA,NA,NA
"control","USA_ESH",-0.458121263497463,0.691013798979783,25,NA,NA,NA
"control","USA_FLK",0.31080482751458,1.14935482058698,29,NA,NA,NA
"control","USA_GIB",0.199081849491007,1.07004816456562,29,NA,NA,NA
"control","USA_GRL",-0.415943914670429,1.00405484362431,29,NA,NA,NA
"control","USA_IOT",-0.000468135771817581,0.607850970048931,29,NA,NA,NA
"control","USA_LAO",-0.0988423845949231,1.19939282326579,29,NA,NA,NA
"control","USA_MDV",-0.0265438756092113,1.05125851652571,29,NA,NA,NA
"control","USA_MNG",-0.0715062568946337,0.931627441398496,29,NA,NA,NA
"control","USA_MSR",0.140515255461715,0.775743562951895,29,NA,NA,NA
"control","USA_NFK",-0.503631956108055,1.54081418580291,29,NA,NA,NA
"control","USA_PRK",0.191643344237567,0.751558329513154,28,NA,NA,NA
"control","USA_SPM",0.101908732068595,0.807506724788645,28,NA,NA,NA
"control","USA_TCA",-0.0814377927953839,1.24861507689295,29,NA,NA,NA
"control","USA_TKL",0.252795934537819,1.02197770462483,29,NA,NA,NA
"control","USA_TUV",-0.202066502760629,0.582046001247167,28,NA,NA,NA
"control","USA_VGB",-0.0164996118999207,1.32408331424259,29,NA,NA,NA
"control","USA_VUT",-0.277979934433788,0.924211031049581,29,NA,NA,NA
"control","USA_YEM",0.0420163731392276,0.508239697057624,29,NA,NA,NA
"control","VCT_COL",-0.319273377703867,0.754487836982178,14,NA,NA,NA
"control","VCT_MEX",-0.0373483348932007,0.820722194300352,18,NA,NA,NA
"control","VEN_ARE",0.00446577702678973,0.601444709425507,29,NA,NA,NA
"control","VEN_LBN",-0.0189472769697082,1.40630735660772,27,NA,NA,NA
"control","VEN_MDG",0.351257119247484,0.475362073153391,16,NA,NA,NA
"control","VEN_SYR",-0.303012164430674,0.815029722688974,17,NA,NA,NA
"control","VGB_BRA",-0.00212880249869084,1.51446035218795,29,NA,NA,NA
"control","VGB_CHL",0.269687943672215,1.2155035403607,16,NA,NA,NA
"control","VGB_GUY",-0.243539219888543,1.19518211608972,23,NA,NA,NA
"control","VGB_ISL",-0.0591926882417752,0.498867392364697,15,NA,NA,NA
"control","VGB_PRT",0.0500049571862584,1.28233693735885,10,NA,NA,NA
"control","VGB_TTO",0.0491688548436927,0.811340096792452,22,NA,NA,NA
"control","VGB_USA",-0.0998236425797137,0.893423792052411,29,NA,NA,NA
"control","VNM_ARE",0.183141656985272,1.3246312462743,23,NA,NA,NA
"control","VNM_MLT",-0.105417359755449,1.07040165450515,29,NA,NA,NA
"control","VNM_SAU",0.044872708130511,0.856128256117187,28,NA,NA,NA
"control","VUT_GBR",0.200884875164917,1.00532673445165,29,NA,NA,NA
"control","VUT_NLD",0.0899582237529762,1.2800408500074,27,NA,NA,NA
"control","VUT_TTO",0.184036012069278,0.996228207286887,10,NA,NA,NA
"control","WSM_CHL",-0.437571230742792,1.23748648132998,21,NA,NA,NA
"control","WSM_COL",-0.0496874383978197,0.961226205545772,19,NA,NA,NA
"control","YEM_AUS",-0.296022309072842,0.768158469177655,26,NA,NA,NA
"control","YEM_BGD",-0.179704561688121,1.02519934347245,21,NA,NA,NA
"control","YEM_CAN",0.0539059630474193,1.01653413364434,29,NA,NA,NA
"control","YEM_CYP",0.0489285977949023,1.22088580046842,21,NA,NA,NA
"control","YEM_DJI",-0.258657864970469,0.97717256446068,16,NA,NA,NA
"control","YEM_ECU",-0.499279618473514,0.879484543103306,19,NA,NA,NA
"control","YEM_FRA",-0.0258079079394377,1.16507040065977,28,NA,NA,NA
"control","YEM_ITA",0.189483061719291,1.16784417561375,28,NA,NA,NA
"control","YEM_LKA",-0.0125671371124673,1.28397440095776,23,NA,NA,NA
"control","YEM_MEX",0.0706551695831871,1.05901475652335,21,NA,NA,NA
"control","YEM_NLD",-0.102708803846697,0.916876711603829,29,NA,NA,NA
"control","YEM_PER",-0.365456271465213,1.3503986950804,11,NA,NA,NA
"control","YEM_THA",-0.0313691969300368,0.886896586281511,29,NA,NA,NA
"control","YEM_USA",-0.0968473114724828,0.873338221401998,29,NA,NA,NA
"control","ZAF_DEU",-0.456993116208774,0.635423140617413,8,NA,NA,NA
"control","ZAF_HUN",0.0108041511426695,1.73849424223016,12,NA,NA,NA
"control","ZAF_MLT",0.45590789156784,1.14039782482714,12,NA,NA,NA
"control","ZAF_ROU",0.402918421556349,0.848247602589646,13,NA,NA,NA
"control","ZMB_BGD",0.10794142510322,0.792211609641072,19,NA,NA,NA
"control","ZMB_CHL",0.0964796988150631,0.715067035549469,23,NA,NA,NA
"control","ZMB_MAR",0.0768927104057929,1.14648438429569,22,NA,NA,NA
"control","ZWE_ARE",-0.167277129010919,1.2464756917708,29,NA,NA,NA
"control","ZWE_HND",0.141928507220171,1.02803876313626,19,NA,NA,NA
"control","ZWE_HTI",-0.474504069336379,0.584844579099976,9,NA,NA,NA
"control","ZWE_MLT",0.110134385709087,0.26559042640589,14,NA,NA,NA
"control","ZWE_NPL",0.140904116632661,1.90583201381759,13,NA,NA,NA
"control","ZWE_SAU",-0.0573661790002194,1.05920375921793,29,NA,NA,NA
"control","ZWE_YEM",-0.036375699836807,0.698041418880355,26,NA,NA,NA
"control","ABW_BRN",0.33319408332727,0.680105098133636,8,NA,NA,NA
"control","ABW_CHN",0.292876165571166,0.59906809616593,16,NA,NA,NA
"control","ABW_KOR",-0.20605259229943,0.654235768611624,20,NA,NA,NA
"control","ABW_LCA",-0.154536861954951,0.70273578602263,23,NA,NA,NA
"control","AFG_BOL",0.498777333860363,1.01446728421242,22,NA,NA,NA
"control","AFG_BRN",-0.0463039881836265,0.685273587207414,22,NA,NA,NA
"control","AFG_HRV",-0.111924002107883,1.33815730640618,28,NA,NA,NA
"control","AFG_KWT",0.0651139529931465,1.69519454369834,25,NA,NA,NA
"control","AFG_POL",0.385112452141182,1.08950461727005,25,NA,NA,NA
"control","AFG_SVN",0.111268964106767,0.903766968668287,28,NA,NA,NA
"control","AFG_TTO",-0.0118859943457834,1.00065358451265,22,NA,NA,NA
"control","AGO_COL",-0.0219318180163079,0.752167418279929,20,NA,NA,NA
"control","AGO_DZA",-0.0860946499114586,1.06731862923456,25,NA,NA,NA
"control","AGO_HUN",-0.0141122374276901,0.334861524272408,17,NA,NA,NA
"control","AGO_ROU",-0.0658896635252658,2.13947859228006,15,NA,NA,NA
"control","AGO_SAU",-0.0711625731059678,0.54550672605851,13,NA,NA,NA
"control","AGO_TUN",-0.0862668938549493,1.21798220983924,25,NA,NA,NA
"control","AIA_JPN",-0.192787895646424,0.717331424455778,24,NA,NA,NA
"control","ALB_ARG",-0.0292085160129148,0.815124783759717,24,NA,NA,NA
"control","ALB_CHN",-0.16286136571821,0.667638991304415,24,NA,NA,NA
"control","ALB_COL",0.0921876137986111,1.45889829579508,27,NA,NA,NA
"control","ALB_HRV",-0.0640791371789981,1.56172318363668,10,NA,NA,NA
"control","ALB_IRL",0.203133801317,1.39958448538541,13,NA,NA,NA
"control","ALB_MAR",-0.0119556943660605,1.43594052638155,24,NA,NA,NA
"control","ALB_SVN",-0.205805112679404,1.1793716744731,13,NA,NA,NA
"control","ALB_TTO",-0.318022220545119,0.950799587098182,13,NA,NA,NA
"control","AND_CHN",-0.14343422215358,1.32475949809709,23,NA,NA,NA
"control","ANT_BLZ",0.067052292567883,1.46493991029468,19,NA,NA,NA
"control","ANT_BOL",-0.0469311986632701,0.758198251286212,19,NA,NA,NA
"control","ANT_CHN",0.0634437126622216,1.85567918933139,15,NA,NA,NA
"control","ANT_LCA",-0.197939634898119,0.717646747531,14,NA,NA,NA
"control","ANT_PER",0.116970363645351,1.15588833619975,18,NA,NA,NA
"control","ANT_SAU",-0.498173889345931,0.910763096979614,13,NA,NA,NA
"control","ARE_BOL",0.0258957646991276,0.770989582319308,25,NA,NA,NA
"control","ARE_BRN",0.00261450444028887,0.691073541750205,24,NA,NA,NA
"control","ARE_GIN",0.190036923897178,1.38349351073811,23,NA,NA,NA
"control","ARE_GMB",-0.103812331377722,1.3154290267352,26,NA,NA,NA
"control","ARE_HRV",-0.349744896242842,1.08480906002821,28,NA,NA,NA
"control","ARE_HUN",-0.0595865935953253,1.29223763255841,28,NA,NA,NA
"control","ARE_MMR",-0.0806181591840436,1.04918525332183,17,NA,NA,NA
"control","ARE_SEN",-0.301849356102617,1.08158963298989,25,NA,NA,NA
"control","ARE_SYC",0.148723683269242,0.685160831673287,26,NA,NA,NA
"control","ARE_VEN",0.0573210223316523,0.598130907426637,28,NA,NA,NA
"control","ARG_BLZ",0.0540941578176717,0.590868026941056,27,NA,NA,NA
"control","ARG_HRV",0.0718384441938242,0.742679322482032,28,NA,NA,NA
"control","ARG_LCA",0.261887292316565,1.27595547761961,28,NA,NA,NA
"control","ARG_SVN",-0.0916526233886868,0.733582910840474,28,NA,NA,NA
"control","ARG_VUT",-0.0693074737592381,0.987258282790017,16,NA,NA,NA
"control","ARG_YEM",0.272440681118021,0.894522823065256,28,NA,NA,NA
"control","ARM_CHE",0.0707140960916803,1.07555039399272,28,NA,NA,NA
"control","ARM_DEU",-0.0250689367270126,1.13840070646004,25,NA,NA,NA
"control","ARM_DNK",0.0260744632630571,0.818735388610465,20,NA,NA,NA
"control","ARM_ESP",-0.373934080530679,0.831309111553566,25,NA,NA,NA
"control","ARM_HRV",-0.406217408030171,1.21650026851893,19,NA,NA,NA
"control","ARM_IRL",-0.279639080959472,1.26412284059617,20,NA,NA,NA
"control","ARM_JPN",-0.068556832034257,1.52347950494327,27,NA,NA,NA
"control","ARM_LTU",0.0262907376729809,1.53547665811909,24,NA,NA,NA
"control","ARM_NLD",0.181682491278535,1.35957291075114,24,NA,NA,NA
"control","ARM_NZL",0.21677000800299,1.12361911821347,22,NA,NA,NA
"control","ARM_ROU",-0.114474995146488,0.555457804275297,22,NA,NA,NA
"control","ARM_SAU",0.237533585611284,0.657524143708009,26,NA,NA,NA
"control","ARM_SWE",-0.106041184184333,1.43215393779792,23,NA,NA,NA
"control","ARM_TUR",0.218603450033146,1.08617454147717,24,NA,NA,NA
"control","ARM_TWN",-0.226603210248714,1.75383823751991,23,NA,NA,NA
"control","ARM_USA",0.163330541306386,1.2140856709052,28,NA,NA,NA
"control","ATG_COL",0.0248321619247773,0.974198551613847,27,NA,NA,NA
"control","ATG_HRV",-0.0952195087181377,0.394655544368822,14,NA,NA,NA
"control","ATG_HUN",-0.217190808142684,0.589412230568562,16,NA,NA,NA
"control","ATG_IRL",0.347953149069935,1.12025178012997,12,NA,NA,NA
"control","ATG_ROU",0.803307215414446,0.968564641945637,8,NA,NA,NA
"control","ATG_SAU",-0.500014617562252,0.589559857058162,14,NA,NA,NA
"control","AUS_EST",0.19613812117708,0.908494609893442,28,NA,NA,NA
"control","AUS_HRV",0.0957823209612205,0.794400221973165,28,NA,NA,NA
"control","AUS_IOT",-0.52351455237462,1.60812649942729,14,NA,NA,NA
"control","AUS_KAZ",0.0121374301841681,0.913814287175351,28,NA,NA,NA
"control","AUS_LTU",-0.0456326992423611,0.656192629641809,28,NA,NA,NA
"control","AUS_LVA",-0.122763523154986,1.57722156399409,28,NA,NA,NA
"control","AUS_MNP",-0.0384254610139615,1.18548496612586,28,NA,NA,NA
"control","AUS_RUS",-0.0699674578219663,1.27783300787866,28,NA,NA,NA
"control","AUS_SVN",-0.069885062126341,1.09876461758072,28,NA,NA,NA
"control","AUS_SWZ",-0.126467880522859,1.06885492703894,24,NA,NA,NA
"control","AUS_TCA",0.405804760812272,0.705840728378405,20,NA,NA,NA
"control","AUS_UKR",-0.0523771894817281,1.20776697620054,28,NA,NA,NA
"control","AUT_BDI",-0.210423008378562,0.99768848251347,28,NA,NA,NA
"control","AUT_BIH",-0.272953337310581,0.777757762142256,15,NA,NA,NA
"control","AUT_BLZ",0.141069398234096,1.07183494443478,15,NA,NA,NA
"control","AUT_BOL",-0.0109443255208737,1.20949912266531,28,NA,NA,NA
"control","AUT_BRN",-0.0730079573221022,0.706485862815921,28,NA,NA,NA
"control","AUT_BTN",0.108267823243711,1.20597759703159,28,NA,NA,NA
"control","AUT_HRV",0.172893839306515,0.370088984618586,9,NA,NA,NA
"control","AUT_KEN",-0.237442839381588,0.875306035760636,27,NA,NA,NA
"control","AUT_LCA",-0.139272282690723,0.900986295916526,15,NA,NA,NA
"control","AUT_MKD",-0.315815726502412,0.88010290883263,8,NA,NA,NA
"control","AUT_MUS",0.440565919525552,1.22820777484388,19,NA,NA,NA
"control","AUT_PNG",0.112853608144027,0.738090107958626,16,NA,NA,NA
"control","AUT_RUS",-0.221737727386008,1.21159982077874,28,NA,NA,NA
"control","AUT_SDN",-0.193610837131597,1.08282321635229,27,NA,NA,NA
"control","AUT_TJK",0.0369410063437946,0.79625586981954,27,NA,NA,NA
"control","AUT_UKR",0.12657474290051,1.02343630588578,21,NA,NA,NA
"control","AUT_YEM",-0.0231706873524501,0.979777230588986,27,NA,NA,NA
"control","AZE_BGR",0.0494466407789008,0.964375625975246,25,NA,NA,NA
"control","AZE_CHE",0.440775206435943,1.37508746968943,28,NA,NA,NA
"control","AZE_CHN",-0.221910755149497,0.716412613506223,28,NA,NA,NA
"control","AZE_DEU",-0.296149927198608,0.934412926243987,28,NA,NA,NA
"control","AZE_DNK",0.0647317237125533,1.10822945522725,28,NA,NA,NA
"control","AZE_ESP",0.0796118419599253,0.813959495712128,28,NA,NA,NA
"control","AZE_FRA",0.159171265237977,0.981487168092298,28,NA,NA,NA
"control","AZE_GRC",-0.0704560437448231,1.59406791198437,28,NA,NA,NA
"control","AZE_HUN",0.347477180659959,1.1326621346143,28,NA,NA,NA
"control","AZE_ITA",0.180733880383033,1.18702072646438,28,NA,NA,NA
"control","AZE_JPN",0.239888852819368,0.57814335941948,28,NA,NA,NA
"control","AZE_LTU",-0.319961540907595,0.587413472492505,27,NA,NA,NA
"control","AZE_NZL",-0.0522830675120669,0.773389806435804,25,NA,NA,NA
"control","AZE_POL",0.204226714755334,0.919303700810574,28,NA,NA,NA
"control","AZE_ROU",0.256607964967353,1.43525429282942,28,NA,NA,NA
"control","AZE_SAU",-0.0806621653578356,1.93835723200632,27,NA,NA,NA
"control","AZE_SVN",-0.255792309828506,1.36080501288037,27,NA,NA,NA
"control","AZE_SWE",0.106461390670288,1.05700896992598,28,NA,NA,NA
"control","AZE_USA",-0.320467474300955,0.66925508856033,28,NA,NA,NA
"control","BDI_CHN",0.184588516111274,0.56208912162342,27,NA,NA,NA
"control","BDI_COL",-0.231352115473829,0.540959980593827,17,NA,NA,NA
"control","BDI_PER",-0.111094823932685,1.03396845513771,9,NA,NA,NA
"control","BDI_SAU",0.0228309379871243,1.22158726640034,17,NA,NA,NA
"control","BDI_SVN",-0.0339408867363646,1.27625025863514,25,NA,NA,NA
"control","BEN_BGR",-0.582792248146664,0.904930818578941,16,NA,NA,NA
"control","BEN_FIN",-0.309064657564756,1.74148935788655,16,NA,NA,NA
"control","BEN_GAB",0.063773339995538,1.15684215692315,28,NA,NA,NA
"control","BEN_SAU",0.147110232226255,0.73736277715692,24,NA,NA,NA
"control","BEN_ZAF",0.0954011513237229,0.810999699871184,26,NA,NA,NA
"control","BFA_BOL",0.585848165578739,1.43467716046384,14,NA,NA,NA
"control","BFA_BRA",0.147903003769287,1.02556097414143,25,NA,NA,NA
"control","BFA_IRL",-0.0967337604833212,1.08188849268896,25,NA,NA,NA
"control","BFA_KEN",-0.147844249704629,0.871460038956869,23,NA,NA,NA
"control","BFA_MLT",-0.32505068495252,0.359957470300718,8,NA,NA,NA
"control","BFA_PER",0.37675001556066,0.905022171869598,18,NA,NA,NA
"control","BFA_SVN",0.0885831512324517,1.53652626610487,25,NA,NA,NA
"control","BGD_AND",-0.0324635442616228,0.479362195183193,27,NA,NA,NA
"control","BGD_ATG",0.135066704092635,0.789494451464801,18,NA,NA,NA
"control","BGD_HRV",0.0104169445359726,0.856887534549998,28,NA,NA,NA
"control","BGD_LCA",0.0560335992066503,0.589212589853086,22,NA,NA,NA
"control","BGD_MAC",-0.0734270935332193,0.611670631673582,24,NA,NA,NA
"control","BGD_RUS",-0.465653717197059,1.58846607249398,28,NA,NA,NA
"control","BGD_SVN",-0.056444993092529,0.798272095906357,28,NA,NA,NA
"control","BGR_ARG",0.158323761813183,1.16385728061956,28,NA,NA,NA
"control","BGR_BOL",0.134322105285342,1.34208579461032,27,NA,NA,NA
"control","BGR_BRN",0.175607328603717,1.15477826656875,20,NA,NA,NA
"control","BGR_HRV",-0.0944061550644852,0.787236509490374,10,NA,NA,NA
"control","BGR_LCA",0.0434768309285475,0.738792141427624,15,NA,NA,NA
"control","BGR_MMR",0.135649643046448,1.275358519699,22,NA,NA,NA
"control","BGR_ZAF",-0.0699590695357339,1.53648019782048,13,NA,NA,NA
"control","BHR_BRA",-0.0964551864454005,0.874042528583074,22,NA,NA,NA
"control","BHR_BRN",0.209050540020495,1.22153576727184,23,NA,NA,NA
"control","BHR_DZA",-0.135164921173327,1.22407924771665,16,NA,NA,NA
"control","BHR_ECU",0.0340839521860097,0.637735192573298,16,NA,NA,NA
"control","BHR_HUN",0.118343051293621,0.801826703752719,28,NA,NA,NA
"control","BHR_IRL",0.231588134671653,0.754586838689103,28,NA,NA,NA
"control","BHR_KEN",0.0394791896003149,0.540145038147045,25,NA,NA,NA
"control","BHR_ROU",-0.0916178190405069,0.86107025992095,26,NA,NA,NA
"control","BHR_SWE",0.0893505862918072,1.58248408587958,28,NA,NA,NA
"control","BHR_TWN",0.111816681336134,0.998446793299894,24,NA,NA,NA
"control","BHS_BRN",0.267364002135942,1.09445556953913,13,NA,NA,NA
"control","BHS_DZA",0.0108666642805248,0.820657625042217,21,NA,NA,NA
"control","BHS_EGY",-0.224827035798965,0.638918692999506,11,NA,NA,NA
"control","BHS_HUN",-0.0545193979361559,1.15163139360466,15,NA,NA,NA
"control","BHS_IRL",0.0846761622388616,0.330302708682626,15,NA,NA,NA
"control","BHS_PER",0.299836615946297,1.21610630673866,27,NA,NA,NA
"control","BIH_AUS",-0.121794001050387,1.24790842056952,27,NA,NA,NA
"control","BIH_CHE",-0.188997246844556,1.41098186383531,22,NA,NA,NA
"control","BIH_DEU",0.0718792916913514,1.12539170605227,15,NA,NA,NA
"control","BIH_DNK",0.104253631522193,0.88691084334916,15,NA,NA,NA
"control","BIH_ESP",-0.306089287803387,1.13838830436544,14,NA,NA,NA
"control","BIH_FRA",-0.015398804750666,0.926200782003223,15,NA,NA,NA
"control","BIH_GRC",0.253431219868119,1.03182164855763,15,NA,NA,NA
"control","BIH_HRV",0.186427632144861,0.385728913957522,8,NA,NA,NA
"control","BIH_IRL",0.347665284291686,1.28447286653545,15,NA,NA,NA
"control","BIH_ITA",0.292268924928521,1.34469043183279,15,NA,NA,NA
"control","BIH_JPN",0.0210000001261754,1.20997413284196,27,NA,NA,NA
"control","BIH_NLD",0.103009060294766,0.67991938194734,15,NA,NA,NA
"control","BIH_NZL",-0.0427930323454319,0.881363609862486,23,NA,NA,NA
"control","BIH_PAK",-0.245896687635928,1.50830109155691,19,NA,NA,NA
"control","BIH_PRT",-0.219884107251881,1.48608391724312,13,NA,NA,NA
"control","BIH_SWE",-0.37613592720247,0.971212447067846,15,NA,NA,NA
"control","BIH_TUR",-0.0949045136488086,0.856021349248285,10,NA,NA,NA
"control","BIH_USA",0.139972841770343,0.532277918891368,28,NA,NA,NA
"control","BLR_ARE",-0.105457472028052,0.739314152771278,24,NA,NA,NA
"control","BLR_AUS",0.210216395821595,1.51268432621925,28,NA,NA,NA
"control","BLR_BGR",0.180637725195563,0.867166535800048,25,NA,NA,NA
"control","BLR_CHE",-0.01161605740051,0.712987113877741,28,NA,NA,NA
"control","BLR_CHN",0.287597715132956,1.36213927279511,28,NA,NA,NA
"control","BLR_DEU",0.0098782252946765,0.955312736978031,28,NA,NA,NA
"control","BLR_DNK",-0.303536460877209,1.03870442173922,28,NA,NA,NA
"control","BLR_ESP",0.153205334334856,1.00459129065641,28,NA,NA,NA
"control","BLR_FIN",-0.156316508553593,0.550929344413006,28,NA,NA,NA
"control","BLR_GRC",-0.123815682192306,0.895489939366653,28,NA,NA,NA
"control","BLR_HRV",-0.233770678317395,0.81164308757937,28,NA,NA,NA
"control","BLR_IRL",0.159646362634402,1.5150348571253,28,NA,NA,NA
"control","BLR_ITA",0.152683161400549,0.713708888943854,28,NA,NA,NA
"control","BLR_JPN",-0.26362945642714,0.97842064213576,28,NA,NA,NA
"control","BLR_LTU",-0.216317874043947,0.740638854054258,27,NA,NA,NA
"control","BLR_NLD",-0.124026625628234,0.847291886989785,28,NA,NA,NA
"control","BLR_POL",-0.0821445931370354,1.33715028303075,28,NA,NA,NA
"control","BLR_PRT",0.117388236892797,1.11758227475525,28,NA,NA,NA
"control","BLR_ROU",0.123330404273578,1.05349914738248,28,NA,NA,NA
"control","BLR_SAU",0.13181703825048,0.879439206129824,27,NA,NA,NA
"control","BLR_SVN",-0.0450134219273368,0.775586107627646,28,NA,NA,NA
"control","BLR_SWE",-0.252330414930701,0.765383357802717,28,NA,NA,NA
"control","BLR_TUR",-0.134684168382022,1.56576210524457,28,NA,NA,NA
"control","BLR_TWN",-0.320662228332925,1.564448138627,25,NA,NA,NA
"control","BLR_USA",0.0582368360485929,1.31719936962195,28,NA,NA,NA
"control","BLZ_ANT",0.276978002637555,0.641586450855933,16,NA,NA,NA
"control","BLZ_ARG",-0.0810230960165618,0.901769805952669,21,NA,NA,NA
"control","BLZ_AUT",-0.227473749625179,0.499737551212227,14,NA,NA,NA
"control","BLZ_BMU",-0.00722957997578792,0.78039336836292,14,NA,NA,NA
"control","BLZ_BOL",0.35400446025202,1.0927715255867,19,NA,NA,NA
"control","BLZ_BRN",-0.278129775967824,0.93526664545189,17,NA,NA,NA
"control","BLZ_COL",0.236689418219035,1.82525730615456,27,NA,NA,NA
"control","BLZ_CYM",0.222759577636342,0.727447556137994,22,NA,NA,NA
"control","BLZ_DOM",0.261490368509589,1.3796460511624,27,NA,NA,NA
"control","BLZ_GRC",-0.2882202613035,0.3700414661814,10,NA,NA,NA
"control","BLZ_GTM",0.179368258745019,1.33025001782926,28,NA,NA,NA
"control","BLZ_HND",0.273750967974197,1.39811227961223,28,NA,NA,NA
"control","BLZ_HRV",-0.224969262205047,1.05886081261573,16,NA,NA,NA
"control","BLZ_HUN",-0.220609832579845,1.71399803672801,12,NA,NA,NA
"control","BLZ_IND",0.133094779795526,0.918292249915506,21,NA,NA,NA
"control","BLZ_IRL",-0.12723708776469,0.325301033874649,13,NA,NA,NA
"control","BLZ_MAR",0.27862225379068,0.706939576867094,19,NA,NA,NA
"control","BLZ_NOR",-0.424455015828756,1.05005327004084,21,NA,NA,NA
"control","BLZ_NZL",0.0145391361462079,0.478429741803841,26,NA,NA,NA
"control","BLZ_PAN",-0.0537936734950714,1.01252292212913,28,NA,NA,NA
"control","BLZ_SLV",0.134378256453529,0.809418688818268,28,NA,NA,NA
"control","BLZ_TWN",-0.0659076188234216,0.713874458808343,27,NA,NA,NA
"control","BMU_BLZ",0.655842540583845,0.526414961394055,10,NA,NA,NA
"control","BMU_BRN",-0.344734351076577,0.894128990525773,9,NA,NA,NA
"control","BMU_CHN",0.290527914040984,0.954215030608211,17,NA,NA,NA
"control","BMU_DZA",0.242774314965409,0.7778674147997,18,NA,NA,NA
"control","BMU_GUY",0.0702239989789715,0.357720836993372,13,NA,NA,NA
"control","BMU_LCA",0.311283030705306,0.465965589885535,21,NA,NA,NA
"control","BMU_PER",-0.116883341451192,1.0758503585712,18,NA,NA,NA
"control","BMU_PRY",0.326848841892655,1.14931921002406,13,NA,NA,NA
"control","BMU_SAU",-0.0540881694785473,1.04771741800291,22,NA,NA,NA
"control","BMU_TTO",0.0290081856974807,1.4379830043184,17,NA,NA,NA
"control","BOL_ATG",-0.220559192627035,0.381864634187709,9,NA,NA,NA
"control","BOL_BLZ",-0.414299387740508,1.71808295660737,19,NA,NA,NA
"control","BOL_BMU",-0.0303640369189378,0.930936562394658,10,NA,NA,NA
"control","BOL_CHN",0.222374279384874,0.676349003485017,28,NA,NA,NA
"control","BOL_GTM",0.0702989499870572,1.38291114159982,28,NA,NA,NA
"control","BOL_HRV",0.0351219431924414,0.730242620531389,26,NA,NA,NA
"control","BOL_HUN",-0.107298543489396,0.806423741773176,24,NA,NA,NA
"control","BOL_IRL",0.0429409765201977,0.986768931107158,27,NA,NA,NA
"control","BOL_ISL",0.160585461140041,0.721412335667706,25,NA,NA,NA
"control","BOL_KWT",0.0843673596881341,0.850119507011042,19,NA,NA,NA
"control","BOL_LCA",0.744785792670165,0.57666781008074,10,NA,NA,NA
"control","BOL_MDA",-0.322241782013635,1.32879249779907,15,NA,NA,NA
"control","BOL_PYF",0.0408741128041071,0.943689846318692,25,NA,NA,NA
"control","BOL_QAT",-0.451658975819198,1.00718721842068,15,NA,NA,NA
"control","BOL_RUS",-0.250743227098144,1.55536784115454,28,NA,NA,NA
"control","BOL_SLV",0.124994020555157,0.88684115772375,27,NA,NA,NA
"control","BOL_SVN",0.212866698427295,1.04121920238463,28,NA,NA,NA
"control","BOL_SYR",-0.257857593569132,1.31834527879876,14,NA,NA,NA
"control","BRA_HRV",-0.204166202297788,0.911414180770493,28,NA,NA,NA
"control","BRA_RUS",0.137148615706669,0.454790775079134,28,NA,NA,NA
"control","BRA_SVN",-0.222590439747291,0.884005952814135,28,NA,NA,NA
"control","BRB_BRN",-0.355649941790285,0.80178181152471,14,NA,NA,NA
"control","BRB_COL",-0.24800546660902,0.683664598793788,28,NA,NA,NA
"control","BRB_HUN",-0.721515342958507,1.15224766354005,15,NA,NA,NA
"control","BRB_IRL",-0.217578195697515,1.84109268710099,15,NA,NA,NA
"control","BRB_PER",0.230793556128809,0.62848783240187,26,NA,NA,NA
"control","BRB_PRY",-0.413272281583471,0.566683260911716,15,NA,NA,NA
"control","BRB_SAU",-0.0440313121699748,1.01889042429216,26,NA,NA,NA
"control","BRB_TUN",0.0239793110139311,1.07286047143399,25,NA,NA,NA
"control","BRN_BOL",0.144050131929965,1.32437863700314,24,NA,NA,NA
"control","BRN_CHN",-0.214837194167068,0.758247470565585,9,NA,NA,NA
"control","BRN_ECU",0.206871603537687,0.858469785296053,21,NA,NA,NA
"control","BRN_IRL",0.0244584966651442,1.3307245458622,28,NA,NA,NA
"control","BRN_NLD",0.158028483939462,0.744708082258987,28,NA,NA,NA
"control","BRN_NOR",-0.173597634073997,1.25126590951606,24,NA,NA,NA
"control","BRN_PER",-0.248804077928908,1.28505937826338,24,NA,NA,NA
"control","BRN_SAU",-0.168021757249203,0.744997374719238,28,NA,NA,NA
"control","BRN_TWN",-0.515863841059715,1.17356656473405,26,NA,NA,NA
"control","BTN_BOL",0.381059582561073,0.912764978935814,11,NA,NA,NA
"control","BTN_DZA",0.125793781786796,1.93580414983026,15,NA,NA,NA
"control","BTN_ITA",0.30943113114342,1.63165467938623,20,NA,NA,NA
"control","BTN_TWN",0.156327381866002,0.802810270417912,24,NA,NA,NA
"control","BTN_ZAF",0.236509517354315,1.25426106948652,21,NA,NA,NA
"control","BWA_KEN",-0.147079896100179,0.774298131993422,21,NA,NA,NA
"control","CAF_BGR",0.00503320814742888,0.924900915448297,15,NA,NA,NA
"control","CAF_BOL",0.287402319688138,1.13527642699673,19,NA,NA,NA
"control","CAF_HUN",0.299916566324024,0.702813933685153,15,NA,NA,NA
"control","CAF_POL",0.294689290575059,0.850757194397764,23,NA,NA,NA
"control","CAF_SAU",-0.0129276688350469,0.76823650059584,26,NA,NA,NA
"control","CAN_BWA",-0.287030094282104,1.48447075576649,25,NA,NA,NA
"control","CAN_HRV",-0.315947145593091,0.901773796596835,24,NA,NA,NA
"control","CAN_LTU",-0.189387141426872,1.0287208395665,24,NA,NA,NA
"control","CAN_RUS",0.26845550782093,0.951226782646094,28,NA,NA,NA
"control","CAN_SVN",-0.380736848220883,1.03299228551886,24,NA,NA,NA
"control","CCK_BOL",0.291443376844186,0.940113190902049,21,NA,NA,NA
"control","CCK_IRL",0.168402174680779,0.639651377743427,19,NA,NA,NA
"control","CCK_NLD",0.0385692990615894,0.732265746891718,18,NA,NA,NA
"control","CCK_PER",0.080470596701906,1.55667664666851,19,NA,NA,NA
"control","CHE_ARM",-0.254248878770355,1.14613588088729,28,NA,NA,NA
"control","CHE_AZE",-0.0804619505218669,0.917824311820036,28,NA,NA,NA
"control","CHE_BIH",-0.0885308246597172,1.19204296908346,22,NA,NA,NA
"control","CHE_BLR",0.122162414706683,1.2709173142096,28,NA,NA,NA
"control","CHE_GEO",0.00924556427916954,0.489533512103864,24,NA,NA,NA
"control","CHE_HRV",-0.0561525305780156,0.380636604898144,9,NA,NA,NA
"control","CHE_KAZ",0.0295899443892456,0.882480360850937,28,NA,NA,NA
"control","CHE_KGZ",-0.0992394876556014,1.22628414449248,28,NA,NA,NA
"control","CHE_MDA",0.0646523466765064,1.0503584592478,28,NA,NA,NA
"control","CHE_MKD",-0.367194367980997,1.57699804623289,9,NA,NA,NA
"control","CHE_RUS",0.160332782045132,0.904933335325746,28,NA,NA,NA
"control","CHE_TJK",0.110356540772307,0.883044654371314,28,NA,NA,NA
"control","CHE_TKM",-0.0387479872187336,0.900374984824264,28,NA,NA,NA
"control","CHE_UKR",0.00460473152261797,0.541819578259501,19,NA,NA,NA
"control","CHE_UZB",-0.220851504679632,1.16539469396545,28,NA,NA,NA
"control","CHL_BGR",-0.322576259723198,1.55611167049408,14,NA,NA,NA
"control","CHL_HRV",-0.117962794260938,0.952775651479034,20,NA,NA,NA
"control","CHL_RUS",0.1758112812619,1.28366498148832,28,NA,NA,NA
"control","CHL_STP",-0.466725904128836,1.05644470451765,8,NA,NA,NA
"control","CHL_SVN",0.0433276632449498,0.546223772836071,11,NA,NA,NA
"control","CHL_UGA",0.237687463803348,0.59714220388029,25,NA,NA,NA
"control","CHL_VCT",-0.182589766052611,0.837873878051061,28,NA,NA,NA
"control","CHL_ZMB",0.122794302325375,0.928605716211589,27,NA,NA,NA
"control","CHN_ABW",-0.166889664120838,0.665132212045593,27,NA,NA,NA
"control","CHN_AND",-0.038108349071104,1.12194570609273,28,NA,NA,NA
"control","CHN_ANT",-0.0752494267666977,1.02507777991565,19,NA,NA,NA
"control","CHN_ARM",0.1064429268041,0.846693158283865,28,NA,NA,NA
"control","CHN_ATG",0.0821017874165107,1.07905458965898,28,NA,NA,NA
"control","CHN_AZE",0.141399735659218,1.09324706860367,28,NA,NA,NA
"control","CHN_BDI",0.341852007881595,1.02607726296501,28,NA,NA,NA
"control","CHN_BHS",-0.0456111954012789,0.581461588528733,28,NA,NA,NA
"control","CHN_BLR",0.11133735254333,0.536597227056782,28,NA,NA,NA
"control","CHN_BLZ",0.148853622572172,0.902049641281112,28,NA,NA,NA
"control","CHN_BMU",0.462956345542256,1.83685958504578,28,NA,NA,NA
"control","CHN_COM",0.195119288373503,0.897090781179298,28,NA,NA,NA
"control","CHN_CPV",0.167394113623282,1.00304479275209,28,NA,NA,NA
"control","CHN_CYM",0.32791320251152,1.05142062055348,28,NA,NA,NA
"control","CHN_ESH",0.0468671025734626,0.730753974333552,28,NA,NA,NA
"control","CHN_EST",0.108159296236367,0.745951712028855,28,NA,NA,NA
"control","CHN_FSM",-0.117762912934437,0.647720730471863,28,NA,NA,NA
"control","CHN_GEO",-0.421629375591105,1.00693312420168,25,NA,NA,NA
"control","CHN_GIB",0.10388040890873,0.865234518698389,28,NA,NA,NA
"control","CHN_GRL",-0.0680584103944722,0.865399230744776,28,NA,NA,NA
"control","CHN_HRV",0.142845501915608,0.966373356942519,28,NA,NA,NA
"control","CHN_HTI",0.177807866003317,1.06299865198311,28,NA,NA,NA
"control","CHN_ISR",-0.225636023686171,0.62792626363258,28,NA,NA,NA
"control","CHN_KAZ",-0.0340956650524357,0.92885716961519,28,NA,NA,NA
"control","CHN_KGZ",-0.330128958732768,1.01085333072515,28,NA,NA,NA
"control","CHN_KHM",0.103633176820974,1.52840257104348,12,NA,NA,NA
"control","CHN_KIR",0.223281580458731,0.773001228046367,28,NA,NA,NA
"control","CHN_KNA",-0.0599008939373695,0.82809115056669,28,NA,NA,NA
"control","CHN_LCA",-0.1242124918989,0.758093363273745,28,NA,NA,NA
"control","CHN_LTU",0.0379922135945742,1.22387925699835,28,NA,NA,NA
"control","CHN_LVA",0.200199160680774,1.01645787324738,28,NA,NA,NA
"control","CHN_MDA",0.141418695460833,1.32270086641992,28,NA,NA,NA
"control","CHN_MHL",0.127198760067923,0.791868959553027,28,NA,NA,NA
"control","CHN_MSR",-0.1396535012627,0.849343266467681,27,NA,NA,NA
"control","CHN_NFK",-0.390695186939115,0.895172046741211,24,NA,NA,NA
"control","CHN_NRU",0.0368573791469795,0.621420524712528,27,NA,NA,NA
"control","CHN_RUS",0.0760963620244135,1.36734449736849,28,NA,NA,NA
"control","CHN_SLV",-0.156323419528375,0.672900603826038,28,NA,NA,NA
"control","CHN_SOM",0.163101268190074,0.844293337610216,28,NA,NA,NA
"control","CHN_SVN",0.0245488427484535,1.17308205943171,28,NA,NA,NA
"control","CHN_SWZ",0.0417251044057819,0.934742008427638,24,NA,NA,NA
"control","CHN_TCA",0.0189110074502715,0.678827046292816,27,NA,NA,NA
"control","CHN_TJK",-0.040608644540278,1.13236432995032,28,NA,NA,NA
"control","CHN_TKM",-0.276042508341449,1.31784974030094,28,NA,NA,NA
"control","CHN_TUV",0.0580353206627922,1.0922299649655,26,NA,NA,NA
"control","CHN_UKR",0.20993933941306,0.657965979072244,28,NA,NA,NA
"control","CHN_UZB",-0.0641973533654827,0.98080944270944,28,NA,NA,NA
"control","CHN_VCT",-0.0303175211743456,1.26470817605182,28,NA,NA,NA
"control","CHN_VGB",-0.216575312175154,0.824598743046628,27,NA,NA,NA
"control","CHN_YEM",-0.19280681079031,0.848586314546978,28,NA,NA,NA
"control","CHN_ZAF",0.255280483750561,0.821770342315721,28,NA,NA,NA
"control","CIV_BGD",-0.0523032480238448,0.959062586329562,25,NA,NA,NA
"control","CIV_HRV",-0.132644647342981,0.979485632769712,22,NA,NA,NA
"control","CIV_KEN",-0.323070893621136,0.439904513276044,26,NA,NA,NA
"control","CIV_KWT",0.160366563197662,1.14367845414715,28,NA,NA,NA
"control","CIV_PAK",0.0684383286385634,1.03673510387578,26,NA,NA,NA
"control","CIV_PER",0.345777623369406,0.867161797980662,25,NA,NA,NA
"control","CIV_POL",0.355241502767521,1.12880682991681,23,NA,NA,NA
"control","CIV_SVN",0.0171981691243492,1.48822485502233,23,NA,NA,NA
"control","CIV_ZAF",0.21168376049399,1.31694139859914,27,NA,NA,NA
"control","CMR_HRV",0.384402426693855,0.779441869261876,21,NA,NA,NA
"control","CMR_MLT",-0.32937285690562,0.778269593761859,20,NA,NA,NA
"control","CMR_SVN",-0.227496366875169,0.689783655502525,20,NA,NA,NA
"control","CMR_ZAF",-0.206080486346295,1.12967187183131,27,NA,NA,NA
"control","COD_BGR",-0.153906034825867,0.580433558793384,14,NA,NA,NA
"control","COD_DZA",-0.295899413765062,1.04348305127741,26,NA,NA,NA
"control","COD_HRV",0.15362702763156,0.802719984307042,25,NA,NA,NA
"control","COD_NZL",-0.266226601071872,0.947629290708922,23,NA,NA,NA
"control","COD_POL",0.105274540985364,0.592277366536605,26,NA,NA,NA
"control","COD_SVN",0.0547622858866814,1.05597459452497,28,NA,NA,NA
"control","COD_ZAF",0.17828996327567,0.877669354749972,27,NA,NA,NA
"control","COG_BOL",0.090062333195031,1.11526416429949,17,NA,NA,NA
"control","COG_HRV",-0.0474668493440308,0.412409558546283,23,NA,NA,NA
"control","COG_HUN",-0.405691038668399,1.0945940346254,27,NA,NA,NA
"control","COG_SAU",0.550790603249981,0.861671164685298,20,NA,NA,NA
"control","COK_BOL",-0.0643282410300798,0.767737499042099,9,NA,NA,NA
"control","COK_COL",-0.56226760090432,1.33783626937842,10,NA,NA,NA
"control","COK_IRL",0.128392716630644,1.69779068713409,23,NA,NA,NA
"control","COK_NLD",-0.296072898094273,0.42071668782534,21,NA,NA,NA
"control","COK_PER",-0.00656004929307907,0.657620737874549,14,NA,NA,NA
"control","COL_AIA",0.480590593542348,1.21564594106302,22,NA,NA,NA
"control","COL_CAF",0.19678264648886,1.46092249653731,12,NA,NA,NA
"control","COL_HRV",0.103685086426056,0.802548119166209,20,NA,NA,NA
"control","COL_MLI",-0.0947017976121349,0.713723534970273,21,NA,NA,NA
"control","COL_RUS",0.0856855847682708,0.953677106689906,28,NA,NA,NA
"control","COL_STP",-0.409787481085057,1.35743040075234,15,NA,NA,NA
"control","COL_SVN",-0.129033627075217,0.968716690312961,20,NA,NA,NA
"control","COL_SYR",-0.141581796984889,1.20066835539406,28,NA,NA,NA
"control","COL_TCA",-0.269101462963314,0.829977645149132,28,NA,NA,NA
"control","COL_UGA",-0.28900582121488,1.17531974815572,27,NA,NA,NA
"control","COL_YEM",0.106310373591426,1.01044561778153,24,NA,NA,NA
"control","COM_CHN",0.261043929257791,0.90173163751283,21,NA,NA,NA
"control","COM_DZA",-0.0134420653903873,0.6241358607291,15,NA,NA,NA
"control","COM_HUN",0.0603369325625086,1.27722721830521,9,NA,NA,NA
"control","COM_IRL",-0.11165461106244,0.642096606925995,21,NA,NA,NA
"control","COM_ZAF",-0.00376488561611575,0.86121571192652,23,NA,NA,NA
"control","CPV_COL",0.0800403279059398,1.28816884906307,17,NA,NA,NA
"control","CPV_GRC",-0.376922543037352,1.49744595478705,19,NA,NA,NA
"control","CPV_MYS",0.407180391948032,1.0089583780293,15,NA,NA,NA
"control","CRI_ARE",0.0679025621319981,1.14036996455764,28,NA,NA,NA
"control","CRI_BGD",0.213011555483514,0.391453942643478,23,NA,NA,NA
"control","CRI_BGR",-0.180997732604503,0.607827072455807,18,NA,NA,NA
"control","CRI_HRV",-0.314802744704917,1.23107338964904,20,NA,NA,NA
"control","CRI_LCA",0.18371274557014,1.18352976855661,28,NA,NA,NA
"control","CRI_SVN",-0.525677663331249,0.840037392793271,20,NA,NA,NA
"control","CRI_TUN",0.0875304509904684,1.6436898946989,28,NA,NA,NA
"control","CUB_HRV",-0.112446003890761,0.806660046347484,28,NA,NA,NA
"control","CUB_IRL",0.119698773149313,0.605395623934741,28,NA,NA,NA
"control","CUB_PAN",-0.130508650937613,1.31175471001746,17,NA,NA,NA
"control","CUB_POL",-0.318087983157255,0.907559041958807,28,NA,NA,NA
"control","CUB_SVN",0.0023222945165742,0.839743934584498,28,NA,NA,NA
"control","CUB_TWN",0.222403563501897,0.707892765846038,28,NA,NA,NA
"control","CYM_BLZ",-0.202594767969393,0.732989014862634,23,NA,NA,NA
"control","CYM_CHN",0.0775567200738625,1.73388452039818,16,NA,NA,NA
"control","CYM_HRV",-0.690784055681665,1.01998386068452,17,NA,NA,NA
"control","CYM_LCA",-0.229928161902826,1.01665125781749,24,NA,NA,NA
"control","CYM_THA",0.387442790020394,0.987881219982327,28,NA,NA,NA
"control","CYP_BOL",0.106980624362753,1.10340338261014,27,NA,NA,NA
"control","CYP_BRN",-0.173931557714911,1.02842433719643,26,NA,NA,NA
"control","CYP_ECU",0.0955426376268208,1.45959865881446,22,NA,NA,NA
"control","CYP_GTM",-0.109236438228992,1.25093171008449,15,NA,NA,NA
"control","CYP_HRV",-0.077915349258186,0.70656903780335,11,NA,NA,NA
"control","CYP_KHM",-0.357511694522503,1.19334488682423,24,NA,NA,NA
"control","CYP_MUS",0.306452442025973,1.62075682738991,19,NA,NA,NA
"control","CYP_NIC",-0.206965782692911,0.54629397424421,12,NA,NA,NA
"control","CYP_RUS",-0.426242326247093,0.961897256219687,28,NA,NA,NA
"control","CYP_SVN",0.444358204652227,1.25709336702879,11,NA,NA,NA
"control","DEU_ARM",-0.473710373292202,0.83614595736547,25,NA,NA,NA
"control","DEU_AZE",0.0348348972008399,0.750131070801908,28,NA,NA,NA
"control","DEU_BIH",-0.0226632038507905,0.777934915140857,15,NA,NA,NA
"control","DEU_BLR",-0.0540069213914305,0.957212942237688,28,NA,NA,NA
"control","DEU_FSM",0.0650205376704472,0.612955398289988,28,NA,NA,NA
"control","DEU_GEO",0.112931259575891,1.17931475579354,21,NA,NA,NA
"control","DEU_HRV",0.32594666543465,0.551952540636437,9,NA,NA,NA
"control","DEU_KAZ",0.0047471741571701,0.881927799500363,28,NA,NA,NA
"control","DEU_KGZ",0.331237167594925,1.16717713460041,28,NA,NA,NA
"control","DEU_MDA",0.0579852231926118,0.712770269878672,21,NA,NA,NA
"control","DEU_MHL",0.070656503675804,1.35892244692397,28,NA,NA,NA
"control","DEU_RUS",0.412246337011913,0.808828070142425,28,NA,NA,NA
"control","DEU_SWZ",0.292095981964498,1.14687574329681,22,NA,NA,NA
"control","DEU_TJK",-0.439385663631811,1.48618075784101,28,NA,NA,NA
"control","DEU_TKM",0.134385193213651,1.25692683543247,28,NA,NA,NA
"control","DEU_UKR",0.10571751623418,1.2184857791254,21,NA,NA,NA
"control","DEU_UZB",-0.0458565841016433,1.3027343574705,28,NA,NA,NA
"control","DJI_ARG",0.451233418188636,0.999315940529961,10,NA,NA,NA
"control","DJI_BRA",0.00114569653847506,1.43239886432354,19,NA,NA,NA
"control","DJI_COL",0.340625497969294,1.20455102071552,14,NA,NA,NA
"control","DMA_BOL",-0.307787962055045,0.93759991294779,22,NA,NA,NA
"control","DMA_CHN",-0.178909492479548,0.860345132347315,27,NA,NA,NA
"control","DMA_CRI",-0.0956086448063073,0.717594384468879,27,NA,NA,NA
"control","DMA_HRV",-0.103768877900231,0.944807088115891,21,NA,NA,NA
"control","DMA_MMR",-0.141621254846697,0.949252655141999,10,NA,NA,NA
"control","DMA_PER",0.26232437503961,0.888669616201362,25,NA,NA,NA
"control","DNK_ARM",0.161997081600171,0.819765545204519,25,NA,NA,NA
"control","DNK_AZE",-0.0527813266020579,0.727416807587253,28,NA,NA,NA
"control","DNK_BIH",-0.0487947979745118,1.16815030464339,15,NA,NA,NA
"control","DNK_BLR",0.552555325914916,1.1621172885224,28,NA,NA,NA
"control","DNK_GEO",-0.0945642150699908,0.543187671453413,21,NA,NA,NA
"control","DNK_HRV",0.201479623333429,0.954095999461529,9,NA,NA,NA
"control","DNK_KAZ",-0.36463677174271,1.07233492663805,27,NA,NA,NA
"control","DNK_KGZ",-0.074204629030873,0.867989212334461,28,NA,NA,NA
"control","DNK_MDA",-0.312810454318989,0.880761425004615,21,NA,NA,NA
"control","DNK_RUS",-0.0936144121072561,1.4382698082373,28,NA,NA,NA
"control","DNK_TJK",0.0781350232128363,0.865159298761447,27,NA,NA,NA
"control","DNK_TKM",-0.419843122128583,1.36736850082185,27,NA,NA,NA
"control","DNK_UKR",-0.0697818143006242,1.04734890243553,21,NA,NA,NA
"control","DNK_UZB",-0.31704809260572,0.824583069944883,27,NA,NA,NA
"control","DOM_BGR",-0.0327602460372192,1.0710407823753,9,NA,NA,NA
"control","DOM_BLZ",0.0958868118571281,0.9795034018783,28,NA,NA,NA
"control","DOM_BOL",0.00294861176393094,1.27983542887241,28,NA,NA,NA
"control","DOM_BRN",-0.102862707653084,0.863921606151307,19,NA,NA,NA
"control","DOM_CHN",-0.00872941228000772,1.33357572403741,27,NA,NA,NA
"control","DOM_DZA",-0.169553093449792,1.36872333306918,19,NA,NA,NA
"control","DOM_HRV",-0.0532988676105335,0.690594017063041,19,NA,NA,NA
"control","DOM_HUN",0.278095246385319,1.48344440369204,15,NA,NA,NA
"control","DOM_LCA",0.058344873111464,1.51718878383604,28,NA,NA,NA
"control","DOM_PER",-0.112096324222093,0.685788077869522,27,NA,NA,NA
"control","DOM_POL",0.121273356045286,0.554607453106806,15,NA,NA,NA
"control","DOM_SVN",-0.0145967478624071,0.562075688170266,15,NA,NA,NA
"control","DOM_TWN",-0.156094566941063,1.0355033748951,25,NA,NA,NA
"control","DOM_ZAF",0.0851165709822238,0.976927042367288,26,NA,NA,NA
"control","DZA_AND",0.194089705262213,0.838904347059352,15,NA,NA,NA
"control","DZA_ARE",0.243013613606982,0.636150132614098,15,NA,NA,NA
"control","DZA_BRB",-0.258410130105907,0.647609587358349,17,NA,NA,NA
"control","DZA_BRN",-0.380059376191574,0.105530202017769,8,NA,NA,NA
"control","DZA_CHN",-0.00820207396264851,0.935580801080485,28,NA,NA,NA
"control","DZA_CIV",-0.00830687917548621,1.05989449315018,26,NA,NA,NA
"control","DZA_COG",0.295367337900104,1.70124002754813,19,NA,NA,NA
"control","DZA_CRI",-0.0938451461958021,0.672555540024348,22,NA,NA,NA
"control","DZA_GAB",-0.0936686193706019,0.941211414278429,24,NA,NA,NA
"control","DZA_HTI",-0.0620523609845679,1.10316116628411,13,NA,NA,NA
"control","DZA_LBR",-0.0852693259623508,1.57576752388464,22,NA,NA,NA
"control","DZA_MUS",-0.0886138979963454,0.956976398328807,25,NA,NA,NA
"control","DZA_PAN",0.0232722271790182,0.524577190215653,23,NA,NA,NA
"control","DZA_POL",-0.6013546209672,1.09629593211915,11,NA,NA,NA
"control","DZA_RUS",0.0275073413298993,0.866915803457943,28,NA,NA,NA
"control","DZA_TWN",-0.0593638055935021,0.755389988058123,25,NA,NA,NA
"control","ECU_BHS",0.301622986640612,0.674181699694837,28,NA,NA,NA
"control","ECU_HRV",0.0965366559305997,1.34368122860763,24,NA,NA,NA
"control","ECU_LCA",-0.203260619097718,0.54163060249067,28,NA,NA,NA
"control","ECU_MWI",-0.219730491568349,1.80844146478914,13,NA,NA,NA
"control","ECU_QAT",0.696799565057526,1.04310394508743,24,NA,NA,NA
"control","ECU_RUS",-0.02542130729851,1.23325970019394,28,NA,NA,NA
"control","ECU_STP",-0.550983235693741,0.974839162628144,9,NA,NA,NA
"control","ECU_SVN",-0.0285909486626732,1.31477281055295,24,NA,NA,NA
"control","ECU_VGB",0.174751801310901,0.827197987244104,13,NA,NA,NA
"control","EGY_BLR",0.193389992460033,1.17981704902272,27,NA,NA,NA
"control","EGY_BRN",-0.007103751892576,0.922684187342106,26,NA,NA,NA
"control","EGY_COG",-0.0581438206698679,0.890672034237185,28,NA,NA,NA
"control","EGY_HRV",0.0278357438563845,1.23771400580743,20,NA,NA,NA
"control","EGY_JAM",0.00137679786610498,1.40034663088204,24,NA,NA,NA
"control","EGY_KHM",0.305880264515998,1.18408488717873,26,NA,NA,NA
"control","EGY_LCA",0.305274264134773,1.25753732664863,18,NA,NA,NA
"control","EGY_MNG",-0.302928294778674,1.30567651219289,26,NA,NA,NA
"control","EGY_RUS",0.0421504418905888,1.00310525249562,28,NA,NA,NA
"control","EGY_SVN",-0.270092238864883,1.18909123459229,11,NA,NA,NA
"control","EGY_ZAF",-0.12917542674824,0.533143874161137,28,NA,NA,NA
"control","ESH_HRV",-0.192943649277997,1.70251734361853,15,NA,NA,NA
"control","ESH_USA",-0.147566145006697,0.953130572895075,19,NA,NA,NA
"control","ESP_ARM",-0.320782954470411,0.748984396525393,25,NA,NA,NA
"control","ESP_BIH",-0.0211788647660148,0.462710961572994,15,NA,NA,NA
"control","ESP_BLR",0.146170026705016,0.844655681424809,28,NA,NA,NA
"control","ESP_GEO",-0.068876966252761,0.727640453284045,21,NA,NA,NA
"control","ESP_HRV",-0.114642492405964,0.750437279201962,9,NA,NA,NA
"control","ESP_MDA",0.00230461348756994,0.838102650441392,21,NA,NA,NA
"control","ESP_RUS",-0.0508223296452463,1.13384979781646,28,NA,NA,NA
"control","ESP_TJK",-0.102218418180061,0.816681476313689,28,NA,NA,NA
"control","ESP_TKM",-0.0907269335932053,1.10088991871107,28,NA,NA,NA
"control","ESP_TON",-0.312602096466512,1.35902733631765,23,NA,NA,NA
"control","ESP_UKR",-0.157214850228073,1.02766011957463,21,NA,NA,NA
"control","ESP_UZB",0.0892575277059495,0.883002889073121,28,NA,NA,NA
"control","EST_ARE",0.163416646009971,0.627622760615326,27,NA,NA,NA
"control","EST_AUS",0.150741150172857,0.653676361625753,28,NA,NA,NA
"control","EST_CHN",0.0595261467802684,0.966523478229369,28,NA,NA,NA
"control","EST_HUN",-0.340574428928783,1.17830962054076,8,NA,NA,NA
"control","EST_JPN",0.0240561378954041,1.38860716727668,26,NA,NA,NA
"control","EST_POL",0.337412016142065,0.590277065674151,11,NA,NA,NA
"control","EST_ROU",-0.0384365790306919,0.370101355911533,11,NA,NA,NA
"control","EST_SAU",0.0376112573451077,1.0211971930207,28,NA,NA,NA
"control","EST_USA",-0.0655968521998987,1.26381551344667,28,NA,NA,NA
"control","FIN_ARM",0.0167475086804325,0.868083199649441,25,NA,NA,NA
"control","FIN_BLR",-0.34901145065032,0.681029108566322,28,NA,NA,NA
"control","FIN_GEO",-0.00183858642499243,0.938459617879886,21,NA,NA,NA
"control","FIN_HRV",-0.155087396199353,0.811803360929281,9,NA,NA,NA
"control","FIN_KAZ",-0.128812062355683,0.56688414704325,28,NA,NA,NA
"control","FIN_KGZ",-0.0955691216786058,0.681350639774879,28,NA,NA,NA
"control","FIN_MDA",-0.126926517906638,1.10892812860695,21,NA,NA,NA
"control","FIN_RUS",0.192478877378296,1.29271582832379,28,NA,NA,NA
"control","FIN_TKM",0.0280674255690845,0.425658392675409,28,NA,NA,NA
"control","FIN_UKR",-0.266073148745601,1.42871124233344,21,NA,NA,NA
"control","FIN_UZB",0.167302834349173,0.86306676720647,28,NA,NA,NA
"control","FJI_CHN",0.206381926962068,1.11619950044963,28,NA,NA,NA
"control","FJI_COL",0.142720744345023,1.29796802407391,25,NA,NA,NA
"control","FJI_DZA",-0.38973308028186,0.578877250288873,12,NA,NA,NA
"control","FJI_SWE",0.375090657052263,0.322305233387655,16,NA,NA,NA
"control","FJI_TTO",-0.0493067062453018,0.587888071642041,16,NA,NA,NA
"control","FLK_HRV",-0.405048691753191,1.0415356993336,14,NA,NA,NA
"control","FLK_TUN",0.129495000794082,1.27731366414374,20,NA,NA,NA
"control","FLK_USA",-0.088224911803586,0.862292326910891,27,NA,NA,NA
"control","FRA_ARM",0.0216541374117647,1.07013991965592,25,NA,NA,NA
"control","FRA_BHS",-0.105992666119193,1.03493888575889,15,NA,NA,NA
"control","FRA_BIH",-0.380806200046463,1.65280468389098,15,NA,NA,NA
"control","FRA_BLR",0.0531888109864321,0.830788090200587,28,NA,NA,NA
"control","FRA_BLZ",-0.288616448677576,0.521298326486492,15,NA,NA,NA
"control","FRA_HRV",0.0123158800229037,1.31867169288723,9,NA,NA,NA
"control","FRA_KAZ",0.0852003676929816,0.965926186981968,28,NA,NA,NA
"control","FRA_KIR",-0.131661538057614,0.901139089287014,27,NA,NA,NA
"control","FRA_MDA",0.365364255999443,0.575414751654565,20,NA,NA,NA
"control","FRA_RUS",-0.221738204181386,0.992504020521693,28,NA,NA,NA
"control","FRA_TJK",0.241378984720571,1.0588085148941,28,NA,NA,NA
"control","FRA_UKR",-0.140499973253621,1.08217706706698,21,NA,NA,NA
"control","FRA_UZB",-0.12101207441099,0.662833750071938,28,NA,NA,NA
"control","FSM_JPN",-0.243360215172409,1.09832961659502,28,NA,NA,NA
"control","FSM_USA",0.366944491098826,0.848001092064026,28,NA,NA,NA
"control","GAB_CHN",0.0672981365436337,1.13856208024508,28,NA,NA,NA
"control","GAB_COL",0.0714238942389023,0.497382725752768,26,NA,NA,NA
"control","GAB_DZA",0.17129744799641,0.798827760886475,25,NA,NA,NA
"control","GAB_HRV",-0.230361830933853,0.508711048449174,20,NA,NA,NA
"control","GAB_HUN",-0.0458752896164562,1.21485081473778,28,NA,NA,NA
"control","GAB_KEN",0.402909453889059,0.90644431400903,18,NA,NA,NA
"control","GAB_MDG",0.0801177258185591,0.478704519696733,27,NA,NA,NA
"control","GAB_MMR",-0.187989085498731,1.38110632992711,8,NA,NA,NA
"control","GAB_PER",-0.395732900289003,1.03817572092446,17,NA,NA,NA
"control","GAB_SAU",0.0515011602903453,1.34869527754357,23,NA,NA,NA
"control","GAB_ZAF",-0.18051367560345,1.20189196809367,25,NA,NA,NA
"control","GBR_HRV",-0.647773869538783,0.842977951224567,9,NA,NA,NA
"control","GBR_NAM",-0.0937464217076424,1.05379088176921,21,NA,NA,NA
"control","GEO_BGR",-0.0703770518065544,0.927263425060039,18,NA,NA,NA
"control","GEO_CHE",-0.163551708787707,0.975000760389148,24,NA,NA,NA
"control","GEO_CHN",-0.245676034852737,1.19321021283173,25,NA,NA,NA
"control","GEO_DEU",0.0420294195238941,1.11979276336401,21,NA,NA,NA
"control","GEO_DNK",0.224321014266917,0.967730599475151,20,NA,NA,NA
"control","GEO_ESP",-0.273966914652959,0.740317034260928,21,NA,NA,NA
"control","GEO_FIN",0.0589018902627165,0.95728762702098,21,NA,NA,NA
"control","GEO_GRC",0.0300349525298158,1.02086545111931,21,NA,NA,NA
"control","GEO_GUY",-0.0526738946545513,0.876636164673507,19,NA,NA,NA
"control","GEO_HRV",0.433541643391524,0.761065980031865,19,NA,NA,NA
"control","GEO_HUN",-0.104411529313437,0.950771628676672,21,NA,NA,NA
"control","GEO_IRL",-0.222108206429998,0.943815747367411,21,NA,NA,NA
"control","GEO_ITA",0.0503849824828696,1.00922117907275,21,NA,NA,NA
"control","GEO_JPN",-0.0981263828810215,0.894102545064032,28,NA,NA,NA
"control","GEO_LTU",0.45338601961834,0.831305625254881,20,NA,NA,NA
"control","GEO_NLD",0.043328822687453,1.24696835319462,21,NA,NA,NA
"control","GEO_POL",0.310211545295291,0.893445881193057,21,NA,NA,NA
"control","GEO_ROU",-0.199236420957301,1.58746295782581,21,NA,NA,NA
"control","GEO_SAU",0.153127001864189,0.719208550805074,26,NA,NA,NA
"control","GEO_SVN",-0.192981922554598,0.923158919809772,17,NA,NA,NA
"control","GEO_SWE",0.468997806941432,1.13001625051615,21,NA,NA,NA
"control","GEO_TUR",0.14122409067254,2.0427106386015,15,NA,NA,NA
"control","GEO_USA",-0.257941486935771,0.71337602424392,28,NA,NA,NA
"control","GHA_BLZ",0.0102142888552247,1.88309074833552,9,NA,NA,NA
"control","GHA_HRV",0.370931866729408,0.616292937402529,23,NA,NA,NA
"control","GHA_JAM",-0.0309128833097914,0.608752654000307,26,NA,NA,NA
"control","GHA_JOR",-0.0658661392346611,0.924060301210253,22,NA,NA,NA
"control","GHA_POL",-0.00280097806830315,1.64175231230617,23,NA,NA,NA
"control","GHA_QAT",-0.0776469215951548,0.776891090061287,21,NA,NA,NA
"control","GHA_SVN",0.13683901450947,0.603721020895042,23,NA,NA,NA
"control","GHA_SYR",-0.341996860613611,1.93700445675021,22,NA,NA,NA
"control","GIB_BOL",0.218029824207309,0.696640620380037,15,NA,NA,NA
"control","GIB_BRA",-0.00661846723085353,1.47250760646094,28,NA,NA,NA
"control","GIB_CHN",0.315008504248783,0.930126311203466,18,NA,NA,NA
"control","GIB_COL",0.0654024519914713,1.35246612499957,26,NA,NA,NA
"control","GIB_HRV",-0.00493095964789202,0.98458415493234,26,NA,NA,NA
"control","GIB_HUN",0.20916354874215,0.828147341952855,22,NA,NA,NA
"control","GIB_IRL",-0.279076367193214,1.11344651682972,28,NA,NA,NA
"control","GIB_NLD",-0.197889213134101,0.940087641081002,28,NA,NA,NA
"control","GIB_PER",0.3832700307985,0.533358692941341,9,NA,NA,NA
"control","GIB_SWE",0.102948075757309,0.899388107542842,28,NA,NA,NA
"control","GIB_TUR",-0.0396879924381288,0.601364848366823,22,NA,NA,NA
"control","GIN_LCA",-0.517147779592765,1.67329468223915,10,NA,NA,NA
"control","GIN_MDG",0.191513317058627,0.653845283017041,22,NA,NA,NA
"control","GIN_MUS",0.302536336662514,0.876015690096919,25,NA,NA,NA
"control","GIN_SAU",-0.235235958866383,0.880416158509326,19,NA,NA,NA
"control","GMB_BGD",-0.0395138969489875,0.897301126204011,19,NA,NA,NA
"control","GMB_CHN",0.032988421003975,0.524375697738921,27,NA,NA,NA
"control","GMB_CYP",-0.192461577299868,1.67807228046569,9,NA,NA,NA
"control","GMB_HRV",-0.26000899741892,1.05940064790381,25,NA,NA,NA
"control","GMB_MEX",0.114016116382324,0.98988440634421,25,NA,NA,NA
"control","GMB_MMR",-0.352526979631431,1.56833850398428,10,NA,NA,NA
"control","GMB_PER",-0.212803167213103,0.867085489548276,19,NA,NA,NA
"control","GMB_ROU",0.388142656396023,0.283239674885179,14,NA,NA,NA
"control","GMB_TWN",0.31734153801029,0.743160926809532,22,NA,NA,NA
"control","GNB_MAR",-0.53316093832078,2.50101057447251,8,NA,NA,NA
"control","GNB_TWN",0.0816922798239953,2.29687966901055,12,NA,NA,NA
"control","GNB_ZAF",0.296241866576773,1.41496351559043,16,NA,NA,NA
"control","GNQ_BGR",0.181709398769132,0.356403224491662,11,NA,NA,NA
"control","GNQ_HRV",0.26693412082552,0.482977896445613,8,NA,NA,NA
"control","GNQ_SVN",0.416494841569935,1.12268914592833,18,NA,NA,NA
"control","GRC_AZE",-0.202937564839047,0.918467754176408,28,NA,NA,NA
"control","GRC_BIH",0.139485084072328,1.59825974528557,15,NA,NA,NA
"control","GRC_GEO",-0.161390895869906,1.097855535677,21,NA,NA,NA
"control","GRC_HRV",-0.275126948200634,1.39664616746059,9,NA,NA,NA
"control","GRC_KAZ",-0.028929217641924,0.858095346304047,28,NA,NA,NA
"control","GRC_LAO",0.0098501307601124,0.919360986812793,21,NA,NA,NA
"control","GRC_MDA",-0.328222441557289,0.726814711306345,21,NA,NA,NA
"control","GRC_RUS",0.277253539558212,0.930019150836711,28,NA,NA,NA
"control","GRC_TKM",-0.130461072325802,0.649850665526954,28,NA,NA,NA
"control","GRC_UKR",0.0415812214065986,0.821522095887224,21,NA,NA,NA
"control","GRC_VNM",0.0770627451226686,0.746035246673526,28,NA,NA,NA
"control","GRD_BGD",0.309687364453992,0.964330308305409,17,NA,NA,NA
"control","GRD_CHN",-0.0826200907437251,1.27891475148122,25,NA,NA,NA
"control","GRD_DZA",-0.0570837409562826,0.728112567345314,22,NA,NA,NA
"control","GRD_HUN",-0.266136902242598,0.647283979898957,8,NA,NA,NA
"control","GRD_IRL",0.145926538908074,0.595760004487907,15,NA,NA,NA
"control","GRD_THA",0.0638006392062176,1.02997090867652,25,NA,NA,NA
"control","GRL_BRN",-0.393258904683917,1.00926542059268,9,NA,NA,NA
"control","GRL_CHN",-0.0546660517089549,0.782474551392597,28,NA,NA,NA
"control","GTM_BHS",-0.131307697045024,1.04142400822871,28,NA,NA,NA
"control","GTM_DZA",0.0921906018749378,1.20940835168079,25,NA,NA,NA
"control","GTM_HRV",0.0636007162859491,0.915227852194047,20,NA,NA,NA
"control","GTM_LCA",-0.0444181325379392,0.934626093367408,28,NA,NA,NA
"control","GTM_MUS",0.29821596821272,0.906291233611436,26,NA,NA,NA
"control","GTM_SEN",0.250880893404979,0.939408601478519,18,NA,NA,NA
"control","GTM_SVN",-0.0629633307109885,1.12443613680698,20,NA,NA,NA
"control","GUY_HUN",-0.451540623250872,1.31099147505892,15,NA,NA,NA
"control","GUY_SAU",0.196557689677783,0.829472445335794,23,NA,NA,NA
"control","GUY_ZAF",0.36853787038062,0.930652416674633,25,NA,NA,NA
"control","HND_BOL",-0.171693685046581,1.13241027764691,28,NA,NA,NA
"control","HND_BRN",-0.120113729186052,0.799690551446724,16,NA,NA,NA
"control","HND_HRV",0.0579752205100546,1.28438410573759,20,NA,NA,NA
"control","HND_LCA",0.0512797525858291,1.12852662119032,28,NA,NA,NA
"control","HND_PER",-0.028086971355377,1.21266499045437,24,NA,NA,NA
"control","HND_SVN",0.128701267660786,0.801832027837442,20,NA,NA,NA
"control","HND_SYR",0.134139740198891,1.03919186830227,19,NA,NA,NA
"control","HND_TUN",-0.188969084361782,1.36606981504019,27,NA,NA,NA
"control","HRV_AFG",-0.00808590524227435,1.33261825426907,26,NA,NA,NA
"control","HRV_AGO",-0.143107199710756,0.774461113611327,24,NA,NA,NA
"control","HRV_ALB",-0.239520159011742,1.35855151903243,10,NA,NA,NA
"control","HRV_ARE",0.149436423786838,0.873614427361631,28,NA,NA,NA
"control","HRV_ARG",0.2697557656691,1.29600844853248,28,NA,NA,NA
"control","HRV_ATG",-0.175055879994923,0.806063681656954,16,NA,NA,NA
"control","HRV_AUS",-0.19102819460374,0.915932879181628,28,NA,NA,NA
"control","HRV_AUT",-0.195847669275142,0.988049181895606,9,NA,NA,NA
"control","HRV_BEN",-0.155531493058731,1.61568952999961,25,NA,NA,NA
"control","HRV_BFA",0.16218844838093,1.03175853564311,27,NA,NA,NA
"control","HRV_BGD",0.184289559270057,0.591288438914457,28,NA,NA,NA
"control","HRV_BGR",0.202114493768276,0.603898407273408,10,NA,NA,NA
"control","HRV_BHR",0.170929344523642,1.37241193394249,28,NA,NA,NA
"control","HRV_BIH",0.502163150136402,1.959249700277,8,NA,NA,NA
"control","HRV_BLR",0.0963545804046174,0.864213396766874,28,NA,NA,NA
"control","HRV_BMU",-0.116830500683288,0.990173475131736,18,NA,NA,NA
"control","HRV_BRA",-0.0457767641282989,1.20737976442762,28,NA,NA,NA
"control","HRV_CAF",-0.0765448921392214,0.639999483772359,17,NA,NA,NA
"control","HRV_CAN",0.194597881292307,1.10324624291444,24,NA,NA,NA
"control","HRV_CHE",0.250226400088319,1.01926016666747,9,NA,NA,NA
"control","HRV_CHL",0.224386136500017,1.19832289868576,20,NA,NA,NA
"control","HRV_CHN",-0.300689721258163,1.12194840842289,28,NA,NA,NA
"control","HRV_CIV",-0.204959194464741,1.24295925960621,22,NA,NA,NA
"control","HRV_CMR",-0.117525455257844,0.633343136592971,19,NA,NA,NA
"control","HRV_COD",0.265942333811553,0.680054648255676,19,NA,NA,NA
"control","HRV_COG",-0.133644193020574,1.63200499023819,20,NA,NA,NA
"control","HRV_COL",-0.230089640530258,0.646108333469602,20,NA,NA,NA
"control","HRV_CRI",-0.105992322068162,0.778245076001651,20,NA,NA,NA
"control","HRV_CUB",-0.0936499595057963,0.628383133147366,28,NA,NA,NA
"control","HRV_CYP",0.0626226229043491,1.23389490432479,11,NA,NA,NA
"control","HRV_DEU",0.211753162882785,2.16435573499676,9,NA,NA,NA
"control","HRV_DJI",-0.0230028121335505,1.16648714516841,21,NA,NA,NA
"control","HRV_DMA",0.485376781416798,0.813477788116402,9,NA,NA,NA
"control","HRV_DNK",0.386160009038651,1.15393909192366,9,NA,NA,NA
"control","HRV_DZA",0.0917364970701985,0.529639967022562,20,NA,NA,NA
"control","HRV_ECU",0.0379672750466943,1.45066907503962,24,NA,NA,NA
"control","HRV_EGY",-0.0575776999702031,0.859006459656127,20,NA,NA,NA
"control","HRV_ESP",0.0969114215074265,1.01118893284331,9,NA,NA,NA
"control","HRV_EST",-0.344113897910548,0.645118954661238,11,NA,NA,NA
"control","HRV_FIN",-0.0704904484392733,1.76466576661491,9,NA,NA,NA
"control","HRV_FRA",0.0430899358122086,0.73975265736732,9,NA,NA,NA
"control","HRV_GBR",-0.374570107066674,2.18272765816695,9,NA,NA,NA
"control","HRV_GEO",0.38956546128963,1.78330703427316,21,NA,NA,NA
"control","HRV_GHA",-0.11032256929922,0.8378801391291,21,NA,NA,NA
"control","HRV_GIB",-0.0928460540939893,1.0132402561432,28,NA,NA,NA
"control","HRV_GIN",0.360670575739085,0.681446386837645,26,NA,NA,NA
"control","HRV_GMB",0.136315881993173,0.502765381624535,17,NA,NA,NA
"control","HRV_GRC",0.247994646516341,1.88034778889618,9,NA,NA,NA
"control","HRV_GRD",0.444008198553795,1.59943299453086,13,NA,NA,NA
"control","HRV_GTM",0.192382591591621,0.643961206732116,18,NA,NA,NA
"control","HRV_HND",-0.0133283678572898,1.16753978976579,20,NA,NA,NA
"control","HRV_HUN",0.310006331267117,0.543138323345307,10,NA,NA,NA
"control","HRV_IDN",-0.102100221638664,1.15450592672844,28,NA,NA,NA
"control","HRV_IND",0.230625682996741,1.25989541819632,28,NA,NA,NA
"control","HRV_IRL",-0.173718662899389,0.515470031783634,9,NA,NA,NA
"control","HRV_IRN",0.264134358623855,1.38494831905446,28,NA,NA,NA
"control","HRV_IRQ",0.107148162577919,0.584115493568108,26,NA,NA,NA
"control","HRV_ISL",0.242561461708125,0.750150556010749,9,NA,NA,NA
"control","HRV_ISR",0.203580280152243,1.08225642823885,20,NA,NA,NA
"control","HRV_ITA",0.016251301414022,0.555862581651031,9,NA,NA,NA
"control","HRV_JAM",0.209870849113161,1.04959507232324,19,NA,NA,NA
"control","HRV_JOR",0.418607974706742,1.31654235838432,20,NA,NA,NA
"control","HRV_JPN",0.251542845709879,0.717450962240992,26,NA,NA,NA
"control","HRV_KAZ",0.086169697388845,0.71341400160371,28,NA,NA,NA
"control","HRV_KEN",0.250303641071493,0.894246246576525,28,NA,NA,NA
"control","HRV_KGZ",0.26961847004329,0.788504370701017,26,NA,NA,NA
"control","HRV_KHM",-0.0312599363120727,1.63325803285586,21,NA,NA,NA
"control","HRV_KOR",-0.29878945436164,0.778551387202301,20,NA,NA,NA
"control","HRV_KWT",0.0989064257871693,1.01984485530285,28,NA,NA,NA
"control","HRV_LBN",-0.176874856475662,0.649498700852877,20,NA,NA,NA
"control","HRV_LBR",0.36430678298632,0.893006169666707,28,NA,NA,NA
"control","HRV_LBY",0.53469615922778,0.957859392061127,28,NA,NA,NA
"control","HRV_LVA",0.310449505662295,0.780933146120732,11,NA,NA,NA
"control","HRV_MAR",-0.292054705844846,1.63420505687323,20,NA,NA,NA
"control","HRV_MDG",0.317923246466366,0.452955648156837,15,NA,NA,NA
"control","HRV_MEX",-0.520533768953628,1.15818717193116,20,NA,NA,NA
"control","HRV_MLI",-0.197994289589284,0.960108428333531,24,NA,NA,NA
"control","HRV_MLT",0.283090553001031,0.716053263591442,11,NA,NA,NA
"control","HRV_MMR",-0.325888255692156,0.709933428861118,17,NA,NA,NA
"control","HRV_MUS",0.0897271917666366,0.575295433102952,19,NA,NA,NA
"control","HRV_MWI",0.0920605659746687,0.835333640428529,18,NA,NA,NA
"control","HRV_MYS",0.345833089947464,1.23857304949602,28,NA,NA,NA
"control","HRV_NER",0.114141503583842,0.858206414969781,22,NA,NA,NA
"control","HRV_NGA",0.0488281977988609,0.689268570268777,28,NA,NA,NA
"control","HRV_NLD",0.0683289575639748,1.52518066106551,9,NA,NA,NA
"control","HRV_NOR",-0.203358954649626,0.556269779157801,9,NA,NA,NA
"control","HRV_NZL",0.0407145698868122,0.58913240984651,28,NA,NA,NA
"control","HRV_OMN",0.238298565438261,0.77350744456279,28,NA,NA,NA
"control","HRV_PAK",-0.141683162954232,0.737608643899703,28,NA,NA,NA
"control","HRV_PAN",-0.395554142122949,1.03223447236652,20,NA,NA,NA
"control","HRV_PER",-0.0748364587690396,1.07994021012504,20,NA,NA,NA
"control","HRV_PHL",-0.141691191880791,1.38458811699249,28,NA,NA,NA
"control","HRV_POL",0.312246476796799,1.07007585393343,10,NA,NA,NA
"control","HRV_PRT",0.144288143675081,0.938222011791828,9,NA,NA,NA
"control","HRV_QAT",0.0224363161024288,1.34597057262809,28,NA,NA,NA
"control","HRV_ROU",-0.612460682235439,1.27368030115004,10,NA,NA,NA
"control","HRV_RUS",0.400433891321154,0.74377702580324,28,NA,NA,NA
"control","HRV_RWA",-0.134290294620955,1.02689338539381,21,NA,NA,NA
"control","HRV_SAU",-0.0210632013386001,1.63240767037631,28,NA,NA,NA
"control","HRV_SDN",-0.0337148956596106,0.881011259714984,27,NA,NA,NA
"control","HRV_SEN",0.158852727769717,0.815530182618557,25,NA,NA,NA
"control","HRV_SGP",0.310806171277446,0.88383596754928,26,NA,NA,NA
"control","HRV_SLE",0.0475489523550032,0.96685825032664,24,NA,NA,NA
"control","HRV_SLV",-0.128664133070382,0.730908508221708,16,NA,NA,NA
"control","HRV_SWE",0.558719106859334,1.14643344161978,9,NA,NA,NA
"control","HRV_SYR",-0.0130524279446632,0.818170692628393,20,NA,NA,NA
"control","HRV_THA",0.187107848510681,0.792078477508015,28,NA,NA,NA
"control","HRV_TJK",-0.119134470523836,1.57545565242158,21,NA,NA,NA
"control","HRV_TKM",-0.0699258698903178,0.766066204424136,28,NA,NA,NA
"control","HRV_TTO",-0.127729764906301,1.48614716940293,15,NA,NA,NA
"control","HRV_TUN",0.229194725264366,1.79039400899393,20,NA,NA,NA
"control","HRV_TUR",0.0971436458647532,1.22785116115886,10,NA,NA,NA
"control","HRV_TWN",-0.28699904061226,1.11779117026605,28,NA,NA,NA
"control","HRV_UGA",0.0428166203322158,0.711918698316879,26,NA,NA,NA
"control","HRV_UKR",-0.0238424959878224,0.512191451624682,21,NA,NA,NA
"control","HRV_URY",-0.153077421630345,1.17368548423481,28,NA,NA,NA
"control","HRV_USA",0.266815395757579,1.29727491940123,28,NA,NA,NA
"control","HRV_VCT",-0.116923024457536,1.28786078435784,20,NA,NA,NA
"control","HRV_VEN",-0.0427029164834676,1.28711406426461,28,NA,NA,NA
"control","HRV_YEM",-0.0458225286880255,0.565651176088475,23,NA,NA,NA
"control","HRV_ZMB",0.142371220647757,0.995290670122186,23,NA,NA,NA
"control","HRV_ZWE",-0.0105149514013644,0.84549296321493,16,NA,NA,NA
"control","HTI_DZA",-0.0799820357870969,1.21092516491949,24,NA,NA,NA
"control","HTI_HND",0.0126594414985882,0.774905427590163,24,NA,NA,NA
"control","HTI_HUN",0.172896652650473,1.17473011795064,17,NA,NA,NA
"control","HTI_LCA",-0.065166132505932,0.389721585907249,8,NA,NA,NA
"control","HTI_MMR",0.222599154734613,0.605779405822497,8,NA,NA,NA
"control","HTI_MYS",-0.427147602966925,2.48557069628112,12,NA,NA,NA
"control","HTI_PER",0.160860414775456,1.45009489660155,25,NA,NA,NA
"control","HTI_SAU",0.0520501765846642,1.00112567381259,19,NA,NA,NA
"control","HTI_TUR",-0.0315053967817205,0.943198217147499,23,NA,NA,NA
"control","HUN_AFG",0.0383436661913259,0.552380146470524,25,NA,NA,NA
"control","HUN_AGO",-0.457017802493937,1.03758401695081,25,NA,NA,NA
"control","HUN_ATG",0.0536908458132902,1.29481705648342,14,NA,NA,NA
"control","HUN_BDI",-0.149136075984319,0.737913608820202,27,NA,NA,NA
"control","HUN_BEN",0.207840414058366,0.756780742571912,28,NA,NA,NA
"control","HUN_BHR",0.102090284180729,0.797958663596907,28,NA,NA,NA
"control","HUN_BLR",-0.257634083781268,0.976255661998457,28,NA,NA,NA
"control","HUN_BMU",-0.0740764004213583,1.13236455784028,11,NA,NA,NA
"control","HUN_BRN",0.185423929817146,1.00641365871468,27,NA,NA,NA
"control","HUN_CAF",0.247592158310098,2.1872466575599,25,NA,NA,NA
"control","HUN_CIV",0.150218338597312,1.30361466825221,23,NA,NA,NA
"control","HUN_COD",0.447859937569413,0.917992927739483,25,NA,NA,NA
"control","HUN_COG",0.297405505093994,0.706309027794968,28,NA,NA,NA
"control","HUN_COM",0.293596065051454,0.423983904950514,12,NA,NA,NA
"control","HUN_CPV",-0.106320713986642,1.27191468398261,27,NA,NA,NA
"control","HUN_DJI",0.264911563275485,1.30703676475346,24,NA,NA,NA
"control","HUN_DOM",0.202281281204491,1.0331820854412,15,NA,NA,NA
"control","HUN_EST",-0.170418316237574,0.8255476905636,8,NA,NA,NA
"control","HUN_FJI",0.106760426954745,1.76047639160113,14,NA,NA,NA
"control","HUN_GAB",-0.170608340562256,0.65870747538057,28,NA,NA,NA
"control","HUN_GHA",0.0461320537687048,0.863945856141906,23,NA,NA,NA
"control","HUN_GIB",0.166624915405317,0.991003391038111,28,NA,NA,NA
"control","HUN_GIN",-0.083677714784508,0.858879180192993,28,NA,NA,NA
"control","HUN_GMB",0.0262686127353568,1.07049021308304,24,NA,NA,NA
"control","HUN_GNB",-0.12837181113387,1.16506913004617,19,NA,NA,NA
"control","HUN_GNQ",-0.0572189912446633,0.849309109779481,24,NA,NA,NA
"control","HUN_HRV",-0.271622561913646,0.949919541199534,10,NA,NA,NA
"control","HUN_HTI",-0.0749190139502068,0.710486917544508,28,NA,NA,NA
"control","HUN_KAZ",-0.0919620810452959,0.779431271625484,28,NA,NA,NA
"control","HUN_KEN",-0.131422021195362,0.701170713426482,28,NA,NA,NA
"control","HUN_KHM",-0.211664648201636,1.14129654782469,28,NA,NA,NA
"control","HUN_LAO",-0.131826821105471,1.63350562301933,20,NA,NA,NA
"control","HUN_LBR",-0.0667007423733685,1.10434990115702,26,NA,NA,NA
"control","HUN_LCA",0.239433549786708,0.704433644246086,15,NA,NA,NA
"control","HUN_MDA",-0.0748277825955292,0.52498119433777,21,NA,NA,NA
"control","HUN_MDV",-0.069095069111573,0.84973557654078,27,NA,NA,NA
"control","HUN_MLI",0.259859632774131,0.629636342007908,28,NA,NA,NA
"control","HUN_MMR",0.0160055597115343,1.13486617920451,28,NA,NA,NA
"control","HUN_MOZ",-0.228857077891772,0.790326467919998,23,NA,NA,NA
"control","HUN_MRT",-0.0600921711430804,1.53425091729203,28,NA,NA,NA
"control","HUN_NER",-0.0546115313105908,1.03823677182819,28,NA,NA,NA
"control","HUN_NIC",0.370583258255366,1.04203574883924,20,NA,NA,NA
"control","HUN_PAN",0.0307544435755345,0.729681121287854,20,NA,NA,NA
"control","HUN_PHL",0.17150535106841,0.888050697717767,28,NA,NA,NA
"control","HUN_PNG",0.044623607916521,1.53282327130895,10,NA,NA,NA
"control","HUN_QAT",-0.0558062543653284,0.839561508799338,28,NA,NA,NA
"control","HUN_RUS",-0.0853731441633519,0.939466774635547,28,NA,NA,NA
"control","HUN_RWA",0.106037850660707,1.13640655986365,27,NA,NA,NA
"control","HUN_SDN",0.00669554515786995,1.12030559597627,28,NA,NA,NA
"control","HUN_SLB",0.169117972741192,0.622955193560734,13,NA,NA,NA
"control","HUN_SLE",0.0305031411998644,1.44300499716322,28,NA,NA,NA
"control","HUN_SOM",0.034953221244176,1.7545719937375,24,NA,NA,NA
"control","HUN_SUR",0.229163988324423,0.91509868789746,14,NA,NA,NA
"control","HUN_SYC",0.0660504420208144,0.968997409334337,17,NA,NA,NA
"control","HUN_TGO",-0.158256716099746,0.723576383091126,27,NA,NA,NA
"control","HUN_TON",-0.230892865045492,1.06751681194833,14,NA,NA,NA
"control","HUN_TZA",-0.0288235127345779,0.857370804324927,28,NA,NA,NA
"control","HUN_UGA",0.351926103852491,1.24843363144218,28,NA,NA,NA
"control","HUN_UKR",-0.27696367555575,0.427937351700452,21,NA,NA,NA
"control","HUN_UZB",-0.129106007187029,0.860906971480261,28,NA,NA,NA
"control","HUN_VNM",-0.0330949442706203,0.938423392415032,28,NA,NA,NA
"control","HUN_WSM",0.394520885365563,1.16184730792224,13,NA,NA,NA
"control","HUN_ZWE",-0.166709945073796,1.33463758317628,19,NA,NA,NA
"control","IDN_BFA",-0.0254446421166153,0.966821311762834,28,NA,NA,NA
"control","IDN_BLZ",0.0285995332017079,1.18165355492261,28,NA,NA,NA
"control","IDN_HRV",0.410687985280964,1.95806648172362,28,NA,NA,NA
"control","IDN_LCA",-0.203591703628743,1.1533989174819,28,NA,NA,NA
"control","IDN_RUS",0.0328210818043127,1.29513588396722,28,NA,NA,NA
"control","IDN_SLV",-0.0219514587952273,1.50649074351643,28,NA,NA,NA
"control","IDN_SVN",-0.134469332492085,0.85126485007298,28,NA,NA,NA
"control","IND_ATF",0.356419917185775,1.66695009408345,16,NA,NA,NA
"control","IND_CXR",0.0941752842092257,0.966713797645014,23,NA,NA,NA
"control","IND_EST",0.107332018148834,1.25289532526292,28,NA,NA,NA
"control","IND_FLK",0.127225540566838,1.13772074137779,22,NA,NA,NA
"control","IND_HRV",0.349648575699577,1.37372509192641,28,NA,NA,NA
"control","IND_LSO",0.223968681837071,1.27869359889732,23,NA,NA,NA
"control","IND_LTU",-0.137959632104255,1.35257310297953,28,NA,NA,NA
"control","IND_LVA",-0.189681324772772,0.754904607645462,28,NA,NA,NA
"control","IND_RUS",0.260039090139943,1.15698787453272,28,NA,NA,NA
"control","IND_STP",0.08445731614264,1.18073984398495,28,NA,NA,NA
"control","IND_SVN",-0.116900313625893,0.614819699047307,28,NA,NA,NA
"control","IND_WLF",-0.274579490886323,1.01826011582874,26,NA,NA,NA
"control","IND_ZAF",0.183451433709097,1.42233901281473,28,NA,NA,NA
"control","IOT_CYP",0.339581955231409,1.33639945465279,11,NA,NA,NA
"control","IRL_AFG",-0.200785673511061,1.37865461110316,28,NA,NA,NA
"control","IRL_AGO",0.0852495280050336,0.950573088876514,28,NA,NA,NA
"control","IRL_ALB",0.136754666002177,1.26750489651741,13,NA,NA,NA
"control","IRL_BDI",0.244300846400786,0.714933913673435,28,NA,NA,NA
"control","IRL_BEN",-0.222361138350183,1.26944473985866,28,NA,NA,NA
"control","IRL_BFA",-0.086059039368542,1.48218738456545,28,NA,NA,NA
"control","IRL_BIH",-0.134711161508932,0.991706599713424,15,NA,NA,NA
"control","IRL_BLR",-0.0749886133885961,1.41204022714963,28,NA,NA,NA
"control","IRL_BLZ",0.174668754919979,0.695606302406805,15,NA,NA,NA
"control","IRL_BOL",-0.047888642558591,0.773686728691137,28,NA,NA,NA
"control","IRL_BRN",-0.117487219805436,0.944592929829195,28,NA,NA,NA
"control","IRL_BTN",-0.189704320141604,1.16344427973634,20,NA,NA,NA
"control","IRL_CAF",-0.0394598336956663,1.38865556834344,28,NA,NA,NA
"control","IRL_CCK",-0.0401689731196084,0.81338453592258,10,NA,NA,NA
"control","IRL_COD",0.0581298797996951,1.17559415889891,28,NA,NA,NA
"control","IRL_COK",0.0347609937016133,2.22588167285134,16,NA,NA,NA
"control","IRL_COM",-0.11654785515085,1.25729742884992,28,NA,NA,NA
"control","IRL_CPV",0.0153251558709548,0.708123895225229,28,NA,NA,NA
"control","IRL_CUB",0.282325405683561,0.914224734776304,28,NA,NA,NA
"control","IRL_DJI",0.101700076831025,1.23780674029699,28,NA,NA,NA
"control","IRL_DMA",-0.541480716555056,0.869317481668824,15,NA,NA,NA
"control","IRL_DOM",-0.0178243370726274,1.52207070512614,15,NA,NA,NA
"control","IRL_GIB",-0.0365484003487737,0.905668224458452,28,NA,NA,NA
"control","IRL_GIN",-0.00519546979884582,1.16882187197594,28,NA,NA,NA
"control","IRL_GRD",0.263294183248459,0.59694972508937,15,NA,NA,NA
"control","IRL_HRV",-0.231440349363048,0.920061063972535,9,NA,NA,NA
"control","IRL_HTI",0.330223375481634,0.544034634377357,28,NA,NA,NA
"control","IRL_JOR",-0.528361292800921,1.02713964726247,9,NA,NA,NA
"control","IRL_KHM",-0.132103811553441,0.674855109786947,28,NA,NA,NA
"control","IRL_KNA",-0.395635455255734,1.20345357542696,15,NA,NA,NA
"control","IRL_LAO",0.106010028474758,0.744435416235692,28,NA,NA,NA
"control","IRL_LBR",0.0693750089953265,0.91265614581011,28,NA,NA,NA
"control","IRL_MDA",-0.0296602802577819,0.602967097738764,21,NA,NA,NA
"control","IRL_MDV",-0.20612946562619,1.04791453139398,28,NA,NA,NA
"control","IRL_MLI",-0.330475371008847,1.20433786127216,28,NA,NA,NA
"control","IRL_MMR",0.285681210178947,1.03493159495254,28,NA,NA,NA
"control","IRL_MNG",0.0347535334659165,0.510535728873994,26,NA,NA,NA
"control","IRL_MOZ",0.0485524315592807,1.47060809459235,23,NA,NA,NA
"control","IRL_MRT",-0.104694299478984,0.76676871947079,28,NA,NA,NA
"control","IRL_NER",0.37507582737715,0.572571975696043,28,NA,NA,NA
"control","IRL_NIC",-0.0218688056991604,1.15309671411562,20,NA,NA,NA
"control","IRL_NPL",-0.123031036478567,0.788716588671593,28,NA,NA,NA
"control","IRL_NRU",0.355640026669987,0.901842053100484,21,NA,NA,NA
"control","IRL_PRK",-0.00834047145058481,0.715967171710466,15,NA,NA,NA
"control","IRL_QAT",-0.0495291193572551,0.741004451073525,28,NA,NA,NA
"control","IRL_RUS",0.106397817007642,1.29495186129566,28,NA,NA,NA
"control","IRL_RWA",-0.0951335910302375,0.688264181884312,28,NA,NA,NA
"control","IRL_SDN",-0.0855045288421456,0.904070195547197,28,NA,NA,NA
"control","IRL_SLB",0.129131462915353,1.46344535007011,24,NA,NA,NA
"control","IRL_SLV",-0.214141746142228,0.70393420817539,20,NA,NA,NA
"control","IRL_SOM",-0.114868398233659,0.969606863806743,28,NA,NA,NA
"control","IRL_SUR",-0.102188732581038,1.22357054820745,15,NA,NA,NA
"control","IRL_TCD",0.0333404203771647,1.62347618631516,28,NA,NA,NA
"control","IRL_TGO",-0.155064334316308,0.832809134787763,28,NA,NA,NA
"control","IRL_TON",-0.165499973358055,0.830390579189055,22,NA,NA,NA
"control","IRL_TZA",-0.293135152726004,0.936525867689306,28,NA,NA,NA
"control","IRL_UKR",0.0442630390155908,0.857225875712318,21,NA,NA,NA
"control","IRL_VCT",-0.259737431207223,0.582805978696647,15,NA,NA,NA
"control","IRL_VGB",-0.128683448272409,0.757229822808567,13,NA,NA,NA
"control","IRL_VNM",-0.09127397326298,1.26019046890035,28,NA,NA,NA
"control","IRL_VUT",0.155003107886643,0.91465059993792,18,NA,NA,NA
"control","IRL_WSM",0.279687375968539,1.03500929044985,27,NA,NA,NA
"control","IRL_ZMB",0.133759312154764,0.888990683633089,28,NA,NA,NA
"control","IRL_ZWE",-0.505506171495667,0.841607007531887,19,NA,NA,NA
"control","IRN_BGR",-0.237230699259516,1.44248312539352,25,NA,NA,NA
"control","IRN_BRN",0.108277105351778,0.717418037834541,26,NA,NA,NA
"control","IRN_HRV",-0.456829065044359,0.737657175065668,28,NA,NA,NA
"control","IRN_KEN",-0.0548709839205736,0.544317128660386,24,NA,NA,NA
"control","IRN_LCA",0.515614211853413,0.762848960990915,17,NA,NA,NA
"control","IRN_PAN",-0.294313379504717,0.581391896279363,22,NA,NA,NA
"control","IRN_POL",0.134889676230171,0.653847899039138,28,NA,NA,NA
"control","IRN_SVN",0.163422867559993,0.886240386575686,28,NA,NA,NA
"control","IRN_ZAF",-0.37041367341524,1.20195557676251,27,NA,NA,NA
"control","IRQ_HRV",0.12591707186789,0.869910680286461,27,NA,NA,NA
"control","IRQ_IRL",-0.0301850528310066,0.828827452744603,24,NA,NA,NA
"control","ISL_BRN",-0.128361693739433,1.75933378092649,21,NA,NA,NA
"control","ISL_GUY",-0.24605030776461,0.615357756485378,22,NA,NA,NA
"control","ISL_HRV",0.774895375725893,0.330838906727075,9,NA,NA,NA
"control","ISL_LCA",0.160852546300201,1.42389418176297,15,NA,NA,NA
"control","ISL_MAC",-0.0673348326374802,0.927244962423505,25,NA,NA,NA
"control","ISL_MMR",0.00767923472359923,0.52112896320738,13,NA,NA,NA
"control","ISL_RUS",-0.102546144002871,0.852376208713364,28,NA,NA,NA
"control","ISL_TTO",0.13274568742698,0.943428205160592,24,NA,NA,NA
"control","ISL_UKR",0.147398611370156,0.813580135007504,16,NA,NA,NA
"control","ISL_VEN",0.00901752034065598,0.907369168817621,26,NA,NA,NA
"control","ISL_YEM",0.0091672642695958,0.751943449611021,16,NA,NA,NA
"control","ISL_ZAF",-0.20448703484663,0.437436231216965,14,NA,NA,NA
"control","ISL_ZWE",0.00618570284428444,1.01251071552406,23,NA,NA,NA
"control","ISR_BLZ",-0.021188834216454,0.865537744557767,28,NA,NA,NA
"control","ISR_BRN",0.0324426714247509,0.758974701571141,26,NA,NA,NA
"control","ISR_CHN",0.0103965903018617,0.620407312849987,28,NA,NA,NA
"control","ISR_HRV",0.171390457710963,1.3833477150229,20,NA,NA,NA
"control","ISR_LCA",-0.145120424686979,1.20265715120991,28,NA,NA,NA
"control","ISR_LTU",-0.223085540992299,1.83244718826143,10,NA,NA,NA
"control","ISR_MLT",-0.477240474167349,1.28052779684759,11,NA,NA,NA
"control","ISR_MMR",-0.0645490228152054,0.733333928941271,26,NA,NA,NA
"control","ISR_SYC",0.246335398780179,0.70929235835069,27,NA,NA,NA
"control","ITA_BIH",0.471870146382051,0.972867901774717,15,NA,NA,NA
"control","ITA_BLR",-0.0106053552005805,0.659545334907269,28,NA,NA,NA
"control","ITA_FSM",0.0538956317362308,0.882896708214014,27,NA,NA,NA
"control","ITA_GNQ",-0.237045024439004,0.650945410928831,27,NA,NA,NA
"control","ITA_HRV",-0.689324347255007,0.467886831189922,9,NA,NA,NA
"control","ITA_MDA",-0.081856003931557,1.06057367244976,21,NA,NA,NA
"control","ITA_MHL",0.146119899853621,0.762285613131229,27,NA,NA,NA
"control","ITA_RUS",0.185192641830247,1.31916464800759,28,NA,NA,NA
"control","ITA_TJK",0.196148178830351,1.27487807598309,28,NA,NA,NA
"control","ITA_TKM",0.0720303990761644,0.947877222903776,28,NA,NA,NA
"control","ITA_UKR",-0.100499252121218,0.811398978905879,21,NA,NA,NA
"control","ITA_WSM",0.066249852318345,1.16149507501042,27,NA,NA,NA
"control","JAM_BOL",-0.121263602532017,0.877792142042561,27,NA,NA,NA
"control","JAM_BRN",0.294215358321943,0.769928305309835,16,NA,NA,NA
"control","JAM_FJI",-0.044317796024275,1.72680716672405,19,NA,NA,NA
"control","JAM_HRV",-0.195230671248568,0.776448620033729,20,NA,NA,NA
"control","JAM_HUN",0.0571139628008029,1.13263871606364,14,NA,NA,NA
"control","JAM_KEN",-0.0319413953464405,0.645700570358778,24,NA,NA,NA
"control","JAM_MMR",0.310577168818802,1.64900186327238,10,NA,NA,NA
"control","JAM_PER",0.226494746409529,1.08390442951845,28,NA,NA,NA
"control","JAM_POL",-0.247062556218752,0.829849350382812,13,NA,NA,NA
"control","JAM_ROU",0.181628523668403,0.501974377817256,14,NA,NA,NA
"control","JAM_RUS",0.313402981170538,0.689805308885896,26,NA,NA,NA
"control","JAM_SVN",0.140458834659901,0.51131907745948,15,NA,NA,NA
"control","JAM_TGO",0.362271613770975,1.37787460564716,17,NA,NA,NA
"control","JAM_ZAF",-0.206221597777425,0.562090925961785,24,NA,NA,NA
"control","JOR_ARG",0.0326278905661365,1.33457285162504,26,NA,NA,NA
"control","JOR_BRN",0.0235750773099259,0.910397085094944,26,NA,NA,NA
"control","JOR_DZA",0.255490596215806,0.696794419224312,16,NA,NA,NA
"control","JOR_GUY",0.11305839241811,1.53425509384249,24,NA,NA,NA
"control","JOR_IRL",0.227196608908833,0.953954110262939,9,NA,NA,NA
"control","JOR_LCA",0.0561482839631754,0.748474270904812,18,NA,NA,NA
"control","JOR_MMR",-0.164641493094329,1.79229661923443,16,NA,NA,NA
"control","JOR_PER",0.36776650671145,0.875491077444807,25,NA,NA,NA
"control","JOR_SVN",-0.300945814784994,0.75634464858607,10,NA,NA,NA
"control","JPN_ARM",0.0776997406596626,1.15183821475716,28,NA,NA,NA
"control","JPN_AZE",-0.152780603648354,1.22625726408095,28,NA,NA,NA
"control","JPN_BLR",0.108600818556849,0.766911053871257,28,NA,NA,NA
"control","JPN_EST",0.197360277775649,0.933426755453565,26,NA,NA,NA
"control","JPN_FSM",0.339950701330634,1.03946875694159,28,NA,NA,NA
"control","JPN_GEO",0.0360117034336428,1.63375143705476,28,NA,NA,NA
"control","JPN_HRV",-0.114294152829427,1.10646455345993,26,NA,NA,NA
"control","JPN_KAZ",-0.0780730353761526,1.12156501360296,28,NA,NA,NA
"control","JPN_KGZ",-0.119124929086969,0.630618608306929,28,NA,NA,NA
"control","JPN_LTU",0.0207323340511827,1.22958438207647,26,NA,NA,NA
"control","JPN_LVA",-0.117457686341703,1.25888331745665,26,NA,NA,NA
"control","JPN_MDA",0.189346450092474,0.660681647946288,28,NA,NA,NA
"control","JPN_MHL",0.0132298313954814,0.700540613917837,28,NA,NA,NA
"control","JPN_MNP",0.0541667276924067,1.37264428740799,28,NA,NA,NA
"control","JPN_RUS",-0.48066186201506,0.584696852212955,28,NA,NA,NA
"control","JPN_SVN",-0.0232007012705106,0.885937797656399,26,NA,NA,NA
"control","JPN_TJK",0.068850879604767,0.661783925616789,28,NA,NA,NA
"control","JPN_TKM",-0.27456718175757,1.25573957729381,28,NA,NA,NA
"control","JPN_UKR",-0.261885631679252,0.626576254044018,28,NA,NA,NA
"control","JPN_UZB",0.316507966157068,1.01854493204422,28,NA,NA,NA
"control","KAZ_AUT",0.428656464144004,0.564431618240797,28,NA,NA,NA
"control","KAZ_CHE",-0.0191925473177558,1.26357360086677,28,NA,NA,NA
"control","KAZ_CHN",-0.15799235259377,1.18632588146165,28,NA,NA,NA
"control","KAZ_DEU",0.198659861051677,1.39543026850392,28,NA,NA,NA
"control","KAZ_DNK",-0.350764870298498,0.699450557767932,28,NA,NA,NA
"control","KAZ_EGY",-0.1123918473509,1.21000205289896,28,NA,NA,NA
"control","KAZ_ESP",0.432552990990838,0.851502751408249,28,NA,NA,NA
"control","KAZ_FIN",0.169076630836123,0.742921784650467,28,NA,NA,NA
"control","KAZ_FRA",0.135882465981201,1.90202348594202,28,NA,NA,NA
"control","KAZ_HRV",-0.0399472900594924,0.648010471605403,28,NA,NA,NA
"control","KAZ_ITA",-0.040219113082589,1.51622175499392,28,NA,NA,NA
"control","KAZ_JPN",-0.032430965094581,1.31800258199162,28,NA,NA,NA
"control","KAZ_KOR",-0.0582558824641278,0.889352940090728,28,NA,NA,NA
"control","KAZ_LTU",0.0614108034954939,1.34231480776745,27,NA,NA,NA
"control","KAZ_NLD",-0.17107097443858,1.03311086959043,28,NA,NA,NA
"control","KAZ_POL",-0.281505227413808,0.874329288429426,28,NA,NA,NA
"control","KAZ_PRT",0.261428381688435,1.52622147033089,28,NA,NA,NA
"control","KAZ_ROU",-0.0435141118525426,1.28956596424097,28,NA,NA,NA
"control","KAZ_SAU",-0.0281534442483962,1.4997398444503,27,NA,NA,NA
"control","KAZ_SVN",-0.0825860867147222,0.964819246025436,28,NA,NA,NA
"control","KAZ_SWE",0.0416456151818513,0.770101882186222,28,NA,NA,NA
"control","KAZ_TWN",0.0487623554825414,1.11696439436188,26,NA,NA,NA
"control","KAZ_USA",0.0619186905922253,1.26806029672522,28,NA,NA,NA
"control","KEN_BEN",0.148223562304891,0.595126914279387,26,NA,NA,NA
"control","KEN_BFA",-0.148856004779606,1.28045878481873,27,NA,NA,NA
"control","KEN_BGR",0.242053164385692,1.65279903457349,25,NA,NA,NA
"control","KEN_BOL",-0.181964781616938,1.82202270311709,25,NA,NA,NA
"control","KEN_CAF",0.451303013738263,0.575506259633041,23,NA,NA,NA
"control","KEN_CIV",0.0179265689573093,0.840550286082392,26,NA,NA,NA
"control","KEN_DZA",-0.268161075221166,0.901149518406134,26,NA,NA,NA
"control","KEN_GHA",0.0978734444590419,0.918616206545058,25,NA,NA,NA
"control","KEN_GIN",0.0693903690370618,1.27861071881199,24,NA,NA,NA
"control","KEN_GMB",0.048243118689197,1.12351740111079,26,NA,NA,NA
"control","KEN_HRV",-0.100722750910487,0.508046015301319,28,NA,NA,NA
"control","KEN_LBY",-0.0354196231368022,1.19729291852092,10,NA,NA,NA
"control","KEN_MLI",-0.0185041309585885,0.666522614453868,25,NA,NA,NA
"control","KEN_MMR",0.469604646744721,0.508683167733743,13,NA,NA,NA
"control","KEN_MRT",-0.0418991875625604,1.42363975804909,26,NA,NA,NA
"control","KEN_SVN",-0.244106093655504,1.1213777804985,28,NA,NA,NA
"control","KEN_SYR",0.0919700024617575,1.35223744982982,22,NA,NA,NA
"control","KEN_TGO",-0.137816872307368,1.19107014256366,27,NA,NA,NA
"control","KGZ_AUS",0.170833028162621,1.1751008321166,28,NA,NA,NA
"control","KGZ_CHE",-0.107538538536196,1.05593515797571,28,NA,NA,NA
"control","KGZ_CHN",-0.136247881599826,0.993271756266866,28,NA,NA,NA
"control","KGZ_DEU",-0.0716328561981032,1.12046606348767,28,NA,NA,NA
"control","KGZ_DNK",0.406338397771433,0.935871913604737,21,NA,NA,NA
"control","KGZ_ESP",-0.216673440047039,1.02065168439611,28,NA,NA,NA
"control","KGZ_FIN",0.163595483752387,1.06441118541343,28,NA,NA,NA
"control","KGZ_FRA",0.0393472162073822,1.32988507034126,28,NA,NA,NA
"control","KGZ_GRC",0.341511335506235,0.914237434731624,24,NA,NA,NA
"control","KGZ_HRV",0.214436941582521,1.34327429208237,23,NA,NA,NA
"control","KGZ_ITA",-0.0324620839453709,0.875678397014433,28,NA,NA,NA
"control","KGZ_JPN",0.0326703201668708,0.957834085846843,28,NA,NA,NA
"control","KGZ_KOR",-0.312279689935524,1.00731975292881,28,NA,NA,NA
"control","KGZ_LTU",-0.186401308008537,0.777658220931623,27,NA,NA,NA
"control","KGZ_NLD",-0.15340895102061,1.14312661873315,28,NA,NA,NA
"control","KGZ_POL",0.199659718591836,0.94421091455861,27,NA,NA,NA
"control","KGZ_ROU",-0.0221592186862063,0.991337743103732,28,NA,NA,NA
"control","KGZ_SAU",-0.164693500570011,0.30028633832177,24,NA,NA,NA
"control","KGZ_SWE",0.105276507432833,1.28876687673629,26,NA,NA,NA
"control","KGZ_USA",0.00293006597579554,1.22322780925856,28,NA,NA,NA
"control","KHM_DZA",0.143991511866862,1.21182310886556,28,NA,NA,NA
"control","KHM_FIN",-0.131813319440371,1.14367176411552,28,NA,NA,NA
"control","KHM_HRV",-0.0330320404189503,1.08594174161603,26,NA,NA,NA
"control","KHM_HUN",-0.0324681238544408,0.954788036525456,28,NA,NA,NA
"control","KHM_IRL",0.0766693745266521,1.12907058442282,28,NA,NA,NA
"control","KHM_PER",-0.285213937554669,0.995221626628664,23,NA,NA,NA
"control","KHM_SWE",0.064529038713772,1.27239287797496,28,NA,NA,NA
"control","KHM_TUR",-0.205654387182063,1.22696878862468,24,NA,NA,NA
"control","KHM_TWN",0.113013436652248,1.09082163705959,28,NA,NA,NA
"control","KHM_USA",0.32885687165529,1.41349797668922,28,NA,NA,NA
"control","KIR_BGD",0.31178104685808,0.704894631572033,8,NA,NA,NA
"control","KNA_COL",-0.535826894475402,1.34683620452561,18,NA,NA,NA
"control","KNA_FRA",0.407156353803261,1.10117310412539,15,NA,NA,NA
"control","KNA_GBR",0.179458497394413,1.31695371769122,15,NA,NA,NA
"control","KOR_ABW",-0.126553447112953,1.66358224727336,26,NA,NA,NA
"control","KOR_FSM",-0.106513548541047,0.584488942033198,28,NA,NA,NA
"control","KOR_GEO",0.0158698761262228,0.809150280466411,27,NA,NA,NA
"control","KOR_HRV",-0.155289479830748,0.940882405511189,20,NA,NA,NA
"control","KOR_KAZ",-0.00206007344444009,1.27834016914113,28,NA,NA,NA
"control","KOR_KGZ",-0.192169422179705,1.79334959804996,28,NA,NA,NA
"control","KOR_MHL",-0.0580439112103224,1.56870342476109,28,NA,NA,NA
"control","KOR_MNP",0.0299921653226901,1.36892594275578,28,NA,NA,NA
"control","KOR_RUS",-0.128577677961633,0.966263130388925,28,NA,NA,NA
"control","KOR_SVN",0.461553859029015,1.58648099133393,18,NA,NA,NA
"control","KOR_TKM",-0.0171072335613945,0.914828335731587,28,NA,NA,NA
"control","KOR_UKR",-0.0263912127425178,0.931868087831671,28,NA,NA,NA
"control","KOR_UZB",-0.153546439906108,1.16124104486236,28,NA,NA,NA
"control","KOR_ZAF",0.0099430115780144,0.86133343354175,28,NA,NA,NA
"control","KWT_BOL",-0.374626594335285,1.31048504882121,13,NA,NA,NA
"control","KWT_CHN",0.249870937093538,1.1816148442159,28,NA,NA,NA
"control","KWT_DZA",-0.0615303079201161,1.02634290355686,15,NA,NA,NA
"control","KWT_HUN",-0.278353571488128,0.688985884305076,27,NA,NA,NA
"control","KWT_IRL",0.0569840196538369,1.33762900323661,28,NA,NA,NA
"control","KWT_IRN",-0.0460017494888342,0.887009161267031,27,NA,NA,NA
"control","KWT_KEN",-0.0823837077751775,1.18235170148163,25,NA,NA,NA
"control","KWT_MDG",-0.104965222748021,1.14433940948263,21,NA,NA,NA
"control","KWT_MOZ",0.142479412869783,0.873591539811138,21,NA,NA,NA
"control","KWT_SWE",0.19883276477517,1.21865357752182,28,NA,NA,NA
"control","KWT_ZAF",-0.189411169803606,0.570566087455814,24,NA,NA,NA
"control","LAO_CYP",0.0200093481269158,0.957469608894719,20,NA,NA,NA
"control","LAO_DZA",0.13769626685856,1.1996338619425,23,NA,NA,NA
"control","LAO_IRL",-0.0562571456631107,1.33217957111612,28,NA,NA,NA
"control","LAO_ISL",0.197001544574513,1.61185495301606,28,NA,NA,NA
"control","LAO_NZL",0.0133400240687014,0.794943567746781,18,NA,NA,NA
"control","LAO_POL",-0.0304335126897774,0.975485284579487,24,NA,NA,NA
"control","LAO_QAT",0.372878504810928,2.1328205939896,11,NA,NA,NA
"control","LAO_SAU",0.0584327939440782,1.55079353758727,24,NA,NA,NA
"control","LAO_SWE",0.360509431271128,1.20124466142614,28,NA,NA,NA
"control","LBN_BEN",0.219439232089923,0.905406863445933,27,NA,NA,NA
"control","LBN_BGR",0.221615581626697,0.950898976077818,11,NA,NA,NA
"control","LBN_BOL",0.591285381523758,0.651128704185122,19,NA,NA,NA
"control","LBN_BRN",-0.232145015045666,1.25568238154772,23,NA,NA,NA
"control","LBN_CHN",0.0374668862564625,0.868990363516268,28,NA,NA,NA
"control","LBN_DZA",0.0592881638469919,1.1276596499571,16,NA,NA,NA
"control","LBN_HRV",0.125701232258762,0.946847160675656,20,NA,NA,NA
"control","LBN_JAM",0.13504003832167,0.70506748336767,24,NA,NA,NA
"control","LBN_KEN",0.23540770436591,0.52434893485487,24,NA,NA,NA
"control","LBN_PAN",0.0833466085315181,1.52890966706952,26,NA,NA,NA
"control","LBN_ZAF",-0.258618452713447,1.0956073597821,27,NA,NA,NA
"control","LBR_CHN",0.107890874579594,0.88160448653383,26,NA,NA,NA
"control","LBR_ECU",0.36764751346097,1.26569938686032,20,NA,NA,NA
"control","LBR_HRV",-0.0220701696510154,0.700529271990578,22,NA,NA,NA
"control","LBR_HUN",-0.442373875819627,1.16641831570906,18,NA,NA,NA
"control","LBR_JAM",0.154618265382155,0.363078810033575,12,NA,NA,NA
"control","LBR_KEN",0.277063855159771,1.30577320239526,16,NA,NA,NA
"control","LBR_MMR",-0.129828310064705,1.83119683792302,12,NA,NA,NA
"control","LBR_MUS",0.287161912454128,0.685448081609358,15,NA,NA,NA
"control","LBR_PER",0.576739836039284,0.948527246295062,14,NA,NA,NA
"control","LBY_CHN",-0.340652859221611,1.30127133757132,28,NA,NA,NA
"control","LBY_HRV",-0.0699833929772293,0.911196844515672,28,NA,NA,NA
"control","LBY_SWE",-0.133570734587491,1.12265743675971,28,NA,NA,NA
"control","LCA_ANT",-0.0327923806676125,0.526264322041392,16,NA,NA,NA
"control","LCA_BGD",-0.108445762518742,0.490780622847735,13,NA,NA,NA
"control","LCA_BMU",-0.266831383489144,0.889733717653714,24,NA,NA,NA
"control","LCA_BRA",-0.0109521686166001,0.889356310532612,26,NA,NA,NA
"control","LCA_CHN",-0.193527912875824,1.34844426156615,25,NA,NA,NA
"control","LCA_COL",0.0796479145418574,1.07425187731151,27,NA,NA,NA
"control","LCA_CYM",-0.119356819976685,1.45634747326502,17,NA,NA,NA
"control","LCA_DOM",-0.198587769354522,0.692097470713806,24,NA,NA,NA
"control","LCA_ESP",-0.140636425039598,1.49883882712649,14,NA,NA,NA
"control","LCA_HUN",-0.202958826386096,1.44730593019646,9,NA,NA,NA
"control","LCA_IDN",-0.0102086098633533,0.727689515998414,21,NA,NA,NA
"control","LCA_IRL",-0.825537753824544,0.741096718037026,10,NA,NA,NA
"control","LCA_MAR",-0.179849526946602,0.868200142084944,12,NA,NA,NA
"control","LCA_PAN",-0.180567591023383,1.31713623387229,19,NA,NA,NA
"control","LCA_SWE",0.0246142686725867,0.589604010154997,11,NA,NA,NA
"control","LCA_TUR",-0.120792636565127,1.02099224496069,21,NA,NA,NA
"control","LCA_VEN",0.31688382912033,0.569394556734427,24,NA,NA,NA
"control","LCA_VGB",-0.134801944307264,0.973266885504554,27,NA,NA,NA
"control","LKA_AGO",-0.0381480249436111,1.05416251487487,25,NA,NA,NA
"control","LKA_BLZ",-0.105917690304636,1.25323418611203,28,NA,NA,NA
"control","LKA_BWA",-0.0113207417611379,0.859190212935515,24,NA,NA,NA
"control","LKA_HRV",-0.383491434099935,0.739102371233959,28,NA,NA,NA
"control","LKA_HTI",-0.161131242972687,0.623826792683883,17,NA,NA,NA
"control","LKA_RUS",0.192423621332248,1.7754022997643,28,NA,NA,NA
"control","LKA_SVN",-0.0190148093321564,1.21251082026339,28,NA,NA,NA
"control","LKA_TCA",0.63896780460571,0.853027120982727,10,NA,NA,NA
"control","LKA_VCT",-0.132385429589613,0.521007362351246,27,NA,NA,NA
"control","LTU_ARE",0.012639564360824,0.604214411992634,28,NA,NA,NA
"control","LTU_AUS",0.197359933305506,1.40392824719178,28,NA,NA,NA
"control","LTU_AZE",-0.0767790468847498,1.32289318699799,27,NA,NA,NA
"control","LTU_BGR",0.366357119108035,1.03429520820359,8,NA,NA,NA
"control","LTU_BLR",0.0522148489244281,1.81679610963358,27,NA,NA,NA
"control","LTU_CHN",-0.245090331798667,0.748179915042292,28,NA,NA,NA
"control","LTU_GEO",-0.0423487375113682,0.871285127102701,20,NA,NA,NA
"control","LTU_HRV",0.257337705019707,2.41803026866295,11,NA,NA,NA
"control","LTU_JPN",-0.0893045745613398,1.07452189149886,26,NA,NA,NA
"control","LTU_KAZ",-0.185854970106736,0.826687401393226,27,NA,NA,NA
"control","LTU_KGZ",0.068921681806357,1.11150150804647,27,NA,NA,NA
"control","LTU_LBN",0.345732444015205,0.532671929941636,10,NA,NA,NA
"control","LTU_MDA",0.175744439569473,1.26192983571403,20,NA,NA,NA
"control","LTU_ROU",-0.254333950616098,0.801839742341555,11,NA,NA,NA
"control","LTU_RUS",0.194064673303519,1.11870949490918,27,NA,NA,NA
"control","LTU_SAU",0.272394519098421,1.36311356859869,28,NA,NA,NA
"control","LTU_TJK",0.109073685151196,1.57723434578584,27,NA,NA,NA
"control","LTU_TKM",0.0999706504006951,1.20840177582347,27,NA,NA,NA
"control","LTU_UKR",0.642662336965826,0.851724447505496,20,NA,NA,NA
"control","LTU_USA",0.00242952856057872,1.22816461625276,28,NA,NA,NA
"control","LTU_UZB",0.066263484214652,0.486108252670748,27,NA,NA,NA
"control","LVA_AUS",0.0755787790600981,1.01910035440376,28,NA,NA,NA
"control","LVA_BGR",-0.374984592805167,0.856921260930032,9,NA,NA,NA
"control","LVA_CHN",0.0418555442346891,1.11336541396355,28,NA,NA,NA
"control","LVA_HRV",0.670711946127262,1.47655121980098,11,NA,NA,NA
"control","LVA_JPN",0.110959005545532,0.955198091536621,26,NA,NA,NA
"control","LVA_ROU",-0.494343122454292,0.487191417302965,11,NA,NA,NA
"control","LVA_SAU",0.0395491764104504,1.22816254941058,28,NA,NA,NA
"control","LVA_USA",0.426868123306373,1.09301345821462,28,NA,NA,NA
"control","MAC_BLZ",0.628092153520463,0.816344977362992,8,NA,NA,NA
"control","MAC_BRN",-0.223839386613161,0.539563141195928,27,NA,NA,NA
"control","MAC_CIV",0.150464643195736,0.766005997176551,24,NA,NA,NA
"control","MAC_GTM",0.49574865464274,0.835204517559177,19,NA,NA,NA
"control","MAC_HND",0.248668240153994,0.40876178102336,13,NA,NA,NA
"control","MAC_KEN",0.116004406506031,0.475615444539613,11,NA,NA,NA
"control","MAC_KHM",-0.0458466028225287,0.581240649913025,27,NA,NA,NA
"control","MAC_LCA",-0.240266829952103,1.23778933937513,15,NA,NA,NA
"control","MAC_MAR",0.297419005597546,0.798627368112031,21,NA,NA,NA
"control","MAC_MMR",0.143346129296438,1.42019778566922,23,NA,NA,NA
"control","MAC_NGA",-0.0531570030566103,0.773274270631485,18,NA,NA,NA
"control","MAC_PRY",-0.208524589885597,1.04510730848904,22,NA,NA,NA
"control","MAC_RUS",-0.101553068080756,0.790790087267807,28,NA,NA,NA
"control","MAC_SLV",0.110296185709103,1.11443741474457,22,NA,NA,NA
"control","MAR_DOM",0.0537044024593859,0.580062558673984,28,NA,NA,NA
"control","MAR_HRV",-0.0944985641818233,1.24351075516111,20,NA,NA,NA
"control","MAR_KEN",-0.0989043571276384,0.801100595662292,27,NA,NA,NA
"control","MAR_MUS",-0.179309250793574,1.06811449307339,28,NA,NA,NA
"control","MAR_RUS",0.144743013977462,1.03626873529562,28,NA,NA,NA
"control","MAR_SUR",0.300219967349976,1.24720999046521,26,NA,NA,NA
"control","MAR_SVN",0.326281260234324,1.02719184368657,11,NA,NA,NA
"control","MAR_ZAF",-0.128990693026214,0.585135035464069,25,NA,NA,NA
"control","MDA_AUS",-0.0375735215174093,1.29622410157528,28,NA,NA,NA
"control","MDA_CHE",0.324744064530021,0.782224066784042,28,NA,NA,NA
"control","MDA_CHN",0.0320703287468505,0.614997030230581,28,NA,NA,NA
"control","MDA_DEU",-0.286503025999725,0.707375173134506,21,NA,NA,NA
"control","MDA_DNK",-0.0161472155979806,0.774686360947802,21,NA,NA,NA
"control","MDA_ESP",0.184358145397082,0.679095751716102,21,NA,NA,NA
"control","MDA_FIN",-0.618246398601686,0.869949309582295,21,NA,NA,NA
"control","MDA_GRC",-0.0411848368640132,1.45234616766513,21,NA,NA,NA
"control","MDA_HUN",0.00180643707439423,0.725217660599884,21,NA,NA,NA
"control","MDA_ITA",0.192860354259892,0.92934234231929,21,NA,NA,NA
"control","MDA_JPN",-0.145854668439435,1.07507644380629,27,NA,NA,NA
"control","MDA_LTU",-0.16333580055783,1.60479093855637,20,NA,NA,NA
"control","MDA_NLD",-0.234250587241146,0.993443715161624,21,NA,NA,NA
"control","MDA_PER",-0.0291975857606283,0.729728690475676,26,NA,NA,NA
"control","MDA_POL",-0.284553666441917,0.850922544728416,21,NA,NA,NA
"control","MDA_PRT",-0.371343773109612,0.499075465865491,21,NA,NA,NA
"control","MDA_SAU",0.232378021006095,0.664376600181397,26,NA,NA,NA
"control","MDA_SVN",-0.281389291764397,0.912897262485458,21,NA,NA,NA
"control","MDA_SWE",-0.0309489207851462,0.572015472288685,21,NA,NA,NA
"control","MDA_TUR",0.157569293529378,0.968358739501854,23,NA,NA,NA
"control","MDA_USA",-0.289947364304278,0.904608474284751,28,NA,NA,NA
"control","MDG_BEN",0.000275225075925523,1.25266092932084,25,NA,NA,NA
"control","MDG_BFA",-0.146775804384292,0.811713457248827,26,NA,NA,NA
"control","MDG_BGR",0.0481201863808884,0.908178429482386,18,NA,NA,NA
"control","MDG_BOL",0.207274820230046,0.813927365289564,22,NA,NA,NA
"control","MDG_DMA",0.187846334273691,1.63951527232735,10,NA,NA,NA
"control","MDG_DOM",0.0385414781836704,0.952250943860086,24,NA,NA,NA
"control","MDG_GRD",-0.372287282571101,1.43877667968542,10,NA,NA,NA
"control","MDG_GTM",-0.285640378977916,1.36728452590749,13,NA,NA,NA
"control","MDG_HND",0.696814979418915,0.643820796779156,17,NA,NA,NA
"control","MDG_HRV",0.128440712641655,1.25876404681757,20,NA,NA,NA
"control","MDG_IRL",0.0607873899643333,0.854696614494614,19,NA,NA,NA
"control","MDG_IRQ",0.0891645190356218,0.806108453211224,15,NA,NA,NA
"control","MDG_KWT",-0.0818868528718,0.612673739131781,28,NA,NA,NA
"control","MDG_NER",0.0887129347861826,0.816478913148455,23,NA,NA,NA
"control","MDG_RUS",0.304281561713385,0.78934217518653,28,NA,NA,NA
"control","MDG_SLV",-0.309267898392815,0.846074577628045,15,NA,NA,NA
"control","MDG_SVN",-0.0256753502950398,0.693065223782806,19,NA,NA,NA
"control","MDG_TGO",0.301352199004149,2.1194308681318,22,NA,NA,NA
"control","MDG_VNM",0.295563043587589,0.843445963871355,21,NA,NA,NA
"control","MDV_CHN",-0.144054385212461,1.09102711469426,27,NA,NA,NA
"control","MDV_GRC",-0.0577950882580094,1.09617070214834,22,NA,NA,NA
"control","MDV_IRL",0.164999357734113,0.831387360526114,26,NA,NA,NA
"control","MDV_SWE",-0.0017545559877592,0.984154010756325,28,NA,NA,NA
"control","MEX_FRO",-0.19599053167998,0.765354237846488,15,NA,NA,NA
"control","MEX_GNB",0.18615504512719,1.32537695344464,17,NA,NA,NA
"control","MEX_HRV",0.00936466805570897,0.697774361380544,20,NA,NA,NA
"control","MEX_NER",-0.229656545156572,0.878491606145199,26,NA,NA,NA
"control","MEX_RUS",0.0188412416921732,1.57672784207592,28,NA,NA,NA
"control","MEX_SVN",0.237848414547741,0.625546364158479,11,NA,NA,NA
"control","MEX_TGO",0.375948329256706,0.827793047590141,28,NA,NA,NA
"control","MEX_VUT",-0.187082170139005,0.642425156422015,14,NA,NA,NA
"control","MHL_DEU",-0.21731205637726,1.27103551759379,25,NA,NA,NA
"control","MHL_JPN",0.1054492536562,1.28112969600683,28,NA,NA,NA
"control","MHL_MYS",-0.841670759312585,0.582935522612341,10,NA,NA,NA
"control","MHL_NLD",-0.127593913518892,1.00214390718323,24,NA,NA,NA
"control","MHL_USA",-0.0169095875998919,0.805743130346269,28,NA,NA,NA
"control","MKD_AUS",0.222212814918634,1.16707448510226,28,NA,NA,NA
"control","MKD_AUT",-0.148183113436195,0.480257221529777,8,NA,NA,NA
"control","MKD_CHE",0.209568735898422,0.846058600543006,9,NA,NA,NA
"control","MKD_POL",0.147198143553276,0.960692866611852,11,NA,NA,NA
"control","MKD_ROU",-0.229991527430441,1.33906477340541,11,NA,NA,NA
"control","MKD_USA",0.0179637810379963,0.937580959368471,28,NA,NA,NA
"control","MLI_BRA",-0.178195026092415,0.809564605708986,28,NA,NA,NA
"control","MLI_BRN",-0.356576744043187,0.393512985672201,14,NA,NA,NA
"control","MLI_HRV",0.279614413018998,1.16801900834386,24,NA,NA,NA
"control","MLI_HUN",-0.033363444697688,1.17910798138022,25,NA,NA,NA
"control","MLI_LCA",-0.186775243158441,1.03245163686129,12,NA,NA,NA
"control","MLI_MMR",-0.302035049855267,1.29974896695224,11,NA,NA,NA
"control","MLI_PER",0.65965292156303,0.568837166367578,24,NA,NA,NA
"control","MLI_ZAF",0.0152113194057037,1.25213515390071,27,NA,NA,NA
"control","MLT_BOL",0.0855198582526912,1.01251416990739,27,NA,NA,NA
"control","MLT_CHN",-0.0364591745048462,0.672316314681373,28,NA,NA,NA
"control","MLT_DJI",-0.207800300678284,0.519513188248808,27,NA,NA,NA
"control","MLT_GNB",0.342179443295162,0.754493249669069,18,NA,NA,NA
"control","MLT_HRV",0.161441264192841,0.765831876167441,11,NA,NA,NA
"control","MLT_HUN",0.246040800403076,0.802231753227154,11,NA,NA,NA
"control","MLT_LCA",-0.0606973121226909,0.854794767127008,10,NA,NA,NA
"control","MLT_MMR",0.137388727277798,0.526578067358242,18,NA,NA,NA
"control","MLT_NOR",0.344380868170067,0.770342691444046,11,NA,NA,NA
"control","MLT_PER",0.0411906269794875,1.54257520521164,19,NA,NA,NA
"control","MLT_RUS",-0.0853565136644852,0.896931816049701,27,NA,NA,NA
"control","MLT_SVN",0.370658641367159,0.874386140500782,10,NA,NA,NA
"control","MMR_ARE",-0.133504549561002,1.26387543699403,17,NA,NA,NA
"control","MMR_BGR",-0.0776862536471817,0.826356327820153,22,NA,NA,NA
"control","MMR_CIV",0.188444484309623,1.07641994323036,22,NA,NA,NA
"control","MMR_CPV",-0.545685091964239,0.824820329569299,10,NA,NA,NA
"control","MMR_GMB",0.0503360917907786,1.13133270772458,8,NA,NA,NA
"control","MMR_HND",0.246706563958288,0.429939962547209,9,NA,NA,NA
"control","MMR_HRV",-0.238831691070833,1.41010442163867,27,NA,NA,NA
"control","MMR_HUN",0.319446258554971,1.46560394462078,27,NA,NA,NA
"control","MMR_JAM",-0.143884992635651,0.687737030900759,13,NA,NA,NA
"control","MMR_KEN",0.465574048790353,1.54273964903888,15,NA,NA,NA
"control","MMR_KWT",0.158180105234821,0.690852592739829,23,NA,NA,NA
"control","MMR_MDG",-0.378328894159278,0.94410803099881,19,NA,NA,NA
"control","MMR_MDV",0.0496027342158593,0.804157801914991,20,NA,NA,NA
"control","MMR_MLT",-0.174279976708783,0.770350446617076,24,NA,NA,NA
"control","MMR_NOR",-0.100929514196885,0.932327735585589,28,NA,NA,NA
"control","MMR_NPL",-0.299015775265543,1.03646930457188,16,NA,NA,NA
"control","MMR_YEM",-0.290246000872363,0.659295421599881,12,NA,NA,NA
"control","MMR_ZAF",0.10659317930346,1.35289177958103,27,NA,NA,NA
"control","MNG_DNK",0.0708727451159472,1.55211110388083,26,NA,NA,NA
"control","MNG_DZA",-0.0133221567523936,1.3021722914815,23,NA,NA,NA
"control","MNG_GRC",-0.240381721232876,0.79240877975291,17,NA,NA,NA
"control","MNG_PAK",0.139642907793261,0.755488898327194,20,NA,NA,NA
"control","MNG_PER",0.319580545546658,0.886652634864242,23,NA,NA,NA
"control","MNG_QAT",0.204454939493728,2.21567177883454,13,NA,NA,NA
"control","MNG_SAU",0.0182031697361543,0.887849972245747,26,NA,NA,NA
"control","MNP_AUS",-0.130018936822251,1.26314265383366,27,NA,NA,NA
"control","MNP_JPN",-0.167977021907108,1.0978100939901,27,NA,NA,NA
"control","MNP_KOR",-0.197803386903165,0.671458098845538,27,NA,NA,NA
"control","MNP_NZL",-0.245605422200782,1.77873243632711,27,NA,NA,NA
"control","MNP_SAU",-0.233269934622157,1.01001830989955,10,NA,NA,NA
"control","MOZ_CHN",0.290295222535362,1.34199916829625,28,NA,NA,NA
"control","MOZ_OMN",-0.179377419934353,0.823816027736557,18,NA,NA,NA
"control","MOZ_POL",-0.0335801988065776,0.704711541674442,22,NA,NA,NA
"control","MRT_BRN",-0.512109818325167,0.379679881917489,8,NA,NA,NA
"control","MRT_CHN",0.0333298326651926,1.24193432771575,27,NA,NA,NA
"control","MRT_HUN",0.0557697332423604,1.20368846915157,15,NA,NA,NA
"control","MRT_IRL",-0.0165939113295263,0.977863099909311,28,NA,NA,NA
"control","MRT_MAR",0.0897799347445078,1.14241376145114,28,NA,NA,NA
"control","MRT_MYS",-0.0462066920268924,0.756763315997186,28,NA,NA,NA
"control","MRT_PER",0.000543126620565843,1.04736936675251,26,NA,NA,NA
"control","MSR_AUS",-0.160533529527442,1.40696224206733,20,NA,NA,NA
"control","MSR_CHN",-0.150989693380836,1.09550769067688,20,NA,NA,NA
"control","MUS_BHS",-0.145392972380886,1.48795693416559,22,NA,NA,NA
"control","MUS_BRN",-0.144431626778037,0.828320312875668,27,NA,NA,NA
"control","MUS_COL",0.0034680874674413,0.693511596781514,28,NA,NA,NA
"control","MUS_GUY",0.247082664386931,1.57799700888327,21,NA,NA,NA
"control","MUS_HUN",0.042836192965441,0.920123340560582,19,NA,NA,NA
"control","MUS_NOR",0.0482806068353065,0.889462401665312,28,NA,NA,NA
"control","MUS_PAN",-0.190505891803707,1.15521503746867,28,NA,NA,NA
"control","MUS_POL",0.177199924909546,0.521493134440568,19,NA,NA,NA
"control","MUS_PRK",-0.496371797628725,1.03472600364998,13,NA,NA,NA
"control","MUS_PYF",0.284603366851136,0.845854733619667,28,NA,NA,NA
"control","MUS_SAU",-0.0247606651700805,1.08137501348052,28,NA,NA,NA
"control","MUS_SVN",0.342433903766273,1.08364033267545,19,NA,NA,NA
"control","MWI_BGR",0.428250607660163,0.736405983965564,21,NA,NA,NA
"control","MWI_COG",-0.0386754205913142,1.00045090147639,22,NA,NA,NA
"control","MWI_DZA",-0.393390847224529,1.26708585868264,22,NA,NA,NA
"control","MWI_HRV",0.0484522792731281,1.14377628512768,28,NA,NA,NA
"control","MWI_MMR",0.0827850172482305,1.11110723185776,11,NA,NA,NA
"control","MWI_POL",-0.21339347508003,0.874236497307515,28,NA,NA,NA
"control","MWI_SVN",0.0796738707737639,0.708755807426538,25,NA,NA,NA
"control","MYS_FSM",0.108946470133774,1.42093355663069,27,NA,NA,NA
"control","MYS_HRV",0.0101792880144893,1.17515851086921,28,NA,NA,NA
"control","MYS_LCA",-0.204270721168393,1.08947369708368,28,NA,NA,NA
"control","MYS_MHL",-0.110590153046695,0.634370763162195,27,NA,NA,NA
"control","MYS_MNP",-0.164937738020143,0.923933574890507,28,NA,NA,NA
"control","MYS_MSR",-0.0522403009883507,0.792795482134057,18,NA,NA,NA
"control","MYS_RUS",-0.0435698774308498,0.821183639377048,28,NA,NA,NA
"control","MYS_SVN",0.357773557143333,0.588881317325935,28,NA,NA,NA
"control","MYS_VCT",0.100039097209025,0.880249742940794,27,NA,NA,NA
"control","NAM_NOR",0.348838186145496,1.10026397422638,12,NA,NA,NA
"control","NAM_PRT",0.0978578526546631,1.04542529719191,20,NA,NA,NA
"control","NAM_THA",0.141993026265811,1.01416854145123,28,NA,NA,NA
"control","NER_DZA",-0.29914006141873,1.59545268962998,28,NA,NA,NA
"control","NER_HUN",-0.129230914215031,0.878240561632265,24,NA,NA,NA
"control","NER_MAR",0.141729845757279,1.09299987440518,27,NA,NA,NA
"control","NER_MLT",-0.00920609295691728,0.690543228472742,14,NA,NA,NA
"control","NER_ROU",0.316748275764251,0.850906270979447,18,NA,NA,NA
"control","NFK_KOR",-0.109894029377556,0.722709826883371,18,NA,NA,NA
"control","NGA_BGR",0.165083920127745,0.830352661321989,25,NA,NA,NA
"control","NGA_BRN",-0.203305163502123,1.08518336750809,18,NA,NA,NA
"control","NGA_HRV",-0.0117220122090272,1.14289564840997,27,NA,NA,NA
"control","NGA_KWT",-0.096658819101773,1.185609473563,26,NA,NA,NA
"control","NGA_MDG",-0.0468305114211393,0.949785401884442,26,NA,NA,NA
"control","NGA_POL",0.00877702966499344,1.15208872267793,28,NA,NA,NA
"control","NGA_SVN",0.0713145924310733,0.863636947649272,28,NA,NA,NA
"control","NGA_ZAF",0.159654524785096,0.865767557374275,27,NA,NA,NA
"control","NIC_BLZ",-0.175858025402745,0.821492409950592,27,NA,NA,NA
"control","NIC_HRV",-0.0462618361603352,0.915697064538922,19,NA,NA,NA
"control","NIC_POL",-0.0394879708950284,0.802528949668955,19,NA,NA,NA
"control","NIC_SAU",-0.117659777398302,1.09171872973715,23,NA,NA,NA
"control","NIC_SVN",0.269538951124187,0.589189687550938,18,NA,NA,NA
"control","NIU_BGD",-0.337671011384497,0.345017621999819,9,NA,NA,NA
"control","NIU_PER",-0.17189450624501,1.5454500212442,12,NA,NA,NA
"control","NLD_ARM",0.0174919032843352,1.05291686641153,25,NA,NA,NA
"control","NLD_AZE",0.0895380736289765,1.34867558921754,28,NA,NA,NA
"control","NLD_BIH",0.536340357097737,0.454987631288311,15,NA,NA,NA
"control","NLD_BLR",-0.108830179778476,1.21730283649768,28,NA,NA,NA
"control","NLD_BTN",0.148529198608384,0.993975801957978,28,NA,NA,NA
"control","NLD_CCK",-0.00930765634911145,0.99433317371714,24,NA,NA,NA
"control","NLD_COK",-0.0367079551879012,1.29429899988845,26,NA,NA,NA
"control","NLD_FSM",0.0225658795298826,0.565009561536626,28,NA,NA,NA
"control","NLD_GEO",-0.230247404315863,1.29905872289997,21,NA,NA,NA
"control","NLD_GIB",-0.122410508510035,1.63393701844695,28,NA,NA,NA
"control","NLD_HRV",0.401564262600999,0.343453519565956,9,NA,NA,NA
"control","NLD_KAZ",0.348191596790648,0.87391413218661,28,NA,NA,NA
"control","NLD_KGZ",0.175444559343588,1.13508947395086,28,NA,NA,NA
"control","NLD_KHM",-0.0443898945424001,0.956564140832829,28,NA,NA,NA
"control","NLD_MDA",0.143128408556022,0.965203270191936,21,NA,NA,NA
"control","NLD_MHL",0.0479810061197637,1.07717733224098,28,NA,NA,NA
"control","NLD_MNG",-0.183214730749509,0.980256719145554,28,NA,NA,NA
"control","NLD_RUS",-0.138644550340504,0.661167165687333,28,NA,NA,NA
"control","NLD_TJK",0.326113154203016,0.832445725691358,28,NA,NA,NA
"control","NLD_TKM",0.261656422983465,0.791581684487155,28,NA,NA,NA
"control","NLD_TON",0.255379659270553,0.937270750478315,27,NA,NA,NA
"control","NLD_UKR",-0.16664625769805,1.82385549668697,21,NA,NA,NA
"control","NLD_UZB",-0.0412167836272796,1.51515321412745,28,NA,NA,NA
"control","NLD_VGB",0.176271504368401,1.34012340164888,14,NA,NA,NA
"control","NLD_VUT",-0.237074594377967,0.736442114389945,28,NA,NA,NA
"control","NLD_WSM",0.278365374432275,1.22362385998232,28,NA,NA,NA
"control","NOR_BLZ",-0.10486765072707,0.814530175263202,28,NA,NA,NA
"control","NOR_BOL",-0.0981548244533426,1.56188536314112,28,NA,NA,NA
"control","NOR_BRN",0.297443163445289,0.918370753319855,28,NA,NA,NA
"control","NOR_HRV",0.0266164141398562,0.453002592165433,9,NA,NA,NA
"control","NOR_KEN",-0.078523996583322,0.789163209836734,28,NA,NA,NA
"control","NOR_LCA",-0.146253576767003,1.06899943495206,28,NA,NA,NA
"control","NOR_MMR",0.11616201621839,0.989192447266204,28,NA,NA,NA
"control","NOR_ZAF",0.300881699530742,0.796591529108783,15,NA,NA,NA
"control","NPL_ARE",-0.133158247405941,1.34464521741476,20,NA,NA,NA
"control","NPL_ARG",0.0552002604556964,1.26455787505011,27,NA,NA,NA
"control","NPL_HUN",-0.103924118832086,0.854115500401912,28,NA,NA,NA
"control","NPL_IRL",-0.00663213388137631,1.13870272055944,28,NA,NA,NA
"control","NPL_KWT",-0.257271271505646,1.21136764778641,22,NA,NA,NA
"control","NPL_MUS",-0.0733160361782256,1.0148076098851,23,NA,NA,NA
"control","NPL_SWE",0.0284415702031977,0.586717829244506,28,NA,NA,NA
"control","NPL_TUR",0.244439266210197,1.11198326505261,26,NA,NA,NA
"control","NPL_ZAF",-0.0610561433177437,0.533840183909123,25,NA,NA,NA
"control","NRU_HRV",0.0643019416420913,1.25557620126465,20,NA,NA,NA
"control","NRU_HUN",-0.0882841785896412,0.875810566323114,12,NA,NA,NA
"control","NRU_IRL",0.54438457033511,0.794433448087655,23,NA,NA,NA
"control","NRU_LKA",0.0196458067098764,0.509864080103983,12,NA,NA,NA
"control","NRU_SVN",0.196227047375896,1.15134493844073,27,NA,NA,NA
"control","NRU_SWE",-0.0757035357255356,0.813351676268579,11,NA,NA,NA
"control","NRU_TUR",-0.19233855881295,0.796334110352051,18,NA,NA,NA
"control","NRU_ZAF",-0.0893102959319276,0.669380524896515,23,NA,NA,NA
"control","NZL_HRV",0.0399499760528001,1.28232637508411,28,NA,NA,NA
"control","NZL_KHM",-0.225562420920691,0.781039456237882,18,NA,NA,NA
"control","NZL_MNP",0.093638202745731,1.28904371649793,28,NA,NA,NA
"control","NZL_RUS",0.280211082379711,0.822252530031298,28,NA,NA,NA
"control","NZL_SOM",-0.0133293544220703,1.20057216663227,19,NA,NA,NA
"control","NZL_SVN",0.403317919801092,1.15925332720346,28,NA,NA,NA
"control","NZL_UKR",-0.102960026536281,1.14968874826009,28,NA,NA,NA
"control","OMN_ARG",-0.296535762908193,0.525959216049283,27,NA,NA,NA
"control","OMN_GUY",-0.168965348239124,1.66527251404719,19,NA,NA,NA
"control","OMN_NPL",-0.0398752736345891,1.20817460066763,24,NA,NA,NA
"control","OMN_POL",0.00604937979414723,0.822442025995867,27,NA,NA,NA
"control","PAK_COD",0.275065324355203,0.885871878094281,25,NA,NA,NA
"control","PAK_COG",0.441272535185047,1.15551990355586,26,NA,NA,NA
"control","PAK_GAB",-0.258665804278707,0.467683824520891,27,NA,NA,NA
"control","PAK_GMB",-0.292207833506098,0.996499778608581,27,NA,NA,NA
"control","PAK_HRV",0.229212428745971,1.30588898772027,28,NA,NA,NA
"control","PAK_LCA",0.110870516592711,1.23550973356516,28,NA,NA,NA
"control","PAK_RUS",-0.0765572717977627,0.803356566521978,28,NA,NA,NA
"control","PAK_SVN",0.0954379426350134,1.85842496614548,28,NA,NA,NA
"control","PAK_ZAF",0.0151306736309979,0.958674823292996,27,NA,NA,NA
"control","PAN_CHN",0.00718828205789059,0.689245919505309,28,NA,NA,NA
"control","PAN_DZA",0.0165814955796435,0.905009247801952,26,NA,NA,NA
"control","PAN_HRV",-0.248721522039994,0.90484718136919,20,NA,NA,NA
"control","PAN_IND",0.369129579694443,0.692580381609168,26,NA,NA,NA
"control","PAN_IRN",-0.141076889093475,1.61188228065997,12,NA,NA,NA
"control","PAN_LCA",0.05870338577049,0.924928618180324,28,NA,NA,NA
"control","PAN_QAT",0.309548233793698,0.89276473818273,17,NA,NA,NA
"control","PAN_SVN",0.0301456824496585,0.449412357650071,19,NA,NA,NA
"control","PAN_SYR",-0.160195209487841,0.890913718336433,8,NA,NA,NA
"control","PAN_TWN",-0.3301838502698,1.00934787476071,9,NA,NA,NA
"control","PCN_BOL",-0.320718187606756,1.75706033288765,14,NA,NA,NA
"control","PCN_NZL",0.311145380557656,0.412538426247013,23,NA,NA,NA
"control","PCN_PER",0.132773939501638,0.466518683164342,12,NA,NA,NA
"control","PER_ABW",0.201575196142085,1.03935181293738,27,NA,NA,NA
"control","PER_ANT",-0.0603395183832527,1.1076513908324,18,NA,NA,NA
"control","PER_BGR",0.15112829294922,1.15901406659485,19,NA,NA,NA
"control","PER_BMU",0.072477127372071,1.16641715469496,27,NA,NA,NA
"control","PER_BRN",-0.0941985968985174,0.649677258198261,26,NA,NA,NA
"control","PER_CIV",-0.0931704127625901,1.12977547136418,27,NA,NA,NA
"control","PER_COD",-0.281920301885295,1.44207994076586,23,NA,NA,NA
"control","PER_DOM",-0.105618686216259,0.795209305045225,27,NA,NA,NA
"control","PER_HRV",-0.0959960152371201,1.15669659423,20,NA,NA,NA
"control","PER_LBR",-0.198220245336333,0.743955546808811,25,NA,NA,NA
"control","PER_LCA",-0.0587587024511805,0.969762573547102,28,NA,NA,NA
"control","PER_MLI",0.259838964261578,0.742923068134323,26,NA,NA,NA
"control","PER_NFK",0.181018256717513,0.54822746364272,9,NA,NA,NA
"control","PER_RUS",-0.257960995336253,0.98853304518811,28,NA,NA,NA
"control","PER_SEN",0.0824177480329835,0.774706248570408,26,NA,NA,NA
"control","PER_STP",0.0357736913269883,2.95541366490127,9,NA,NA,NA
"control","PER_SUR",-0.172569154016154,0.946263681937603,27,NA,NA,NA
"control","PER_SVN",-0.594642660694895,0.985722077151467,20,NA,NA,NA
"control","PER_SYR",0.137322602630087,1.25288817505248,27,NA,NA,NA
"control","PER_UGA",0.0598877399215568,0.851245553679367,17,NA,NA,NA
"control","PHL_BLZ",0.188727689913774,0.839710982293585,28,NA,NA,NA
"control","PHL_HRV",-0.291557893290397,0.791088498462606,28,NA,NA,NA
"control","PHL_JOR",0.00475970272829911,0.592912694917027,28,NA,NA,NA
"control","PHL_KEN",-0.268579615206373,0.641911548644853,25,NA,NA,NA
"control","PHL_LCA",0.138620538966412,0.807003675874968,27,NA,NA,NA
"control","PHL_POL",0.0301022679610832,0.8351157434199,28,NA,NA,NA
"control","PHL_ZAF",0.398188692492797,0.84794854325171,28,NA,NA,NA
"control","PNG_BRN",-0.100699589292753,1.46662350382627,14,NA,NA,NA
"control","PNG_CYP",0.111354602089932,0.693518767193024,8,NA,NA,NA
"control","POL_AFG",-0.094372432393077,0.97418974221664,27,NA,NA,NA
"control","POL_AZE",-0.105436819887779,1.02267699389134,28,NA,NA,NA
"control","POL_BEN",-0.15453881991138,0.823491181513477,24,NA,NA,NA
"control","POL_BLR",-0.109677535335076,0.889757204127499,28,NA,NA,NA
"control","POL_BLZ",-0.31189431010752,1.36465245804312,15,NA,NA,NA
"control","POL_BOL",0.0634627913609125,0.738206615370728,28,NA,NA,NA
"control","POL_BRN",0.00879253224103584,1.77075023332689,24,NA,NA,NA
"control","POL_CRI",0.0580644965914364,0.901132402021066,19,NA,NA,NA
"control","POL_DMA",-0.307978265120222,0.847485315070222,14,NA,NA,NA
"control","POL_EST",-0.223568845014592,0.613944634310944,11,NA,NA,NA
"control","POL_GMB",0.249566442649638,1.10937432114058,27,NA,NA,NA
"control","POL_HRV",0.351669336365295,0.742224194660701,10,NA,NA,NA
"control","POL_KAZ",0.160654920278159,0.930196777076643,28,NA,NA,NA
"control","POL_LBN",-0.0436528886751078,1.204033085986,11,NA,NA,NA
"control","POL_LCA",0.47710141873482,1.04037721382393,15,NA,NA,NA
"control","POL_MDA",-0.275409731881657,1.03803389444243,21,NA,NA,NA
"control","POL_MMR",-0.0545202332326696,1.70680258388887,22,NA,NA,NA
"control","POL_NGA",0.337447257271218,1.0917173330746,27,NA,NA,NA
"control","POL_NPL",-0.315289786662096,1.40739873062438,24,NA,NA,NA
"control","POL_PER",0.21312697542495,0.897960450998752,19,NA,NA,NA
"control","POL_PRK",0.227541646150496,2.22418534210009,27,NA,NA,NA
"control","POL_QAT",0.20859739585976,0.668361663438039,27,NA,NA,NA
"control","POL_RUS",-0.00781015513579883,1.34645338414456,28,NA,NA,NA
"control","POL_SLE",0.117290042835996,0.764194971301296,27,NA,NA,NA
"control","POL_SLV",-0.12090185994807,0.917695627774232,19,NA,NA,NA
"control","POL_TJK",-0.16193842415101,0.930044609480653,28,NA,NA,NA
"control","POL_TKM",0.327820246974199,0.598601885436566,28,NA,NA,NA
"control","POL_UKR",0.129505874278845,0.651523047373667,21,NA,NA,NA
"control","POL_UZB",0.176658083259567,0.469243919044023,28,NA,NA,NA
"control","POL_ZAF",-0.347675393066566,2.21164388346516,11,NA,NA,NA
"control","PRK_BRN",0.139720139643193,0.984319969242976,22,NA,NA,NA
"control","PRK_HUN",-0.128663219156228,1.31088316833229,21,NA,NA,NA
"control","PRK_IRL",-0.256874993810431,2.2027099231056,18,NA,NA,NA
"control","PRK_JOR",0.205958709069491,0.886002967119393,11,NA,NA,NA
"control","PRK_KEN",0.316624540675041,1.22520130284134,20,NA,NA,NA
"control","PRK_LCA",0.00872667639713434,0.864395242157681,23,NA,NA,NA
"control","PRK_POL",-0.219920169807586,0.716248203735328,27,NA,NA,NA
"control","PRT_AZE",0.390742083492955,0.883816447792522,28,NA,NA,NA
"control","PRT_BIH",0.153700671774873,1.53126350061605,14,NA,NA,NA
"control","PRT_BLR",-0.109750040243503,0.673759995030963,28,NA,NA,NA
"control","PRT_GEO",0.131860515133702,0.903902459378718,21,NA,NA,NA
"control","PRT_HRV",0.768979977261441,0.815816176855409,9,NA,NA,NA
"control","PRT_KGZ",-0.00572307224629478,1.52299775460198,25,NA,NA,NA
"control","PRT_KHM",-0.137512580075616,0.608442103509119,25,NA,NA,NA
"control","PRT_MDA",-0.385230017998539,0.841197000644567,21,NA,NA,NA
"control","PRT_MHL",0.216444170358867,0.867974474937894,27,NA,NA,NA
"control","PRT_RUS",-0.0283008155941454,1.06689807676391,28,NA,NA,NA
"control","PRT_TJK",0.132199620371894,0.938492455315833,18,NA,NA,NA
"control","PRT_TKM",0.310349488825881,0.968846650730258,28,NA,NA,NA
"control","PRT_UKR",-0.00978146693121847,1.15988758253208,21,NA,NA,NA
"control","PRT_UZB",-0.391898148648793,0.461310924333479,27,NA,NA,NA
"control","PRY_ANT",-0.247044791330406,0.970788880185115,16,NA,NA,NA
"control","PRY_BGR",-0.260894613213127,0.88452657356427,24,NA,NA,NA
"control","PRY_BLZ",-0.215770640469125,0.550408877843068,20,NA,NA,NA
"control","PRY_CYP",0.194515341818359,0.796359250381012,23,NA,NA,NA
"control","PRY_GHA",0.0146836557520946,0.804173723646375,25,NA,NA,NA
"control","PRY_HND",0.329215422248816,0.78490947879264,28,NA,NA,NA
"control","PRY_HRV",0.0121987678843923,1.36642949292582,23,NA,NA,NA
"control","PRY_HUN",-0.314136881410651,0.831848729835209,26,NA,NA,NA
"control","PRY_MLT",-0.332875637580148,1.19684302545842,18,NA,NA,NA
"control","PRY_RUS",0.246598647463017,0.712208374940648,26,NA,NA,NA
"control","PYF_BOL",-0.494914377841284,0.66488276930479,16,NA,NA,NA
"control","PYF_COL",-0.188324461905464,0.736735883423243,16,NA,NA,NA
"control","PYF_PER",-0.0741223812308459,0.943851416239263,16,NA,NA,NA
"control","PYF_SVN",0.340858111645497,3.01791147160402,9,NA,NA,NA
"control","QAT_HUN",-0.244950025011149,0.592876941105921,25,NA,NA,NA
"control","QAT_IRL",-0.343848000845711,0.856634561709484,28,NA,NA,NA
"control","QAT_KEN",-0.143860414572838,0.572516419998744,23,NA,NA,NA
"control","QAT_MMR",-0.135462438362296,0.599006211566069,16,NA,NA,NA
"control","QAT_PER",-0.0851169429181905,1.28186726010488,24,NA,NA,NA
"control","QAT_PHL",-0.322343727598551,1.02951777006376,25,NA,NA,NA
"control","QAT_ROU",0.139765661251985,1.80430286469122,23,NA,NA,NA
"control","QAT_SWE",-0.033558942845594,0.716194023605805,28,NA,NA,NA
"control","QAT_TWN",-0.0205815914945174,0.667921048022329,24,NA,NA,NA
"control","ROU_ANT",-0.0133625645134329,1.31069562699888,9,NA,NA,NA
"control","ROU_ARM",0.0424743907678671,1.04011823120894,25,NA,NA,NA
"control","ROU_AZE",-0.101078138510314,0.59561404130901,28,NA,NA,NA
"control","ROU_BLR",-0.102055940492955,0.696251634629215,28,NA,NA,NA
"control","ROU_BLZ",-0.111953433259583,1.30593407559724,15,NA,NA,NA
"control","ROU_BRN",0.0385865123041005,1.16771084638856,24,NA,NA,NA
"control","ROU_DOM",-0.1106372721081,0.558872610580649,15,NA,NA,NA
"control","ROU_EST",-0.318464267504755,0.457861514038767,11,NA,NA,NA
"control","ROU_GEO",-0.484197458456355,1.35407700917343,21,NA,NA,NA
"control","ROU_GNB",-0.0361209705534351,1.16448997235447,18,NA,NA,NA
"control","ROU_HRV",-0.458024630402204,1.09502796727231,10,NA,NA,NA
"control","ROU_KAZ",-0.0393596415730454,1.08603963349551,28,NA,NA,NA
"control","ROU_LCA",3.36824309400222e-05,0.761587815813734,15,NA,NA,NA
"control","ROU_LTU",0.173632824765392,1.12972773262486,11,NA,NA,NA
"control","ROU_LVA",-0.226293475642348,0.939598583138846,11,NA,NA,NA
"control","ROU_MAC",0.136700350766027,1.07716924278411,24,NA,NA,NA
"control","ROU_MKD",0.0263432231550127,0.961462690851177,11,NA,NA,NA
"control","ROU_RUS",0.22062587335306,0.855556101956148,28,NA,NA,NA
"control","ROU_RWA",0.269691537518056,1.06893218167223,28,NA,NA,NA
"control","ROU_TJK",-0.104662984025874,0.954981134032633,24,NA,NA,NA
"control","ROU_TKM",-0.135516650404238,1.21221233274732,28,NA,NA,NA
"control","ROU_UKR",-0.12614081220558,0.838721305198767,21,NA,NA,NA
"control","ROU_UZB",0.228605964511192,0.934156324402467,28,NA,NA,NA
"control","ROU_VCT",0.209948166645636,0.841129603841082,14,NA,NA,NA
"control","ROU_ZAF",-0.00259606208061208,0.726431739718082,13,NA,NA,NA
"control","RUS_ARE",-0.0357623570063672,1.26387165033186,26,NA,NA,NA
"control","RUS_AUS",0.0118973335231013,1.02852646672034,28,NA,NA,NA
"control","RUS_AUT",0.0110347691391896,0.509716282882298,28,NA,NA,NA
"control","RUS_BGD",0.0921568778179174,0.868452206015069,27,NA,NA,NA
"control","RUS_BGR",-0.147029634217868,0.864584498867592,25,NA,NA,NA
"control","RUS_BOL",-0.0995885414878124,1.40626163452805,28,NA,NA,NA
"control","RUS_BRA",-0.149322018228079,1.16540301164573,28,NA,NA,NA
"control","RUS_BRN",0.0271528364522503,0.702364088865538,24,NA,NA,NA
"control","RUS_CAN",-0.11980008470422,0.862072194927609,28,NA,NA,NA
"control","RUS_CHE",0.207805817269075,1.11528214566553,28,NA,NA,NA
"control","RUS_CHL",0.26721418016285,0.650712941834407,28,NA,NA,NA
"control","RUS_CHN",-0.0704467339500245,0.939360167501911,28,NA,NA,NA
"control","RUS_COL",-0.145718452567502,0.514555414415401,28,NA,NA,NA
"control","RUS_CYP",-0.109182896546888,0.956418796565026,28,NA,NA,NA
"control","RUS_DEU",-0.201556249454313,0.955104871918232,28,NA,NA,NA
"control","RUS_DNK",0.193274025263139,1.08845708658199,28,NA,NA,NA
"control","RUS_DZA",-0.030750365309628,0.77575205362459,28,NA,NA,NA
"control","RUS_ECU",0.0501747869720342,0.875449846417459,27,NA,NA,NA
"control","RUS_ESP",0.0960923326526767,1.06621170021836,28,NA,NA,NA
"control","RUS_FIN",0.0177659070709111,1.158196350217,28,NA,NA,NA
"control","RUS_FRA",-0.00633095337462104,2.13427534209738,28,NA,NA,NA
"control","RUS_GRC",-0.540466431961584,1.10315605397574,28,NA,NA,NA
"control","RUS_GUY",0.198081085496954,0.930641842630369,24,NA,NA,NA
"control","RUS_HRV",-0.0751802773777078,0.809381588371753,28,NA,NA,NA
"control","RUS_HUN",-0.128983668146003,0.710107217877633,28,NA,NA,NA
"control","RUS_IDN",-0.0731008433424563,0.934819066057938,28,NA,NA,NA
"control","RUS_IND",-0.134926765403629,0.525081014509915,28,NA,NA,NA
"control","RUS_IRL",-0.223546191491064,1.13831581268693,28,NA,NA,NA
"control","RUS_ISL",-0.0345717241144422,1.20419147673008,28,NA,NA,NA
"control","RUS_ITA",-0.0682482779382035,0.940343253933279,28,NA,NA,NA
"control","RUS_JAM",-0.0881249428149422,1.60133001796932,26,NA,NA,NA
"control","RUS_JPN",0.0294729756427867,1.26587913996335,28,NA,NA,NA
"control","RUS_KEN",0.00400049976408868,1.39225112725857,25,NA,NA,NA
"control","RUS_KOR",0.102754781950381,1.12408421810414,28,NA,NA,NA
"control","RUS_LCA",-0.0292757690043615,1.07272207569984,26,NA,NA,NA
"control","RUS_LKA",0.208445787792735,1.44752681644701,28,NA,NA,NA
"control","RUS_LTU",0.104813695392818,0.946271323935159,27,NA,NA,NA
"control","RUS_MAC",0.0727900076645664,1.30021089366765,28,NA,NA,NA
"control","RUS_MAR",-0.0183169241283361,0.901969488438586,28,NA,NA,NA
"control","RUS_MDG",0.1563764057651,1.14280980129783,28,NA,NA,NA
"control","RUS_MEX",-0.00766852266072341,1.02876421164092,28,NA,NA,NA
"control","RUS_MMR",0.160150755803062,0.93187508570855,25,NA,NA,NA
"control","RUS_MYS",-0.0388269819957901,0.665920748316405,28,NA,NA,NA
"control","RUS_NLD",-0.199430271876509,1.00564234537953,28,NA,NA,NA
"control","RUS_NZL",0.00209884288972053,1.37863053949545,28,NA,NA,NA
"control","RUS_OMN",0.00279690616749601,1.1823392351771,28,NA,NA,NA
"control","RUS_PAK",0.000233783683117652,1.00373712282488,28,NA,NA,NA
"control","RUS_PER",0.0801925025947189,0.542126683123486,28,NA,NA,NA
"control","RUS_POL",0.561637859580208,1.28204346982925,28,NA,NA,NA
"control","RUS_PRT",-0.225712466828895,0.916123829925452,28,NA,NA,NA
"control","RUS_PRY",-0.0455860088533584,1.34551167860009,28,NA,NA,NA
"control","RUS_ROU",-0.00441421714304957,0.939560831809085,28,NA,NA,NA
"control","RUS_SAU",-0.00216701467769097,0.732936534750088,27,NA,NA,NA
"control","RUS_SGP",0.0119461518693946,1.53843471151028,28,NA,NA,NA
"control","RUS_SVN",-0.251070744768199,0.774060674342685,28,NA,NA,NA
"control","RUS_SWE",0.332972833135056,1.0137096957611,28,NA,NA,NA
"control","RUS_SYR",-0.0425671836553484,1.11127584988034,25,NA,NA,NA
"control","RUS_THA",-0.19561761728272,0.592475264058609,28,NA,NA,NA
"control","RUS_TTO",0.031536788734054,0.820005376686742,28,NA,NA,NA
"control","RUS_TUN",-0.0304478244196322,0.892144064692374,28,NA,NA,NA
"control","RUS_TUR",-0.160818660256769,0.842978126060831,28,NA,NA,NA
"control","RUS_TWN",-0.108805046451677,1.04382145708565,28,NA,NA,NA
"control","RUS_USA",-0.1950351977151,0.729244413477007,28,NA,NA,NA
"control","RWA_COL",0.373660848936448,1.35656884456562,18,NA,NA,NA
"control","RWA_GRC",-0.297100768903996,1.2665968830985,23,NA,NA,NA
"control","RWA_HRV",0.525331980391279,1.43688290801489,15,NA,NA,NA
"control","RWA_HUN",0.0104950080455154,0.907290896249094,22,NA,NA,NA
"control","RWA_SVN",0.109996659074371,0.967681560412501,25,NA,NA,NA
"control","SAU_BEN",0.0422672283635128,0.450477085300985,26,NA,NA,NA
"control","SAU_COL",0.164095778971588,0.773781067441993,28,NA,NA,NA
"control","SAU_ECU",0.226671055092212,0.99905895974109,27,NA,NA,NA
"control","SAU_GEO",-0.0163047188463245,0.93714704690383,23,NA,NA,NA
"control","SAU_GIB",-0.0683178418632531,0.991776814008379,15,NA,NA,NA
"control","SAU_GNQ",-0.316589784297537,1.72036616139528,14,NA,NA,NA
"control","SAU_HRV",-0.053445895050972,0.876879445502988,28,NA,NA,NA
"control","SAU_KAZ",-0.0104088166684164,0.604672840492643,26,NA,NA,NA
"control","SAU_LCA",-0.0508211108208769,1.09796392667085,21,NA,NA,NA
"control","SAU_MNP",0.144529730969253,1.49566531027867,9,NA,NA,NA
"control","SAU_MRT",-0.137964746002291,0.934457102093567,26,NA,NA,NA
"control","SAU_PAN",0.176505351657489,1.06528485107265,28,NA,NA,NA
"control","SAU_PER",0.114270106954199,0.598480744077699,26,NA,NA,NA
"control","SAU_PNG",-0.316973007242278,0.872819725197256,14,NA,NA,NA
"control","SAU_PRK",-0.283694731759014,0.439039503171847,24,NA,NA,NA
"control","SAU_PYF",-0.225571146728406,0.365403106859363,28,NA,NA,NA
"control","SAU_SLV",0.120246551556476,0.892330045040205,24,NA,NA,NA
"control","SAU_SVN",-0.374313812383218,1.11798854883938,28,NA,NA,NA
"control","SAU_VEN",-0.12673376444962,1.4021654648733,28,NA,NA,NA
"control","SAU_ZAF",-0.13734596777231,0.704430805178093,27,NA,NA,NA
"control","SDN_HRV",-0.124949397882986,1.01821406188821,24,NA,NA,NA
"control","SDN_JAM",0.115215725318009,0.448783561376906,14,NA,NA,NA
"control","SDN_MLT",0.2084729878068,1.21985189016677,20,NA,NA,NA
"control","SDN_POL",0.301323002775663,1.21650908390713,28,NA,NA,NA
"control","SDN_SVN",-0.0257319349883876,1.08870247469386,28,NA,NA,NA
"control","SEN_HUN",-0.0734375104308192,1.4155921282432,27,NA,NA,NA
"control","SEN_JAM",0.229215986864694,1.84928783907582,11,NA,NA,NA
"control","SEN_KEN",-0.221703299580631,0.876243915414094,26,NA,NA,NA
"control","SEN_LKA",0.282903929544762,0.697381359717021,20,NA,NA,NA
"control","SEN_MMR",0.0387640521800902,0.737834294261143,11,NA,NA,NA
"control","SEN_SAU",0.255622982042149,1.1271976429218,27,NA,NA,NA
"control","SEN_SGP",0.0170788007630258,1.40638787690689,22,NA,NA,NA
"control","SGP_AZE",0.0319388354482984,1.38830050501201,25,NA,NA,NA
"control","SGP_BWA",0.366383860020363,1.19263465268867,21,NA,NA,NA
"control","SGP_HRV",0.104924978188219,0.555717177117009,26,NA,NA,NA
"control","SGP_RUS",-0.204236807177063,1.84665877304082,28,NA,NA,NA
"control","SGP_SVN",0.417491306945431,0.880059394945603,26,NA,NA,NA
"control","SGP_UKR",-0.340585375999109,1.17798974244267,28,NA,NA,NA
"control","SGP_ZAF",0.173802290287413,1.12612748740355,27,NA,NA,NA
"control","SHN_MMR",0.190882378520033,1.64386805101814,11,NA,NA,NA
"control","SLB_HUN",-0.252114240956031,1.08815171091839,9,NA,NA,NA
"control","SLB_SAU",0.0606471614523003,0.419159180032251,11,NA,NA,NA
"control","SLB_SVN",-0.231547390942211,1.24334717281167,16,NA,NA,NA
"control","SLE_BRN",0.0535430391920262,0.966838899628356,16,NA,NA,NA
"control","SLE_DZA",0.0929875695715325,0.876457188041755,19,NA,NA,NA
"control","SLE_KEN",-0.00518957105139988,1.21022814497603,21,NA,NA,NA
"control","SLE_MAR",0.25828745852301,0.903623795292761,28,NA,NA,NA
"control","SLE_MUS",-0.326745955709578,0.853466924659127,27,NA,NA,NA
"control","SLE_POL",0.163280536833881,0.653949321888863,26,NA,NA,NA
"control","SLE_TUR",0.382933212355084,0.937714130696156,22,NA,NA,NA
"control","SLE_ZAF",0.328891047391581,1.05076645722543,27,NA,NA,NA
"control","SLV_BOL",0.0796881490634547,0.599892480263522,28,NA,NA,NA
"control","SLV_GUY",0.178493054727041,0.78219472618225,25,NA,NA,NA
"control","SLV_KWT",0.380735817095264,1.21313612067403,20,NA,NA,NA
"control","SLV_LCA",-0.335456540075152,1.64687695908097,27,NA,NA,NA
"control","SLV_NGA",0.21938537284066,1.25911599840495,22,NA,NA,NA
"control","SLV_PER",0.231238556620152,0.571776215911945,27,NA,NA,NA
"control","SLV_POL",-0.0905151962331219,0.993612659157467,18,NA,NA,NA
"control","SLV_THA",0.0447682488679482,1.72931257291074,28,NA,NA,NA
"control","SLV_TTO",0.283875306642996,0.821782712231671,28,NA,NA,NA
"control","SOM_BGD",-0.4199611695359,0.717402424639757,18,NA,NA,NA
"control","SOM_DZA",-0.073800455425094,0.860491919338366,20,NA,NA,NA
"control","SOM_HUN",0.298938298535699,0.944479152306423,10,NA,NA,NA
"control","SOM_PAK",0.329604058955047,0.795698868161871,25,NA,NA,NA
"control","SOM_PER",-0.521171119030469,1.04905755480951,9,NA,NA,NA
"control","STP_BOL",-0.0618973078083479,0.563038725134997,12,NA,NA,NA
"control","STP_COL",-0.255823557024915,0.692060977243247,13,NA,NA,NA
"control","STP_GRC",-0.0872027162322843,0.714589689948867,8,NA,NA,NA
"control","STP_HUN",-0.0725496132717856,0.398558286458302,13,NA,NA,NA
"control","STP_IRL",-0.356934545578591,0.783184954836114,21,NA,NA,NA
"control","SUR_BRN",0.0875569779329666,0.441137828370618,9,NA,NA,NA
"control","SUR_CHN",-0.256865702804576,0.801888706918223,28,NA,NA,NA
"control","SUR_COL",-0.376892521953841,0.685241432353632,24,NA,NA,NA
"control","SUR_HUN",0.0258614609857962,0.396516506853265,15,NA,NA,NA
"control","SUR_MMR",-0.189184364835894,0.453635842422891,11,NA,NA,NA
"control","SVN_ALB",0.364514504682088,1.67653818121028,13,NA,NA,NA
"control","SVN_ARG",0.187478410038332,1.22165787354125,28,NA,NA,NA
"control","SVN_AUS",-0.102694117547526,1.50996437117696,28,NA,NA,NA
"control","SVN_BLR",0.0401932442491897,0.731440561317551,28,NA,NA,NA
"control","SVN_BRA",-0.287785113970263,0.580169239678016,28,NA,NA,NA
"control","SVN_CAN",-0.374399229162209,0.803400721639731,24,NA,NA,NA
"control","SVN_CHL",0.300247895106008,0.931365654614771,11,NA,NA,NA
"control","SVN_COL",0.0501212107277046,1.04256846011319,20,NA,NA,NA
"control","SVN_DZA",-0.168442078744209,1.65121613685699,11,NA,NA,NA
"control","SVN_ECU",-0.0873114346415436,1.03751641098158,24,NA,NA,NA
"control","SVN_EGY",0.205537246444872,0.41982746572299,11,NA,NA,NA
"control","SVN_GHA",0.105768097600286,0.886659991057897,22,NA,NA,NA
"control","SVN_GTM",0.398008919961935,0.953347931370801,19,NA,NA,NA
"control","SVN_IDN",0.130863974491311,0.745161781368606,28,NA,NA,NA
"control","SVN_IND",0.0788742106033087,0.857578714539999,28,NA,NA,NA
"control","SVN_IRQ",0.107897226541254,1.26882270414955,27,NA,NA,NA
"control","SVN_JPN",0.135484744962733,1.32516180860768,26,NA,NA,NA
"control","SVN_KOR",-0.268847767442248,1.03953914290858,18,NA,NA,NA
"control","SVN_LKA",-0.402903182490014,1.38732124748049,28,NA,NA,NA
"control","SVN_MEX",0.216349099709672,0.734710776858177,11,NA,NA,NA
"control","SVN_MYS",0.225927950803422,0.999365760219216,28,NA,NA,NA
"control","SVN_NZL",-0.00325056393269699,0.781473178336586,28,NA,NA,NA
"control","SVN_PAK",0.0438746885699085,0.625665702910351,28,NA,NA,NA
"control","SVN_PAN",-0.100853866988424,0.832386300078187,20,NA,NA,NA
"control","SVN_RUS",-0.159093253471602,1.06943305684313,28,NA,NA,NA
"control","SVN_SAU",-0.146123584447665,0.729620905019431,28,NA,NA,NA
"control","SVN_THA",0.223598576976901,0.706379511046615,28,NA,NA,NA
"control","SVN_TUN",-0.0274992571228874,0.925055318377808,11,NA,NA,NA
"control","SVN_TWN",-0.179327301631822,0.651267323360646,28,NA,NA,NA
"control","SVN_UKR",-0.0196713817214715,0.982448766730757,21,NA,NA,NA
"control","SVN_URY",-0.0599927266458035,1.33203071151382,28,NA,NA,NA
"control","SVN_USA",0.141523317350448,0.733239739617162,28,NA,NA,NA
"control","SVN_VEN",0.340237297554673,0.932605549338027,28,NA,NA,NA
"control","SVN_ZAF",-0.247780670359719,1.20218292253575,11,NA,NA,NA
"control","SVN_ZMB",0.0910136491706803,1.1560471693565,27,NA,NA,NA
"control","SWE_AFG",0.162102379173233,0.801091911618529,28,NA,NA,NA
"control","SWE_ARM",0.263272710033212,1.19025078370501,25,NA,NA,NA
"control","SWE_ATG",0.148729302636454,0.645786072594045,15,NA,NA,NA
"control","SWE_AZE",0.321468388037438,0.63348120198219,28,NA,NA,NA
"control","SWE_BDI",0.166318848304407,1.03227316523778,28,NA,NA,NA
"control","SWE_BFA",0.108832965315649,0.686892480836804,28,NA,NA,NA
"control","SWE_BIH",0.00254247068752208,0.607279455220438,15,NA,NA,NA
"control","SWE_BLR",-0.126469056737974,1.23085660544385,28,NA,NA,NA
"control","SWE_BRN",0.177433099469889,1.35733525194817,28,NA,NA,NA
"control","SWE_BTN",0.0177701701399709,0.953180641018602,28,NA,NA,NA
"control","SWE_BWA",0.0820243759825912,1.08105161786065,17,NA,NA,NA
"control","SWE_CIV",0.0800230073876843,1.06976435404411,23,NA,NA,NA
"control","SWE_COD",-0.0237522960548113,0.677976045994345,28,NA,NA,NA
"control","SWE_COG",-0.143934968061307,0.727207610687302,28,NA,NA,NA
"control","SWE_COM",-0.367769383687454,0.668474900790654,28,NA,NA,NA
"control","SWE_CPV",0.157044978649159,0.827905088413476,28,NA,NA,NA
"control","SWE_DJI",0.0563337537716204,0.747321642569827,28,NA,NA,NA
"control","SWE_DMA",0.190176287553401,1.22014944329174,15,NA,NA,NA
"control","SWE_DOM",-0.0867264515766041,0.854856316152357,15,NA,NA,NA
"control","SWE_GAB",-0.220876458444087,0.765871614575639,28,NA,NA,NA
"control","SWE_GEO",-0.0738785148000303,1.41316788565569,21,NA,NA,NA
"control","SWE_GIB",0.00798394398850453,0.799254968816719,28,NA,NA,NA
"control","SWE_GIN",-0.035113675782083,1.43394672082335,28,NA,NA,NA
"control","SWE_GNB",-0.0755779857465397,1.31092548423592,28,NA,NA,NA
"control","SWE_GNQ",-0.0215861805952679,1.42314465985596,28,NA,NA,NA
"control","SWE_GRD",-0.703329818115733,0.479969677922109,15,NA,NA,NA
"control","SWE_GTM",0.11225898010367,0.917147211320581,20,NA,NA,NA
"control","SWE_HND",-0.376603985103338,0.687908586582191,20,NA,NA,NA
"control","SWE_HRV",0.254678973299201,0.354534440217343,9,NA,NA,NA
"control","SWE_HTI",0.0480143900851231,1.10534774284178,28,NA,NA,NA
"control","SWE_KAZ",0.238836422029037,1.28752099083922,28,NA,NA,NA
"control","SWE_KGZ",0.228874005872503,0.807265217600965,28,NA,NA,NA
"control","SWE_KHM",0.206649667857966,0.894680567484567,28,NA,NA,NA
"control","SWE_KIR",0.255781094885253,1.00244041592608,27,NA,NA,NA
"control","SWE_KNA",0.147644738539473,1.09413409356506,15,NA,NA,NA
"control","SWE_LAO",0.0786886731612045,1.34489744018486,28,NA,NA,NA
"control","SWE_LCA",0.193010504174416,0.764067577753269,15,NA,NA,NA
"control","SWE_MDA",0.280072948287134,0.765125805853891,21,NA,NA,NA
"control","SWE_MDV",-0.263139386949112,1.08482457935314,28,NA,NA,NA
"control","SWE_MLI",0.268472384452385,0.610010869733105,28,NA,NA,NA
"control","SWE_MMR",0.207461395975497,0.615555249527332,28,NA,NA,NA
"control","SWE_MRT",-0.137078704524821,0.662820484011634,28,NA,NA,NA
"control","SWE_NER",0.255328649955723,1.02371431475429,28,NA,NA,NA
"control","SWE_NGA",-0.0195479549952713,1.13347124386092,28,NA,NA,NA
"control","SWE_NIC",0.255460850119197,1.04915955210693,20,NA,NA,NA
"control","SWE_NPL",-0.0225892192244715,0.827366581303359,28,NA,NA,NA
"control","SWE_PNG",-0.0326598759302144,1.50686075083592,16,NA,NA,NA
"control","SWE_PRK",0.122164243963614,0.856658436898599,27,NA,NA,NA
"control","SWE_RUS",0.10883094386669,0.747904786480031,28,NA,NA,NA
"control","SWE_RWA",-0.175865391313449,1.24882196115918,28,NA,NA,NA
"control","SWE_SEN",0.170987583404135,0.660358943974604,28,NA,NA,NA
"control","SWE_SLB",-0.275914217509336,1.3654842679145,28,NA,NA,NA
"control","SWE_SLE",-0.259376192244743,0.830625096223775,28,NA,NA,NA
"control","SWE_SLV",-0.282857852811191,0.420693145680133,20,NA,NA,NA
"control","SWE_STP",-0.0551567594492796,0.789100088245498,28,NA,NA,NA
"control","SWE_SUR",-0.185297755140295,1.01107392366802,15,NA,NA,NA
"control","SWE_SYC",0.251306098448865,0.499397600799708,19,NA,NA,NA
"control","SWE_TCD",0.349192451156788,0.952531129814293,28,NA,NA,NA
"control","SWE_TGO",0.0840297004290359,0.544504125760574,28,NA,NA,NA
"control","SWE_TJK",-0.0346870250867461,0.727286955417864,28,NA,NA,NA
"control","SWE_TON",-0.263431941834466,0.890978004890246,28,NA,NA,NA
"control","SWE_UGA",0.207876427946064,0.646877704372223,28,NA,NA,NA
"control","SWE_UKR",0.329924213349039,0.51737007385574,21,NA,NA,NA
"control","SWE_UZB",0.156920479805947,0.855142556828238,28,NA,NA,NA
"control","SWE_VCT",0.631188343244056,0.476748397586032,15,NA,NA,NA
"control","SWE_VUT",0.018822684699879,1.19158277058922,28,NA,NA,NA
"control","SWE_WSM",0.0056677045865541,1.12165813816181,27,NA,NA,NA
"control","SWE_YEM",-0.36505961525398,0.872686080036123,28,NA,NA,NA
"control","SWE_ZMB",-0.299487246279596,0.814273063169281,28,NA,NA,NA
"control","SWZ_THA",-0.095344711605251,1.01522515112177,25,NA,NA,NA
"control","SYC_DZA",0.114151967766188,0.735266063605285,19,NA,NA,NA
"control","SYC_HUN",0.119450833441756,1.38459246749909,17,NA,NA,NA
"control","SYC_IRL",-0.145649922389404,1.16317089066414,19,NA,NA,NA
"control","SYC_MEX",-0.505860788037464,1.15863930889736,18,NA,NA,NA
"control","SYC_MMR",-0.328760226660611,0.774722931961115,10,NA,NA,NA
"control","SYC_TWN",-0.191754440110619,0.954464330913697,22,NA,NA,NA
"control","SYR_ARM",0.367588567110481,0.41665836941071,23,NA,NA,NA
"control","SYR_CHN",-0.123916888505067,0.486983944806799,28,NA,NA,NA
"control","SYR_CUB",0.680920631649358,1.21614831931193,13,NA,NA,NA
"control","SYR_DJI",-0.356279706698128,1.34905891742278,9,NA,NA,NA
"control","SYR_ECU",-0.0237458529923842,0.686427074345517,27,NA,NA,NA
"control","SYR_GTM",0.0622016389517661,0.955482197336399,25,NA,NA,NA
"control","SYR_HRV",-0.0242706793283712,0.687520408306171,20,NA,NA,NA
"control","SYR_ISL",-0.111524525666661,1.3087263848235,22,NA,NA,NA
"control","SYR_LVA",0.20720023145873,1.43879432257405,8,NA,NA,NA
"control","SYR_POL",0.293980033672331,1.33447405790095,10,NA,NA,NA
"control","SYR_RUS",-0.239163840844821,0.523302489721097,25,NA,NA,NA
"control","TCA_CHN",-0.033450335014061,0.836209300529303,18,NA,NA,NA
"control","TCA_COL",-0.105304110935217,1.13570152732787,21,NA,NA,NA
"control","TCD_BRN",0.265201041325958,0.669873854915041,12,NA,NA,NA
"control","TCD_DZA",0.129274455257752,0.879028446367687,23,NA,NA,NA
"control","TCD_HRV",0.229379869199298,0.932117477521877,19,NA,NA,NA
"control","TCD_IRL",0.176690322641727,0.927207793085599,22,NA,NA,NA
"control","TCD_KOR",0.0846695523036837,0.892176997174845,22,NA,NA,NA
"control","TCD_KWT",-0.200966492754099,1.44799535214499,17,NA,NA,NA
"control","TCD_PER",0.117476627864442,0.974458687269437,12,NA,NA,NA
"control","TCD_POL",0.0428248657366576,0.717242833700657,28,NA,NA,NA
"control","TCD_SVN",0.343074854020804,0.720039399536697,20,NA,NA,NA
"control","TCD_SWE",-0.33596507097752,1.13299093126683,24,NA,NA,NA
"control","TCD_ZAF",0.0403668665500179,1.32764355446818,23,NA,NA,NA
"control","TGO_BRA",-0.0178539799028086,0.936492013620967,27,NA,NA,NA
"control","TGO_DZA",0.136846982593674,1.38081526542503,24,NA,NA,NA
"control","TGO_KEN",-0.192332358480701,0.761083049425908,21,NA,NA,NA
"control","TGO_POL",-0.125953290917775,0.991957941972925,28,NA,NA,NA
"control","TGO_ZAF",0.292287477020804,0.675567657107351,26,NA,NA,NA
"control","THA_CYM",0.171382155953669,0.930411741501103,28,NA,NA,NA
"control","THA_FSM",-0.478329583750043,1.45268968805874,28,NA,NA,NA
"control","THA_HRV",0.207680599578867,0.792129279625999,28,NA,NA,NA
"control","THA_IOT",0.350719241714565,1.02201930163147,18,NA,NA,NA
"control","THA_KIR",-0.0923886272835589,1.6283347887619,28,NA,NA,NA
"control","THA_LCA",-0.0230673273146955,0.836792561375661,28,NA,NA,NA
"control","THA_MNP",-0.277932019372111,1.02920163583265,28,NA,NA,NA
"control","THA_RUS",0.0332169645009843,0.64142660306079,28,NA,NA,NA
"control","THA_SVN",-0.146585127484289,1.40549516752984,28,NA,NA,NA
"control","TJK_AUT",0.0786009554925632,1.12477608349777,28,NA,NA,NA
"control","TJK_BGR",-0.0138361517099719,0.887387632115682,21,NA,NA,NA
"control","TJK_CHE",0.0306963465013661,0.943684344206968,28,NA,NA,NA
"control","TJK_CHN",0.116369299466074,0.897138041978677,28,NA,NA,NA
"control","TJK_DEU",0.205302896334856,1.44520267647731,28,NA,NA,NA
"control","TJK_ESP",-0.170231984622723,1.02529239492952,28,NA,NA,NA
"control","TJK_FRA",0.0402086033371272,1.6322792567054,28,NA,NA,NA
"control","TJK_IRL",-0.184001340162748,1.1509834935882,21,NA,NA,NA
"control","TJK_ITA",0.110308780804763,1.12200562637507,28,NA,NA,NA
"control","TJK_JPN",0.319582586734883,1.08709061544221,28,NA,NA,NA
"control","TJK_LTU",0.170982233045708,1.19564972491756,26,NA,NA,NA
"control","TJK_POL",-0.0980466905936753,0.695274557008908,28,NA,NA,NA
"control","TJK_PRT",-0.0807819853296577,0.899340730635035,25,NA,NA,NA
"control","TJK_ROU",-0.184469686996451,0.368899611204514,21,NA,NA,NA
"control","TJK_SVN",-0.0703133174321293,1.10590718928078,28,NA,NA,NA
"control","TJK_SWE",-0.0898300799365164,1.47468972291839,22,NA,NA,NA
"control","TJK_TWN",-0.158074484359862,1.64821293302026,24,NA,NA,NA
"control","TJK_USA",0.251441420009016,0.902483388316207,28,NA,NA,NA
"control","TKM_BGR",-0.00746762208213293,0.748120971809485,25,NA,NA,NA
"control","TKM_CHE",0.196715029901684,0.738192899514502,28,NA,NA,NA
"control","TKM_CHN",-0.0970311228169392,0.682989292289263,28,NA,NA,NA
"control","TKM_DEU",-0.0051999804126135,0.855502914362175,28,NA,NA,NA
"control","TKM_DNK",-0.271340178846717,0.438768114636056,21,NA,NA,NA
"control","TKM_ESP",0.293947006141094,1.00733515219617,28,NA,NA,NA
"control","TKM_FIN",-0.113561711967809,1.2546888543558,22,NA,NA,NA
"control","TKM_FRA",-0.20678853212042,0.952570781939595,28,NA,NA,NA
"control","TKM_ITA",0.105900140479131,1.235086222221,28,NA,NA,NA
"control","TKM_JPN",-0.203949485640581,0.657515238858844,28,NA,NA,NA
"control","TKM_LTU",0.0653158207555252,1.37623945510386,26,NA,NA,NA
"control","TKM_NLD",-0.0555066529445398,0.939274547458897,28,NA,NA,NA
"control","TKM_NZL",-0.000233764546458602,0.375401570955139,19,NA,NA,NA
"control","TKM_POL",-0.327017143966849,0.819272812041704,28,NA,NA,NA
"control","TKM_PRT",0.0724776754613803,0.808427920240492,28,NA,NA,NA
"control","TKM_ROU",0.218595083267611,1.33330690868229,28,NA,NA,NA
"control","TKM_SAU",0.111758793842065,1.06517557459728,20,NA,NA,NA
"control","TKM_SVN",-0.230588075023533,0.882699872141386,26,NA,NA,NA
"control","TKM_SWE",-0.327470020413332,0.636141974779386,25,NA,NA,NA
"control","TKM_TWN",-0.351443714061484,1.03061010869665,26,NA,NA,NA
"control","TKM_USA",0.552345702837988,1.28729631661003,28,NA,NA,NA
"control","TON_CAN",0.223403792720239,1.32780756321068,28,NA,NA,NA
"control","TON_PER",0.250766271699666,0.291014112350527,8,NA,NA,NA
"control","TTO_BHR",0.0139637675944551,0.911094083502428,22,NA,NA,NA
"control","TTO_HUN",-0.406676971962083,0.9271354005682,14,NA,NA,NA
"control","TTO_PRY",0.00257040598314582,0.405456290077734,25,NA,NA,NA
"control","TTO_PYF",0.122224407596809,1.03319037241369,22,NA,NA,NA
"control","TTO_RUS",0.411039555085231,0.390724911607301,26,NA,NA,NA
"control","TTO_RWA",0.283701892880704,0.722228928891765,9,NA,NA,NA
"control","TTO_SAU",-0.198170106155655,1.0651666002294,26,NA,NA,NA
"control","TTO_SEN",-0.221121542172131,1.56985347167716,26,NA,NA,NA
"control","TTO_SLV",-0.0323083569598396,0.890373111898305,28,NA,NA,NA
"control","TTO_TCA",0.223511665235193,0.617152139714175,24,NA,NA,NA
"control","TUN_AGO",0.244717313949149,1.2468176178593,27,NA,NA,NA
"control","TUN_ALB",0.116307969205181,0.980507177894651,25,NA,NA,NA
"control","TUN_BHS",-0.0461942864832247,0.998825594067162,24,NA,NA,NA
"control","TUN_BRN",-0.0460316317798119,0.918963735650841,19,NA,NA,NA
"control","TUN_DMA",0.0567854598827323,0.843668136835751,11,NA,NA,NA
"control","TUN_FLK",0.163873764498335,1.27008064130478,14,NA,NA,NA
"control","TUN_GMB",-0.28831711894788,0.817759870834721,28,NA,NA,NA
"control","TUN_HRV",-0.0178282202666742,1.06811117306763,20,NA,NA,NA
"control","TUN_NPL",-0.262630575625145,0.541666819756173,17,NA,NA,NA
"control","TUN_RUS",-0.223229831606963,1.09962410753214,28,NA,NA,NA
"control","TUN_RWA",0.0719244887268418,0.72842865765641,22,NA,NA,NA
"control","TUN_SVN",-0.284448942288781,0.670495256745861,11,NA,NA,NA
"control","TUR_ARM",0.0251040333133962,0.905443733868875,24,NA,NA,NA
"control","TUR_BIH",-0.0660530241209564,0.771046841067075,10,NA,NA,NA
"control","TUR_BLR",0.0977220263274882,0.692340963297078,28,NA,NA,NA
"control","TUR_COM",-0.291572934461274,0.9029882589629,25,NA,NA,NA
"control","TUR_GEO",-0.148799576660533,0.989394799150151,15,NA,NA,NA
"control","TUR_GNB",-0.162756705461646,0.810767106080707,23,NA,NA,NA
"control","TUR_HRV",0.290029727952127,0.466864712465254,10,NA,NA,NA
"control","TUR_MDA",-0.164240531170723,0.983779644825359,23,NA,NA,NA
"control","TUR_RUS",0.047096541059163,0.805977664854545,28,NA,NA,NA
"control","TUR_SLB",0.356429393760718,1.02851622743862,17,NA,NA,NA
"control","TUR_SWZ",-0.0997787359010105,1.41214811440827,24,NA,NA,NA
"control","TUR_UKR",0.119338055883632,1.3475570986474,28,NA,NA,NA
"control","TUR_ZAF",-0.0870169483687391,1.16724000707544,28,NA,NA,NA
"control","TUV_DNK",-0.0995920353261265,0.847022333882608,11,NA,NA,NA
"control","TUV_HRV",-0.321278713880312,0.886677707612293,15,NA,NA,NA
"control","TUV_SVN",-0.06692729694216,0.746288898604914,17,NA,NA,NA
"control","TUV_SWE",-0.00796748081382921,0.913119134269383,19,NA,NA,NA
"control","TWN_CUB",0.219590170193668,1.00446654567495,25,NA,NA,NA
"control","TWN_DZA",0.119374627328892,0.572124325850512,28,NA,NA,NA
"control","TWN_HRV",0.0553194830614485,1.15598066440003,28,NA,NA,NA
"control","TWN_LCA",0.392760802625427,0.708647240202069,28,NA,NA,NA
"control","TWN_PRK",-0.0170195803345088,0.824835728201618,25,NA,NA,NA
"control","TWN_RUS",0.49239840238962,1.24824157788612,27,NA,NA,NA
"control","TWN_STP",0.0821609306144578,0.921062492175992,24,NA,NA,NA
"control","TWN_SVN",0.201557475147623,0.942812340511986,28,NA,NA,NA
"control","TWN_SYR",-0.150020791897134,0.902024406775412,27,NA,NA,NA
"control","TWN_UKR",-0.121916005703994,0.670230621078551,26,NA,NA,NA
"control","TWN_ZWE",0.0833150603509438,1.02113813014169,28,NA,NA,NA
"control","TZA_BRN",-0.419616556010724,0.912709077922184,20,NA,NA,NA
"control","TZA_HRV",0.383541060771846,0.714204329719718,26,NA,NA,NA
"control","TZA_KWT",-0.0253344055408139,0.921051323439403,28,NA,NA,NA
"control","TZA_POL",-0.0597225885135738,1.43633049248908,28,NA,NA,NA
"control","TZA_SVN",0.0394037656838312,0.811439140879817,28,NA,NA,NA
"control","UGA_BGR",0.116005942965685,0.749372103171903,26,NA,NA,NA
"control","UGA_BOL",0.347547613819369,0.656377430763355,9,NA,NA,NA
"control","UGA_BRN",-0.232109828603105,0.844939928400616,18,NA,NA,NA
"control","UGA_COL",0.0347711399504461,1.34763267056206,24,NA,NA,NA
"control","UGA_HRV",0.0184361459486648,0.900358251361285,28,NA,NA,NA
"control","UGA_NZL",-0.312059081651412,0.56882676190063,25,NA,NA,NA
"control","UGA_POL",-0.288721697050048,0.801289537231172,27,NA,NA,NA
"control","UGA_SEN",0.277391978635031,1.18568036187632,26,NA,NA,NA
"control","UGA_SVN",0.0319039867123932,0.982584148509794,28,NA,NA,NA
"control","UGA_TTO",-0.132900858922793,1.12554251684977,18,NA,NA,NA
"control","UKR_AUS",0.109069233012723,0.799033031687574,28,NA,NA,NA
"control","UKR_AUT",-0.355764904327333,1.27129932771565,21,NA,NA,NA
"control","UKR_BGR",0.124442231707602,1.1621842723222,18,NA,NA,NA
"control","UKR_CHE",-0.0488597495656883,1.04934058979974,19,NA,NA,NA
"control","UKR_CHN",0.251363627636683,1.12134116362069,28,NA,NA,NA
"control","UKR_DEU",-0.234774386749677,0.86162275273589,21,NA,NA,NA
"control","UKR_DNK",0.177277013783391,0.967795050734531,21,NA,NA,NA
"control","UKR_DZA",0.200941515863207,1.39254763408123,27,NA,NA,NA
"control","UKR_ESP",-0.219016040333554,1.02343019421786,21,NA,NA,NA
"control","UKR_FIN",-0.227523197903461,1.02774011609266,21,NA,NA,NA
"control","UKR_FRA",-0.297748819307688,1.09456668357416,21,NA,NA,NA
"control","UKR_GRC",-0.0144300236077678,1.79370803992246,21,NA,NA,NA
"control","UKR_HRV",0.13828074774187,0.798341396880701,21,NA,NA,NA
"control","UKR_HUN",0.407827964941507,1.47295054131458,21,NA,NA,NA
"control","UKR_IRL",0.0101033622578032,1.29229134900972,21,NA,NA,NA
"control","UKR_ISL",-0.0494603680138413,1.04850700672875,19,NA,NA,NA
"control","UKR_ITA",-0.145471372967737,0.885289670174946,21,NA,NA,NA
"control","UKR_JAM",0.143263337581426,1.44567865396521,23,NA,NA,NA
"control","UKR_JPN",0.022267213389718,0.950620500683886,28,NA,NA,NA
"control","UKR_KOR",-0.0186502369361713,0.803024059519674,28,NA,NA,NA
"control","UKR_LTU",0.195016090983637,0.789662651513157,20,NA,NA,NA
"control","UKR_NLD",0.351160882266401,0.900304155275659,21,NA,NA,NA
"control","UKR_NZL",-0.09066165002525,1.06469509000101,28,NA,NA,NA
"control","UKR_POL",-0.286675122241718,0.783127629173156,21,NA,NA,NA
"control","UKR_PRT",-0.542616124624407,1.03426333623048,21,NA,NA,NA
"control","UKR_ROU",-0.141615862421635,0.964201375559205,21,NA,NA,NA
"control","UKR_SGP",-0.343692221770851,1.14520208812384,28,NA,NA,NA
"control","UKR_SVN",0.157161237712786,0.726285671382237,21,NA,NA,NA
"control","UKR_SWE",0.0499941389540748,1.19910030738515,21,NA,NA,NA
"control","UKR_TUR",-0.0192092432598841,0.920029213130291,28,NA,NA,NA
"control","UKR_TWN",-0.0497656547808486,0.953975548246638,28,NA,NA,NA
"control","UKR_USA",0.264310873985764,0.732871592360317,28,NA,NA,NA
"control","UKR_ZAF",0.00576094521379162,0.75694101724307,25,NA,NA,NA
"control","URY_BFA",-0.103367288696826,0.707331003781845,18,NA,NA,NA
"control","URY_BHS",-0.0441207618131025,1.53322857954541,27,NA,NA,NA
"control","URY_BLZ",0.095381647276657,0.972279828936819,24,NA,NA,NA
"control","URY_BRN",-0.120039602990592,1.49311069979073,18,NA,NA,NA
"control","URY_DZA",0.0805264244753646,1.27215468479457,26,NA,NA,NA
"control","URY_HND",-0.124700181182805,0.581951998759634,28,NA,NA,NA
"control","URY_HRV",0.0280171895107102,0.560588143246178,28,NA,NA,NA
"control","URY_KEN",-0.282214790143997,1.1752511638727,27,NA,NA,NA
"control","URY_SVN",-0.0822848255971602,0.985241117693552,28,NA,NA,NA
"control","USA_ARM",0.0748331947141041,0.911061489184195,28,NA,NA,NA
"control","USA_AZE",-0.056742953634615,0.904124704752037,28,NA,NA,NA
"control","USA_BIH",-0.116573735846184,0.997921820067778,28,NA,NA,NA
"control","USA_BLR",0.060769908225322,0.902792907753716,28,NA,NA,NA
"control","USA_EST",-0.0787819472932455,1.12180559394613,28,NA,NA,NA
"control","USA_FSM",0.122118643836256,0.964016393083959,28,NA,NA,NA
"control","USA_GEO",0.0549158840693585,0.956447649134816,28,NA,NA,NA
"control","USA_HRV",-0.00564104436101073,0.975025371311602,28,NA,NA,NA
"control","USA_KAZ",-0.120558342488594,1.26683149438406,28,NA,NA,NA
"control","USA_KGZ",0.0371897763095332,0.966428987596804,28,NA,NA,NA
"control","USA_KHM",0.400220171593323,1.11932968753652,28,NA,NA,NA
"control","USA_LTU",-0.115935210659583,1.35126642222676,28,NA,NA,NA
"control","USA_LVA",-0.0131837153479425,0.432168840953135,28,NA,NA,NA
"control","USA_MDA",-0.205421052624121,0.966029177009635,28,NA,NA,NA
"control","USA_MHL",0.0516817178840056,0.887775237980081,28,NA,NA,NA
"control","USA_RUS",0.0744579392210869,1.01369265102729,28,NA,NA,NA
"control","USA_SHN",-0.0508889359317244,0.803388236236754,28,NA,NA,NA
"control","USA_SVN",-0.0185442526505923,1.18542276727076,28,NA,NA,NA
"control","USA_TJK",-0.310551506566697,1.09777438009699,28,NA,NA,NA
"control","USA_TKM",-0.0294117505825234,0.94604794304243,28,NA,NA,NA
"control","USA_UKR",0.508173837302301,0.858171287668309,28,NA,NA,NA
"control","USA_UZB",0.017066976624953,0.85615527459891,28,NA,NA,NA
"control","USA_WLF",-0.105913030137226,0.657501357845699,27,NA,NA,NA
"control","UZB_AUT",0.0456112254080543,1.19366934920099,28,NA,NA,NA
"control","UZB_BGR",0.235333287690468,1.31639767207748,25,NA,NA,NA
"control","UZB_CHE",-0.0347360471732567,1.63542721738799,28,NA,NA,NA
"control","UZB_CHN",-0.598908613605653,1.25239258239362,28,NA,NA,NA
"control","UZB_DEU",0.227988487429487,1.49152406407212,28,NA,NA,NA
"control","UZB_DNK",-0.192205085919425,0.949249005109938,28,NA,NA,NA
"control","UZB_ESP",0.101540501500096,1.05708095053181,28,NA,NA,NA
"control","UZB_FIN",0.0924039290476888,1.12208868133402,28,NA,NA,NA
"control","UZB_FRA",0.212964272083893,0.93641751216327,28,NA,NA,NA
"control","UZB_HRV",-0.200632798415181,0.828545417966102,28,NA,NA,NA
"control","UZB_ITA",0.320306402979575,1.31143624051628,28,NA,NA,NA
"control","UZB_JPN",-0.139540819666861,1.55561784179134,28,NA,NA,NA
"control","UZB_KOR",-0.194233011536828,0.626621936651702,28,NA,NA,NA
"control","UZB_LTU",-0.277268376543758,0.868205026765903,27,NA,NA,NA
"control","UZB_NLD",-0.144903260705953,1.6820998638873,28,NA,NA,NA
"control","UZB_POL",-0.0866125078038769,0.880426025751421,28,NA,NA,NA
"control","UZB_PRT",0.0100231904100148,0.772303100610509,28,NA,NA,NA
"control","UZB_ROU",0.349531133167847,1.0037698604374,28,NA,NA,NA
"control","UZB_SAU",0.304235418020388,1.66641703611674,27,NA,NA,NA
"control","UZB_SGP",0.364444193314586,1.98805733414754,14,NA,NA,NA
"control","UZB_SVN",0.0397573566250665,1.08056024889705,28,NA,NA,NA
"control","UZB_SWE",0.121104697141979,0.968033492613802,27,NA,NA,NA
"control","UZB_TWN",-0.0398366553857127,0.913776488028966,28,NA,NA,NA
"control","UZB_USA",-0.129280774811799,0.951149520636019,28,NA,NA,NA
"control","VCT_CHL",0.089188832752696,1.17863158887243,10,NA,NA,NA
"control","VCT_MYS",0.334641433654066,1.22263227946653,9,NA,NA,NA
"control","VCT_SWE",-0.890614925899994,1.32807110237253,10,NA,NA,NA
"control","VCT_VEN",-0.0945671210906841,0.618124916606673,22,NA,NA,NA
"control","VCT_ZAF",-0.151834307651139,1.3201302281842,27,NA,NA,NA
"control","VEN_BLZ",-0.235548815931346,1.11970856122954,26,NA,NA,NA
"control","VEN_DMA",-0.328914736911704,0.896101540452263,22,NA,NA,NA
"control","VEN_HRV",0.203057492571294,0.806134108200504,28,NA,NA,NA
"control","VEN_LCA",0.120337938085182,1.05154999370925,28,NA,NA,NA
"control","VEN_MAC",-0.23807162479864,1.15916688446468,12,NA,NA,NA
"control","VGB_COL",0.320908478284897,1.11350690669576,28,NA,NA,NA
"control","VGB_ECU",0.324410147764439,1.66907090013039,14,NA,NA,NA
"control","VGB_HRV",-0.277808579412612,0.918222459027966,19,NA,NA,NA
"control","VGB_JAM",-0.139960093669299,1.11486968054526,24,NA,NA,NA
"control","VGB_LCA",0.0277576516823187,0.931995933411202,27,NA,NA,NA
"control","VGB_NLD",-0.264032300403908,0.50025818369674,12,NA,NA,NA
"control","VNM_BRB",0.110598926636222,1.21877504397621,26,NA,NA,NA
"control","VNM_HRV",0.115660315962327,1.44633269371113,28,NA,NA,NA
"control","VNM_KEN",0.0275908135310257,0.620309011953944,26,NA,NA,NA
"control","VNM_KWT",-0.00431176788156521,1.2856006247896,28,NA,NA,NA
"control","VNM_LCA",0.145153969709527,0.589477758027553,28,NA,NA,NA
"control","VNM_OMN",0.156109887370265,1.25662906426409,27,NA,NA,NA
"control","VNM_POL",0.00858967777374888,0.971655869251961,28,NA,NA,NA
"control","VNM_QAT",0.148164793858114,1.17103447978504,21,NA,NA,NA
"control","VNM_USA",-0.247675568149827,1.2978549065937,27,NA,NA,NA
"control","VNM_ZAF",0.264187070343251,0.937538349461209,26,NA,NA,NA
"control","VUT_HRV",-0.265545549021036,1.04188552759323,16,NA,NA,NA
"control","VUT_SWE",-0.0917812139696178,0.733434691529319,17,NA,NA,NA
"control","VUT_THA",0.0961678233447741,1.02972320784887,26,NA,NA,NA
"control","VUT_TUR",0.00434484091410729,0.513034864532518,17,NA,NA,NA
"control","WLF_COL",-0.564447200604618,1.2603810666532,10,NA,NA,NA
"control","WLF_HRV",0.29418318934129,0.977465893029361,15,NA,NA,NA
"control","WSM_HRV",0.289013257477803,0.768492868107545,11,NA,NA,NA
"control","YEM_BRA",0.244549162841803,0.843288701269653,25,NA,NA,NA
"control","YEM_CHN",-0.0326130937464259,0.906639618490567,28,NA,NA,NA
"control","YEM_COL",0.252135215030442,1.08061407277772,19,NA,NA,NA
"control","YEM_DNK",0.0700984098058324,0.847593619052122,23,NA,NA,NA
"control","YEM_GBR",-0.0540488906301282,1.46100359945008,28,NA,NA,NA
"control","YEM_GUY",0.051099428607079,0.699944725666108,12,NA,NA,NA
"control","YEM_HRV",-0.514189587761392,0.683845118148928,14,NA,NA,NA
"control","YEM_HUN",-0.137417690626757,0.754350908733297,16,NA,NA,NA
"control","YEM_IRL",-0.0417782819319896,1.01874025961828,28,NA,NA,NA
"control","YEM_KEN",-0.123328038122566,0.606736157133477,24,NA,NA,NA
"control","YEM_MDG",0.29347464383165,1.08606571562156,15,NA,NA,NA
"control","YEM_PAK",0.112943095958307,0.417438378129217,24,NA,NA,NA
"control","YEM_SWE",0.00932261971731911,0.819170550472764,28,NA,NA,NA
"control","YEM_TWN",-0.00504550231913713,1.27007557232178,25,NA,NA,NA
"control","ZAF_AGO",-0.0515057836002292,0.851908944180946,27,NA,NA,NA
"control","ZAF_ARE",0.0657440046946954,0.629120017525362,27,NA,NA,NA
"control","ZAF_BDI",0.307290209411537,1.04920671119911,26,NA,NA,NA
"control","ZAF_BGR",-0.157976111219547,1.47917465523588,13,NA,NA,NA
"control","ZAF_BHR",0.0943461856362106,1.07138688150542,27,NA,NA,NA
"control","ZAF_CAF",-0.0877626834500269,0.957553014538556,26,NA,NA,NA
"control","ZAF_CHN",0.193595959432146,1.07137862168253,28,NA,NA,NA
"control","ZAF_CIV",0.208095147720685,0.993579645879877,27,NA,NA,NA
"control","ZAF_COD",-0.214085899334341,1.00271837008528,27,NA,NA,NA
"control","ZAF_COG",-0.0614135442477549,1.12357044067614,28,NA,NA,NA
"control","ZAF_COM",0.185443130916728,0.93070017922902,24,NA,NA,NA
"control","ZAF_CPV",0.0262126162448828,0.870776272339186,26,NA,NA,NA
"control","ZAF_CYP",0.270400223289112,1.23974570308781,10,NA,NA,NA
"control","ZAF_GAB",0.032957930313137,1.7400633633239,28,NA,NA,NA
"control","ZAF_GHA",-0.0795255480583053,0.989406819445936,27,NA,NA,NA
"control","ZAF_HRV",-0.302461702749878,0.690226720170006,20,NA,NA,NA
"control","ZAF_IND",0.105024082112392,0.97371942870078,28,NA,NA,NA
"control","ZAF_IRN",0.0225261047502857,1.32924908463284,27,NA,NA,NA
"control","ZAF_JAM",-0.00623174037308599,0.625527993582995,21,NA,NA,NA
"control","ZAF_KEN",0.0214617409333242,0.880204104561103,28,NA,NA,NA
"control","ZAF_KOR",0.100381908602966,1.07194553621815,28,NA,NA,NA
"control","ZAF_KWT",0.100035811057225,1.08445857261526,27,NA,NA,NA
"control","ZAF_LBN",-0.144458374511735,1.26755271177792,27,NA,NA,NA
"control","ZAF_LBY",-0.198963843123403,1.2928136453178,24,NA,NA,NA
"control","ZAF_MYS",-0.129373311311658,0.832701843214188,28,NA,NA,NA
"control","ZAF_NGA",0.301793883812526,1.07038508026035,27,NA,NA,NA
"control","ZAF_NRU",-0.0598755937010995,0.628557501859783,11,NA,NA,NA
"control","ZAF_NZL",0.116000483497557,1.69923391781191,28,NA,NA,NA
"control","ZAF_OMN",0.134234529222825,0.937018401290455,28,NA,NA,NA
"control","ZAF_PHL",-0.418838193757346,0.868704999913147,28,NA,NA,NA
"control","ZAF_POL",0.396534508354684,0.519731672909494,11,NA,NA,NA
"control","ZAF_PRK",0.217679288696683,1.15381065162769,23,NA,NA,NA
"control","ZAF_QAT",-0.26412611314793,1.25180580066193,27,NA,NA,NA
"control","ZAF_SAU",-0.12642840008989,1.24702692445162,27,NA,NA,NA
"control","ZAF_SDN",-0.0281708314470674,1.25271821709905,27,NA,NA,NA
"control","ZAF_SGP",-0.242872991444771,1.22281799308862,27,NA,NA,NA
"control","ZAF_STP",0.0779886758858565,1.11076442193034,26,NA,NA,NA
"control","ZAF_SVN",0.355374259997296,0.644168765892097,11,NA,NA,NA
"control","ZAF_THA",0.178123224456517,0.700259434398008,27,NA,NA,NA
"control","ZAF_TUR",0.227731106712059,0.839640445084193,28,NA,NA,NA
"control","ZAF_VNM",0.0706090395984575,1.28477964771347,26,NA,NA,NA
"control","ZMB_ARE",0.279890417579696,1.22651820730659,26,NA,NA,NA
"control","ZMB_CHN",0.441770600496985,1.10968417144671,28,NA,NA,NA
"control","ZMB_COL",-0.0494586471803899,0.877934713510224,22,NA,NA,NA
"control","ZMB_HRV",-0.0450695744863813,1.03876451730051,28,NA,NA,NA
"control","ZMB_HUN",0.157641426667918,0.842437759750364,28,NA,NA,NA
"control","ZMB_POL",-0.187442859776145,0.523790126789576,28,NA,NA,NA
"control","ZMB_SEN",0.324948235100116,1.04378054049268,27,NA,NA,NA
"control","ZMB_SVN",0.173062825060794,0.899381668547566,28,NA,NA,NA
"control","ZWE_HRV",-0.0143494664334739,1.34236454878073,20,NA,NA,NA
"control","ZWE_KWT",-0.171566399868269,0.723935851842332,27,NA,NA,NA
"control","ZWE_SVN",0.494200345914251,1.51729687981507,19,NA,NA,NA
"control","ABW_BOL",-0.580973169243133,0.969631383902947,9,NA,NA,NA
"control","ABW_BRA",-0.128885966937766,1.00321397190331,20,NA,NA,NA
"control","ABW_DMA",-0.180831991762492,1.52713329272612,18,NA,NA,NA
"control","ABW_GRD",-0.144518538774509,0.391119226971112,25,NA,NA,NA
"control","ABW_GTM",0.167701135717026,1.45931251984998,20,NA,NA,NA
"control","ABW_MEX",0.247124092356269,1.09409857469291,27,NA,NA,NA
"control","ABW_VCT",0.300387610762067,1.21634639090373,21,NA,NA,NA
"control","AFG_COG",0.14537866001996,1.30231069033526,10,NA,NA,NA
"control","AFG_CZE",0.355793369645816,0.985498746523027,27,NA,NA,NA
"control","AFG_DZA",-0.00638971464660852,1.09843578898156,25,NA,NA,NA
"control","AFG_GAB",-0.0871340971046825,1.70105627950385,10,NA,NA,NA
"control","AFG_GTM",-0.356727049318489,1.25191097896959,21,NA,NA,NA
"control","AFG_NIC",-0.233283628101676,1.12901872210887,17,NA,NA,NA
"control","AFG_ROU",0.123983868500976,0.937261399205814,26,NA,NA,NA
"control","AGO_COG",-0.234854139353779,1.3968626053176,16,NA,NA,NA
"control","AGO_GAB",0.159091820083572,0.728838698401979,19,NA,NA,NA
"control","AGO_IRL",-0.00954762847988547,1.05519581898003,27,NA,NA,NA
"control","AGO_NOR",-0.0348351810714846,1.21008874675958,25,NA,NA,NA
"control","AGO_SWE",0.187959774434604,1.12413727584538,26,NA,NA,NA
"control","AIA_COL",-0.101658113182268,0.686096296507833,16,NA,NA,NA
"control","AIA_DMA",0.00604830695517541,1.57300166260328,16,NA,NA,NA
"control","AIA_JAM",-0.380304057507766,1.27994744492713,12,NA,NA,NA
"control","AIA_KNA",-0.2746939784579,0.872486692795445,24,NA,NA,NA
"control","AIA_THA",-0.203085407904363,1.58813267505325,16,NA,NA,NA
"control","AIA_TTO",-0.154005638827063,0.546015825385716,18,NA,NA,NA
"control","ALB_CZE",0.874704823054836,0.554757132125245,12,NA,NA,NA
"control","ALB_POL",-0.19258120415228,0.43999384549863,10,NA,NA,NA
"control","ALB_TWN",-0.334051906312238,0.606258123153277,26,NA,NA,NA
"control","ALB_URY",-0.300392890902542,0.299427044044783,21,NA,NA,NA
"control","AND_BGD",0.142829572109307,1.00459558041609,18,NA,NA,NA
"control","AND_COL",-0.234325112963975,0.736262167002626,24,NA,NA,NA
"control","AND_CZE",-0.335566913927621,0.664886904735481,10,NA,NA,NA
"control","AND_ECU",-0.0460583227377129,0.637915535077587,19,NA,NA,NA
"control","AND_HRV",0.265832884354895,0.958415758486861,14,NA,NA,NA
"control","AND_NIC",0.0435702628684365,1.69153562685719,13,NA,NA,NA
"control","AND_ROU",0.0386118208416383,1.36408258365727,10,NA,NA,NA
"control","ANT_ARG",0.167269451868833,0.813265920841177,14,NA,NA,NA
"control","ANT_CZE",-0.204837752565151,0.362976921792343,9,NA,NA,NA
"control","ANT_DMA",-0.506340341431845,1.26347255750309,15,NA,NA,NA
"control","ANT_GRD",-0.106875772209796,0.784603576906817,18,NA,NA,NA
"control","ANT_GTM",0.16102615600019,0.625094565323352,12,NA,NA,NA
"control","ANT_HRV",-0.501889155276635,1.06121781759686,9,NA,NA,NA
"control","ANT_IND",-0.439343946222299,1.35386346355658,11,NA,NA,NA
"control","ANT_KNA",-0.0219032457423059,1.14342890176041,18,NA,NA,NA
"control","ANT_MAR",-0.169434086566341,0.641957840075695,13,NA,NA,NA
"control","ANT_MDG",-0.286381916631169,1.0842770171305,8,NA,NA,NA
"control","ANT_MUS",-0.166037218245992,1.83636857924105,11,NA,NA,NA
"control","ANT_NIC",0.343083348182664,0.349199046869153,17,NA,NA,NA
"control","ANT_VCT",-0.0622474746305509,0.690124755585503,17,NA,NA,NA
"control","ARE_AFG",0.0794607440021366,0.901940124060557,17,NA,NA,NA
"control","ARE_ARG",-0.0101772966285855,0.887520814304179,27,NA,NA,NA
"control","ARE_BDI",0.349867136550686,1.06111114353094,27,NA,NA,NA
"control","ARE_BTN",0.188673636142726,1.54592799384491,17,NA,NA,NA
"control","ARE_CZE",0.0903005720434826,1.53649442651233,27,NA,NA,NA
"control","ARE_ETH",-0.173105291128533,0.78642433268186,24,NA,NA,NA
"control","ARE_JAM",-0.0258017266862121,1.20902632307234,25,NA,NA,NA
"control","ARE_MDV",-0.186706109340923,0.968024560562875,26,NA,NA,NA
"control","ARE_MLT",-0.0201891264903882,0.925150660777123,27,NA,NA,NA
"control","ARE_MOZ",-0.0853237008416243,0.677015884335286,21,NA,NA,NA
"control","ARE_NGA",0.0568390966165032,1.1927700962407,24,NA,NA,NA
"control","ARE_NPL",-0.0363232445354397,1.00905814576483,21,NA,NA,NA
"control","ARE_RUS",-0.0333467095528326,1.16592519246273,25,NA,NA,NA
"control","ARE_SVK",-0.399928499680544,0.781770987868098,27,NA,NA,NA
"control","ARE_SVN",0.225176691936402,0.585036796164751,27,NA,NA,NA
"control","ARG_AFG",0.221854184185888,1.5397151249415,20,NA,NA,NA
"control","ARG_AND",0.385262285174457,1.34425492359099,25,NA,NA,NA
"control","ARG_ANT",0.0210196582673799,1.43472907783432,14,NA,NA,NA
"control","ARG_ATG",0.033880726750735,1.41817129433837,27,NA,NA,NA
"control","ARG_BFA",-0.0574533514986293,0.789270482686927,27,NA,NA,NA
"control","ARG_BMU",-0.0676588415973764,2.03070301857831,14,NA,NA,NA
"control","ARG_CZE",0.190723248380658,1.09005300206762,27,NA,NA,NA
"control","ARG_DMA",-0.0249069171249287,1.69802825231661,25,NA,NA,NA
"control","ARG_GMB",0.0748097244104173,0.690285465161381,25,NA,NA,NA
"control","ARG_GNQ",0.0160571660878936,1.03650195679012,26,NA,NA,NA
"control","ARG_MLI",-0.00903587912519683,0.921718209792743,26,NA,NA,NA
"control","ARG_NPL",-0.248792444733878,1.06708087356659,25,NA,NA,NA
"control","ARG_PYF",-0.223745158640848,1.33747391508327,25,NA,NA,NA
"control","ARG_RUS",0.167786641378026,1.22590878997909,27,NA,NA,NA
"control","ARG_SLE",0.210799992988897,0.744389881549673,26,NA,NA,NA
"control","ARM_CAN",0.114788198618048,0.884844532138893,27,NA,NA,NA
"control","ARM_CHN",0.27639960430005,0.666837240767998,24,NA,NA,NA
"control","ARM_COL",0.207999355357521,1.51240170749907,27,NA,NA,NA
"control","ARM_CZE",0.0827918182599074,0.658746455875346,24,NA,NA,NA
"control","ARM_FIN",-0.0525059619442519,1.70233791372004,22,NA,NA,NA
"control","ARM_GBR",0.122220848322648,0.354964959383892,24,NA,NA,NA
"control","ARM_GRC",0.343175657795521,0.702308979829212,24,NA,NA,NA
"control","ARM_KOR",-0.0802567637015303,0.943775189439668,27,NA,NA,NA
"control","ARM_MYS",0.0762295933122705,1.08140298917267,24,NA,NA,NA
"control","ARM_THA",0.186581458380928,0.625696075199026,25,NA,NA,NA
"control","ATF_HRV",0.066583618519782,1.62976003535289,11,NA,NA,NA
"control","ATG_CZE",-0.142164785666506,0.555337279766324,14,NA,NA,NA
"control","ATG_SVN",0.0772443311594896,1.38479452781753,11,NA,NA,NA
"control","AUS_AZE",-0.482817414906356,1.41718161768913,26,NA,NA,NA
"control","AUS_BIH",-0.185404247089022,1.0704558800468,26,NA,NA,NA
"control","AUS_BLR",0.210335684639136,0.623843753083746,27,NA,NA,NA
"control","AUS_CZE",0.189165830252837,1.19225936025601,27,NA,NA,NA
"control","AUS_ETH",0.0516977903021742,0.797263309449107,27,NA,NA,NA
"control","AUS_GEO",0.28975403291656,1.0207348854199,27,NA,NA,NA
"control","AUS_MKD",-0.260779610300539,1.25842136508068,27,NA,NA,NA
"control","AUS_SVK",0.456331347712308,1.11696575832489,27,NA,NA,NA
"control","AUS_UZB",-0.0588261369362428,0.805434019412896,27,NA,NA,NA
"control","AUT_BHR",0.374680994371149,0.908384744589925,27,NA,NA,NA
"control","AUT_CAF",0.121336196702148,1.0606505270116,27,NA,NA,NA
"control","AUT_COG",-0.17488398574001,1.1374222503507,27,NA,NA,NA
"control","AUT_DMA",0.369215163043503,0.662322187704785,14,NA,NA,NA
"control","AUT_GAB",-0.366420848083108,1.41372912056727,27,NA,NA,NA
"control","AUT_GEO",0.222494794448269,0.822730259405876,20,NA,NA,NA
"control","AUT_GIN",-0.132422174822323,0.777042956532056,27,NA,NA,NA
"control","AUT_GRD",-0.283622396990857,0.763709749010156,14,NA,NA,NA
"control","AUT_KGZ",-0.0972837489140345,0.916919784372466,27,NA,NA,NA
"control","AUT_KNA",-0.324077127411216,1.11877974428219,13,NA,NA,NA
"control","AUT_MOZ",0.190578845682173,1.10401428713621,22,NA,NA,NA
"control","AUT_NIC",-0.192786408212988,1.25805874444449,19,NA,NA,NA
"control","AUT_SEN",0.0567044843599394,0.904303020401699,27,NA,NA,NA
"control","AUT_UZB",0.108481241219322,1.20413930303593,27,NA,NA,NA
"control","AUT_VCT",-0.0763000811300652,1.19768831719332,13,NA,NA,NA
"control","AZE_CAN",-0.102964482835391,0.911509097926203,26,NA,NA,NA
"control","AZE_CZE",-0.241358803717698,1.386639936368,27,NA,NA,NA
"control","AZE_EGY",-0.0961631274708097,0.969490039907727,27,NA,NA,NA
"control","AZE_FIN",-0.043703955922184,0.675353361289937,24,NA,NA,NA
"control","AZE_GBR",-0.0919288215595524,1.71389731944532,27,NA,NA,NA
"control","AZE_HRV",-0.294042800082675,1.03753775029473,24,NA,NA,NA
"control","AZE_NLD",0.341019478526655,0.766504050371708,27,NA,NA,NA
"control","AZE_NOR",0.00629473525584992,1.55382148496286,26,NA,NA,NA
"control","AZE_PRT",0.139216453279319,0.84951465273275,26,NA,NA,NA
"control","AZE_SGP",-0.423196822450654,1.25962273325102,25,NA,NA,NA
"control","AZE_THA",-0.0899519554667404,1.07123366001788,27,NA,NA,NA
"control","BDI_BRN",-0.0616669015402632,0.584296401781575,10,NA,NA,NA
"control","BDI_HUN",-0.061517651629878,0.740844552986383,18,NA,NA,NA
"control","BDI_MAR",0.0321375039148369,0.99500618264997,16,NA,NA,NA
"control","BDI_POL",0.319276413551176,1.4356860605022,22,NA,NA,NA
"control","BDI_ROU",-0.338583908370502,1.62985497959599,24,NA,NA,NA
"control","BDI_SGP",0.0933792265519668,0.557274976901059,22,NA,NA,NA
"control","BDI_TUR",-0.332665902161823,0.829205402310828,19,NA,NA,NA
"control","BDI_TWN",-0.205685343702947,0.463965384570496,21,NA,NA,NA
"control","BEN_CAF",-0.339888307065212,1.06605018388715,27,NA,NA,NA
"control","BEN_COG",-0.0902271718448786,0.714967252778299,25,NA,NA,NA
"control","BEN_HRV",-0.274683001397816,1.27289620647694,22,NA,NA,NA
"control","BEN_MUS",-0.140972039440663,0.980542386220292,22,NA,NA,NA
"control","BEN_NZL",0.469010250201191,1.07692617482898,9,NA,NA,NA
"control","BFA_ARG",0.136704825391697,0.947507984634387,17,NA,NA,NA
"control","BFA_CAF",0.0149704854791506,0.493645128095024,19,NA,NA,NA
"control","BFA_CZE",-0.0885259489398733,1.69350361967124,26,NA,NA,NA
"control","BFA_DZA",0.291551957610881,0.327657915102512,24,NA,NA,NA
"control","BFA_GAB",0.0714490433460406,0.808404636341062,27,NA,NA,NA
"control","BGD_BDI",-0.366971757854989,1.03877401074406,27,NA,NA,NA
"control","BGD_CRI",-0.113482704017561,0.626851152797478,27,NA,NA,NA
"control","BGD_CZE",-0.0385113446711258,1.40449220767931,27,NA,NA,NA
"control","BGD_DJI",0.234150478357108,1.25369237889273,14,NA,NA,NA
"control","BGD_DMA",-0.0441207646294753,0.920412274291116,21,NA,NA,NA
"control","BGD_ETH",0.263228429773816,0.844924149668259,27,NA,NA,NA
"control","BGD_GRL",0.274100438552211,0.545187806661192,22,NA,NA,NA
"control","BGD_VCT",0.0714091952437859,0.973899561885105,22,NA,NA,NA
"control","BGD_VUT",-0.187056493373534,0.637541924543593,18,NA,NA,NA
"control","BGD_WSM",0.248452348660112,0.845918938223588,11,NA,NA,NA
"control","BGR_CAF",0.166962001363391,0.901303558011099,22,NA,NA,NA
"control","BGR_COG",0.119125519322138,1.10811293422936,26,NA,NA,NA
"control","BGR_DMA",0.11963770783874,0.763606510232531,13,NA,NA,NA
"control","BGR_GAB",-0.0753527668831729,0.501015423562959,26,NA,NA,NA
"control","BGR_JAM",-0.0812370380395867,0.784609615057186,12,NA,NA,NA
"control","BGR_KNA",0.289724684871455,1.2007612340942,9,NA,NA,NA
"control","BGR_TWN",-0.103402520499145,0.957189716067326,26,NA,NA,NA
"control","BGR_VCT",0.188016057987338,0.562736269750122,13,NA,NA,NA
"control","BHR_BDI",-0.133276910300688,2.49357242027392,11,NA,NA,NA
"control","BHR_BOL",-0.326870876572621,0.489412735986241,20,NA,NA,NA
"control","BHR_CZE",-0.0706831510438697,0.882315981569993,26,NA,NA,NA
"control","BHR_GTM",0.353010286467156,1.39450916419147,11,NA,NA,NA
"control","BHR_HRV",-0.122311280127255,1.06510072033743,23,NA,NA,NA
"control","BHR_MUS",-0.0431330307836177,1.08542858732712,27,NA,NA,NA
"control","BHR_NOR",0.785344483486648,0.901478127257097,20,NA,NA,NA
"control","BHS_ARG",-0.302916684059469,0.907840905028528,27,NA,NA,NA
"control","BHS_BOL",0.00249253218543281,0.895448002652147,26,NA,NA,NA
"control","BHS_CHN",0.211173994509647,0.8997543267686,25,NA,NA,NA
"control","BHS_GTM",0.308672890234997,1.14202644795146,27,NA,NA,NA
"control","BHS_HRV",0.109281485049291,0.513365754892393,19,NA,NA,NA
"control","BHS_MAR",-0.00718143845923859,1.27813411669824,24,NA,NA,NA
"control","BHS_NIC",0.113443334303024,1.43133258768932,20,NA,NA,NA
"control","BHS_NOR",0.000505682433444555,0.739289410782638,27,NA,NA,NA
"control","BHS_ROU",0.448680789966565,0.956131867341925,14,NA,NA,NA
"control","BIH_ARE",0.0532542790271754,0.962167843371673,18,NA,NA,NA
"control","BIH_BOL",0.138087684642116,1.18063998786423,26,NA,NA,NA
"control","BIH_CHN",0.0720751814337981,2.20554526373422,24,NA,NA,NA
"control","BIH_CZE",-0.0921889731935122,0.346002946710273,14,NA,NA,NA
"control","BIH_FIN",0.140530552340664,1.03305685600509,13,NA,NA,NA
"control","BIH_GBR",0.450254173918135,0.948371254535358,14,NA,NA,NA
"control","BIH_HUN",-0.441213804958429,0.550932183717748,14,NA,NA,NA
"control","BIH_LKA",0.532289062013808,1.04479625401217,16,NA,NA,NA
"control","BIH_NOR",0.0585770676332683,0.412579197161255,21,NA,NA,NA
"control","BIH_SAU",0.153875126503272,1.27873902841258,26,NA,NA,NA
"control","BLR_BRA",-0.0997450605710717,0.931380767118539,27,NA,NA,NA
"control","BLR_CAN",-0.144319744886309,0.95920358335275,27,NA,NA,NA
"control","BLR_CZE",0.16844873745665,0.580751905558891,27,NA,NA,NA
"control","BLR_FRA",0.133893464276488,1.00813049153097,27,NA,NA,NA
"control","BLR_GBR",-0.376784374534156,1.50420636633101,27,NA,NA,NA
"control","BLR_HUN",-0.211310651988661,1.05939385429071,27,NA,NA,NA
"control","BLR_IND",0.0655514668548771,0.786270568073488,27,NA,NA,NA
"control","BLR_ISL",0.132464617186664,1.22860852526768,27,NA,NA,NA
"control","BLR_JAM",0.183328429802054,2.29757126935422,14,NA,NA,NA
"control","BLR_KOR",-0.424465909098274,1.1809431439886,27,NA,NA,NA
"control","BLR_MAR",0.0131559983323822,1.00151181223033,27,NA,NA,NA
"control","BLR_MYS",-0.403905939746875,0.875155066542599,27,NA,NA,NA
"control","BLR_NOR",0.121428001385174,1.07527606669761,27,NA,NA,NA
"control","BLR_NZL",0.304498145626901,1.38776257069724,27,NA,NA,NA
"control","BLR_THA",-0.171651713757563,0.802540216360332,27,NA,NA,NA
"control","BLZ_BRA",-0.0435727404918638,1.17566859112345,24,NA,NA,NA
"control","BLZ_CRI",0.0457636324296189,0.920414135820358,27,NA,NA,NA
"control","BLZ_CZE",-0.0318383997909871,0.700211027250087,12,NA,NA,NA
"control","BLZ_NIC",-0.0857027057895728,0.990748092160793,27,NA,NA,NA
"control","BLZ_PER",-0.213462774140198,1.16713384737593,22,NA,NA,NA
"control","BLZ_POL",0.32108956333931,0.513689691016055,10,NA,NA,NA
"control","BMU_ARE",0.187689952639804,1.01724701159215,9,NA,NA,NA
"control","BMU_CZE",0.32455147297081,0.79878438186707,10,NA,NA,NA
"control","BMU_DMA",0.143894667903031,0.427499815271464,9,NA,NA,NA
"control","BMU_ECU",0.206947335533182,0.555395796699147,19,NA,NA,NA
"control","BMU_GTM",0.241242993594888,0.941224705226967,17,NA,NA,NA
"control","BMU_HRV",-0.00944701594569149,0.941772119415686,19,NA,NA,NA
"control","BMU_LKA",0.287246716222037,0.384954007771532,11,NA,NA,NA
"control","BMU_NOR",-0.139155312570957,1.42698990469091,27,NA,NA,NA
"control","BMU_TUN",-0.150100914561352,0.791466394050993,18,NA,NA,NA
"control","BOL_ABW",0.249751833444689,1.22333869232008,12,NA,NA,NA
"control","BOL_CZE",-0.229884447169919,0.904156769553017,27,NA,NA,NA
"control","BOL_DOM",-0.13105550879208,1.02189755024835,27,NA,NA,NA
"control","BOL_HND",0.398262492159147,1.5029115231926,26,NA,NA,NA
"control","BOL_MUS",0.292959172144313,0.869453501644198,21,NA,NA,NA
"control","BRA_CZE",0.0443731240937467,1.47811994013067,27,NA,NA,NA
"control","BRA_ESH",0.0959972741876335,1.52072017072899,8,NA,NA,NA
"control","BRA_EST",0.217548095252151,0.552784566264212,27,NA,NA,NA
"control","BRA_ETH",0.136019855638786,0.943248819968581,27,NA,NA,NA
"control","BRA_SHN",-0.20147423123657,1.03716505764502,15,NA,NA,NA
"control","BRA_SVK",-0.0162273340987074,0.956932454443084,27,NA,NA,NA
"control","BRA_WLF",0.105664667555306,0.879644215504328,18,NA,NA,NA
"control","BRB_ARG",-0.347563503317507,1.27871625386647,27,NA,NA,NA
"control","BRB_BOL",0.350832201149194,0.939434030887671,22,NA,NA,NA
"control","BRB_CHN",0.211681630495397,0.55806718214916,26,NA,NA,NA
"control","BRB_COG",-0.183958470954661,0.955057331760164,9,NA,NA,NA
"control","BRB_CYP",-0.190879130153105,1.31938249126945,11,NA,NA,NA
"control","BRB_CZE",-0.373352739809412,1.2845094214829,14,NA,NA,NA
"control","BRB_DOM",0.0444389728138921,0.767502437944275,27,NA,NA,NA
"control","BRB_GIN",-0.354437474073215,1.45936222493088,20,NA,NA,NA
"control","BRB_HND",-0.110793199266229,0.528673422302747,26,NA,NA,NA
"control","BRB_HRV",-0.211033872429653,1.23872484794444,15,NA,NA,NA
"control","BRB_IDN",-0.0488704813205126,1.00984891223931,24,NA,NA,NA
"control","BRB_MAR",0.0232323383381349,1.01386091409534,21,NA,NA,NA
"control","BRB_NAM",0.373147919305833,0.857777218726161,21,NA,NA,NA
"control","BRB_NIC",0.22878720299185,0.821683634169754,24,NA,NA,NA
"control","BRB_NOR",0.0150136331682379,0.830682719311542,27,NA,NA,NA
"control","BRB_SGP",-0.213369765933514,1.09883078621731,27,NA,NA,NA
"control","BRN_ARE",0.0826003137292318,1.16866732965602,21,NA,NA,NA
"control","BRN_COL",0.146530697347827,0.991372448834028,26,NA,NA,NA
"control","BRN_CZE",0.219963918592375,1.08491633321902,26,NA,NA,NA
"control","BRN_MAC",-0.11690042396985,0.746099764977703,17,NA,NA,NA
"control","BTN_ARG",0.182431513431859,0.899531302449712,9,NA,NA,NA
"control","BTN_CHN",-0.0566862358898987,1.39759607291663,24,NA,NA,NA
"control","BTN_COL",0.19655075098741,1.06620825668727,26,NA,NA,NA
"control","BTN_GBR",0.126594542531603,1.10639956785483,27,NA,NA,NA
"control","BTN_HUN",0.0604198709548145,0.835435967405576,12,NA,NA,NA
"control","BTN_RUS",-0.251639086272429,0.420110080629297,12,NA,NA,NA
"control","BWA_BOL",-0.157431613258528,0.896354777695004,9,NA,NA,NA
"control","BWA_CYP",-0.29310254991147,0.862126421202861,11,NA,NA,NA
"control","BWA_NOR",0.272942149398958,0.654529587652511,11,NA,NA,NA
"control","CAF_AUS",-0.0783687636909546,0.924031452937698,20,NA,NA,NA
"control","CAF_BEN",-0.445439548091969,1.05267166629305,19,NA,NA,NA
"control","CAF_CIV",0.0734479519572889,0.826505654625932,26,NA,NA,NA
"control","CAF_COD",-0.142734579701115,0.977819406477882,26,NA,NA,NA
"control","CAF_COL",0.262601066187757,1.1099500889732,22,NA,NA,NA
"control","CAF_CZE",-0.0155517983566043,0.929292934085912,27,NA,NA,NA
"control","CAF_GIN",0.175196833858961,1.30813493059384,11,NA,NA,NA
"control","CAF_HRV",-0.01444862533276,0.538848957790982,21,NA,NA,NA
"control","CAF_LKA",-0.586991413884039,1.16247143685233,9,NA,NA,NA
"control","CAF_MEX",-0.0889609568847278,0.771980089205954,25,NA,NA,NA
"control","CAF_MLI",0.154234662325859,0.376685327936608,13,NA,NA,NA
"control","CAF_MRT",0.106391486120146,0.664703240963658,17,NA,NA,NA
"control","CAF_MUS",0.100296643578952,0.539436377844653,19,NA,NA,NA
"control","CAF_NGA",0.060739904599016,0.880467373591849,27,NA,NA,NA
"control","CAF_SDN",-0.126912939280313,0.664271108095652,26,NA,NA,NA
"control","CAF_TGO",0.316804199586339,1.10623162262918,16,NA,NA,NA
"control","CAN_ARM",0.204976896811544,1.18121936494285,27,NA,NA,NA
"control","CAN_AZE",0.39773650919517,0.872511758910581,27,NA,NA,NA
"control","CAN_BLR",0.360387286216049,0.764634534607789,27,NA,NA,NA
"control","CAN_CCK",-0.172727422030515,1.48732229328225,21,NA,NA,NA
"control","CAN_CZE",0.00990506254589893,1.23307702753755,23,NA,NA,NA
"control","CAN_EST",-0.0306649262600166,0.795882877955083,23,NA,NA,NA
"control","CAN_ETH",-0.167111621561122,1.02392575267158,27,NA,NA,NA
"control","CAN_GEO",0.0896158200740327,0.9492845923327,26,NA,NA,NA
"control","CAN_KAZ",0.0605941013973358,0.763201790883433,27,NA,NA,NA
"control","CAN_KGZ",-0.173755563316781,1.09214474504521,27,NA,NA,NA
"control","CAN_LVA",0.051419254007112,1.30234310993836,23,NA,NA,NA
"control","CAN_MDA",-0.0197483579335797,0.988612041506691,27,NA,NA,NA
"control","CAN_NIU",0.0563838461588955,1.27995127878118,17,NA,NA,NA
"control","CAN_UKR",0.100477988541467,0.777151173549388,23,NA,NA,NA
"control","CAN_UZB",-0.179869343602037,1.20919554251257,27,NA,NA,NA
"control","CCK_KOR",0.325829458264605,1.18842477776276,25,NA,NA,NA
"control","CHE_ETH",-0.182408802780945,1.03933996150473,27,NA,NA,NA
"control","CHL_AFG",-0.075734043575266,1.08364616091289,11,NA,NA,NA
"control","CHL_CAF",-0.185282757510122,1.12393018135238,16,NA,NA,NA
"control","CHL_COG",-0.0107072029560571,0.95620283396706,22,NA,NA,NA
"control","CHL_CZE",0.537016793161093,0.71172746813538,10,NA,NA,NA
"control","CHL_ETH",0.0646218356080014,0.711076339501784,26,NA,NA,NA
"control","CHL_KNA",0.305708462267201,1.61670349119175,26,NA,NA,NA
"control","CHN_BIH",0.329538106397885,0.558682708959219,27,NA,NA,NA
"control","CHN_CZE",-0.148329685780894,1.02282183847567,27,NA,NA,NA
"control","CHN_ETH",-0.164076451011704,0.799588466544674,27,NA,NA,NA
"control","CHN_MKD",0.0532643465241762,1.1986045866592,27,NA,NA,NA
"control","CHN_NAM",-0.138683907992434,0.825526044153375,25,NA,NA,NA
"control","CHN_SVK",-0.0139319171936763,0.961564374213552,27,NA,NA,NA
"control","CIV_CAF",0.0873488449324335,0.990881816779272,27,NA,NA,NA
"control","CIV_COG",-0.190252393840614,1.25514148614038,27,NA,NA,NA
"control","CIV_CZE",-0.061979606966377,1.23513914916124,22,NA,NA,NA
"control","CIV_GAB",-0.378620416780189,2.00014603028966,27,NA,NA,NA
"control","CIV_MUS",-0.0174707777533448,1.28925052120343,27,NA,NA,NA
"control","CIV_NIC",-0.0888649110592849,0.955660283107908,19,NA,NA,NA
"control","CMR_ARE",-0.031567997489767,1.5545293093292,24,NA,NA,NA
"control","CMR_BDI",0.0515203796445538,1.29119189743598,19,NA,NA,NA
"control","CMR_BRB",-0.382698020944868,0.853005601146585,24,NA,NA,NA
"control","CMR_CZE",0.176296901843034,0.747104057406514,20,NA,NA,NA
"control","COD_CAF",0.138131545745039,1.0937354847644,26,NA,NA,NA
"control","COD_COG",-0.361168290675243,0.979148933688374,17,NA,NA,NA
"control","COD_CZE",-0.0419069011062379,1.08588465209718,27,NA,NA,NA
"control","COD_GAB",-0.280180699872694,0.688949787529877,19,NA,NA,NA
"control","COD_NOR",-0.511375434458885,0.791708328349734,26,NA,NA,NA
"control","COD_SAU",-0.283408055840588,0.682286726714019,24,NA,NA,NA
"control","COG_AGO",0.2794044403577,1.02334424191162,17,NA,NA,NA
"control","COG_ARG",-0.172586261735558,0.619183565682881,26,NA,NA,NA
"control","COG_BDI",-0.325639674472499,2.01481209549318,19,NA,NA,NA
"control","COG_BEN",0.318469533941705,0.884822980814685,25,NA,NA,NA
"control","COG_CIV",-0.295496699981103,1.42585874479505,27,NA,NA,NA
"control","COG_COD",0.207317165104802,1.13337675861194,16,NA,NA,NA
"control","COG_COL",0.188591896294057,0.630394923994197,21,NA,NA,NA
"control","COG_CZE",0.0107093260833771,0.825801071791282,27,NA,NA,NA
"control","COG_GBR",0.0111238587986907,1.04463838659684,27,NA,NA,NA
"control","COG_GIN",-0.0128527416470764,0.83971396414611,20,NA,NA,NA
"control","COG_IRL",0.386984458789241,1.33082223750206,27,NA,NA,NA
"control","COG_ISR",-0.144777439461443,0.421288155961687,22,NA,NA,NA
"control","COG_LBN",0.120769809369199,1.30806554336913,25,NA,NA,NA
"control","COG_MAR",0.324565166232479,1.20260815756526,27,NA,NA,NA
"control","COG_MLI",-0.101023275759549,1.37557354423066,22,NA,NA,NA
"control","COG_MUS",-0.378329723282417,1.22605238708268,27,NA,NA,NA
"control","COG_NER",-0.220156529238934,0.779038826800886,20,NA,NA,NA
"control","COG_NGA",0.217542069295535,0.996886370791647,25,NA,NA,NA
"control","COG_NOR",-0.422848606521197,1.28425450464874,27,NA,NA,NA
"control","COG_RUS",0.263396947970846,0.513732381939722,25,NA,NA,NA
"control","COG_TGO",0.229212784176728,1.63859127835395,26,NA,NA,NA
"control","COG_TTO",-0.143144391179708,0.585547785115222,15,NA,NA,NA
"control","COG_TZA",-0.0137736837101026,1.45633752574378,24,NA,NA,NA
"control","COG_ZWE",0.0495389956739091,0.761422956191278,19,NA,NA,NA
"control","COK_CZE",-0.160182005372545,0.856275585233688,23,NA,NA,NA
"control","COK_GBR",-0.0966427929120122,1.07683918321037,27,NA,NA,NA
"control","COK_LKA",-0.751391683487353,0.578986350088015,11,NA,NA,NA
"control","COL_AND",0.259543341502496,0.874298555284446,26,NA,NA,NA
"control","COL_COG",-0.173231790716877,1.64100301171188,26,NA,NA,NA
"control","COL_COM",-0.0226305514768329,0.628573371584363,13,NA,NA,NA
"control","COL_CZE",0.389384316399332,1.09374612682791,19,NA,NA,NA
"control","COL_EST",-0.0185247781895343,0.900267303394089,19,NA,NA,NA
"control","COL_ETH",0.0654720398072696,1.43405565962898,22,NA,NA,NA
"control","COL_GAB",-0.0405506326372273,1.15296689512954,26,NA,NA,NA
"control","COL_LTU",-0.414153505378339,1.13463883482848,19,NA,NA,NA
"control","COL_MRT",-0.232228345791921,0.806575132033828,18,NA,NA,NA
"control","COL_SVK",0.0919526666005584,0.790314048414216,19,NA,NA,NA
"control","COL_TON",-0.0194920111899089,0.413902586114172,9,NA,NA,NA
"control","COL_UKR",0.0488697816925299,1.06317314761913,26,NA,NA,NA
"control","COL_UZB",0.444615593838325,1.03970410550343,16,NA,NA,NA
"control","COL_ZMB",0.0749621894012316,1.10771314771609,22,NA,NA,NA
"control","COM_COL",-0.383740366436028,0.934938462185667,16,NA,NA,NA
"control","COM_NZL",-0.116499902399857,0.72265466484097,12,NA,NA,NA
"control","COM_THA",-0.191692488470577,0.97516766191324,22,NA,NA,NA
"control","CPV_DZA",-0.204609954203208,1.21627391486586,19,NA,NA,NA
"control","CPV_GBR",0.0754362303694662,0.81749683729412,27,NA,NA,NA
"control","CPV_IRL",-0.104652597076345,1.51625177454212,24,NA,NA,NA
"control","CPV_NIC",-0.0610117231630688,0.6332188937515,16,NA,NA,NA
"control","CRI_CZE",-0.0501462566321161,1.41433337629016,19,NA,NA,NA
"control","CRI_GAB",-0.141182447828972,1.02855310378282,12,NA,NA,NA
"control","CRI_KNA",0.21215618851147,0.713372923073382,27,NA,NA,NA
"control","CRI_MAC",-0.243396161711987,0.890238457950458,22,NA,NA,NA
"control","CRI_PHL",0.0702871986914732,1.33420223029493,27,NA,NA,NA
"control","CRI_SUR",0.0726048698307878,0.860667030984641,27,NA,NA,NA
"control","CRI_VCT",-0.401425202761393,0.916496002937137,27,NA,NA,NA
"control","CUB_BLZ",-0.316183402113409,1.00438516493718,23,NA,NA,NA
"control","CUB_CZE",-0.0667555163427816,1.16023285942399,27,NA,NA,NA
"control","CUB_GAB",0.307718184269559,0.84225477746533,9,NA,NA,NA
"control","CUB_GRD",0.0914112865220058,0.977593239217541,25,NA,NA,NA
"control","CUB_GTM",0.0298502210578056,1.34694891644217,27,NA,NA,NA
"control","CUB_VCT",-0.162205897984999,0.944001203456329,18,NA,NA,NA
"control","CYM_CZE",0.102821027204896,2.5327668971384,8,NA,NA,NA
"control","CYM_KNA",-0.22745934196964,1.51938223594314,18,NA,NA,NA
"control","CYM_MDG",0.0560930157382782,0.772351441984992,8,NA,NA,NA
"control","CYM_MUS",-0.151700986734469,1.98808184068532,14,NA,NA,NA
"control","CYM_NIC",0.061325027726734,1.22445477476303,16,NA,NA,NA
"control","CYP_BLZ",-0.0754627053565852,1.06723620790389,9,NA,NA,NA
"control","CYP_CRI",0.364464085243166,0.940091537122252,19,NA,NA,NA
"control","CYP_CZE",-0.0167828961966715,0.286400773675526,10,NA,NA,NA
"control","CYP_EST",0.299555867324759,0.637892397659682,10,NA,NA,NA
"control","CYP_ETH",-0.0980160490694332,1.0851504543375,27,NA,NA,NA
"control","CYP_GEO",0.194505639941011,0.663593979796475,20,NA,NA,NA
"control","CYP_KNA",-0.390849181521052,0.73955638245165,9,NA,NA,NA
"control","CYP_LTU",-0.394079330747714,0.484814257852518,10,NA,NA,NA
"control","CYP_LVA",0.0879000582891507,0.999657329992435,10,NA,NA,NA
"control","CYP_TKM",0.0956946940653486,0.770605597120297,19,NA,NA,NA
"control","CYP_UKR",-0.15610398573268,1.5563201866123,20,NA,NA,NA
"control","CYP_URY",-0.227382776643422,0.936622433756488,27,NA,NA,NA
"control","CYP_VCT",0.379303114648725,1.51098122008653,10,NA,NA,NA
"control","CYP_ZAF",-0.180116926472146,0.746857453028885,8,NA,NA,NA
"control","CZE_AFG",-0.0328040283135857,1.03573010177612,26,NA,NA,NA
"control","CZE_AGO",-0.120152342035702,0.71104084122852,26,NA,NA,NA
"control","CZE_ALB",-0.0176884493997236,1.21915181593518,12,NA,NA,NA
"control","CZE_AND",-0.366458979690049,0.435593923155608,10,NA,NA,NA
"control","CZE_ANT",-0.253542018504826,1.16025164270971,9,NA,NA,NA
"control","CZE_ARE",-0.227162130067459,0.846504645541522,27,NA,NA,NA
"control","CZE_ARG",0.208678035741283,1.23610666606249,27,NA,NA,NA
"control","CZE_ARM",0.176161569064003,1.008657016958,24,NA,NA,NA
"control","CZE_ATG",0.303219096692345,0.899035306094081,12,NA,NA,NA
"control","CZE_AUS",-0.0195234595313407,0.812481400674903,27,NA,NA,NA
"control","CZE_AZE",-0.109656132941116,0.892813269228916,27,NA,NA,NA
"control","CZE_BDI",0.0319850914733645,1.54004643554183,27,NA,NA,NA
"control","CZE_BEN",0.327334696313795,0.97821316208992,26,NA,NA,NA
"control","CZE_BFA",0.0962447240088498,0.684900556917211,27,NA,NA,NA
"control","CZE_BGD",0.0455643268032999,1.01251030750249,27,NA,NA,NA
"control","CZE_BHR",0.136358918662693,1.42401709064488,27,NA,NA,NA
"control","CZE_BIH",0.0225489081102998,0.850636167281878,14,NA,NA,NA
"control","CZE_BLR",-0.148598614804209,0.861303207977383,27,NA,NA,NA
"control","CZE_BLZ",0.211587816457567,0.473495216701413,14,NA,NA,NA
"control","CZE_BMU",-0.0515997113436982,0.815771827750731,10,NA,NA,NA
"control","CZE_BOL",0.342548734102637,1.10241739752365,27,NA,NA,NA
"control","CZE_BRA",0.123539458263036,1.27500005430967,27,NA,NA,NA
"control","CZE_BRB",-0.304437747144023,2.35308821113015,14,NA,NA,NA
"control","CZE_BRN",-0.00736786226733048,1.05483935389293,27,NA,NA,NA
"control","CZE_BTN",0.185392736748971,1.00565813954134,18,NA,NA,NA
"control","CZE_CAF",-0.0525745123889737,1.36037237949446,25,NA,NA,NA
"control","CZE_CAN",-0.00862117510648179,1.15621667484268,23,NA,NA,NA
"control","CZE_CHL",0.0191857835771441,0.582105004440572,10,NA,NA,NA
"control","CZE_CHN",-0.408787266257799,1.29616656814984,27,NA,NA,NA
"control","CZE_CIV",-0.24493477934481,0.675245270408382,22,NA,NA,NA
"control","CZE_CMR",0.0736310494433427,1.29749999571435,20,NA,NA,NA
"control","CZE_COD",0.0131875473044719,1.12053603675778,26,NA,NA,NA
"control","CZE_COG",-0.345578138950872,0.78013966050233,26,NA,NA,NA
"control","CZE_COK",-0.0187734807806652,0.968585509533569,16,NA,NA,NA
"control","CZE_COL",0.234963556182596,1.08003909733482,19,NA,NA,NA
"control","CZE_COM",0.18900991002506,0.917525085334792,20,NA,NA,NA
"control","CZE_CPV",0.060659730607549,0.95472813461618,26,NA,NA,NA
"control","CZE_CRI",-0.0977535485927002,0.873815192114182,19,NA,NA,NA
"control","CZE_CUB",0.0471855290058316,1.46598309568196,27,NA,NA,NA
"control","CZE_CYP",0.0531878605430045,1.12232366841251,10,NA,NA,NA
"control","CZE_DJI",-0.2126409068669,0.663351531522993,26,NA,NA,NA
"control","CZE_DMA",-0.0379495108884684,0.709601021983641,12,NA,NA,NA
"control","CZE_DOM",-0.398139138215421,1.28117955271425,13,NA,NA,NA
"control","CZE_DZA",0.272552349720327,1.19487380679121,10,NA,NA,NA
"control","CZE_ECU",-0.0447038812982411,0.965571824987502,23,NA,NA,NA
"control","CZE_EGY",0.786059363720966,0.927772340674298,10,NA,NA,NA
"control","CZE_ERI",0.192669560574479,1.02804548720964,24,NA,NA,NA
"control","CZE_FJI",-0.0975888052460893,0.687204152650659,14,NA,NA,NA
"control","CZE_FRO",0.519780277152038,1.20255113336295,10,NA,NA,NA
"control","CZE_GAB",-0.076790351530244,0.872435473533032,27,NA,NA,NA
"control","CZE_GEO",-0.196586398191749,1.07746333194174,20,NA,NA,NA
"control","CZE_GHA",-0.0329388219821665,0.677264984154012,22,NA,NA,NA
"control","CZE_GIB",0.0010845871373821,1.1152148028654,26,NA,NA,NA
"control","CZE_GIN",-0.0860277932353736,1.0613258511913,27,NA,NA,NA
"control","CZE_GMB",0.0282085162900026,1.04462881336987,27,NA,NA,NA
"control","CZE_GRD",-0.567646449112968,0.862948031263269,14,NA,NA,NA
"control","CZE_GTM",-0.160984720242401,0.586442401993921,19,NA,NA,NA
"control","CZE_GUY",-0.159590920574654,1.03574111875835,14,NA,NA,NA
"control","CZE_HND",-0.0511645588852566,1.04218696605718,19,NA,NA,NA
"control","CZE_HRV",0.217894016010575,1.37892860116445,9,NA,NA,NA
"control","CZE_HTI",-0.0472527184762379,1.24584559488781,26,NA,NA,NA
"control","CZE_IDN",-0.413771068288845,0.829940524097871,27,NA,NA,NA
"control","CZE_IND",0.0393364476288738,0.839332663237516,27,NA,NA,NA
"control","CZE_IRN",-0.30564064275764,1.23713378128119,27,NA,NA,NA
"control","CZE_IRQ",-0.249295187826829,1.37201067006023,26,NA,NA,NA
"control","CZE_JAM",0.181264714206768,0.461799659897433,14,NA,NA,NA
"control","CZE_JOR",-0.0332966796684248,0.407063008032113,10,NA,NA,NA
"control","CZE_JPN",-0.0914054599718681,1.24413209348843,25,NA,NA,NA
"control","CZE_KAZ",-0.229617272464097,0.848454781694202,27,NA,NA,NA
"control","CZE_KEN",-0.156974218611795,1.17030363444518,27,NA,NA,NA
"control","CZE_KGZ",-0.166264187936784,1.02869050383709,26,NA,NA,NA
"control","CZE_KHM",-0.350681137956038,1.03300813901688,26,NA,NA,NA
"control","CZE_KNA",0.0785460180569565,0.917169084527918,13,NA,NA,NA
"control","CZE_KOR",0.374677197586512,0.474964298997261,17,NA,NA,NA
"control","CZE_KWT",0.424191497192959,0.725212131187248,27,NA,NA,NA
"control","CZE_LBN",-0.106058398501354,1.19683615778233,10,NA,NA,NA
"control","CZE_LBR",-0.327188726658486,1.05036347530457,26,NA,NA,NA
"control","CZE_LBY",-0.0414027786129899,1.33501650611137,26,NA,NA,NA
"control","CZE_LCA",-0.413337762550199,1.43971678879982,12,NA,NA,NA
"control","CZE_LKA",0.382696254823493,0.772140406246004,26,NA,NA,NA
"control","CZE_MAC",-0.185717806479555,0.874121227412228,27,NA,NA,NA
"control","CZE_MAR",-0.314322817209679,0.99208725863031,10,NA,NA,NA
"control","CZE_MDA",-0.185224970152284,0.897209118514729,20,NA,NA,NA
"control","CZE_MDG",0.165550731107709,0.893531428701588,18,NA,NA,NA
"control","CZE_MEX",-0.303359291487739,1.33107596878387,10,NA,NA,NA
"control","CZE_MLI",0.0753941484058785,0.967499785038742,27,NA,NA,NA
"control","CZE_MLT",-0.211241059779597,0.974439118309412,10,NA,NA,NA
"control","CZE_MMR",-0.270377507600767,1.42429535894728,27,NA,NA,NA
"control","CZE_MNG",0.323794618284614,0.829472593236423,27,NA,NA,NA
"control","CZE_MOZ",0.424876678935508,0.798911967921288,21,NA,NA,NA
"control","CZE_MRT",-0.0761125447564703,0.999588154870938,26,NA,NA,NA
"control","CZE_MUS",-0.242494856491472,1.15438696025225,18,NA,NA,NA
"control","CZE_MWI",-0.393903133896393,1.03314451703854,25,NA,NA,NA
"control","CZE_MYS",0.0140978401615657,0.641328108739836,27,NA,NA,NA
"control","CZE_NER",-0.0835005977025409,0.938386954236933,27,NA,NA,NA
"control","CZE_NGA",-0.00766713428536635,0.92929990527793,27,NA,NA,NA
"control","CZE_NIC",-0.128175873550118,0.553915615143676,19,NA,NA,NA
"control","CZE_NPL",-0.194863212390061,1.1536039850041,26,NA,NA,NA
"control","CZE_NZL",-0.222637698918674,0.799524898116897,27,NA,NA,NA
"control","CZE_OMN",-0.114231587658849,0.735362364923175,27,NA,NA,NA
"control","CZE_PAK",0.0323480775189232,1.22009924681696,27,NA,NA,NA
"control","CZE_PAN",-0.410257867119057,0.619116702029768,18,NA,NA,NA
"control","CZE_PER",-0.0130212480532191,1.11501609846619,19,NA,NA,NA
"control","CZE_PHL",0.148818965513329,1.07297884302976,27,NA,NA,NA
"control","CZE_PNG",-0.522174861282552,1.07587832081177,12,NA,NA,NA
"control","CZE_PRK",0.0031981505975373,1.49270309595666,26,NA,NA,NA
"control","CZE_PRY",-0.0299309612626232,0.924625842996485,27,NA,NA,NA
"control","CZE_PYF",-0.086063846116693,0.527076827833175,9,NA,NA,NA
"control","CZE_QAT",0.0169345760628797,0.812503353926913,27,NA,NA,NA
"control","CZE_RUS",-0.00929288516423896,1.53257144941023,27,NA,NA,NA
"control","CZE_RWA",-0.238052229894885,1.24893703984888,27,NA,NA,NA
"control","CZE_SAU",-0.0805381272272902,1.36082830503008,26,NA,NA,NA
"control","CZE_SDN",0.0858311701234862,0.977868025912071,27,NA,NA,NA
"control","CZE_SEN",-0.144244343721601,0.592351096454249,27,NA,NA,NA
"control","CZE_SGP",-0.11698713019161,1.13977985118234,25,NA,NA,NA
"control","CZE_SLB",-0.160932442324268,0.678758355255366,10,NA,NA,NA
"control","CZE_SLE",0.0825452710697518,0.908528521410093,27,NA,NA,NA
"control","CZE_SLV",0.081385784816468,1.10801228539163,19,NA,NA,NA
"control","CZE_SOM",-0.511095412723019,1.30660834433805,22,NA,NA,NA
"control","CZE_STP",-0.247864804240066,1.03018788733791,14,NA,NA,NA
"control","CZE_SUR",-0.401777557271296,0.74493767000126,14,NA,NA,NA
"control","CZE_SYC",-0.321720373175409,0.703150822481888,18,NA,NA,NA
"control","CZE_SYR",-0.0711606574671664,0.752676510857034,9,NA,NA,NA
"control","CZE_TGO",0.102653544782819,0.903145364037047,27,NA,NA,NA
"control","CZE_THA",-0.43501604534308,0.890562693292821,27,NA,NA,NA
"control","CZE_TJK",-0.140492850563538,0.761677936984974,26,NA,NA,NA
"control","CZE_TKL",-0.0489076316738827,0.725741736081377,10,NA,NA,NA
"control","CZE_TKM",-0.0254531963426385,1.43694877635743,26,NA,NA,NA
"control","CZE_TTO",0.146146780452799,0.980220569166766,13,NA,NA,NA
"control","CZE_TUN",-0.0334109968959429,1.00372434337661,10,NA,NA,NA
"control","CZE_TUV",-0.0544806826739367,2.07557579111546,9,NA,NA,NA
"control","CZE_TWN",0.0953563535127273,1.28317897571097,27,NA,NA,NA
"control","CZE_TZA",0.238453550438039,0.901696400273841,27,NA,NA,NA
"control","CZE_UGA",0.207578091893669,0.710715394496857,27,NA,NA,NA
"control","CZE_UKR",0.317936752105219,0.925176660158437,20,NA,NA,NA
"control","CZE_URY",0.155178804204463,1.29632926043439,27,NA,NA,NA
"control","CZE_USA",0.157478449612902,0.686693792202698,27,NA,NA,NA
"control","CZE_UZB",-0.135669172113971,0.846505216211611,26,NA,NA,NA
"control","CZE_VCT",-0.108506390500303,1.32899541801369,14,NA,NA,NA
"control","CZE_VEN",-0.0667844885321158,1.06973684569805,27,NA,NA,NA
"control","CZE_VGB",0.138308689108923,0.939009838620424,12,NA,NA,NA
"control","CZE_VNM",-0.51481004680388,1.22283557283417,27,NA,NA,NA
"control","CZE_WSM",-0.00474860224911731,0.87399741089851,19,NA,NA,NA
"control","CZE_YEM",0.0292670904173897,1.17377613403833,26,NA,NA,NA
"control","CZE_ZMB",0.0924546627871329,1.2767553202074,27,NA,NA,NA
"control","CZE_ZWE",0.0406382934381665,0.687938839885279,17,NA,NA,NA
"control","DEU_ETH",0.266019330231721,1.0120540157803,27,NA,NA,NA
"control","DJI_IRL",-0.142027413623438,0.550791370019534,27,NA,NA,NA
"control","DJI_SVN",0.136672289008468,1.30146059399285,22,NA,NA,NA
"control","DMA_AIA",0.0805583559541294,0.941373972770158,18,NA,NA,NA
"control","DMA_ANT",0.0720877589328838,1.03199232825634,17,NA,NA,NA
"control","DMA_AUS",0.470987341541543,0.659514504768626,26,NA,NA,NA
"control","DMA_BDI",0.326070569345192,1.01735173899989,19,NA,NA,NA
"control","DMA_COL",0.205642723032142,1.16204057464989,27,NA,NA,NA
"control","DMA_CUB",-0.602150397234313,1.03035711637388,12,NA,NA,NA
"control","DMA_CZE",-0.745857719920084,0.494764839225515,14,NA,NA,NA
"control","DMA_MKD",-0.178998592090873,1.24586730016168,15,NA,NA,NA
"control","DMA_NIC",0.260274421262257,0.671711187761473,25,NA,NA,NA
"control","DMA_ROU",-0.0625871043044664,0.419205034305443,10,NA,NA,NA
"control","DMA_SVN",0.0225426770644116,0.674761898183437,13,NA,NA,NA
"control","DMA_VEN",-0.125242077769396,0.878437074036004,20,NA,NA,NA
"control","DMA_VGB",0.360732078989924,1.03852970537752,17,NA,NA,NA
"control","DNK_ETH",0.0403381525395546,0.71055145281721,27,NA,NA,NA
"control","DNK_FSM",-0.178200038113572,0.504008743061999,23,NA,NA,NA
"control","DNK_MHL",-0.0778365574864231,0.87964641519186,24,NA,NA,NA
"control","DOM_ARG",0.0346052920237066,0.892492162387934,27,NA,NA,NA
"control","DOM_CZE",-0.257143989390891,1.04556734843071,14,NA,NA,NA
"control","DOM_DMA",-0.335143358570288,1.48371192353234,26,NA,NA,NA
"control","DOM_ISL",0.0037230356738146,1.63210335590728,27,NA,NA,NA
"control","DOM_KNA",-0.201989364916269,0.791965597146615,26,NA,NA,NA
"control","DOM_NIC",0.00621482054807262,1.37822101546199,8,NA,NA,NA
"control","DOM_ROU",-0.234445950975069,0.583682706739035,13,NA,NA,NA
"control","DOM_VCT",0.0236829885534839,0.66407110573947,26,NA,NA,NA
"control","DZA_BHS",-0.373919349034563,0.837625929058706,15,NA,NA,NA
"control","DZA_CZE",-0.303467312941011,0.301764799360175,10,NA,NA,NA
"control","DZA_DOM",0.104211827076614,0.680144226305072,20,NA,NA,NA
"control","DZA_HRV",-0.0560635718472136,0.912823744727474,18,NA,NA,NA
"control","DZA_LBN",0.225762147019406,1.02800187075175,15,NA,NA,NA
"control","DZA_PYF",0.0544321208585253,1.22342660397284,25,NA,NA,NA
"control","DZA_STP",-0.041271171366446,0.683774563526318,12,NA,NA,NA
"control","DZA_SVN",-0.058388156831261,0.717315145151271,10,NA,NA,NA
"control","DZA_TGO",-0.0673681960736645,0.556092135361493,24,NA,NA,NA
"control","DZA_UGA",0.0284740824992503,0.938719344715232,24,NA,NA,NA
"control","ECU_ARE",-0.0450621990411433,0.580196851389913,24,NA,NA,NA
"control","ECU_BRN",-0.246491650204404,0.660844262139618,20,NA,NA,NA
"control","ECU_CZE",0.217323369451445,0.938899929951142,23,NA,NA,NA
"control","ECU_GRD",-0.285804890870927,0.466961311667912,26,NA,NA,NA
"control","ECU_MDG",0.182584174604442,0.792031355290525,27,NA,NA,NA
"control","ECU_MUS",0.331225985160851,0.776599980807104,26,NA,NA,NA
"control","EGY_CAF",0.0554881618957712,1.02704502623234,26,NA,NA,NA
"control","EGY_CZE",-0.0902123093983217,1.2456287374003,10,NA,NA,NA
"control","EGY_GAB",-0.135081735242989,1.05512809704735,27,NA,NA,NA
"control","EGY_GRD",-0.154139427997762,0.624416719001332,22,NA,NA,NA
"control","EGY_UKR",-0.0458382604368945,0.519561267107748,27,NA,NA,NA
"control","ERI_CZE",-0.400094353770271,1.04645077514623,23,NA,NA,NA
"control","ERI_JPN",0.131678070402853,1.35502516694562,25,NA,NA,NA
"control","ESP_AZE",0.058808263276155,0.981797744639305,27,NA,NA,NA
"control","ESP_ETH",0.187065007569286,1.08981976760302,27,NA,NA,NA
"control","ESP_KAZ",-0.0645394493461576,1.16799186287472,27,NA,NA,NA
"control","ESP_TUV",-0.536670942942586,0.626877709697235,15,NA,NA,NA
"control","EST_BLZ",0.054376922953808,1.11814945344254,13,NA,NA,NA
"control","EST_CAN",-0.0428370531644714,0.665402320464375,23,NA,NA,NA
"control","EST_COL",0.136906596840185,0.739586056710867,19,NA,NA,NA
"control","EST_CYP",-0.160957425265746,1.1517477305811,10,NA,NA,NA
"control","EST_EGY",-0.123744262477285,0.592751092057813,10,NA,NA,NA
"control","EST_HRV",0.388231146217477,0.856535455989264,9,NA,NA,NA
"control","EST_IND",0.177470045887238,1.14980353232115,27,NA,NA,NA
"control","EST_JAM",0.244365366043511,0.992185332784899,13,NA,NA,NA
"control","EST_KOR",0.149798627109596,1.02304920754775,17,NA,NA,NA
"control","EST_LKA",0.0699835632502481,0.787272260734697,27,NA,NA,NA
"control","EST_NZL",-0.0849463050465073,1.09553914136005,26,NA,NA,NA
"control","EST_PHL",0.0293899201040783,1.07750656297318,26,NA,NA,NA
"control","ETH_ARE",0.293311492909977,1.14713868240968,24,NA,NA,NA
"control","ETH_AUS",-0.187003182103439,0.977544934522665,27,NA,NA,NA
"control","ETH_BGD",-0.0839989760903147,0.987014872807678,25,NA,NA,NA
"control","ETH_CAN",-0.0156047687304295,0.922987642056832,27,NA,NA,NA
"control","ETH_CHE",0.190620670593682,1.57893992411426,27,NA,NA,NA
"control","ETH_CHN",0.259388330575045,0.883470585875978,27,NA,NA,NA
"control","ETH_COG",0.30878391301953,1.14365148346039,23,NA,NA,NA
"control","ETH_COL",-0.0710368097727807,0.903050878644543,27,NA,NA,NA
"control","ETH_DEU",0.172945634206089,1.10784942667646,27,NA,NA,NA
"control","ETH_DNK",0.0586438740004748,0.762250842897407,27,NA,NA,NA
"control","ETH_DZA",0.197781543254113,0.750062908173644,25,NA,NA,NA
"control","ETH_ESP",-0.187308021850652,0.720801835080404,27,NA,NA,NA
"control","ETH_FIN",-0.02037168089435,1.21044661667684,27,NA,NA,NA
"control","ETH_GBR",0.0797961277102799,0.861358741295638,27,NA,NA,NA
"control","ETH_GRC",-0.234314121061991,0.847887914374478,27,NA,NA,NA
"control","ETH_HRV",0.415353863101428,0.847940822438258,26,NA,NA,NA
"control","ETH_HUN",0.137829458238902,1.08607221459406,27,NA,NA,NA
"control","ETH_IDN",0.0534508962021815,0.993454797674859,27,NA,NA,NA
"control","ETH_IND",0.0760580922806407,0.789583111677331,27,NA,NA,NA
"control","ETH_JAM",0.129575525583006,0.608468536993765,16,NA,NA,NA
"control","ETH_JPN",-0.0621377032639488,0.803220950483623,27,NA,NA,NA
"control","ETH_KOR",-0.476316217008659,0.670612215847961,27,NA,NA,NA
"control","ETH_LKA",0.157290472113839,1.15414069061245,21,NA,NA,NA
"control","ETH_MAR",-0.328792226150096,1.09264083062151,27,NA,NA,NA
"control","ETH_MEX",0.121394950662236,0.905972111247228,27,NA,NA,NA
"control","ETH_MLT",0.0661958963787513,0.909643454431411,20,NA,NA,NA
"control","ETH_MYS",-0.178299969511696,0.921895361950194,27,NA,NA,NA
"control","ETH_NLD",0.112431078083512,1.47554045764951,27,NA,NA,NA
"control","ETH_NOR",0.0634680517981371,0.758264927690918,27,NA,NA,NA
"control","ETH_PRT",0.22498242134723,0.889842134358051,26,NA,NA,NA
"control","ETH_ROU",-0.0330767660231755,1.47118179808632,27,NA,NA,NA
"control","ETH_SAU",-0.432143331701566,0.896080770768293,27,NA,NA,NA
"control","ETH_SGP",0.0225802317402245,1.04629891856513,27,NA,NA,NA
"control","ETH_SWE",-0.373517227256852,0.993869282512949,27,NA,NA,NA
"control","ETH_THA",-0.282922932822398,0.825171092582002,27,NA,NA,NA
"control","ETH_TTO",-0.28676511686554,0.330104584856547,13,NA,NA,NA
"control","ETH_TUN",-0.178624965046146,0.807859994999204,24,NA,NA,NA
"control","ETH_TUR",-0.196647045333682,0.671384856392099,26,NA,NA,NA
"control","ETH_USA",-0.202198118986443,0.720108653661397,27,NA,NA,NA
"control","FIN_AZE",-0.0469655144774787,0.95539961871688,27,NA,NA,NA
"control","FIN_BIH",-0.106034117224811,0.750265002642681,14,NA,NA,NA
"control","FIN_ETH",-0.113923264403781,0.968732892320459,27,NA,NA,NA
"control","FIN_MHL",0.125959062398048,0.562100789020058,20,NA,NA,NA
"control","FIN_TJK",0.361254468938238,0.987264597939136,27,NA,NA,NA
"control","FJI_BRN",-0.335665967052927,1.50292201912644,19,NA,NA,NA
"control","FJI_GRC",0.0802832774978812,1.41511439030426,12,NA,NA,NA
"control","FJI_NOR",-0.193877208901974,0.913535194974923,26,NA,NA,NA
"control","FLK_AUS",-0.284693075742763,1.61315403348225,14,NA,NA,NA
"control","FLK_NOR",0.0732144047515775,1.63255069825654,15,NA,NA,NA
"control","FRA_GEO",-0.324528143665173,1.11527997189262,20,NA,NA,NA
"control","FRA_LAO",-0.0719171121831651,0.959178579038425,27,NA,NA,NA
"control","FRA_TKM",0.0685168042336677,1.00190938476045,27,NA,NA,NA
"control","FRO_BOL",-0.420517653669322,0.896045418864,9,NA,NA,NA
"control","FRO_CZE",0.122898698211207,0.89486548425963,10,NA,NA,NA
"control","FRO_ECU",-0.00392602426706275,0.973828305438549,8,NA,NA,NA
"control","FRO_HRV",-0.204073276001814,1.51618898487836,14,NA,NA,NA
"control","FSM_CHN",0.0750574601621728,0.758269569390859,20,NA,NA,NA
"control","FSM_GBR",-0.173928430806791,1.23166169677535,23,NA,NA,NA
"control","FSM_KOR",0.0971216060813096,0.987057995503337,27,NA,NA,NA
"control","FSM_THA",-0.00362980059187807,1.02606248216041,27,NA,NA,NA
"control","GAB_AFG",0.215938381918153,0.712251047908492,8,NA,NA,NA
"control","GAB_AGO",0.0958363274554386,0.578204781467446,26,NA,NA,NA
"control","GAB_ARE",0.0084153678368432,1.44497469687023,22,NA,NA,NA
"control","GAB_ARG",-0.366084197213448,0.793864193748069,23,NA,NA,NA
"control","GAB_BEN",-0.0925262435142781,1.24500883356861,26,NA,NA,NA
"control","GAB_CIV",0.219917741640749,0.643117822052409,27,NA,NA,NA
"control","GAB_COD",-0.138566991481749,1.79515519704337,20,NA,NA,NA
"control","GAB_CZE",0.0241947075879784,1.28992409650218,26,NA,NA,NA
"control","GAB_EGY",-0.0252101632191025,0.768730471735504,27,NA,NA,NA
"control","GAB_GIN",0.120335255615343,0.752084405145462,20,NA,NA,NA
"control","GAB_GMB",0.134331986848793,0.486349588348119,21,NA,NA,NA
"control","GAB_GTM",-0.056367701209115,1.14823581631251,22,NA,NA,NA
"control","GAB_ISR",-0.194797364895759,0.599354100718534,26,NA,NA,NA
"control","GAB_KWT",0.00619432867271944,1.18844769959861,22,NA,NA,NA
"control","GAB_LBN",0.183877630654179,0.75830550227243,26,NA,NA,NA
"control","GAB_LKA",0.382792697389999,0.496342566593076,15,NA,NA,NA
"control","GAB_MLI",-0.323591705927342,0.781091217561671,23,NA,NA,NA
"control","GAB_MLT",-0.0984351510777633,1.22809447494932,12,NA,NA,NA
"control","GAB_MOZ",-0.0793240797225915,0.549959508495307,19,NA,NA,NA
"control","GAB_MRT",-0.0732279893965638,1.0055557170369,25,NA,NA,NA
"control","GAB_MUS",-0.0640368912548745,1.11791771374062,22,NA,NA,NA
"control","GAB_NER",0.247977299586503,0.706167633747736,27,NA,NA,NA
"control","GAB_NGA",0.11838203529971,1.50027983243747,26,NA,NA,NA
"control","GAB_NOR",-0.139412566596293,0.755805184648656,27,NA,NA,NA
"control","GAB_PHL",0.0900919362415294,0.852159529016245,26,NA,NA,NA
"control","GAB_POL",0.0586175769044028,0.862283982229548,27,NA,NA,NA
"control","GAB_PRK",-0.127809910788999,1.31195053278362,15,NA,NA,NA
"control","GAB_PYF",-0.0909131882849119,1.07263570579628,13,NA,NA,NA
"control","GAB_SLE",0.0620169714678355,0.598999288812053,10,NA,NA,NA
"control","GAB_TGO",-0.276109459411639,0.958450370938477,27,NA,NA,NA
"control","GAB_TWN",0.0958694418382788,0.8978376751615,26,NA,NA,NA
"control","GBR_ARM",-0.0328529368627628,1.12448180382958,24,NA,NA,NA
"control","GBR_AZE",0.0352939672211509,0.894949591597181,27,NA,NA,NA
"control","GBR_BIH",-0.531638916753091,1.00874623082783,14,NA,NA,NA
"control","GBR_BLR",-0.167866674116382,1.16931561896623,27,NA,NA,NA
"control","GBR_CAF",-0.00426367823748014,0.603400151127036,27,NA,NA,NA
"control","GBR_COK",0.156726696952542,0.719843189191997,27,NA,NA,NA
"control","GBR_ETH",-0.249468910895858,1.37717403611597,27,NA,NA,NA
"control","GBR_FSM",-0.172521847703559,1.00765273838488,27,NA,NA,NA
"control","GBR_GEO",-0.283465369127399,1.3112246595282,20,NA,NA,NA
"control","GBR_GIB",0.104369091063416,0.807425898192095,27,NA,NA,NA
"control","GBR_GNB",0.0313138527074141,1.06799256397017,27,NA,NA,NA
"control","GBR_GNQ",0.039481119783421,0.961957366174133,27,NA,NA,NA
"control","GBR_KAZ",0.00521355882946434,1.03701444406459,27,NA,NA,NA
"control","GBR_KGZ",0.2115998770319,0.603022881742744,27,NA,NA,NA
"control","GBR_KIR",0.218654896456121,1.07505422167977,27,NA,NA,NA
"control","GBR_MDA",0.293320254747141,1.18282809389229,20,NA,NA,NA
"control","GBR_MDV",-0.176277302044777,0.967487957336759,27,NA,NA,NA
"control","GBR_MHL",-0.0126219273281887,0.809143092317283,27,NA,NA,NA
"control","GBR_NIU",-0.0927619442409101,1.05519455298403,23,NA,NA,NA
"control","GBR_RUS",0.208980818894173,1.67707195097144,27,NA,NA,NA
"control","GBR_TJK",-0.156816717619352,1.33084493367109,27,NA,NA,NA
"control","GBR_TKM",-0.0838983961057259,0.911698299820113,27,NA,NA,NA
"control","GBR_UKR",-0.322581417722332,1.08641507764244,20,NA,NA,NA
"control","GBR_UZB",0.0880087365028151,0.681871844865308,27,NA,NA,NA
"control","GBR_VGB",-0.276353135723767,0.491194823240668,13,NA,NA,NA
"control","GEO_AUS",-0.160429774363054,0.730417647840868,27,NA,NA,NA
"control","GEO_BOL",0.0303699905079399,1.1115019925235,20,NA,NA,NA
"control","GEO_CAN",0.256370572800692,0.920556122960776,27,NA,NA,NA
"control","GEO_COL",0.265545450350267,0.980756790999209,26,NA,NA,NA
"control","GEO_CYP",0.452257039405311,0.989335993378911,19,NA,NA,NA
"control","GEO_CZE",-0.203898903326857,1.05584333423476,20,NA,NA,NA
"control","GEO_GBR",-0.13447134558234,0.786008912008405,20,NA,NA,NA
"control","GEO_ISL",-0.30205031827946,1.86785566560639,12,NA,NA,NA
"control","GEO_LKA",0.160114553294142,0.689091733242268,20,NA,NA,NA
"control","GEO_MAR",0.119141246475716,0.819075607288625,27,NA,NA,NA
"control","GEO_MYS",-0.212073334332158,1.0361372377272,27,NA,NA,NA
"control","GEO_NOR",0.0652233968172259,0.929855457722508,22,NA,NA,NA
"control","GEO_NZL",-0.0329821545917924,1.02097020717707,26,NA,NA,NA
"control","GEO_PRT",-0.176464360051003,0.704532016873107,19,NA,NA,NA
"control","GEO_ZWE",-0.0454906901909737,0.561095785635631,22,NA,NA,NA
"control","GHA_COG",0.165342034669432,0.556806396957751,23,NA,NA,NA
"control","GHA_CZE",0.203968469974225,0.6157797464265,22,NA,NA,NA
"control","GHA_GAB",0.123615475256097,0.592509919084592,25,NA,NA,NA
"control","GHA_GTM",0.481053268328838,0.821016661060977,21,NA,NA,NA
"control","GHA_MUS",-0.353987007074655,1.52828359946749,25,NA,NA,NA
"control","GHA_PRY",0.0587043149763093,0.953325114258349,11,NA,NA,NA
"control","GIB_CZE",-0.0457808285839178,0.841386190266369,26,NA,NA,NA
"control","GIB_GBR",-0.232279802254081,0.807539754591968,27,NA,NA,NA
"control","GIB_GTM",0.102020905171349,0.80267396382736,12,NA,NA,NA
"control","GIB_NOR",-0.17871516191804,0.538768658549877,26,NA,NA,NA
"control","GIN_CAF",0.0248327456927559,1.37142686201399,11,NA,NA,NA
"control","GIN_CZE",-0.276985348263989,0.962197295606503,27,NA,NA,NA
"control","GIN_GAB",0.0736191979117761,0.604865226059677,19,NA,NA,NA
"control","GMB_BRA",0.212108101332369,1.48283047272343,20,NA,NA,NA
"control","GMB_CRI",0.065367225195655,0.553968675711694,25,NA,NA,NA
"control","GMB_GAB",-0.0308167988433667,1.28089078574685,13,NA,NA,NA
"control","GMB_LKA",0.178593152551623,1.58423656870995,17,NA,NA,NA
"control","GMB_MAR",-0.288768970784895,1.02442823721951,18,NA,NA,NA
"control","GMB_MDG",-0.198236137033094,0.987609898158858,8,NA,NA,NA
"control","GMB_VCT",-0.177739770350735,0.890211784269971,12,NA,NA,NA
"control","GNB_AUS",-0.271030052165895,1.83237785358125,9,NA,NA,NA
"control","GNB_BRA",-0.691130760218833,0.958524916409936,11,NA,NA,NA
"control","GNB_POL",0.171799146153048,1.09175572029603,13,NA,NA,NA
"control","GNQ_CHL",0.01619317135082,1.0933247909325,13,NA,NA,NA
"control","GNQ_GBR",-0.065244679390567,0.711389486768806,26,NA,NA,NA
"control","GRC_ARM",0.0456955878088586,0.709074132866636,24,NA,NA,NA
"control","GRC_BFA",0.0874307187132392,1.00545795463622,27,NA,NA,NA
"control","GRC_BLR",0.26938006698744,0.906204142099313,27,NA,NA,NA
"control","GRC_ETH",-0.195861187625808,0.943681528017307,27,NA,NA,NA
"control","GRC_GNB",-0.0765066093503964,1.30053434143925,19,NA,NA,NA
"control","GRC_GNQ",-0.0163557807116424,1.08984417167523,21,NA,NA,NA
"control","GRC_LCA",0.211260812007442,0.980603963848122,14,NA,NA,NA
"control","GRC_SLB",-0.193871177113999,1.36694866224832,15,NA,NA,NA
"control","GRC_SUR",-0.270038244691437,2.93302113159608,14,NA,NA,NA
"control","GRC_TJK",0.318648978957939,0.880914599877207,26,NA,NA,NA
"control","GRC_TON",0.169416268731938,0.565688884555258,18,NA,NA,NA
"control","GRC_TUV",-0.0465075726792613,1.28199036436049,16,NA,NA,NA
"control","GRC_UZB",0.214410264374555,0.97181552152545,27,NA,NA,NA
"control","GRD_AIA",-0.218030982975995,1.85086870815557,17,NA,NA,NA
"control","GRD_ANT",-0.171982372447137,1.29080966133043,17,NA,NA,NA
"control","GRD_CZE",-0.13031070050599,1.21308925466361,13,NA,NA,NA
"control","GRD_DOM",0.0140957318545964,0.950090757613088,27,NA,NA,NA
"control","GRD_HRV",0.265906805919399,1.24337739731275,19,NA,NA,NA
"control","GRD_NZL",0.354497367052031,0.894554870699835,16,NA,NA,NA
"control","GRD_PAN",-0.340596741364784,0.569337386141736,12,NA,NA,NA
"control","GRD_TUN",-0.233297826196979,1.2829863943309,19,NA,NA,NA
"control","GRD_VEN",-0.0886355361382055,0.433676714636663,22,NA,NA,NA
"control","GRD_VGB",-0.0539570271319598,1.38506021265147,22,NA,NA,NA
"control","GRL_GTM",-0.454031837446726,1.06599461000988,9,NA,NA,NA
"control","GRL_HRV",-0.188865603470427,1.00836251937305,16,NA,NA,NA
"control","GRL_NOR",0.118370499686824,0.986444676087985,27,NA,NA,NA
"control","GRL_NZL",0.0491936825835326,1.68295303582423,10,NA,NA,NA
"control","GTM_ABW",-0.0628887249408664,0.537867996288757,27,NA,NA,NA
"control","GTM_ANT",-0.0212524381627142,0.965699609105509,13,NA,NA,NA
"control","GTM_BMU",0.0798613102746336,0.736506003299403,25,NA,NA,NA
"control","GTM_CUB",-0.255850988467618,0.834099171720233,27,NA,NA,NA
"control","GTM_CZE",0.308393082727429,0.842659462892672,19,NA,NA,NA
"control","GTM_DMA",0.384282998571565,0.679891350967087,27,NA,NA,NA
"control","GTM_GRD",-0.220957119615996,0.99061457682988,27,NA,NA,NA
"control","GTM_KNA",0.222238639657829,0.568177423682612,26,NA,NA,NA
"control","GTM_NGA",-0.169284740205327,1.70464373692793,24,NA,NA,NA
"control","GTM_PRK",-0.340445890032224,0.581174230638866,21,NA,NA,NA
"control","GTM_RUS",-0.324382357223108,1.34543848670984,27,NA,NA,NA
"control","GTM_URY",-0.0665930763376123,1.02303699704812,27,NA,NA,NA
"control","GTM_VCT",0.372289236205366,1.03973994269504,27,NA,NA,NA
"control","GTM_VGB",-0.0228154485382893,0.843331930933908,23,NA,NA,NA
"control","GUY_CHN",-0.150114949010522,0.823281390641505,25,NA,NA,NA
"control","GUY_CYP",-0.343099044506661,1.10063676526699,11,NA,NA,NA
"control","GUY_CZE",-0.230795297561093,0.973821477978948,14,NA,NA,NA
"control","GUY_GTM",-0.346775603513897,1.84461554356306,24,NA,NA,NA
"control","GUY_HRV",0.0606794648814591,0.514529657932753,17,NA,NA,NA
"control","GUY_NOR",-0.358557121111713,0.660479059898177,26,NA,NA,NA
"control","HND_BHR",-0.17823875163865,1.12699560770932,20,NA,NA,NA
"control","HND_CMR",-0.0414355599788504,0.917116339117195,15,NA,NA,NA
"control","HND_CZE",0.432392253909781,0.541239252034635,19,NA,NA,NA
"control","HND_DMA",0.0123270631684117,0.859728882299371,24,NA,NA,NA
"control","HND_GRD",0.0644865764924815,1.14164283391941,27,NA,NA,NA
"control","HND_KNA",0.117760324398406,1.15366611747598,25,NA,NA,NA
"control","HND_MAC",0.0464352698219637,0.993222149734403,24,NA,NA,NA
"control","HND_VCT",-0.0913072086306821,0.739993764731154,26,NA,NA,NA
"control","HRV_AND",0.129839563282263,1.38805241260751,19,NA,NA,NA
"control","HRV_ANT",0.268680754500592,0.663034562906712,11,NA,NA,NA
"control","HRV_ARM",0.279313644018766,0.859933132422013,21,NA,NA,NA
"control","HRV_BDI",-0.22229278028911,0.561352767941549,13,NA,NA,NA
"control","HRV_BHS",0.182657566638568,0.862962507103679,18,NA,NA,NA
"control","HRV_BOL",0.413262174781569,1.39319399664578,25,NA,NA,NA
"control","HRV_BRN",0.0602583055171055,2.00772678368826,14,NA,NA,NA
"control","HRV_COM",0.0183757367071502,0.835703160847503,12,NA,NA,NA
"control","HRV_CZE",0.0695975369216164,0.481862986597595,9,NA,NA,NA
"control","HRV_DOM",-0.262488489220805,0.666482014237258,13,NA,NA,NA
"control","HRV_ETH",-0.242890008676076,0.924068612293468,27,NA,NA,NA
"control","HRV_FJI",0.379079228041416,1.53667218545497,9,NA,NA,NA
"control","HRV_GAB",-0.256588968649837,0.67095965904956,25,NA,NA,NA
"control","HRV_GNB",-0.275897723912028,1.0003833051578,15,NA,NA,NA
"control","HRV_GNQ",0.166813584227034,0.941323657828179,14,NA,NA,NA
"control","HRV_GUY",0.0210903293794991,1.56407909073214,8,NA,NA,NA
"control","HRV_HTI",0.163304170070232,0.743575196333049,20,NA,NA,NA
"control","HRV_LKA",-0.0671552100401697,0.990923112050056,26,NA,NA,NA
"control","HRV_LTU",-0.519020890507586,0.286124921889911,10,NA,NA,NA
"control","HRV_MOZ",-0.159300420713051,0.968193723721787,17,NA,NA,NA
"control","HRV_MRT",-0.0424654957476429,0.576498178072232,17,NA,NA,NA
"control","HRV_NIC",-0.104257487552327,0.526026583336771,17,NA,NA,NA
"control","HRV_PYF",-0.0358001482671546,0.871351800339363,16,NA,NA,NA
"control","HRV_SVK",-0.486100725027508,1.37154960942287,9,NA,NA,NA
"control","HRV_TGO",0.208335507085353,0.764285778952426,21,NA,NA,NA
"control","HRV_TZA",0.0938892314083078,1.22466552129424,27,NA,NA,NA
"control","HRV_UZB",-0.0583083293733628,0.677269381660161,27,NA,NA,NA
"control","HTI_BOL",0.0164410264896341,1.72969808007913,19,NA,NA,NA
"control","HTI_CZE",-0.0891524609183572,0.874239814087378,27,NA,NA,NA
"control","HTI_POL",-0.595228159195111,0.675289812899651,20,NA,NA,NA
"control","HTI_THA",0.0149579025742389,0.81228322938897,19,NA,NA,NA
"control","HUN_ANT",-0.552680059808818,1.08959276859678,10,NA,NA,NA
"control","HUN_ARM",0.111792486687146,1.18654759312898,24,NA,NA,NA
"control","HUN_AZE",0.0769229658596395,0.928571357150232,27,NA,NA,NA
"control","HUN_BIH",0.365140423229322,0.763763828831832,14,NA,NA,NA
"control","HUN_BLZ",0.131749046214688,0.250652933219418,14,NA,NA,NA
"control","HUN_DMA",-0.0981646827843636,0.774264805846915,14,NA,NA,NA
"control","HUN_ETH",0.324828856823536,0.670069507733538,27,NA,NA,NA
"control","HUN_GEO",0.339859950531721,1.18525438648866,20,NA,NA,NA
"control","HUN_KGZ",0.21797230583915,1.3791889947077,27,NA,NA,NA
"control","HUN_KNA",0.157342624179396,1.91584208198284,13,NA,NA,NA
"control","HUN_MKD",0.371573839135831,0.253739328348401,10,NA,NA,NA
"control","HUN_STP",0.0386553030052243,0.872933147590381,21,NA,NA,NA
"control","HUN_TCD",-0.0632045821710979,0.946757203517695,21,NA,NA,NA
"control","HUN_TJK",-0.0320526803645078,0.901254905820411,27,NA,NA,NA
"control","HUN_TKM",0.224627490301842,1.23994527884001,27,NA,NA,NA
"control","HUN_VCT",-0.329586082151642,0.797222361404986,13,NA,NA,NA
"control","IDN_BDI",0.0987933248065798,0.931124400535849,27,NA,NA,NA
"control","IDN_CZE",0.126627022452771,1.73688992662574,27,NA,NA,NA
"control","IDN_DMA",-0.107899584775265,0.863084070229565,27,NA,NA,NA
"control","IDN_ETH",0.0498887255700025,0.743628321030297,27,NA,NA,NA
"control","IDN_KNA",-0.0520067130845255,0.580355907224686,27,NA,NA,NA
"control","IDN_VCT",-0.17587811888287,1.6137190841284,26,NA,NA,NA
"control","IND_AZE",0.126473664882364,1.11869509919036,27,NA,NA,NA
"control","IND_BIH",0.182402543644129,0.699985635630446,25,NA,NA,NA
"control","IND_BLR",-0.18519810202731,0.517892025902805,27,NA,NA,NA
"control","IND_CZE",0.421624980382708,2.12842624872714,27,NA,NA,NA
"control","IND_ETH",-0.0952117795455497,0.837325080856774,27,NA,NA,NA
"control","IND_GEO",0.263706459907579,1.10503521142881,27,NA,NA,NA
"control","IND_KAZ",-0.0456858795283063,1.27886561479603,27,NA,NA,NA
"control","IND_KGZ",0.243949641011125,1.22945564654232,26,NA,NA,NA
"control","IND_MDA",-0.138190463250804,0.860592159203689,27,NA,NA,NA
"control","IND_SVK",0.0120534461327338,1.55888937298367,27,NA,NA,NA
"control","IND_TJK",0.017256481078531,0.67148058191618,27,NA,NA,NA
"control","IND_TKM",0.0435757345001774,1.18195451375552,27,NA,NA,NA
"control","IND_UKR",0.284724357049942,1.19144401497305,27,NA,NA,NA
"control","IND_UZB",0.4016610692866,1.17593903219494,27,NA,NA,NA
"control","IOT_JPN",0.20067642990674,0.837771618687485,10,NA,NA,NA
"control","IOT_TUR",-0.294773254697903,1.39092442842379,21,NA,NA,NA
"control","IRL_AZE",-0.0205969577393354,1.1387310015741,27,NA,NA,NA
"control","IRL_ETH",-0.224162388892622,1.08800209230389,27,NA,NA,NA
"control","IRL_GEO",-0.103213236175942,0.708532308613247,20,NA,NA,NA
"control","IRL_GNB",-0.0282990219276093,1.4917129950676,16,NA,NA,NA
"control","IRL_GNQ",-0.283464631972779,1.11644113978233,27,NA,NA,NA
"control","IRL_KAZ",-0.284763039625585,0.704353941808777,27,NA,NA,NA
"control","IRL_KGZ",-0.430437596747708,1.40383564999598,27,NA,NA,NA
"control","IRL_KIR",-0.0167195461460672,0.65352579652079,9,NA,NA,NA
"control","IRL_MHL",-0.16634836153031,0.69853250824134,16,NA,NA,NA
"control","IRL_STP",-0.552346650028768,1.14270318432538,22,NA,NA,NA
"control","IRL_TJK",-0.360847900910679,1.12956301048496,26,NA,NA,NA
"control","IRL_TKM",-0.292370495610397,0.543879423822342,27,NA,NA,NA
"control","IRL_TUV",-0.132509974226167,0.85841144502544,9,NA,NA,NA
"control","IRL_UZB",0.287690368358301,0.884897499247657,27,NA,NA,NA
"control","IRN_BDI",0.0247431231633553,1.1896153845243,22,NA,NA,NA
"control","IRN_COG",0.0305671187137292,0.593383619125718,24,NA,NA,NA
"control","IRN_CZE",-0.309396164363747,0.753678665633237,27,NA,NA,NA
"control","IRN_GAB",-0.00898955078190023,0.922602459454352,24,NA,NA,NA
"control","IRN_KNA",0.132869911969039,1.05848569248733,9,NA,NA,NA
"control","IRN_NOR",-0.201859250901372,1.14224056758885,27,NA,NA,NA
"control","IRQ_HUN",0.486050489086318,1.14684268060124,20,NA,NA,NA
"control","IRQ_SVN",0.0524512260417956,0.96673212697639,22,NA,NA,NA
"control","ISL_ALB",0.00732123083198967,1.16932535088419,12,NA,NA,NA
"control","ISL_CAF",-0.200878253987637,1.49309766052881,12,NA,NA,NA
"control","ISL_DMA",-0.122086826007777,0.986680947661296,13,NA,NA,NA
"control","ISL_ETH",-0.211138619558736,0.945198067783928,26,NA,NA,NA
"control","ISL_GMB",-0.0905244201351464,0.828832591941095,11,NA,NA,NA
"control","ISL_GRD",-0.0242706965348402,0.638895083648982,23,NA,NA,NA
"control","ISL_KNA",0.166156101850432,0.87147970386104,22,NA,NA,NA
"control","ISL_PRY",0.193003982088902,0.651004216820174,17,NA,NA,NA
"control","ISL_VCT",-0.257104392387572,0.798996019714398,24,NA,NA,NA
"control","ISR_BDI",0.351176451641931,1.12404776811373,27,NA,NA,NA
"control","ISR_COG",-0.121730398766324,1.55195138060411,27,NA,NA,NA
"control","ISR_DMA",-0.36058770087245,1.2653226093389,25,NA,NA,NA
"control","ISR_GAB",-0.0305778264853129,1.1167334764437,27,NA,NA,NA
"control","ISR_GRD",-0.11806065042079,0.974781694471423,27,NA,NA,NA
"control","ISR_GTM",-0.234736056152808,1.12648674090821,27,NA,NA,NA
"control","ISR_KNA",0.10470333287705,1.25938546867114,23,NA,NA,NA
"control","ISR_MUS",-0.176292757033922,1.63698279599361,27,NA,NA,NA
"control","ISR_NIC",0.379129097466687,1.44736400379984,27,NA,NA,NA
"control","ISR_VCT",0.0104433070138262,1.03169876435385,25,NA,NA,NA
"control","ITA_ARM",0.0306901759146998,0.623783201636986,24,NA,NA,NA
"control","ITA_AZE",-0.120748735507178,1.05807078540566,27,NA,NA,NA
"control","ITA_GEO",0.393801881946063,0.661784752155238,20,NA,NA,NA
"control","ITA_KAZ",0.108053149145283,0.993265418661877,27,NA,NA,NA
"control","ITA_KGZ",0.303873239472533,0.622206521620007,27,NA,NA,NA
"control","ITA_UZB",0.262184925649976,0.721273054730443,27,NA,NA,NA
"control","ITA_VCT",0.260194498063602,0.936699632104786,14,NA,NA,NA
"control","JAM_BDI",-0.118144238965183,1.51131341449518,13,NA,NA,NA
"control","JAM_CZE",-0.248677063286364,1.26993145298972,14,NA,NA,NA
"control","JAM_EST",-0.407235238420098,0.673450813771789,13,NA,NA,NA
"control","JAM_MUS",0.255664923513422,1.10742257589346,25,NA,NA,NA
"control","JAM_PHL",-0.37043076420698,1.04155825292542,25,NA,NA,NA
"control","JOR_BDI",-0.265206697535326,0.806126079546203,18,NA,NA,NA
"control","JOR_BOL",0.313577376403124,0.706681535703167,20,NA,NA,NA
"control","JOR_COL",-0.1254906501011,1.70763208185889,27,NA,NA,NA
"control","JOR_CZE",-0.520718096524421,1.01507784409291,10,NA,NA,NA
"control","JOR_JAM",-0.116282597419107,0.840754923096944,24,NA,NA,NA
"control","JOR_MKD",0.18617509799535,0.694764513101454,27,NA,NA,NA
"control","JOR_MUS",0.103527171557335,0.777072639954778,27,NA,NA,NA
"control","JOR_NOR",0.076033439137413,0.946110776527441,8,NA,NA,NA
"control","JOR_RUS",0.331350432265429,1.27080550997804,27,NA,NA,NA
"control","JOR_TTO",0.0312749747504778,0.763545848517073,23,NA,NA,NA
"control","JOR_UGA",-0.589414862285345,1.41166688497611,27,NA,NA,NA
"control","JOR_UKR",-0.125090256576604,1.10667023567622,27,NA,NA,NA
"control","JPN_CZE",0.162542792915328,1.34755241242853,25,NA,NA,NA
"control","JPN_ERI",0.0743217557538561,0.845549390066554,27,NA,NA,NA
"control","JPN_ETH",0.308342319663116,0.84347346076931,27,NA,NA,NA
"control","JPN_MKD",-0.0782233906923226,1.14277540563863,27,NA,NA,NA
"control","JPN_SVK",0.381958935180291,1.20327473020594,25,NA,NA,NA
"control","JPN_TKL",0.142151484675138,0.877284357650304,24,NA,NA,NA
"control","KAZ_AUS",-0.375935551229079,0.971676167221237,27,NA,NA,NA
"control","KAZ_BRA",-0.235576054332144,0.85197958315119,24,NA,NA,NA
"control","KAZ_CAN",0.0743237214514713,1.29751166075977,27,NA,NA,NA
"control","KAZ_CZE",-0.0136937058477407,0.941803883051218,27,NA,NA,NA
"control","KAZ_GBR",-0.102547721572148,1.37043676225854,27,NA,NA,NA
"control","KAZ_GRC",0.0881055886106784,1.25267351272859,27,NA,NA,NA
"control","KAZ_HUN",0.140334483104953,1.09853240861183,27,NA,NA,NA
"control","KAZ_IND",-0.191914415072024,0.992144457297744,27,NA,NA,NA
"control","KAZ_MYS",-0.120666396860725,1.27803087376272,26,NA,NA,NA
"control","KAZ_NOR",-0.209458322597525,0.702324007060484,26,NA,NA,NA
"control","KAZ_NZL",-0.270370266810785,0.92210761881944,27,NA,NA,NA
"control","KEN_CZE",-0.0224034520974098,1.23012116158598,27,NA,NA,NA
"control","KEN_GAB",-0.0481708031933413,1.21538305541872,23,NA,NA,NA
"control","KEN_KNA",0.141000982186147,0.862586147918798,17,NA,NA,NA
"control","KEN_PRK",-0.344468062169397,1.09608131935642,20,NA,NA,NA
"control","KGZ_CAN",0.0986772032558759,0.655467194034718,27,NA,NA,NA
"control","KGZ_CZE",0.0622345155756985,0.887767841899801,27,NA,NA,NA
"control","KGZ_GBR",-0.311451907008066,0.889885235152544,27,NA,NA,NA
"control","KGZ_HUN",-0.572273571697521,1.45466660430876,27,NA,NA,NA
"control","KGZ_MAR",0.316446536275749,1.913750490153,13,NA,NA,NA
"control","KGZ_MYS",-0.189901392379814,1.25996187613235,27,NA,NA,NA
"control","KGZ_PRT",0.505798166705474,0.793888964700931,20,NA,NA,NA
"control","KGZ_THA",-0.250589485290581,0.836098079267809,27,NA,NA,NA
"control","KHM_CYP",-0.0935738380635028,1.27210301336849,25,NA,NA,NA
"control","KHM_CZE",0.0593222259797612,1.08439459318922,27,NA,NA,NA
"control","KHM_GBR",0.17590777923551,1.25114833824962,27,NA,NA,NA
"control","KHM_MUS",-0.265934499098851,1.22795457067355,23,NA,NA,NA
"control","KHM_NOR",0.0262463778732651,0.469833647250093,27,NA,NA,NA
"control","KIR_BOL",0.174154988307246,0.580353967211599,9,NA,NA,NA
"control","KIR_CZE",0.372570635926507,0.895767080454622,21,NA,NA,NA
"control","KIR_IRL",0.108761335203981,2.1402197326044,13,NA,NA,NA
"control","KIR_MEX",0.00733177716265884,1.16383651005216,12,NA,NA,NA
"control","KIR_THA",-0.184014159038037,1.02924873772355,26,NA,NA,NA
"control","KNA_ABW",0.191578192955026,0.64743920243047,9,NA,NA,NA
"control","KNA_AIA",0.0499131299687205,1.2869330985583,24,NA,NA,NA
"control","KNA_ANT",0.041250184174405,0.805222029964546,17,NA,NA,NA
"control","KNA_BMU",-0.0938627903416237,0.859227402247114,14,NA,NA,NA
"control","KNA_CHN",0.400644200314995,0.679253462858901,23,NA,NA,NA
"control","KNA_KOR",-0.097501884032652,0.691539790477992,23,NA,NA,NA
"control","KNA_THA",-0.156816999955756,1.16467116808214,24,NA,NA,NA
"control","KNA_VGB",0.170081105187764,0.738902816596207,24,NA,NA,NA
"control","KOR_ARM",-0.115431363937063,0.897976336370034,27,NA,NA,NA
"control","KOR_ATF",0.381869437671899,0.531349315542724,14,NA,NA,NA
"control","KOR_AZE",0.565142648081221,0.635571794674784,27,NA,NA,NA
"control","KOR_BLR",0.183234642455844,0.565035603214353,27,NA,NA,NA
"control","KOR_CZE",0.142426890481538,0.606528880528767,17,NA,NA,NA
"control","KOR_EST",0.426671156035625,0.826107188728011,17,NA,NA,NA
"control","KOR_ETH",-0.323229807165025,0.930473887317607,27,NA,NA,NA
"control","KOR_LTU",-0.16665464033792,1.01579058919915,17,NA,NA,NA
"control","KOR_LVA",-0.133773958405767,1.15561568344529,17,NA,NA,NA
"control","KOR_MDA",0.0436612290155412,1.20926168047582,27,NA,NA,NA
"control","KOR_MKD",0.146890444373925,0.836799637088976,27,NA,NA,NA
"control","KOR_SVK",-0.0783800864548018,0.691993605045919,17,NA,NA,NA
"control","KOR_TJK",-0.184810815286564,1.37252868162621,27,NA,NA,NA
"control","KOR_WLF",0.2924574738534,0.964521683428546,23,NA,NA,NA
"control","KWT_BGR",0.0201307789017516,0.609074236265503,25,NA,NA,NA
"control","KWT_COG",-0.270381258876949,0.533383723453786,18,NA,NA,NA
"control","KWT_HRV",-0.151540607253069,1.41411718442743,23,NA,NA,NA
"control","KWT_NOR",-0.0929944832495118,1.27122457811963,19,NA,NA,NA
"control","LAO_CZE",0.189669919575343,1.13839210686251,27,NA,NA,NA
"control","LAO_GBR",-0.143712294019328,1.98061268316571,27,NA,NA,NA
"control","LAO_HRV",0.288092454904686,0.824671242889399,26,NA,NA,NA
"control","LAO_MAC",0.307412747556112,0.877455559626675,15,NA,NA,NA
"control","LAO_MUS",-0.147993057334851,0.497482568976933,20,NA,NA,NA
"control","LAO_NIC",-0.145544265322007,0.83919976221399,23,NA,NA,NA
"control","LAO_TUN",0.423175414204758,1.07656158532392,25,NA,NA,NA
"control","LBN_CAF",-0.200536487473549,0.624886415713004,27,NA,NA,NA
"control","LBN_COG",0.37064492326841,1.03683317811512,26,NA,NA,NA
"control","LBN_CZE",0.687585902374258,2.04148849014425,10,NA,NA,NA
"control","LBN_GAB",0.0666393844767082,0.743375444678417,26,NA,NA,NA
"control","LBN_SVN",-0.0486918550564991,0.324139847428023,9,NA,NA,NA
"control","LBR_EGY",0.181503888518488,1.65416560947069,17,NA,NA,NA
"control","LBR_MDG",-0.433147872614983,1.11792011831331,10,NA,NA,NA
"control","LBR_SAU",-0.565695901944169,1.29246418623432,19,NA,NA,NA
"control","LBY_CZE",0.0756593907030425,0.725082909841829,26,NA,NA,NA
"control","LBY_IRL",0.154734926825924,0.775552277867559,23,NA,NA,NA
"control","LCA_ABW",-0.381370760616642,0.569268429121968,21,NA,NA,NA
"control","LCA_AIA",-0.136505502171139,1.1808327113132,26,NA,NA,NA
"control","LCA_AUS",0.117461853387349,1.11152683489573,26,NA,NA,NA
"control","LCA_GTM",0.365970859505194,0.438540223834154,9,NA,NA,NA
"control","LCA_KOR",-0.0874995250077956,1.14722052998618,26,NA,NA,NA
"control","LCA_TWN",0.228880321294373,0.854315755039462,26,NA,NA,NA
"control","LKA_ARM",0.079592320949267,0.775514532813971,23,NA,NA,NA
"control","LKA_AZE",-0.35984438338234,0.930104280839568,27,NA,NA,NA
"control","LKA_BIH",0.0629372439499862,1.01843596310188,21,NA,NA,NA
"control","LKA_BLR",-0.00294105827583676,0.773911010219095,26,NA,NA,NA
"control","LKA_CYM",0.188482818933037,1.52676450719733,15,NA,NA,NA
"control","LKA_CZE",0.0476032533480597,0.739310901886018,27,NA,NA,NA
"control","LKA_EST",0.0606107908716227,0.725492445217453,27,NA,NA,NA
"control","LKA_ETH",-0.0921819803491394,1.34750523668346,26,NA,NA,NA
"control","LKA_GRD",-0.0586073322739513,1.01078643326378,23,NA,NA,NA
"control","LKA_KAZ",-0.0459378477550155,1.04517152793852,24,NA,NA,NA
"control","LKA_LTU",0.186884837212307,1.30335728882269,27,NA,NA,NA
"control","LKA_LVA",0.00421576941859507,0.695637046553162,27,NA,NA,NA
"control","LKA_NRU",-0.133725330768334,0.544884220232207,14,NA,NA,NA
"control","LKA_TJK",0.0564494596217927,1.16682310568365,21,NA,NA,NA
"control","LKA_UKR",-0.0658731074616567,0.824215750813975,27,NA,NA,NA
"control","LKA_UZB",-0.236147560508897,0.912404329581979,27,NA,NA,NA
"control","LSO_EGY",0.497363947400749,1.08929727949966,16,NA,NA,NA
"control","LTU_CAN",-0.135108627432543,0.963319268522223,23,NA,NA,NA
"control","LTU_COL",-0.268707044669497,0.999139724433734,19,NA,NA,NA
"control","LTU_CYP",-0.194577217933978,1.36280872211217,10,NA,NA,NA
"control","LTU_JAM",0.256302969627659,1.78183968853064,11,NA,NA,NA
"control","LTU_KOR",-0.270559397994585,0.851965808141831,17,NA,NA,NA
"control","LTU_LKA",-0.437809576678388,1.24502471832754,26,NA,NA,NA
"control","LTU_MAC",0.0130088103784744,0.629918416645784,20,NA,NA,NA
"control","LTU_MAR",0.077091938935329,1.63832237763572,10,NA,NA,NA
"control","LTU_MEX",0.452073172769838,0.800682375919401,10,NA,NA,NA
"control","LTU_THA",-0.0122120255834158,0.926460463636088,27,NA,NA,NA
"control","LVA_ARE",0.0500604977653054,1.06643464893635,27,NA,NA,NA
"control","LVA_BOL",-0.13275474350884,1.28208685899779,24,NA,NA,NA
"control","LVA_BRA",-0.164918946069635,1.31250596587732,27,NA,NA,NA
"control","LVA_CAN",-0.00269805602428134,1.21999748323787,23,NA,NA,NA
"control","LVA_COL",-0.236945131801394,1.21291342428054,19,NA,NA,NA
"control","LVA_CYP",0.215811108790875,0.480640028575305,10,NA,NA,NA
"control","LVA_IND",0.000464781555211614,1.10129505025472,27,NA,NA,NA
"control","LVA_KOR",0.0555067953277657,2.04120308049166,17,NA,NA,NA
"control","LVA_MYS",-0.00510731100362624,0.582166853174105,27,NA,NA,NA
"control","LVA_NZL",-0.132991449109482,1.08819166469103,25,NA,NA,NA
"control","LVA_PHL",-0.459715651304518,0.994110034245999,26,NA,NA,NA
"control","MAC_CZE",0.117190950417921,1.85122212375348,27,NA,NA,NA
"control","MAC_JOR",0.261779298562958,1.28362170987204,13,NA,NA,NA
"control","MAC_NIC",0.00421972239425267,1.23048850945732,24,NA,NA,NA
"control","MAC_PRK",0.0717822125871371,0.860285946986033,14,NA,NA,NA
"control","MAR_ALB",0.250970764835387,1.19665262337106,25,NA,NA,NA
"control","MAR_AND",-0.26959304767562,0.784112439080566,26,NA,NA,NA
"control","MAR_ANT",-0.287272562138941,1.94105395751655,17,NA,NA,NA
"control","MAR_AZE",-0.0995743031178939,1.65582388263029,22,NA,NA,NA
"control","MAR_BDI",0.021521532219669,0.774563242557786,17,NA,NA,NA
"control","MAR_BFA",-0.236800251531258,0.942880634175149,27,NA,NA,NA
"control","MAR_BLZ",0.243278981855094,0.968476057215554,17,NA,NA,NA
"control","MAR_CAF",0.100353316269756,0.899129510077547,27,NA,NA,NA
"control","MAR_COD",-0.0476038158571043,0.886081259353877,27,NA,NA,NA
"control","MAR_COM",-0.191267505651427,1.1176086979532,27,NA,NA,NA
"control","MAR_CZE",0.264787826200987,0.565764749905737,10,NA,NA,NA
"control","MAR_DJI",0.0876507751876747,0.512261599039766,26,NA,NA,NA
"control","MAR_GEO",-0.0342051760528474,0.630569071062827,27,NA,NA,NA
"control","MAR_GIB",0.00385867245851372,1.11000180348941,27,NA,NA,NA
"control","MAR_GMB",0.114810265597175,0.54792260964672,27,NA,NA,NA
"control","MAR_GNQ",0.177229312906893,0.698749583290812,27,NA,NA,NA
"control","MAR_HND",0.167540845554825,1.00715962998841,27,NA,NA,NA
"control","MAR_HTI",-0.143963821909552,1.16594432380005,24,NA,NA,NA
"control","MAR_LBR",-0.140294421712947,0.812375222509328,27,NA,NA,NA
"control","MAR_MAC",0.137224181741935,1.06286006963889,22,NA,NA,NA
"control","MAR_MDA",-0.208589234890263,0.828365739142854,26,NA,NA,NA
"control","MAR_PAN",0.14421029648906,1.47549888565768,27,NA,NA,NA
"control","MAR_SOM",0.349122854937203,0.647782824094899,8,NA,NA,NA
"control","MAR_SVK",0.219408525087769,0.722890503180312,10,NA,NA,NA
"control","MAR_SYC",0.0834671094612657,0.868031035137288,23,NA,NA,NA
"control","MAR_UKR",-0.169738094338611,0.842295271004491,27,NA,NA,NA
"control","MAR_URY",-0.0518695305896013,0.720050203015715,27,NA,NA,NA
"control","MAR_ZMB",0.0658741413042768,0.585286984824101,23,NA,NA,NA
"control","MDA_CAN",0.212598074258211,0.504420095461286,27,NA,NA,NA
"control","MDA_CYP",0.00183155086090684,1.2890618910438,20,NA,NA,NA
"control","MDA_CZE",-0.160299079903239,1.34458950033771,20,NA,NA,NA
"control","MDA_FRA",0.430295399499426,0.997618594706822,20,NA,NA,NA
"control","MDA_GBR",-0.022591226048111,1.60510322154063,20,NA,NA,NA
"control","MDA_HRV",0.0601906056887782,1.01811728775778,10,NA,NA,NA
"control","MDA_IRL",-0.348568653221775,1.71516965806473,20,NA,NA,NA
"control","MDA_KOR",-0.0308521453407601,1.01545363476352,26,NA,NA,NA
"control","MDA_MYS",-0.395872186456473,0.931209180339538,19,NA,NA,NA
"control","MDA_NOR",0.0614810824363064,1.01529808988645,27,NA,NA,NA
"control","MDA_THA",0.206945870016529,0.599593597111763,27,NA,NA,NA
"control","MDG_ANT",0.137596105208989,0.969005717640377,12,NA,NA,NA
"control","MDG_CZE",-0.168583501590993,0.569593272026731,18,NA,NA,NA
"control","MDG_IRN",0.181787675082285,1.15120384161577,20,NA,NA,NA
"control","MDG_JAM",0.130786072488085,1.60673512935787,11,NA,NA,NA
"control","MDG_YEM",-0.21286330336308,1.30744766012721,21,NA,NA,NA
"control","MDV_HUN",0.434813683313529,1.08912360509749,13,NA,NA,NA
"control","MDV_PRT",-0.462333817708498,1.4171679124979,19,NA,NA,NA
"control","MDV_SAU",-0.0764037806730966,0.784853089714873,27,NA,NA,NA
"control","MEX_ABW",-0.0284663360063931,1.29685680184724,27,NA,NA,NA
"control","MEX_AND",0.197407130426577,1.54956352688669,26,NA,NA,NA
"control","MEX_CZE",-0.406996048274673,0.59283346203055,10,NA,NA,NA
"control","MEX_ETH",0.0233382088600897,1.13184395415551,27,NA,NA,NA
"control","MEX_UGA",-0.337350623312438,0.784193243462326,27,NA,NA,NA
"control","MHL_CHN",-0.028485687624244,0.953878655171627,19,NA,NA,NA
"control","MHL_HRV",0.149156174606845,0.805651274057184,18,NA,NA,NA
"control","MHL_KOR",-0.212614041362291,0.857682486744216,26,NA,NA,NA
"control","MHL_PRT",-0.518605914006622,0.885938176101559,21,NA,NA,NA
"control","MKD_ARE",0.099096552024275,0.942695377052437,27,NA,NA,NA
"control","MKD_CHN",-0.162176610948354,1.08722682280507,27,NA,NA,NA
"control","MKD_DMA",-0.0226159749568127,0.951176209598504,8,NA,NA,NA
"control","MKD_EGY",0.215256473160873,1.00252958178279,27,NA,NA,NA
"control","MKD_HUN",0.0233634167080387,0.919734062110828,10,NA,NA,NA
"control","MKD_IND",0.0740759631368519,0.999074408607946,26,NA,NA,NA
"control","MKD_JPN",0.102545209410969,0.975490546212833,27,NA,NA,NA
"control","MKD_KOR",-0.111265959672735,0.925579155979637,27,NA,NA,NA
"control","MKD_NOR",-0.144611177843992,1.17089377313922,8,NA,NA,NA
"control","MKD_NZL",-0.117992293432412,0.750998587644681,27,NA,NA,NA
"control","MLI_COG",-0.00404273823766023,1.03704983370025,23,NA,NA,NA
"control","MLI_CYP",-0.20798622026835,0.952452675171673,16,NA,NA,NA
"control","MLI_CZE",-0.074751290724011,0.8410274015559,27,NA,NA,NA
"control","MLI_GAB",-0.244313398504912,1.48670969721692,22,NA,NA,NA
"control","MLI_KWT",0.0235235169545071,0.190995967415212,20,NA,NA,NA
"control","MLI_MUS",-0.147207157660398,0.857212655138524,27,NA,NA,NA
"control","MLI_SAU",0.34583527747055,0.623794570496675,25,NA,NA,NA
"control","MLT_ARG",-0.131497294675802,0.853463955698615,27,NA,NA,NA
"control","MLT_CAF",0.113743412418956,0.726915583623653,16,NA,NA,NA
"control","MLT_CZE",-0.0325167766603415,0.771774555205287,10,NA,NA,NA
"control","MLT_GAB",0.0921929131120072,0.592052163185924,27,NA,NA,NA
"control","MLT_IND",0.00701486228359899,0.99611466247224,27,NA,NA,NA
"control","MLT_KWT",-0.384773574828897,0.728678830388512,27,NA,NA,NA
"control","MLT_MAR",-0.543119652199287,1.09997327951188,10,NA,NA,NA
"control","MLT_MUS",0.210970556463286,0.972752257676244,18,NA,NA,NA
"control","MMR_CYP",0.263736120484321,0.967984395247811,25,NA,NA,NA
"control","MMR_CZE",0.425023435905284,0.848714492946037,27,NA,NA,NA
"control","MMR_MAC",0.0663160093514007,1.06833908547683,26,NA,NA,NA
"control","MMR_POL",0.186121910276518,1.02358922958093,25,NA,NA,NA
"control","MNG_COL",-0.315401649185888,0.55447762138954,23,NA,NA,NA
"control","MNG_CYP",-0.107728432021232,0.553148879569413,15,NA,NA,NA
"control","MNG_CZE",-0.158374099961752,0.715810355700196,27,NA,NA,NA
"control","MNG_HRV",0.0249457590891744,1.55405680536183,23,NA,NA,NA
"control","MNP_MYS",-0.2986289642423,0.658820730172055,11,NA,NA,NA
"control","MOZ_COG",-0.244571828425765,0.871087913165922,23,NA,NA,NA
"control","MOZ_CZE",0.161687991408108,1.06703709046624,21,NA,NA,NA
"control","MOZ_GAB",0.242509398209248,0.698805751410238,15,NA,NA,NA
"control","MOZ_HRV",-0.0222004724017437,1.09322211884302,21,NA,NA,NA
"control","MOZ_HUN",-0.0421056873145513,0.474549890616908,22,NA,NA,NA
"control","MOZ_SVN",0.242904103495977,1.47983562751965,21,NA,NA,NA
"control","MRT_BOL",-0.548334548921642,0.932216510818792,16,NA,NA,NA
"control","MRT_BRA",-0.0346235027250797,1.07373129715799,27,NA,NA,NA
"control","MRT_COG",0.154973736319354,0.411808567946894,20,NA,NA,NA
"control","MRT_COL",-0.215089608256828,0.47554595863178,22,NA,NA,NA
"control","MRT_CZE",-0.0216240111077829,0.763001848672257,26,NA,NA,NA
"control","MRT_GAB",-0.365886396162903,0.790188192782106,20,NA,NA,NA
"control","MRT_HRV",-0.149736975596377,1.09240691205751,25,NA,NA,NA
"control","MSR_BGD",-0.00632742200822163,0.824479678651284,13,NA,NA,NA
"control","MSR_COL",0.254610135223371,1.21337860412823,21,NA,NA,NA
"control","MUS_ARG",0.295291581952227,1.59072866979192,27,NA,NA,NA
"control","MUS_ATF",0.0730869738926687,1.39138011287137,26,NA,NA,NA
"control","MUS_BHR",-0.0506233414056594,0.834040487523391,22,NA,NA,NA
"control","MUS_BRA",-0.158058715865316,0.936137215887085,27,NA,NA,NA
"control","MUS_CZE",0.47943151913127,0.552635787282299,18,NA,NA,NA
"control","MUS_DOM",0.135933117384924,0.941258654398739,21,NA,NA,NA
"control","MUS_GAB",0.0763712580508856,1.06072197805915,26,NA,NA,NA
"control","MUS_GHA",0.139890945281772,0.91394163276246,25,NA,NA,NA
"control","MUS_GTM",0.248330313877633,0.801986882951827,16,NA,NA,NA
"control","MUS_HND",-0.371103422552702,0.795570487191052,17,NA,NA,NA
"control","MUS_HRV",0.199074346711365,1.60312483647863,19,NA,NA,NA
"control","MUS_IDN",0.00351999668986115,0.818887679258031,27,NA,NA,NA
"control","MUS_IRN",-0.234468571970734,1.14835364798268,24,NA,NA,NA
"control","MUS_KWT",0.238553035083984,1.42961534508239,27,NA,NA,NA
"control","MUS_LBN",-0.0746327930814256,0.938685635668808,26,NA,NA,NA
"control","MUS_MAR",-0.074056160746276,1.21592286082509,27,NA,NA,NA
"control","MUS_MDV",0.449103831196085,1.32016119357886,25,NA,NA,NA
"control","MUS_MLT",0.00330397427476631,0.730175457301718,18,NA,NA,NA
"control","MUS_NER",-0.145302314228952,1.5588316208584,24,NA,NA,NA
"control","MUS_NGA",-0.258997020512538,1.00407933695579,27,NA,NA,NA
"control","MUS_OMN",-0.268662803773978,1.27535899113763,27,NA,NA,NA
"control","MUS_PHL",-0.0596002927959138,0.598357482183175,27,NA,NA,NA
"control","MUS_PRY",-0.360384896248375,0.951749691670845,22,NA,NA,NA
"control","MUS_ROU",0.0977332196387038,0.614239508360566,18,NA,NA,NA
"control","MUS_RUS",-0.0392939159462041,0.88786937896367,27,NA,NA,NA
"control","MUS_SEN",-0.12965060214163,1.07376504234908,27,NA,NA,NA
"control","MUS_SLV",0.275887286596469,1.1645731898452,20,NA,NA,NA
"control","MUS_TGO",0.438072464037885,0.83616240408244,27,NA,NA,NA
"control","MUS_TUR",0.0968937106930396,0.854710237296973,19,NA,NA,NA
"control","MUS_VEN",0.617608814107592,1.46445896568958,13,NA,NA,NA
"control","MWI_BOL",0.330406932426484,0.862533874824626,15,NA,NA,NA
"control","MWI_COL",-0.00326321320531644,0.984943523984277,21,NA,NA,NA
"control","MWI_CZE",-0.0471449802822423,1.36577140252262,27,NA,NA,NA
"control","MYS_ARM",-0.148507712682662,1.10328216842404,27,NA,NA,NA
"control","MYS_AZE",-0.083136031247372,1.03861962308358,27,NA,NA,NA
"control","MYS_CZE",-0.215017536984691,1.56827817185967,27,NA,NA,NA
"control","MYS_ETH",0.294566680537762,1.47038149397355,27,NA,NA,NA
"control","MYS_GEO",0.0201906231502375,1.05883731709174,27,NA,NA,NA
"control","MYS_KAZ",-0.0133650088295803,1.20910984948764,27,NA,NA,NA
"control","MYS_KGZ",0.0875253170432673,0.5342170830019,27,NA,NA,NA
"control","MYS_LVA",-0.435490868218753,1.07182079529644,27,NA,NA,NA
"control","MYS_MDA",0.10282692461711,1.22083373480919,27,NA,NA,NA
"control","MYS_STP",-0.0518458329322427,0.766246734385375,27,NA,NA,NA
"control","MYS_UKR",0.0663027923616101,1.59126776005514,27,NA,NA,NA
"control","MYS_UZB",-0.110133886527741,1.02475729400566,27,NA,NA,NA
"control","MYS_VGB",-0.0103045490719292,0.90241890020008,25,NA,NA,NA
"control","NAM_CAN",-0.0178629284981614,1.00936836448431,27,NA,NA,NA
"control","NAM_CZE",-0.195089711126872,1.21176434685848,22,NA,NA,NA
"control","NAM_IRL",0.00439257521210453,1.01245920612836,18,NA,NA,NA
"control","NAM_KOR",0.0846418591277263,0.827709318105946,26,NA,NA,NA
"control","NAM_MAR",0.219166789480555,1.04655239079024,23,NA,NA,NA
"control","NAM_POL",0.274301124195828,0.661457356033147,20,NA,NA,NA
"control","NAM_ROU",-0.0333868844470964,1.64900855343568,15,NA,NA,NA
"control","NER_COL",-0.33624239955631,0.712778495356229,16,NA,NA,NA
"control","NER_CZE",-0.354803163492463,1.0379157634177,26,NA,NA,NA
"control","NER_GAB",-0.0745155484571228,1.26867848138703,26,NA,NA,NA
"control","NER_POL",-0.0433305314601378,1.10504628456098,22,NA,NA,NA
"control","NER_SAU",0.0800931040614133,0.650377163275681,24,NA,NA,NA
"control","NFK_CHN",0.558991800176432,0.73048195361775,10,NA,NA,NA
"control","NGA_BDI",0.0906976644623059,1.29482542773841,25,NA,NA,NA
"control","NGA_CAF",0.101261607625423,1.33296613216644,26,NA,NA,NA
"control","NGA_COG",-0.342139449848268,1.09971141689807,25,NA,NA,NA
"control","NGA_CZE",0.0901251004848491,1.07631266995079,27,NA,NA,NA
"control","NGA_GAB",-0.195424079705653,0.913079157899723,26,NA,NA,NA
"control","NGA_HND",-0.207133944533726,0.764308233486298,20,NA,NA,NA
"control","NGA_MUS",-0.416162999384152,1.44144254215311,26,NA,NA,NA
"control","NIC_ARE",0.108845132555283,1.0279176277307,24,NA,NA,NA
"control","NIC_CYM",-0.13110557905827,0.936397298229339,25,NA,NA,NA
"control","NIC_CYP",0.405044715241539,1.05596545920973,18,NA,NA,NA
"control","NIC_CZE",0.20468761756091,1.15936432117872,19,NA,NA,NA
"control","NIC_DMA",0.0396155413772226,0.695920288842131,24,NA,NA,NA
"control","NIC_GRD",-0.418277253581833,0.715906320452494,9,NA,NA,NA
"control","NIC_KNA",-0.137869649066775,0.691021433482824,9,NA,NA,NA
"control","NIC_RUS",-0.204684699758919,0.839366843792075,27,NA,NA,NA
"control","NIU_CZE",0.20509983769751,1.47101849811032,25,NA,NA,NA
"control","NIU_GBR",-0.326035550769503,1.11816939823634,18,NA,NA,NA
"control","NIU_HRV",-0.0368157176602927,0.626059870262502,13,NA,NA,NA
"control","NLD_ETH",0.0753462646241672,1.28192199842326,27,NA,NA,NA
"control","NOR_ABW",-0.101042115190472,1.03415536146497,27,NA,NA,NA
"control","NOR_AFG",0.290861964001909,1.28405363917148,26,NA,NA,NA
"control","NOR_AGO",-0.0755447760611103,1.50897342119508,27,NA,NA,NA
"control","NOR_ALB",-0.193710505761122,1.64141428907945,16,NA,NA,NA
"control","NOR_AND",0.277892797842546,1.33293930771043,27,NA,NA,NA
"control","NOR_ANT",0.357056742594385,0.811928231757125,18,NA,NA,NA
"control","NOR_ATG",-0.279685747564051,0.489298317946134,27,NA,NA,NA
"control","NOR_AZE",0.047421843753319,0.846070636164282,27,NA,NA,NA
"control","NOR_BDI",-0.120578536108199,1.14176663797568,27,NA,NA,NA
"control","NOR_BEN",-0.0150709138087195,0.753378185224187,27,NA,NA,NA
"control","NOR_BFA",0.416354306827214,1.05414318331492,27,NA,NA,NA
"control","NOR_BHR",-0.0630380730876034,1.0582616913758,20,NA,NA,NA
"control","NOR_BIH",-0.0484156597093936,1.24865632636932,21,NA,NA,NA
"control","NOR_BLR",-0.0269274012757058,1.02281747334646,27,NA,NA,NA
"control","NOR_BMU",-0.311116863561812,1.15787820357778,27,NA,NA,NA
"control","NOR_BRB",0.161535922811463,0.86667269771975,27,NA,NA,NA
"control","NOR_BTN",-0.0597141243912044,1.07652266264005,27,NA,NA,NA
"control","NOR_CAF",-0.122746456381956,1.04195628458421,26,NA,NA,NA
"control","NOR_CIV",-0.0584995898513208,0.842124621690328,27,NA,NA,NA
"control","NOR_COD",-0.0854029895167085,1.01994719524,27,NA,NA,NA
"control","NOR_COG",0.0768955459920025,0.908907368390655,27,NA,NA,NA
"control","NOR_COM",-0.177655361129925,1.39457708962605,21,NA,NA,NA
"control","NOR_CPV",0.184244575410088,0.574694142744758,27,NA,NA,NA
"control","NOR_CYM",0.0857530455544905,0.851958828252978,27,NA,NA,NA
"control","NOR_DJI",0.0598964833340284,0.906200309689539,27,NA,NA,NA
"control","NOR_DMA",-0.0694433601676584,0.776090131545659,27,NA,NA,NA
"control","NOR_DOM",0.392154508000547,1.30000386671046,27,NA,NA,NA
"control","NOR_ETH",0.137563119915951,1.17104096311038,27,NA,NA,NA
"control","NOR_FJI",-0.0164259240117434,0.719154285886365,27,NA,NA,NA
"control","NOR_GAB",-0.0533630575665173,0.766215619939044,27,NA,NA,NA
"control","NOR_GEO",0.0129827260549558,0.688812026076012,23,NA,NA,NA
"control","NOR_GHA",-0.354269485874245,1.36877782360574,27,NA,NA,NA
"control","NOR_GIB",0.00937153570303468,0.656621388201323,27,NA,NA,NA
"control","NOR_GIN",0.113754201050647,0.596380565558543,27,NA,NA,NA
"control","NOR_GNB",-0.317660992334184,1.13082807059898,22,NA,NA,NA
"control","NOR_GRD",0.153336425418216,0.940920073323204,27,NA,NA,NA
"control","NOR_GRL",-0.0704500490946776,1.31184877193785,27,NA,NA,NA
"control","NOR_HTI",-0.141714457599002,1.13923590189431,27,NA,NA,NA
"control","NOR_IRN",0.307901666709359,0.608368171087453,27,NA,NA,NA
"control","NOR_KAZ",0.00143513348876983,1.11539306129416,27,NA,NA,NA
"control","NOR_KHM",0.323690093777067,0.918847905377438,27,NA,NA,NA
"control","NOR_KNA",-0.143387687182746,1.49715579812982,26,NA,NA,NA
"control","NOR_LAO",0.108677921670987,0.507184977483252,27,NA,NA,NA
"control","NOR_LBY",-0.199579872916695,0.969410496271702,27,NA,NA,NA
"control","NOR_MDV",-0.0645854949722127,1.00509870370697,27,NA,NA,NA
"control","NOR_MKD",-0.0700520835968548,0.499925199126824,8,NA,NA,NA
"control","NOR_MLI",0.0633004936738389,1.33836604624134,27,NA,NA,NA
"control","NOR_MNG",0.0447900613890198,1.42799061821661,27,NA,NA,NA
"control","NOR_MNP",0.0648954436378163,1.73516332786226,17,NA,NA,NA
"control","NOR_MOZ",0.0694524251239926,1.17412853104466,27,NA,NA,NA
"control","NOR_MRT",0.177114489146591,1.2251074184413,26,NA,NA,NA
"control","NOR_MUS",-0.216930869009228,0.471586082146518,27,NA,NA,NA
"control","NOR_NER",-0.461826166166031,1.0078514673647,27,NA,NA,NA
"control","NOR_NIC",0.277728943543256,1.57493557080553,27,NA,NA,NA
"control","NOR_PAN",0.131511474532649,1.43689696928797,20,NA,NA,NA
"control","NOR_PCN",-0.0260124480519869,0.353015942566927,8,NA,NA,NA
"control","NOR_PNG",-0.0371900521277583,0.730524062644,27,NA,NA,NA
"control","NOR_PYF",-0.00756573466357632,0.85352737119343,27,NA,NA,NA
"control","NOR_RUS",-0.33765168457042,0.887222493481428,27,NA,NA,NA
"control","NOR_SDN",0.113694134082169,0.990837289068776,27,NA,NA,NA
"control","NOR_SEN",0.0421753932662259,0.617537725388008,27,NA,NA,NA
"control","NOR_SLB",-0.409900969167406,1.15524802012332,18,NA,NA,NA
"control","NOR_SLV",-0.0289649366372217,1.00532080231692,27,NA,NA,NA
"control","NOR_SOM",0.0548240042594393,1.38336485903013,27,NA,NA,NA
"control","NOR_STP",-0.0583006825770951,0.627719487743488,20,NA,NA,NA
"control","NOR_SUR",-0.0566128009821513,1.07719920570772,27,NA,NA,NA
"control","NOR_SYC",-0.205985360909845,1.03927495043373,27,NA,NA,NA
"control","NOR_SYR",-0.0364722041489175,0.866270363842087,27,NA,NA,NA
"control","NOR_TCD",0.200526834934315,1.28812206767043,23,NA,NA,NA
"control","NOR_TGO",0.158759231739164,0.965208510138794,27,NA,NA,NA
"control","NOR_TKL",0.73186021146227,1.31896897740249,14,NA,NA,NA
"control","NOR_TON",-0.408784787044027,0.447066239590915,20,NA,NA,NA
"control","NOR_TUV",0.256414253529482,1.59035207594622,10,NA,NA,NA
"control","NOR_TZA",-0.0804211759393319,0.979610269423442,27,NA,NA,NA
"control","NOR_UGA",-0.172917526530394,0.96615988798123,27,NA,NA,NA
"control","NOR_UKR",-0.0913946913975938,0.763066570962675,18,NA,NA,NA
"control","NOR_UZB",-0.082123147659115,1.48443720718539,26,NA,NA,NA
"control","NOR_VCT",-0.180804101512839,0.821002886003601,27,NA,NA,NA
"control","NOR_VGB",-0.0960045482188274,0.968332044089197,27,NA,NA,NA
"control","NOR_VNM",0.126785093833601,0.924646405181094,27,NA,NA,NA
"control","NOR_VUT",-0.0487633732303647,1.02505096986871,21,NA,NA,NA
"control","NOR_WSM",0.18585358062289,1.03870210574327,20,NA,NA,NA
"control","NOR_YEM",0.125511252453346,1.11198417115811,27,NA,NA,NA
"control","NOR_ZMB",0.076451871822528,0.552731340236035,27,NA,NA,NA
"control","NPL_BRN",0.241383818219034,0.677575010259998,22,NA,NA,NA
"control","NPL_CZE",-0.190843542328666,1.24402967314335,27,NA,NA,NA
"control","NPL_MAC",-0.157570142628354,1.59662266956879,19,NA,NA,NA
"control","NPL_MAR",-0.174376617097392,0.727795640103248,18,NA,NA,NA
"control","NPL_NOR",0.332621758064364,1.5292785804521,27,NA,NA,NA
"control","NRU_AUT",-0.262577367828677,1.46606042562299,21,NA,NA,NA
"control","NRU_BOL",-0.0290126052572822,1.1941191161084,16,NA,NA,NA
"control","NRU_COL",0.0585564242357772,0.472989797384721,15,NA,NA,NA
"control","NRU_CZE",0.0443296322459598,0.780125401578978,26,NA,NA,NA
"control","NRU_TWN",0.097968871879535,0.857703750186532,24,NA,NA,NA
"control","NZL_ARM",-0.0294153671117729,0.816319050304729,22,NA,NA,NA
"control","NZL_COM",0.257563627721938,0.599354936161737,17,NA,NA,NA
"control","NZL_CPV",0.251713070319679,1.12178155493489,21,NA,NA,NA
"control","NZL_CXR",0.0924829885686263,0.929561508712363,11,NA,NA,NA
"control","NZL_CZE",-0.0723639279970261,0.865024613998197,27,NA,NA,NA
"control","NZL_EST",0.078251710742567,0.722371706666471,27,NA,NA,NA
"control","NZL_ETH",-0.0522183896864476,0.853634889936043,26,NA,NA,NA
"control","NZL_GEO",0.25435938144171,1.22547968204599,25,NA,NA,NA
"control","NZL_GIN",-0.253244189253726,0.573191312586103,24,NA,NA,NA
"control","NZL_LTU",-0.0343398361163233,0.727009120134626,26,NA,NA,NA
"control","NZL_MSR",-0.0234866218380734,1.1180422793304,10,NA,NA,NA
"control","NZL_SVK",0.123069107984974,0.861069555965864,27,NA,NA,NA
"control","NZL_UZB",-0.117077361024277,1.50347063226306,22,NA,NA,NA
"control","OMN_AFG",0.361564972101958,1.07416233686678,25,NA,NA,NA
"control","OMN_CZE",-0.0651491407891327,1.10464991500047,24,NA,NA,NA
"control","OMN_ETH",0.230597162910484,0.908102270160003,27,NA,NA,NA
"control","OMN_GMB",-0.316825909197796,0.587664764746554,21,NA,NA,NA
"control","OMN_HRV",-0.0553811396460332,0.844247885549178,25,NA,NA,NA
"control","OMN_JAM",-0.318025296707997,0.962017467755674,16,NA,NA,NA
"control","OMN_NIC",0.0879390001143267,0.772916389641213,12,NA,NA,NA
"control","OMN_PAN",0.233603252356689,0.656566060143678,11,NA,NA,NA
"control","OMN_RUS",-0.0714900438431021,1.25325825390847,27,NA,NA,NA
"control","OMN_VNM",-0.152336014996855,0.836990835112412,24,NA,NA,NA
"control","PAK_BDI",-0.047514119097111,1.0974544050171,27,NA,NA,NA
"control","PAK_BIH",0.219829401508356,1.77514532636674,20,NA,NA,NA
"control","PAK_CRI",-0.268481813003642,0.963304960821573,27,NA,NA,NA
"control","PAK_CZE",0.159223024227816,0.683858857287963,27,NA,NA,NA
"control","PAK_DOM",-0.11145023579621,1.61035130350792,20,NA,NA,NA
"control","PAK_GNB",-0.0792933536262925,1.17084495350796,24,NA,NA,NA
"control","PAK_GRD",-0.279887323899035,0.645578782832759,26,NA,NA,NA
"control","PAK_KNA",0.0172523039760524,1.5796043042577,26,NA,NA,NA
"control","PAK_MNG",0.0389662315549112,0.985426623224557,27,NA,NA,NA
"control","PAK_NRU",0.0387225713028088,0.837436678331488,10,NA,NA,NA
"control","PAK_SLV",-0.0262885645560126,0.99080643741927,27,NA,NA,NA
"control","PAK_UKR",-0.359690018651207,1.17335953978183,27,NA,NA,NA
"control","PAK_VCT",-0.0358160227737118,1.25220708527688,26,NA,NA,NA
"control","PAN_ARE",-0.591780607811752,0.71038379344094,16,NA,NA,NA
"control","PAN_CZE",0.0376087378820984,0.732507858586301,19,NA,NA,NA
"control","PAN_DMA",-0.287103676100043,0.698713815663035,25,NA,NA,NA
"control","PAN_GAB",-0.0586057507153731,0.626467988306678,11,NA,NA,NA
"control","PAN_GRD",0.207926180081362,1.07914221323512,27,NA,NA,NA
"control","PAN_KNA",-0.081796385541701,1.02821350187046,24,NA,NA,NA
"control","PAN_VCT",-0.242954217050363,0.724608865906828,26,NA,NA,NA
"control","PCN_COL",0.212454523105635,1.20115975775357,25,NA,NA,NA
"control","PER_CAF",0.164784952578489,0.854689942759632,8,NA,NA,NA
"control","PER_CZE",-0.341191488705088,1.0270895677582,19,NA,NA,NA
"control","PER_GAB",0.0717266650388459,0.749402724412608,25,NA,NA,NA
"control","PER_KNA",0.18670869930806,0.651255788886597,23,NA,NA,NA
"control","PER_MUS",-0.0891129194015434,1.05135245222113,27,NA,NA,NA
"control","PER_PYF",-0.234380447338806,0.81140177477569,26,NA,NA,NA
"control","PHL_ATG",-0.0491603521509073,0.804541820178752,24,NA,NA,NA
"control","PHL_BDI",-0.020405923936253,1.6464487967676,21,NA,NA,NA
"control","PHL_BTN",0.119025178011365,1.5027233688343,25,NA,NA,NA
"control","PHL_CAF",-0.1974692857965,0.948575281777185,17,NA,NA,NA
"control","PHL_CZE",0.338363003910221,0.888958140005725,27,NA,NA,NA
"control","PHL_DMA",-0.293012066120666,0.761732880378187,23,NA,NA,NA
"control","PHL_DOM",-0.0662347072359473,0.482573263369361,27,NA,NA,NA
"control","PHL_GAB",0.151202141446645,1.34836406008755,25,NA,NA,NA
"control","PHL_GTM",0.0152850061673366,1.10830923808814,27,NA,NA,NA
"control","PHL_PAN",0.0751401418383272,1.07249105018818,27,NA,NA,NA
"control","PHL_RUS",-0.0444322253380433,1.39773049085842,27,NA,NA,NA
"control","PHL_SVN",-0.0432797994429995,0.939361297085176,27,NA,NA,NA
"control","PHL_VCT",-0.502470668720748,0.987745709347404,25,NA,NA,NA
"control","PNG_BGD",-0.302472184470549,1.69921826321882,15,NA,NA,NA
"control","PNG_ISR",0.0377562887468146,0.997579108945235,16,NA,NA,NA
"control","POL_BDI",0.0230177829000855,1.50325703752664,25,NA,NA,NA
"control","POL_BIH",0.109771259473512,0.973607781168469,13,NA,NA,NA
"control","POL_CAF",0.40977785278246,1.00469529480263,23,NA,NA,NA
"control","POL_GAB",0.35719143347133,0.796422716269912,27,NA,NA,NA
"control","POL_GEO",0.235877973206274,0.676871384845926,20,NA,NA,NA
"control","POL_GRD",-0.0762835497590484,0.774004213378114,14,NA,NA,NA
"control","POL_GTM",-0.00259968710961639,1.39544006870391,19,NA,NA,NA
"control","POL_IRN",0.0605614014440527,1.26267466664463,27,NA,NA,NA
"control","POL_KNA",-0.440237011451882,1.19123391032234,12,NA,NA,NA
"control","POL_MKD",0.110067535907876,0.897867677649671,10,NA,NA,NA
"control","POL_MUS",0.198521386475103,0.523415273837,18,NA,NA,NA
"control","POL_NIC",0.0552064037521895,1.22351104351899,19,NA,NA,NA
"control","POL_SDN",0.0824356385564464,0.586033429321871,27,NA,NA,NA
"control","POL_SWZ",-0.158867646824921,0.66339299980759,15,NA,NA,NA
"control","POL_UGA",0.242865684475137,1.25873277129689,27,NA,NA,NA
"control","POL_VCT",0.244009852516378,0.636981048359453,14,NA,NA,NA
"control","PRK_CAF",0.132674709635315,0.723982628361909,25,NA,NA,NA
"control","PRK_COG",0.152944764801262,1.25667612460305,16,NA,NA,NA
"control","PRK_CZE",-0.211100582297353,0.955991057187461,27,NA,NA,NA
"control","PRK_DMA",0.123613418775182,1.35668160448633,17,NA,NA,NA
"control","PRK_GAB",0.271461745910125,0.805532503141068,15,NA,NA,NA
"control","PRK_GBR",0.130304331135946,1.01005871336576,27,NA,NA,NA
"control","PRK_GRD",0.0415516499131248,1.00949852297032,22,NA,NA,NA
"control","PRK_GTM",-0.177456496810283,1.06060628470612,27,NA,NA,NA
"control","PRK_HRV",0.12633648870368,1.13889752431441,25,NA,NA,NA
"control","PRK_KNA",0.0398471751198548,0.906507672191683,24,NA,NA,NA
"control","PRK_TWN",0.206024943850329,0.648991029348023,24,NA,NA,NA
"control","PRK_VCT",-0.0571957538030484,0.862730021022822,22,NA,NA,NA
"control","PRT_BTN",-0.249619439623082,0.471397624700481,14,NA,NA,NA
"control","PRT_ETH",0.395630239728534,0.744446765399067,27,NA,NA,NA
"control","PRT_KAZ",-0.133140665164621,1.40244452213301,27,NA,NA,NA
"control","PRT_LAO",0.385301338449773,1.10010495185538,22,NA,NA,NA
"control","PRY_CZE",0.0015780590733017,1.24471636716801,27,NA,NA,NA
"control","PRY_IRN",-0.0155691727130546,1.11720900487081,17,NA,NA,NA
"control","PRY_KWT",-0.0878773633761068,1.35594231826063,23,NA,NA,NA
"control","PRY_MDG",0.0620965436643995,0.830542574929199,24,NA,NA,NA
"control","PRY_MUS",0.137064723750717,1.08614361818185,23,NA,NA,NA
"control","PRY_NIC",0.269034625656614,1.14887839605086,27,NA,NA,NA
"control","PYF_HRV",-0.0382712719740877,0.612951792643277,13,NA,NA,NA
"control","QAT_BDI",-0.0640487845172573,0.599609319154151,16,NA,NA,NA
"control","QAT_BOL",-0.476384553240185,1.42707063275733,16,NA,NA,NA
"control","QAT_CZE",0.0473468422818425,0.761041293203744,24,NA,NA,NA
"control","QAT_DZA",-0.0879033914871548,1.11824333065232,12,NA,NA,NA
"control","QAT_JAM",-0.0475763707649351,0.565705059655513,14,NA,NA,NA
"control","QAT_NOR",0.06711821460173,1.29025486152854,20,NA,NA,NA
"control","ROU_ABW",0.441687929334428,2.0819301811897,8,NA,NA,NA
"control","ROU_COM",-0.112094217115651,0.819569504608981,25,NA,NA,NA
"control","ROU_ETH",-0.107898192448671,0.754434725312367,27,NA,NA,NA
"control","ROU_GRD",-0.0967736766655991,1.4078186745558,14,NA,NA,NA
"control","ROU_KGZ",0.178095484556026,0.759998201218745,27,NA,NA,NA
"control","ROU_KNA",-0.0381758487950744,1.0800842755948,10,NA,NA,NA
"control","ROU_SUR",0.0285599180073622,1.10531905605142,9,NA,NA,NA
"control","ROU_VGB",0.405017505239923,0.978019150665234,13,NA,NA,NA
"control","RUS_ARG",0.224532408133059,1.07908105020754,27,NA,NA,NA
"control","RUS_BDI",-0.0855864674175861,0.751655180000932,26,NA,NA,NA
"control","RUS_BLZ",0.04281853140674,1.31730435263258,27,NA,NA,NA
"control","RUS_BRB",-0.199153644326203,1.68252143632242,25,NA,NA,NA
"control","RUS_COG",-0.326881137578492,0.40916169719399,26,NA,NA,NA
"control","RUS_CZE",0.139702528759607,1.48655108415786,27,NA,NA,NA
"control","RUS_DMA",-0.0760816049922546,0.941678599193284,24,NA,NA,NA
"control","RUS_EGY",-0.279472596521286,1.5693854364057,27,NA,NA,NA
"control","RUS_GAB",0.388132961476467,1.36511481147618,26,NA,NA,NA
"control","RUS_GBR",0.232625489376821,0.960283886503322,27,NA,NA,NA
"control","RUS_GRD",0.0221629699442628,0.904148161247716,24,NA,NA,NA
"control","RUS_GTM",0.265539671832055,0.797796724986053,27,NA,NA,NA
"control","RUS_JOR",-0.225977474820577,1.07620674122521,27,NA,NA,NA
"control","RUS_MUS",0.002996436489144,0.816320605346741,27,NA,NA,NA
"control","RUS_NIC",0.370801219491357,1.39778357889801,27,NA,NA,NA
"control","RUS_NOR",0.269613680062302,0.704634036157661,27,NA,NA,NA
"control","RUS_PHL",0.104514720400499,0.835541758125222,27,NA,NA,NA
"control","RUS_VCT",0.0133718030636743,1.17192564651801,27,NA,NA,NA
"control","RWA_CZE",0.2360266411431,1.09804905719944,27,NA,NA,NA
"control","RWA_DZA",-0.157896455320446,0.539876452042832,8,NA,NA,NA
"control","RWA_ECU",-0.806353433810307,0.832193447169883,10,NA,NA,NA
"control","RWA_TUN",0.0578639201452751,0.697815614533153,19,NA,NA,NA
"control","RWA_TUR",0.332465047233915,1.21543617108477,20,NA,NA,NA
"control","SAU_AZE",0.131715726631417,1.21378676313691,26,NA,NA,NA
"control","SAU_BDI",0.240355186375502,0.99123762048937,26,NA,NA,NA
"control","SAU_BGR",0.0768149661387455,1.05957985384668,26,NA,NA,NA
"control","SAU_BOL",0.321020911779755,1.236517053191,25,NA,NA,NA
"control","SAU_CZE",-0.0697837408075032,0.6566048679542,27,NA,NA,NA
"control","SAU_ETH",0.206830338250946,1.24188346119263,27,NA,NA,NA
"control","SAU_HTI",0.0475796890168151,0.671175509603238,13,NA,NA,NA
"control","SAU_ISL",0.0853028330620985,0.861306729217604,18,NA,NA,NA
"control","SAU_MDV",0.0952367762329581,1.21806203135325,26,NA,NA,NA
"control","SAU_SVK",-0.113995647698054,1.16512326548272,27,NA,NA,NA
"control","SAU_TJK",0.271045039932528,1.17884922145285,15,NA,NA,NA
"control","SDN_CAF",0.177191710148607,0.661823582382988,17,NA,NA,NA
"control","SDN_CZE",-0.416304392639875,0.820941313161895,27,NA,NA,NA
"control","SDN_GRD",0.253568642159425,0.899852802831659,14,NA,NA,NA
"control","SDN_GTM",0.517181523887843,1.2354054979766,23,NA,NA,NA
"control","SEN_BGR",0.273744730387559,0.87381939331427,21,NA,NA,NA
"control","SEN_BOL",0.255379064650506,1.20665235478272,20,NA,NA,NA
"control","SEN_CAF",0.00715441078087998,0.786995307319694,27,NA,NA,NA
"control","SEN_CZE",-0.16358133296646,0.938850097505563,27,NA,NA,NA
"control","SEN_DZA",-0.171860865760112,1.173802202755,27,NA,NA,NA
"control","SEN_MEX",-0.334143280121728,1.31206209691335,25,NA,NA,NA
"control","SEN_MUS",0.113412526256552,0.737383725107036,27,NA,NA,NA
"control","SEN_NZL",0.0554022914792737,0.922747644844811,21,NA,NA,NA
"control","SEN_TZA",0.165930675105728,1.39080615832912,26,NA,NA,NA
"control","SGP_ARM",0.120489812309711,0.545794657826454,23,NA,NA,NA
"control","SGP_BDI",-0.127335476633902,0.762378631664172,27,NA,NA,NA
"control","SGP_BTN",-0.156127558558426,1.18013570643001,22,NA,NA,NA
"control","SGP_CZE",0.0643894833637016,0.725006445101518,25,NA,NA,NA
"control","SGP_DMA",-0.0743495508461239,1.16520323151509,27,NA,NA,NA
"control","SGP_ETH",-0.0372637188887325,0.757614561630013,27,NA,NA,NA
"control","SGP_KNA",-0.197882735080486,1.03178069260224,25,NA,NA,NA
"control","SGP_SVK",-0.00687980149523087,0.916075975736629,25,NA,NA,NA
"control","SHN_BOL",-0.326377052816089,0.351724184232785,12,NA,NA,NA
"control","SLB_CZE",0.288843141218365,0.828872654897238,22,NA,NA,NA
"control","SLB_IRL",0.0579067285399103,1.72382064437924,20,NA,NA,NA
"control","SLE_CHN",0.00474182488120501,0.76470987186347,23,NA,NA,NA
"control","SLE_CZE",-0.0678269592278262,0.884217701740657,27,NA,NA,NA
"control","SLE_DMA",-0.210015105827757,0.897529911155024,14,NA,NA,NA
"control","SLE_EGY",0.0280898988181908,1.0449042474065,20,NA,NA,NA
"control","SLE_HRV",-0.256170446292652,1.22405964627011,19,NA,NA,NA
"control","SLE_SAU",0.365898355745002,1.80591542085373,22,NA,NA,NA
"control","SLV_ARE",0.27183016479076,0.808151217360858,20,NA,NA,NA
"control","SLV_ARG",-0.174800074359832,1.32919756836835,27,NA,NA,NA
"control","SLV_CZE",-0.175754073718367,1.15711800874742,19,NA,NA,NA
"control","SLV_DMA",0.211584448428675,0.887272720821321,23,NA,NA,NA
"control","SLV_GAB",0.20851015927758,1.03307778709832,8,NA,NA,NA
"control","SLV_IRL",-0.0751083878856611,1.78655664829416,19,NA,NA,NA
"control","SLV_KNA",-0.282843138790914,0.849960054708208,23,NA,NA,NA
"control","SLV_MUS",0.081810430118301,0.771004690896746,23,NA,NA,NA
"control","SLV_SAU",0.407766333931325,1.11716987993736,26,NA,NA,NA
"control","SLV_VCT",-0.0219488058101053,1.08037893988539,25,NA,NA,NA
"control","SLV_ZAF",-0.170303895104722,0.920910899182766,26,NA,NA,NA
"control","SOM_COL",0.000340781904559484,0.465788382918451,12,NA,NA,NA
"control","SOM_CZE",0.34810566386839,0.657644927712913,22,NA,NA,NA
"control","SOM_MAR",0.000511647214101518,0.708231713758345,20,NA,NA,NA
"control","SOM_NOR",-0.171812661162649,1.66378464667344,14,NA,NA,NA
"control","STP_CZE",-0.0138353922541553,1.28366351917073,26,NA,NA,NA
"control","STP_FIN",-0.0929441075711977,1.23265019358262,16,NA,NA,NA
"control","SUR_CZE",-0.231425762483958,1.03349479904068,14,NA,NA,NA
"control","SUR_HRV",0.179121318830767,1.12619239039421,18,NA,NA,NA
"control","SUR_ROU",-0.249594171088255,1.08939140393991,9,NA,NA,NA
"control","SUR_SAU",0.0021822808406914,1.38393540746094,22,NA,NA,NA
"control","SUR_SVN",-0.170918827006544,1.48503184495108,13,NA,NA,NA
"control","SUR_TUR",-0.15744638388027,1.18441269167667,22,NA,NA,NA
"control","SVK_ARE",-0.471420833611925,0.9611856721607,27,NA,NA,NA
"control","SVK_AUS",0.253844230216937,1.28470285996183,27,NA,NA,NA
"control","SVK_BOL",-0.0690231082046632,0.760803267548462,27,NA,NA,NA
"control","SVK_BRA",-0.00203542863673448,1.61593768289964,27,NA,NA,NA
"control","SVK_CHN",-0.205255008038943,1.03651714668356,27,NA,NA,NA
"control","SVK_HRV",0.661304893390928,0.560298019408297,9,NA,NA,NA
"control","SVK_IND",0.10641408518628,0.775553789793567,27,NA,NA,NA
"control","SVK_JAM",-0.165702687579586,1.30836102866538,14,NA,NA,NA
"control","SVK_JOR",0.316826644835515,0.881097508772312,10,NA,NA,NA
"control","SVK_JPN",0.365737691909018,0.803837165163304,25,NA,NA,NA
"control","SVK_KOR",-0.0740231972870856,0.785793578871612,17,NA,NA,NA
"control","SVK_KWT",0.0100654556336054,1.25950185710527,27,NA,NA,NA
"control","SVK_LKA",-0.0191563376172235,1.45998280433835,27,NA,NA,NA
"control","SVK_NZL",0.0408779057893675,1.1635425344533,27,NA,NA,NA
"control","SVK_SAU",0.100854494693776,1.19124815262587,27,NA,NA,NA
"control","SVK_SGP",0.226037032118592,1.28229933246365,25,NA,NA,NA
"control","SVK_USA",-0.0822159619838882,1.07464949886999,27,NA,NA,NA
"control","SVN_ARE",0.0760017187673513,0.671775123053843,27,NA,NA,NA
"control","SVN_BOL",-0.145873101619811,0.988371190418139,27,NA,NA,NA
"control","SVN_CHN",-0.102382551828543,1.47246006054419,27,NA,NA,NA
"control","SVN_CYP",0.00678476979154894,0.860151312953436,10,NA,NA,NA
"control","SVN_DOM",-0.0521232560835571,0.574599086279843,14,NA,NA,NA
"control","SVN_IRN",0.335271239348083,1.81269355017399,27,NA,NA,NA
"control","SVN_JOR",-0.0557467942713326,0.949000414304375,10,NA,NA,NA
"control","SVN_KEN",0.287293164271718,0.882739910144179,27,NA,NA,NA
"control","SVN_MAR",-0.164767850801555,1.13810320239085,10,NA,NA,NA
"control","SVN_PHL",0.108047644723219,0.836163576599732,27,NA,NA,NA
"control","SWE_ETH",-0.274788322176074,0.839542260267816,27,NA,NA,NA
"control","SWE_NRU",-0.467364684472427,1.14364863172974,15,NA,NA,NA
"control","SWE_TKM",0.113519602360086,1.15935969978427,27,NA,NA,NA
"control","SWZ_COG",-0.262277823682084,0.641365914982659,15,NA,NA,NA
"control","SWZ_CZE",-0.0350649478874899,1.70307167086588,22,NA,NA,NA
"control","SYC_COL",-0.220367121038582,0.786111910004545,18,NA,NA,NA
"control","SYC_CZE",-0.0380433922112681,0.748359763688064,16,NA,NA,NA
"control","SYC_JAM",0.628914410197315,0.333620817089008,10,NA,NA,NA
"control","SYC_SAU",-0.457681599254086,1.03809243235652,21,NA,NA,NA
"control","SYR_BRN",0.00290673057758752,0.938832118713756,17,NA,NA,NA
"control","SYR_CZE",-0.0064920142335558,0.399958180998209,10,NA,NA,NA
"control","SYR_GRD",-0.223701446669637,0.860989335835549,14,NA,NA,NA
"control","SYR_NZL",-0.0627106063838427,0.945004851292748,26,NA,NA,NA
"control","SYR_SVN",0.325005954345072,0.531280143582805,10,NA,NA,NA
"control","TCA_BRA",-0.0698095744934228,0.911858725619693,23,NA,NA,NA
"control","TCA_COG",0.200458919065525,0.426582721182074,9,NA,NA,NA
"control","TCA_MUS",-0.668539789512797,1.10170814298232,15,NA,NA,NA
"control","TCD_BOL",0.398649903919309,0.892496636236776,8,NA,NA,NA
"control","TCD_MDG",0.197616409167019,0.980618058080264,14,NA,NA,NA
"control","TCD_MUS",0.426275193525338,1.35248494638971,20,NA,NA,NA
"control","TGO_CAF",-0.00316067257814858,1.12972322374818,26,NA,NA,NA
"control","TGO_COG",-0.386184827291491,0.869575685117134,26,NA,NA,NA
"control","TGO_CZE",-0.267079243248271,0.758151166672111,27,NA,NA,NA
"control","TGO_GAB",-0.088023031121756,0.758169149145035,27,NA,NA,NA
"control","TGO_HUN",-0.0755669176829398,0.921161565521194,20,NA,NA,NA
"control","THA_ABW",-0.430898994267063,1.21869671669704,27,NA,NA,NA
"control","THA_AIA",-0.185919413859526,1.43336997217637,25,NA,NA,NA
"control","THA_AZE",-0.0273917056149125,0.958360981819536,27,NA,NA,NA
"control","THA_BLR",0.20527512318409,0.888178184972887,27,NA,NA,NA
"control","THA_COM",0.0593552027247578,1.40087735401434,27,NA,NA,NA
"control","THA_CXR",-0.026389859978468,1.13909720115898,17,NA,NA,NA
"control","THA_CZE",0.293484127415342,1.20670196602751,27,NA,NA,NA
"control","THA_EST",-0.0213354911627512,1.00812765895771,27,NA,NA,NA
"control","THA_ETH",-0.103146216186254,0.88341669837507,27,NA,NA,NA
"control","THA_KGZ",-0.0881294254219826,1.07314131989948,27,NA,NA,NA
"control","THA_KNA",-0.0178354260690795,1.59048740770481,27,NA,NA,NA
"control","THA_LTU",-0.24314252234627,0.972879322944337,27,NA,NA,NA
"control","THA_MDA",0.0696777302730618,0.718639405040348,27,NA,NA,NA
"control","THA_MHL",-0.31667875307779,0.56452728080666,27,NA,NA,NA
"control","THA_NIU",0.0480314761980363,2.23184333440683,16,NA,NA,NA
"control","THA_TCA",0.339759848228492,1.15545848649317,26,NA,NA,NA
"control","THA_TJK",0.29417787985468,0.806553819425667,24,NA,NA,NA
"control","THA_UKR",0.0206397010882845,1.51433723014379,27,NA,NA,NA
"control","THA_VCT",-0.128902004280929,0.919923326484556,26,NA,NA,NA
"control","TJK_ARE",-0.114050808731335,0.611328393204529,14,NA,NA,NA
"control","TJK_CAN",-0.05516449841259,1.39970451129598,26,NA,NA,NA
"control","TJK_CZE",0.091841327999759,0.788321641854632,27,NA,NA,NA
"control","TJK_DNK",0.132143116498337,0.960406342099582,24,NA,NA,NA
"control","TJK_FIN",0.204503724351068,1.29917470793969,22,NA,NA,NA
"control","TJK_GBR",-0.167518169065556,0.735956699239678,27,NA,NA,NA
"control","TJK_GRC",-0.263506677434161,0.965476313131925,24,NA,NA,NA
"control","TJK_HRV",0.232224775676153,0.534623660163861,25,NA,NA,NA
"control","TJK_HUN",0.101253139177195,1.59209181165669,25,NA,NA,NA
"control","TJK_IND",-0.23912270362921,0.991049318817933,26,NA,NA,NA
"control","TJK_KOR",0.0355526590590368,0.975892556666111,27,NA,NA,NA
"control","TJK_NLD",0.157320952974027,0.805577039047549,27,NA,NA,NA
"control","TJK_NOR",-0.10341000248801,1.17254849349348,26,NA,NA,NA
"control","TKL_BOL",0.353188974665517,0.576405890420978,12,NA,NA,NA
"control","TKL_CZE",-0.141822869421904,1.50351515574549,27,NA,NA,NA
"control","TKM_AUT",-0.194494631093353,0.824432686441666,27,NA,NA,NA
"control","TKM_COL",0.243795104411432,0.851877513035959,24,NA,NA,NA
"control","TKM_CYP",0.0837993076001293,0.71767419546121,16,NA,NA,NA
"control","TKM_CZE",0.256084813214619,0.639692677597153,27,NA,NA,NA
"control","TKM_EGY",0.157278801165643,0.651078724215531,18,NA,NA,NA
"control","TKM_GBR",0.22489817040059,0.917061345826413,27,NA,NA,NA
"control","TKM_GRC",0.0389205750904061,0.826951254402548,26,NA,NA,NA
"control","TKM_HUN",0.0242760178083365,1.03421599951396,26,NA,NA,NA
"control","TKM_IND",-0.226409987927218,0.956863775824794,27,NA,NA,NA
"control","TKM_IRL",0.324338751420757,0.901585220643624,26,NA,NA,NA
"control","TKM_MYS",0.00280488177109327,0.809211273893144,27,NA,NA,NA
"control","TKM_NOR",-0.0197494846150444,0.87205179818786,22,NA,NA,NA
"control","TTO_BDI",-0.112310686346258,1.13330569684105,8,NA,NA,NA
"control","TTO_CZE",0.102046905477604,0.883945664314177,14,NA,NA,NA
"control","TTO_HRV",-0.120471405274295,1.24326368272191,16,NA,NA,NA
"control","TTO_LBN",-0.446000793733359,1.65193789601987,23,NA,NA,NA
"control","TTO_MRT",-0.576283873269867,0.429972927884586,8,NA,NA,NA
"control","TTO_OMN",0.127669397222747,1.14845940312503,20,NA,NA,NA
"control","TTO_TGO",0.421308711521064,0.732876060358334,18,NA,NA,NA
"control","TTO_UGA",-0.150978118976207,0.551974313532194,18,NA,NA,NA
"control","TUN_BRB",-0.118647071701923,0.780182347370281,24,NA,NA,NA
"control","TUN_CAF",0.342842456519237,0.968984053548598,25,NA,NA,NA
"control","TUN_COD",0.20819978382391,1.61177321621326,16,NA,NA,NA
"control","TUN_CZE",0.125637826592038,1.12883849916787,10,NA,NA,NA
"control","TUN_DJI",-0.101785424848241,1.46490687902234,23,NA,NA,NA
"control","TUN_GIB",0.236629792647999,0.926922687386902,18,NA,NA,NA
"control","TUN_LCA",-0.00837111919758204,0.93237187470057,12,NA,NA,NA
"control","TUN_MUS",-0.335056341207196,1.0642573252816,24,NA,NA,NA
"control","TUN_NRU",-0.0785446671029971,1.4559194344351,13,NA,NA,NA
"control","TUR_CYM",0.0817414819604432,0.893286753570691,24,NA,NA,NA
"control","TUR_ETH",-0.317629393993287,0.907008082306464,27,NA,NA,NA
"control","TUR_GNQ",-0.0840677752365862,1.61162576230161,23,NA,NA,NA
"control","TUR_KNA",0.189444663473256,1.21528555588458,25,NA,NA,NA
"control","TUR_STP",0.0525862789645053,1.50108505583967,22,NA,NA,NA
"control","TUR_TCA",-0.330841087346815,1.8944849150314,22,NA,NA,NA
"control","TUR_TON",-0.0458936952175091,0.559482360331154,21,NA,NA,NA
"control","TUV_CZE",-0.0790441474352206,1.43636290109846,25,NA,NA,NA
"control","TUV_KOR",0.0986826477066766,0.603789396691862,12,NA,NA,NA
"control","TWN_AZE",0.0209905253504534,1.3392067456962,25,NA,NA,NA
"control","TWN_BDI",0.193229859879023,1.53030979645952,26,NA,NA,NA
"control","TWN_BEN",-0.227472401251117,1.03518300041515,26,NA,NA,NA
"control","TWN_CZE",0.120315936735888,0.5061831592938,27,NA,NA,NA
"control","TWN_GAB",0.490032260873762,1.05769149287353,26,NA,NA,NA
"control","TWN_GRD",0.266648987658934,0.554813716243566,27,NA,NA,NA
"control","TWN_KHM",0.443216294445612,1.31127875550036,27,NA,NA,NA
"control","TWN_KNA",0.0819204129900754,0.896913339077804,27,NA,NA,NA
"control","TWN_MLI",-0.0273899373429185,0.904466747317413,25,NA,NA,NA
"control","TZA_CZE",-0.31164832582797,1.3776615785315,27,NA,NA,NA
"control","TZA_GAB",-0.256948303150402,0.800422118567969,23,NA,NA,NA
"control","UGA_BEN",0.230198775324632,0.85844581610927,14,NA,NA,NA
"control","UGA_CHL",-0.333732825060799,1.29653057142055,19,NA,NA,NA
"control","UGA_CYP",0.039729209063047,0.814127806668513,27,NA,NA,NA
"control","UGA_CZE",0.100022546366712,0.902027714293315,27,NA,NA,NA
"control","UGA_LKA",0.0492618386893946,1.03182553241357,17,NA,NA,NA
"control","UGA_ROU",-0.319886070834231,1.00425492131221,27,NA,NA,NA
"control","UKR_ARE",-0.0258225603845307,0.543830479341822,25,NA,NA,NA
"control","UKR_BDI",0.0243272003703637,0.995086330564519,21,NA,NA,NA
"control","UKR_BRA",-0.0094829226636824,0.894569987023667,27,NA,NA,NA
"control","UKR_CAN",0.0793515936012401,1.00222844065175,23,NA,NA,NA
"control","UKR_COL",0.140978386343416,1.16805025891896,27,NA,NA,NA
"control","UKR_CYP",0.108205711934983,1.06230382607745,20,NA,NA,NA
"control","UKR_CZE",0.0194534695251524,1.01354907071978,20,NA,NA,NA
"control","UKR_DMA",-0.0201323051793232,0.69168216578008,25,NA,NA,NA
"control","UKR_GBR",-0.238353514092833,0.967926242465868,20,NA,NA,NA
"control","UKR_IND",-0.403243093761879,1.33437499425152,27,NA,NA,NA
"control","UKR_LCA",0.0287641856466742,1.02433035901665,23,NA,NA,NA
"control","UKR_LKA",0.183523772929183,0.650315919234204,26,NA,NA,NA
"control","UKR_MAC",-0.193175650512142,1.13778413757856,25,NA,NA,NA
"control","UKR_MAR",0.00288560696899856,1.2334614826227,27,NA,NA,NA
"control","UKR_MYS",-0.0505249656099797,1.14921594102411,27,NA,NA,NA
"control","UKR_NOR",-0.156115858801055,1.09007461980937,18,NA,NA,NA
"control","UKR_SAU",0.109676404223888,1.08010619275671,27,NA,NA,NA
"control","UKR_THA",-0.118133459495201,1.65286064278769,27,NA,NA,NA
"control","URY_CZE",-0.0617406917164096,0.538905962072176,27,NA,NA,NA
"control","URY_GTM",0.284214193772985,1.27937924700514,27,NA,NA,NA
"control","URY_HTI",0.506372587851437,0.715619868148458,27,NA,NA,NA
"control","URY_LCA",-0.00188922892098873,0.487946175999424,23,NA,NA,NA
"control","URY_LKA",0.0244078139632087,0.649216225612562,21,NA,NA,NA
"control","URY_MUS",-0.281834437676844,1.4086243118434,27,NA,NA,NA
"control","USA_CZE",0.0445317620089208,1.1310221151421,27,NA,NA,NA
"control","USA_ETH",-0.162356469305464,1.04959774397513,27,NA,NA,NA
"control","USA_MKD",-0.33905923738765,1.3123388785298,27,NA,NA,NA
"control","USA_PCN",-0.0644767687268849,0.843490128664982,21,NA,NA,NA
"control","USA_SVK",-0.189376391537422,1.0697145348869,27,NA,NA,NA
"control","UZB_AUS",-0.0320138726249984,0.878128016776388,24,NA,NA,NA
"control","UZB_CAN",0.173045652886145,1.06273282556126,27,NA,NA,NA
"control","UZB_COL",-0.336869881141687,0.706200230074863,22,NA,NA,NA
"control","UZB_CYP",-0.390739010855025,1.02266478209509,17,NA,NA,NA
"control","UZB_CZE",-0.210333841952773,1.02391730298348,27,NA,NA,NA
"control","UZB_GBR",0.0164854334106404,0.918949780561492,27,NA,NA,NA
"control","UZB_GRC",-0.246044416609373,0.990933751310433,27,NA,NA,NA
"control","UZB_HUN",-0.0586086453257133,1.06119451039624,27,NA,NA,NA
"control","UZB_IND",-0.0187553929061662,0.610809633111547,27,NA,NA,NA
"control","UZB_IRL",0.149774190286302,1.01400550069161,27,NA,NA,NA
"control","UZB_MYS",-0.375296023162619,1.03066000891517,26,NA,NA,NA
"control","UZB_NOR",0.752268554323239,0.810162704080805,20,NA,NA,NA
"control","VCT_AIA",-0.071159165085429,0.96055615741557,25,NA,NA,NA
"control","VCT_ANT",-0.12519770700697,0.961347117282129,18,NA,NA,NA
"control","VCT_BRA",0.369925321902678,1.0617619218059,22,NA,NA,NA
"control","VCT_FRA",0.41113869818897,1.52708772494596,14,NA,NA,NA
"control","VCT_GTM",-0.0891483418077881,0.577141446363561,9,NA,NA,NA
"control","VCT_HRV",0.0671985301204201,1.17952506811402,13,NA,NA,NA
"control","VCT_KOR",0.281683928813978,1.06231747815206,20,NA,NA,NA
"control","VCT_VGB",0.352017482866436,1.16012254186947,27,NA,NA,NA
"control","VEN_CZE",-0.230066136741235,0.798283366385427,27,NA,NA,NA
"control","VEN_GAB",0.171208972701758,1.1072439506658,15,NA,NA,NA
"control","VEN_GRD",0.294003233572783,0.570275582073662,27,NA,NA,NA
"control","VEN_KNA",0.163615050837568,0.962244423581168,25,NA,NA,NA
"control","VEN_KWT",0.255665001864862,0.908332153954731,21,NA,NA,NA
"control","VEN_RUS",-0.144980088872161,1.13647339976593,27,NA,NA,NA
"control","VEN_VCT",0.173609898852695,0.795157247740565,27,NA,NA,NA
"control","VGB_BOL",-0.211614512611306,0.925492862299991,16,NA,NA,NA
"control","VGB_CZE",-0.144614249702074,1.39082290714565,13,NA,NA,NA
"control","VGB_DMA",0.248163573726971,1.05648556273933,17,NA,NA,NA
"control","VGB_GBR",-0.00407823220587986,1.61144621672279,13,NA,NA,NA
"control","VGB_GRC",0.239793436005986,0.585919565562461,8,NA,NA,NA
"control","VGB_GRD",-0.0838022291081763,1.08378708174823,25,NA,NA,NA
"control","VGB_KNA",-0.0426358525973332,1.44566128396482,24,NA,NA,NA
"control","VGB_NIC",0.140137547652041,1.42033958764234,11,NA,NA,NA
"control","VGB_VCT",-0.0672363319355579,0.946697673059351,26,NA,NA,NA
"control","VNM_BDI",-0.294157817163605,0.40740455036328,22,NA,NA,NA
"control","VNM_CAF",-0.143613991455837,1.10219703809241,24,NA,NA,NA
"control","VNM_COG",-0.111130717373124,0.562525082036874,23,NA,NA,NA
"control","VNM_CZE",0.174522328073048,1.07248871756432,27,NA,NA,NA
"control","VNM_GAB",-0.179840811813268,1.19742511086117,24,NA,NA,NA
"control","VNM_JAM",-0.20560235307944,1.05493449841672,25,NA,NA,NA
"control","VNM_SVN",-0.183639533106338,0.757815748261293,27,NA,NA,NA
"control","VUT_MYS",0.0319649776632347,0.501224828477888,24,NA,NA,NA
"control","WLF_USA",-0.0434554508564851,0.753066436506778,20,NA,NA,NA
"control","WSM_HUN",0.462604014460139,1.59586507186261,14,NA,NA,NA
"control","WSM_SWE",0.140825705309926,1.16335583274245,22,NA,NA,NA
"control","YEM_BRN",0.162564010131709,1.04867815910099,12,NA,NA,NA
"control","YEM_CHL",-0.143894490571111,0.573511759773106,13,NA,NA,NA
"control","YEM_CZE",0.0228416194559442,0.586822168575002,27,NA,NA,NA
"control","YEM_DZA",0.207332540079536,0.949616534861278,12,NA,NA,NA
"control","YEM_NOR",0.200241645784353,0.840143944368091,26,NA,NA,NA
"control","YEM_NZL",0.26860109468146,1.20846014071445,25,NA,NA,NA
"control","YEM_ROU",0.0584879424803171,1.02650197233818,23,NA,NA,NA
"control","ZAF_BEN",-0.198179564012834,0.890140530278872,27,NA,NA,NA
"control","ZAF_CMR",-0.0555971363808204,1.2992979850068,27,NA,NA,NA
"control","ZAF_HND",0.00811751043165758,1.10813131269733,26,NA,NA,NA
"control","ZAF_NOR",-0.0239809914423638,1.57163166728399,14,NA,NA,NA
"control","ZAF_PAN",-0.131525285530003,0.89577891396676,25,NA,NA,NA
"control","ZMB_CZE",0.0924664505163013,0.776536258343069,27,NA,NA,NA
"control","ZMB_DZA",0.0326575766421481,0.532388364687523,17,NA,NA,NA
"control","ZMB_NGA",-0.161754770091287,1.0203186388572,25,NA,NA,NA
"control","ZMB_PAK",0.093526430700716,0.863000973637411,26,NA,NA,NA
"control","ZMB_TUN",-0.0880320158222855,0.459712037007019,19,NA,NA,NA
"control","ZWE_CZE",0.0867170739030812,0.750060716096109,18,NA,NA,NA
"control","ZWE_GAB",0.0780500567049706,0.984268722852959,16,NA,NA,NA
"control","ZWE_GEO",0.107584310006523,1.04418211355156,18,NA,NA,NA
"control","ZWE_GRD",-0.505031460662268,0.991246210292063,10,NA,NA,NA
"control","ZWE_MLI",-0.195168027915293,0.633707332572306,20,NA,NA,NA
"control","ZWE_RUS",0.487116200417394,1.1852298857119,26,NA,NA,NA
"control","ABW_CRI",-0.0403134705213634,1.05737167837486,22,NA,NA,NA
"control","ABW_HND",-0.0526738905470676,0.887253693850759,19,NA,NA,NA
"control","ABW_KNA",-0.182824401126099,0.793122801538792,21,NA,NA,NA
"control","ABW_MYS",0.0938103727806633,1.19900530350517,12,NA,NA,NA
"control","ABW_PER",-0.0941187031013344,0.417364896921121,24,NA,NA,NA
"control","ABW_THA",0.416908141292271,1.07090549290834,20,NA,NA,NA
"control","AFG_COL",-0.0114134817405829,1.13138638963353,26,NA,NA,NA
"control","AFG_CRI",-0.335354205084752,0.656523758915798,26,NA,NA,NA
"control","AFG_LTU",0.61784305869081,0.804966181892012,19,NA,NA,NA
"control","AFG_LVA",-0.432072819685618,1.34127563258977,14,NA,NA,NA
"control","AFG_MDA",-0.22432703851079,0.565190088391375,13,NA,NA,NA
"control","AFG_PER",0.0982219780481459,1.10635480164014,26,NA,NA,NA
"control","AFG_SLV",-0.226254535516616,0.824479950473852,22,NA,NA,NA
"control","AFG_SVK",0.0629367036067873,0.9698329627553,22,NA,NA,NA
"control","AGO_CAF",0.125349199511466,0.692553673033991,9,NA,NA,NA
"control","AGO_ECU",0.243404803385176,0.837827015217283,20,NA,NA,NA
"control","AGO_FIN",0.192243336533822,1.30425214948723,20,NA,NA,NA
"control","AGO_MLT",-0.127318133142762,0.928940950004211,12,NA,NA,NA
"control","AGO_PER",-0.40970478053019,0.909089858540476,23,NA,NA,NA
"control","AGO_SVN",-0.0613243815416028,1.42818973139058,22,NA,NA,NA
"control","AGO_TGO",-0.0155691309667813,0.643671918483544,19,NA,NA,NA
"control","AIA_CAN",-0.12644807119449,0.45041855590532,25,NA,NA,NA
"control","ALB_CMR",0.474245834403653,0.95268935252852,25,NA,NA,NA
"control","ALB_COG",0.00790219789407645,0.882980685328758,16,NA,NA,NA
"control","ALB_CYP",-0.174117415634172,0.630763571290662,9,NA,NA,NA
"control","ALB_GTM",-0.35703488905499,0.763375653853195,23,NA,NA,NA
"control","ALB_HND",-0.310740830397291,1.34204418166695,16,NA,NA,NA
"control","ALB_PER",-0.468566897779633,1.04997239559331,23,NA,NA,NA
"control","ALB_SVK",0.50363607554161,0.929526928722205,11,NA,NA,NA
"control","ALB_ZAF",0.417699387817251,1.01064823895677,25,NA,NA,NA
"control","AND_ARG",0.180658140713711,0.8594466391347,25,NA,NA,NA
"control","AND_BOL",0.302126455497091,1.03724519112617,19,NA,NA,NA
"control","AND_GTM",-0.254715468760281,0.906818822889034,21,NA,NA,NA
"control","AND_HND",-0.0987238132455568,1.24003993274284,19,NA,NA,NA
"control","AND_KNA",0.172522672252863,1.37278612597265,18,NA,NA,NA
"control","AND_NZL",-0.0943493586046058,0.765532324608933,17,NA,NA,NA
"control","AND_SVK",-0.516629537898932,1.14891600588673,9,NA,NA,NA
"control","AND_SVN",0.262026881730734,1.33365676123322,9,NA,NA,NA
"control","ANT_CRI",-0.161803450406329,0.844671486318641,17,NA,NA,NA
"control","ANT_HND",-0.112121185350162,0.490564056761303,16,NA,NA,NA
"control","ANT_MWI",0.117092204700965,1.6423326532715,8,NA,NA,NA
"control","ANT_NZL",0.0368153794027128,2.115013437212,12,NA,NA,NA
"control","ANT_SLV",-0.207435183926378,1.8242781025927,17,NA,NA,NA
"control","ANT_UGA",-0.160489302618489,1.2223206891533,14,NA,NA,NA
"control","ANT_URY",-0.121679424802071,0.989831245591777,15,NA,NA,NA
"control","ANT_VEN",0.179451407800456,1.16503364484942,17,NA,NA,NA
"control","ARE_GRL",0.0620110839920791,0.772480384153652,20,NA,NA,NA
"control","ARE_GTM",0.0133546393225721,1.01016315534129,25,NA,NA,NA
"control","ARE_ISL",-0.122363902912632,0.998586169688209,19,NA,NA,NA
"control","ARE_LTU",0.272629249780447,1.31508617149235,26,NA,NA,NA
"control","ARE_LVA",-0.0309698064901267,1.11407778746583,26,NA,NA,NA
"control","ARE_MDA",0.243903105243245,1.38155326502302,25,NA,NA,NA
"control","ARE_MKD",0.339434897828513,1.54761386834271,26,NA,NA,NA
"control","ARE_MWI",0.0917076894158874,1.27750722481255,24,NA,NA,NA
"control","ARE_POL",0.0970745040232586,0.618678713946466,26,NA,NA,NA
"control","ARE_TGO",-0.442299109473774,0.736041641038301,25,NA,NA,NA
"control","ARE_URY",-0.0995467304656953,0.726878989122319,25,NA,NA,NA
"control","ARE_ZAF",0.0255530377663586,1.15275019405281,26,NA,NA,NA
"control","ARG_ARM",0.173049169400615,0.874429266712466,23,NA,NA,NA
"control","ARG_CAF",0.226319422244154,1.21993182877398,20,NA,NA,NA
"control","ARG_EST",-0.170665013023904,0.622346050872244,26,NA,NA,NA
"control","ARG_GIB",-0.292100388937562,1.30570914171514,16,NA,NA,NA
"control","ARG_GRL",-0.0936186975629315,0.762157651678721,21,NA,NA,NA
"control","ARG_LTU",-0.185957402946625,1.01534886988373,26,NA,NA,NA
"control","ARG_LVA",-0.31816165224198,0.886813643493353,26,NA,NA,NA
"control","ARG_MKD",-0.0405102334333071,1.17504861104924,26,NA,NA,NA
"control","ARG_MNG",-0.17749694878694,0.771074727243126,23,NA,NA,NA
"control","ARG_NER",0.10840304967764,0.90142335607699,26,NA,NA,NA
"control","ARG_PNG",0.254878434863324,1.08171618642779,22,NA,NA,NA
"control","ARG_STP",0.147420017980974,1.44891484010037,12,NA,NA,NA
"control","ARG_SVK",-0.129781834079511,0.957792816513093,26,NA,NA,NA
"control","ARG_SYC",0.0976026260707325,0.769230724669837,25,NA,NA,NA
"control","ARG_TCD",-0.244551127367886,0.994340055013749,21,NA,NA,NA
"control","ARG_TKM",0.227341432603591,0.974103102587496,18,NA,NA,NA
"control","ARG_UKR",-0.144071598987995,1.30004121560125,26,NA,NA,NA
"control","ARM_AUT",0.129650589976214,0.858475177249925,23,NA,NA,NA
"control","ARM_CYP",-0.280961242169263,0.705111544605969,21,NA,NA,NA
"control","ARM_EGY",0.192955754854148,1.05808782794533,25,NA,NA,NA
"control","ARM_FRA",0.00632985428196197,1.02378268397636,23,NA,NA,NA
"control","ARM_HUN",0.127661302796718,1.18991650354252,21,NA,NA,NA
"control","ARM_ITA",0.0203492903206724,0.339066546760446,23,NA,NA,NA
"control","ARM_KWT",-0.0195344201322614,1.25465972483786,21,NA,NA,NA
"control","ARM_LVA",0.0105027337586608,1.7239153919679,23,NA,NA,NA
"control","ARM_PER",-0.0443624399478187,0.463485927589642,17,NA,NA,NA
"control","ARM_POL",0.0838646140007801,0.963597283850547,19,NA,NA,NA
"control","ARM_URY",0.275454918775979,0.896121773932296,15,NA,NA,NA
"control","ATF_THA",-0.2542414579561,1.42707264640808,10,NA,NA,NA
"control","ATG_BRA",-0.0668649530236185,1.21181995672196,25,NA,NA,NA
"control","ATG_CRI",0.2695850350848,0.585891055886051,22,NA,NA,NA
"control","ATG_EGY",-0.384312988997616,1.03209737021048,11,NA,NA,NA
"control","ATG_MLT",0.0236788561470735,0.750652926863126,9,NA,NA,NA
"control","ATG_POL",-0.296634808932326,1.23168323336219,10,NA,NA,NA
"control","ATG_SVK",0.315785312857539,0.879075977155469,13,NA,NA,NA
"control","ATG_UGA",0.0184354028834489,0.843768960403053,15,NA,NA,NA
"control","AUS_ARM",-0.0584838401912236,0.988004616145236,26,NA,NA,NA
"control","AUS_ESH",0.0021686644511619,0.947269062777555,12,NA,NA,NA
"control","AUS_GRL",-0.0144462572805251,0.87794231677418,23,NA,NA,NA
"control","AUS_KGZ",0.0720059575952703,0.898503098950508,26,NA,NA,NA
"control","AUS_PLW",-0.159574503275931,0.837576956790936,26,NA,NA,NA
"control","AUS_TJK",-0.109221172955966,0.932199767189836,26,NA,NA,NA
"control","AUS_TKM",-0.0426643273408743,0.955806040784583,24,NA,NA,NA
"control","AUT_AFG",0.0996596319629344,1.00621766086542,25,NA,NA,NA
"control","AUT_AGO",-0.267140569438609,0.569147739739716,26,NA,NA,NA
"control","AUT_ARM",-0.353980403086383,0.852933490536258,23,NA,NA,NA
"control","AUT_AZE",-0.248733404302675,1.14991886344598,26,NA,NA,NA
"control","AUT_BEN",-0.243713922580197,0.9687224420462,26,NA,NA,NA
"control","AUT_BFA",-0.300438751331971,1.03199287059132,26,NA,NA,NA
"control","AUT_BHS",0.310058109800565,0.420756740022555,13,NA,NA,NA
"control","AUT_BLR",-0.0798650973353913,1.05341906666358,26,NA,NA,NA
"control","AUT_CIV",0.161099836777923,0.887608790680469,21,NA,NA,NA
"control","AUT_CMR",-0.093773929462285,0.912233583129353,19,NA,NA,NA
"control","AUT_COD",-0.290561208649377,1.08344894213659,26,NA,NA,NA
"control","AUT_COK",-0.0981843167668765,1.22494449493717,16,NA,NA,NA
"control","AUT_COM",0.283373050131506,0.901554318769185,18,NA,NA,NA
"control","AUT_CUB",-0.0482664558243269,0.9470594731547,26,NA,NA,NA
"control","AUT_CXR",0.38522975535944,0.828369169890291,10,NA,NA,NA
"control","AUT_DJI",0.164162646340972,0.806366242351827,26,NA,NA,NA
"control","AUT_DOM",-0.191774188592157,1.15597154664353,12,NA,NA,NA
"control","AUT_ETH",-0.0139389491241427,0.896171121465866,26,NA,NA,NA
"control","AUT_FSM",0.580305204972049,1.19951707983843,14,NA,NA,NA
"control","AUT_GHA",0.0285471059773197,1.31570773507602,21,NA,NA,NA
"control","AUT_GIB",-0.0962844846845446,1.22553903238938,26,NA,NA,NA
"control","AUT_GMB",0.388262140830755,1.04598599743826,26,NA,NA,NA
"control","AUT_GNB",0.520461809305644,1.00172709059136,22,NA,NA,NA
"control","AUT_HND",0.203424855492757,1.21555178135652,18,NA,NA,NA
"control","AUT_HTI",0.115698797858699,0.74940493691739,26,NA,NA,NA
"control","AUT_KAZ",0.180787812488917,0.881748847104757,26,NA,NA,NA
"control","AUT_KHM",0.0468843185318117,0.965227837840989,26,NA,NA,NA
"control","AUT_KIR",-0.443457023134777,0.620034600508178,18,NA,NA,NA
"control","AUT_LAO",0.0343355447084028,1.11566114401397,25,NA,NA,NA
"control","AUT_MDA",0.420410038807069,0.97861817831007,19,NA,NA,NA
"control","AUT_MDV",-0.056088523562771,1.4138719290002,26,NA,NA,NA
"control","AUT_MLI",-0.133531726510886,1.23376205989956,26,NA,NA,NA
"control","AUT_MNG",0.00276163067151247,0.785347677597723,26,NA,NA,NA
"control","AUT_MNP",0.179461096576388,0.687621561081483,14,NA,NA,NA
"control","AUT_MRT",-0.129608715593229,0.798111473956358,26,NA,NA,NA
"control","AUT_NER",0.0725652111344655,1.26130423952471,26,NA,NA,NA
"control","AUT_NIU",-0.00257735843241691,0.834067568347064,10,NA,NA,NA
"control","AUT_NPL",0.209025777894005,0.934437411633513,26,NA,NA,NA
"control","AUT_NRU",-0.0189992020313351,0.727076486558897,18,NA,NA,NA
"control","AUT_PAN",-0.122434916766002,0.358740169211895,18,NA,NA,NA
"control","AUT_PLW",-0.134642044911626,0.738974721825767,18,NA,NA,NA
"control","AUT_SLB",0.0176348352247712,1.55968884636258,20,NA,NA,NA
"control","AUT_SLE",-0.161092652894323,1.50782211716491,26,NA,NA,NA
"control","AUT_SOM",-0.235267795503967,0.898529410897261,26,NA,NA,NA
"control","AUT_STP",0.0184391037724173,0.823847484082864,26,NA,NA,NA
"control","AUT_SUR",-0.128679883376715,0.945098457396386,13,NA,NA,NA
"control","AUT_TCD",0.0417149716946801,0.85571029573061,26,NA,NA,NA
"control","AUT_TGO",-0.310661238144872,0.800206347725159,26,NA,NA,NA
"control","AUT_TKL",0.0931956764413985,0.977391130435829,19,NA,NA,NA
"control","AUT_TKM",0.0341340766399031,1.69886351069405,26,NA,NA,NA
"control","AUT_TON",-0.518000339194028,1.63468961723917,18,NA,NA,NA
"control","AUT_TZA",0.0334023939703918,1.1994488983369,26,NA,NA,NA
"control","AUT_UGA",-0.0903548592486735,0.580874359560347,26,NA,NA,NA
"control","AUT_VGB",-0.727829414752451,0.965179192685279,12,NA,NA,NA
"control","AUT_VNM",-0.0396203467212354,1.33364969178146,26,NA,NA,NA
"control","AUT_VUT",0.0698802296537481,0.901131877363947,12,NA,NA,NA
"control","AUT_WSM",-0.0433051612845708,0.65001236296283,22,NA,NA,NA
"control","AUT_ZMB",0.241008740409873,1.08899378405316,26,NA,NA,NA
"control","AZE_AUS",0.107436873520756,0.526877540020522,26,NA,NA,NA
"control","AZE_AUT",-0.322709139978695,0.716956775221474,26,NA,NA,NA
"control","AZE_BOL",0.135986934361548,1.1700560857828,13,NA,NA,NA
"control","AZE_BRA",0.014608178465505,1.23058667421757,24,NA,NA,NA
"control","AZE_COL",-0.140731115476979,1.16063687866541,23,NA,NA,NA
"control","AZE_IND",-0.0957371728866552,0.529704854026509,26,NA,NA,NA
"control","AZE_IRL",0.0683528710839887,0.762870328285334,25,NA,NA,NA
"control","AZE_ISL",0.0931652499949061,0.520679645447319,12,NA,NA,NA
"control","AZE_JOR",0.378755040478628,1.31604190449223,21,NA,NA,NA
"control","AZE_KOR",-0.0628691687451717,1.12024026157494,26,NA,NA,NA
"control","AZE_LKA",0.327990778142455,1.23522020444034,17,NA,NA,NA
"control","AZE_LVA",-0.190612448783787,1.90772045703158,26,NA,NA,NA
"control","AZE_MAR",0.160993596190136,1.26377710119456,21,NA,NA,NA
"control","AZE_MKD",0.556706298361492,0.666309150776726,17,NA,NA,NA
"control","AZE_MLT",-0.396212186302181,1.04120379449728,23,NA,NA,NA
"control","AZE_SVK",0.0221962631553618,1.03181478330657,25,NA,NA,NA
"control","AZE_TWN",0.200340104003342,0.592833770166809,23,NA,NA,NA
"control","BDI_CRI",-0.338355177569199,1.10201178287903,15,NA,NA,NA
"control","BDI_GAB",-0.397822444087735,0.760815831849519,8,NA,NA,NA
"control","BDI_HRV",-0.0256101913392453,1.09412991902611,14,NA,NA,NA
"control","BDI_MEX",-0.248662677965098,0.456656433626402,20,NA,NA,NA
"control","BDI_RUS",0.28379110031225,0.667559398096026,23,NA,NA,NA
"control","BDI_TGO",-0.451773109622889,1.71502177985893,14,NA,NA,NA
"control","BDI_ZAF",-0.0663489971486157,0.842325295874331,25,NA,NA,NA
"control","BEN_CAN",0.210554892325807,0.733492348536954,25,NA,NA,NA
"control","BEN_SVK",-0.116603670600216,0.992179432702744,15,NA,NA,NA
"control","BEN_UKR",0.151951023155402,1.61906776851727,17,NA,NA,NA
"control","BFA_EGY",-0.0882732023588733,1.14803766904457,25,NA,NA,NA
"control","BFA_HRV",-0.0332669182397035,1.15737521675791,17,NA,NA,NA
"control","BFA_IND",0.242855263339419,0.987872977925074,26,NA,NA,NA
"control","BFA_JOR",-0.0665052439625037,1.25185735853947,15,NA,NA,NA
"control","BFA_LBN",0.315646274153711,1.20953884547151,25,NA,NA,NA
"control","BFA_NOR",0.127633788694185,0.96549621711842,21,NA,NA,NA
"control","BFA_SAU",0.596837776234354,0.945970076428637,19,NA,NA,NA
"control","BFA_SVK",0.296793655946594,0.707573049202611,23,NA,NA,NA
"control","BFA_UGA",0.20525078316907,0.588824532059465,20,NA,NA,NA
"control","BGD_BFA",-0.298238522846756,0.947862733544613,24,NA,NA,NA
"control","BGD_LTU",-0.102456966140942,1.27615051588844,25,NA,NA,NA
"control","BGD_MDA",-0.340236178940321,0.978724720142435,23,NA,NA,NA
"control","BGD_MKD",0.0150150536831599,0.98668106909027,25,NA,NA,NA
"control","BGD_MRT",-0.142808763347704,0.831970055153102,20,NA,NA,NA
"control","BGD_SVK",-0.0974745298089885,1.22575815386172,26,NA,NA,NA
"control","BGD_TON",-0.115960086789523,0.708133418944258,14,NA,NA,NA
"control","BGD_ZAF",0.033330600620735,0.986804607169914,25,NA,NA,NA
"control","BGR_BDI",-0.132912999731499,0.791424232912142,23,NA,NA,NA
"control","BGR_GRL",0.197605921042182,1.4878920344271,8,NA,NA,NA
"control","BGR_GTM",0.18349511308945,0.887002367614797,18,NA,NA,NA
"control","BGR_LVA",0.484667955492471,0.716109066567405,8,NA,NA,NA
"control","BGR_NPL",0.149215071949872,1.09776396781336,22,NA,NA,NA
"control","BGR_SLV",-0.0636478578106827,1.49021760498949,18,NA,NA,NA
"control","BGR_TGO",0.296281350683771,0.668087283545153,26,NA,NA,NA
"control","BGR_UGA",0.0337520452818561,0.675527981458221,26,NA,NA,NA
"control","BGR_URY",-0.374556990202181,1.01017970080466,26,NA,NA,NA
"control","BHR_AUT",-0.0893280974283513,0.969493189690389,26,NA,NA,NA
"control","BHR_CRI",0.327926492891135,0.893332662033531,25,NA,NA,NA
"control","BHR_ISL",0.241090507900693,1.84158784847765,15,NA,NA,NA
"control","BHR_MLT",-0.336723144887771,1.05989380732576,26,NA,NA,NA
"control","BHR_NPL",-0.0778679891404356,1.53822681379648,22,NA,NA,NA
"control","BHR_SVK",-0.154598454161746,0.447209108044548,25,NA,NA,NA
"control","BHR_SYC",0.178733280731676,1.02317612864945,26,NA,NA,NA
"control","BHR_UGA",-0.1215129825067,0.657308762163859,26,NA,NA,NA
"control","BHR_VEN",-0.00726660742342543,1.16809489981218,18,NA,NA,NA
"control","BHS_CRI",-0.197153961935429,1.00002332692433,26,NA,NA,NA
"control","BHS_CZE",-0.544050087453622,0.823644254001975,13,NA,NA,NA
"control","BHS_GRL",0.0123341545697125,1.25214973764871,19,NA,NA,NA
"control","BHS_HND",0.0237661718513446,0.875874357929685,26,NA,NA,NA
"control","BHS_ISL",-0.00277683747576294,0.626927331125147,22,NA,NA,NA
"control","BHS_POL",-0.379546115664325,0.424607301569981,13,NA,NA,NA
"control","BHS_SLV",-0.107338269845828,0.982730373869032,26,NA,NA,NA
"control","BHS_SVK",-0.186553048740451,1.11011858674449,13,NA,NA,NA
"control","BHS_SVN",0.0458515801136937,1.17591271457246,12,NA,NA,NA
"control","BHS_SYC",-0.0221236056880346,0.574783159822079,18,NA,NA,NA
"control","BHS_VEN",-0.266088786085994,0.42370364365728,21,NA,NA,NA
"control","BIH_AUT",-0.245345773389171,1.19372554870687,13,NA,NA,NA
"control","BIH_COL",0.101322203747941,1.43688740144729,26,NA,NA,NA
"control","BIH_CRI",0.0157497678131928,0.932336338597049,22,NA,NA,NA
"control","BIH_CYP",0.217093786427285,1.35784145820913,13,NA,NA,NA
"control","BIH_EGY",-0.00598332518401528,0.873161228431526,26,NA,NA,NA
"control","BIH_JOR",0.435716873331651,0.940396745590738,21,NA,NA,NA
"control","BIH_MEX",0.0775767869719488,1.19873446305223,21,NA,NA,NA
"control","BIH_POL",-0.346325540594737,1.13408231639166,13,NA,NA,NA
"control","BIH_SVK",0.00965953900727377,0.991785007846487,13,NA,NA,NA
"control","BIH_TTO",-0.22703700222768,1.22359113148862,9,NA,NA,NA
"control","BLR_AUT",-0.0934144914096728,0.643840648910199,26,NA,NA,NA
"control","BLR_EGY",0.541277742255592,1.24059527798795,26,NA,NA,NA
"control","BLR_GRL",-0.200586928335234,1.29103577431323,15,NA,NA,NA
"control","BLR_JOR",0.0374630838518716,1.23913574340941,25,NA,NA,NA
"control","BLR_LKA",-0.0883245207000164,0.775146447261159,23,NA,NA,NA
"control","BLR_LVA",0.280819010836444,1.33692357070012,26,NA,NA,NA
"control","BLR_MDA",0.370398148394215,1.1240855824077,17,NA,NA,NA
"control","BLR_MKD",-0.163820941063068,1.69224813717014,26,NA,NA,NA
"control","BLR_PER",0.101502178098295,1.06306403753938,24,NA,NA,NA
"control","BLR_SVK",-0.140909463888053,1.39835450357473,26,NA,NA,NA
"control","BLZ_CUB",0.110652652526996,1.51306475338373,15,NA,NA,NA
"control","BLZ_MWI",0.305767860173261,0.87256304169221,13,NA,NA,NA
"control","BLZ_SGP",0.275873036399863,0.633157298925803,19,NA,NA,NA
"control","BLZ_SVK",-0.646095741121033,0.217484130331507,11,NA,NA,NA
"control","BLZ_SVN",-0.0820223682523389,1.12088805894739,13,NA,NA,NA
"control","BLZ_TUR",0.147739324460593,1.17784642751501,25,NA,NA,NA
"control","BLZ_UGA",0.428687872369973,1.40040007390164,10,NA,NA,NA
"control","BLZ_URY",0.10363731612377,0.853809562868378,24,NA,NA,NA
"control","BLZ_VEN",-0.0449901780400975,0.828552328592628,25,NA,NA,NA
"control","BMU_BOL",0.450822979759917,1.2330533700758,17,NA,NA,NA
"control","BMU_CRI",0.0424398149388412,1.27035942204686,26,NA,NA,NA
"control","BMU_GRD",0.627916112785096,0.8611882398209,18,NA,NA,NA
"control","BMU_KNA",0.138292254037656,1.26351147969998,17,NA,NA,NA
"control","BMU_SLV",0.103195338228079,1.27676606677989,15,NA,NA,NA
"control","BMU_SVN",-0.0908981173613594,0.624847405756656,9,NA,NA,NA
"control","BMU_URY",-0.101500678709733,1.34903600473988,17,NA,NA,NA
"control","BMU_VCT",0.0536474842438364,0.918619362186259,20,NA,NA,NA
"control","BMU_VEN",0.0895943621820075,1.18986951938987,13,NA,NA,NA
"control","BOL_ANT",-0.266745973221052,0.873831868789464,12,NA,NA,NA
"control","BOL_GAB",0.0231233084431784,0.805121135503147,15,NA,NA,NA
"control","BOL_HTI",-0.29203762872239,0.746393385854584,18,NA,NA,NA
"control","BOL_LBN",0.194019841217515,0.619209308347639,25,NA,NA,NA
"control","BOL_LTU",-0.0315744515931752,1.18812215898967,21,NA,NA,NA
"control","BOL_MLT",-0.124913872955693,1.32894932171928,22,NA,NA,NA
"control","BOL_SVK",0.0668081871570407,1.13081044075478,24,NA,NA,NA
"control","BRA_ABW",0.0713727457345247,0.47488321132868,23,NA,NA,NA
"control","BRA_BLR",-0.050751693500088,1.19828601493682,25,NA,NA,NA
"control","BRA_GRL",-0.0285350800649045,1.26246652351824,22,NA,NA,NA
"control","BRA_IOT",0.147187794506073,0.789178494205652,15,NA,NA,NA
"control","BRA_KAZ",0.029522120481167,0.73948514454222,25,NA,NA,NA
"control","BRA_LTU",0.353089596691506,1.30866840089758,26,NA,NA,NA
"control","BRA_LVA",-0.00772517126454913,0.69078123101485,26,NA,NA,NA
"control","BRA_MDA",0.0228970829601568,0.812787605142761,26,NA,NA,NA
"control","BRA_TKM",-0.301240660922298,1.08874673787989,23,NA,NA,NA
"control","BRA_UKR",-0.112458369756148,0.987546890245397,26,NA,NA,NA
"control","BRB_EGY",0.139156339613018,0.697862661887552,17,NA,NA,NA
"control","BRB_IND",-0.0715242067958309,1.27628892083105,24,NA,NA,NA
"control","BRB_IRN",0.238401147476498,1.04121729187452,11,NA,NA,NA
"control","BRB_ROU",0.263022337962322,0.798922846589954,13,NA,NA,NA
"control","BRB_UGA",0.194919704768039,0.451663907173102,14,NA,NA,NA
"control","BRN_BHR",0.341109599724681,0.566846859352104,19,NA,NA,NA
"control","BRN_NPL",0.061297833029269,0.900170642415949,23,NA,NA,NA
"control","BTN_FRA",-0.350603749289648,1.37878502305426,25,NA,NA,NA
"control","BTN_ROU",-0.10821637624102,1.01986425180052,10,NA,NA,NA
"control","BTN_SVN",0.387048441517873,0.986774207411436,22,NA,NA,NA
"control","BWA_CHN",0.240945080722901,0.533416837694837,22,NA,NA,NA
"control","BWA_COL",-0.201993906344092,1.06101797435713,19,NA,NA,NA
"control","BWA_MYS",0.152687843710913,0.627788444452444,24,NA,NA,NA
"control","CAF_BDI",0.133854858615296,1.01927917380641,12,NA,NA,NA
"control","CAF_CRI",-0.0678763569970586,0.82543949953637,24,NA,NA,NA
"control","CAF_ECU",-0.179805240895401,0.434584249870386,11,NA,NA,NA
"control","CAF_EGY",0.00885233792521195,1.65453038394581,23,NA,NA,NA
"control","CAF_FIN",0.251583751251463,1.60111333437513,21,NA,NA,NA
"control","CAF_GTM",-0.390771849917837,0.91921541014632,9,NA,NA,NA
"control","CAF_ISR",0.0946158869893466,0.498329886901149,18,NA,NA,NA
"control","CAF_NZL",0.251855421513381,1.67476783389201,20,NA,NA,NA
"control","CAF_SVK",-0.301235529937787,1.24157252737727,25,NA,NA,NA
"control","CAF_SVN",0.197938036700543,0.706932538708991,25,NA,NA,NA
"control","CAF_ZAF",0.111633895851977,1.05497600702383,22,NA,NA,NA
"control","CAN_MKD",0.0881207956954489,1.20040352216796,26,NA,NA,NA
"control","CAN_SVK",0.011454302224961,0.772712957946169,22,NA,NA,NA
"control","CAN_TJK",0.138172068118338,0.905950305459627,26,NA,NA,NA
"control","CAN_TKM",0.012869996748033,1.42712402249426,26,NA,NA,NA
"control","CCK_BRA",0.0106555278499069,0.71427851177127,25,NA,NA,NA
"control","CCK_COL",0.582100145950788,1.84784659501469,18,NA,NA,NA
"control","CCK_CYP",0.118547918625892,1.29554267877474,21,NA,NA,NA
"control","CCK_FRA",0.0765648389488317,1.04383530687891,24,NA,NA,NA
"control","CCK_ITA",0.179459651999207,0.682264099299605,13,NA,NA,NA
"control","CCK_MYS",-0.205565277522874,1.21663517944231,8,NA,NA,NA
"control","CCK_SVK",0.407107025617404,1.49367917745202,22,NA,NA,NA
"control","CCK_SVN",-0.259960639305078,1.13563351530309,19,NA,NA,NA
"control","CHE_ERI",0.0245979634949166,1.2077558715136,26,NA,NA,NA
"control","CHL_CPV",0.0491783414911156,1.33679209861822,24,NA,NA,NA
"control","CHL_LTU",0.41170715335288,0.629016433333682,9,NA,NA,NA
"control","CHL_LVA",0.397197580434951,0.375871149951384,9,NA,NA,NA
"control","CHL_SVK",-0.183731238431193,0.871790364994508,9,NA,NA,NA
"control","CHN_ERI",0.145206070506958,1.07634916710135,26,NA,NA,NA
"control","CIV_BOL",-0.644475574013887,1.17603168218621,22,NA,NA,NA
"control","CIV_JOR",0.224558190361025,1.21615840011408,26,NA,NA,NA
"control","CIV_LVA",0.182149340236558,0.860271074192433,12,NA,NA,NA
"control","CIV_SVK",-0.167811045153844,0.999132588062482,21,NA,NA,NA
"control","CIV_UGA",0.407117643151141,0.92880626053311,26,NA,NA,NA
"control","CMR_CRI",0.0229211818799575,1.20878926600013,24,NA,NA,NA
"control","CMR_LTU",0.165202469833838,0.976941741375345,15,NA,NA,NA
"control","CMR_MDG",-0.0204839049871132,0.716256797583108,25,NA,NA,NA
"control","CMR_MKD",0.219413090969825,1.20977447707809,22,NA,NA,NA
"control","CMR_SVK",0.050750841508525,1.1588174963504,18,NA,NA,NA
"control","CMR_UGA",-0.105395643318289,0.551118733524758,25,NA,NA,NA
"control","CMR_VCT",0.00658259639560221,0.513636939113843,19,NA,NA,NA
"control","COD_CMR",0.0721472710627462,0.763337219721338,22,NA,NA,NA
"control","COG_AUT",0.100781195399487,1.10883460338223,26,NA,NA,NA
"control","COG_BFA",-0.136039413313966,1.81948914508417,24,NA,NA,NA
"control","COG_CHL",0.134415037346577,0.606776159629132,24,NA,NA,NA
"control","COG_GHA",-0.204021612467199,0.738687114041131,25,NA,NA,NA
"control","COG_HND",0.47042852420348,0.882847233341189,18,NA,NA,NA
"control","COG_LTU",0.132213496399342,0.515903225234086,18,NA,NA,NA
"control","COG_MLT",-0.217920219672855,1.03613452849912,14,NA,NA,NA
"control","COG_MRT",-0.23524664876178,0.451918606274784,16,NA,NA,NA
"control","COG_NIC",-0.0721320869386504,1.00524880090506,8,NA,NA,NA
"control","COG_NPL",-0.0362349239803087,0.759641960850933,8,NA,NA,NA
"control","COG_POL",-0.040582924883953,1.96459514200299,25,NA,NA,NA
"control","COG_SVN",-0.159612724976288,0.860500743994227,26,NA,NA,NA
"control","COG_UGA",0.0781969312083816,1.0274327743521,23,NA,NA,NA
"control","COG_ZAF",0.173433538902367,1.28473352239933,25,NA,NA,NA
"control","COK_AUT",0.463973968809417,0.675177847933248,18,NA,NA,NA
"control","COK_FRA",-0.0555838117029654,0.818543066596946,25,NA,NA,NA
"control","COK_ITA",-0.332217535021294,1.23550483492106,20,NA,NA,NA
"control","COK_SVK",-0.134116947159789,0.48713933369786,18,NA,NA,NA
"control","COL_ARM",0.141606382518998,0.898483025538981,19,NA,NA,NA
"control","COL_FJI",0.404087764825532,0.512128606446365,22,NA,NA,NA
"control","COL_GNQ",0.169460382581208,1.59596864716178,17,NA,NA,NA
"control","COL_GRL",-0.0457283647451327,1.59686605708092,21,NA,NA,NA
"control","COL_LVA",-0.15522759723224,0.513272412371348,17,NA,NA,NA
"control","COL_MDA",0.12203940836486,1.1511661334155,25,NA,NA,NA
"control","COL_MKD",0.258395755634458,0.494718937575938,26,NA,NA,NA
"control","COL_PLW",-0.10195097631345,1.28696682011958,17,NA,NA,NA
"control","COL_TJK",0.152808778847456,0.69344814027557,11,NA,NA,NA
"control","COM_CZE",0.217019122131946,2.00968137451192,24,NA,NA,NA
"control","COM_FIN",-0.140425476038392,1.23160678944042,11,NA,NA,NA
"control","COM_SVK",-0.0198372147894006,1.0446160205924,17,NA,NA,NA
"control","COM_SVN",0.0460108034848204,0.603074168345242,18,NA,NA,NA
"control","CPV_AUS",-0.433859518443452,1.34001560383156,19,NA,NA,NA
"control","CPV_FRA",0.328529194356053,0.796242520616943,26,NA,NA,NA
"control","CPV_HRV",-0.0798868564898276,0.711870099575967,13,NA,NA,NA
"control","CPV_HUN",-0.705928137888276,0.571085824645383,8,NA,NA,NA
"control","CPV_MDG",0.255307313972068,1.73593642599567,10,NA,NA,NA
"control","CPV_PER",-0.570802987287099,1.47316558064761,16,NA,NA,NA
"control","CRI_ABW",-0.16172712828339,1.18842582439508,26,NA,NA,NA
"control","CRI_AIA",-0.354464930173682,0.843868105595883,21,NA,NA,NA
"control","CRI_ANT",0.118668760595845,0.957274336916753,17,NA,NA,NA
"control","CRI_ATG",-0.111400281701709,1.15537066639343,26,NA,NA,NA
"control","CRI_BHS",0.44635448078143,1.11239351337445,26,NA,NA,NA
"control","CRI_BMU",-0.165036363543517,0.820011244177264,26,NA,NA,NA
"control","CRI_CIV",0.135166788237427,0.493134574818739,26,NA,NA,NA
"control","CRI_CMR",0.0609088237034924,0.943041875910955,26,NA,NA,NA
"control","CRI_COG",0.0658619731680829,1.51271261246606,16,NA,NA,NA
"control","CRI_CYM",-0.30361730015755,0.480891264845168,26,NA,NA,NA
"control","CRI_HTI",-0.119942555785263,0.875261057863431,26,NA,NA,NA
"control","CRI_LTU",-0.0732212011842593,1.12280950222851,17,NA,NA,NA
"control","CRI_LVA",-0.11487809402332,0.66138134489717,15,NA,NA,NA
"control","CRI_MRT",-0.303315840904433,0.853087409459769,8,NA,NA,NA
"control","CRI_MSR",0.217915159281746,0.334760186710474,10,NA,NA,NA
"control","CRI_MUS",-0.0620287563049111,0.732365924051315,26,NA,NA,NA
"control","CRI_RUS",0.304104668035188,1.23948068951816,26,NA,NA,NA
"control","CRI_SVK",-0.0786647828750529,0.636224505710908,18,NA,NA,NA
"control","CRI_TCA",0.160891970277706,0.694261384618342,15,NA,NA,NA
"control","CRI_VGB",-0.0628896169223685,1.00491209523443,19,NA,NA,NA
"control","CUB_CRI",0.120491900709161,1.08389023191355,26,NA,NA,NA
"control","CUB_JOR",-0.099750769439551,1.05993132391945,25,NA,NA,NA
"control","CUB_LVA",0.062757171002892,1.07373495706688,18,NA,NA,NA
"control","CUB_MLT",-0.230265800716562,0.484392451482799,26,NA,NA,NA
"control","CUB_MUS",0.0407822429755795,1.16288047136187,24,NA,NA,NA
"control","CUB_MWI",-0.169136917613195,0.811670994757439,8,NA,NA,NA
"control","CUB_SLV",0.0778312135252855,0.491449706585263,17,NA,NA,NA
"control","CUB_SVK",-0.0672386706888621,1.07722188995095,26,NA,NA,NA
"control","CXR_IND",0.00843051926014905,0.831919897442767,21,NA,NA,NA
"control","CXR_SVK",0.103605708379633,0.995671309092935,19,NA,NA,NA
"control","CXR_THA",0.0764012867314099,0.973734842975227,23,NA,NA,NA
"control","CYM_GTM",0.131811800647816,1.59111809334133,17,NA,NA,NA
"control","CYM_HND",0.304393124019077,1.19632664190238,10,NA,NA,NA
"control","CYM_UGA",0.0602803731215721,0.611816857814844,14,NA,NA,NA
"control","CYP_ARM",0.0078421367863947,0.916568201892337,22,NA,NA,NA
"control","CYP_AZE",0.00322244371849918,0.9678504005031,26,NA,NA,NA
"control","CYP_BIH",-0.148445747563228,0.97322945495451,13,NA,NA,NA
"control","CYP_DMA",0.613105635196116,0.853680137741256,10,NA,NA,NA
"control","CYP_GUY",0.17514009072706,0.762685189619759,11,NA,NA,NA
"control","CYP_KAZ",-0.282608292210117,1.04679626733269,26,NA,NA,NA
"control","CYP_LCA",-0.191431023381161,2.88298676168964,11,NA,NA,NA
"control","CYP_MDA",0.287814741767621,1.10441569458918,19,NA,NA,NA
"control","CYP_MKD",0.0673188323178667,0.476844673348956,9,NA,NA,NA
"control","CYP_SLV",0.132059299266757,1.68526137020444,9,NA,NA,NA
"control","CYP_SVK",-0.130081660403357,0.684313332833264,9,NA,NA,NA
"control","CZE_BHS",-0.260949257546141,0.817788266074453,13,NA,NA,NA
"control","CZE_GRL",0.469577790850659,1.55072778986093,9,NA,NA,NA
"control","CZE_KIR",-0.122816950938531,1.61604521807904,8,NA,NA,NA
"control","CZE_LAO",0.0766835546133523,1.01414015724124,25,NA,NA,NA
"control","CZE_MHL",-0.17254442750016,0.798232915754339,17,NA,NA,NA
"control","CZE_MKD",-0.14044930950974,0.703871790610475,9,NA,NA,NA
"control","CZE_MNP",-0.388578654975024,1.83012261680671,8,NA,NA,NA
"control","CZE_NAM",-0.00255630467913396,0.956043872551664,20,NA,NA,NA
"control","CZE_SWZ",-0.102167808800102,0.946490326517531,12,NA,NA,NA
"control","DEU_ERI",0.0723585251229329,1.32385135782307,26,NA,NA,NA
"control","DEU_MNP",-0.153573824497628,1.17932371717125,26,NA,NA,NA
"control","DJI_CYP",0.134121136333042,1.03011798435112,13,NA,NA,NA
"control","DJI_DNK",0.211427910440566,1.14424538176722,24,NA,NA,NA
"control","DJI_JOR",-0.283185743902763,0.342165527759557,11,NA,NA,NA
"control","DJI_NOR",0.255727064038202,2.08212825147117,15,NA,NA,NA
"control","DJI_OMN",-0.205361151979555,0.944055928427062,16,NA,NA,NA
"control","DJI_TUR",0.0580012104050357,1.20157719589396,24,NA,NA,NA
"control","DMA_BMU",-0.270368782101662,1.23234757687697,19,NA,NA,NA
"control","DMA_BRA",0.197321630146384,0.526433775842087,24,NA,NA,NA
"control","DMA_DOM",-0.00523754508015142,1.41621363820595,25,NA,NA,NA
"control","DMA_HND",-0.135965484261914,0.873875103112157,20,NA,NA,NA
"control","DMA_ISR",-0.358896203933132,0.794786255851141,23,NA,NA,NA
"control","DMA_SVK",0.327975311677819,0.808682985167389,12,NA,NA,NA
"control","DMA_TWN",0.265225020915726,0.850014073434615,24,NA,NA,NA
"control","DMA_UGA",-0.297718062643546,1.16784136397945,17,NA,NA,NA
"control","DNK_MNP",0.10416831797414,0.288108164207643,21,NA,NA,NA
"control","DOM_GRL",0.1865354299994,0.936412502817264,18,NA,NA,NA
"control","DOM_LKA",0.0505864227216538,0.779600204652714,19,NA,NA,NA
"control","DOM_LVA",-0.42505422587286,0.707837570300336,12,NA,NA,NA
"control","DOM_MAC",-0.0354285195775194,1.4546600910934,23,NA,NA,NA
"control","DOM_SUR",0.00454615369495785,1.35439716836367,25,NA,NA,NA
"control","DOM_SVK",-0.0222283395387413,0.600415353722986,13,NA,NA,NA
"control","DOM_UGA",0.267947989718899,0.799678769745379,10,NA,NA,NA
"control","DZA_BFA",0.115454063772017,0.699761573411791,26,NA,NA,NA
"control","DZA_HND",0.21045076142685,1.29164279850642,18,NA,NA,NA
"control","DZA_SVK",0.0463485565679066,0.96227727842574,9,NA,NA,NA
"control","DZA_UKR",0.144914157469467,1.34141218288308,26,NA,NA,NA
"control","ECU_AZE",-0.385072986541561,1.07340561755376,25,NA,NA,NA
"control","ECU_BHR",0.215501702131588,0.678668966660539,23,NA,NA,NA
"control","ECU_BLR",0.0153402382256389,0.641204921163425,25,NA,NA,NA
"control","ECU_ETH",-0.302290983351495,1.44275927637189,25,NA,NA,NA
"control","ECU_GEO",0.325911450423347,1.05902127058318,24,NA,NA,NA
"control","ECU_LTU",0.180011203284832,0.71159177510548,22,NA,NA,NA
"control","ECU_LVA",-0.0790042011635711,0.820878766126423,21,NA,NA,NA
"control","ECU_MKD",0.261521259909717,1.27019657749743,26,NA,NA,NA
"control","ECU_SEN",-0.221404521246337,0.530225945581041,25,NA,NA,NA
"control","ECU_SVK",0.120648953129898,1.26394756006875,22,NA,NA,NA
"control","ECU_SYR",0.18857449338346,0.950980970429693,26,NA,NA,NA
"control","ECU_UGA",-0.159817081932549,0.794008240549933,25,NA,NA,NA
"control","ECU_UKR",0.0309782322158975,1.17166558623067,25,NA,NA,NA
"control","EGY_ARM",0.153406427075277,1.01389390861163,25,NA,NA,NA
"control","EGY_AZE",0.124926493853745,1.02783961141374,26,NA,NA,NA
"control","EGY_BFA",0.0965222129487082,0.844490500965925,26,NA,NA,NA
"control","EGY_BTN",0.094801964228516,0.836997935393644,11,NA,NA,NA
"control","EGY_DMA",-0.138712508661335,0.931321948815109,21,NA,NA,NA
"control","EGY_DOM",-0.178458560744438,1.01450520949114,24,NA,NA,NA
"control","EGY_EST",-0.0521891146846859,0.733848142584772,9,NA,NA,NA
"control","EGY_GEO",0.0387011737388158,1.59687284208385,26,NA,NA,NA
"control","EGY_GMB",0.177316454033447,0.958450273733007,26,NA,NA,NA
"control","EGY_GNB",-0.162768033722868,0.781206026383634,25,NA,NA,NA
"control","EGY_GRL",0.426718442206859,1.03746633638298,19,NA,NA,NA
"control","EGY_KAZ",-0.1509612858538,0.545014765481212,26,NA,NA,NA
"control","EGY_KGZ",-0.150320552104141,1.20733601081581,22,NA,NA,NA
"control","EGY_KNA",-0.34059268225501,0.949199453864113,11,NA,NA,NA
"control","EGY_LBR",0.0764762988878112,1.05458297246794,26,NA,NA,NA
"control","EGY_LTU",-0.199689134472621,1.36151625480589,9,NA,NA,NA
"control","EGY_LVA",0.158639081667512,0.600483604407523,9,NA,NA,NA
"control","EGY_MKD",-0.0986164057301429,1.79303661520225,26,NA,NA,NA
"control","EGY_NER",0.408204415051978,1.62340581211041,26,NA,NA,NA
"control","EGY_NPL",0.100142004231689,0.884924844850966,26,NA,NA,NA
"control","EGY_SLE",-0.105881942231142,1.32812974991653,26,NA,NA,NA
"control","EGY_SLV",0.160543925529321,1.03636238163069,24,NA,NA,NA
"control","EGY_SOM",0.26180984571133,0.875736413085326,23,NA,NA,NA
"control","EGY_SVK",0.156297208689749,0.306053208615622,9,NA,NA,NA
"control","EGY_TGO",0.125458018512834,1.10454285121194,26,NA,NA,NA
"control","EGY_TJK",0.0473868800369516,0.937305370533853,24,NA,NA,NA
"control","EGY_TKM",-0.104357215382615,0.840518005193807,16,NA,NA,NA
"control","EGY_UZB",0.0116848526019705,0.505648553843031,26,NA,NA,NA
"control","ERI_CHE",-0.141672925885109,1.03121709102889,26,NA,NA,NA
"control","ERI_CRI",0.0211162502044519,0.669141374829831,8,NA,NA,NA
"control","ERI_DEU",-0.0477103811183438,1.08806429334185,26,NA,NA,NA
"control","ERI_FIN",0.129878338719093,1.20599899697439,13,NA,NA,NA
"control","ERI_NLD",-0.275411035239199,0.726333861172334,25,NA,NA,NA
"control","ERI_PRT",0.331905909875823,0.361651572120997,8,NA,NA,NA
"control","ERI_SAU",0.136078834087221,0.667170194519936,23,NA,NA,NA
"control","ERI_SWE",0.144713932292195,1.30197873079364,26,NA,NA,NA
"control","ESP_KGZ",-0.149581281735101,0.9933358088239,26,NA,NA,NA
"control","EST_ARG",-0.149236014208578,1.13629277151347,26,NA,NA,NA
"control","EST_BRA",0.0784767004701315,0.891043773829946,26,NA,NA,NA
"control","EST_CRI",0.365633274316039,0.686524762293153,16,NA,NA,NA
"control","EST_GRL",-0.462412387116998,0.522517537022939,8,NA,NA,NA
"control","EST_JOR",-0.348776782525884,1.60946833236604,8,NA,NA,NA
"control","EST_MDA",0.143882730881699,0.794734296507971,19,NA,NA,NA
"control","EST_MEX",-0.135495053253133,2.31642366037161,9,NA,NA,NA
"control","EST_MKD",0.0468671265897739,1.03302129836972,8,NA,NA,NA
"control","EST_MLT",0.184016610720466,0.934934181379653,9,NA,NA,NA
"control","EST_OMN",0.0945772338246379,1.20828896606101,26,NA,NA,NA
"control","EST_PER",0.00592063157548357,1.22199198647501,18,NA,NA,NA
"control","EST_THA",0.00749756437726211,1.03541197664759,26,NA,NA,NA
"control","EST_URY",-0.0224433701558084,1.31014917582907,26,NA,NA,NA
"control","ETH_AUT",-0.232226395352695,0.469005485916958,26,NA,NA,NA
"control","ETH_CHL",0.0606277621704453,1.63246027021987,19,NA,NA,NA
"control","ETH_FRA",-0.121563810820497,1.11246534873451,26,NA,NA,NA
"control","ETH_GAB",0.206837360815966,0.923132571699205,21,NA,NA,NA
"control","ETH_ISL",-0.0589777373002282,1.13817204825192,23,NA,NA,NA
"control","ETH_ITA",0.0656655780622898,0.855322967297164,26,NA,NA,NA
"control","ETH_JOR",0.165845280492328,0.650894097886654,23,NA,NA,NA
"control","ETH_LTU",0.27147984004771,1.45108994900012,23,NA,NA,NA
"control","ETH_MKD",-0.0308555726139227,0.882086976738195,21,NA,NA,NA
"control","ETH_OMN",-0.094625156174851,0.912631826227288,24,NA,NA,NA
"control","ETH_SVK",0.294129734630522,0.745778937797209,25,NA,NA,NA
"control","ETH_SVN",0.0413653456878213,1.45236500626957,26,NA,NA,NA
"control","ETH_TGO",0.281958110396909,0.585894501852541,25,NA,NA,NA
"control","FIN_ERI",0.0686933969320205,0.981342266623011,26,NA,NA,NA
"control","FIN_FSM",0.156540960788541,0.776686765420335,16,NA,NA,NA
"control","FIN_VGB",0.316119307203507,0.388477542709179,12,NA,NA,NA
"control","FJI_CRI",-0.390860701750857,1.22589578151998,17,NA,NA,NA
"control","FJI_FIN",0.529095930817031,0.44611393714852,12,NA,NA,NA
"control","FJI_HRV",-0.343428772680437,1.1089341286455,13,NA,NA,NA
"control","FJI_HUN",-0.176441796308461,0.716730687802902,11,NA,NA,NA
"control","FJI_LAO",0.0054640155279578,1.04046849382151,11,NA,NA,NA
"control","FJI_PER",-0.256999915456383,0.722575797313046,21,NA,NA,NA
"control","FJI_PHL",-0.0778014189593673,0.760105423458117,23,NA,NA,NA
"control","FJI_SVN",-0.0646127700379886,1.30138767437985,14,NA,NA,NA
"control","FLK_CAN",-0.0107647148085524,0.795467751201606,23,NA,NA,NA
"control","FLK_SVN",-0.371901662461574,0.34250331937786,8,NA,NA,NA
"control","FLK_TGO",0.529259671160909,1.0075035320874,12,NA,NA,NA
"control","FRA_AZE",-0.0993442620562347,1.3316423182689,26,NA,NA,NA
"control","FRA_CCK",0.0210360969920278,0.794025198949473,16,NA,NA,NA
"control","FRA_COK",0.025190445055986,1.15835593630053,25,NA,NA,NA
"control","FRA_ERI",0.0779519255519706,1.35577504790637,26,NA,NA,NA
"control","FRA_ETH",-0.0333209781412434,1.22665507467887,26,NA,NA,NA
"control","FRA_FSM",-0.411242311842199,0.962479082154258,25,NA,NA,NA
"control","FRA_GIB",0.0176802826814597,1.05301995303159,26,NA,NA,NA
"control","FRA_KGZ",-0.035486293688325,0.61996687882477,26,NA,NA,NA
"control","FRA_MDV",0.0868643024079665,1.02473170202919,26,NA,NA,NA
"control","FRA_MHL",0.127859007378122,0.963336060161627,26,NA,NA,NA
"control","FRA_MNG",-0.39175378093699,0.936996534996562,26,NA,NA,NA
"control","FRA_MNP",-0.201009925041418,0.650089766045267,26,NA,NA,NA
"control","FRA_NRU",0.013393561754539,1.04604986592363,24,NA,NA,NA
"control","FRA_TON",0.225033380215775,1.09726723222571,26,NA,NA,NA
"control","FRA_VGB",0.108511938120981,0.462419557783779,12,NA,NA,NA
"control","FRA_WSM",0.112043507723787,0.830681009106976,26,NA,NA,NA
"control","FRO_COL",-0.263283951659025,1.41439999339395,21,NA,NA,NA
"control","FRO_GRL",-0.198727666640831,0.823010324489687,25,NA,NA,NA
"control","FRO_KOR",-0.0958695213759785,1.19979680622907,21,NA,NA,NA
"control","FRO_NZL",0.148040206753251,1.15226592810146,16,NA,NA,NA
"control","FSM_MYS",-0.190774621265318,0.936658316246887,12,NA,NA,NA
"control","GAB_BFA",0.112907266104355,0.999239865361183,26,NA,NA,NA
"control","GAB_GHA",0.13424863369855,1.35895216758086,25,NA,NA,NA
"control","GAB_IRL",0.192848820135234,0.60362913064009,26,NA,NA,NA
"control","GAB_IRN",0.19116199554938,0.678631511859058,8,NA,NA,NA
"control","GAB_NIC",0.280062866912224,0.659521307128567,11,NA,NA,NA
"control","GAB_RWA",-0.216210647081729,0.980841718048453,21,NA,NA,NA
"control","GAB_SVN",-0.301850480567997,1.27722994323134,25,NA,NA,NA
"control","GAB_VCT",-0.186128834645512,1.00038217818965,16,NA,NA,NA
"control","GAB_VEN",0.213640016394489,1.6988575594035,16,NA,NA,NA
"control","GBR_ERI",-0.102397203217044,0.796799069229588,26,NA,NA,NA
"control","GBR_MNP",-0.178478151439589,1.7030868492769,26,NA,NA,NA
"control","GEO_AUT",-0.108577392536398,1.28766768884984,19,NA,NA,NA
"control","GEO_FRA",0.237649151590916,1.06665005403299,19,NA,NA,NA
"control","GEO_IND",-0.145019562131147,1.31644662809368,25,NA,NA,NA
"control","GEO_KOR",-0.337568365512457,0.77384652824872,25,NA,NA,NA
"control","GEO_LVA",-0.24156104834984,0.922886535300295,19,NA,NA,NA
"control","GEO_MDA",-0.149957942054797,0.941446255178321,8,NA,NA,NA
"control","GEO_MLT",0.219004665867456,0.472522074642078,17,NA,NA,NA
"control","GEO_PAK",0.016783861660654,0.852424053300405,21,NA,NA,NA
"control","GEO_SVK",-0.175424999708662,1.35256221878921,19,NA,NA,NA
"control","GEO_URY",0.325659729496811,1.61913706216625,19,NA,NA,NA
"control","GHA_CRI",0.185246974140453,1.45376669560092,16,NA,NA,NA
"control","GHA_HND",0.128651875546419,0.679078392498498,21,NA,NA,NA
"control","GHA_LTU",-0.166568871995747,0.747167538030528,17,NA,NA,NA
"control","GHA_MDG",-0.0171705044093576,1.00612171502652,22,NA,NA,NA
"control","GHA_MKD",0.0860410048565686,0.425668149942524,26,NA,NA,NA
"control","GHA_MLT",-0.0384949471907516,0.620594542465226,21,NA,NA,NA
"control","GHA_MWI",0.161392167310058,0.81794390190068,26,NA,NA,NA
"control","GHA_SVK",-0.204542237634227,1.8412481389015,21,NA,NA,NA
"control","GHA_UGA",-0.0885993688494631,1.70948900400179,26,NA,NA,NA
"control","GHA_URY",0.0846617254449888,0.863971658962267,20,NA,NA,NA
"control","GHA_ZAF",0.0772949028630875,0.676523293769725,26,NA,NA,NA
"control","GIB_AUT",-0.122640873718546,0.95674298624552,26,NA,NA,NA
"control","GIB_CAN",-0.0348040153295095,0.82989525066651,26,NA,NA,NA
"control","GIB_CRI",0.117113720313866,0.780210335824091,23,NA,NA,NA
"control","GIB_EGY",-0.261099116600167,0.938376788860758,26,NA,NA,NA
"control","GIB_FRA",-0.211429518886849,0.903447957294913,26,NA,NA,NA
"control","GIB_ITA",0.174680505636464,0.789285313245164,26,NA,NA,NA
"control","GIB_KOR",0.279252790861236,0.949403017146245,23,NA,NA,NA
"control","GIB_MAR",0.0102791827855258,0.709809511234449,23,NA,NA,NA
"control","GIB_MDA",-0.345263405166051,0.90210209936817,15,NA,NA,NA
"control","GIB_MKD",-0.169338286347101,0.558453388088456,8,NA,NA,NA
"control","GIB_MLT",0.126458247319696,0.749646670650433,19,NA,NA,NA
"control","GIB_MWI",0.0661577404713673,1.43185127953417,20,NA,NA,NA
"control","GIB_POL",-0.0311628592775169,0.859834059155591,19,NA,NA,NA
"control","GIB_SVK",-0.0747148730080338,0.931956771507126,24,NA,NA,NA
"control","GIB_SVN",-0.35272708317919,0.75335737760474,25,NA,NA,NA
"control","GIB_TGO",0.121204309240501,0.380469989158589,18,NA,NA,NA
"control","GIB_UGA",-0.0263005681984745,0.966097161307852,17,NA,NA,NA
"control","GIN_MLT",-0.687326574985857,1.06218540206954,10,NA,NA,NA
"control","GIN_NZL",0.328566026439544,1.08311299091447,23,NA,NA,NA
"control","GIN_POL",0.10323999578897,0.799330037087759,26,NA,NA,NA
"control","GIN_SVK",-0.116029966482536,0.730814627685322,25,NA,NA,NA
"control","GIN_SVN",0.083188241152579,1.53467460637157,26,NA,NA,NA
"control","GIN_ZAF",0.032027980647357,1.20833427385931,26,NA,NA,NA
"control","GMB_COG",-0.00519485228233892,0.491118730743049,8,NA,NA,NA
"control","GMB_CZE",0.107648595304662,1.30402426202359,24,NA,NA,NA
"control","GMB_HUN",-0.110894702283698,0.704923518302027,10,NA,NA,NA
"control","GMB_IND",-0.196892277069721,0.674747530122642,26,NA,NA,NA
"control","GMB_MWI",-0.0484696248746826,0.570186642121814,14,NA,NA,NA
"control","GMB_SAU",0.0708668430664776,0.714441243150974,16,NA,NA,NA
"control","GNB_IRL",-0.0422141811917035,0.637676227726882,12,NA,NA,NA
"control","GNB_PAK",-0.301648756844272,0.785193318272563,17,NA,NA,NA
"control","GNB_SVN",-0.423675771573556,1.23045029675192,17,NA,NA,NA
"control","GNQ_COL",0.486334438727822,0.783588710768422,11,NA,NA,NA
"control","GNQ_MAR",0.0559680703933181,1.46699378933179,22,NA,NA,NA
"control","GNQ_SWE",0.0996046333314134,0.77095905123036,14,NA,NA,NA
"control","GNQ_TGO",-0.186271973603038,0.949835435075093,14,NA,NA,NA
"control","GRC_KGZ",0.388055955722474,1.14310186792179,26,NA,NA,NA
"control","GRC_MHL",0.0669794638985013,0.833692494267522,26,NA,NA,NA
"control","GRC_MNG",-0.248098895952099,0.947925823297196,26,NA,NA,NA
"control","GRC_SWZ",-0.491531821233137,0.982255775945469,12,NA,NA,NA
"control","GRD_GIN",-0.242499250953274,0.945259346422522,9,NA,NA,NA
"control","GRD_PER",0.0482208189089209,1.07630243559615,13,NA,NA,NA
"control","GRD_SVK",-0.71517473106692,1.43392077968054,9,NA,NA,NA
"control","GRD_SVN",-0.322430494447336,1.30030711251648,13,NA,NA,NA
"control","GRD_UGA",0.299951783525098,1.08220626201366,14,NA,NA,NA
"control","GRD_ZAF",-0.0646611421074116,0.799785392661542,25,NA,NA,NA
"control","GTM_BRN",0.324815030457447,0.963769195237354,15,NA,NA,NA
"control","GTM_LVA",-0.303726908178724,1.669387190515,16,NA,NA,NA
"control","GTM_MAC",0.0549807723757273,0.96163729231235,18,NA,NA,NA
"control","GTM_SVK",0.010066950901116,0.92813275893127,18,NA,NA,NA
"control","GUY_CRI",0.181867931004573,1.10124477723047,24,NA,NA,NA
"control","GUY_POL",-0.0668540880368017,0.359474582433882,12,NA,NA,NA
"control","GUY_SVK",-0.176175461199287,0.469732371461032,11,NA,NA,NA
"control","GUY_SVN",-0.477787554791572,0.613256141116986,12,NA,NA,NA
"control","GUY_SYC",0.198836401779069,0.307059722182161,10,NA,NA,NA
"control","HND_ABW",0.0130172433004269,1.66831803784428,20,NA,NA,NA
"control","HND_ANT",0.0341887458566647,1.22746139292504,14,NA,NA,NA
"control","HND_BRB",0.223452666649663,1.16003078414181,26,NA,NA,NA
"control","HND_CYM",-0.218181163212466,1.26578079485643,8,NA,NA,NA
"control","HND_LKA",-0.0519573384682402,0.763058319154461,20,NA,NA,NA
"control","HND_LVA",-0.00503077021189711,0.676594692643015,16,NA,NA,NA
"control","HND_MKD",-0.00895054090978488,1.15595234176873,22,NA,NA,NA
"control","HND_MSR",0.040734088551628,0.793341643893849,9,NA,NA,NA
"control","HND_MUS",0.0484303853651704,1.2317253553426,24,NA,NA,NA
"control","HND_SVK",0.186584118137863,1.10847410846512,18,NA,NA,NA
"control","HND_TGO",-0.438840289887799,0.928090932913133,15,NA,NA,NA
"control","HND_UGA",0.146334794449972,0.893748493570169,15,NA,NA,NA
"control","HND_URY",0.249890250849058,0.862190814275037,26,NA,NA,NA
"control","HND_YEM",0.128159278423518,0.530813074730991,10,NA,NA,NA
"control","HRV_AZE",0.271337272294924,0.805021249824599,26,NA,NA,NA
"control","HRV_BLZ",-0.0544624182343126,0.633149993705907,16,NA,NA,NA
"control","HRV_BWA",-0.492735151405411,1.16860525701374,11,NA,NA,NA
"control","HRV_CPV",-0.588183068687126,0.481805341584764,10,NA,NA,NA
"control","HRV_ERI",0.0332812872120502,1.22658777857314,21,NA,NA,NA
"control","HRV_GRL",1.09003067600108,1.24157077860455,9,NA,NA,NA
"control","HRV_MDA",0.473952105982452,0.609127365030017,9,NA,NA,NA
"control","HRV_PRY",-0.201431450982743,0.95260385394617,25,NA,NA,NA
"control","HRV_SLB",0.340497802542095,0.792005307106483,8,NA,NA,NA
"control","HRV_SOM",-0.0496049741138703,0.773129279717249,18,NA,NA,NA
"control","HRV_SUR",0.175477934524476,0.68329603779688,17,NA,NA,NA
"control","HRV_VGB",-0.134699093861455,0.597770267788749,17,NA,NA,NA
"control","HRV_VNM",0.638282054758033,1.1268576031787,26,NA,NA,NA
"control","HRV_VUT",-0.153075605735178,0.402140743841599,13,NA,NA,NA
"control","HTI_NIC",-0.0684660867694375,1.08050921368914,22,NA,NA,NA
"control","HUN_BTN",-0.274342833167949,1.04540433802653,17,NA,NA,NA
"control","IDN_BTN",-0.00456337414620877,0.655018565655315,23,NA,NA,NA
"control","IDN_GRL",0.0979822823076756,1.53212032008702,23,NA,NA,NA
"control","IDN_LTU",-0.00350059445529553,0.896573097265244,26,NA,NA,NA
"control","IDN_LVA",-0.0332854534635741,0.857661156077807,26,NA,NA,NA
"control","IDN_MDA",0.0997994405583735,0.790018484580656,26,NA,NA,NA
"control","IDN_MKD",0.207639998785761,0.890452474739657,26,NA,NA,NA
"control","IDN_NPL",-0.159070469345873,1.50965616446913,24,NA,NA,NA
"control","IDN_SVK",0.0950523605603923,1.33109909345471,26,NA,NA,NA
"control","IDN_TCD",0.107634154205132,0.874908707253961,25,NA,NA,NA
"control","IND_MKD",-0.240021004960511,0.652511586014173,26,NA,NA,NA
"control","IOT_CAN",-0.0359063267855496,0.944323591096178,25,NA,NA,NA
"control","IOT_UGA",0.375517763062464,0.948661312178606,8,NA,NA,NA
"control","IRL_ARM",0.346257195102859,1.02434180471116,22,NA,NA,NA
"control","IRN_GRL",-0.00804502085764136,0.782269800288866,20,NA,NA,NA
"control","IRN_LTU",0.0939658524428031,0.690396376696901,26,NA,NA,NA
"control","IRN_LVA",-0.0574400520573909,0.640102981961965,25,NA,NA,NA
"control","IRN_MDA",0.112822602148862,0.690255260586853,26,NA,NA,NA
"control","IRN_MKD",-0.300680985758598,0.981096393394774,26,NA,NA,NA
"control","IRN_MWI",-0.173756186075244,0.858976924572807,24,NA,NA,NA
"control","IRN_NPL",-0.328927636547239,1.17893503120826,22,NA,NA,NA
"control","IRN_SVK",-0.379952902434848,1.03881231749146,26,NA,NA,NA
"control","IRN_TGO",0.0538673822164868,0.811125661898446,26,NA,NA,NA
"control","IRN_UGA",-0.124276648463445,1.59692841881349,26,NA,NA,NA
"control","IRN_VCT",0.115141645155589,1.28072044166216,21,NA,NA,NA
"control","IRQ_CZE",0.0167503474176277,1.18543898460873,24,NA,NA,NA
"control","IRQ_NPL",-0.291039476021415,1.60419073807409,14,NA,NA,NA
"control","IRQ_PRY",-0.655843928294859,1.65781622869132,8,NA,NA,NA
"control","IRQ_SLV",0.333641025217448,0.748242051004454,9,NA,NA,NA
"control","ISL_AND",-0.119546531894451,1.00071952596329,25,NA,NA,NA
"control","ISL_BLZ",0.250822759945355,1.66252972679059,22,NA,NA,NA
"control","ISL_CRI",0.0390617207653155,0.57077978642075,19,NA,NA,NA
"control","ISL_KAZ",-0.0864157456871558,0.71504931418748,24,NA,NA,NA
"control","ISL_NIC",0.0705648362706756,0.486645086417679,25,NA,NA,NA
"control","ISL_PYF",-0.0371802799931249,1.28081200889506,25,NA,NA,NA
"control","ISL_TGO",0.0398661216969254,1.23847746018823,20,NA,NA,NA
"control","ISL_UGA",0.05060290620522,1.63454598892048,26,NA,NA,NA
"control","ISL_VNM",-0.0814091540502634,0.715772322770125,21,NA,NA,NA
"control","ISR_GRL",0.295885881463854,1.54994528538884,22,NA,NA,NA
"control","ISR_JOR",-0.104091995309201,1.30781837388498,26,NA,NA,NA
"control","ISR_LVA",-0.222948341972464,1.16387983798419,9,NA,NA,NA
"control","ISR_MAR",-0.180287278737105,0.905299912806438,26,NA,NA,NA
"control","ISR_MDA",0.288326011621167,0.565538390140244,26,NA,NA,NA
"control","ISR_MKD",0.19647985145645,0.864242599719907,26,NA,NA,NA
"control","ISR_NPL",-0.139389515841704,0.685940839558399,26,NA,NA,NA
"control","ISR_SLV",-0.070728522781035,1.04008733919247,26,NA,NA,NA
"control","ISR_TGO",-0.152264580686449,0.673742487361655,26,NA,NA,NA
"control","ISR_UGA",-0.144660290892253,0.817609565268216,26,NA,NA,NA
"control","ITA_CCK",0.347362897116767,0.966645720881491,16,NA,NA,NA
"control","ITA_COK",-0.251030396683127,1.04339153400797,23,NA,NA,NA
"control","ITA_ERI",-0.0462324253957799,1.87152575998917,26,NA,NA,NA
"control","ITA_ETH",0.226361370843683,0.966241156393965,26,NA,NA,NA
"control","ITA_GIB",0.0373493746815701,0.576818544067439,26,NA,NA,NA
"control","ITA_MNP",0.0151760367105939,0.563734955119268,26,NA,NA,NA
"control","ITA_SUR",0.300845676096122,1.12989612088372,13,NA,NA,NA
"control","ITA_TON",-0.0612478619708713,0.761523083809473,26,NA,NA,NA
"control","ITA_TUV",0.0430024442785946,1.21857093155959,23,NA,NA,NA
"control","ITA_VGB",-0.047988002259624,1.04002949122074,12,NA,NA,NA
"control","JAM_GRL",-0.136696925491796,0.267701245866377,20,NA,NA,NA
"control","JAM_JOR",0.707143604415585,1.11356930526929,19,NA,NA,NA
"control","JAM_LTU",-0.116072779899808,1.0017020776758,10,NA,NA,NA
"control","JAM_LVA",-0.249291820448167,1.28494347738469,9,NA,NA,NA
"control","JAM_SVK",-0.214869144093898,0.534578173611055,13,NA,NA,NA
"control","JAM_SYC",0.425459593345039,0.467725560749203,19,NA,NA,NA
"control","JAM_UGA",-0.290983721325063,0.439032881939462,26,NA,NA,NA
"control","JOR_AGO",0.0555698660611547,1.19007606473516,25,NA,NA,NA
"control","JOR_ALB",-0.000468796276808759,0.736354869642778,26,NA,NA,NA
"control","JOR_AZE",-0.000237346647029613,0.585683361344395,26,NA,NA,NA
"control","JOR_CAF",-0.0776857679872542,0.831503662369181,14,NA,NA,NA
"control","JOR_CIV",0.128801689304105,1.32734501429338,25,NA,NA,NA
"control","JOR_CMR",-0.0847322741548774,0.933178463409596,26,NA,NA,NA
"control","JOR_COM",0.149439412209171,0.906361698829641,13,NA,NA,NA
"control","JOR_ETH",0.0277793696596811,0.931963410817297,25,NA,NA,NA
"control","JOR_GAB",-0.227271387197527,1.28296306349058,25,NA,NA,NA
"control","JOR_GEO",0.264322944178607,0.581628349438212,22,NA,NA,NA
"control","JOR_GHA",0.0160768280410118,1.02438679157781,26,NA,NA,NA
"control","JOR_HRV",0.066566684225079,1.02785921869319,18,NA,NA,NA
"control","JOR_ISR",-0.391240058172276,0.703472126794372,26,NA,NA,NA
"control","JOR_KAZ",-0.607472510970813,1.02556867304799,24,NA,NA,NA
"control","JOR_MDA",-0.047175903831458,1.3790079763312,26,NA,NA,NA
"control","JOR_MLT",-0.474769705427577,0.839171349621508,9,NA,NA,NA
"control","JOR_MOZ",-0.132163875455474,1.18652123025523,25,NA,NA,NA
"control","JOR_MWI",-0.208734967689499,0.946649020639531,21,NA,NA,NA
"control","JOR_NGA",-0.223822992364072,0.459369102811504,26,NA,NA,NA
"control","JOR_NPL",-0.329680207175249,0.766853146036985,24,NA,NA,NA
"control","JOR_PAN",0.304658738683825,1.15891535500902,24,NA,NA,NA
"control","JOR_PHL",-0.0823904154436433,0.887469578262165,26,NA,NA,NA
"control","JOR_SEN",-0.133981800974854,0.943874195239424,25,NA,NA,NA
"control","JOR_SLE",-0.156699045480273,0.577902517358825,18,NA,NA,NA
"control","JOR_SOM",0.240120281615058,1.08581942098897,24,NA,NA,NA
"control","JOR_SVK",-0.181551517944211,1.87682300910083,9,NA,NA,NA
"control","JOR_SYC",0.151473057494772,0.616489307105195,15,NA,NA,NA
"control","JOR_TGO",-0.0681104493493877,0.906644647490871,21,NA,NA,NA
"control","JOR_TJK",-0.230655178022319,0.870930614377101,17,NA,NA,NA
"control","JOR_TKM",-0.0814533912470191,0.718449230812737,13,NA,NA,NA
"control","JOR_UZB",-0.385477394578506,1.03677761482448,20,NA,NA,NA
"control","JOR_VEN",0.0253551907211209,1.08411562615497,25,NA,NA,NA
"control","JOR_ZMB",-0.0204813583440996,1.19430650757947,23,NA,NA,NA
"control","JOR_ZWE",-0.322560167147349,0.864130654782844,23,NA,NA,NA
"control","JPN_BIH",0.180624892061033,0.754725904228491,25,NA,NA,NA
"control","JPN_PLW",-0.0732644918994456,0.820891138000226,26,NA,NA,NA
"control","KAZ_COL",0.0224064560733698,0.952073220837487,24,NA,NA,NA
"control","KAZ_CYP",-0.430111095410389,0.787218810689316,26,NA,NA,NA
"control","KAZ_IRL",0.102460449660743,1.63961612312518,26,NA,NA,NA
"control","KAZ_JOR",-0.253839867012257,1.08383775363491,25,NA,NA,NA
"control","KAZ_LVA",0.187905952992384,1.06280348108647,26,NA,NA,NA
"control","KAZ_MAR",0.111153119954746,1.16439225932697,26,NA,NA,NA
"control","KAZ_MKD",-0.0507787881254767,1.11352759178199,24,NA,NA,NA
"control","KAZ_OMN",0.168992268642477,0.965441364506256,23,NA,NA,NA
"control","KAZ_SGP",0.0722600799736237,0.791017971636695,26,NA,NA,NA
"control","KAZ_SVK",0.0589775643625844,0.790068694714513,26,NA,NA,NA
"control","KEN_CRI",0.145428755351514,0.868683671252614,26,NA,NA,NA
"control","KEN_ECU",-0.202636033527282,1.31727142666415,25,NA,NA,NA
"control","KEN_LVA",0.232096087212441,1.33502604034518,24,NA,NA,NA
"control","KEN_NPL",0.185071488051696,0.97739686917645,17,NA,NA,NA
"control","KEN_PER",-0.236061551040948,1.49818621739919,24,NA,NA,NA
"control","KEN_SVK",-0.475172238948719,0.783996645265454,26,NA,NA,NA
"control","KEN_URY",-0.00923945258681134,1.35586814116313,24,NA,NA,NA
"control","KGZ_CYP",0.0846616679997555,0.648087934738434,20,NA,NA,NA
"control","KGZ_LKA",-0.138327005067787,0.805517860183003,13,NA,NA,NA
"control","KGZ_LVA",0.005199591779494,0.669962589258608,26,NA,NA,NA
"control","KGZ_MKD",-0.554125801172861,0.912307795977902,21,NA,NA,NA
"control","KGZ_NZL",0.0836967150276161,0.537070603741864,17,NA,NA,NA
"control","KGZ_PER",0.226284713251039,0.674374545111118,19,NA,NA,NA
"control","KGZ_SVK",-0.10360835486857,1.02488159465144,26,NA,NA,NA
"control","KHM_BDI",0.117299033868163,0.783086771771869,15,NA,NA,NA
"control","KHM_BRA",0.19837551013182,0.715965113907734,26,NA,NA,NA
"control","KHM_COL",0.0184410856914831,1.30362987015357,23,NA,NA,NA
"control","KHM_GRL",0.03273362617591,0.725768710968881,21,NA,NA,NA
"control","KHM_ISL",-0.179824397229577,0.648063292360404,26,NA,NA,NA
"control","KHM_LVA",0.0436773011147668,0.986315304263138,22,NA,NA,NA
"control","KHM_MDA",0.541286608554739,0.963056802692727,21,NA,NA,NA
"control","KHM_MLT",-0.140675354961952,1.42599215788535,25,NA,NA,NA
"control","KHM_NPL",0.344600319251751,1.09002008347075,20,NA,NA,NA
"control","KHM_SLV",0.144192730777518,0.649845684903484,20,NA,NA,NA
"control","KHM_SVN",0.00315135713530435,0.888589082343533,26,NA,NA,NA
"control","KHM_TTO",-0.216674711006519,0.725745448402602,20,NA,NA,NA
"control","KHM_UGA",-0.274626968222165,0.913540273557471,18,NA,NA,NA
"control","KHM_URY",-0.204868465967368,1.41153003622734,25,NA,NA,NA
"control","KIR_CAN",0.190406071536357,0.882049492908794,25,NA,NA,NA
"control","KIR_GBR",-0.462158516283802,1.07220481861127,20,NA,NA,NA
"control","KNA_CRI",-0.0494417504127692,0.739643689780349,14,NA,NA,NA
"control","KNA_CYM",0.241835157076333,0.823033062326592,10,NA,NA,NA
"control","KNA_DNK",0.439583768426684,0.944244779086087,10,NA,NA,NA
"control","KNA_DOM",-0.288859207541693,1.00189591386225,21,NA,NA,NA
"control","KNA_ECU",0.054866967934233,1.08018203512132,10,NA,NA,NA
"control","KNA_ITA",-0.226114820829155,1.30513929503007,13,NA,NA,NA
"control","KNA_MEX",-0.0236282587496152,1.70063484664406,26,NA,NA,NA
"control","KNA_NIC",-0.266467547456914,1.41714062293161,10,NA,NA,NA
"control","KNA_NZL",-0.245962593871805,0.849213492745209,14,NA,NA,NA
"control","KOR_ERI",-0.215817493653803,0.896705931283069,26,NA,NA,NA
"control","KOR_PLW",-0.0536023524394596,1.26417795519404,26,NA,NA,NA
"control","KWT_ARG",-0.0975726382104315,1.66718573511934,25,NA,NA,NA
"control","KWT_CZE",-0.133607608111172,0.584741261046683,24,NA,NA,NA
"control","KWT_MLT",-0.213569091804116,1.02834947204876,26,NA,NA,NA
"control","KWT_MUS",0.0152916706922763,1.04813323035625,25,NA,NA,NA
"control","KWT_NPL",0.236528812527495,1.1119084717724,22,NA,NA,NA
"control","KWT_NZL",-0.0653192886901693,1.96749535700024,25,NA,NA,NA
"control","KWT_SVK",0.0595674335057149,0.732878283791894,24,NA,NA,NA
"control","KWT_SVN",-0.0565692533682217,1.43850415622408,26,NA,NA,NA
"control","KWT_TGO",-0.126714004400768,1.06799622209326,24,NA,NA,NA
"control","KWT_UGA",-0.152223630429501,1.04557226494482,26,NA,NA,NA
"control","KWT_VEN",0.0991125162498247,0.814524596260629,24,NA,NA,NA
"control","LAO_EGY",0.239128822846345,0.70043390480246,20,NA,NA,NA
"control","LAO_GRL",0.103096108912834,0.914695802951084,15,NA,NA,NA
"control","LAO_HND",0.0734734759609313,0.678939587857122,11,NA,NA,NA
"control","LAO_JOR",-0.0210698114230594,0.529471953289004,10,NA,NA,NA
"control","LAO_LTU",-0.0130751184139355,0.618587423056529,16,NA,NA,NA
"control","LAO_MKD",-0.0275768440018368,0.977722553634877,22,NA,NA,NA
"control","LAO_PER",-0.236200831207581,0.453413606400222,22,NA,NA,NA
"control","LAO_ROU",-0.161825269559933,1.27765741399207,23,NA,NA,NA
"control","LAO_SVK",0.225144977740777,0.880846868416492,24,NA,NA,NA
"control","LAO_SVN",0.0106909134351013,1.34499249326637,26,NA,NA,NA
"control","LBN_BFA",-0.218130916239514,0.903663919884054,26,NA,NA,NA
"control","LBN_HND",-0.00635846889639043,1.26014371236151,26,NA,NA,NA
"control","LBN_LTU",-0.366902618350815,1.60271590352706,9,NA,NA,NA
"control","LBN_MDA",-0.0409080246017837,1.16316789446798,26,NA,NA,NA
"control","LBN_MKD",-0.0428044118620242,0.70966492115559,26,NA,NA,NA
"control","LBN_MUS",0.0257628130742823,0.834609507031467,25,NA,NA,NA
"control","LBN_SLV",-0.0549806420509215,0.50809031810928,20,NA,NA,NA
"control","LBN_SVK",0.432451170698257,1.16933687131172,9,NA,NA,NA
"control","LBN_TGO",0.0934833372877437,1.27972737743369,26,NA,NA,NA
"control","LBN_UGA",-0.0916734618927568,1.69510031580389,26,NA,NA,NA
"control","LBN_URY",0.202082995842667,0.607346770596157,26,NA,NA,NA
"control","LBR_CHL",-0.277735597769395,0.776303511414013,16,NA,NA,NA
"control","LBR_CZE",-0.157615240771621,0.96514779990598,22,NA,NA,NA
"control","LBR_DZA",-0.218505897753985,0.703944304322034,21,NA,NA,NA
"control","LBR_ZAF",0.0181685985778723,1.26559932603783,23,NA,NA,NA
"control","LBY_HND",-0.115678072575362,0.705615419142862,10,NA,NA,NA
"control","LBY_MKD",0.31749485533107,1.027820910733,15,NA,NA,NA
"control","LBY_SVK",0.0902938918109134,0.657762274107879,22,NA,NA,NA
"control","LBY_TGO",-0.371956784546303,1.0466629459946,19,NA,NA,NA
"control","LCA_IND",-0.0942766222622564,0.598076552073255,26,NA,NA,NA
"control","LCA_NZL",-0.0140424193932016,1.28966676863224,17,NA,NA,NA
"control","LCA_PRK",-0.190987114849278,0.987634866976779,9,NA,NA,NA
"control","LCA_SGP",0.0954790357508676,0.805628650551073,18,NA,NA,NA
"control","LKA_BFA",0.419232721405716,0.981862207629786,26,NA,NA,NA
"control","LKA_COD",-0.0479630711068357,1.08752181673321,19,NA,NA,NA
"control","LKA_DOM",-0.113762040762427,1.35955297539309,23,NA,NA,NA
"control","LKA_GEO",0.0839479144279034,1.07234550722268,25,NA,NA,NA
"control","LKA_GRL",0.227000885054784,0.672011813629658,24,NA,NA,NA
"control","LKA_MKD",-0.0396854685694897,0.658583535944273,26,NA,NA,NA
"control","LKA_NER",-0.180646495617107,1.49980712294232,25,NA,NA,NA
"control","LKA_SVK",-0.485958360398264,1.09573072268897,26,NA,NA,NA
"control","LKA_TKM",0.0253669100865062,1.12770083960384,22,NA,NA,NA
"control","LSO_THA",-0.172306881692516,0.714461915622061,18,NA,NA,NA
"control","LTU_AFG",0.296154174307513,1.16760847098972,25,NA,NA,NA
"control","LTU_ARG",-0.277118558374955,0.740506076198228,26,NA,NA,NA
"control","LTU_ARM",0.124194887469843,1.40307379850617,23,NA,NA,NA
"control","LTU_BDI",-0.12222740006238,1.07214469717994,9,NA,NA,NA
"control","LTU_BEN",-0.307877898814299,0.569262640715123,20,NA,NA,NA
"control","LTU_BGD",0.246547016595773,1.34340415445693,25,NA,NA,NA
"control","LTU_BIH",-0.237146468379767,0.632909237025052,13,NA,NA,NA
"control","LTU_BRA",0.0111313257685965,1.16210371984206,26,NA,NA,NA
"control","LTU_BRB",0.279404980374323,0.752579148736214,8,NA,NA,NA
"control","LTU_CHL",0.114687295996771,0.74877183089967,9,NA,NA,NA
"control","LTU_CIV",0.0704554701115303,1.15606105077015,17,NA,NA,NA
"control","LTU_CRI",-0.00845206512294883,0.758677807346903,15,NA,NA,NA
"control","LTU_CUB",0.0549537488182918,1.19761043020377,26,NA,NA,NA
"control","LTU_DJI",0.0226507594866433,1.30695974184265,17,NA,NA,NA
"control","LTU_ECU",-0.102573271046736,0.911270023957092,21,NA,NA,NA
"control","LTU_EGY",-0.0117271569317529,0.510889085808532,9,NA,NA,NA
"control","LTU_ETH",0.0547546775002165,1.12893186298483,20,NA,NA,NA
"control","LTU_GIN",-0.135330408853238,0.82334660668527,23,NA,NA,NA
"control","LTU_GNB",0.199435896423451,1.34448789554951,11,NA,NA,NA
"control","LTU_GRL",0.485782132775963,0.282432813094915,8,NA,NA,NA
"control","LTU_IDN",-0.207968974929666,0.655051281894745,26,NA,NA,NA
"control","LTU_IND",-0.240973045173125,0.910074264215337,26,NA,NA,NA
"control","LTU_IRN",-0.226321867393404,1.01254020535967,26,NA,NA,NA
"control","LTU_ISR",-0.208590297127237,1.26443104626304,9,NA,NA,NA
"control","LTU_KHM",0.527174286396526,1.11666181509291,20,NA,NA,NA
"control","LTU_LAO",-0.145656809923907,1.51244831244368,11,NA,NA,NA
"control","LTU_MKD",-0.0640473391684887,0.45599502130402,9,NA,NA,NA
"control","LTU_MLI",0.129879398276874,0.642464531844479,23,NA,NA,NA
"control","LTU_MLT",-0.173098364213235,0.421904150671072,9,NA,NA,NA
"control","LTU_MNG",-0.235395438100487,1.28939227321575,26,NA,NA,NA
"control","LTU_MRT",-0.349865137328552,0.836149436972482,26,NA,NA,NA
"control","LTU_MYS",-0.370059993226388,1.05970575497505,26,NA,NA,NA
"control","LTU_NER",0.218676994138578,1.42772492312533,20,NA,NA,NA
"control","LTU_NGA",-0.00654395912787364,0.972977522563454,25,NA,NA,NA
"control","LTU_NIC",-0.412568432423163,1.03393943182398,18,NA,NA,NA
"control","LTU_NZL",-0.105290234222746,0.804342900029317,26,NA,NA,NA
"control","LTU_OMN",0.0256189029564537,0.555997541768135,24,NA,NA,NA
"control","LTU_PAK",-0.161610698037646,0.946371999193165,26,NA,NA,NA
"control","LTU_PAN",-0.0523286878604505,1.11526877776815,18,NA,NA,NA
"control","LTU_PER",0.103051431162118,0.814145622163941,18,NA,NA,NA
"control","LTU_PHL",-0.256764181659549,1.43957195356776,26,NA,NA,NA
"control","LTU_PRK",0.0975732815121428,1.39198686653752,11,NA,NA,NA
"control","LTU_QAT",0.18461698826394,0.955610224281605,23,NA,NA,NA
"control","LTU_SEN",0.172471379396096,1.38819384962231,22,NA,NA,NA
"control","LTU_SGP",0.229558719863157,1.02228767629273,24,NA,NA,NA
"control","LTU_SLV",-0.278127135399741,0.484088006686509,13,NA,NA,NA
"control","LTU_SYR",-0.0183763226481923,1.02717934807244,8,NA,NA,NA
"control","LTU_TTO",-0.173332803004491,0.288507226250428,9,NA,NA,NA
"control","LTU_TUN",0.510623632134473,0.564903400933382,9,NA,NA,NA
"control","LTU_TWN",-0.0613972632294148,0.9162415029488,26,NA,NA,NA
"control","LTU_UGA",-0.281059556528283,1.16117816109573,19,NA,NA,NA
"control","LTU_URY",-0.192179641228171,1.41483244085673,25,NA,NA,NA
"control","LTU_VEN",-0.0987615872213578,1.56770588616602,26,NA,NA,NA
"control","LTU_VGB",0.333221684168872,0.838156968829887,11,NA,NA,NA
"control","LTU_VNM",0.122485708777807,1.53637777780807,26,NA,NA,NA
"control","LVA_AFG",0.13298978405944,1.05153377276169,26,NA,NA,NA
"control","LVA_ALB",-0.532156146191718,0.734412684300682,9,NA,NA,NA
"control","LVA_ARG",-0.0371556755047571,0.808931390836689,26,NA,NA,NA
"control","LVA_ARM",-0.0514167764937651,1.17950580031151,23,NA,NA,NA
"control","LVA_AZE",0.183253727844386,0.702327864041039,26,NA,NA,NA
"control","LVA_BHS",-0.0418568125143254,1.66284948979364,12,NA,NA,NA
"control","LVA_BLR",-0.13871181842292,1.65929880533629,26,NA,NA,NA
"control","LVA_BRB",0.320861746130074,0.616644923896944,9,NA,NA,NA
"control","LVA_CHL",-0.403784540369741,1.62669079118759,9,NA,NA,NA
"control","LVA_COD",0.142711092635991,0.957933525055933,15,NA,NA,NA
"control","LVA_CRI",0.138302789676318,1.19461383960024,15,NA,NA,NA
"control","LVA_CUB",-0.18599017400498,1.12249789692097,25,NA,NA,NA
"control","LVA_ECU",0.352876288940916,0.652395501256517,20,NA,NA,NA
"control","LVA_EGY",0.293469659524167,1.27090275096196,9,NA,NA,NA
"control","LVA_GEO",0.666509197739878,1.39671829086664,19,NA,NA,NA
"control","LVA_GNB",0.2091479202768,1.1955603618795,13,NA,NA,NA
"control","LVA_GRL",-0.238853305546414,0.704432823729681,8,NA,NA,NA
"control","LVA_HND",-0.476356468659757,1.01928922832446,16,NA,NA,NA
"control","LVA_IDN",0.183961610297557,1.04188533511717,26,NA,NA,NA
"control","LVA_IRN",0.0700804654145656,0.669364032237087,26,NA,NA,NA
"control","LVA_ISR",0.0517500466890423,0.8482216687767,9,NA,NA,NA
"control","LVA_JOR",-0.345426049524671,1.38817106616752,8,NA,NA,NA
"control","LVA_KAZ",-0.163245514687089,0.842768368841261,26,NA,NA,NA
"control","LVA_KGZ",0.181904595127496,1.54279800507548,26,NA,NA,NA
"control","LVA_LBN",0.0949685724028784,0.714768644208673,9,NA,NA,NA
"control","LVA_LBR",-0.130358016871663,1.17436721181962,25,NA,NA,NA
"control","LVA_MAR",-0.232663739403436,1.49680644505062,9,NA,NA,NA
"control","LVA_MDA",-0.278571687535205,0.898496446609155,19,NA,NA,NA
"control","LVA_MEX",0.540762173833411,1.02272887488343,9,NA,NA,NA
"control","LVA_MLT",0.0102902250998223,0.827404777270895,9,NA,NA,NA
"control","LVA_MNG",-0.0512987430610074,0.762518751941434,26,NA,NA,NA
"control","LVA_NER",-0.274391039281823,0.478160856640233,15,NA,NA,NA
"control","LVA_NGA",0.232184925977634,0.923399265299541,25,NA,NA,NA
"control","LVA_NIC",0.0754848220952283,1.13750971979743,15,NA,NA,NA
"control","LVA_PAN",-0.22819908569545,0.903545798706605,18,NA,NA,NA
"control","LVA_PER",-0.279754827209476,1.18234289964593,18,NA,NA,NA
"control","LVA_PRK",-0.598426705488271,0.831168489941324,10,NA,NA,NA
"control","LVA_RUS",-0.196410357814364,0.473285857389151,26,NA,NA,NA
"control","LVA_SDN",0.232320810453011,1.30051382691737,22,NA,NA,NA
"control","LVA_SGP",0.0647361981965269,1.14127582729817,24,NA,NA,NA
"control","LVA_SLE",0.181786757187961,1.27262426324556,16,NA,NA,NA
"control","LVA_THA",-0.0655359199537012,0.749469147346811,26,NA,NA,NA
"control","LVA_TJK",-0.122211956604508,1.73001788738509,26,NA,NA,NA
"control","LVA_TKM",-0.168547560216136,1.72746126880022,26,NA,NA,NA
"control","LVA_TUN",-0.270002443669396,0.958386575816633,9,NA,NA,NA
"control","LVA_TWN",0.0805365693822621,0.82304680728595,26,NA,NA,NA
"control","LVA_TZA",-0.0593334316987719,0.585957109176687,23,NA,NA,NA
"control","LVA_UKR",0.202868840933406,0.447749088130231,19,NA,NA,NA
"control","LVA_URY",0.0396046677999614,0.844522960643647,24,NA,NA,NA
"control","LVA_UZB",0.376776971106908,1.14178358069131,26,NA,NA,NA
"control","LVA_VEN",-0.0491598478078959,1.29300434850245,24,NA,NA,NA
"control","LVA_VNM",0.261300206069221,1.23718593289013,26,NA,NA,NA
"control","LVA_YEM",0.0706615650556917,0.886897781675189,26,NA,NA,NA
"control","MAC_GRL",-0.410911404474396,0.848020579992821,18,NA,NA,NA
"control","MAC_HRV",0.455281305895821,1.41078090656117,26,NA,NA,NA
"control","MAC_MKD",-0.144047515296058,1.04285443727207,24,NA,NA,NA
"control","MAC_MNG",-0.0670490094539492,1.98791922107098,10,NA,NA,NA
"control","MAC_SVK",-0.4117107822793,0.889029840396047,26,NA,NA,NA
"control","MAC_SVN",-0.34830556784165,1.30991032844771,26,NA,NA,NA
"control","MAC_SYC",-0.361471479453908,0.845863028665726,12,NA,NA,NA
"control","MAC_UKR",-0.0775112303807864,1.35367727865158,26,NA,NA,NA
"control","MAR_BLR",-0.327285743642873,0.8193329090253,24,NA,NA,NA
"control","MAR_BRB",-0.091115449494192,1.12374044621608,24,NA,NA,NA
"control","MAR_BRN",0.00585516986819351,1.01354928728512,22,NA,NA,NA
"control","MAR_CPV",-0.0557977683699713,0.826825419913742,26,NA,NA,NA
"control","MAR_GRD",-0.389347545346264,0.864798430202055,20,NA,NA,NA
"control","MAR_LCA",0.156268817344044,0.804560002153631,19,NA,NA,NA
"control","MAR_LTU",-0.401262117345873,0.3867215686292,9,NA,NA,NA
"control","MAR_LVA",0.106206306481639,0.814853353028597,8,NA,NA,NA
"control","MAR_MKD",-0.0652571982405648,0.764882109852634,26,NA,NA,NA
"control","MAR_PYF",0.062330020479157,1.35643121773236,25,NA,NA,NA
"control","MAR_UGA",-0.151690625416173,1.39399764958759,24,NA,NA,NA
"control","MDA_AFG",-0.154908388131575,0.978319205516305,16,NA,NA,NA
"control","MDA_AGO",0.000629053459752166,1.19898223664483,20,NA,NA,NA
"control","MDA_ALB",-0.268156282600421,0.892277183528834,9,NA,NA,NA
"control","MDA_AUT",-0.215985123203918,2.2442844254114,19,NA,NA,NA
"control","MDA_BLR",-0.129861957362706,0.634823562886082,17,NA,NA,NA
"control","MDA_COL",-0.142926716086208,0.959084274882179,26,NA,NA,NA
"control","MDA_DZA",0.152637358834956,0.98459103663614,24,NA,NA,NA
"control","MDA_EGY",0.30539701837786,0.690794868285697,26,NA,NA,NA
"control","MDA_EST",0.560724793907607,0.938505439793871,19,NA,NA,NA
"control","MDA_GEO",-0.15749042060939,0.871823390282487,8,NA,NA,NA
"control","MDA_IND",0.0749021880557292,1.15871166168383,26,NA,NA,NA
"control","MDA_ISR",0.414518829379096,0.952666597132385,26,NA,NA,NA
"control","MDA_JOR",-0.124043666401545,1.19067542774774,26,NA,NA,NA
"control","MDA_LBN",-0.25460046853521,0.847463390756096,26,NA,NA,NA
"control","MDA_LKA",0.108778872715678,0.595356149872274,15,NA,NA,NA
"control","MDA_LVA",-0.263939719120648,1.3934555095048,19,NA,NA,NA
"control","MDA_MAR",0.0462645079902433,0.8202681056819,24,NA,NA,NA
"control","MDA_MKD",-0.359684418151459,0.407142268893044,9,NA,NA,NA
"control","MDA_NGA",-0.199082863232111,1.29554701750404,17,NA,NA,NA
"control","MDA_OMN",-0.155369402058132,0.890313060217875,8,NA,NA,NA
"control","MDA_PAN",-0.517168481206238,0.86006290583273,17,NA,NA,NA
"control","MDA_SVK",-0.535122986684939,1.68390733796743,19,NA,NA,NA
"control","MDA_SYR",0.087761411021845,1.06952587190987,25,NA,NA,NA
"control","MDA_TKM",-0.116561981484794,0.707479496666986,25,NA,NA,NA
"control","MDA_UGA",0.186602043453561,1.35578805085843,17,NA,NA,NA
"control","MDA_UKR",0.516726167217575,0.352427905583525,8,NA,NA,NA
"control","MDA_VNM",0.0397154230255214,0.940813529482241,25,NA,NA,NA
"control","MDG_BLZ",0.409988784801694,0.819987403946071,8,NA,NA,NA
"control","MDG_CRI",-0.191403290846064,0.939536149753117,23,NA,NA,NA
"control","MDG_LCA",-0.347896421298323,0.501757478572265,9,NA,NA,NA
"control","MDG_LVA",0.465293554652692,1.50105661819521,14,NA,NA,NA
"control","MDG_MKD",-0.250609192733828,1.2527086786598,19,NA,NA,NA
"control","MDG_NPL",-0.210329265969269,1.10632278542874,12,NA,NA,NA
"control","MDG_SVK",0.16535541508134,0.50871068942029,17,NA,NA,NA
"control","MDG_URY",0.0698690738615643,1.17621014735257,26,NA,NA,NA
"control","MDV_CZE",0.0513364732042081,0.47193624922973,24,NA,NA,NA
"control","MDV_FRA",-0.222617666505631,0.913038211076038,26,NA,NA,NA
"control","MDV_IDN",0.250759901749491,0.964053552956082,24,NA,NA,NA
"control","MDV_MAR",0.261548804144583,0.998967162802659,18,NA,NA,NA
"control","MDV_SVN",0.143216654222223,1.1231211055372,23,NA,NA,NA
"control","MDV_TUN",0.0928436896793946,1.04842236371184,22,NA,NA,NA
"control","MEX_EST",-0.103879787605549,1.46280468222511,9,NA,NA,NA
"control","MEX_LAO",-0.130012403928472,1.42252533202335,19,NA,NA,NA
"control","MEX_LTU",-0.254679241989346,0.525071747226232,9,NA,NA,NA
"control","MEX_LVA",0.10582672500375,0.2998537469699,9,NA,NA,NA
"control","MEX_MKD",-0.182320463691083,1.13206832898618,26,NA,NA,NA
"control","MEX_MLI",0.17570743202552,0.55532870215911,22,NA,NA,NA
"control","MEX_SVK",0.256972420413022,0.982185367337471,9,NA,NA,NA
"control","MEX_SYC",0.255328987790476,0.784664337138843,25,NA,NA,NA
"control","MHL_CYP",-0.0228358179161852,0.415437070045968,12,NA,NA,NA
"control","MHL_GBR",-0.028524506901942,0.974705209008932,26,NA,NA,NA
"control","MKD_AFG",0.225354385020107,0.68658797740729,17,NA,NA,NA
"control","MKD_ARM",-0.261708903752343,0.516919255959699,23,NA,NA,NA
"control","MKD_AZE",0.00899547566479945,0.727403575496501,25,NA,NA,NA
"control","MKD_BFA",-0.137716867897262,0.90742249913065,8,NA,NA,NA
"control","MKD_BLR",-0.168707503012093,1.62555646073005,26,NA,NA,NA
"control","MKD_CAN",-0.0223472204245317,0.706531158533272,26,NA,NA,NA
"control","MKD_CHL",-0.159112786472584,0.780445548426542,21,NA,NA,NA
"control","MKD_CMR",-0.237536826453202,1.3984430987519,12,NA,NA,NA
"control","MKD_COL",0.318938644258847,1.34615152597472,23,NA,NA,NA
"control","MKD_CYP",0.370444194358879,1.02377115525658,9,NA,NA,NA
"control","MKD_CZE",-0.00361677885399698,0.628457319739329,9,NA,NA,NA
"control","MKD_DZA",-0.133073230345346,1.02006699084226,20,NA,NA,NA
"control","MKD_EST",0.117978322815146,0.792109877151987,9,NA,NA,NA
"control","MKD_ETH",-0.431998796993131,1.27164361308556,10,NA,NA,NA
"control","MKD_GEO",0.0192475459729811,0.805744796454266,26,NA,NA,NA
"control","MKD_GRL",0.478169958832295,0.313716716556461,16,NA,NA,NA
"control","MKD_GTM",-0.149652020541565,0.598408572125128,14,NA,NA,NA
"control","MKD_IDN",-0.0340829510196618,0.532043732000215,25,NA,NA,NA
"control","MKD_IRN",0.0772698673233691,1.24335181905897,26,NA,NA,NA
"control","MKD_IRQ",0.0631516810919385,1.09587771967805,20,NA,NA,NA
"control","MKD_ISR",-0.0143345523395341,0.897885182831143,26,NA,NA,NA
"control","MKD_JOR",0.0635819494125756,1.09502071821317,26,NA,NA,NA
"control","MKD_KAZ",-0.145590506394687,0.98514997215877,26,NA,NA,NA
"control","MKD_KGZ",0.120692532637193,1.12933612749633,22,NA,NA,NA
"control","MKD_KWT",-0.0624326297491173,1.63096397508512,24,NA,NA,NA
"control","MKD_LBN",-0.114115142464085,0.829171062941472,26,NA,NA,NA
"control","MKD_LBY",0.025697191573326,1.15120737736415,25,NA,NA,NA
"control","MKD_LTU",0.325823556116726,0.843357433731827,9,NA,NA,NA
"control","MKD_LVA",0.254289117688845,0.704605090095961,9,NA,NA,NA
"control","MKD_MDA",0.0917033039291283,0.112947630050303,9,NA,NA,NA
"control","MKD_MDG",-0.656400055260656,0.873075208534722,12,NA,NA,NA
"control","MKD_MEX",0.165493691229498,0.576461296439573,26,NA,NA,NA
"control","MKD_MNG",0.351890417772779,0.942336822324584,10,NA,NA,NA
"control","MKD_MOZ",-1.11267619020818,0.39976058944356,8,NA,NA,NA
"control","MKD_NGA",0.171838155899276,0.86909082944056,25,NA,NA,NA
"control","MKD_PAK",0.128552665599781,1.05449231429596,25,NA,NA,NA
"control","MKD_PAN",-0.152054955315749,1.11927848206874,16,NA,NA,NA
"control","MKD_PYF",0.0140501356582678,0.844037739116065,23,NA,NA,NA
"control","MKD_QAT",-0.113802630905961,0.264749969629804,16,NA,NA,NA
"control","MKD_RUS",-0.264016250731114,0.928108582053657,26,NA,NA,NA
"control","MKD_SAU",0.300902946570681,0.719462031970054,26,NA,NA,NA
"control","MKD_SGP",0.173025535493311,0.785141586951645,24,NA,NA,NA
"control","MKD_SVK",-0.227354316515094,1.67543468500641,9,NA,NA,NA
"control","MKD_SYC",0.0388862654433872,1.7577704696624,15,NA,NA,NA
"control","MKD_SYR",-0.238176283719559,1.27860506698328,22,NA,NA,NA
"control","MKD_THA",0.259299892703747,0.705386554960161,22,NA,NA,NA
"control","MKD_TKM",0.114310824069606,0.528463929708827,13,NA,NA,NA
"control","MKD_TUN",0.0126928283868323,0.659073051226357,23,NA,NA,NA
"control","MKD_TWN",-0.174695101179258,1.08991127346108,25,NA,NA,NA
"control","MKD_UGA",-0.100894078409874,0.698438760348359,15,NA,NA,NA
"control","MKD_URY",-0.0142040074732382,0.798782191869861,18,NA,NA,NA
"control","MKD_UZB",0.116597190047331,0.964167899248502,15,NA,NA,NA
"control","MKD_VEN",-0.37018759649353,0.51075978430806,11,NA,NA,NA
"control","MLI_LTU",-0.264155376457266,0.711336550326091,16,NA,NA,NA
"control","MLI_MLT",0.358000335538401,0.842915525753205,18,NA,NA,NA
"control","MLI_PHL",0.0474926275593999,0.697916668260117,24,NA,NA,NA
"control","MLI_POL",0.178945226067993,1.18906349037906,25,NA,NA,NA
"control","MLI_SVK",0.302428944571376,0.868540278720693,25,NA,NA,NA
"control","MLI_SVN",0.0175107118254409,1.18371143082016,25,NA,NA,NA
"control","MLI_UGA",-0.230279869853117,0.548130791497626,25,NA,NA,NA
"control","MLT_ALB",0.317003681520727,1.69869786878546,11,NA,NA,NA
"control","MLT_AZE",0.0112043270088496,1.19624380037644,23,NA,NA,NA
"control","MLT_BGR",-0.018234276643409,1.74493223317826,9,NA,NA,NA
"control","MLT_BHS",0.344300000716613,1.65244983488481,9,NA,NA,NA
"control","MLT_CIV",0.0628372708118919,0.943311079004983,21,NA,NA,NA
"control","MLT_CMR",-0.00683781056212769,1.93734507817155,19,NA,NA,NA
"control","MLT_CRI",-0.406915139293479,0.470167853345384,18,NA,NA,NA
"control","MLT_CUB",-0.019360779882624,0.887526648760714,9,NA,NA,NA
"control","MLT_DMA",0.54198400200082,1.04152039547263,10,NA,NA,NA
"control","MLT_GEO",-0.0681614525572103,1.01727858994158,18,NA,NA,NA
"control","MLT_GHA",-0.395736827626931,0.686264977393777,21,NA,NA,NA
"control","MLT_GMB",-0.289788596596809,1.17309382521124,25,NA,NA,NA
"control","MLT_GTM",-0.160679801196648,1.4322787811312,17,NA,NA,NA
"control","MLT_HND",0.338808102241857,1.59774760206365,14,NA,NA,NA
"control","MLT_IRN",-0.154379499925601,0.887363473479823,26,NA,NA,NA
"control","MLT_ISR",-0.271490818908775,0.368378871958821,9,NA,NA,NA
"control","MLT_JOR",0.645425217672763,0.831544066451497,9,NA,NA,NA
"control","MLT_KEN",0.0996319245487951,1.66934470721522,26,NA,NA,NA
"control","MLT_KGZ",-0.00944805945923748,1.079546345188,21,NA,NA,NA
"control","MLT_LBN",-0.235328016026568,1.18057227868516,9,NA,NA,NA
"control","MLT_LBR",0.0060691846632482,1.24482998503906,21,NA,NA,NA
"control","MLT_LTU",0.326179747861543,0.956513487160698,9,NA,NA,NA
"control","MLT_LVA",-0.780901712462149,0.815680984524929,9,NA,NA,NA
"control","MLT_MKD",-0.415529696248104,0.76931075763024,9,NA,NA,NA
"control","MLT_MLI",-0.0775231634925424,1.32617461940714,22,NA,NA,NA
"control","MLT_NER",0.306480030245841,1.77210023212126,26,NA,NA,NA
"control","MLT_NGA",0.196134491151087,0.691787748185964,26,NA,NA,NA
"control","MLT_NIC",-0.33242141422665,1.8223871030144,14,NA,NA,NA
"control","MLT_NPL",-0.206723325272831,0.785367611296949,24,NA,NA,NA
"control","MLT_PAK",-0.209933566027431,0.8528967435807,26,NA,NA,NA
"control","MLT_POL",0.163651429779645,0.535418544542832,9,NA,NA,NA
"control","MLT_SDN",0.323764891943999,0.781658800085606,26,NA,NA,NA
"control","MLT_SLE",0.159656174280931,1.04670541599228,26,NA,NA,NA
"control","MLT_SVK",0.124086745781589,0.759949058783065,9,NA,NA,NA
"control","MLT_SYC",-0.581809692645018,0.613364806267851,15,NA,NA,NA
"control","MLT_SYR",-0.155525770949672,1.12415025116795,8,NA,NA,NA
"control","MLT_TTO",-0.242048660671341,1.03551010012734,10,NA,NA,NA
"control","MLT_TWN",0.214415420755806,0.658115506805776,26,NA,NA,NA
"control","MLT_UGA",0.123665403656663,0.816834331643987,24,NA,NA,NA
"control","MLT_UKR",0.000450828729402684,1.30047630354358,19,NA,NA,NA
"control","MLT_URY",0.0162646276698872,0.810496410221866,26,NA,NA,NA
"control","MLT_VEN",-0.308341997185103,1.57097699511209,25,NA,NA,NA
"control","MLT_YEM",0.0729153418200191,1.48340479787271,25,NA,NA,NA
"control","MMR_GRL",-0.176712419795179,0.911040526689312,13,NA,NA,NA
"control","MMR_SVK",0.104166626138021,0.846510212101924,23,NA,NA,NA
"control","MMR_SVN",-0.0131528655573931,0.778515661292813,26,NA,NA,NA
"control","MMR_TGO",-0.0611672510241661,0.567167538841337,18,NA,NA,NA
"control","MMR_UGA",0.305836151955253,2.26810663471753,12,NA,NA,NA
"control","MNG_EGY",0.167888643934495,0.880503927876735,25,NA,NA,NA
"control","MNG_MUS",-0.184721703284889,1.46063426926119,15,NA,NA,NA
"control","MNG_PHL",0.137654152947032,0.606529718724295,19,NA,NA,NA
"control","MNG_SVK",0.276416522446138,0.795471168615883,26,NA,NA,NA
"control","MNP_AUT",-0.272714880096436,0.981838633362549,16,NA,NA,NA
"control","MNP_ITA",-0.13125102862222,1.30951743376042,20,NA,NA,NA
"control","MNP_NLD",0.206207966405111,1.24266256780044,22,NA,NA,NA
"control","MNP_ROU",0.175607521250825,1.46311359794647,9,NA,NA,NA
"control","MNP_THA",-0.0797524459137255,1.14947539038679,23,NA,NA,NA
"control","MOZ_CRI",-0.300449815947962,1.66695607903093,23,NA,NA,NA
"control","MOZ_JOR",0.0867807416116863,0.607800960682777,16,NA,NA,NA
"control","MOZ_MKD",0.0148390112896563,0.794147933168311,19,NA,NA,NA
"control","MOZ_SVK",-0.409773412306925,1.38052458152769,20,NA,NA,NA
"control","MRT_AUT",-0.262479208149096,0.635509322063731,26,NA,NA,NA
"control","MRT_LKA",0.00546324237049916,0.952241079093571,12,NA,NA,NA
"control","MRT_LVA",-0.150321070651558,1.35404183295491,24,NA,NA,NA
"control","MRT_NZL",-0.53345464482289,0.752525671170987,16,NA,NA,NA
"control","MRT_SVK",-0.194679394735242,1.30388164206556,24,NA,NA,NA
"control","MRT_SVN",0.0865091840962549,1.04019462130467,25,NA,NA,NA
"control","MRT_UGA",0.105348434747491,0.555710812449019,18,NA,NA,NA
"control","MUS_BFA",-0.00286044456366006,0.850904627407964,24,NA,NA,NA
"control","MUS_BGR",0.367197173628144,0.665896127802763,17,NA,NA,NA
"control","MUS_CAF",0.215071212685022,0.519397464205402,16,NA,NA,NA
"control","MUS_CIV",-0.203957885313139,1.05989542440999,26,NA,NA,NA
"control","MUS_CMR",0.0751844334061996,1.05480986583287,26,NA,NA,NA
"control","MUS_COG",-0.157123382160111,0.887836713846491,26,NA,NA,NA
"control","MUS_CRI",0.0798032874753608,0.738122895402421,26,NA,NA,NA
"control","MUS_FJI",0.0767222503559487,1.00428526655743,22,NA,NA,NA
"control","MUS_GIN",0.181382961450676,0.700175359797856,24,NA,NA,NA
"control","MUS_JOR",-0.492133287223069,0.603080665011998,22,NA,NA,NA
"control","MUS_MLI",0.34311637441165,0.938158240604754,24,NA,NA,NA
"control","MUS_PER",0.339257378291533,0.723955426167353,26,NA,NA,NA
"control","MUS_SVK",-0.21552450063824,1.05307966049179,17,NA,NA,NA
"control","MUS_SYR",0.138208828484543,0.711765870036464,18,NA,NA,NA
"control","MUS_URY",0.0874255937057797,1.25051797720866,26,NA,NA,NA
"control","MUS_VNM",0.0293855690233065,0.866124942732231,26,NA,NA,NA
"control","MWI_BFA",-0.462716183611194,1.0767807173505,11,NA,NA,NA
"control","MWI_GTM",0.235951215368748,1.57941872796617,15,NA,NA,NA
"control","MWI_HND",-0.35925861137496,1.04188176528389,9,NA,NA,NA
"control","MWI_ISL",0.0792839632472222,0.947991361655645,23,NA,NA,NA
"control","MWI_SVK",-0.335687865400295,0.738802238266132,24,NA,NA,NA
"control","MYS_BLR",-0.14953838477952,0.668611155467222,26,NA,NA,NA
"control","MYS_EST",0.150471529253054,0.734957653848106,26,NA,NA,NA
"control","MYS_LTU",0.146209100719363,1.08141876858434,26,NA,NA,NA
"control","MYS_MKD",0.207764350323177,1.12008703238986,26,NA,NA,NA
"control","MYS_NAM",0.110353245571542,1.04031707311863,25,NA,NA,NA
"control","MYS_PLW",0.105546667355278,0.766055185294253,26,NA,NA,NA
"control","MYS_SVK",-0.0925187877346587,1.12699012883753,26,NA,NA,NA
"control","MYS_SWZ",-0.164766961290289,0.989591107981947,23,NA,NA,NA
"control","MYS_TKM",-0.238236072654409,1.00162226151774,26,NA,NA,NA
"control","NAM_CHN",-0.214370263072704,1.5508566974396,24,NA,NA,NA
"control","NAM_KWT",0.279511736938871,0.941033727585816,19,NA,NA,NA
"control","NAM_MEX",-0.0955111097618328,0.807543776408824,22,NA,NA,NA
"control","NAM_MYS",0.0350340373172559,0.679338897331941,26,NA,NA,NA
"control","NAM_SVN",0.690118806054786,0.457179819625763,21,NA,NA,NA
"control","NER_BRA",0.300754076351506,1.14168916924445,23,NA,NA,NA
"control","NER_COG",0.682184128166313,0.707594899630702,20,NA,NA,NA
"control","NER_LCA",-0.373522328400554,1.70263182198286,11,NA,NA,NA
"control","NER_LKA",-0.0840391919666345,1.81896756768263,15,NA,NA,NA
"control","NER_MUS",0.33839364268204,0.950358299834827,22,NA,NA,NA
"control","NER_SVK",-0.143490783757852,0.634947142715063,23,NA,NA,NA
"control","NER_UGA",-0.151880333719235,1.20073124135034,25,NA,NA,NA
"control","NER_ZAF",-0.139239605381314,1.21207642729189,24,NA,NA,NA
"control","NGA_GRD",-0.0170847640300607,0.646216604350834,15,NA,NA,NA
"control","NGA_GTM",0.129722774969713,1.8715245686691,18,NA,NA,NA
"control","NGA_KNA",0.108124943667668,0.800739138799401,11,NA,NA,NA
"control","NGA_LCA",0.0613134652563854,1.51387197741735,15,NA,NA,NA
"control","NGA_LTU",0.055186559306953,1.54302745172221,22,NA,NA,NA
"control","NGA_LVA",0.648424704030711,0.930057453440192,21,NA,NA,NA
"control","NGA_MKD",-0.325258826039423,1.21798843734432,22,NA,NA,NA
"control","NGA_SVK",-0.115399484754913,1.04619206774738,25,NA,NA,NA
"control","NGA_UGA",0.189013235788137,1.35351498139765,26,NA,NA,NA
"control","NGA_VCT",-0.165453054023228,1.3273483765026,23,NA,NA,NA
"control","NIC_AGO",-0.146993271715062,1.1156724435369,16,NA,NA,NA
"control","NIC_ANT",-0.109301740794322,0.518483747158766,15,NA,NA,NA
"control","NIC_GRL",0.241926385361435,0.559260566249707,9,NA,NA,NA
"control","NIC_HTI",-0.0517021247224133,0.677124319013549,24,NA,NA,NA
"control","NIC_JOR",-0.123424452395387,0.983619409444363,20,NA,NA,NA
"control","NIC_LTU",-0.223927661394731,0.674156318744482,13,NA,NA,NA
"control","NIC_LVA",0.332042824532516,1.51923797547357,14,NA,NA,NA
"control","NIC_MLT",0.21125236763869,0.369142677283641,12,NA,NA,NA
"control","NIC_SVK",0.200613311394687,0.561266417178918,16,NA,NA,NA
"control","NIU_AUT",0.328618304667403,0.378468886104269,15,NA,NA,NA
"control","NIU_KOR",-0.000640600060566501,0.937009103861338,16,NA,NA,NA
"control","NIU_SVK",-0.0471975565594115,0.986859254020775,18,NA,NA,NA
"control","NIU_SVN",0.375672483700502,2.3168800371104,16,NA,NA,NA
"control","NIU_UGA",0.124766276802602,1.91145074173751,8,NA,NA,NA
"control","NLD_ERI",0.197599772527773,1.63986043885377,26,NA,NA,NA
"control","NLD_MNP",0.273477715651607,1.23053455331475,26,NA,NA,NA
"control","NOR_ARM",-0.363345815679073,0.986919516183793,25,NA,NA,NA
"control","NOR_COK",-0.133593957485432,1.52573024254669,21,NA,NA,NA
"control","NOR_FLK",-0.135137543336285,1.52287951070963,25,NA,NA,NA
"control","NOR_FSM",-0.0535256232927999,1.79291363417855,11,NA,NA,NA
"control","NOR_GNQ",-0.0953871317629612,0.485680199528701,26,NA,NA,NA
"control","NOR_IRQ",-0.214791345600713,0.661416351741997,24,NA,NA,NA
"control","NOR_KIR",-0.152316012670103,1.39184331433103,8,NA,NA,NA
"control","NOR_MDA",0.0769764350139353,0.752057060909314,26,NA,NA,NA
"control","NOR_MHL",-0.235886322888322,0.988168437397329,25,NA,NA,NA
"control","NOR_RWA",0.0886529368293751,1.11769701059523,26,NA,NA,NA
"control","NOR_TCA",-0.42480977225703,0.842749885572093,17,NA,NA,NA
"control","NOR_TJK",-0.220680160680657,0.959608081778663,26,NA,NA,NA
"control","NOR_TKM",-0.0410796558910919,1.44878769113692,24,NA,NA,NA
"control","NPL_BHR",0.180581592440298,1.57759343949523,18,NA,NA,NA
"control","NPL_DZA",-0.0368988463047634,1.27204376059235,16,NA,NA,NA
"control","NPL_EGY",-0.334570069691606,0.893606771823168,26,NA,NA,NA
"control","NPL_HRV",-0.374150914328342,0.579651527470967,26,NA,NA,NA
"control","NPL_IDN",0.0210787972940367,1.02330415625615,24,NA,NA,NA
"control","NPL_IRN",0.430557205835956,1.07603370593328,15,NA,NA,NA
"control","NPL_ISR",-0.272063582035364,1.03567379292947,26,NA,NA,NA
"control","NPL_JOR",-0.22926275866328,0.603534920802198,16,NA,NA,NA
"control","NPL_KEN",-0.188437866424622,1.17428539391612,16,NA,NA,NA
"control","NPL_KHM",-0.142163900693204,1.47050063862627,18,NA,NA,NA
"control","NPL_LVA",-0.261932564482343,0.939093591435563,21,NA,NA,NA
"control","NPL_MKD",0.17527355748558,1.32374086195363,14,NA,NA,NA
"control","NPL_MLT",-0.186297931125868,0.761247289609905,21,NA,NA,NA
"control","NPL_PER",-0.0145093338812478,0.689303333337937,25,NA,NA,NA
"control","NPL_PHL",0.384195644158238,1.64202475609653,25,NA,NA,NA
"control","NPL_POL",-0.0104387913106463,1.03824339934221,25,NA,NA,NA
"control","NPL_PRK",0.317684357746803,0.675983993510612,8,NA,NA,NA
"control","NPL_ROU",0.00535901422754625,1.07981188554597,23,NA,NA,NA
"control","NPL_RUS",0.13783365854466,0.990435330884615,25,NA,NA,NA
"control","NPL_SAU",-0.193737394395383,1.0278167959998,23,NA,NA,NA
"control","NPL_SVK",-0.313911603938065,1.46343029399281,26,NA,NA,NA
"control","NPL_SVN",-0.388575992628818,0.901141595178799,26,NA,NA,NA
"control","NPL_TZA",0.0314005527469216,1.02058781238503,22,NA,NA,NA
"control","NPL_UGA",0.161354072625448,0.563340720477811,16,NA,NA,NA
"control","NRU_SVK",-0.331483993384248,1.18256743123064,19,NA,NA,NA
"control","NRU_UGA",-0.176487155051819,0.904317464361353,12,NA,NA,NA
"control","NZL_BLR",0.640237434086026,0.864869429532337,25,NA,NA,NA
"control","NZL_CYM",0.401102755359233,1.39918279541427,26,NA,NA,NA
"control","NZL_KAZ",-0.289408782041475,0.820140804871838,25,NA,NA,NA
"control","NZL_LVA",0.281115799719147,1.05294537290865,26,NA,NA,NA
"control","NZL_MDA",0.0591535849132727,0.807726406619546,24,NA,NA,NA
"control","NZL_MKD",0.215674891901388,0.757970738029388,26,NA,NA,NA
"control","NZL_PLW",-0.18312536189508,1.0363217693718,26,NA,NA,NA
"control","NZL_TJK",-0.352020389251195,1.08241860249651,16,NA,NA,NA
"control","OMN_AZE",-0.361298185629464,1.09842305063503,26,NA,NA,NA
"control","OMN_BIH",0.229190114398161,0.950656719070457,19,NA,NA,NA
"control","OMN_CMR",-0.0547896925590969,0.56002236407602,25,NA,NA,NA
"control","OMN_ECU",0.18743508894454,1.15583742046806,21,NA,NA,NA
"control","OMN_KAZ",0.477751826091868,0.523836779359365,26,NA,NA,NA
"control","OMN_KGZ",0.249381430963443,0.965272667938001,17,NA,NA,NA
"control","OMN_MEX",0.178385845816813,1.13283936470539,25,NA,NA,NA
"control","OMN_MUS",0.135539878594721,1.1939893241297,26,NA,NA,NA
"control","OMN_SEN",-0.022633982674736,0.608984582604958,26,NA,NA,NA
"control","OMN_SVK",0.320440893266838,1.14328953771234,23,NA,NA,NA
"control","OMN_SVN",0.0656177634876539,0.846021004350582,26,NA,NA,NA
"control","OMN_TGO",-0.0878690166148574,0.783907838162673,23,NA,NA,NA
"control","OMN_TKM",-0.165210333991516,0.40367501870226,22,NA,NA,NA
"control","OMN_UKR",-0.0684639856140048,0.406869059734767,26,NA,NA,NA
"control","OMN_UZB",0.00784554506995104,1.1933271670347,20,NA,NA,NA
"control","PAK_BFA",0.0208192227689558,0.893003323025691,26,NA,NA,NA
"control","PAK_CAF",-0.139330925174132,0.871491142507161,22,NA,NA,NA
"control","PAK_DMA",-0.138387747811629,1.22622688981558,22,NA,NA,NA
"control","PAK_GRL",0.00473684187058778,0.859627957903385,22,NA,NA,NA
"control","PAK_LTU",0.153458964037161,1.42266213632671,26,NA,NA,NA
"control","PAK_LVA",-0.318950793251596,1.11047494452096,26,NA,NA,NA
"control","PAK_MDA",-0.0629633034905192,1.93605325009835,26,NA,NA,NA
"control","PAK_MKD",0.0521224531267133,1.18684958115832,26,NA,NA,NA
"control","PAK_SVK",0.0351489417004224,0.943905883628451,26,NA,NA,NA
"control","PAK_TCD",-0.156510329583498,1.11798449210478,20,NA,NA,NA
"control","PAN_BRN",0.166974275052254,1.06195414307901,12,NA,NA,NA
"control","PAN_HTI",-0.0234403913452508,0.968126492532601,24,NA,NA,NA
"control","PAN_LTU",-0.0279838537845901,0.877964051286534,17,NA,NA,NA
"control","PAN_LVA",0.180784702310142,0.582812928579124,16,NA,NA,NA
"control","PAN_SUR",-0.169999960623625,0.872268595806716,26,NA,NA,NA
"control","PAN_SVK",-0.0925862756012377,1.15885742084421,17,NA,NA,NA
"control","PAN_TGO",0.0384218158393414,0.995830442419517,23,NA,NA,NA
"control","PAN_URY",0.127440274208691,0.897511118961375,17,NA,NA,NA
"control","PER_AFG",0.199065121911043,1.03289962358015,16,NA,NA,NA
"control","PER_ALB",0.494752024007816,0.832827809194015,21,NA,NA,NA
"control","PER_ATG",-0.0761950730444433,1.09767078557414,24,NA,NA,NA
"control","PER_BFA",0.0148832927327456,1.55278190434077,25,NA,NA,NA
"control","PER_BHR",0.464372215350147,0.989554817397299,23,NA,NA,NA
"control","PER_COG",0.128528014273656,1.848368750562,25,NA,NA,NA
"control","PER_EST",0.321873354326804,1.12286439534035,18,NA,NA,NA
"control","PER_FJI",-0.11017220151082,0.744327990260542,23,NA,NA,NA
"control","PER_GEO",0.105816959086907,0.563040123558662,20,NA,NA,NA
"control","PER_GRL",0.402585609602453,1.26075619986388,18,NA,NA,NA
"control","PER_KEN",0.194705440315014,0.934037565874884,23,NA,NA,NA
"control","PER_LTU",0.524170760442399,0.847495179292114,18,NA,NA,NA
"control","PER_LVA",-0.0760872326612111,1.02612178865945,17,NA,NA,NA
"control","PER_MDA",0.106182142412557,1.42791864185278,25,NA,NA,NA
"control","PER_MKD",-0.136572805052562,0.965839227966068,26,NA,NA,NA
"control","PER_NER",0.292034958012238,0.929659357948183,22,NA,NA,NA
"control","PER_NPL",0.387942520073971,1.02439029431316,23,NA,NA,NA
"control","PER_SLE",-0.331688823315082,1.05598823500334,18,NA,NA,NA
"control","PER_SVK",0.353423968007498,1.62565040039391,18,NA,NA,NA
"control","PER_TON",-0.188475385114365,0.961145097675914,12,NA,NA,NA
"control","PER_UKR",-0.129501900976144,0.686968495913386,26,NA,NA,NA
"control","PER_YEM",-0.198431437250388,0.894046846585273,26,NA,NA,NA
"control","PHL_BGR",-0.0113220157665255,1.05169214656368,25,NA,NA,NA
"control","PHL_COK",-0.16685605936404,1.90641326135807,24,NA,NA,NA
"control","PHL_GRL",0.0692118402486383,1.00442892846932,23,NA,NA,NA
"control","PHL_LTU",0.112664827985271,1.10564733719047,25,NA,NA,NA
"control","PHL_LVA",0.173902835447673,0.599590422486665,26,NA,NA,NA
"control","PHL_MHL",0.145883591884514,1.26913077070072,25,NA,NA,NA
"control","PHL_MKD",-0.134841669194189,0.652388085611425,26,NA,NA,NA
"control","PHL_NPL",0.00698560539544259,0.715777699452144,25,NA,NA,NA
"control","PHL_SVK",-0.135145993640201,1.04782739792509,26,NA,NA,NA
"control","PHL_SYC",-0.0839511668565659,1.16065301672724,26,NA,NA,NA
"control","PHL_TGO",-0.448726181073575,0.884821212396439,23,NA,NA,NA
"control","PHL_UGA",-0.0952795791773707,1.21179261803436,26,NA,NA,NA
"control","PLW_AUT",-0.0362643765394962,0.972137083754581,15,NA,NA,NA
"control","PLW_JPN",-0.300554354088406,0.939264813192243,26,NA,NA,NA
"control","PLW_KOR",0.277642086292176,1.24278261627808,23,NA,NA,NA
"control","PLW_MEX",-0.242153485223049,1.04182551443816,20,NA,NA,NA
"control","PLW_THA",-0.0457500562254989,0.724618097036648,16,NA,NA,NA
"control","PLW_USA",0.0945725538932292,0.57145864393882,26,NA,NA,NA
"control","PNG_CZE",0.10982263178965,0.39259079285267,14,NA,NA,NA
"control","PNG_HND",0.378481436194656,0.77813989138982,13,NA,NA,NA
"control","PNG_ROU",0.0494784294480762,1.09228800719811,11,NA,NA,NA
"control","PNG_SVK",-0.383205190291608,0.855657328251472,11,NA,NA,NA
"control","PNG_SVN",0.45138401375407,0.274262865992941,12,NA,NA,NA
"control","PNG_VEN",0.0701700825723393,1.29622247256084,11,NA,NA,NA
"control","POL_AGO",0.255701170976705,0.890442036298235,26,NA,NA,NA
"control","POL_ALB",0.0909133104466282,0.90032843885167,11,NA,NA,NA
"control","POL_ARM",0.166605984814536,1.03349930380729,23,NA,NA,NA
"control","POL_ATG",-0.0619957391000757,0.456720835618412,11,NA,NA,NA
"control","POL_BFA",-0.0503669266446519,0.968553632764282,26,NA,NA,NA
"control","POL_BHR",0.292269648507933,0.624444230594632,26,NA,NA,NA
"control","POL_BHS",-0.0975494072945085,0.458656435928211,13,NA,NA,NA
"control","POL_BRB",-0.396771589821041,0.761920294433514,13,NA,NA,NA
"control","POL_CIV",-0.521742246682322,1.30532358134495,21,NA,NA,NA
"control","POL_COD",0.359119768910131,0.942225005314799,23,NA,NA,NA
"control","POL_COG",0.0516563242683749,0.704325968090525,26,NA,NA,NA
"control","POL_COK",-0.0224810717107998,0.817047303922783,13,NA,NA,NA
"control","POL_COM",0.207310505362056,0.955591842691483,24,NA,NA,NA
"control","POL_CUB",-0.130896956370677,1.61364674684174,26,NA,NA,NA
"control","POL_CXR",-0.598208456111637,0.508374791892644,11,NA,NA,NA
"control","POL_DJI",0.232131659748874,0.686665699737413,26,NA,NA,NA
"control","POL_DOM",0.139607916372025,1.18485769981609,13,NA,NA,NA
"control","POL_ETH",0.380273256314117,1.35960937041469,26,NA,NA,NA
"control","POL_FJI",-0.398554744600859,1.07063802021948,11,NA,NA,NA
"control","POL_GHA",-0.351282579334443,0.670712436150778,21,NA,NA,NA
"control","POL_GIB",-0.452804105743857,1.32739028320631,21,NA,NA,NA
"control","POL_GIN",-0.0371414540742905,1.23727733690614,26,NA,NA,NA
"control","POL_GRL",0.383862501521599,1.21870737962513,8,NA,NA,NA
"control","POL_HND",-0.00286311705450497,0.446525184462415,18,NA,NA,NA
"control","POL_KGZ",0.015392247409668,0.554091097585818,26,NA,NA,NA
"control","POL_KHM",-0.0262949735871043,0.760667688072997,24,NA,NA,NA
"control","POL_LBR",-0.0757820559624865,1.15081979942818,26,NA,NA,NA
"control","POL_MHL",-0.0511338772562256,0.888643430963483,25,NA,NA,NA
"control","POL_MLI",-0.187908378928738,0.983764094540682,26,NA,NA,NA
"control","POL_MLT",0.073474512686739,2.10030686735097,9,NA,NA,NA
"control","POL_MNG",0.182406923261349,1.03381456648199,26,NA,NA,NA
"control","POL_MWI",-0.233597295662092,1.0846374426674,22,NA,NA,NA
"control","POL_NER",-0.0676768624125531,1.12367035131854,26,NA,NA,NA
"control","POL_PAN",-0.205465704909821,0.905660471508702,18,NA,NA,NA
"control","POL_PHL",0.126440024515834,1.32671525709533,26,NA,NA,NA
"control","POL_RWA",-0.0560962140074514,1.51112774855307,23,NA,NA,NA
"control","POL_SOM",-0.278636743270119,1.17342073150212,15,NA,NA,NA
"control","POL_STP",-0.150665604001788,1.2830060550722,23,NA,NA,NA
"control","POL_SUR",-0.108727848492828,0.986922910353516,13,NA,NA,NA
"control","POL_SYC",0.0128826737378229,1.009454292137,15,NA,NA,NA
"control","POL_TCD",-0.0169629796458325,0.994648770059722,24,NA,NA,NA
"control","POL_TGO",0.120562103129311,0.849277074675956,26,NA,NA,NA
"control","POL_TZA",-0.0408979117713997,0.553546006651072,26,NA,NA,NA
"control","POL_VNM",-0.291944557766272,0.991807269138941,26,NA,NA,NA
"control","POL_YEM",0.402889631159255,1.0800950823989,26,NA,NA,NA
"control","POL_ZMB",-0.298516266867563,1.18683846365247,26,NA,NA,NA
"control","POL_ZWE",0.229221856308175,1.44129656485284,17,NA,NA,NA
"control","PRK_CRI",-0.148141162208587,0.776571668225159,26,NA,NA,NA
"control","PRK_GRL",-0.146426653251289,2.13442495586723,18,NA,NA,NA
"control","PRK_HND",-0.361712386818824,0.685397130799734,24,NA,NA,NA
"control","PRK_LTU",0.185868160474364,1.13118751808351,18,NA,NA,NA
"control","PRK_LVA",-0.186944250613863,0.840112159020165,13,NA,NA,NA
"control","PRK_MKD",-0.117646983305065,1.1735636161169,25,NA,NA,NA
"control","PRK_NPL",-0.1606742198719,1.20653109556337,8,NA,NA,NA
"control","PRK_SVK",-0.114818282867661,0.98517332841877,26,NA,NA,NA
"control","PRK_SVN",-0.12843257254463,0.622908075618026,26,NA,NA,NA
"control","PRK_SYC",0.330397253926686,0.474709689639736,20,NA,NA,NA
"control","PRK_TGO",0.264912402775168,0.980872496663938,25,NA,NA,NA
"control","PRK_UGA",0.124771692851128,0.852618075394915,26,NA,NA,NA
"control","PRK_URY",0.140612396613172,0.591732896183528,26,NA,NA,NA
"control","PRT_ERI",0.0104895545382177,0.773099017267968,23,NA,NA,NA
"control","PRY_GRL",0.624994001940502,0.445675688578025,13,NA,NA,NA
"control","PRY_MKD",-0.033133233183938,0.447481487560325,15,NA,NA,NA
"control","PRY_SVK",0.141072422166473,0.606487275849848,23,NA,NA,NA
"control","PRY_SVN",0.00876362276443134,0.499504288291555,24,NA,NA,NA
"control","PRY_VNM",-0.0610244684230879,0.808060892286329,21,NA,NA,NA
"control","PYF_TGO",0.163050077610169,0.937057243693951,12,NA,NA,NA
"control","QAT_AUT",0.163150040950912,1.33993678063925,26,NA,NA,NA
"control","QAT_BRN",0.29391313389384,1.92225110628911,16,NA,NA,NA
"control","QAT_FIN",0.366547259967437,0.617144357117575,24,NA,NA,NA
"control","QAT_HRV",0.405285973907331,0.979470644109082,24,NA,NA,NA
"control","QAT_MKD",-0.00697572578833045,1.19656404508625,23,NA,NA,NA
"control","QAT_SLV",0.311128335748171,1.52484319975606,13,NA,NA,NA
"control","QAT_SVK",0.218045155805669,1.03072228587661,24,NA,NA,NA
"control","QAT_SVN",-0.0162818027492469,1.327772006902,22,NA,NA,NA
"control","QAT_TGO",-0.367642204931045,1.11792491348588,19,NA,NA,NA
"control","QAT_UGA",0.434634426771212,0.694075384408678,25,NA,NA,NA
"control","ROU_ATG",-0.023508383316724,0.572461149847101,13,NA,NA,NA
"control","ROU_BRB",0.209799352854999,0.630995570287297,12,NA,NA,NA
"control","ROU_STP",-0.108790340456959,1.50967510971365,14,NA,NA,NA
"control","ROU_SYC",-0.117885881260445,0.922752029129474,11,NA,NA,NA
"control","RUS_CAF",-0.240111568056821,1.15911721034798,22,NA,NA,NA
"control","RUS_CRI",0.209293056936101,0.997429160319755,26,NA,NA,NA
"control","RUS_GRL",-0.00183489734805744,1.32926186358349,24,NA,NA,NA
"control","RUS_HND",0.0395172550827402,0.856466673467735,26,NA,NA,NA
"control","RUS_KWT",-0.015366828043295,1.31435866824746,26,NA,NA,NA
"control","RUS_LVA",-0.210417859312627,1.29533187659206,26,NA,NA,NA
"control","RUS_MKD",-0.334783207752008,0.761597548171645,26,NA,NA,NA
"control","RUS_MLT",0.0710518458537603,1.01009415314929,26,NA,NA,NA
"control","RUS_MWI",-0.0127898452985866,0.752975840500636,21,NA,NA,NA
"control","RUS_NPL",-0.0561733939602431,0.934901389194268,25,NA,NA,NA
"control","RUS_SLV",0.249001092725357,1.30215566736432,26,NA,NA,NA
"control","RUS_SVK",-0.0590726974361225,1.31487201913559,26,NA,NA,NA
"control","RUS_TGO",0.0575408247577299,1.04222859022155,26,NA,NA,NA
"control","RUS_UGA",-0.264520498619159,0.918468785097646,26,NA,NA,NA
"control","RUS_URY",0.00459460681929502,0.763578187707489,25,NA,NA,NA
"control","RUS_VEN",-0.168919159452533,1.10891760938967,26,NA,NA,NA
"control","RWA_MKD",0.508619699926346,0.405264243546777,9,NA,NA,NA
"control","SAU_AGO",-0.0816405305484316,0.779843792584932,24,NA,NA,NA
"control","SAU_BLR",0.142881048578383,1.03721670070231,24,NA,NA,NA
"control","SAU_BRB",0.176989769849275,0.997662415396218,25,NA,NA,NA
"control","SAU_CRI",-0.145074797812486,1.23528942249037,26,NA,NA,NA
"control","SAU_DMA",0.166312175292397,0.605966103389343,18,NA,NA,NA
"control","SAU_ERI",-0.0627847167787904,1.40314447058209,24,NA,NA,NA
"control","SAU_KGZ",-0.251770927301235,1.0846541394009,23,NA,NA,NA
"control","SAU_LBR",0.141377452478973,1.18195094636904,24,NA,NA,NA
"control","SAU_RUS",-0.000774342890031547,0.905850733529099,26,NA,NA,NA
"control","SAU_TGO",-0.282471257549617,1.23687794645676,26,NA,NA,NA
"control","SAU_UKR",0.0455408924341408,1.03537646614186,26,NA,NA,NA
"control","SDN_CRI",0.0557732307811584,2.1329132431806,14,NA,NA,NA
"control","SDN_SLV",0.107565130742054,1.13131903279994,15,NA,NA,NA
"control","SDN_SVK",-0.482213806729082,0.650467210629882,24,NA,NA,NA
"control","SDN_URY",0.19935815345715,0.762715212997086,15,NA,NA,NA
"control","SDN_ZAF",0.0394566092212044,1.48833180921013,26,NA,NA,NA
"control","SEN_CMR",-0.0966595829169714,0.976031863722335,26,NA,NA,NA
"control","SEN_HRV",-0.0939224095154876,0.750988757361703,25,NA,NA,NA
"control","SEN_KWT",0.135476888062576,1.19075902128349,26,NA,NA,NA
"control","SEN_PHL",0.144298353543136,0.729841393615445,24,NA,NA,NA
"control","SEN_POL",-0.0252602161413675,0.830208015741621,24,NA,NA,NA
"control","SEN_SVK",-0.249616964595189,0.892425829439312,25,NA,NA,NA
"control","SEN_SVN",-0.115323575540172,1.09015399952954,26,NA,NA,NA
"control","SEN_UGA",-0.0492224651781567,1.39950610686939,25,NA,NA,NA
"control","SEN_VCT",0.443880146988649,1.24112148659571,13,NA,NA,NA
"control","SEN_VNM",0.286835371739066,1.04030003272953,23,NA,NA,NA
"control","SEN_ZAF",0.126555842635304,1.15861936360538,26,NA,NA,NA
"control","SGP_GRL",-0.0518513207899054,0.610279659573021,21,NA,NA,NA
"control","SGP_LTU",-0.0185921408243002,0.760549399582478,24,NA,NA,NA
"control","SGP_LVA",-0.298812118300791,1.0033523033048,24,NA,NA,NA
"control","SGP_MDA",-0.0881572626804968,0.878888059843022,26,NA,NA,NA
"control","SGP_MKD",0.0585030373568979,0.816316679310398,26,NA,NA,NA
"control","SGP_SUR",-0.0988194977671095,0.49646986235966,24,NA,NA,NA
"control","SGP_TGO",-0.382396998210445,1.08313506896548,25,NA,NA,NA
"control","SLB_EGY",0.0455330782373128,1.32508213055892,9,NA,NA,NA
"control","SLB_SVK",0.204882665935663,1.08119512707793,19,NA,NA,NA
"control","SLB_ZAF",0.200339623177976,0.977596168718867,25,NA,NA,NA
"control","SLE_LVA",0.217325901760019,0.217697718449577,11,NA,NA,NA
"control","SLE_MEX",-0.381709910792153,0.504792801807289,20,NA,NA,NA
"control","SLE_ROU",-0.0985408946152564,1.5024710374896,21,NA,NA,NA
"control","SLE_SVK",-0.123672175806803,0.546790632285194,26,NA,NA,NA
"control","SLE_UGA",-0.113470665804346,0.913831530581426,24,NA,NA,NA
"control","SLV_ANT",0.129608721775965,0.661970547741962,16,NA,NA,NA
"control","SLV_BHS",-0.104777241610249,1.05443646803427,24,NA,NA,NA
"control","SLV_BMU",0.259904921517443,0.875614881114959,25,NA,NA,NA
"control","SLV_BRB",0.165361389158372,0.954830925488697,26,NA,NA,NA
"control","SLV_CUB",0.00144860529544968,1.0166252373053,16,NA,NA,NA
"control","SLV_GRD",-0.0564958142298439,0.847049380041219,25,NA,NA,NA
"control","SLV_HTI",0.0834865758398391,0.693264415092759,25,NA,NA,NA
"control","SLV_LKA",-0.127915592023857,1.32494502589454,19,NA,NA,NA
"control","SLV_LTU",-0.0823743030738859,0.63963383651071,12,NA,NA,NA
"control","SLV_MKD",0.232628146572475,0.697227460655264,20,NA,NA,NA
"control","SLV_SVK",0.217988146654369,0.60310495130335,18,NA,NA,NA
"control","SLV_SVN",-0.127055320363317,1.28610028481661,18,NA,NA,NA
"control","SLV_URY",0.170296106145776,0.56942578746217,26,NA,NA,NA
"control","SOM_HRV",0.107083010194334,0.485018214924449,21,NA,NA,NA
"control","SOM_IRL",-0.235252709797668,0.67297678884751,24,NA,NA,NA
"control","SOM_SVN",0.0882328669576024,0.991221434495627,25,NA,NA,NA
"control","SOM_UGA",-0.645700726905143,1.10109947371951,15,NA,NA,NA
"control","SPM_EGY",0.291346953156047,1.10059078768636,12,NA,NA,NA
"control","SPM_GTM",-0.263276319144142,0.898702250993015,9,NA,NA,NA
"control","STP_DZA",-0.748010979230407,0.464359003840636,11,NA,NA,NA
"control","STP_EGY",0.0665273212693781,1.62031422635992,9,NA,NA,NA
"control","STP_GBR",0.111898040995626,0.905161708306087,24,NA,NA,NA
"control","STP_POL",0.0431083311256055,1.11276609287876,20,NA,NA,NA
"control","STP_SVK",0.283784247656297,0.756541103632716,24,NA,NA,NA
"control","STP_ZAF",0.418411056672439,0.829212706755381,21,NA,NA,NA
"control","SUR_AUS",-0.338769786089238,1.36413334703056,24,NA,NA,NA
"control","SUR_BOL",-0.411942309616439,0.786913499531763,17,NA,NA,NA
"control","SUR_CRI",-0.122553417417239,0.808041109069623,24,NA,NA,NA
"control","SUR_DOM",-0.481540280934149,0.857262216138868,22,NA,NA,NA
"control","SUR_HND",-0.351382842531733,0.856387583204466,20,NA,NA,NA
"control","SUR_LKA",-0.150004115257577,1.37746415588016,10,NA,NA,NA
"control","SUR_LTU",-0.133701914639109,0.224198375908401,9,NA,NA,NA
"control","SUR_MWI",0.00154399699737073,1.54936156079325,9,NA,NA,NA
"control","SUR_NZL",-0.323185057330428,0.891508620187884,23,NA,NA,NA
"control","SUR_RUS",-0.443715371590371,2.18074962385016,24,NA,NA,NA
"control","SUR_SLV",-0.270541639363649,1.13687484922278,17,NA,NA,NA
"control","SUR_SVK",-0.515536829278824,0.615255297483981,13,NA,NA,NA
"control","SUR_TGO",-0.158423492929733,1.28071166698101,9,NA,NA,NA
"control","SUR_UGA",0.302492897706017,0.675393661128494,21,NA,NA,NA
"control","SUR_VEN",-0.0799495886127801,0.863019184842018,26,NA,NA,NA
"control","SVK_AFG",-0.197177864818375,0.881628100065186,26,NA,NA,NA
"control","SVK_AGO",-0.0298887497229304,0.562263626611341,26,NA,NA,NA
"control","SVK_ALB",0.107852052422968,0.709800989766448,11,NA,NA,NA
"control","SVK_AND",0.000405659499970583,0.402866822643479,9,NA,NA,NA
"control","SVK_ARG",0.243025099104321,1.29776202288195,26,NA,NA,NA
"control","SVK_ARM",0.250570183492046,1.07891269693987,23,NA,NA,NA
"control","SVK_AZE",-0.110350247726741,1.0519660448589,26,NA,NA,NA
"control","SVK_BDI",-0.031772782524228,1.04252015734842,23,NA,NA,NA
"control","SVK_BFA",0.177118487921064,1.51124175781962,26,NA,NA,NA
"control","SVK_BGD",0.17630710125682,0.764354462381963,26,NA,NA,NA
"control","SVK_BHR",0.207026359335231,1.40549049938007,26,NA,NA,NA
"control","SVK_BHS",0.288601826412639,0.515192953336641,12,NA,NA,NA
"control","SVK_BIH",0.0697545335437139,1.17477317399223,13,NA,NA,NA
"control","SVK_BLR",-0.149834941985686,0.558394696538975,26,NA,NA,NA
"control","SVK_CAF",0.332934029025805,1.08675397187461,24,NA,NA,NA
"control","SVK_CAN",0.0892616954328321,1.03473446989963,22,NA,NA,NA
"control","SVK_CHL",0.252488711382635,1.35970528564249,9,NA,NA,NA
"control","SVK_CIV",-0.0774115329062144,0.806820465610354,20,NA,NA,NA
"control","SVK_CMR",0.161187797971012,0.844135809993414,19,NA,NA,NA
"control","SVK_COK",0.0754332277941017,0.921211770442424,11,NA,NA,NA
"control","SVK_COL",-0.27100225790017,0.69091163419666,18,NA,NA,NA
"control","SVK_CPV",-0.364688966273253,0.869200153508449,23,NA,NA,NA
"control","SVK_CRI",0.0176727266475814,1.12070359076171,18,NA,NA,NA
"control","SVK_CUB",-0.185552710377358,1.41491236676445,26,NA,NA,NA
"control","SVK_CYP",-0.451576805645001,1.37466721538381,9,NA,NA,NA
"control","SVK_DMA",-0.627435329004099,2.25177691481825,8,NA,NA,NA
"control","SVK_DOM",-0.587335403676349,1.39980907911501,12,NA,NA,NA
"control","SVK_DZA",0.425760913853378,0.486521776195991,9,NA,NA,NA
"control","SVK_ECU",-0.283717299493761,0.713816144659999,22,NA,NA,NA
"control","SVK_EGY",0.33325154408721,0.853726889241732,9,NA,NA,NA
"control","SVK_ETH",0.345008006675784,1.43390012260425,26,NA,NA,NA
"control","SVK_FRO",0.64813793805342,0.601284590339354,8,NA,NA,NA
"control","SVK_GEO",0.185316691823824,0.741852604174749,19,NA,NA,NA
"control","SVK_GHA",0.218171304076197,0.767246239509107,21,NA,NA,NA
"control","SVK_GIB",-0.191350937663306,1.50116174660804,26,NA,NA,NA
"control","SVK_GIN",-0.154644759875211,0.576624597128671,24,NA,NA,NA
"control","SVK_GMB",0.283349891142351,1.52656512917544,24,NA,NA,NA
"control","SVK_GNQ",-0.0669906545362565,1.37455601753935,17,NA,NA,NA
"control","SVK_GTM",0.328974703337827,0.676327650806917,18,NA,NA,NA
"control","SVK_GUY",-0.263758969645198,1.12973370960587,11,NA,NA,NA
"control","SVK_HND",0.0361387355483093,1.53004393613393,18,NA,NA,NA
"control","SVK_HTI",0.0214945801421898,0.875919201632263,22,NA,NA,NA
"control","SVK_IDN",-0.203207449921867,1.42726069487297,26,NA,NA,NA
"control","SVK_IRN",0.0324240196328397,0.778362926842899,26,NA,NA,NA
"control","SVK_KAZ",-0.414086945674761,1.15529540380592,26,NA,NA,NA
"control","SVK_KEN",0.440692942845659,0.525001591515643,26,NA,NA,NA
"control","SVK_KGZ",-0.0039480488554732,0.911745484291183,26,NA,NA,NA
"control","SVK_LAO",-0.278287806067355,1.59622294523763,21,NA,NA,NA
"control","SVK_LBN",-0.441623956943907,0.610883890083505,9,NA,NA,NA
"control","SVK_LBR",0.232563626488965,0.89938952350091,22,NA,NA,NA
"control","SVK_LBY",-0.336416252997543,0.561187507169836,26,NA,NA,NA
"control","SVK_MAC",0.284521585752082,1.27540489571296,24,NA,NA,NA
"control","SVK_MAR",0.185145250393873,0.316059057471891,9,NA,NA,NA
"control","SVK_MDA",-0.237721002910342,1.49628980499173,19,NA,NA,NA
"control","SVK_MEX",-0.575418881366983,0.429197679634806,9,NA,NA,NA
"control","SVK_MKD",0.277939624563954,0.836634955364136,9,NA,NA,NA
"control","SVK_MLI",-0.229855601765493,1.52546575972952,26,NA,NA,NA
"control","SVK_MLT",0.00166517319574395,1.7727763806285,9,NA,NA,NA
"control","SVK_MMR",-0.0200458795922347,1.49280363616434,21,NA,NA,NA
"control","SVK_MNG",0.425378427232698,1.05331563105536,26,NA,NA,NA
"control","SVK_MOZ",-0.0484888849211536,1.24752497878161,18,NA,NA,NA
"control","SVK_MRT",0.220120389419998,0.828426170524022,24,NA,NA,NA
"control","SVK_MUS",-0.0142154929890055,0.419578237952905,17,NA,NA,NA
"control","SVK_MWI",0.570696618927536,0.813364789234691,21,NA,NA,NA
"control","SVK_MYS",0.253742692242873,1.26582152057047,26,NA,NA,NA
"control","SVK_NER",-0.0942804391545367,1.29960592657496,26,NA,NA,NA
"control","SVK_NGA",-0.0519306438732962,1.04170505249232,26,NA,NA,NA
"control","SVK_NIC",-7.18171827988735e-05,0.746530956259363,18,NA,NA,NA
"control","SVK_NRU",0.205291265745371,1.14333817703016,8,NA,NA,NA
"control","SVK_OMN",0.0538093366285643,1.30380171530135,26,NA,NA,NA
"control","SVK_PAK",-0.0482702183562767,0.912191997589268,26,NA,NA,NA
"control","SVK_PAN",0.456775803577456,0.602259002727054,18,NA,NA,NA
"control","SVK_PER",0.24547880536283,0.802998392984925,18,NA,NA,NA
"control","SVK_PHL",-0.171126504815314,0.785736188637184,26,NA,NA,NA
"control","SVK_PRK",-0.522118600034162,0.746013147703398,18,NA,NA,NA
"control","SVK_PRY",0.3661158893661,0.815616389895147,26,NA,NA,NA
"control","SVK_QAT",0.0883031913255634,1.24729512040308,26,NA,NA,NA
"control","SVK_RUS",-0.204644705784288,0.941536366491788,26,NA,NA,NA
"control","SVK_RWA",0.0968537148244552,0.963340894418218,21,NA,NA,NA
"control","SVK_SDN",-0.223119498177676,0.607596004941118,26,NA,NA,NA
"control","SVK_SEN",-0.00718798569779622,0.993355613496577,26,NA,NA,NA
"control","SVK_SLE",0.277412522599282,0.709122715590061,24,NA,NA,NA
"control","SVK_SLV",0.0360125548575045,0.907603261129241,18,NA,NA,NA
"control","SVK_SOM",0.113083516211953,1.23551520199606,11,NA,NA,NA
"control","SVK_STP",-0.14917183388547,0.905572253022556,9,NA,NA,NA
"control","SVK_SUR",0.231195597277363,1.12409885810323,13,NA,NA,NA
"control","SVK_SYR",0.128227687010738,1.12033228323209,9,NA,NA,NA
"control","SVK_TCD",-0.0225800233252967,0.698059910829937,20,NA,NA,NA
"control","SVK_TGO",-0.237144361499672,1.13665411765969,20,NA,NA,NA
"control","SVK_THA",0.0154465041455058,0.66742499660936,26,NA,NA,NA
"control","SVK_TJK",0.0268055670167832,0.778777724177645,26,NA,NA,NA
"control","SVK_TKM",-0.0388396996838431,0.91528201798712,26,NA,NA,NA
"control","SVK_TON",-0.17497932680511,0.834535953510751,10,NA,NA,NA
"control","SVK_TTO",-0.0544341830742204,1.06709918099688,13,NA,NA,NA
"control","SVK_TUN",0.24910743675682,0.444524463811123,9,NA,NA,NA
"control","SVK_TWN",-0.21580923373313,0.903164367244621,26,NA,NA,NA
"control","SVK_TZA",-0.320459327772626,0.955718252283639,25,NA,NA,NA
"control","SVK_UGA",-0.228327500554335,0.797959267827186,26,NA,NA,NA
"control","SVK_UKR",-0.433283186356765,1.8902541418282,19,NA,NA,NA
"control","SVK_URY",-0.326645152909827,1.16380043931822,26,NA,NA,NA
"control","SVK_UZB",0.184570067381742,0.584916379385037,26,NA,NA,NA
"control","SVK_VEN",0.215363578786699,1.1993559674348,26,NA,NA,NA
"control","SVK_VNM",0.291674459138733,2.35114646656127,26,NA,NA,NA
"control","SVK_YEM",0.0757571234899804,1.16287597829546,26,NA,NA,NA
"control","SVK_ZMB",0.0522623965971076,1.27562962064838,26,NA,NA,NA
"control","SVK_ZWE",0.128104413493781,0.481115963465409,17,NA,NA,NA
"control","SVN_AFG",-0.202427660580465,1.09944612589184,26,NA,NA,NA
"control","SVN_AND",0.0568947069445048,0.755981393871298,9,NA,NA,NA
"control","SVN_ARM",0.206399324717099,1.57044118640934,23,NA,NA,NA
"control","SVN_AZE",-0.110774686435322,1.15492408073514,26,NA,NA,NA
"control","SVN_BDI",0.0460051465935524,1.03580553660204,19,NA,NA,NA
"control","SVN_BEN",0.451450548078205,1.57068992605379,25,NA,NA,NA
"control","SVN_BFA",-0.400803792253039,1.02390652003907,17,NA,NA,NA
"control","SVN_BGD",0.0247698606520641,0.89011090853431,26,NA,NA,NA
"control","SVN_BHR",-0.286603072669975,0.809796140114855,26,NA,NA,NA
"control","SVN_BLZ",-0.523331041833643,1.18740104072177,9,NA,NA,NA
"control","SVN_BRB",0.267436065111897,1.44741321029801,12,NA,NA,NA
"control","SVN_BRN",0.178412879468258,0.760094484891203,14,NA,NA,NA
"control","SVN_BTN",-0.0952029032789216,1.02346337198126,10,NA,NA,NA
"control","SVN_BWA",0.295514785958624,1.09647456771696,9,NA,NA,NA
"control","SVN_CAF",-0.190214706299419,0.750623471276594,22,NA,NA,NA
"control","SVN_CIV",0.0379871930626082,0.562963429415552,21,NA,NA,NA
"control","SVN_CMR",-0.427772417741903,1.29113273368525,18,NA,NA,NA
"control","SVN_COD",0.306393921579115,0.567944453083167,21,NA,NA,NA
"control","SVN_COG",-0.150567475580712,0.67491659604711,24,NA,NA,NA
"control","SVN_CRI",0.362764326791558,1.3895100978596,18,NA,NA,NA
"control","SVN_CUB",0.0572013202476714,0.633899746772703,25,NA,NA,NA
"control","SVN_DJI",-0.336553905309373,1.32641310385202,24,NA,NA,NA
"control","SVN_ETH",-0.0785638065882008,1.8065734870658,26,NA,NA,NA
"control","SVN_FRO",0.383890622512354,0.859448621315021,8,NA,NA,NA
"control","SVN_GEO",0.178653536054091,1.18932388768489,19,NA,NA,NA
"control","SVN_GIB",-0.0749394517146775,1.32355204248773,23,NA,NA,NA
"control","SVN_GIN",0.249734334258608,1.26710899377537,22,NA,NA,NA
"control","SVN_GMB",-0.135062547035063,0.84055962529012,23,NA,NA,NA
"control","SVN_GRD",-0.172342716256752,1.32750280870786,13,NA,NA,NA
"control","SVN_GUY",0.454817352809785,0.968717574519046,9,NA,NA,NA
"control","SVN_HND",-0.350449921799422,0.934830755538016,18,NA,NA,NA
"control","SVN_JAM",-0.265878755964977,0.34525084767747,13,NA,NA,NA
"control","SVN_KAZ",-0.27360367157255,1.10966002214971,26,NA,NA,NA
"control","SVN_KWT",0.11762067804344,0.63766721455104,26,NA,NA,NA
"control","SVN_LBN",-0.0195062967939539,1.26267529110232,9,NA,NA,NA
"control","SVN_LBY",0.00203128749072469,1.62355863507021,26,NA,NA,NA
"control","SVN_MAC",0.0791473208599742,0.789181581160746,26,NA,NA,NA
"control","SVN_MDA",-0.0978023942113356,0.852699281509005,19,NA,NA,NA
"control","SVN_MDG",0.264878276367288,1.76739077603756,17,NA,NA,NA
"control","SVN_MLI",-0.254613191743379,0.757907270917144,23,NA,NA,NA
"control","SVN_MLT",-0.0144404452112745,1.47760734014144,9,NA,NA,NA
"control","SVN_MOZ",-0.146269945390685,0.998201492321304,17,NA,NA,NA
"control","SVN_MUS",0.245141432190332,0.865992569277614,17,NA,NA,NA
"control","SVN_NER",0.184304156304827,0.878921974524555,23,NA,NA,NA
"control","SVN_NGA",-0.256804212541162,0.588235086265182,26,NA,NA,NA
"control","SVN_OMN",-0.0760895447701422,0.824736910742427,26,NA,NA,NA
"control","SVN_PER",-0.212290438325465,0.97587456586102,18,NA,NA,NA
"control","SVN_PNG",-0.363433862530708,0.877344972172721,11,NA,NA,NA
"control","SVN_PRK",0.246121648897387,0.926878246425367,21,NA,NA,NA
"control","SVN_PRY",0.0238809277415376,0.799212176211934,26,NA,NA,NA
"control","SVN_PYF",-0.312699516770245,1.05770988419967,9,NA,NA,NA
"control","SVN_QAT",-0.174354337418561,0.749616573779191,26,NA,NA,NA
"control","SVN_RWA",0.136105790758825,1.25979047537747,23,NA,NA,NA
"control","SVN_SDN",0.105020776236571,1.11441794433569,26,NA,NA,NA
"control","SVN_SEN",0.144382331592174,1.1105774457963,26,NA,NA,NA
"control","SVN_SGP",-0.068534523487524,1.50312648770624,24,NA,NA,NA
"control","SVN_SLE",0.0767705928077345,0.996323156470753,21,NA,NA,NA
"control","SVN_SUR",0.0823399959271748,0.895688510481338,10,NA,NA,NA
"control","SVN_SYR",0.0545049365677009,2.23352610753992,9,NA,NA,NA
"control","SVN_TCD",0.488669558227856,0.518536547871321,9,NA,NA,NA
"control","SVN_TKM",0.151744624752724,1.73919194032239,26,NA,NA,NA
"control","SVN_TTO",0.154386012694286,1.27042586624095,12,NA,NA,NA
"control","SVN_TZA",-0.0996538213279853,0.787397601730668,26,NA,NA,NA
"control","SVN_UGA",0.0710682236790935,0.970122483599428,26,NA,NA,NA
"control","SVN_UZB",0.206958789681199,1.44541420018735,26,NA,NA,NA
"control","SVN_VGB",0.137853510604146,1.39482568712929,11,NA,NA,NA
"control","SVN_VNM",-0.155093163618157,0.646679493722148,24,NA,NA,NA
"control","SVN_WSM",0.494349108042276,0.911170667433718,9,NA,NA,NA
"control","SVN_YEM",-0.366983570779186,1.19658418847162,26,NA,NA,NA
"control","SWE_ERI",0.0606227047448236,0.560882297587906,26,NA,NA,NA
"control","SWZ_HUN",0.153619575200044,0.821281110252675,12,NA,NA,NA
"control","SWZ_POL",-0.187064222924811,1.0648172750625,17,NA,NA,NA
"control","SYC_ARE",0.032495069112885,0.879113290552552,25,NA,NA,NA
"control","SYC_BHR",0.331827695568129,0.550364856986101,20,NA,NA,NA
"control","SYC_BRN",-0.609005494600942,0.83519110061615,11,NA,NA,NA
"control","SYC_GUY",-0.239979866007463,0.45689719363792,12,NA,NA,NA
"control","SYC_MAR",-0.199599659150551,1.30472881521865,23,NA,NA,NA
"control","SYC_MLT",0.171752546591911,0.992960231479857,14,NA,NA,NA
"control","SYC_SVK",-0.180275488922783,1.07098018660357,15,NA,NA,NA
"control","SYC_VCT",0.0166749470041342,0.256238864996565,9,NA,NA,NA
"control","SYR_CRI",-0.126361267167686,0.726073566656743,26,NA,NA,NA
"control","SYR_GAB",0.0469029194531211,1.62200938288153,15,NA,NA,NA
"control","SYR_MKD",-0.265330932340292,0.76911238666496,26,NA,NA,NA
"control","SYR_MLT",0.0154934111773056,0.463359925399238,9,NA,NA,NA
"control","SYR_SVK",0.246361717269053,1.08878360066319,9,NA,NA,NA
"control","SYR_TGO",0.0626331908043714,0.897584994560648,20,NA,NA,NA
"control","SYR_UGA",-0.147046076506092,1.16774839847674,26,NA,NA,NA
"control","SYR_URY",-0.237023146406692,0.868720608941905,22,NA,NA,NA
"control","SYR_ZAF",0.0711808763462601,0.7164637306034,26,NA,NA,NA
"control","TCA_CAN",0.145398727380095,0.995385272459128,26,NA,NA,NA
"control","TCA_CRI",-0.469770693964709,1.08154972047624,17,NA,NA,NA
"control","TCA_HRV",0.401529305717245,1.16610372521254,10,NA,NA,NA
"control","TCA_TGO",-0.159207668362683,0.820102417987755,12,NA,NA,NA
"control","TCA_UGA",-0.0180239523498312,1.44446724642911,16,NA,NA,NA
"control","TCA_VCT",0.0085564842724568,0.684525180814876,16,NA,NA,NA
"control","TCD_ARG",-0.144601684970354,1.10333003363323,16,NA,NA,NA
"control","TCD_CAN",0.153303051688234,0.373580997259007,26,NA,NA,NA
"control","TCD_EGY",0.102122463229335,1.22435095124425,22,NA,NA,NA
"control","TCD_MKD",0.160520769616744,0.76084493164363,19,NA,NA,NA
"control","TCD_SVK",0.077709856388488,0.811821802861421,19,NA,NA,NA
"control","TCD_UGA",0.0655108514812204,0.635048735078483,10,NA,NA,NA
"control","TGO_AGO",-0.068131793288767,0.757055022544121,24,NA,NA,NA
"control","TGO_ARE",-0.0540518311619311,1.08238357514806,24,NA,NA,NA
"control","TGO_BRN",-0.00822481054902293,1.48701998659247,10,NA,NA,NA
"control","TGO_COD",-0.0842198729333936,0.639825286289977,25,NA,NA,NA
"control","TGO_COL",-0.370253967370395,1.5348817496787,15,NA,NA,NA
"control","TGO_EGY",-0.0412053216829613,1.95794027782873,23,NA,NA,NA
"control","TGO_HRV",0.336436715978935,0.481875082334868,19,NA,NA,NA
"control","TGO_ISR",0.114268355442026,1.10883691538527,21,NA,NA,NA
"control","TGO_LBY",-0.328377335337359,0.48589439881858,10,NA,NA,NA
"control","TGO_LKA",0.111322718265476,1.02118385656907,15,NA,NA,NA
"control","TGO_MLT",-0.0340099738985716,1.44958878868287,8,NA,NA,NA
"control","TGO_ROU",-0.180155168959275,1.77857230324972,15,NA,NA,NA
"control","TGO_RUS",0.110117741862877,0.518436472333107,21,NA,NA,NA
"control","TGO_SVK",0.117902258191667,0.641599664848158,16,NA,NA,NA
"control","TGO_SVN",-0.0867039815458358,0.876282114312739,18,NA,NA,NA
"control","TGO_TCD",-0.187254629531442,0.441334903294902,25,NA,NA,NA
"control","TGO_UGA",-0.127290833834118,0.780193271557308,24,NA,NA,NA
"control","TGO_URY",-0.159786219497682,0.790048242567528,22,NA,NA,NA
"control","TGO_VNM",0.164176629827542,1.11237026464335,23,NA,NA,NA
"control","THA_ARM",-0.155822854214786,1.10599133171614,25,NA,NA,NA
"control","THA_LSO",0.147338617792931,1.31277111753403,22,NA,NA,NA
"control","THA_LVA",0.0224998645448013,0.858058306295103,26,NA,NA,NA
"control","THA_MKD",0.428460172931111,0.667460395136637,26,NA,NA,NA
"control","THA_PLW",0.108167141805767,1.64712053611222,26,NA,NA,NA
"control","THA_SVK",0.0102877594464681,0.871498293178618,26,NA,NA,NA
"control","TJK_JOR",0.0572596895088341,0.74580272438842,12,NA,NA,NA
"control","TJK_LVA",0.061483159904464,1.19565852655528,24,NA,NA,NA
"control","TJK_MAR",0.11990095655494,0.748268807876191,19,NA,NA,NA
"control","TJK_MKD",0.204950282603711,1.03447792995015,22,NA,NA,NA
"control","TJK_SGP",-0.138441792914353,1.05626989751998,13,NA,NA,NA
"control","TJK_SVK",0.0690962022014637,0.818708443512299,26,NA,NA,NA
"control","TJK_THA",0.0421750503932392,0.707633223085896,26,NA,NA,NA
"control","TJK_URY",0.220912878082773,0.780035685376673,9,NA,NA,NA
"control","TKL_AUT",0.586967921227797,0.51942522854183,18,NA,NA,NA
"control","TKL_BRB",-0.20338489009313,0.99490004394884,18,NA,NA,NA
"control","TKL_PER",-0.250429454674064,0.893967138371563,19,NA,NA,NA
"control","TKL_SVK",-0.0508825357786445,0.965789623237228,20,NA,NA,NA
"control","TKL_SVN",0.0873507119656747,0.565883886663893,18,NA,NA,NA
"control","TKL_UGA",-0.374740408133283,1.52892374701442,15,NA,NA,NA
"control","TKL_ZAF",0.131142454619929,1.11051521219303,25,NA,NA,NA
"control","TKM_ARG",0.0938745859018717,0.371039836359291,13,NA,NA,NA
"control","TKM_CAN",-0.00963779047833762,1.58968656032586,25,NA,NA,NA
"control","TKM_GRL",0.403517048111292,1.22195365559079,9,NA,NA,NA
"control","TKM_HRV",0.15982909796237,0.650679696317967,22,NA,NA,NA
"control","TKM_KOR",-0.250911624402015,0.981048848953293,26,NA,NA,NA
"control","TKM_LVA",0.494542605483898,1.08079906602884,23,NA,NA,NA
"control","TKM_MDA",0.00298153771471968,0.991619780868532,23,NA,NA,NA
"control","TKM_SVK",-0.0544447668284201,0.955986793076691,21,NA,NA,NA
"control","TON_ESP",-0.431905105271951,0.953012920840347,17,NA,NA,NA
"control","TTO_BIH",-0.385264483486486,0.942947287554345,20,NA,NA,NA
"control","TTO_FJI",-0.0768983139266599,1.30639346992928,16,NA,NA,NA
"control","TTO_GRL",-0.378770491800091,0.89201085733748,11,NA,NA,NA
"control","TTO_KWT",0.0169687989995629,0.730282502083795,22,NA,NA,NA
"control","TTO_MAC",0.251937194616696,1.37473878509259,16,NA,NA,NA
"control","TTO_MDG",0.304800476978656,0.80652437784156,20,NA,NA,NA
"control","TTO_MKD",-0.721531612434294,0.805404370533773,11,NA,NA,NA
"control","TUN_AND",-0.117084154227876,1.14682964194301,26,NA,NA,NA
"control","TUN_GRL",-0.251373749293198,0.307428795724681,17,NA,NA,NA
"control","TUN_LVA",-0.218424356789673,0.729102342746339,9,NA,NA,NA
"control","TUN_MKD",0.0401430935377612,0.788190396023736,22,NA,NA,NA
"control","TUN_PAN",-0.0873443933099573,0.529438275322237,26,NA,NA,NA
"control","TUN_SVK",0.465579705329201,1.00317536630431,9,NA,NA,NA
"control","TUN_ZAF",0.308651999815134,1.34623651968404,26,NA,NA,NA
"control","TUR_GRL",-0.460230461168416,1.19666607028428,25,NA,NA,NA
"control","TUR_MDV",-0.00592723061921779,0.692370490765673,25,NA,NA,NA
"control","TUV_AUT",0.535470109859769,1.38604679003453,16,NA,NA,NA
"control","TUV_IRL",-0.22287117094191,0.868984021634545,15,NA,NA,NA
"control","TWN_DJI",0.401926149184891,0.621045901762739,24,NA,NA,NA
"control","TWN_GRL",0.0162793481766073,0.678800346154082,23,NA,NA,NA
"control","TWN_LTU",-0.45670755766218,0.937553307902078,26,NA,NA,NA
"control","TWN_LVA",-0.321969213126514,0.617494265569809,26,NA,NA,NA
"control","TWN_MDA",-0.0203169181967026,0.977189487773027,26,NA,NA,NA
"control","TWN_MKD",-0.24635707366471,0.705375175295099,26,NA,NA,NA
"control","TWN_MOZ",0.375499365155593,1.14106959686669,24,NA,NA,NA
"control","TWN_SVK",-0.358706061430514,0.688224254063003,26,NA,NA,NA
"control","TWN_SWZ",0.420364853722048,1.06827851947875,22,NA,NA,NA
"control","TWN_UGA",0.2190280229322,0.776180946441171,26,NA,NA,NA
"control","TZA_COG",0.11259244836077,1.23338130048977,24,NA,NA,NA
"control","TZA_LTU",-0.217643480711533,0.90427178560068,21,NA,NA,NA
"control","TZA_LVA",-0.0939839265641154,1.14573995700844,17,NA,NA,NA
"control","TZA_SVK",-0.0046372305985668,0.923226442569355,23,NA,NA,NA
"control","UGA_ARE",-0.0187474059370291,0.984710463918116,26,NA,NA,NA
"control","UGA_ARG",0.213824778178116,0.348037270503085,19,NA,NA,NA
"control","UGA_ATG",0.253431594591221,0.451402149170067,9,NA,NA,NA
"control","UGA_CAF",-0.0927811347217747,0.950784233124612,21,NA,NA,NA
"control","UGA_CRI",-0.257674691693111,0.739592203426467,22,NA,NA,NA
"control","UGA_FJI",-0.0552217873008637,1.23319001874913,14,NA,NA,NA
"control","UGA_GTM",-0.273913725756863,1.02620931203208,16,NA,NA,NA
"control","UGA_HND",-0.463895759943638,1.27018976088105,22,NA,NA,NA
"control","UGA_ISR",-0.248728033014117,0.906565675309706,26,NA,NA,NA
"control","UGA_MAC",0.0798458004303884,0.857088677318925,17,NA,NA,NA
"control","UGA_MEX",0.142968722735453,1.5146529003915,26,NA,NA,NA
"control","UGA_MKD",0.148718057138568,1.05913301621488,24,NA,NA,NA
"control","UGA_MLT",-0.257682756852647,0.667015432198097,25,NA,NA,NA
"control","UGA_NGA",0.14421080476167,1.1025313717323,25,NA,NA,NA
"control","UGA_NPL",0.278981172756503,0.79876216780434,15,NA,NA,NA
"control","UGA_PYF",0.142626632800013,0.75683174873069,18,NA,NA,NA
"control","UGA_QAT",-0.448224423035852,0.942319437257256,18,NA,NA,NA
"control","UGA_SOM",-0.0891391311500016,1.00582549109748,18,NA,NA,NA
"control","UGA_SVK",-0.113364019837194,0.567250540214754,24,NA,NA,NA
"control","UGA_ZAF",-0.154560425222953,0.698748664117835,26,NA,NA,NA
"control","UKR_ARG",-0.0355908049254434,0.848482482554355,26,NA,NA,NA
"control","UKR_CRI",0.211970279728051,0.904904344758028,26,NA,NA,NA
"control","UKR_EGY",0.070524197047768,1.12410013759441,26,NA,NA,NA
"control","UKR_GRD",0.0369441838569962,1.02985183864532,25,NA,NA,NA
"control","UKR_GRL",0.258406440696605,1.46404627554957,20,NA,NA,NA
"control","UKR_JOR",-0.108660307307319,0.675757127227343,26,NA,NA,NA
"control","UKR_LVA",-0.0469140932095586,0.908195370663452,19,NA,NA,NA
"control","UKR_MDA",0.236506491111801,1.35239319057819,8,NA,NA,NA
"control","UKR_MLT",0.105166853414052,0.828419302174878,19,NA,NA,NA
"control","UKR_MWI",0.0487560392449399,0.829610394468389,21,NA,NA,NA
"control","UKR_PAK",-0.000561326618082654,0.724853142605323,26,NA,NA,NA
"control","UKR_PER",0.375718626734266,0.773858845927292,26,NA,NA,NA
"control","UKR_SVK",0.184144883865447,1.00824345410619,19,NA,NA,NA
"control","UKR_TGO",-0.131360435487493,0.378712994369796,26,NA,NA,NA
"control","UKR_UGA",-0.0954295847068845,1.03419030483887,26,NA,NA,NA
"control","UKR_URY",0.00163718125505291,0.783542567168269,25,NA,NA,NA
"control","UKR_VEN",0.122935530961483,1.56471375035564,25,NA,NA,NA
"control","URY_ANT",0.0975262980469581,0.748351153745311,17,NA,NA,NA
"control","URY_ATG",0.0147678872278516,0.542678521425778,24,NA,NA,NA
"control","URY_BHR",0.480099683511746,0.755743928174196,20,NA,NA,NA
"control","URY_BLR",0.253893618535123,0.832509743766776,23,NA,NA,NA
"control","URY_DMA",0.0530378159079719,0.53748496529447,21,NA,NA,NA
"control","URY_DOM",-0.273228841233903,0.691982993788484,26,NA,NA,NA
"control","URY_GRL",-0.0815939876189078,0.992804309351364,19,NA,NA,NA
"control","URY_LTU",-0.0611934949001302,0.615422196130908,26,NA,NA,NA
"control","URY_LVA",0.104384192497138,0.794780177991395,26,NA,NA,NA
"control","URY_MKD",-0.179852268520311,1.6886051964433,26,NA,NA,NA
"control","URY_RUS",0.283757756286343,0.725422208161782,26,NA,NA,NA
"control","URY_SLV",0.16825075917939,0.676034098910934,26,NA,NA,NA
"control","URY_SUR",0.00243076162047258,1.61994983904269,26,NA,NA,NA
"control","URY_SVK",0.0306944274988409,0.512024761820541,26,NA,NA,NA
"control","URY_UKR",0.149520495743629,0.649840014911187,26,NA,NA,NA
"control","USA_PLW",-0.152016449453584,0.758743586110568,26,NA,NA,NA
"control","UZB_BRA",-0.188973774610506,0.831161896499484,26,NA,NA,NA
"control","UZB_EGY",-0.133905127431613,0.634761679942576,23,NA,NA,NA
"control","UZB_LVA",-0.215545620077912,0.941220980718209,26,NA,NA,NA
"control","UZB_MAR",0.0144686149071358,1.13106979380053,26,NA,NA,NA
"control","UZB_MLT",0.0149966429768634,0.31323971579034,9,NA,NA,NA
"control","UZB_SVK",-0.0334715482180117,0.65143075946727,26,NA,NA,NA
"control","UZB_URY",0.134274905566657,1.33701815354298,19,NA,NA,NA
"control","VCT_CHN",-0.221512834324938,0.786117234242156,21,NA,NA,NA
"control","VCT_CRI",0.244729798223925,0.721248540589339,17,NA,NA,NA
"control","VCT_TWN",-0.0404046945267029,1.02282499935144,23,NA,NA,NA
"control","VEN_AIA",0.156568935847782,0.948022645041949,15,NA,NA,NA
"control","VEN_AND",0.2224767171103,1.17567868376909,24,NA,NA,NA
"control","VEN_ANT",0.105453364503959,0.805850403035184,17,NA,NA,NA
"control","VEN_BHS",-0.3277956725629,0.674405735238016,25,NA,NA,NA
"control","VEN_BMU",-0.0356057134961559,1.53297662361529,21,NA,NA,NA
"control","VEN_CIV",0.10914415346775,1.20521651347542,25,NA,NA,NA
"control","VEN_CYM",0.190752144223953,0.89460314298767,9,NA,NA,NA
"control","VEN_GNQ",-0.114051960869577,0.843339882273392,8,NA,NA,NA
"control","VEN_HTI",0.163603246069462,0.982713214662529,18,NA,NA,NA
"control","VEN_KEN",-0.379310550252279,1.44449231949313,17,NA,NA,NA
"control","VEN_LTU",0.140387939915168,0.585031999782059,22,NA,NA,NA
"control","VEN_MUS",0.173363945728068,0.425876668556945,26,NA,NA,NA
"control","VEN_SVK",0.0511950875104065,0.751940199577172,26,NA,NA,NA
"control","VEN_SVN",0.303032691454496,1.25789707728774,26,NA,NA,NA
"control","VEN_TCA",-0.192656057716128,1.37154303850439,11,NA,NA,NA
"control","VEN_TGO",0.0590352464010634,0.999410735551695,19,NA,NA,NA
"control","VEN_UGA",-0.304241103841771,1.01394862665047,21,NA,NA,NA
"control","VEN_VGB",0.0235476905152603,0.632968642445699,15,NA,NA,NA
"control","VEN_YEM",-0.716000902789061,0.814216160460496,15,NA,NA,NA
"control","VGB_CRI",-0.14198720917904,1.05485513781212,24,NA,NA,NA
"control","VGB_FRA",0.212413323437873,0.782885107105461,12,NA,NA,NA
"control","VGB_GRL",0.0121394146620312,0.706209090670449,9,NA,NA,NA
"control","VGB_ITA",-0.22416025827804,1.34215949059209,11,NA,NA,NA
"control","VGB_MWI",0.516457736699788,1.02440272660855,8,NA,NA,NA
"control","VGB_ROU",-0.0903965235858185,0.606019763618518,12,NA,NA,NA
"control","VGB_SVN",0.0785366285710784,1.26402913100939,12,NA,NA,NA
"control","VGB_UGA",0.162834212970882,0.999914864292117,17,NA,NA,NA
"control","VGB_VEN",-0.092295346113069,1.30590332244792,18,NA,NA,NA
"control","VNM_BFA",-0.514332114022691,0.687447660315263,26,NA,NA,NA
"control","VNM_GRL",0.115960890332448,1.57699487162002,25,NA,NA,NA
"control","VNM_GTM",-0.17989784925602,1.38886694645489,23,NA,NA,NA
"control","VNM_HND",-0.205094011450952,0.527171110230398,24,NA,NA,NA
"control","VNM_JOR",-0.182325752245686,1.11128057328114,25,NA,NA,NA
"control","VNM_LTU",0.243152484341714,0.470578309139949,26,NA,NA,NA
"control","VNM_LVA",0.017961678597168,0.811338842052229,26,NA,NA,NA
"control","VNM_NPL",0.190329511658138,0.885492831452273,23,NA,NA,NA
"control","VNM_SVK",-0.152358216195955,0.897573358763799,26,NA,NA,NA
"control","VNM_TGO",-0.320129935986556,0.914443591487425,26,NA,NA,NA
"control","VNM_UGA",-0.0887866208647295,0.861379872168727,26,NA,NA,NA
"control","VNM_URY",-0.297357455948775,1.38282518513714,26,NA,NA,NA
"control","VNM_VCT",0.0833776400122982,1.4736050764335,22,NA,NA,NA
"control","VUT_GRC",0.128540742720719,1.63134862318501,13,NA,NA,NA
"control","VUT_IRL",0.0864473854125174,1.30440784158621,19,NA,NA,NA
"control","VUT_SVN",0.088118924658926,1.06253943211744,15,NA,NA,NA
"control","VUT_WLF",0.459588814869661,0.859257595016636,12,NA,NA,NA
"control","WLF_CRI",0.119826154787762,0.474129481884194,13,NA,NA,NA
"control","WSM_AUT",-0.0255530387397349,1.2667492894969,23,NA,NA,NA
"control","WSM_CZE",-0.545803461087118,0.78599261380892,19,NA,NA,NA
"control","WSM_IND",0.0181491623259732,0.428642849632524,21,NA,NA,NA
"control","WSM_POL",0.448431551714813,1.14640577905108,19,NA,NA,NA
"control","WSM_SVK",0.15684921492344,0.830949965932518,13,NA,NA,NA
"control","YEM_AUT",-0.211285941718029,1.36380723916065,26,NA,NA,NA
"control","YEM_HND",-0.225583296139068,0.459157024141727,16,NA,NA,NA
"control","YEM_ISL",-0.478115713226494,0.616829941979102,8,NA,NA,NA
"control","YEM_POL",-0.251512260244375,1.01168162927005,24,NA,NA,NA
"control","YEM_SVN",0.130629171856573,0.752773339111745,23,NA,NA,NA
"control","YEM_SYC",0.118175161831619,1.15879813979305,18,NA,NA,NA
"control","YEM_TGO",-0.0674490245675311,0.61855285135028,17,NA,NA,NA
"control","YEM_UGA",0.319254295994015,0.986142438388253,19,NA,NA,NA
"control","ZAF_BFA",0.0291491796480841,1.33867379561032,22,NA,NA,NA
"control","ZAF_BOL",0.397400422557183,0.675774635907365,22,NA,NA,NA
"control","ZAF_CUB",-0.0868186686437542,2.02889978617418,21,NA,NA,NA
"control","ZAF_DZA",0.186623823462625,1.05333549349753,25,NA,NA,NA
"control","ZAF_GMB",0.0060900631944246,1.43998709099525,25,NA,NA,NA
"control","ZAF_JOR",-0.0132682482910871,0.774091605538859,26,NA,NA,NA
"control","ZAF_LVA",0.566078214882921,0.381690366498181,8,NA,NA,NA
"control","ZAF_MDA",0.0340720255115237,0.535460855043916,25,NA,NA,NA
"control","ZAF_MDV",-0.00560142666465782,1.31400410139351,26,NA,NA,NA
"control","ZAF_MLI",0.186930969359371,2.10172327303366,24,NA,NA,NA
"control","ZAF_MRT",0.141816130399695,1.27846838780689,22,NA,NA,NA
"control","ZAF_NER",-0.136345576936138,0.846629784627174,25,NA,NA,NA
"control","ZAF_PAK",0.202395386748346,1.31705894691463,26,NA,NA,NA
"control","ZAF_RUS",0.101131975298475,1.0954565652316,26,NA,NA,NA
"control","ZAF_RWA",0.00404177388588338,0.711010471764818,26,NA,NA,NA
"control","ZAF_SOM",0.0838794269066116,0.685969393880648,21,NA,NA,NA
"control","ZAF_TGO",0.0050244145573074,1.04401900011226,26,NA,NA,NA
"control","ZAF_TUN",0.03871248614902,1.05419035571119,26,NA,NA,NA
"control","ZAF_UGA",-0.530005729897438,1.06179545599308,26,NA,NA,NA
"control","ZAF_UKR",0.153242828820814,0.564583146218103,26,NA,NA,NA
"control","ZAF_YEM",0.435267720776419,0.586170088669892,26,NA,NA,NA
"control","ZMB_CAF",0.129893610632311,0.507333082959953,9,NA,NA,NA
"control","ZMB_HND",0.101339831363863,0.675862761592812,15,NA,NA,NA
"control","ZMB_SVK",-0.120062623565854,0.584137965138802,23,NA,NA,NA
"control","ZWE_ALB",-0.412639345169175,2.34833886214756,12,NA,NA,NA
"control","ZWE_BFA",-0.0678783780678545,0.735449178689371,23,NA,NA,NA
"control","ZWE_CAF",-0.081407487769479,1.30166882177179,18,NA,NA,NA
"control","ZWE_EST",-0.39428182221301,1.34662913848075,17,NA,NA,NA
"control","ZWE_GRL",-0.562283399692943,0.49144846851822,8,NA,NA,NA
"control","ZWE_KNA",0.181167272691534,2.12845518342493,8,NA,NA,NA
"control","ZWE_LTU",-0.643682668345855,0.68159793947153,10,NA,NA,NA
"control","ZWE_MRT",0.0117232806678572,0.609292921715443,12,NA,NA,NA
"control","ZWE_SVK",-0.277242360004304,1.12683289382439,17,NA,NA,NA
"control","ZWE_TGO",-0.0941285401732211,0.308039148862435,13,NA,NA,NA
"control","ZWE_UKR",-0.0932334304637992,1.15410711932513,25,NA,NA,NA
"control","ZWE_URY",-0.327600275046276,1.3879000823165,11,NA,NA,NA
"control","ZWE_VCT",0.223354303077189,1.59426945084114,16,NA,NA,NA
"control","ABW_ISR",0.0942268613171239,0.736346885396809,17,NA,NA,NA
"control","ABW_SDN",0.203784590816764,0.435769299041788,22,NA,NA,NA
"control","ABW_SUR",-0.0518969743849156,0.882674245376782,22,NA,NA,NA
"control","ABW_TZA",-0.336575757435501,1.02024430845887,18,NA,NA,NA
"control","AFG_AND",0.0510930170345926,0.666208315377956,15,NA,NA,NA
"control","AFG_BFA",-0.142179121784727,1.15108674265459,19,NA,NA,NA
"control","AFG_EST",0.347913694175703,1.14514059898072,23,NA,NA,NA
"control","AFG_ETH",0.559807986384839,0.774148838760743,23,NA,NA,NA
"control","AFG_HND",0.172047147997115,0.352184485841553,17,NA,NA,NA
"control","AFG_TZA",-0.0519499996376009,0.858097366365741,20,NA,NA,NA
"control","AFG_UGA",0.300301622281592,1.51751319989135,15,NA,NA,NA
"control","AFG_VEN",0.00755511383640787,0.591542381950621,15,NA,NA,NA
"control","AFG_ZAF",0.145726275117811,0.591983910527459,23,NA,NA,NA
"control","AFG_ZMB",-0.161627149575723,0.567162108938017,8,NA,NA,NA
"control","AFG_ZWE",-0.335917819325584,0.879038947152933,13,NA,NA,NA
"control","AGO_BOL",-0.0866156107630839,1.25900267754297,15,NA,NA,NA
"control","AGO_CIV",-0.0762951250302886,0.938823016448527,21,NA,NA,NA
"control","AGO_CRI",-0.387525862722801,0.562173900635719,23,NA,NA,NA
"control","AGO_SGP",0.103672001391159,1.374913647233,22,NA,NA,NA
"control","AGO_VEN",0.225171636085372,1.22296902179104,20,NA,NA,NA
"control","AGO_ZAF",-0.219688399853699,0.820571773543643,24,NA,NA,NA
"control","AIA_BMU",-0.30726879132231,1.03657067022132,8,NA,NA,NA
"control","AIA_TZA",0.406892870126267,0.335223456566016,12,NA,NA,NA
"control","ALB_BFA",-0.104397522555706,0.860042520254647,16,NA,NA,NA
"control","ALB_BMU",-0.484621421214961,1.54576123215342,10,NA,NA,NA
"control","ALB_CRI",-0.151383855958846,1.01897863513511,25,NA,NA,NA
"control","ALB_ETH",-0.0555484499379621,0.898997791353072,20,NA,NA,NA
"control","ALB_MLT",-0.492951490131255,1.03555896651442,10,NA,NA,NA
"control","ALB_MUS",0.0442481338002012,1.6791777739775,25,NA,NA,NA
"control","ALB_SDN",-0.107731814171931,1.85717293659197,18,NA,NA,NA
"control","ALB_SEN",0.0623541720294835,0.967243319801694,20,NA,NA,NA
"control","ALB_SLV",0.334793660099097,0.782208295074618,20,NA,NA,NA
"control","ALB_TZA",-0.0588997700488627,0.7491660088242,22,NA,NA,NA
"control","ALB_UGA",0.421554293753461,0.792889467425667,9,NA,NA,NA
"control","ALB_ZMB",-0.106447410295966,0.782429264885567,9,NA,NA,NA
"control","AND_ARE",-0.0236763522442262,1.32018067491457,20,NA,NA,NA
"control","AND_BFA",-0.114537670565599,1.164074462112,17,NA,NA,NA
"control","AND_CRI",0.598227399046192,0.893458824717507,22,NA,NA,NA
"control","AND_PAN",0.127352812921292,1.30189877377164,12,NA,NA,NA
"control","AND_SDN",0.100008468970587,0.972694260054237,19,NA,NA,NA
"control","AND_SLV",0.316094826170532,2.03793826882914,18,NA,NA,NA
"control","AND_TWN",0.178905699363975,0.693825665269742,23,NA,NA,NA
"control","AND_TZA",-0.197695048744476,0.96731815275503,23,NA,NA,NA
"control","AND_UGA",-0.092289990593041,0.847790296252472,13,NA,NA,NA
"control","AND_ZWE",-0.464609440398702,0.647989078561107,19,NA,NA,NA
"control","ANT_AND",-0.512983867826109,2.31079785596768,8,NA,NA,NA
"control","ANT_ETH",0.0248228597225605,0.76152012351272,12,NA,NA,NA
"control","ANT_GIN",-0.0274874088092161,0.813493971313304,8,NA,NA,NA
"control","ANT_ISR",-0.208201686786183,0.941608912785554,9,NA,NA,NA
"control","ANT_NOR",0.49383598194904,1.33970738941931,16,NA,NA,NA
"control","ANT_PAN",-0.077374256319946,0.804578929543293,16,NA,NA,NA
"control","ANT_SUR",0.422373663301678,1.31272723571994,14,NA,NA,NA
"control","ANT_TGO",0.114374455595776,1.29353283338835,14,NA,NA,NA
"control","ANT_TZA",-0.233745952915758,0.686165074503865,15,NA,NA,NA
"control","ANT_ZMB",-0.155721063928817,1.10787810277604,11,NA,NA,NA
"control","ARE_BFA",-0.380838918159297,0.875946924346573,24,NA,NA,NA
"control","ARE_BMU",-0.153012151951327,1.44927670359265,13,NA,NA,NA
"control","ARE_CIV",-0.158049611008422,0.675451351163128,25,NA,NA,NA
"control","ARE_CMR",0.159363384004247,1.01983634768939,25,NA,NA,NA
"control","ARE_CRI",0.0126724999357773,0.928427511078674,25,NA,NA,NA
"control","ARE_DMA",-0.282412717608658,0.832222036634709,20,NA,NA,NA
"control","ARE_EST",-0.14535334574774,0.793325186123201,25,NA,NA,NA
"control","ARE_ISR",-0.122593015994835,1.15932244068634,15,NA,NA,NA
"control","ARE_KGZ",-0.143504008798142,0.496825005853508,24,NA,NA,NA
"control","ARE_NER",0.0820501646111919,0.99002577850749,25,NA,NA,NA
"control","ARE_ZMB",0.239757135584427,0.741093143888459,25,NA,NA,NA
"control","ARE_ZWE",0.0521713400727052,1.03367564128003,23,NA,NA,NA
"control","ARG_BLR",0.430461511153609,1.62838716312085,25,NA,NA,NA
"control","ARG_BWA",-0.0220774562145122,1.54998644414615,15,NA,NA,NA
"control","ARG_COM",0.00523333518790755,1.02902213975324,21,NA,NA,NA
"control","ARG_KAZ",0.130916574815078,1.18046528391911,24,NA,NA,NA
"control","ARG_MDA",0.271059522509389,0.739625331268692,25,NA,NA,NA
"control","ARG_MDV",0.063285761146802,1.03323936805208,18,NA,NA,NA
"control","ARM_BOL",0.270917872401176,1.27827952075656,18,NA,NA,NA
"control","ARM_BRA",-0.34020312517787,0.649691355136664,22,NA,NA,NA
"control","ARM_CRI",0.108850924857407,0.497268055441888,15,NA,NA,NA
"control","ARM_EST",-0.144448980007311,1.14419179638999,22,NA,NA,NA
"control","ARM_MEX",0.0486179266992042,1.3581888686093,23,NA,NA,NA
"control","ARM_MUS",-0.226072911418421,0.700250877646285,13,NA,NA,NA
"control","ARM_OMN",-0.147677666752331,1.31073965093221,13,NA,NA,NA
"control","ARM_SVK",0.4306209886265,0.726133323637199,21,NA,NA,NA
"control","ARM_TZA",-0.176367068384143,1.21679562484329,16,NA,NA,NA
"control","ATG_BMU",-0.0183093574038516,1.60301857726358,11,NA,NA,NA
"control","ATG_GIN",0.20163235084393,1.18435288533934,9,NA,NA,NA
"control","ATG_SDN",-0.385092488048412,1.94787706773403,10,NA,NA,NA
"control","ATG_TGO",0.0845905730681737,0.781267459441623,11,NA,NA,NA
"control","ATG_THA",-0.0483962731612796,0.736054218051581,25,NA,NA,NA
"control","ATG_TZA",0.830453902507637,1.02004254906462,19,NA,NA,NA
"control","ATG_ZWE",-0.115899898292915,1.22183639673788,13,NA,NA,NA
"control","AUS_AND",-0.0875468027168127,0.782742811774892,23,NA,NA,NA
"control","AUS_MDA",0.098779057101267,1.40383896259169,24,NA,NA,NA
"control","AUT_ERI",-0.0169616111328032,0.720176194295991,25,NA,NA,NA
"control","AUT_MHL",-0.358879263791294,1.28588067661796,22,NA,NA,NA
"control","AZE_AND",-0.626997757002502,0.712644077789729,10,NA,NA,NA
"control","AZE_EST",-0.240708289687796,1.06552666377453,25,NA,NA,NA
"control","BDI_BFA",-0.27121649837879,1.28964276908504,16,NA,NA,NA
"control","BDI_BGD",-0.495605549183459,0.869352127363835,15,NA,NA,NA
"control","BDI_CIV",-0.104553423654051,0.767462438697161,16,NA,NA,NA
"control","BDI_COG",-0.0431017228259604,1.89273882426089,19,NA,NA,NA
"control","BDI_CZE",0.451596908225757,0.660701567094429,24,NA,NA,NA
"control","BDI_GIN",-0.0853503346142319,0.790328642244433,20,NA,NA,NA
"control","BDI_TUN",0.0245213757863186,0.542627000375635,14,NA,NA,NA
"control","BEN_HUN",-0.336199215182652,0.606672352651203,15,NA,NA,NA
"control","BEN_TCD",0.27320723327326,0.571050440244695,23,NA,NA,NA
"control","BEN_UGA",0.441842979266061,0.799676948289275,18,NA,NA,NA
"control","BFA_CMR",0.242601076928176,1.1961430826012,24,NA,NA,NA
"control","BFA_EST",0.0564093677869389,0.871679802343716,14,NA,NA,NA
"control","BFA_ETH",-0.251298739222755,0.504846344959565,21,NA,NA,NA
"control","BFA_HUN",-0.224798688545134,1.13126512086048,15,NA,NA,NA
"control","BFA_MDG",-0.251117410782919,1.10407043534331,23,NA,NA,NA
"control","BFA_POL",-0.337325097450437,1.35582240519994,25,NA,NA,NA
"control","BFA_RUS",-0.111341657693007,1.1183967176435,20,NA,NA,NA
"control","BFA_SDN",-0.461611026216239,0.887952435146255,19,NA,NA,NA
"control","BFA_SGP",0.186791418818908,1.00935098375279,22,NA,NA,NA
"control","BFA_TCD",-0.0494878633679899,0.641522256984295,23,NA,NA,NA
"control","BFA_TZA",0.0822454380972442,1.14422310860002,22,NA,NA,NA
"control","BFA_ZAF",0.363389432563307,0.980988316400999,22,NA,NA,NA
"control","BGD_BLZ",-0.0854226736926618,1.10975649813927,16,NA,NA,NA
"control","BGD_EST",-0.0822821870524536,1.04871798471092,25,NA,NA,NA
"control","BGD_KNA",0.0420215367849394,1.09840620963688,18,NA,NA,NA
"control","BGD_LVA",-0.258073769468892,1.22636239739449,23,NA,NA,NA
"control","BGD_SLB",0.0477121030903191,0.804516287317688,19,NA,NA,NA
"control","BGD_UKR",-0.389386449366818,0.888918844115624,25,NA,NA,NA
"control","BGR_AND",0.00968215251992015,0.93535102133245,10,NA,NA,NA
"control","BGR_BFA",-0.102091415172505,1.07527265734014,25,NA,NA,NA
"control","BGR_BMU",0.573825570170825,0.855984884602407,8,NA,NA,NA
"control","BGR_CIV",-0.11374089244324,0.884249539756739,20,NA,NA,NA
"control","BGR_CMR",-0.00655642877843794,1.0382037469655,18,NA,NA,NA
"control","BGR_ETH",0.568840098061861,0.762431752786497,25,NA,NA,NA
"control","BGR_GIN",-0.199734447674773,1.13265354117062,25,NA,NA,NA
"control","BGR_GMB",-0.144897825921269,0.662010528979305,23,NA,NA,NA
"control","BGR_GRD",0.513822343616868,1.46058690752271,11,NA,NA,NA
"control","BGR_KGZ",0.532887757363191,0.848014269686023,25,NA,NA,NA
"control","BGR_MDV",-0.155017911397834,0.766860870434007,24,NA,NA,NA
"control","BGR_PAN",-0.10878720905955,0.581375053830983,17,NA,NA,NA
"control","BGR_PHL",-0.0574998838707186,1.14482790911128,25,NA,NA,NA
"control","BGR_SDN",-0.109949216497601,0.795874875073051,25,NA,NA,NA
"control","BGR_TZA",-0.100372904814323,1.35306359297137,25,NA,NA,NA
"control","BGR_ZMB",0.227679744365398,0.763122629890632,24,NA,NA,NA
"control","BHR_ARG",-0.00232944656750831,0.918981146137296,23,NA,NA,NA
"control","BHR_BMU",-0.64234204265643,1.62243884971309,9,NA,NA,NA
"control","BHR_MDV",-0.00725973411252613,0.848326211652493,25,NA,NA,NA
"control","BHR_SUR",-0.446707695465624,1.12020503875642,8,NA,NA,NA
"control","BHR_TZA",0.475783028716519,0.89370212107478,25,NA,NA,NA
"control","BHR_ZWE",-0.0544645171369415,0.550869179706969,16,NA,NA,NA
"control","BHS_BMU",-0.0569501901781255,1.17209282131395,24,NA,NA,NA
"control","BHS_EST",0.215385567059721,0.388699119474849,12,NA,NA,NA
"control","BHS_ISR",-0.183793221962263,0.559132775913144,25,NA,NA,NA
"control","BHS_LTU",0.44739115507977,1.70351589624936,13,NA,NA,NA
"control","BHS_LVA",0.207459013174776,1.70103271386447,9,NA,NA,NA
"control","BHS_MLT",-0.505206751122963,0.943022178367271,8,NA,NA,NA
"control","BHS_UGA",-0.0954640441435463,1.16874175291879,13,NA,NA,NA
"control","BHS_URY",-0.119713538051592,1.14570084133895,22,NA,NA,NA
"control","BHS_ZWE",-0.133145703887285,1.69726461367341,10,NA,NA,NA
"control","BIH_ARG",-0.0844083686118755,1.46983268125173,25,NA,NA,NA
"control","BIH_CAN",-0.245600728270999,0.991935213198987,25,NA,NA,NA
"control","BIH_ISR",0.139985316028138,1.25150383755924,25,NA,NA,NA
"control","BLR_AND",0.144667508553338,0.539971615516666,23,NA,NA,NA
"control","BLR_ARG",-0.0225135754397914,0.52474385609153,25,NA,NA,NA
"control","BLR_BOL",0.44458665942531,0.75368523533591,21,NA,NA,NA
"control","BLR_CRI",0.558233758575596,1.14160151061501,22,NA,NA,NA
"control","BLR_CYP",-0.43772296719208,1.05757170667903,24,NA,NA,NA
"control","BLR_EST",0.19638580332794,1.09160525342689,25,NA,NA,NA
"control","BLR_GIN",0.471557655003051,1.47419616202534,25,NA,NA,NA
"control","BLR_ISR",-0.143582872471815,1.01706050838409,25,NA,NA,NA
"control","BLR_MAC",-0.350413179097617,0.686904930311011,14,NA,NA,NA
"control","BLR_MEX",-0.224075230166749,1.08181030804488,23,NA,NA,NA
"control","BLR_MLT",0.0848073870972771,1.08819730540164,24,NA,NA,NA
"control","BLR_SGP",0.200568147454427,1.3810475395355,25,NA,NA,NA
"control","BLR_TGO",-0.196051698890217,1.52054782985121,19,NA,NA,NA
"control","BLR_TUN",-0.0884235855002111,0.63591129065923,25,NA,NA,NA
"control","BLR_UGA",0.253514890052661,0.586415384628413,21,NA,NA,NA
"control","BLR_URY",0.0862242497276228,0.805218256084006,24,NA,NA,NA
"control","BLZ_EST",-0.0758180769303859,0.755349444882008,11,NA,NA,NA
"control","BLZ_ETH",0.155517808099221,0.764044399613642,18,NA,NA,NA
"control","BLZ_ISR",0.051591085112345,0.882587052545014,17,NA,NA,NA
"control","BLZ_MUS",0.299558472761126,1.03321444685129,21,NA,NA,NA
"control","BMU_PAN",0.588149489869831,0.879491744381948,12,NA,NA,NA
"control","BMU_SYC",-0.12917938266857,0.907863468101532,10,NA,NA,NA
"control","BMU_UGA",-0.116825861194916,0.659875179360966,8,NA,NA,NA
"control","BMU_ZMB",0.0895766214506242,0.627041163940295,13,NA,NA,NA
"control","BMU_ZWE",-0.444512390921967,0.785403004422827,10,NA,NA,NA
"control","BOL_ALB",-0.0523422440826081,1.25448190999141,14,NA,NA,NA
"control","BOL_BHS",0.425672540330398,0.9272859329269,21,NA,NA,NA
"control","BOL_LVA",0.348752811657858,0.717357705276532,20,NA,NA,NA
"control","BOL_UGA",0.158793617197635,0.48354132517457,10,NA,NA,NA
"control","BRA_UZB",-0.462729690537732,1.02771580094612,25,NA,NA,NA
"control","BRB_AND",-0.331958493569347,0.61136635521398,17,NA,NA,NA
"control","BRB_BGD",0.0664030194259907,0.548525736331172,21,NA,NA,NA
"control","BRB_BMU",-0.230299480296755,1.43297527577506,24,NA,NA,NA
"control","BRB_CRI",-0.0191853314856616,0.923361025528646,25,NA,NA,NA
"control","BRB_DZA",0.491291992176172,0.611393877690401,13,NA,NA,NA
"control","BRB_GTM",-0.189566304681816,0.90446031392937,25,NA,NA,NA
"control","BRB_ISR",-0.168672991180075,1.21005046069077,24,NA,NA,NA
"control","BRB_MKD",-0.195525827750482,0.983397705769629,24,NA,NA,NA
"control","BRB_ZWE",0.0442913967069594,1.8381068846838,13,NA,NA,NA
"control","BRN_CMR",0.200126129548231,0.658222015760704,15,NA,NA,NA
"control","BRN_COG",0.2668889927131,0.820089478672883,12,NA,NA,NA
"control","BRN_HUN",0.0337107867815842,0.740720236268835,20,NA,NA,NA
"control","BRN_ISR",-0.270329377004275,0.928373041454175,12,NA,NA,NA
"control","BRN_NER",0.128993808743174,1.22084787647533,12,NA,NA,NA
"control","BRN_POL",0.24766277280954,1.14247826740296,18,NA,NA,NA
"control","BRN_SDN",0.187380911703012,1.7724805510385,14,NA,NA,NA
"control","BRN_SVN",0.187020831604832,1.09181510492204,22,NA,NA,NA
"control","BRN_TUN",-0.135736165924086,1.01360418600534,19,NA,NA,NA
"control","BRN_TZA",-0.447946888329038,1.04039083212704,20,NA,NA,NA
"control","BRN_UGA",0.311601652679753,0.571400191209442,10,NA,NA,NA
"control","BRN_ZWE",0.0509676394543526,0.656042966745124,8,NA,NA,NA
"control","BTN_CRI",-0.00113366244392851,0.999731321064145,11,NA,NA,NA
"control","BTN_IRL",0.399399062008906,1.00200941245531,14,NA,NA,NA
"control","BTN_TZA",-0.111125023307108,1.02135127580207,13,NA,NA,NA
"control","BTN_UGA",0.230805435114987,1.87382718394752,9,NA,NA,NA
"control","BWA_CZE",0.145737180083981,1.51847965182988,16,NA,NA,NA
"control","BWA_POL",-0.095471938417452,1.66699644092383,17,NA,NA,NA
"control","CAF_AGO",-0.12752565452365,1.04253443595074,10,NA,NA,NA
"control","CAF_BFA",0.283590038089385,1.12851400668329,17,NA,NA,NA
"control","CAF_BRB",0.0799042253637175,0.647235966634982,15,NA,NA,NA
"control","CAF_DZA",-0.0648811508789568,0.893951990796813,19,NA,NA,NA
"control","CAF_MWI",0.215073357157054,1.10808187425583,8,NA,NA,NA
"control","CAF_NIC",0.275487768792855,1.23864080973406,13,NA,NA,NA
"control","CAF_PRK",-0.184460992624993,2.03956488208748,9,NA,NA,NA
"control","CAN_AND",-0.0507083989551945,1.55963486388259,25,NA,NA,NA
"control","CAN_BIH",-0.120123792163477,1.16109136819582,25,NA,NA,NA
"control","CCK_CAN",-0.346614328890057,1.16195649339347,24,NA,NA,NA
"control","CCK_CRI",0.28099730431986,0.666488351066731,16,NA,NA,NA
"control","CCK_HRV",-0.326203550837489,1.83908229679585,14,NA,NA,NA
"control","CCK_SDN",0.235420079376738,0.295158151105087,10,NA,NA,NA
"control","CCK_THA",-0.208697122058895,1.21075905159407,23,NA,NA,NA
"control","CHL_BMU",0.194808752986607,1.1783047309542,18,NA,NA,NA
"control","CHL_EST",-0.123285175566193,1.09799179025161,8,NA,NA,NA
"control","CHL_KAZ",0.0686908160724203,0.852228137962642,25,NA,NA,NA
"control","CHL_MKD",-0.0227967959419366,0.822886905377756,25,NA,NA,NA
"control","CHL_MLI",-0.0699901601236449,0.86105956655491,22,NA,NA,NA
"control","CHL_SWZ",0.078689410194314,1.09263611866751,21,NA,NA,NA
"control","CHL_UKR",-0.172440780045568,1.18573583957571,25,NA,NA,NA
"control","CHN_PLW",0.303267246467893,1.05973230367416,25,NA,NA,NA
"control","CIV_AGO",-0.182994738074295,1.14137437205036,25,NA,NA,NA
"control","CIV_BHS",0.0989630918093474,0.77174686213964,24,NA,NA,NA
"control","CIV_COD",-0.376782146483612,1.19461922250823,25,NA,NA,NA
"control","CIV_COM",0.107706243779698,0.561909005616093,16,NA,NA,NA
"control","CIV_CUB",0.340371801641483,0.562801404629922,8,NA,NA,NA
"control","CIV_EST",-0.14084922056411,0.449974216559171,20,NA,NA,NA
"control","CIV_ETH",0.205554282786115,0.823070690783049,25,NA,NA,NA
"control","CIV_GIB",-0.0310456146935274,0.435376235379841,19,NA,NA,NA
"control","CIV_GNQ",0.145433080237695,0.732848504271209,25,NA,NA,NA
"control","CIV_LBN",-0.177436679873929,0.797777025679836,25,NA,NA,NA
"control","CIV_MOZ",0.206829033256264,0.656601989057037,25,NA,NA,NA
"control","CIV_MWI",-0.112339584041435,1.35573896373149,21,NA,NA,NA
"control","CIV_PAN",0.0415701189262444,0.990149466183247,24,NA,NA,NA
"control","CIV_RUS",-0.397290185369584,1.36284631966102,25,NA,NA,NA
"control","CIV_STP",0.127410496402127,0.702085004630847,20,NA,NA,NA
"control","CIV_SYC",0.115303362478969,1.05799642377572,20,NA,NA,NA
"control","CIV_SYR",0.494977131747329,1.36800015745334,25,NA,NA,NA
"control","CIV_TCD",0.0989484915738421,0.968470453415761,25,NA,NA,NA
"control","CIV_TZA",-0.0128141772888154,0.836191260542165,25,NA,NA,NA
"control","CIV_VCT",0.15113742749436,0.938359695852585,23,NA,NA,NA
"control","CIV_ZMB",0.309615026462328,1.02765184285016,25,NA,NA,NA
"control","CMR_AGO",0.275839157078651,1.05261472544103,23,NA,NA,NA
"control","CMR_BFA",-0.233865499330229,0.795101995234067,25,NA,NA,NA
"control","CMR_COM",0.051399337164079,0.975435924200908,19,NA,NA,NA
"control","CMR_EST",-0.233055483555582,1.3055302274817,16,NA,NA,NA
"control","CMR_GMB",-0.203402834000501,1.14236368500013,22,NA,NA,NA
"control","CMR_KEN",0.108346535440507,1.00287901271932,25,NA,NA,NA
"control","CMR_KWT",-0.0240772377151379,1.68231377162316,23,NA,NA,NA
"control","CMR_LBN",-0.0753317390907932,1.05167868517488,25,NA,NA,NA
"control","CMR_LVA",-0.351201779910605,1.06340252999087,10,NA,NA,NA
"control","CMR_MLI",-0.292076662993287,0.736432879131906,25,NA,NA,NA
"control","CMR_MRT",0.147362143262687,1.04752219505875,21,NA,NA,NA
"control","CMR_NER",-0.151363824675499,1.38177874866958,25,NA,NA,NA
"control","CMR_STP",0.0758374024963129,1.086522232181,23,NA,NA,NA
"control","CMR_SYR",0.18529613004418,0.960264545237635,16,NA,NA,NA
"control","CMR_ZMB",-0.0355863116073666,1.26088156779382,23,NA,NA,NA
"control","COD_CIV",0.00175770233159701,0.822697026891413,25,NA,NA,NA
"control","COD_HND",0.246892161283927,1.20530999262151,15,NA,NA,NA
"control","COD_TGO",0.112751375044051,0.807866389400375,23,NA,NA,NA
"control","COG_CRI",0.154593381297426,1.38340220745278,19,NA,NA,NA
"control","COG_ETH",-0.0329015654698267,0.617344754900191,20,NA,NA,NA
"control","COG_SVK",-0.0534812421963239,1.6070144637797,23,NA,NA,NA
"control","COG_VEN",0.434385140071281,0.999119167031722,19,NA,NA,NA
"control","COK_CRI",-0.170039739607369,0.695618541908342,18,NA,NA,NA
"control","COK_GIN",0.311445392156632,0.726061730731157,12,NA,NA,NA
"control","COL_BIH",0.558043678495043,1.14718486062137,19,NA,NA,NA
"control","COL_BWA",-0.404811571996733,1.38205949466086,13,NA,NA,NA
"control","COL_KHM",-0.34046434336094,0.991577860746022,20,NA,NA,NA
"control","COL_NER",-0.225362933233321,1.31702053897433,23,NA,NA,NA
"control","COL_WSM",-0.343661343123959,1.85390212175291,9,NA,NA,NA
"control","COM_ARE",0.1846907985527,1.07474698812968,21,NA,NA,NA
"control","COM_ARG",-0.470843835664941,0.792819261070475,24,NA,NA,NA
"control","COM_CMR",0.243192686647475,1.71280561704719,13,NA,NA,NA
"control","COM_HRV",-0.123762959200182,0.703313783939128,18,NA,NA,NA
"control","COM_MKD",0.0918901550397034,0.475823261818944,9,NA,NA,NA
"control","COM_POL",0.171156676926439,0.876966140697171,20,NA,NA,NA
"control","CPV_ETH",0.00033256342704056,0.676292988152492,14,NA,NA,NA
"control","CPV_POL",0.0698174383108489,0.942904611338866,17,NA,NA,NA
"control","CPV_SDN",-0.186415107103643,1.06197181194811,13,NA,NA,NA
"control","CPV_SGP",0.0129021912234185,0.847586247299375,21,NA,NA,NA
"control","CPV_SVK",0.273016834218128,1.44385996513538,20,NA,NA,NA
"control","CRI_AND",0.193805913979578,1.35969352880857,21,NA,NA,NA
"control","CRI_ARM",0.215126884568269,1.75623704620242,19,NA,NA,NA
"control","CRI_BDI",-0.0325661464925731,1.26643951063385,9,NA,NA,NA
"control","CRI_BFA",0.00932276350486026,0.897038462984701,14,NA,NA,NA
"control","CRI_EST",-0.138165613014249,0.873733787180396,17,NA,NA,NA
"control","CRI_ETH",-0.252173682434916,0.46181798585124,20,NA,NA,NA
"control","CRI_GIN",0.208971248332811,1.34467055238688,11,NA,NA,NA
"control","CRI_MDA",-0.0748523353772509,0.992523519824313,22,NA,NA,NA
"control","CRI_NAM",-0.169097965712726,1.53688299981718,13,NA,NA,NA
"control","CRI_SDN",-0.184148341707866,0.835334687308164,19,NA,NA,NA
"control","CRI_ZMB",-0.0997624753274219,0.664772245089804,18,NA,NA,NA
"control","CUB_AND",-0.0764044466476879,0.521456847325713,24,NA,NA,NA
"control","CUB_BMU",-0.0264134473875618,0.924978648080072,18,NA,NA,NA
"control","CUB_CIV",-0.0788336449920209,0.518062787469242,25,NA,NA,NA
"control","CUB_KGZ",-0.187872888826072,0.649968368368863,23,NA,NA,NA
"control","CUB_KNA",0.148604591601854,0.873699891039281,19,NA,NA,NA
"control","CUB_SEN",0.322912801367953,0.546670636334789,25,NA,NA,NA
"control","CUB_SYC",-0.0091139912865353,0.541471623145029,20,NA,NA,NA
"control","CUB_UGA",-0.105521063452591,1.07659951727602,19,NA,NA,NA
"control","CXR_BOL",0.0654299929712188,2.14999921987078,12,NA,NA,NA
"control","CXR_CRI",-0.412003419463268,0.445948620527145,8,NA,NA,NA
"control","CXR_POL",0.149640602584979,1.12393889675786,19,NA,NA,NA
"control","CXR_SGP",0.16879540534819,1.0189384802082,25,NA,NA,NA
"control","CYM_BMU",0.542140501756289,1.01613447274723,12,NA,NA,NA
"control","CYM_BOL",0.447416336178034,0.51698130496377,9,NA,NA,NA
"control","CYM_CRI",0.123996207994014,1.0453110070493,24,NA,NA,NA
"control","CYM_GRD",-0.0646976912326047,0.548365099572356,21,NA,NA,NA
"control","CYM_ISR",0.0045182921774834,1.21723385001383,14,NA,NA,NA
"control","CYM_PER",0.0179836933795739,1.31506911215202,13,NA,NA,NA
"control","CYP_BLR",0.0736626546508218,1.03016344110192,25,NA,NA,NA
"control","CYP_COM",0.0906710688702997,0.69822197343643,9,NA,NA,NA
"control","CYP_ERI",0.125613355689348,1.08937764294823,25,NA,NA,NA
"control","CYP_GNQ",0.250183040764885,1.08130169473817,11,NA,NA,NA
"control","CYP_HND",0.152196046001435,1.09945514071067,12,NA,NA,NA
"control","CYP_KGZ",-0.0110790073810806,0.736051175273227,22,NA,NA,NA
"control","CYP_MDV",0.048386837840417,0.78749352196658,22,NA,NA,NA
"control","CYP_SUR",-0.0237710206363221,0.99007991995724,11,NA,NA,NA
"control","CYP_TJK",0.00146965765259071,1.47980416679538,10,NA,NA,NA
"control","CYP_UZB",-0.342059246207958,0.946242935709287,23,NA,NA,NA
"control","CZE_ETH",0.217624348622563,0.856407733879564,25,NA,NA,NA
"control","CZE_MDV",-0.798153790840504,0.832812600228627,23,NA,NA,NA
"control","CZE_PLW",0.499723571675104,0.943438927976532,11,NA,NA,NA
"control","CZE_TCD",-0.627203705237912,0.963234756480458,24,NA,NA,NA
"control","CZE_ZAF",0.438309807004544,0.589009829563725,8,NA,NA,NA
"control","DEU_LSO",0.0685254026409685,0.519292083611014,18,NA,NA,NA
"control","DEU_PLW",0.0417497087166048,0.793841422639936,24,NA,NA,NA
"control","DJI_GRL",0.402194931846179,1.10372283532516,13,NA,NA,NA
"control","DJI_ISR",-0.123559385591948,1.17911243630153,19,NA,NA,NA
"control","DMA_ARG",0.0950791961334517,1.287913248333,22,NA,NA,NA
"control","DMA_CIV",0.0608082602554958,1.01712684304902,16,NA,NA,NA
"control","DMA_CMR",-0.356542225173978,0.982253225595173,13,NA,NA,NA
"control","DMA_EST",-0.240757496881449,0.73358325952928,11,NA,NA,NA
"control","DMA_MAC",-0.0699189601418533,0.561241670931308,18,NA,NA,NA
"control","DMA_MUS",-0.181685919489303,0.571722887348983,13,NA,NA,NA
"control","DMA_PAN",0.197825096480729,1.08497394274817,16,NA,NA,NA
"control","DMA_SDN",-0.142811655386581,1.2601918037406,19,NA,NA,NA
"control","DMA_SLV",0.163662262466339,1.07196117833799,19,NA,NA,NA
"control","DMA_TCA",-0.347856251286215,0.120395360697832,8,NA,NA,NA
"control","DMA_TZA",0.0460469562549826,1.09342770648559,20,NA,NA,NA
"control","DMA_ZMB",0.388437866796008,0.990833309488668,11,NA,NA,NA
"control","DMA_ZWE",0.489114068991034,0.795410885227458,10,NA,NA,NA
"control","DNK_NAM",0.0467472530425987,0.966080724785982,17,NA,NA,NA
"control","DOM_AND",-0.0512507608357605,1.09885940972242,25,NA,NA,NA
"control","DOM_BMU",0.123119268737068,1.13427650081306,21,NA,NA,NA
"control","DOM_CIV",0.00430202427533918,1.07692160143988,22,NA,NA,NA
"control","DOM_CMR",0.196078827850142,1.05010410953391,21,NA,NA,NA
"control","DOM_EST",0.149491827667106,0.708841592562199,12,NA,NA,NA
"control","DOM_GIN",-0.122948700364034,1.507378241808,10,NA,NA,NA
"control","DOM_ISR",0.268331340085873,0.63751619105809,25,NA,NA,NA
"control","DOM_MUS",-0.122878173506083,1.38889240545243,23,NA,NA,NA
"control","DOM_SDN",0.0376333439687654,0.845909750835759,16,NA,NA,NA
"control","DOM_SGP",0.0340297044787354,0.512771957139642,25,NA,NA,NA
"control","DOM_TZA",-0.304290887126657,1.13312117328126,12,NA,NA,NA
"control","DZA_ETH",-0.213384612210548,1.10586994249995,21,NA,NA,NA
"control","DZA_MKD",-0.0658069112055027,0.533468194502631,18,NA,NA,NA
"control","DZA_SLV",-0.278845090846876,0.911474599185559,13,NA,NA,NA
"control","DZA_TCD",-0.26985266737353,0.59366677897963,15,NA,NA,NA
"control","ECU_AFG",0.202517559103898,0.825899446775385,20,NA,NA,NA
"control","ECU_AND",-0.328719184401544,0.710427051123921,21,NA,NA,NA
"control","ECU_BFA",0.416318219787321,1.19687114271551,18,NA,NA,NA
"control","ECU_CIV",0.0300379403091687,0.761629440089937,25,NA,NA,NA
"control","ECU_COM",-0.334339727397198,0.94042463566473,12,NA,NA,NA
"control","ECU_EST",-0.0713501193346554,0.929242220180835,21,NA,NA,NA
"control","ECU_MDA",-0.327997095915451,0.801675224210392,25,NA,NA,NA
"control","ECU_VCT",0.0733837547778855,0.973072066315965,22,NA,NA,NA
"control","EGY_AND",-0.0738785433502791,0.654727366501353,23,NA,NA,NA
"control","EGY_BIH",-0.0775625979929672,0.825389549567438,25,NA,NA,NA
"control","EGY_BMU",-0.601831830172821,0.575821198487805,18,NA,NA,NA
"control","EGY_BRB",-0.0867624769722989,0.802771239154634,24,NA,NA,NA
"control","EGY_GIB",0.0629899850250198,0.750215692036657,11,NA,NA,NA
"control","EGY_HND",0.307850428988116,0.669466368370132,23,NA,NA,NA
"control","EGY_MDV",0.158167284616746,1.19291333235112,22,NA,NA,NA
"control","EGY_MSR",0.0468284004747964,0.786713846919753,11,NA,NA,NA
"control","EGY_SUR",0.172192984912725,1.22480464076799,20,NA,NA,NA
"control","ERI_AUT",0.0980009123261751,0.801091515629314,25,NA,NA,NA
"control","ERI_BRA",0.120984155870987,0.91130696158755,15,NA,NA,NA
"control","ERI_ESP",0.0187186074297165,0.635556099852084,21,NA,NA,NA
"control","ERI_EST",-0.290197875334956,0.782112665889206,12,NA,NA,NA
"control","ERI_FRA",-0.258652044591648,1.43547162009902,25,NA,NA,NA
"control","ERI_GBR",0.0442144451588023,1.39855721880649,24,NA,NA,NA
"control","ERI_IRL",-0.235163286559007,0.926964406279834,25,NA,NA,NA
"control","ERI_ITA",0.165197192525307,0.856345890136661,25,NA,NA,NA
"control","ERI_MEX",-0.208298452599873,1.07710570651844,13,NA,NA,NA
"control","ERI_USA",-0.167191627921681,1.46387118997916,25,NA,NA,NA
"control","ESH_SVN",0.143330997307488,0.649449922014803,11,NA,NA,NA
"control","ESP_ERI",0.28480897977582,0.971632292173289,25,NA,NA,NA
"control","ESP_MHL",-0.225433765468886,0.922396123626809,22,NA,NA,NA
"control","ESP_MNP",-0.0394485646168899,0.817277471995563,25,NA,NA,NA
"control","EST_AFG",-0.25990208910697,0.611305977189205,23,NA,NA,NA
"control","EST_AGO",-0.131961157846933,1.58585190168964,25,NA,NA,NA
"control","EST_ARM",-0.102823430771513,1.68013774370162,22,NA,NA,NA
"control","EST_AZE",-0.0152247804696729,0.877584716906339,25,NA,NA,NA
"control","EST_BHS",0.0350894207718531,1.64904385503486,12,NA,NA,NA
"control","EST_BLR",0.11496384463261,0.697326085028893,25,NA,NA,NA
"control","EST_BOL",0.0752605670614062,0.878827867872986,24,NA,NA,NA
"control","EST_BRB",-0.202818654231574,0.9208344972522,12,NA,NA,NA
"control","EST_CHL",0.280521914899827,1.06664910380348,8,NA,NA,NA
"control","EST_CUB",-0.582157607532046,0.970027068835348,22,NA,NA,NA
"control","EST_CYM",-0.000701591809676161,0.653948294183956,8,NA,NA,NA
"control","EST_DMA",0.196200093296329,0.453142570677583,8,NA,NA,NA
"control","EST_DZA",-0.144528720440658,1.68188895556855,8,NA,NA,NA
"control","EST_GEO",-0.139463566400785,1.52901891706973,18,NA,NA,NA
"control","EST_GHA",0.0896903281086788,0.586682326867936,20,NA,NA,NA
"control","EST_GIB",0.0118092081940966,1.14296591492189,25,NA,NA,NA
"control","EST_GMB",-0.0202880930391593,0.465786401801345,13,NA,NA,NA
"control","EST_HND",-0.199699515623371,0.79516638391393,17,NA,NA,NA
"control","EST_IDN",0.46144016152907,1.18131990076589,25,NA,NA,NA
"control","EST_IRN",-0.224563422903739,1.08358629794496,24,NA,NA,NA
"control","EST_ISR",-0.0417278994665818,1.10825987960169,8,NA,NA,NA
"control","EST_KAZ",0.0473708430189574,0.754146014067148,25,NA,NA,NA
"control","EST_KEN",-0.0934214309485503,1.28112082428425,24,NA,NA,NA
"control","EST_KGZ",-0.302371543307503,1.31641246710398,25,NA,NA,NA
"control","EST_KHM",0.0451158050314755,1.48967822915462,25,NA,NA,NA
"control","EST_LAO",-0.173842749918336,0.563410570381634,17,NA,NA,NA
"control","EST_LBN",-0.0692282546131109,1.53234211354213,8,NA,NA,NA
"control","EST_LBR",-0.166201034448333,0.86104877930023,25,NA,NA,NA
"control","EST_LBY",0.329356143779964,1.39634532350034,24,NA,NA,NA
"control","EST_MAC",0.321324858725499,0.635356060920986,18,NA,NA,NA
"control","EST_MMR",0.0574429085909818,0.762187967245057,18,NA,NA,NA
"control","EST_MNG",0.201699247508732,1.48061552283352,24,NA,NA,NA
"control","EST_MRT",-0.184798806413062,0.577219018197757,23,NA,NA,NA
"control","EST_MYS",-0.0471686670562176,0.548592415314522,25,NA,NA,NA
"control","EST_NGA",-0.109365072946218,0.856990121840401,24,NA,NA,NA
"control","EST_PAK",0.29864432951391,0.853500074792752,24,NA,NA,NA
"control","EST_PAN",0.141071415914508,1.48265617327547,17,NA,NA,NA
"control","EST_RUS",-0.5270916295555,1.1693697705696,25,NA,NA,NA
"control","EST_SDN",0.277992180374169,0.607835266856966,25,NA,NA,NA
"control","EST_SYR",0.289623922645559,1.36098315162978,8,NA,NA,NA
"control","EST_TJK",0.102738609066616,0.862899136550317,25,NA,NA,NA
"control","EST_TKM",-0.173041267402338,0.949864927631452,25,NA,NA,NA
"control","EST_TWN",-0.116613484051533,1.08943024260884,25,NA,NA,NA
"control","EST_TZA",-0.234398812181557,1.46686776616222,20,NA,NA,NA
"control","EST_UZB",0.327897556924583,0.66014183040314,25,NA,NA,NA
"control","EST_VCT",-0.0868812424056408,1.30597031853125,12,NA,NA,NA
"control","EST_VEN",0.0529419062021139,0.721010380147458,25,NA,NA,NA
"control","EST_VUT",-0.480508279018078,0.24128298274775,9,NA,NA,NA
"control","ETH_ARG",-0.0456078906028543,0.974266910767128,25,NA,NA,NA
"control","ETH_BFA",-0.33309077045847,1.35395161817984,21,NA,NA,NA
"control","ETH_CMR",-0.323856445483626,0.960403585643497,19,NA,NA,NA
"control","ETH_CZE",-0.279786778882698,0.917288944709923,25,NA,NA,NA
"control","ETH_ECU",-0.375167174917731,0.378338599031583,14,NA,NA,NA
"control","ETH_EST",-0.106204647302072,0.914607872987559,23,NA,NA,NA
"control","ETH_GMB",-0.0560663584191497,0.609229362880151,15,NA,NA,NA
"control","ETH_GTM",-0.0738029234062722,1.72913094180068,24,NA,NA,NA
"control","ETH_IRL",0.0477849092228296,0.57973534636822,24,NA,NA,NA
"control","ETH_ISR",0.429819417335564,1.46057245419426,25,NA,NA,NA
"control","ETH_KWT",-0.0132863482079362,0.842895178732472,24,NA,NA,NA
"control","ETH_LBN",-0.0312107209232623,1.13748629296452,24,NA,NA,NA
"control","ETH_LBR",-0.375459049877396,0.691176313397041,12,NA,NA,NA
"control","ETH_NPL",-0.038570701895338,1.09777065369772,18,NA,NA,NA
"control","ETH_PAK",0.317524129278425,1.11256994093838,24,NA,NA,NA
"control","ETH_PER",0.137943634142788,0.582021750033206,21,NA,NA,NA
"control","ETH_TCD",0.332308744770241,0.571672049496503,15,NA,NA,NA
"control","ETH_TWN",0.03089378072154,1.1206244714628,25,NA,NA,NA
"control","ETH_YEM",-0.0356262052784863,1.1633334186271,24,NA,NA,NA
"control","ETH_ZAF",-0.062701908437504,0.887695665851085,24,NA,NA,NA
"control","FIN_MNP",0.0353346735988675,0.492354461066837,22,NA,NA,NA
"control","FJI_BMU",0.552340531464014,1.1695138560237,12,NA,NA,NA
"control","FJI_CHL",0.241765076175191,0.565271981534574,18,NA,NA,NA
"control","FJI_CZE",-0.27813090009585,1.19416199347393,13,NA,NA,NA
"control","FJI_EST",-0.00397672601351077,0.863660264421526,9,NA,NA,NA
"control","FJI_PAN",0.269027279602587,1.08495839800909,14,NA,NA,NA
"control","FJI_SVK",-0.52847044547172,1.19535237705115,9,NA,NA,NA
"control","FJI_TZA",-0.154648952779597,1.06433557027879,14,NA,NA,NA
"control","FLK_GIN",0.10899175808765,0.951260904491786,8,NA,NA,NA
"control","FLK_TZA",-0.294087165075517,0.470647193661417,11,NA,NA,NA
"control","FRA_PLW",0.194407038819492,1.59777021795502,22,NA,NA,NA
"control","FRO_PAN",-0.277668102542684,1.75876101972493,8,NA,NA,NA
"control","FRO_PER",-0.565473240762446,0.809691447047454,11,NA,NA,NA
"control","FSM_IRL",-0.100998012460976,0.924879471703226,23,NA,NA,NA
"control","FSM_POL",-0.1307432680559,0.905668895504103,14,NA,NA,NA
"control","GAB_BOL",0.0361899290990602,1.75991290598984,14,NA,NA,NA
"control","GAB_ETH",-0.195075294954991,1.20832336032348,23,NA,NA,NA
"control","GAB_MKD",0.0702981473543376,1.44770183412751,14,NA,NA,NA
"control","GAB_NZL",-0.22394527521153,1.27988627931774,25,NA,NA,NA
"control","GAB_SDN",-0.0252718664063283,1.47640050929893,23,NA,NA,NA
"control","GAB_TZA",-0.0349878680317674,1.07897564103251,25,NA,NA,NA
"control","GAB_UGA",-0.00306831188369505,0.611721450026137,20,NA,NA,NA
"control","GAB_ZWE",0.0491833583741237,0.74524842202843,20,NA,NA,NA
"control","GBR_PLW",0.269019698794671,0.984317012693028,25,NA,NA,NA
"control","GEO_AND",-0.000799556966371059,0.975636901449288,19,NA,NA,NA
"control","GEO_DZA",-0.0200560003841397,1.04619654799018,25,NA,NA,NA
"control","GEO_EST",0.103693306994431,1.58014687717395,18,NA,NA,NA
"control","GEO_ISR",-0.28054045298086,1.14443179770736,25,NA,NA,NA
"control","GEO_JOR",-0.0394931276047592,1.40857493210068,23,NA,NA,NA
"control","GEO_KGZ",-0.0463377493414746,0.959872276249855,25,NA,NA,NA
"control","GEO_MEX",0.0189494353198841,1.22768966810157,21,NA,NA,NA
"control","GEO_MUS",-0.134700500206667,0.710180463158912,25,NA,NA,NA
"control","GEO_THA",-0.124550057944252,0.660519437469347,25,NA,NA,NA
"control","GEO_TZA",0.196090159921379,1.12719836994763,25,NA,NA,NA
"control","GHA_BDI",0.141700444981335,1.20934671356012,17,NA,NA,NA
"control","GHA_BWA",-0.00024657226299288,1.14292244727281,24,NA,NA,NA
"control","GHA_EST",-0.143054027888101,0.913438678523294,20,NA,NA,NA
"control","GHA_ETH",0.0897516825195356,1.53969098054009,25,NA,NA,NA
"control","GHA_ISR",0.0936869537745069,1.20513164994603,25,NA,NA,NA
"control","GHA_ZMB",-0.126178290384311,1.01213744806132,25,NA,NA,NA
"control","GIB_ARG",0.0514708313849253,1.16857738477629,12,NA,NA,NA
"control","GIB_BFA",-0.0792831425186475,1.20989513328526,10,NA,NA,NA
"control","GIB_CIV",0.401036138765054,0.845717748245961,19,NA,NA,NA
"control","GIB_CMR",-0.233498204631356,1.4119756136076,10,NA,NA,NA
"control","GIB_EST",0.0674973225049342,0.991099184267353,20,NA,NA,NA
"control","GIB_ETH",-0.314048225741908,1.30059088029117,17,NA,NA,NA
"control","GIB_GIN",-0.22054565792301,0.644387459572406,14,NA,NA,NA
"control","GIB_TZA",0.217552096910891,1.44642307381691,22,NA,NA,NA
"control","GIB_URY",0.14893997112491,0.910581675607756,9,NA,NA,NA
"control","GIB_ZMB",0.432694256253103,1.73854380442701,19,NA,NA,NA
"control","GIB_ZWE",0.384333062964528,0.879294577395296,13,NA,NA,NA
"control","GIN_AGO",0.0848495475710757,0.914114282090256,19,NA,NA,NA
"control","GIN_ATG",-0.417162605831425,0.698944597462062,8,NA,NA,NA
"control","GIN_BMU",-0.146202690511987,0.556308458238236,9,NA,NA,NA
"control","GIN_COD",-0.0486285904461146,0.484229757105155,17,NA,NA,NA
"control","GIN_COG",-0.016000205170869,1.21939251825467,23,NA,NA,NA
"control","GIN_CRI",-0.634278150417078,1.36176308602799,13,NA,NA,NA
"control","GIN_CYP",-0.0563170820469066,0.974274441729551,14,NA,NA,NA
"control","GIN_GRD",-0.444614096145419,1.1551505703961,10,NA,NA,NA
"control","GIN_GTM",0.136300308796288,1.50432043722106,16,NA,NA,NA
"control","GIN_HND",0.485441996771512,1.23131216975934,15,NA,NA,NA
"control","GIN_HRV",-0.334019697088783,0.760897211990518,23,NA,NA,NA
"control","GIN_ISR",-0.101367863997465,0.696794508990214,23,NA,NA,NA
"control","GIN_JOR",-0.294087614288275,1.30733494119548,17,NA,NA,NA
"control","GIN_KEN",-0.124290694321491,0.856549111017852,18,NA,NA,NA
"control","GIN_LBN",-0.0399316345974066,1.10502875858564,25,NA,NA,NA
"control","GIN_OMN",-0.0868542389239563,0.546183121941117,8,NA,NA,NA
"control","GIN_RUS",-0.0492484899309202,1.30422806844657,25,NA,NA,NA
"control","GIN_UGA",0.0770955080565609,0.783233333446055,24,NA,NA,NA
"control","GIN_UKR",0.217910573147569,0.755462534922189,25,NA,NA,NA
"control","GIN_VCT",-0.692770206046328,0.828326281916756,12,NA,NA,NA
"control","GMB_AUS",0.10098029444892,0.34388676213803,24,NA,NA,NA
"control","GMB_BOL",-0.707797947831601,1.38301574633497,8,NA,NA,NA
"control","GMB_EGY",-0.465790696898799,1.04776074032826,13,NA,NA,NA
"control","GMB_IDN",-0.132966158108505,0.744536595320639,24,NA,NA,NA
"control","GMB_IRL",-0.298910329781161,1.15582003797396,25,NA,NA,NA
"control","GMB_LBN",-0.119070469346584,0.940613458690541,21,NA,NA,NA
"control","GMB_POL",-0.304897736387607,0.659283429199247,18,NA,NA,NA
"control","GMB_RUS",-0.0607352223965057,1.32990524088258,23,NA,NA,NA
"control","GMB_SDN",-0.203026717591057,0.794229037529769,15,NA,NA,NA
"control","GMB_TZA",-0.428495318697536,0.398202738937733,22,NA,NA,NA
"control","GMB_ZMB",0.0533382932195727,0.57631992211872,13,NA,NA,NA
"control","GMB_ZWE",-0.0302204371534759,0.415115679956149,18,NA,NA,NA
"control","GNB_CMR",0.182135373338183,1.22617605613912,14,NA,NA,NA
"control","GNB_GRC",0.128718039991071,0.928766729035398,11,NA,NA,NA
"control","GNB_NZL",0.398470325885698,1.23167276153485,8,NA,NA,NA
"control","GNB_TUR",-0.0680768521542029,0.955168288263646,13,NA,NA,NA
"control","GNQ_BFA",0.302897257230568,0.994175249660971,18,NA,NA,NA
"control","GNQ_CAN",-0.0652088728678813,1.52934896697522,25,NA,NA,NA
"control","GNQ_CIV",0.357681400662686,0.92095773734965,21,NA,NA,NA
"control","GNQ_CRI",-0.0250958549528761,0.420707728708832,9,NA,NA,NA
"control","GNQ_ETH",0.0708907010109846,0.584324660809148,12,NA,NA,NA
"control","GNQ_ISR",0.034548437000066,1.26181996712929,15,NA,NA,NA
"control","GNQ_PAK",-0.3587770059533,1.11611097220697,17,NA,NA,NA
"control","GNQ_TZA",0.0296610706448369,1.30246659813263,11,NA,NA,NA
"control","GRC_ERI",0.0976920817824547,1.178905688527,22,NA,NA,NA
"control","GRD_CRI",-0.00441292768652748,0.720636875211065,20,NA,NA,NA
"control","GRD_LKA",-0.27243053222175,0.78944558640353,8,NA,NA,NA
"control","GRD_ROU",0.292215663374402,0.871750441965844,11,NA,NA,NA
"control","GRD_SDN",0.209697198818226,0.545172980972549,19,NA,NA,NA
"control","GRD_TZA",0.0870453025347312,0.879280056526962,13,NA,NA,NA
"control","GRL_MUS",-0.357670818106278,0.726692814860489,14,NA,NA,NA
"control","GRL_SLV",0.0613589561153067,0.521317776835937,9,NA,NA,NA
"control","GRL_TWN",-0.285716633774609,0.850702207500931,25,NA,NA,NA
"control","GTM_CIV",0.0225005468410377,1.61121314095344,25,NA,NA,NA
"control","GTM_KEN",0.183962417148294,0.604016925174527,21,NA,NA,NA
"control","GTM_LTU",0.0872418672032831,1.55950879817257,17,NA,NA,NA
"control","GTM_SDN",0.211990371028577,1.40959545480371,25,NA,NA,NA
"control","GTM_TGO",-0.0749387679058389,0.601675039851129,18,NA,NA,NA
"control","GTM_UGA",-0.396129963362314,1.00658279107872,23,NA,NA,NA
"control","GTM_ZMB",0.0330278146904944,0.520073029156448,17,NA,NA,NA
"control","GUY_HND",-0.375345809943688,1.71049320075148,19,NA,NA,NA
"control","GUY_PAN",-0.216116438048217,1.33838588221469,25,NA,NA,NA
"control","GUY_SLV",-0.206726093737477,0.480245496809188,22,NA,NA,NA
"control","GUY_TGO",-0.332671102758243,1.0572745783429,12,NA,NA,NA
"control","HND_AND",0.00657187431512715,1.1797476873586,24,NA,NA,NA
"control","HND_ATG",0.20166617585786,1.63704899864667,20,NA,NA,NA
"control","HND_BMU",-0.178285308022664,1.22002544011804,12,NA,NA,NA
"control","HND_CIV",-0.072046129418073,0.934429349681772,23,NA,NA,NA
"control","HND_CUB",0.00109328042658188,0.690493682366817,23,NA,NA,NA
"control","HND_EST",0.275026999272815,1.04266414116571,16,NA,NA,NA
"control","HND_GIN",0.203916359226196,1.63570314285657,13,NA,NA,NA
"control","HND_MNG",0.418828885193499,0.527048899850062,10,NA,NA,NA
"control","HRV_KIR",0.0618059125562073,0.721453255391924,8,NA,NA,NA
"control","HRV_MNG",0.282593351608687,1.27895726871809,22,NA,NA,NA
"control","HRV_PRK",0.168931458372797,0.762010375602126,16,NA,NA,NA
"control","HTI_EST",0.0540143045021015,1.02865495731873,23,NA,NA,NA
"control","HTI_ISL",-0.203389542417404,1.00987007477122,14,NA,NA,NA
"control","HTI_ISR",-0.558478608418173,1.33744655089052,13,NA,NA,NA
"control","HTI_PRY",0.118776744890432,1.0545988585792,10,NA,NA,NA
"control","HTI_SVK",-0.344451218021933,1.22337106546411,22,NA,NA,NA
"control","HTI_TUN",-0.124951364248154,0.764049428443368,13,NA,NA,NA
"control","HTI_UGA",-0.0587357724857637,1.19484072616532,17,NA,NA,NA
"control","HUN_AND",-0.061473348559018,1.02585578243718,8,NA,NA,NA
"control","HUN_BFA",0.155288884593598,1.07004962525577,25,NA,NA,NA
"control","HUN_CYM",0.385178026594997,0.856528553243592,8,NA,NA,NA
"control","HUN_SWZ",0.106298889953302,1.16038197376822,13,NA,NA,NA
"control","IDN_AND",0.234910951822881,0.889771909672981,25,NA,NA,NA
"control","IDN_BMU",0.0289765258950472,0.69035734466435,24,NA,NA,NA
"control","IDN_COM",-0.110255701185773,0.887149148513171,25,NA,NA,NA
"control","IDN_EST",-0.384466778326905,1.15104020746949,25,NA,NA,NA
"control","IDN_GMB",0.258620300376157,0.586129321303355,25,NA,NA,NA
"control","IDN_KIR",-0.142576647480658,1.0330595795668,25,NA,NA,NA
"control","IND_ARM",-0.0119651126075166,0.836139376044976,25,NA,NA,NA
"control","IND_NAM",0.226301945626424,0.908610632875929,23,NA,NA,NA
"control","IOT_BGD",-0.214365999731239,0.951523598217812,17,NA,NA,NA
"control","IOT_CRI",-0.475594830368684,1.14437591656755,18,NA,NA,NA
"control","IOT_SDN",-0.11789760444442,1.13518228118882,14,NA,NA,NA
"control","IRL_ERI",0.30748408085537,0.496508120513651,22,NA,NA,NA
"control","IRL_MNP",-0.0571665642803425,0.754576369723875,16,NA,NA,NA
"control","IRN_AND",-0.24151705214037,1.29878833443418,24,NA,NA,NA
"control","IRN_BFA",0.0984928524402584,1.04558152184572,25,NA,NA,NA
"control","IRN_BMU",0.0919302096771646,1.10799277184463,12,NA,NA,NA
"control","IRN_CIV",0.193388840069229,0.524467417864773,25,NA,NA,NA
"control","IRN_DMA",-0.318170327547206,1.32261816134677,10,NA,NA,NA
"control","IRN_EST",0.0401227586467529,1.21443398101295,25,NA,NA,NA
"control","IRN_ETH",0.0161103142597564,0.578118079879947,24,NA,NA,NA
"control","IRN_MDV",0.622749272235153,1.07648048230513,22,NA,NA,NA
"control","IRN_ZMB",-0.298610374367581,0.590168493600532,25,NA,NA,NA
"control","IRQ_ETH",0.226775388998616,0.673557541164502,21,NA,NA,NA
"control","ISL_BDI",0.0518860739746971,0.604118758937877,10,NA,NA,NA
"control","ISL_BFA",0.282935904460845,0.494849090129649,19,NA,NA,NA
"control","ISL_CIV",0.0275751084546027,1.01789594038137,25,NA,NA,NA
"control","ISL_MDA",0.267824854699451,0.976755724604772,24,NA,NA,NA
"control","ISL_MOZ",-0.102342311411814,1.21104952369359,21,NA,NA,NA
"control","ISL_NER",-0.219728615602684,1.60699986379715,22,NA,NA,NA
"control","ISL_SLV",0.478907920147033,0.941565336891189,20,NA,NA,NA
"control","ISL_SUR",0.151502196074263,0.967388167995264,9,NA,NA,NA
"control","ISL_VGB",0.166204501888866,0.793238914553572,18,NA,NA,NA
"control","ISR_ABW",0.148631703418515,0.634914947864262,23,NA,NA,NA
"control","ISR_ALB",-0.0994936248585612,1.14706950226174,25,NA,NA,NA
"control","ISR_AND",0.248850417837997,0.936742965404517,24,NA,NA,NA
"control","ISR_ANT",-0.128961564989829,1.39495024544503,16,NA,NA,NA
"control","ISR_ARE",0.150839051810696,1.33311456812887,21,NA,NA,NA
"control","ISR_ARM",-0.130041450576191,0.794757146819863,25,NA,NA,NA
"control","ISR_ATG",0.0441751836989456,1.21473469407616,25,NA,NA,NA
"control","ISR_AZE",0.186649195098965,0.959757873224009,25,NA,NA,NA
"control","ISR_BFA",0.374342973840348,0.977746791240505,25,NA,NA,NA
"control","ISR_BHS",-0.0186201899818533,0.826236215363259,25,NA,NA,NA
"control","ISR_BIH",-0.0187964552329031,0.593285063215658,25,NA,NA,NA
"control","ISR_BLR",-0.0132077119652127,1.31122169478014,25,NA,NA,NA
"control","ISR_BMU",0.239127814992603,0.457116112202879,25,NA,NA,NA
"control","ISR_COD",-0.139804550975484,0.791122148504207,25,NA,NA,NA
"control","ISR_CYM",-0.22718725345303,1.65004397687,24,NA,NA,NA
"control","ISR_DJI",-0.0164483034711025,0.589992923330972,23,NA,NA,NA
"control","ISR_EST",0.0648811222501848,0.77370892340866,8,NA,NA,NA
"control","ISR_ETH",0.130728220228081,1.29367194092816,25,NA,NA,NA
"control","ISR_FJI",-0.0877525872556524,1.35566632686684,25,NA,NA,NA
"control","ISR_GEO",-0.0424909217116746,1.4135585917995,25,NA,NA,NA
"control","ISR_GIB",0.0295157553884217,0.827004509672186,25,NA,NA,NA
"control","ISR_GIN",0.116641692498824,0.732269704101979,23,NA,NA,NA
"control","ISR_GMB",0.690765184887481,0.797214497434867,23,NA,NA,NA
"control","ISR_GNQ",-0.0359374548486731,0.883943679236827,25,NA,NA,NA
"control","ISR_HTI",-0.0619616595824814,0.630538194578103,25,NA,NA,NA
"control","ISR_KAZ",0.117815258964655,0.949967670717733,25,NA,NA,NA
"control","ISR_KGZ",-0.0514677732394627,0.800167805977825,25,NA,NA,NA
"control","ISR_KHM",0.0398152170530265,0.934674040299547,25,NA,NA,NA
"control","ISR_LAO",0.281635463647502,0.655165242369029,25,NA,NA,NA
"control","ISR_LBR",0.0847781975254133,0.958385050566499,22,NA,NA,NA
"control","ISR_MNG",-0.164465977249405,1.08934699391543,25,NA,NA,NA
"control","ISR_NER",0.136942449336551,0.980627172705401,25,NA,NA,NA
"control","ISR_PNG",0.332015691238868,1.08280536460494,25,NA,NA,NA
"control","ISR_PYF",0.175864736860531,1.64175099866656,25,NA,NA,NA
"control","ISR_RUS",0.261802734830765,0.977828372955792,25,NA,NA,NA
"control","ISR_RWA",-0.0645543896250194,1.0404416578335,25,NA,NA,NA
"control","ISR_SAU",-0.290603145997207,1.43081523434612,17,NA,NA,NA
"control","ISR_SEN",0.0120777214756149,0.660880863789911,25,NA,NA,NA
"control","ISR_SLE",-0.0618227233757578,1.30687544104972,24,NA,NA,NA
"control","ISR_TCD",0.263245410088142,1.17201578229672,19,NA,NA,NA
"control","ISR_TJK",0.0416818041825575,0.857291389428622,25,NA,NA,NA
"control","ISR_TKM",-0.181009382747568,0.906078899582786,25,NA,NA,NA
"control","ISR_TZA",0.216097781325066,0.86235228414116,25,NA,NA,NA
"control","ISR_UKR",-0.373844020749837,1.12118796397858,25,NA,NA,NA
"control","ISR_UZB",0.0500572585653472,0.821824419913266,25,NA,NA,NA
"control","ISR_VNM",-0.132860376594366,0.991862666395532,25,NA,NA,NA
"control","ISR_ZMB",-0.0908132131278704,1.34731760360183,25,NA,NA,NA
"control","ITA_LSO",-0.308473757199717,0.519248655291453,16,NA,NA,NA
"control","ITA_PLW",0.184229375668068,1.01976304006503,19,NA,NA,NA
"control","JAM_BFA",-0.174360920749581,1.20227525457867,18,NA,NA,NA
"control","JAM_COM",0.279549789572549,0.97658063887523,9,NA,NA,NA
"control","JAM_GIN",0.231055857363476,0.609533747282795,16,NA,NA,NA
"control","JAM_KWT",0.0407644757030272,0.893423650776056,18,NA,NA,NA
"control","JAM_MKD",0.119699965424444,0.584613480027121,18,NA,NA,NA
"control","JAM_SEN",0.0197438964056614,0.584782729612218,13,NA,NA,NA
"control","JAM_TZA",0.124796412735732,1.27510480899417,24,NA,NA,NA
"control","JAM_ZMB",0.331086681125862,0.924882252618745,24,NA,NA,NA
"control","JAM_ZWE",0.21025756411252,0.667796603718903,19,NA,NA,NA
"control","JOR_AFG",0.051295045188879,1.0360696353863,22,NA,NA,NA
"control","JOR_ARM",-0.224041662173179,1.61727731034696,22,NA,NA,NA
"control","JOR_BIH",0.163997229560715,0.870990882857258,24,NA,NA,NA
"control","JOR_BLR",-0.121587818870871,1.20805391778231,24,NA,NA,NA
"control","JOR_COG",0.388430745486531,1.16182060678052,22,NA,NA,NA
"control","JOR_CRI",0.349236737604632,0.915642409563095,23,NA,NA,NA
"control","JOR_CUB",-0.0302710164365871,0.848659798527174,15,NA,NA,NA
"control","JOR_DOM",-0.0166199816371014,0.949740579470894,23,NA,NA,NA
"control","JOR_ERI",-0.0881307441297798,1.01801015210593,24,NA,NA,NA
"control","JOR_FJI",-0.247807916899288,0.760250963298057,20,NA,NA,NA
"control","JOR_GIN",0.0161895068662963,0.698322978674919,24,NA,NA,NA
"control","JOR_GRD",-0.0166822786510912,1.56875998589039,14,NA,NA,NA
"control","JOR_KGZ",0.103879632584417,0.726722907921056,23,NA,NA,NA
"control","JOR_LBR",-0.406259166597995,1.74777906674078,21,NA,NA,NA
"control","JOR_NER",0.175598294202784,1.38947816916931,22,NA,NA,NA
"control","JOR_PRY",-0.227740567568656,1.27361786085973,17,NA,NA,NA
"control","JOR_TCD",-0.374830468992344,0.988232692109497,20,NA,NA,NA
"control","JOR_TZA",-0.00834945751783505,1.12369120576435,25,NA,NA,NA
"control","JOR_VNM",0.0256564952037029,1.02576452901456,24,NA,NA,NA
"control","KAZ_ARG",0.261699051859635,0.566152048844591,25,NA,NA,NA
"control","KAZ_CHL",-0.198941679582795,0.676113508733959,25,NA,NA,NA
"control","KAZ_EST",0.348248340080044,0.524534783033759,25,NA,NA,NA
"control","KAZ_ISR",-0.137711454420223,0.803675671199328,25,NA,NA,NA
"control","KAZ_KWT",-0.112163447049749,0.794264725883645,24,NA,NA,NA
"control","KAZ_MEX",-0.133825645378902,0.572240697266162,25,NA,NA,NA
"control","KAZ_THA",-0.224864244853967,0.952613804690371,25,NA,NA,NA
"control","KEN_AND",-0.159031358363733,0.842919593695354,19,NA,NA,NA
"control","KEN_BLZ",-0.488638363160003,0.645622356030036,8,NA,NA,NA
"control","KEN_BMU",0.112749952274986,1.08675905571444,18,NA,NA,NA
"control","KEN_EST",-0.201127336014875,0.928695720943486,25,NA,NA,NA
"control","KEN_MAC",0.120304739306393,0.792675010765294,24,NA,NA,NA
"control","KEN_NER",0.247110672663842,0.970680938833157,25,NA,NA,NA
"control","KGZ_ARE",0.373047055726996,1.11496341672447,23,NA,NA,NA
"control","KGZ_AUT",0.245592546364815,0.418846440220912,25,NA,NA,NA
"control","KGZ_BGR",0.129090608351169,0.96734635630552,25,NA,NA,NA
"control","KGZ_EGY",0.276631942992828,0.98003815323552,20,NA,NA,NA
"control","KGZ_GEO",-0.162093533389615,1.15612307447191,25,NA,NA,NA
"control","KGZ_IND",-0.198264239974544,0.747570553798223,25,NA,NA,NA
"control","KGZ_IRL",-0.0226336318871868,0.931546398093761,22,NA,NA,NA
"control","KGZ_ISR",0.284676125636106,0.774364800733774,22,NA,NA,NA
"control","KGZ_MEX",0.170091581879818,0.670132486162405,22,NA,NA,NA
"control","KGZ_MNG",0.101116762918447,0.675683364619618,25,NA,NA,NA
"control","KGZ_PRK",-0.129927788678384,1.11044506616005,11,NA,NA,NA
"control","KGZ_SVN",0.315983052941293,0.523621376107322,25,NA,NA,NA
"control","KGZ_ZAF",-0.0341799468634849,0.726778445767293,25,NA,NA,NA
"control","KHM_CRI",0.227201728333011,0.812292277997324,22,NA,NA,NA
"control","KHM_ETH",0.157255801534162,0.641791081006222,22,NA,NA,NA
"control","KHM_PAN",-0.0100015375882134,1.12085904940152,21,NA,NA,NA
"control","KHM_POL",-0.185292418923288,0.751474014813272,23,NA,NA,NA
"control","KHM_SUR",-0.0544912045866394,0.956934934887196,16,NA,NA,NA
"control","KHM_SVK",0.039627623522014,1.70125292169617,24,NA,NA,NA
"control","KHM_TZA",-0.124685089933134,1.94487345818903,20,NA,NA,NA
"control","KHM_ZMB",0.212280105453086,1.03498942139123,13,NA,NA,NA
"control","KIR_FIN",0.208077544084143,1.42188276377111,14,NA,NA,NA
"control","KIR_FRA",0.320026398282299,0.643716337402344,23,NA,NA,NA
"control","KIR_SGP",-0.00733860882842716,0.806878249364177,14,NA,NA,NA
"control","KIR_TGO",0.0681104824429439,0.624662504784926,8,NA,NA,NA
"control","KNA_TZA",-0.241645116742706,1.15973240061612,19,NA,NA,NA
"control","KNA_ZAF",0.643681320912656,1.08401038737382,22,NA,NA,NA
"control","KWT_BFA",-0.454469501226557,0.763519813267317,25,NA,NA,NA
"control","KWT_CMR",-0.0550000582022487,0.925217437819221,23,NA,NA,NA
"control","KWT_COM",0.035586749094978,1.07345717033614,22,NA,NA,NA
"control","KWT_EST",0.321261800047252,0.725592348178878,17,NA,NA,NA
"control","KWT_ETH",-0.108034993919052,1.18831349353154,24,NA,NA,NA
"control","KWT_GIN",-0.200273132098861,1.20279049864655,23,NA,NA,NA
"control","KWT_HND",-0.185388264081715,0.723721533190138,15,NA,NA,NA
"control","KWT_PHL",0.133440978604896,0.794545757109551,25,NA,NA,NA
"control","KWT_RUS",-0.0329184725808417,1.1181142515027,25,NA,NA,NA
"control","KWT_TZA",0.382244017861906,0.852173421884404,25,NA,NA,NA
"control","KWT_ZMB",0.346599138037916,0.467552301845589,24,NA,NA,NA
"control","KWT_ZWE",-0.443675728921389,0.921654048249294,21,NA,NA,NA
"control","LAO_AND",-0.388530082386569,0.574438209333823,22,NA,NA,NA
"control","LAO_BMU",0.336250451431932,0.757736991244436,11,NA,NA,NA
"control","LAO_COL",0.0622141378823576,0.736577920249264,22,NA,NA,NA
"control","LAO_CRI",-0.192671397762554,2.02515543247605,19,NA,NA,NA
"control","LAO_EST",0.179877622467437,1.0453570289548,25,NA,NA,NA
"control","LAO_PAN",0.0779588679033536,0.4972133284171,12,NA,NA,NA
"control","LAO_TZA",-0.0262976832312122,1.12697298800449,12,NA,NA,NA
"control","LAO_URY",0.125271284251288,1.10893688829422,23,NA,NA,NA
"control","LAO_ZMB",-0.0287722593589609,1.37379111817162,10,NA,NA,NA
"control","LBN_CIV",-0.214525141224929,1.1406710615889,25,NA,NA,NA
"control","LBN_CRI",-0.0454115498864702,1.16222092620288,21,NA,NA,NA
"control","LBN_ETH",-0.315642722218853,0.664499722288927,24,NA,NA,NA
"control","LBN_GIN",-0.261232834560202,1.67687518436548,25,NA,NA,NA
"control","LBN_GMB",0.138560583279076,1.696758824158,25,NA,NA,NA
"control","LBN_KGZ",0.179014384417518,0.937511596826088,20,NA,NA,NA
"control","LBN_MWI",0.0546240842168626,1.61880435715313,24,NA,NA,NA
"control","LBN_PER",0.115297626408739,1.03558845844641,24,NA,NA,NA
"control","LBN_SUR",-0.253211769817076,1.85063698677857,21,NA,NA,NA
"control","LBN_TCD",0.149644716223327,0.738323918149294,24,NA,NA,NA
"control","LBN_TZA",-0.209150380530524,1.19202351792551,25,NA,NA,NA
"control","LBN_ZMB",0.0264807125042985,0.991890007823012,25,NA,NA,NA
"control","LBR_HND",-0.526584485572711,1.63026471910767,13,NA,NA,NA
"control","LBR_ISR",0.233441647506447,0.927198407942927,18,NA,NA,NA
"control","LBR_MKD",-0.0986097341223635,0.980138425710937,14,NA,NA,NA
"control","LBR_NZL",0.260535904825679,1.37232367630753,17,NA,NA,NA
"control","LBR_SDN",-0.341822472586288,1.04494818914092,12,NA,NA,NA
"control","LBR_ZMB",0.578354019559254,0.642305766579832,10,NA,NA,NA
"control","LBR_ZWE",0.0741657806021692,0.441002916287999,9,NA,NA,NA
"control","LBY_BFA",-0.0973279366779969,0.761219723218881,24,NA,NA,NA
"control","LBY_SVN",-0.195095446964744,1.16848589330438,25,NA,NA,NA
"control","LCA_ARG",-0.316482257697644,0.56036287477429,11,NA,NA,NA
"control","LCA_CRI",-0.29118713345428,1.18117810294113,20,NA,NA,NA
"control","LCA_SDN",-0.153677793769458,1.14745123393804,9,NA,NA,NA
"control","LCA_URY",-0.426102658874402,0.154732705630551,8,NA,NA,NA
"control","LKA_AND",-0.491633793132901,0.820689622071682,24,NA,NA,NA
"control","LKA_BDI",0.0129859613490717,0.725905997877313,20,NA,NA,NA
"control","LSO_GIN",-0.388244769645311,1.13869525511423,9,NA,NA,NA
"control","LTU_AGO",-0.0201604079323117,1.79217713024117,25,NA,NA,NA
"control","LTU_ALB",-0.0211373106779797,1.1039682637856,8,NA,NA,NA
"control","LTU_BHS",0.00661930696554682,0.955673527327991,12,NA,NA,NA
"control","LTU_GIB",-0.0416219818038707,0.704595018927207,24,NA,NA,NA
"control","LTU_LBR",0.191087700509729,0.704052409124088,25,NA,NA,NA
"control","LTU_SDN",-0.187224754043729,1.14480710611125,21,NA,NA,NA
"control","LTU_SLE",0.277727000816666,1.20634293281124,20,NA,NA,NA
"control","LTU_YEM",0.174970426327928,0.959894261470237,25,NA,NA,NA
"control","LVA_BGD",-0.0484243588868739,1.35267813247941,23,NA,NA,NA
"control","LVA_BHR",-0.134661975735002,0.798717557517701,24,NA,NA,NA
"control","LVA_BLZ",0.180163844670313,0.932072843062266,12,NA,NA,NA
"control","LVA_MRT",0.221779023985853,0.648121754156286,16,NA,NA,NA
"control","LVA_MUS",0.980716967929594,1.39506082129417,13,NA,NA,NA
"control","LVA_PAK",0.152083332023845,0.795308615776102,25,NA,NA,NA
"control","MAC_CMR",-0.239301506926033,0.403344647814416,19,NA,NA,NA
"control","MAC_DOM",-0.026833101273746,0.416503177068385,21,NA,NA,NA
"control","MAC_EST",0.0366065482426084,0.766939791892676,25,NA,NA,NA
"control","MAC_MNP",0.156036221365108,0.670960155366333,8,NA,NA,NA
"control","MAC_NER",-0.133152116763681,0.833227998214415,13,NA,NA,NA
"control","MAC_ROU",-0.200465268738748,0.842212866927243,25,NA,NA,NA
"control","MAC_SDN",-0.248369053261363,1.240231606412,19,NA,NA,NA
"control","MAR_BMU",-0.358466356694192,0.731588460440884,20,NA,NA,NA
"control","MAR_EST",0.249916922740036,0.361727697469253,8,NA,NA,NA
"control","MAR_ETH",-0.0427438685696069,0.973425576514382,25,NA,NA,NA
"control","MAR_GNB",-0.0930472180929034,1.34431764195377,24,NA,NA,NA
"control","MAR_GRL",-0.426838658702557,0.696280079974556,19,NA,NA,NA
"control","MAR_ISR",-0.155210164937788,0.905845365677609,25,NA,NA,NA
"control","MAR_PRY",0.00583157418423345,0.705169076053273,21,NA,NA,NA
"control","MAR_RWA",-0.16306785622413,0.90120975558354,22,NA,NA,NA
"control","MAR_TCD",-0.0363364387465025,0.785769725146838,24,NA,NA,NA
"control","MDA_AND",0.0946148894446984,0.99056865078365,20,NA,NA,NA
"control","MDA_ARE",-0.0740669060878355,1.1956202480711,22,NA,NA,NA
"control","MDA_ARG",-0.212630617728208,1.79538132587563,17,NA,NA,NA
"control","MDA_CHL",-0.156066408358176,0.933571340198555,18,NA,NA,NA
"control","MDA_COD",-0.537894826570907,1.13584937503758,8,NA,NA,NA
"control","MDA_IRN",-0.0561454709603211,1.59786882527039,25,NA,NA,NA
"control","MDA_ISL",-0.078413221950157,1.02483725440971,24,NA,NA,NA
"control","MDA_LBY",-0.00409775298020276,1.56427508340776,16,NA,NA,NA
"control","MDA_MLT",-0.0937938908336991,0.862725158726782,16,NA,NA,NA
"control","MDA_MUS",0.066091278846775,0.748493855821114,23,NA,NA,NA
"control","MDA_NZL",-0.221498779799208,1.37084164926928,23,NA,NA,NA
"control","MDA_PAK",-0.000949378905342053,0.746081310700005,18,NA,NA,NA
"control","MDA_RWA",0.4502636220026,1.29464949911233,12,NA,NA,NA
"control","MDA_SLV",-0.0133679082452491,0.852576627006328,12,NA,NA,NA
"control","MDA_TWN",0.0325762033491296,1.04118402036026,23,NA,NA,NA
"control","MDA_URY",-0.0789028178868824,0.911950146950439,19,NA,NA,NA
"control","MDA_YEM",-0.268639391573201,0.975731128879209,15,NA,NA,NA
"control","MDG_ALB",-0.297630182091909,1.46424513150945,12,NA,NA,NA
"control","MDG_CAF",-0.0185302504498649,0.96199543896027,19,NA,NA,NA
"control","MDG_GIB",-0.493763352804983,0.970413359522081,8,NA,NA,NA
"control","MDG_GIN",0.0420746466786262,0.623908121795516,18,NA,NA,NA
"control","MDG_GMB",-0.242901963905298,0.543499896300482,10,NA,NA,NA
"control","MDV_ARE",0.290020861719497,0.729098973536758,25,NA,NA,NA
"control","MDV_CHL",0.369224291909968,0.221137384778043,8,NA,NA,NA
"control","MDV_COL",-0.368583938556397,1.49089927687899,12,NA,NA,NA
"control","MDV_DZA",-0.582336084843416,1.45813042591369,20,NA,NA,NA
"control","MDV_HRV",0.155431829369865,1.45643203031101,15,NA,NA,NA
"control","MDV_POL",0.283005964181971,1.20584404498524,20,NA,NA,NA
"control","MDV_SVK",-0.0329306401935465,0.711553417563313,21,NA,NA,NA
"control","MDV_TWN",0.0881604545232152,1.39281121246255,25,NA,NA,NA
"control","MDV_TZA",-0.0315741419964654,0.84202453364817,19,NA,NA,NA
"control","MEX_ARM",-0.160266387497008,0.428926099476967,24,NA,NA,NA
"control","MEX_BLR",0.14378748144536,1.49737330633086,23,NA,NA,NA
"control","MEX_GEO",0.238355190836854,1.28721225050729,25,NA,NA,NA
"control","MEX_KAZ",-0.19787676158172,1.03829446900814,23,NA,NA,NA
"control","MEX_KIR",-0.269827804322738,0.746510351385667,13,NA,NA,NA
"control","MEX_PLW",0.573073587664653,1.29412316417556,13,NA,NA,NA
"control","MEX_UKR",-0.0410693184520001,0.977035365267374,25,NA,NA,NA
"control","MEX_WLF",-0.0975627038932559,0.572448318942465,17,NA,NA,NA
"control","MHL_AUT",0.192685202345032,0.587447554860713,15,NA,NA,NA
"control","MHL_GRC",-0.229415639246213,1.30140994250076,22,NA,NA,NA
"control","MHL_ISR",-0.673600482440763,1.58891228206995,12,NA,NA,NA
"control","MHL_SGP",-0.00902562619181294,1.04588668775698,24,NA,NA,NA
"control","MHL_SWE",-0.0783159339544615,0.865357927214107,22,NA,NA,NA
"control","MKD_ARG",0.49448015870569,0.890152525207026,25,NA,NA,NA
"control","MKD_GHA",0.0644021540991104,0.828909771355752,17,NA,NA,NA
"control","MKD_HND",0.439373899992298,0.808957486672277,16,NA,NA,NA
"control","MKD_MLT",-0.0442534299941413,1.696518005483,8,NA,NA,NA
"control","MKD_MYS",0.232218920087408,0.881116361730109,23,NA,NA,NA
"control","MKD_PER",0.141650243927821,0.912432480826986,20,NA,NA,NA
"control","MKD_PHL",-0.406383701947406,0.991883804886233,20,NA,NA,NA
"control","MLI_AND",-0.119706366495257,0.657005509785438,13,NA,NA,NA
"control","MLI_CAF",-0.0133239613854826,0.800811215077405,17,NA,NA,NA
"control","MLI_CMR",0.277331625109184,1.11544384958214,25,NA,NA,NA
"control","MLI_EST",-0.0995520978012758,0.607011160399833,24,NA,NA,NA
"control","MLI_JOR",-0.121921041595348,1.2225601442014,15,NA,NA,NA
"control","MLI_MWI",-0.207995708899485,0.930259118518311,18,NA,NA,NA
"control","MLI_PAK",-0.0163289150525778,0.962478711385549,21,NA,NA,NA
"control","MLI_SDN",0.311153935159512,0.650558090407402,25,NA,NA,NA
"control","MLI_SLV",0.102587505607573,1.36571041037431,14,NA,NA,NA
"control","MLI_TZA",0.000468738251103114,1.03692922765796,25,NA,NA,NA
"control","MLT_AFG",-0.34281322046089,1.47405099048317,16,NA,NA,NA
"control","MLT_AGO",-0.23147462775419,1.25166549958238,23,NA,NA,NA
"control","MLT_ARM",-0.0513552916068312,1.46400359312293,20,NA,NA,NA
"control","MLT_COD",0.0186837819767804,0.679799342220572,15,NA,NA,NA
"control","MLT_EST",-0.243387805289588,0.327966428206738,8,NA,NA,NA
"control","MLT_ETH",-0.0465943947130433,0.61465875873241,25,NA,NA,NA
"control","MLT_IDN",0.138851748664452,1.64145096303041,25,NA,NA,NA
"control","MLT_KAZ",0.217971973163211,1.38125865303104,24,NA,NA,NA
"control","MLT_MDA",-0.293585193424009,1.06066771169427,18,NA,NA,NA
"control","MLT_PAN",0.0866153614455408,1.03833946945686,14,NA,NA,NA
"control","MLT_SOM",0.392513152922412,1.01705144313743,16,NA,NA,NA
"control","MLT_TGO",0.0312398969200335,0.829992202621458,24,NA,NA,NA
"control","MLT_TKM",-0.383323330856584,1.64657747721413,15,NA,NA,NA
"control","MLT_ZMB",-0.171331222436267,1.16453608541894,21,NA,NA,NA
"control","MLT_ZWE",-0.160862187627615,0.788830133130978,14,NA,NA,NA
"control","MMR_AND",0.0791193043841532,1.42357101549227,21,NA,NA,NA
"control","MMR_CRI",0.301856157624368,0.562170697032897,21,NA,NA,NA
"control","MMR_EST",0.18267792981053,1.02008525270324,25,NA,NA,NA
"control","MMR_ETH",0.370400461964495,0.612000170302886,16,NA,NA,NA
"control","MMR_GTM",0.128501572017322,1.04881044584184,16,NA,NA,NA
"control","MMR_ZMB",0.154790634172164,1.09748696551334,8,NA,NA,NA
"control","MNG_ARG",-0.343250360960288,1.48481801961094,19,NA,NA,NA
"control","MNG_ETH",0.0573115569932976,1.39458416915026,8,NA,NA,NA
"control","MNG_NOR",0.135847266532548,1.00316620157578,25,NA,NA,NA
"control","MNG_POL",-0.0457882284728903,1.18309503515469,25,NA,NA,NA
"control","MNG_SVN",-0.141643866023048,1.11402024698556,23,NA,NA,NA
"control","MNP_DEU",-0.371132502358654,0.385026567491303,16,NA,NA,NA
"control","MNP_ESP",0.0317481220528552,0.854039735369043,25,NA,NA,NA
"control","MNP_FRA",0.00821607189633831,0.763551954581926,25,NA,NA,NA
"control","MNP_IRL",-0.0335286269435529,0.57411541626986,18,NA,NA,NA
"control","MNP_SGP",0.130007880182907,1.23886756674437,25,NA,NA,NA
"control","MOZ_EST",-0.722540476335307,1.56634574067927,8,NA,NA,NA
"control","MOZ_URY",-0.0406991758971896,1.73059986307138,10,NA,NA,NA
"control","MRT_AND",-0.142681290741201,1.05881545328937,20,NA,NA,NA
"control","MRT_ARG",0.140377170570007,0.681981444888495,24,NA,NA,NA
"control","MRT_CMR",0.227244652182955,1.10947797712726,24,NA,NA,NA
"control","MRT_CRI",-0.134621170022874,1.65962758461464,19,NA,NA,NA
"control","MRT_DZA",-0.0620916485067799,1.20266606178526,25,NA,NA,NA
"control","MRT_EST",-0.149808763173151,0.884745579755281,25,NA,NA,NA
"control","MRT_LTU",0.348862337223582,1.66658611743622,24,NA,NA,NA
"control","MRT_MDA",0.126414846695838,1.33373901759646,20,NA,NA,NA
"control","MRT_MUS",-0.10627354433151,0.627218202699607,20,NA,NA,NA
"control","MRT_MWI",-0.439263473383235,1.04801290217636,9,NA,NA,NA
"control","MRT_NOR",0.390127244915288,0.912821076876878,25,NA,NA,NA
"control","MRT_POL",0.211218070249689,1.01101342920202,22,NA,NA,NA
"control","MRT_URY",0.100574273651664,1.3743455609938,20,NA,NA,NA
"control","MRT_ZAF",0.151259270009087,0.715144745950651,22,NA,NA,NA
"control","MRT_ZWE",-0.188833811804703,1.01798702193323,12,NA,NA,NA
"control","MSR_VEN",-0.222272485305162,1.30822431763486,8,NA,NA,NA
"control","MUS_AND",0.114038570941601,1.56591930906584,23,NA,NA,NA
"control","MUS_BGD",-0.0866818922396338,0.677871322113648,25,NA,NA,NA
"control","MUS_BMU",0.405508518661773,0.65869298696074,20,NA,NA,NA
"control","MUS_ECU",0.278995889630415,1.20597018823229,19,NA,NA,NA
"control","MUS_EST",0.422937666377304,0.541757181139562,16,NA,NA,NA
"control","MUS_GEO",-0.130957044987762,0.906415462369036,12,NA,NA,NA
"control","MUS_GMB",0.0524594026778997,0.634980014654494,22,NA,NA,NA
"control","MUS_KNA",-0.159567639102292,1.14326698986571,14,NA,NA,NA
"control","MUS_LAO",0.411559427567062,1.47016430477389,8,NA,NA,NA
"control","MUS_LTU",-0.156757306522021,1.06512684365772,13,NA,NA,NA
"control","MUS_LVA",0.110178080394853,1.30308820389088,15,NA,NA,NA
"control","MUS_MDA",0.146471378254234,0.616653005878591,25,NA,NA,NA
"control","MUS_MKD",-0.0599569825887935,1.0337245219486,24,NA,NA,NA
"control","MUS_MRT",-0.0149239412466439,1.01224757587472,19,NA,NA,NA
"control","MUS_SUR",-0.148134724796472,1.00099690786569,10,NA,NA,NA
"control","MUS_TCD",0.093300382547112,1.35085997389577,17,NA,NA,NA
"control","MUS_UKR",0.174227377093497,1.00221240935538,25,NA,NA,NA
"control","MUS_VUT",0.074363077398969,1.41300787254731,15,NA,NA,NA
"control","MWI_BHR",-0.169587014806325,1.15647020541315,19,NA,NA,NA
"control","MWI_CRI",-0.135936417868198,1.20399870909935,24,NA,NA,NA
"control","MWI_GIN",0.111586777325476,1.41475597988516,16,NA,NA,NA
"control","MWI_GRL",0.420481210739356,0.749341144077853,10,NA,NA,NA
"control","MWI_TUR",-0.266468586889285,1.04312425764917,25,NA,NA,NA
"control","MYS_BWA",0.00402358780760784,0.625124393819761,22,NA,NA,NA
"control","MYS_TUV",0.212972944813325,1.89040710718032,25,NA,NA,NA
"control","NAM_HUN",-0.203600333694195,1.20996826722234,20,NA,NA,NA
"control","NAM_IND",0.0297988619404023,1.42804871470471,22,NA,NA,NA
"control","NAM_ISL",0.200757625861835,1.32213365712079,9,NA,NA,NA
"control","NAM_OMN",-0.0230467258978343,0.93249620619277,13,NA,NA,NA
"control","NER_AGO",-0.3037096285803,0.937126990288982,17,NA,NA,NA
"control","NER_CAF",0.30744833680064,0.874558683402792,20,NA,NA,NA
"control","NER_CMR",-0.256156576308624,1.21211010084493,24,NA,NA,NA
"control","NER_COD",-0.063206576748255,0.66352548452757,14,NA,NA,NA
"control","NER_ETH",-0.0342999935969194,1.27690207380797,25,NA,NA,NA
"control","NER_SDN",-0.0258074929327468,1.17804442324922,23,NA,NA,NA
"control","NER_SVN",-0.404444600143313,1.19286673482075,24,NA,NA,NA
"control","NER_TCD",-0.39675043377373,1.167257630906,25,NA,NA,NA
"control","NER_TZA",0.201509141798664,0.719607719193442,24,NA,NA,NA
"control","NER_ZMB",0.228065415176686,0.679032028916545,24,NA,NA,NA
"control","NFK_BRA",0.118349398163903,0.786869461927096,15,NA,NA,NA
"control","NGA_BMU",0.216793409465329,0.47372808239152,12,NA,NA,NA
"control","NGA_EST",-0.0312443622113383,1.29981016320895,24,NA,NA,NA
"control","NGA_ETH",-0.140062042871047,0.849959734082492,25,NA,NA,NA
"control","NGA_ISR",0.275398252268932,0.906566787702869,25,NA,NA,NA
"control","NGA_JOR",0.0889521242613339,1.31398648993004,20,NA,NA,NA
"control","NGA_TCD",0.151175558234332,0.941242427589221,23,NA,NA,NA
"control","NGA_ZMB",-0.151183864079358,1.0242896732639,25,NA,NA,NA
"control","NIC_AND",-0.530377096059345,0.957195814832526,21,NA,NA,NA
"control","NIC_BFA",0.0193315737747821,0.310594381756226,12,NA,NA,NA
"control","NIC_BMU",-0.0181301385021013,1.0774525071465,13,NA,NA,NA
"control","NIC_COG",0.0590942880499526,0.70442760077857,12,NA,NA,NA
"control","NIC_MDG",0.0162066545156976,1.46629842961823,13,NA,NA,NA
"control","NIC_QAT",0.180290475807843,2.04329340367336,12,NA,NA,NA
"control","NIC_SEN",-0.679216012690563,0.892946295150719,12,NA,NA,NA
"control","NIC_TGO",0.263426109647223,0.56708163854137,12,NA,NA,NA
"control","NIC_UGA",-0.0720895213637213,1.67771614695245,20,NA,NA,NA
"control","NIU_COL",0.367004109864309,1.57075453886341,17,NA,NA,NA
"control","NIU_MKD",-0.00574181604984718,1.9227042622778,14,NA,NA,NA
"control","NOR_ERI",-0.00661100645716358,0.534992541878375,25,NA,NA,NA
"control","NOR_KGZ",0.20781614848345,1.07342838389252,24,NA,NA,NA
"control","NOR_SHN",-0.10350884167883,0.750400279929982,9,NA,NA,NA
"control","NPL_AND",-0.359209381766709,1.02859061617171,23,NA,NA,NA
"control","NPL_BMU",-0.146509922202894,0.936432863779281,14,NA,NA,NA
"control","NPL_CMR",0.618159843981666,0.694893828123942,8,NA,NA,NA
"control","NPL_CRI",-0.0930147591320171,1.06019373687022,23,NA,NA,NA
"control","NPL_ETH",-0.572651647286657,0.786120857043536,20,NA,NA,NA
"control","NPL_GRL",-0.637168624708921,0.598698120325556,15,NA,NA,NA
"control","NPL_SDN",0.238723430237182,0.904267387787201,15,NA,NA,NA
"control","NRU_BRA",-0.0152045825635654,1.1576182208488,10,NA,NA,NA
"control","NRU_CRI",0.154624275968958,0.768949235556058,15,NA,NA,NA
"control","NRU_POL",-0.293574039487616,1.42556539427652,17,NA,NA,NA
"control","NRU_ZWE",0.652525829510635,0.567137180019131,8,NA,NA,NA
"control","NZL_LBR",-0.213010227626031,1.38379781488134,20,NA,NA,NA
"control","OMN_AGO",0.0869199432393822,1.15346613115963,24,NA,NA,NA
"control","OMN_ARM",0.0440693620519874,1.14310784949475,24,NA,NA,NA
"control","OMN_CIV",0.200663982021779,0.812434691304715,25,NA,NA,NA
"control","OMN_COG",-0.0172041938335215,1.19455593625069,25,NA,NA,NA
"control","OMN_COL",-0.0854592286954563,0.736680022398663,22,NA,NA,NA
"control","OMN_GIN",-0.0868905981223531,1.75952584176245,23,NA,NA,NA
"control","OMN_KHM",-0.188360468997634,1.16811924617453,21,NA,NA,NA
"control","OMN_LVA",0.373144054063059,0.682550310442916,18,NA,NA,NA
"control","OMN_MAC",-0.124523843490711,0.891898482445142,11,NA,NA,NA
"control","OMN_MDV",-0.1598861545611,0.877294334325766,25,NA,NA,NA
"control","OMN_MRT",0.227285929634464,0.644398026995905,24,NA,NA,NA
"control","OMN_TJK",-0.102710349662539,0.73031562719921,13,NA,NA,NA
"control","OMN_VEN",0.345970367271735,0.487198006614414,22,NA,NA,NA
"control","PAK_AND",0.207221883861466,1.11351515912362,23,NA,NA,NA
"control","PAK_BLR",-0.148977519921961,0.588038984048938,25,NA,NA,NA
"control","PAK_BMU",0.181850262086554,0.46438680235406,19,NA,NA,NA
"control","PAK_EST",0.0395472696831746,1.42316801044798,25,NA,NA,NA
"control","PAK_ETH",0.0187180916713894,1.04033427251303,24,NA,NA,NA
"control","PAK_GEO",0.213532752526336,0.669784171511811,23,NA,NA,NA
"control","PAK_HTI",-0.0207015263521092,0.70153417571889,22,NA,NA,NA
"control","PAK_KIR",0.05006039067055,0.933094834123853,15,NA,NA,NA
"control","PAK_WSM",0.186133240541021,0.760687753720856,21,NA,NA,NA
"control","PAN_ABW",-0.171884121310848,0.922432067646953,25,NA,NA,NA
"control","PAN_AND",-0.134021115521663,0.796620247699839,19,NA,NA,NA
"control","PAN_ANT",0.248063105944856,1.50146387566506,16,NA,NA,NA
"control","PAN_ATG",0.085416078727119,1.38598031437847,24,NA,NA,NA
"control","PAN_BFA",-0.271704085442953,0.639047443158866,15,NA,NA,NA
"control","PAN_BMU",-0.20299194577073,0.996924714800309,24,NA,NA,NA
"control","PAN_CIV",0.276134287222489,1.01011423478867,24,NA,NA,NA
"control","PAN_CMR",-0.320482087781045,1.09801731348706,20,NA,NA,NA
"control","PAN_EST",0.22932911785397,0.726326489622431,17,NA,NA,NA
"control","PAN_GIN",-0.821107698523381,0.579462813842647,11,NA,NA,NA
"control","PAN_GMB",-0.0564025251670812,1.45975563113696,15,NA,NA,NA
"control","PAN_MDA",-0.06409779809437,1.03014373712865,20,NA,NA,NA
"control","PAN_MKD",-0.175735285282926,1.33593658956568,25,NA,NA,NA
"control","PAN_PHL",-0.00472043961144058,1.12329327047644,25,NA,NA,NA
"control","PAN_RUS",0.0408255288240239,0.595940592855803,25,NA,NA,NA
"control","PAN_SDN",0.171488806366807,0.704609842543449,18,NA,NA,NA
"control","PAN_UGA",-0.420192688885049,0.803605047120197,19,NA,NA,NA
"control","PAN_ZWE",-0.2288552504347,0.687873993796072,16,NA,NA,NA
"control","PER_AGO",-0.146667255995482,1.05452669704052,24,NA,NA,NA
"control","PER_AND",0.407250043775289,0.727941218508691,24,NA,NA,NA
"control","PER_BIH",-0.190447806139571,1.23702235495983,19,NA,NA,NA
"control","PER_BLR",-0.351935202429636,0.735402802443544,24,NA,NA,NA
"control","PER_ETH",-0.287666888606879,0.830784201507637,24,NA,NA,NA
"control","PER_FSM",-0.245964691635328,0.929164633276259,15,NA,NA,NA
"control","PER_GNQ",0.089974672684437,1.00724192531319,17,NA,NA,NA
"control","PER_GRD",0.217750410448553,0.734194658226044,25,NA,NA,NA
"control","PER_PLW",0.384335063845948,0.413143819356461,8,NA,NA,NA
"control","PER_TCA",0.0779418472626973,1.27676876773255,13,NA,NA,NA
"control","PER_UZB",0.308106373550669,0.973072804979579,9,NA,NA,NA
"control","PER_VCT",-0.174576980039661,1.24596974517286,23,NA,NA,NA
"control","PHL_AND",0.0444743327521163,0.775273123108355,25,NA,NA,NA
"control","PHL_BFA",0.0734818297858076,1.0921870331561,23,NA,NA,NA
"control","PHL_BMU",0.287998206460971,1.08922148091788,25,NA,NA,NA
"control","PHL_BRB",0.298690957595147,0.657056919902503,25,NA,NA,NA
"control","PHL_EST",0.0346049073492905,1.20631885276449,25,NA,NA,NA
"control","PHL_ETH",-0.320741976429164,1.06424333425693,23,NA,NA,NA
"control","PHL_GRD",-0.000517805771599552,0.666720811392506,23,NA,NA,NA
"control","PHL_MDV",-0.184004954186517,0.706363305073422,25,NA,NA,NA
"control","PHL_NER",-0.24663420683948,0.816209969494135,25,NA,NA,NA
"control","PHL_SLV",0.0478679866039707,0.985687753851993,25,NA,NA,NA
"control","PHL_SUR",-0.0953590292714884,1.8524474356871,24,NA,NA,NA
"control","PHL_ZMB",0.237754720024179,0.959537517248536,25,NA,NA,NA
"control","PLW_BRA",0.165245812240947,1.05318449406948,23,NA,NA,NA
"control","PLW_CHN",0.00457377324254493,0.56923430995633,14,NA,NA,NA
"control","PLW_POL",0.52539586293019,0.579090144999561,12,NA,NA,NA
"control","PNG_BFA",0.228183229010151,0.807449700785096,9,NA,NA,NA
"control","PNG_BRA",0.167171687824785,0.71324777940621,16,NA,NA,NA
"control","PNG_ECU",0.0824828742310866,1.07177877257741,13,NA,NA,NA
"control","PNG_GRL",0.512282564021622,0.416985187924915,12,NA,NA,NA
"control","PNG_ISL",-0.234598605589678,1.22656453333166,25,NA,NA,NA
"control","PNG_SAU",-0.366940139183516,1.35303112105221,12,NA,NA,NA
"control","POL_AND",-0.391549983580332,1.06771635594092,8,NA,NA,NA
"control","POL_BTN",0.491194991217149,0.981697073570913,19,NA,NA,NA
"control","POL_HTI",0.11304030894819,0.647330980323775,24,NA,NA,NA
"control","POL_IRQ",0.141692116539227,1.39699826236294,23,NA,NA,NA
"control","POL_LAO",0.263722920414683,0.673027175816634,20,NA,NA,NA
"control","POL_MRT",0.363321896743934,1.58556969161491,23,NA,NA,NA
"control","POL_VUT",0.224936564957542,1.21402830688196,20,NA,NA,NA
"control","PRK_AND",0.401110424842274,1.11331530296212,21,NA,NA,NA
"control","PRK_BFA",0.0892248199333403,0.694195509799932,24,NA,NA,NA
"control","PRK_BMU",0.196645610522009,1.01209278424618,9,NA,NA,NA
"control","PRK_CIV",0.0050658765512527,1.03498910077303,25,NA,NA,NA
"control","PRK_EST",-0.348336952037847,0.587090424313548,25,NA,NA,NA
"control","PRK_ETH",0.0210758333599503,0.863669144038204,24,NA,NA,NA
"control","PRK_KGZ",0.0566292842620262,0.80267627867718,19,NA,NA,NA
"control","PRK_MDA",0.172932948670825,0.570073100422323,24,NA,NA,NA
"control","PRK_NER",0.436558637449141,1.15149832986163,25,NA,NA,NA
"control","PRK_SUR",-0.0808434104699757,1.00934725728073,23,NA,NA,NA
"control","PRK_ZMB",0.512082879950767,0.851356425102372,23,NA,NA,NA
"control","PRT_ARM",-0.156337472376297,0.930844934392292,22,NA,NA,NA
"control","PRT_MNG",0.201030514605331,1.39904739070011,24,NA,NA,NA
"control","PRT_NRU",-0.594372944434313,1.30825320784303,9,NA,NA,NA
"control","PRT_PLW",-0.0934147316646107,0.675146790040412,11,NA,NA,NA
"control","PRY_AND",0.121882649244157,1.13643528926058,9,NA,NA,NA
"control","PRY_GIN",0.0744069429416706,0.696844672535965,15,NA,NA,NA
"control","PRY_GRD",-0.362275258554236,0.904205534276202,12,NA,NA,NA
"control","PRY_LVA",-0.281064093023219,1.08868691904243,16,NA,NA,NA
"control","PRY_MDA",-0.0345132024457067,1.56524900709745,13,NA,NA,NA
"control","PRY_UKR",0.0961668727933362,0.654037887381183,23,NA,NA,NA
"control","PYF_CRI",0.234312948580277,1.04590107044579,23,NA,NA,NA
"control","PYF_CZE",0.416819926323395,0.916577354171627,8,NA,NA,NA
"control","PYF_GIN",-0.5813135159287,0.93541341023831,11,NA,NA,NA
"control","PYF_ROU",-0.0260980500615329,1.03731758156899,9,NA,NA,NA
"control","PYF_SAU",-0.283405283508056,0.834015981206201,9,NA,NA,NA
"control","QAT_ARG",0.0352616709221401,1.61450737106502,25,NA,NA,NA
"control","QAT_CRI",0.108128941490727,0.723408548424043,22,NA,NA,NA
"control","QAT_GIN",-0.0303441970280435,1.04557207027914,16,NA,NA,NA
"control","QAT_MDA",0.195554213336533,1.26222328270528,16,NA,NA,NA
"control","QAT_URY",0.407709841370157,0.659904734568355,22,NA,NA,NA
"control","ROU_ERI",-0.0399848768357499,0.339756881803069,20,NA,NA,NA
"control","ROU_GNQ",-0.252607388724036,1.26346650413961,23,NA,NA,NA
"control","ROU_PNG",-0.567871848293914,0.944816279420334,8,NA,NA,NA
"control","RUS_AND",-0.02277736059649,0.731124126588081,24,NA,NA,NA
"control","RUS_BFA",-0.0129439504948145,1.49082397814971,25,NA,NA,NA
"control","RUS_BMU",0.110423510324814,0.77107646338963,25,NA,NA,NA
"control","RUS_CIV",-0.0552120568404019,1.14319809609422,25,NA,NA,NA
"control","RUS_CMR",-0.0388707891075605,0.842833362443119,25,NA,NA,NA
"control","RUS_COM",0.100942720018644,2.00817933317964,12,NA,NA,NA
"control","RUS_EST",-0.161886646139807,0.786108800765846,25,NA,NA,NA
"control","RUS_ETH",-0.0461352214081313,0.759127061123378,25,NA,NA,NA
"control","RUS_GIN",0.276256791749148,0.742581131620959,25,NA,NA,NA
"control","RUS_GMB",-0.273709286088988,0.691885542585585,25,NA,NA,NA
"control","RUS_ISR",-0.0761142865155641,1.22297936311063,25,NA,NA,NA
"control","RUS_KNA",0.0562980970757829,1.33931194823741,24,NA,NA,NA
"control","RUS_MDV",-0.134372715398289,0.796402987367243,24,NA,NA,NA
"control","RUS_NER",-0.108129024150453,1.27925274735729,25,NA,NA,NA
"control","RUS_PAN",-0.0219120028315446,0.653731359531729,25,NA,NA,NA
"control","RUS_SDN",0.239117527816304,1.16717887929367,25,NA,NA,NA
"control","RUS_SYC",0.104063496637294,0.856483970077797,25,NA,NA,NA
"control","RUS_TCD",-0.106980933417167,0.952170459754521,21,NA,NA,NA
"control","RUS_TZA",-0.24989799598352,1.09931782400625,25,NA,NA,NA
"control","RUS_ZAF",0.101339965797525,0.859451991630342,25,NA,NA,NA
"control","RUS_ZMB",-0.00705783626585498,0.613589354853638,25,NA,NA,NA
"control","RUS_ZWE",-0.472027880286341,0.75927948798078,24,NA,NA,NA
"control","RWA_BFA",0.24268321384633,0.348977425656583,22,NA,NA,NA
"control","RWA_CIV",0.11308177353007,1.51584476184145,20,NA,NA,NA
"control","RWA_POL",0.416036126537577,0.876989907081264,23,NA,NA,NA
"control","SAU_AND",0.0107624744155527,0.89976547983938,9,NA,NA,NA
"control","SAU_EST",-0.230193128889938,1.01032852412373,24,NA,NA,NA
"control","SAU_LTU",0.0762720520300267,1.0731518307471,22,NA,NA,NA
"control","SAU_LVA",0.251531652762729,1.15260415181887,23,NA,NA,NA
"control","SAU_MKD",-0.0683996463983522,0.875039360942622,25,NA,NA,NA
"control","SAU_NIC",0.196594164163517,1.26439205226457,21,NA,NA,NA
"control","SAU_SYC",0.0841799659218901,1.54725436111635,22,NA,NA,NA
"control","SAU_TKM",0.0842320046540714,0.906494175771432,23,NA,NA,NA
"control","SAU_UZB",-0.197968004564692,0.6950478638557,19,NA,NA,NA
"control","SDN_BGR",-0.204143626914933,0.937468939163729,25,NA,NA,NA
"control","SDN_CIV",0.128099437516285,0.28899416165965,14,NA,NA,NA
"control","SDN_MDV",0.14406402502957,0.484693123282138,8,NA,NA,NA
"control","SDN_MKD",0.137482928277555,0.861907447444345,21,NA,NA,NA
"control","SDN_MLI",0.153011380325931,1.2491973342487,21,NA,NA,NA
"control","SDN_TCD",0.0642290480932178,0.79663020969797,16,NA,NA,NA
"control","SDN_TGO",-0.312115248089109,1.00406797407859,11,NA,NA,NA
"control","SEN_AGO",-0.440781204116902,1.1956278780609,22,NA,NA,NA
"control","SEN_ARG",-0.0540547676580484,0.90511475697763,25,NA,NA,NA
"control","SEN_BMU",-0.210261373353487,0.899192161767487,9,NA,NA,NA
"control","SEN_EST",0.0887583230975854,1.07282329082746,24,NA,NA,NA
"control","SEN_GRD",0.0557411904138581,2.06600342024399,13,NA,NA,NA
"control","SEN_ISR",-0.0606086858262289,0.905786697354665,24,NA,NA,NA
"control","SEN_KHM",-0.115415653160885,0.481273086435313,8,NA,NA,NA
"control","SEN_PER",0.0736600963859862,1.22839129210168,24,NA,NA,NA
"control","SEN_SDN",0.333913161246072,0.857288063562086,24,NA,NA,NA
"control","SEN_TCD",0.0188000122226665,0.892581694796351,25,NA,NA,NA
"control","SEN_URY",-0.1555272021463,0.9820229674815,20,NA,NA,NA
"control","SEN_ZWE",0.276460850018775,0.93136623383142,22,NA,NA,NA
"control","SGP_AGO",0.254063350338612,1.69067134106218,25,NA,NA,NA
"control","SGP_AND",0.0475974241230023,1.01350595520072,24,NA,NA,NA
"control","SGP_BFA",0.396638152874127,0.519122425974733,24,NA,NA,NA
"control","SGP_BLR",-0.142036958418159,0.830261135880132,25,NA,NA,NA
"control","SGP_COD",-0.437270991273128,0.997361552532315,21,NA,NA,NA
"control","SGP_CPV",0.197865090247455,0.895913093293503,25,NA,NA,NA
"control","SGP_CXR",-0.234542852967177,0.75271963473229,25,NA,NA,NA
"control","SGP_EST",0.225164975441075,0.862661152812233,23,NA,NA,NA
"control","SGP_GMB",-0.311598698971932,1.03476343132594,25,NA,NA,NA
"control","SGP_GNB",-0.0928080807420601,0.863500420243501,16,NA,NA,NA
"control","SGP_KAZ",-0.0792187337017557,1.37172381732992,25,NA,NA,NA
"control","SGP_KGZ",0.0632987788123513,1.27364034013678,24,NA,NA,NA
"control","SGP_KIR",-0.0552968560485972,1.1733059592049,24,NA,NA,NA
"control","SGP_MHL",0.175576525078141,0.961663576819882,25,NA,NA,NA
"control","SGP_MNP",-0.15127902399908,0.742930765613972,25,NA,NA,NA
"control","SGP_NER",0.145645426333919,0.661251113863764,25,NA,NA,NA
"control","SHN_SAU",-0.327450817229107,0.848120185978651,14,NA,NA,NA
"control","SHN_SDN",-0.222348560952937,0.776933224487841,20,NA,NA,NA
"control","SHN_UGA",-0.124721562255961,0.627632007324015,9,NA,NA,NA
"control","SLE_BMU",-0.0802931529499946,0.593631204525902,9,NA,NA,NA
"control","SLE_CMR",-0.327226409259214,1.3954904756337,19,NA,NA,NA
"control","SLE_EST",0.100764513270284,1.16031829831486,25,NA,NA,NA
"control","SLE_ETH",0.20729380249372,1.03582874409197,24,NA,NA,NA
"control","SLE_MWI",-0.10845985196206,0.833004566266879,18,NA,NA,NA
"control","SLE_TTO",-0.0804819093852448,0.769147709683129,17,NA,NA,NA
"control","SLE_ZMB",-0.174898890343595,0.680360184778969,19,NA,NA,NA
"control","SLV_ALB",0.180583650339211,2.53680682523571,8,NA,NA,NA
"control","SLV_ATG",0.229742089033258,0.958731757088978,21,NA,NA,NA
"control","SLV_BGD",-0.0688251305299185,1.16177075470601,22,NA,NA,NA
"control","SLV_BGR",-0.0619008137776309,0.861019357972239,15,NA,NA,NA
"control","SLV_CIV",-0.178168064910838,0.830411737152891,14,NA,NA,NA
"control","SLV_CYM",-0.0692346896491065,1.1890049012991,23,NA,NA,NA
"control","SLV_EGY",-0.089125282669143,1.15703313793589,21,NA,NA,NA
"control","SLV_GIN",0.657080003578681,1.38474612817296,8,NA,NA,NA
"control","SLV_HRV",0.295879062638269,0.503059317617053,17,NA,NA,NA
"control","SLV_IDN",0.0234045904356925,1.02418027761688,25,NA,NA,NA
"control","SLV_MLT",0.402656942138831,1.78892055983499,10,NA,NA,NA
"control","SLV_PHL",-0.128764675861906,0.96110386099296,24,NA,NA,NA
"control","SLV_ROU",0.221522823795601,1.1719322051337,16,NA,NA,NA
"control","SLV_SDN",-0.141827095549925,0.71691969663552,22,NA,NA,NA
"control","SLV_SUR",0.0118048327049734,1.07605372979179,23,NA,NA,NA
"control","SLV_TUN",-0.0837397215051131,0.386111479135448,21,NA,NA,NA
"control","SLV_TZA",0.299855247365345,1.19731755283556,16,NA,NA,NA
"control","SLV_VNM",-0.0984239613566175,1.32357922085706,20,NA,NA,NA
"control","SOM_ARG",-0.122634529604871,0.612003168080019,21,NA,NA,NA
"control","SOM_ETH",-0.232999323641838,0.708223051347937,21,NA,NA,NA
"control","SOM_GIN",0.0670788502069956,0.925183657257861,8,NA,NA,NA
"control","SOM_POL",0.509783639302475,1.40844958316128,19,NA,NA,NA
"control","SOM_SDN",0.228063479475014,0.515153741692062,19,NA,NA,NA
"control","SOM_SVK",0.0299180634436698,1.22689199819386,18,NA,NA,NA
"control","SOM_TZA",0.453294977259525,1.1687708749009,20,NA,NA,NA
"control","SOM_ZAF",-0.407336431663275,1.2168999583474,24,NA,NA,NA
"control","SPM_BRA",-0.258543659704969,0.511045982668482,16,NA,NA,NA
"control","STP_EST",-0.302124114378573,0.944004596701067,11,NA,NA,NA
"control","STP_UGA",0.409704039349875,0.420989399977526,9,NA,NA,NA
"control","STP_ZWE",-0.402741742914915,2.1434174664053,11,NA,NA,NA
"control","SUR_ABW",0.0455733139019546,0.850123051733577,22,NA,NA,NA
"control","SUR_ANT",0.130231481189483,1.68997494398875,14,NA,NA,NA
"control","SUR_ARG",-0.530976349025377,1.15485554628737,22,NA,NA,NA
"control","SUR_BMU",-0.178855665780709,1.27580253506514,8,NA,NA,NA
"control","SUR_CMR",0.334403759757877,0.803298397406612,20,NA,NA,NA
"control","SUR_DZA",0.271347803080917,0.806456087726174,9,NA,NA,NA
"control","SUR_GTM",-0.0754375761867296,0.740823980325312,19,NA,NA,NA
"control","SUR_SDN",-0.0740150217986729,1.44520112442854,22,NA,NA,NA
"control","SUR_ZWE",-0.243749456269171,0.788677501363567,8,NA,NA,NA
"control","SVK_BEN",-0.092705477451607,0.689897169318025,25,NA,NA,NA
"control","SVK_BLZ",0.246175988056467,0.686723237628683,10,NA,NA,NA
"control","SVK_COD",-0.365250903733597,1.42007504132144,19,NA,NA,NA
"control","SVK_FJI",0.573895556488734,0.693470648721079,11,NA,NA,NA
"control","SVK_GAB",0.107701504103206,0.897170511551298,25,NA,NA,NA
"control","SVK_IRQ",-0.21116240872215,1.13068111790028,24,NA,NA,NA
"control","SVK_KHM",0.160798755822464,0.710271917706801,22,NA,NA,NA
"control","SVK_NPL",0.0405254813698487,0.885799860152013,22,NA,NA,NA
"control","SVK_PNG",0.0361673676437737,0.557045051129593,8,NA,NA,NA
"control","SVK_VGB",-0.415973762817137,0.976302035790991,11,NA,NA,NA
"control","SVK_ZAF",-0.23533643284408,2.13915178513096,8,NA,NA,NA
"control","SVN_BHS",0.391925532850493,1.47457913613603,11,NA,NA,NA
"control","SVN_GNB",-0.273139353758989,1.29435837302381,15,NA,NA,NA
"control","SVN_GNQ",0.375406983775225,0.950117681548276,11,NA,NA,NA
"control","SVN_KGZ",0.0867230751752562,1.26345264028059,25,NA,NA,NA
"control","SVN_LBR",0.0962857640494652,1.19384661195116,25,NA,NA,NA
"control","SVN_MNG",-0.481626635483225,0.340895345987264,20,NA,NA,NA
"control","SVN_TJK",0.127111340809691,1.45721108581195,19,NA,NA,NA
"control","SVN_ZWE",-0.49396474109323,0.670972682732485,14,NA,NA,NA
"control","SWE_FSM",0.164844678895587,1.14382106106192,22,NA,NA,NA
"control","SWE_MHL",-0.133445261206581,0.601669101897702,24,NA,NA,NA
"control","SWE_MNP",-0.361004566838376,0.875379647718258,25,NA,NA,NA
"control","SWE_VGB",-0.309936552923578,0.797183149544322,11,NA,NA,NA
"control","SWZ_OMN",0.491319058105897,1.20083990360176,9,NA,NA,NA
"control","SWZ_SGP",-0.133709508215061,0.996801041186651,23,NA,NA,NA
"control","SYC_CMR",-0.181628089892507,0.96774771132203,18,NA,NA,NA
"control","SYC_PER",0.0514833159758242,0.661460224782131,21,NA,NA,NA
"control","SYR_BFA",-0.0837425735914056,1.13476160196721,21,NA,NA,NA
"control","SYR_CAF",-0.432623054885553,0.906498102469369,9,NA,NA,NA
"control","SYR_CIV",-0.377546170012446,1.02061018084867,25,NA,NA,NA
"control","SYR_EST",-0.0691884857956288,1.54850509785289,8,NA,NA,NA
"control","SYR_ETH",0.443618456280727,0.89887679562061,24,NA,NA,NA
"control","SYR_HND",0.447197767141819,1.01991318629117,21,NA,NA,NA
"control","SYR_KGZ",-0.406485420719985,0.809298291053216,22,NA,NA,NA
"control","SYR_LTU",0.0990969520038654,0.62479393392352,8,NA,NA,NA
"control","SYR_MDA",-0.0285883286668954,1.19140332690187,24,NA,NA,NA
"control","SYR_NER",-0.221789158320569,1.14475967220917,18,NA,NA,NA
"control","SYR_PRY",-0.139619769274004,0.757467271563379,23,NA,NA,NA
"control","SYR_TZA",-0.0858490014352223,1.11836959989534,25,NA,NA,NA
"control","SYR_ZWE",0.149056171282547,1.35429570164702,15,NA,NA,NA
"control","TCA_MKD",0.287939845803548,1.80018189302545,9,NA,NA,NA
"control","TCA_MYS",-0.301021581230138,1.07215725411783,9,NA,NA,NA
"control","TCD_BFA",0.194355713845124,0.821473416756099,19,NA,NA,NA
"control","TCD_CRI",-0.171454312751988,0.824530238019732,13,NA,NA,NA
"control","TCD_CZE",-0.0409482329087845,0.518454383280501,24,NA,NA,NA
"control","TCD_GIN",0.0238400907248602,1.19190589367166,9,NA,NA,NA
"control","TCD_HUN",-0.0690228631076497,0.73878033906521,12,NA,NA,NA
"control","TCD_SDN",0.0256295923520134,0.455031864774131,16,NA,NA,NA
"control","TCD_TGO",0.0901211479028069,0.939956859837159,10,NA,NA,NA
"control","TGO_BGD",0.103877990156448,0.860353285329394,25,NA,NA,NA
"control","TGO_ETH",0.0405196736950224,0.821065179226005,24,NA,NA,NA
"control","TGO_GNQ",0.604217035864579,1.20964873817894,22,NA,NA,NA
"control","TGO_MUS",-0.0352012225136364,0.894574595513088,20,NA,NA,NA
"control","TGO_PAK",-0.122151150794095,1.25095276921956,24,NA,NA,NA
"control","TGO_PAN",-0.147985165162016,1.18115016450454,16,NA,NA,NA
"control","TGO_PRK",0.18241032653179,1.7086111257803,8,NA,NA,NA
"control","TGO_RWA",-0.226522063994742,1.08438380007082,22,NA,NA,NA
"control","TGO_SAU",0.0188169338628728,1.78637268633178,18,NA,NA,NA
"control","TGO_SGP",-0.0627561547636173,0.837851298422754,24,NA,NA,NA
"control","TGO_STP",-0.0942354880534805,0.479687175959987,25,NA,NA,NA
"control","TGO_UKR",0.182897937008999,0.788649111948195,18,NA,NA,NA
"control","THA_ATG",0.0848618527459473,0.754258663837042,25,NA,NA,NA
"control","THA_CCK",0.0975306259610832,0.630664660880151,18,NA,NA,NA
"control","THA_GEO",-0.0919461750060086,0.598517647691034,25,NA,NA,NA
"control","THA_KAZ",0.301344638588242,0.777431379276698,25,NA,NA,NA
"control","THA_UZB",0.301698027449755,1.01692842795584,25,NA,NA,NA
"control","TJK_CHL",-0.0839438939281025,0.640162293537119,18,NA,NA,NA
"control","TJK_COL",0.363280585530605,1.30043093664072,14,NA,NA,NA
"control","TJK_CRI",-0.130391429659316,1.30750733320176,16,NA,NA,NA
"control","TJK_DZA",0.0154432649248331,1.67556013075242,23,NA,NA,NA
"control","TJK_EGY",0.0356682345895978,1.1300201323646,24,NA,NA,NA
"control","TJK_EST",0.0920195123911299,0.726834131692921,23,NA,NA,NA
"control","TJK_GRL",-0.0908465102709998,1.15448342139331,8,NA,NA,NA
"control","TJK_NZL",0.262556442116798,0.91093628162115,18,NA,NA,NA
"control","TJK_OMN",0.0360037641309407,0.809107716103333,10,NA,NA,NA
"control","TKL_MUS",-0.0901202491667409,1.5314744965528,20,NA,NA,NA
"control","TKL_POL",0.04648394085839,0.913176401425495,20,NA,NA,NA
"control","TKL_SDN",-0.242774878975729,0.783586418199037,16,NA,NA,NA
"control","TKL_TZA",-0.0118862926678739,0.773297911372956,23,NA,NA,NA
"control","TKM_AND",0.152039428585303,0.697953885886413,8,NA,NA,NA
"control","TKM_BRA",-0.0382722661153046,0.801239878157905,21,NA,NA,NA
"control","TKM_CHL",0.297959467942251,1.06659335868667,14,NA,NA,NA
"control","TKM_EST",0.266254877192956,0.756588623557917,24,NA,NA,NA
"control","TKM_MAR",0.113336000327495,1.1313617997861,23,NA,NA,NA
"control","TKM_MEX",0.265566808856723,1.20595088830286,19,NA,NA,NA
"control","TKM_MKD",-0.242714622872195,0.845926407807075,16,NA,NA,NA
"control","TON_DNK",0.0327135299627964,0.682337804431569,14,NA,NA,NA
"control","TON_SVN",-0.309116575221368,1.70793360512803,8,NA,NA,NA
"control","TTO_ALB",0.399023755917315,0.79523797771601,17,NA,NA,NA
"control","TTO_COM",-0.105969775806416,1.23333640894641,13,NA,NA,NA
"control","TTO_SLE",-0.267296656573262,1.67191668839075,16,NA,NA,NA
"control","TTO_SVK",0.435906775909919,1.4322511093957,11,NA,NA,NA
"control","TUN_ANT",0.0771781510963509,0.94986717287243,10,NA,NA,NA
"control","TUN_BMU",-0.173071901986172,1.0114835107984,19,NA,NA,NA
"control","TUN_EST",-0.229666468618321,0.90134521480178,8,NA,NA,NA
"control","TUN_ETH",-0.0454111265991769,0.742419356169725,22,NA,NA,NA
"control","TUN_HTI",0.113113229531387,1.12395918579918,10,NA,NA,NA
"control","TUN_LBR",0.115056736779251,0.891662148080469,25,NA,NA,NA
"control","TUN_SUR",-0.048300759904315,1.32732995513712,20,NA,NA,NA
"control","TUN_UKR",-0.0823271916646166,1.16895905895756,25,NA,NA,NA
"control","TUN_ZMB",-0.0982070991190179,1.07725748658019,20,NA,NA,NA
"control","TUR_KHM",-0.193986700024338,1.23059927284795,25,NA,NA,NA
"control","TUV_EST",0.100917330221399,0.98420727007369,11,NA,NA,NA
"control","TUV_HUN",0.0727539867036694,0.95699785462649,13,NA,NA,NA
"control","TUV_JPN",0.298272177488635,0.831641334407829,17,NA,NA,NA
"control","TUV_SVK",0.0417558339228256,0.98859287056201,23,NA,NA,NA
"control","TWN_AND",0.0753721263121978,0.948596661536724,25,NA,NA,NA
"control","TWN_BMU",-0.232843285851637,1.49062701004657,21,NA,NA,NA
"control","TWN_BWA",-0.253455257218464,0.772807565141254,21,NA,NA,NA
"control","TWN_EST",0.162338385341523,1.36712825433759,25,NA,NA,NA
"control","TWN_ETH",0.517492690585275,1.41916952127741,24,NA,NA,NA
"control","TWN_GEO",0.0041846892707503,1.40730227016444,25,NA,NA,NA
"control","TWN_MDV",0.199008009304199,0.917642764684204,25,NA,NA,NA
"control","TWN_MRT",-0.0152316039838685,0.949781194515863,24,NA,NA,NA
"control","TWN_NER",0.284040689766506,0.82819782938239,25,NA,NA,NA
"control","TWN_TCD",-0.123974939979616,0.553585710431071,24,NA,NA,NA
"control","TWN_TZA",-0.429329661644421,0.896624727608356,25,NA,NA,NA
"control","TWN_ZMB",-0.0447549364342739,0.649017507282367,25,NA,NA,NA
"control","TZA_CRI",-0.365144265467723,0.733066543329497,22,NA,NA,NA
"control","TZA_DMA",0.109275360663453,0.772360507335825,10,NA,NA,NA
"control","TZA_ISR",0.262999215928657,0.605317948260653,25,NA,NA,NA
"control","TZA_NER",0.076036558002171,0.897266985069085,22,NA,NA,NA
"control","TZA_SEN",0.0320794620612784,1.3156372945789,24,NA,NA,NA
"control","UGA_ANT",-0.181156183316972,1.42662099753256,9,NA,NA,NA
"control","UGA_BFA",0.0160169721988554,1.63494769605008,15,NA,NA,NA
"control","UGA_CMR",0.0815355594947793,0.928581104819271,19,NA,NA,NA
"control","UGA_COG",0.0949671770054509,0.603593292936472,24,NA,NA,NA
"control","UGA_CUB",0.0740232562441135,1.96758501333844,16,NA,NA,NA
"control","UGA_EST",0.568048728132367,1.07924523295132,21,NA,NA,NA
"control","UGA_GAB",-0.324987602097649,1.23371427690445,19,NA,NA,NA
"control","UGA_GIN",-0.227218931327294,0.605614884197173,20,NA,NA,NA
"control","UGA_GMB",-0.0608421789576476,1.44666693989272,17,NA,NA,NA
"control","UGA_KWT",0.536593188751987,1.04581853618338,21,NA,NA,NA
"control","UGA_SYR",-0.262604668594662,1.43460552225178,17,NA,NA,NA
"control","UGA_VNM",0.115596103822487,0.653325169141049,22,NA,NA,NA
"control","UGA_YEM",0.0767599201884187,0.826603792735853,18,NA,NA,NA
"control","UKR_AND",-0.0577646890479227,1.07249621816913,24,NA,NA,NA
"control","UKR_BMU",0.190014987256994,0.884532335393213,15,NA,NA,NA
"control","UKR_BRB",-0.00904002676346313,0.811050462239829,24,NA,NA,NA
"control","UKR_CHL",-0.0812294954507406,0.880637454880604,25,NA,NA,NA
"control","UKR_CMR",0.191013836748385,0.937447606785464,25,NA,NA,NA
"control","UKR_GIN",-0.0397408634362802,0.773243868467942,25,NA,NA,NA
"control","UKR_ISR",0.124300725773071,0.790308379702824,25,NA,NA,NA
"control","UKR_KNA",0.31397079246727,0.862098509457055,22,NA,NA,NA
"control","UKR_KWT",0.0515883657658289,1.48529261394934,25,NA,NA,NA
"control","UKR_MEX",-0.232458557526858,1.07747109661872,25,NA,NA,NA
"control","UKR_MUS",-0.0284903211244259,0.666050375749608,25,NA,NA,NA
"control","UKR_OMN",-0.140018054783777,1.08517924933403,25,NA,NA,NA
"control","UKR_SDN",-0.0396244994859203,0.949598629552663,25,NA,NA,NA
"control","UKR_TCD",0.0122177407200047,1.03424080689943,21,NA,NA,NA
"control","UKR_TUN",-0.0438699897372326,0.725342761559345,25,NA,NA,NA
"control","UKR_TZA",0.0605609796654965,1.22293569492186,24,NA,NA,NA
"control","UKR_ZWE",0.00191735568896221,1.65419017726134,23,NA,NA,NA
"control","URY_AGO",-0.0424208936323217,0.788236349407713,25,NA,NA,NA
"control","URY_AND",-0.0612472059778734,1.14417086672599,22,NA,NA,NA
"control","URY_BIH",-0.201237195812171,0.550852828088299,22,NA,NA,NA
"control","URY_EST",-0.048977711036701,0.803300982593332,25,NA,NA,NA
"control","URY_LBR",-0.234709965620515,0.950803259146806,23,NA,NA,NA
"control","URY_MOZ",0.118649416525998,1.02476072157438,18,NA,NA,NA
"control","URY_MRT",0.0749701241520721,0.873034184948403,20,NA,NA,NA
"control","URY_MSR",0.0277730495937841,0.805800609018302,10,NA,NA,NA
"control","URY_PRK",-0.350125849904068,1.26665512442277,20,NA,NA,NA
"control","URY_SDN",-0.260296527174527,1.17953052301534,15,NA,NA,NA
"control","URY_SHN",0.157953151345546,0.937263566879696,13,NA,NA,NA
"control","URY_SLE",0.462676311931296,1.11926826215878,17,NA,NA,NA
"control","URY_TZA",-0.327089100473855,0.570892977814996,14,NA,NA,NA
"control","URY_VCT",-0.198061782131165,0.726628739637983,23,NA,NA,NA
"control","URY_VGB",0.0899672605691954,1.68221975666984,15,NA,NA,NA
"control","URY_ZWE",0.174389823536953,0.840626859259262,25,NA,NA,NA
"control","USA_ERI",-0.118594303101837,1.2693024448418,25,NA,NA,NA
"control","UZB_ARG",-0.00190976436333151,0.971510193350017,20,NA,NA,NA
"control","UZB_CRI",-0.135192036444005,1.73225231133982,12,NA,NA,NA
"control","UZB_EST",-0.0551401257570895,0.993218691371474,25,NA,NA,NA
"control","UZB_ISR",0.00649669682734764,0.687691905949928,25,NA,NA,NA
"control","UZB_KWT",-0.11168930941941,0.582533923002069,16,NA,NA,NA
"control","UZB_MEX",-0.260732968730103,0.804782647400006,24,NA,NA,NA
"control","UZB_MKD",0.492970733097869,1.07828316595716,22,NA,NA,NA
"control","UZB_THA",0.28367076666893,0.576246423846945,25,NA,NA,NA
"control","VCT_CUB",-0.0903518418883796,0.602666155356399,11,NA,NA,NA
"control","VCT_SDN",0.371041840685919,1.0861476908154,22,NA,NA,NA
"control","VCT_TCA",0.528488916161987,0.998024149509805,19,NA,NA,NA
"control","VCT_TGO",-0.349181584466167,0.438594226199051,11,NA,NA,NA
"control","VEN_BFA",0.167356635346036,1.16672046571189,21,NA,NA,NA
"control","VEN_BGR",-0.0267925953908655,1.06708679019798,25,NA,NA,NA
"control","VEN_EST",-0.242671820970978,1.12757483300027,25,NA,NA,NA
"control","VEN_NER",0.445205633252071,0.515243793484805,15,NA,NA,NA
"control","VEN_ZMB",-0.130232204727471,1.52301609802999,18,NA,NA,NA
"control","VGB_AUT",-0.154375426218387,0.552540061463682,10,NA,NA,NA
"control","VGB_BMU",-0.174220632351282,1.22899061154621,9,NA,NA,NA
"control","VGB_EST",0.0800428623368242,1.72534486063566,10,NA,NA,NA
"control","VGB_IRL",-0.0133649507834226,0.186483603419238,9,NA,NA,NA
"control","VGB_SDN",0.098311007904945,1.0428266937609,13,NA,NA,NA
"control","VGB_SWE",-0.203661144874623,0.788109100053561,9,NA,NA,NA
"control","VGB_TGO",0.123269477381737,1.23404601676917,9,NA,NA,NA
"control","VGB_TZA",-0.809305616022094,0.579844887298472,11,NA,NA,NA
"control","VNM_AND",-0.156107407807527,0.610078459784832,24,NA,NA,NA
"control","VNM_BMU",-0.422544931311483,0.737867330872304,18,NA,NA,NA
"control","VNM_CIV",0.173118436400563,1.44677408731666,25,NA,NA,NA
"control","VNM_CRI",-0.183004630656725,1.30365570780041,25,NA,NA,NA
"control","VNM_EST",0.033981730696687,0.982918549467866,25,NA,NA,NA
"control","VNM_ETH",0.170147796444546,0.845868060589758,24,NA,NA,NA
"control","VNM_GMB",0.132002462194656,0.585706836560142,25,NA,NA,NA
"control","VNM_GRD",0.0210204160652804,0.850692496915178,23,NA,NA,NA
"control","VNM_ISR",0.147899711963382,0.773549931279997,25,NA,NA,NA
"control","VNM_KNA",-0.00413688366987888,0.513222694291424,20,NA,NA,NA
"control","VNM_MDA",0.150348310167707,0.849786159139191,25,NA,NA,NA
"control","VNM_MDV",-0.206436170301434,0.807921734041266,24,NA,NA,NA
"control","VNM_MKD",-0.197308933231088,0.884913326466747,24,NA,NA,NA
"control","VNM_MWI",0.278298029344582,1.09633373077907,23,NA,NA,NA
"control","VNM_PRY",-0.160940476062884,1.13441579174139,25,NA,NA,NA
"control","VNM_ZMB",0.161846026926083,1.34557349555851,24,NA,NA,NA
"control","VUT_COL",0.017788630176148,0.847212223256657,11,NA,NA,NA
"control","VUT_CZE",-0.403837615115867,0.942173569845551,17,NA,NA,NA
"control","WSM_CHN",-0.21581113647118,0.952219160150959,20,NA,NA,NA
"control","WSM_CMR",0.265942177061511,0.878353824755381,9,NA,NA,NA
"control","WSM_CRI",0.409148716243302,0.379852571096616,10,NA,NA,NA
"control","WSM_ESP",-0.181686513949198,0.821132536321023,21,NA,NA,NA
"control","WSM_SGP",0.0838979380927362,1.20697816887343,23,NA,NA,NA
"control","YEM_ARG",-0.243693717825123,0.764750254848485,18,NA,NA,NA
"control","YEM_BFA",0.0336524589369122,1.02244243083069,10,NA,NA,NA
"control","YEM_CMR",0.430744919963473,1.75372303123449,13,NA,NA,NA
"control","YEM_COM",-0.0438700432455962,0.652870283570113,23,NA,NA,NA
"control","YEM_ETH",0.213412589045337,0.747538409670062,24,NA,NA,NA
"control","YEM_GIN",-0.0460078850031206,1.61131836590104,18,NA,NA,NA
"control","YEM_GMB",0.292493787708423,1.55190755413628,18,NA,NA,NA
"control","YEM_PAN",-0.0442185157088147,1.95342521490649,8,NA,NA,NA
"control","YEM_PHL",0.0184198999379225,0.87635997835901,22,NA,NA,NA
"control","YEM_TZA",-0.0602660030047912,0.917748755503375,24,NA,NA,NA
"control","YEM_ZMB",-0.00808610024936533,0.817110036980844,14,NA,NA,NA
"control","ZAF_ARM",-0.133289695102946,1.24774581959201,22,NA,NA,NA
"control","ZAF_AZE",0.190678398525938,0.724920823912657,22,NA,NA,NA
"control","ZAF_BIH",0.0959628919146204,1.11415849206021,24,NA,NA,NA
"control","ZAF_CZE",0.0930301178543233,0.778946975547905,8,NA,NA,NA
"control","ZAF_DJI",0.280377197744604,1.20307908304567,22,NA,NA,NA
"control","ZAF_ETH",-0.114187133299123,0.827244787718057,24,NA,NA,NA
"control","ZAF_GEO",-0.195059956862355,1.14016949835393,23,NA,NA,NA
"control","ZAF_GIN",-0.0573660217358463,0.988988432831828,24,NA,NA,NA
"control","ZAF_KIR",-0.367011509973145,1.40989881648678,19,NA,NA,NA
"control","ZAF_KNA",0.104852673732586,0.972290532317962,25,NA,NA,NA
"control","ZAF_SEN",0.161386588027471,0.998566517907971,25,NA,NA,NA
"control","ZAF_SLE",0.0118899031850153,1.11419790498117,25,NA,NA,NA
"control","ZAF_SLV",-0.208083399920127,1.20780453158957,24,NA,NA,NA
"control","ZAF_SUR",-0.202512437737464,0.82394520409497,23,NA,NA,NA
"control","ZAF_TCD",0.0927164872174395,1.12007783083841,25,NA,NA,NA
"control","ZAF_TTO",-0.456431659213466,1.579033556318,24,NA,NA,NA
"control","ZAF_VCT",0.386628356760087,0.833039563992568,22,NA,NA,NA
"control","ZMB_ARG",0.0216406533937803,0.420591227952621,20,NA,NA,NA
"control","ZMB_BEN",-0.0592993467860191,1.18094035908351,15,NA,NA,NA
"control","ZMB_BFA",-0.208082571720057,0.549353798882357,12,NA,NA,NA
"control","ZMB_BRB",0.230226603260102,0.685231451412176,9,NA,NA,NA
"control","ZMB_CRI",0.242747548984576,0.774845272233611,21,NA,NA,NA
"control","ZMB_ISR",0.128536126318997,0.70647805955877,25,NA,NA,NA
"control","ZMB_KWT",-0.0403623400435589,0.768084817221229,24,NA,NA,NA
"control","ZMB_PHL",-0.0496927611746396,1.20350421048211,19,NA,NA,NA
"control","ZMB_PRK",0.0460162866331737,0.521956214839597,15,NA,NA,NA
"control","ZMB_RUS",0.14117770952624,0.988943123438187,25,NA,NA,NA
"control","ZMB_VNM",0.342322742704523,0.819528422034483,18,NA,NA,NA
"control","ZWE_AND",-0.222355586501564,1.64368665125302,10,NA,NA,NA
"control","ZWE_BHR",0.176100108366928,0.802500612301359,18,NA,NA,NA
"control","ZWE_BMU",0.0714032164930422,0.755464010141704,14,NA,NA,NA
"control","ZWE_BRB",-0.402280342077386,1.53302132600426,22,NA,NA,NA
"control","ZWE_GMB",-0.211443233980377,1.03961344284863,16,NA,NA,NA
"control","ZWE_JAM",0.0586973806150765,0.718918889050893,21,NA,NA,NA
"control","ZWE_LBN",0.374528766732397,1.07314035679021,24,NA,NA,NA
"control","ZWE_LVA",0.0385765332234711,1.38670133060359,15,NA,NA,NA
"control","ZWE_SLV",0.236669963573546,1.2727350163893,13,NA,NA,NA
"control","ZWE_SUR",-0.43537214575507,1.60910350009648,13,NA,NA,NA
"control","ZWE_UZB",1.00045852228037,0.623005444364395,8,NA,NA,NA
"control","ABW_BGD",0.119215746858317,0.80904151854763,11,NA,NA,NA
"control","ABW_ECU",-0.061702142074199,0.917113842639356,22,NA,NA,NA
"control","ABW_JAM",0.178892103789261,0.673295430223606,23,NA,NA,NA
"control","ABW_PAN",-0.00259638250123435,1.01448071631537,23,NA,NA,NA
"control","ABW_PHL",-0.474689718019242,0.792767100320581,19,NA,NA,NA
"control","ABW_TUR",-0.137225923424485,1.54786827235849,18,NA,NA,NA
"control","ABW_VEN",-0.0687611208354253,0.823023985151651,24,NA,NA,NA
"control","AFG_BEN",-0.210036552128286,0.507272837284346,15,NA,NA,NA
"control","AFG_CMR",0.250606185578047,0.587593807675007,16,NA,NA,NA
"control","AFG_KNA",-0.198946617381513,1.23435087468457,20,NA,NA,NA
"control","AFG_MLI",-0.169363742513678,0.769071535102688,15,NA,NA,NA
"control","AFG_MUS",-0.0434632539070131,0.685744554139347,19,NA,NA,NA
"control","AFG_PHL",-0.0731344648298213,0.755014810023992,22,NA,NA,NA
"control","AFG_PYF",-0.305141066235111,0.665573102680608,21,NA,NA,NA
"control","AFG_RUS",-0.192248624912242,1.12484242472041,24,NA,NA,NA
"control","AFG_SEN",0.405339961675676,1.0251934963819,17,NA,NA,NA
"control","AFG_UKR",0.533201520668394,1.47369050972647,21,NA,NA,NA
"control","AFG_URY",-0.0255708317385115,0.835620272092707,18,NA,NA,NA
"control","AGO_BGR",-0.105231139186411,1.25502033918615,16,NA,NA,NA
"control","AGO_CMR",0.556258913021244,0.830334839387029,22,NA,NA,NA
"control","AGO_GHA",0.0377183561028216,0.726236092638802,23,NA,NA,NA
"control","AGO_ISR",-0.199533984224277,1.5397607755808,22,NA,NA,NA
"control","AGO_MAR",-0.110256609854771,1.01690136431468,16,NA,NA,NA
"control","AGO_NER",-0.118763712778018,0.65539953970683,12,NA,NA,NA
"control","AGO_NGA",-0.251987287239083,0.884936112148304,22,NA,NA,NA
"control","AGO_PAN",-0.167425325274972,1.48891351127962,12,NA,NA,NA
"control","AGO_PHL",-0.0322087054875063,0.719168855434641,17,NA,NA,NA
"control","AGO_RUS",-0.167604435148868,1.6036024768163,22,NA,NA,NA
"control","AGO_SEN",-0.163869931635777,0.934153497100915,18,NA,NA,NA
"control","AIA_AZE",-0.248622291252291,1.05481997699019,23,NA,NA,NA
"control","AIA_RUS",-0.29485081153214,0.807366445173183,24,NA,NA,NA
"control","AIA_UKR",-0.210613699289975,0.894187560869978,21,NA,NA,NA
"control","ALB_AGO",0.0208142164362916,0.534901006023413,15,NA,NA,NA
"control","ALB_AND",0.226635788098568,0.8019044522749,21,NA,NA,NA
"control","ALB_FRO",0.0815087839086957,0.798559775404075,13,NA,NA,NA
"control","ALB_IRN",-0.00344792731726633,0.580672720453829,16,NA,NA,NA
"control","ALB_MLI",0.159340241073224,1.16197337033033,15,NA,NA,NA
"control","ALB_RUS",0.00494426911123712,0.850204292333017,24,NA,NA,NA
"control","ALB_RWA",0.181678291351125,1.05078582563964,17,NA,NA,NA
"control","ALB_UKR",0.235008592990651,1.13406784272991,21,NA,NA,NA
"control","AND_ALB",0.0373349546039346,0.821317076212432,20,NA,NA,NA
"control","AND_CUB",-0.359668672366884,0.468699263748582,17,NA,NA,NA
"control","AND_DZA",0.474492261838106,1.25247948756177,23,NA,NA,NA
"control","AND_GIB",-0.296888788615641,1.16935823014519,9,NA,NA,NA
"control","AND_GNQ",0.169087402740411,1.45864118604856,9,NA,NA,NA
"control","AND_MLI",-0.0330910750589993,0.806412718450315,15,NA,NA,NA
"control","AND_NOR",0.105313258920974,1.36410994515858,23,NA,NA,NA
"control","AND_UKR",-0.274360966800292,0.998150541375174,23,NA,NA,NA
"control","ANT_ALB",-0.00241651112248842,1.06718667756573,10,NA,NA,NA
"control","ANT_BGD",0.175236997593327,0.721388535590661,14,NA,NA,NA
"control","ANT_CIV",0.395978691307441,0.485690349844987,13,NA,NA,NA
"control","ANT_GHA",-0.137339083159397,0.802649872300769,9,NA,NA,NA
"control","ANT_MLI",-0.110734761435873,1.43720819211033,8,NA,NA,NA
"control","ANT_PRY",-0.112720247462601,1.37886516847963,12,NA,NA,NA
"control","ANT_ROU",0.369498465175873,1.03529960373836,9,NA,NA,NA
"control","ANT_RUS",0.0730630520526307,1.91629404262217,14,NA,NA,NA
"control","ANT_RWA",0.228690139118158,0.721978835951872,12,NA,NA,NA
"control","ARE_ALB",-0.119136761188559,0.53214397474215,24,NA,NA,NA
"control","ARE_AZE",0.165553513643634,0.766642199909527,24,NA,NA,NA
"control","ARE_BGR",0.210341338991163,1.67370955764815,24,NA,NA,NA
"control","ARE_ECU",-0.202243174638067,1.24924453878378,24,NA,NA,NA
"control","ARE_FRO",-0.0649015669870112,0.45696192760302,22,NA,NA,NA
"control","ARE_GAB",0.299284903089299,1.06850761496664,21,NA,NA,NA
"control","ARE_GEO",-0.329464133014138,0.685208750707058,24,NA,NA,NA
"control","ARE_GHA",-0.144412048297735,0.859688531652845,23,NA,NA,NA
"control","ARE_HND",0.115483368267807,0.867700118575761,24,NA,NA,NA
"control","ARE_MLI",0.179250412720475,1.37093872578787,23,NA,NA,NA
"control","ARE_MNG",0.462054367065394,1.07863405034408,17,NA,NA,NA
"control","ARE_PRY",-0.048200964768947,1.64173068948748,21,NA,NA,NA
"control","ARE_PYF",0.36284592993403,0.580768926085949,24,NA,NA,NA
"control","ARE_SUR",-0.275057008533281,0.8339166517282,20,NA,NA,NA
"control","ARE_UKR",0.287363014519707,0.58349267763496,24,NA,NA,NA
"control","ARG_AIA",0.542287254247995,0.838838459641668,8,NA,NA,NA
"control","ARG_BIH",-0.16314049578395,1.07892751999496,24,NA,NA,NA
"control","ARG_ERI",0.303879644986003,0.805982491307014,11,NA,NA,NA
"control","ARG_FJI",-0.0996281038739632,0.699960610644275,24,NA,NA,NA
"control","ARG_GEO",0.415182997855335,1.0950551953465,24,NA,NA,NA
"control","ARG_RWA",-0.189551870167076,1.124814326709,22,NA,NA,NA
"control","ARG_UZB",0.00570580957638554,1.07556072444993,19,NA,NA,NA
"control","ARM_AUS",0.313792514062412,1.1568107811995,23,NA,NA,NA
"control","ARM_BGR",-0.213683355803068,0.629706028602512,21,NA,NA,NA
"control","ARM_CHL",-0.0346154184994692,1.25632629230266,20,NA,NA,NA
"control","ARM_DZA",-0.254836968633247,0.569919953485143,14,NA,NA,NA
"control","ARM_ECU",0.308688135095277,0.798198071549021,15,NA,NA,NA
"control","ARM_IND",0.0133133936894841,1.5184177329084,23,NA,NA,NA
"control","ARM_MLT",-0.528745289356187,1.01567533446106,13,NA,NA,NA
"control","ARM_NOR",-0.30854778064277,1.39333794503046,21,NA,NA,NA
"control","ATF_KOR",-0.125293343322601,1.67860275066518,10,NA,NA,NA
"control","ATF_MUS",0.0925945293088968,0.601352694346172,12,NA,NA,NA
"control","ATG_GHA",0.0658811178611345,0.654311233534409,23,NA,NA,NA
"control","ATG_MKD",0.158066237106046,0.481197764786991,12,NA,NA,NA
"control","ATG_MUS",-0.47263653996248,1.71086779260043,23,NA,NA,NA
"control","ATG_PAN",-0.21653416562182,1.66836622104274,16,NA,NA,NA
"control","ATG_PHL",-0.0998783752893292,1.53424703323788,18,NA,NA,NA
"control","ATG_SGP",0.294892068584533,0.760319338121716,22,NA,NA,NA
"control","ATG_ZAF",-0.106358268486396,1.22181511717998,22,NA,NA,NA
"control","AUT_GNQ",-0.309063909135933,1.09564927621209,20,NA,NA,NA
"control","AZE_ARE",-0.272886111510989,1.02931932609526,24,NA,NA,NA
"control","AZE_BLR",0.0600321960651749,1.32992094050437,24,NA,NA,NA
"control","AZE_DZA",0.16644781610548,0.568138271286556,20,NA,NA,NA
"control","AZE_ECU",-0.121410369939199,1.8745633571085,15,NA,NA,NA
"control","AZE_ISR",-0.154890073868805,0.960393636413191,24,NA,NA,NA
"control","AZE_LBN",0.0464729838713663,1.13252303766158,24,NA,NA,NA
"control","AZE_MUS",-0.302828485392911,0.833791713434681,11,NA,NA,NA
"control","AZE_MYS",-0.0582376231507116,1.04658644653062,23,NA,NA,NA
"control","AZE_OMN",0.0821415440590027,1.65312778781761,20,NA,NA,NA
"control","AZE_TZA",-0.307535035552411,0.866780979088978,16,NA,NA,NA
"control","AZE_VNM",0.221788504469807,0.973388485040725,24,NA,NA,NA
"control","BDI_DZA",0.0403779823652934,1.37234665775303,11,NA,NA,NA
"control","BDI_GHA",-0.102086501834401,0.971097863615698,12,NA,NA,NA
"control","BDI_PHL",0.503753867541791,0.69253433754077,13,NA,NA,NA
"control","BDI_SVK",0.0527149082569213,1.0419711734472,19,NA,NA,NA
"control","BEN_CZE",0.0516264726228967,1.01072759531289,24,NA,NA,NA
"control","BEN_MLT",-0.461945002429498,1.4550051112331,9,NA,NA,NA
"control","BEN_RUS",-0.0603782506408354,1.01325900263359,22,NA,NA,NA
"control","BEN_SVN",0.204818718261455,1.61319108349262,23,NA,NA,NA
"control","BFA_COD",-0.103084136893489,1.04941667030209,18,NA,NA,NA
"control","BFA_COG",0.129662387609812,1.48121334497553,21,NA,NA,NA
"control","BFA_MWI",0.0660802789175319,2.52159193220242,10,NA,NA,NA
"control","BFA_PAK",0.151938402917517,1.03495409244665,19,NA,NA,NA
"control","BFA_RWA",-0.125284090816571,0.595233231718085,20,NA,NA,NA
"control","BGD_CAF",-0.0995514663861008,0.537452445019904,13,NA,NA,NA
"control","BGD_FRO",0.257023707161777,1.64544441686825,18,NA,NA,NA
"control","BGD_KGZ",0.477700205219441,1.13402244665602,22,NA,NA,NA
"control","BGD_KIR",0.112303192939991,1.54947936672537,13,NA,NA,NA
"control","BGD_PYF",0.0925835642478637,0.592556083961567,24,NA,NA,NA
"control","BGR_AFG",-0.122307838832757,0.802202782256611,24,NA,NA,NA
"control","BGR_AGO",-0.403988374478963,0.928780259866654,24,NA,NA,NA
"control","BGR_ARM",0.369327885425057,0.47097465254895,21,NA,NA,NA
"control","BGR_ATG",-0.322562197396868,0.997164942540625,11,NA,NA,NA
"control","BGR_AZE",-0.110245227104864,0.751401680792391,24,NA,NA,NA
"control","BGR_BEN",-0.176287096271137,0.787773345059725,24,NA,NA,NA
"control","BGR_BHR",-0.00919329792962249,0.755283496517419,24,NA,NA,NA
"control","BGR_BHS",0.136887577545889,0.786025092298237,11,NA,NA,NA
"control","BGR_BLR",0.0961983613221005,1.34511302434535,24,NA,NA,NA
"control","BGR_BLZ",-0.0899787497039343,0.729560963275061,11,NA,NA,NA
"control","BGR_BRB",-0.26111304333301,0.495023480923641,11,NA,NA,NA
"control","BGR_BTN",-0.309811669504372,0.821857073603767,10,NA,NA,NA
"control","BGR_COD",-0.229036664796418,0.915484927098445,20,NA,NA,NA
"control","BGR_DOM",0.105316039632749,0.861842850894273,11,NA,NA,NA
"control","BGR_GEO",-0.363944826821518,0.570697009728118,17,NA,NA,NA
"control","BGR_GHA",-0.168263845533803,0.786038504929982,19,NA,NA,NA
"control","BGR_GNQ",-0.17617905490499,0.782093498863902,20,NA,NA,NA
"control","BGR_HND",-0.186787193009622,1.09557693319619,16,NA,NA,NA
"control","BGR_KAZ",0.214443805338107,0.798552853196277,24,NA,NA,NA
"control","BGR_KEN",-0.042633500448519,0.805695174550341,24,NA,NA,NA
"control","BGR_KHM",-0.0576930608970973,0.882555125462197,24,NA,NA,NA
"control","BGR_LAO",0.14300380799485,0.968033368484421,15,NA,NA,NA
"control","BGR_LBR",0.300867095447168,1.56108026435093,24,NA,NA,NA
"control","BGR_MLI",0.108077098522827,0.883365021155693,23,NA,NA,NA
"control","BGR_MOZ",-0.03785335025054,0.773250859934401,18,NA,NA,NA
"control","BGR_MRT",0.262115551210046,0.563722629744187,23,NA,NA,NA
"control","BGR_MWI",-0.28706843690264,1.00641969984702,22,NA,NA,NA
"control","BGR_NGA",0.0423924083967985,1.25034091954251,24,NA,NA,NA
"control","BGR_PRK",-0.034829122289511,1.09389926660476,22,NA,NA,NA
"control","BGR_PYF",-0.526619214788155,0.802301437029131,10,NA,NA,NA
"control","BGR_QAT",0.0626232165716157,0.933760318055194,24,NA,NA,NA
"control","BGR_RUS",-0.0707659120225158,1.29294247531889,24,NA,NA,NA
"control","BGR_SLE",-0.0220459827084475,1.46884107552351,20,NA,NA,NA
"control","BGR_TJK",-0.220929960054149,1.26322818716475,24,NA,NA,NA
"control","BGR_TKM",0.207441412831704,0.738007083838808,24,NA,NA,NA
"control","BGR_UKR",-0.0709092653051859,0.610104053591144,17,NA,NA,NA
"control","BGR_UZB",0.0739957815631612,0.697414280090551,24,NA,NA,NA
"control","BGR_VNM",0.0286031171889244,0.802900209965176,24,NA,NA,NA
"control","BGR_YEM",-0.184339265447051,1.26112431090138,24,NA,NA,NA
"control","BHR_ALB",0.31301927722684,0.957859083810171,17,NA,NA,NA
"control","BHR_AND",-0.325392216024946,0.470709982107848,11,NA,NA,NA
"control","BHR_BFA",-0.0902366886019495,0.883311591890091,12,NA,NA,NA
"control","BHR_BGR",0.316304090903792,1.25647972777117,21,NA,NA,NA
"control","BHR_GHA",-0.0196131755000745,1.0184310297552,24,NA,NA,NA
"control","BHR_KGZ",-0.128254393672201,0.497604956815657,15,NA,NA,NA
"control","BHR_NIC",-0.716862309884601,1.40392650241003,14,NA,NA,NA
"control","BHR_PER",0.14221211976927,0.794648855059736,21,NA,NA,NA
"control","BHR_PHL",0.0140307922736572,0.763461910901746,24,NA,NA,NA
"control","BHR_PYF",0.0720354455255226,1.22856719647453,11,NA,NA,NA
"control","BHR_RUS",0.100439669444652,1.16431025679753,22,NA,NA,NA
"control","BHR_SEN",-0.279305347500802,1.17976134650333,24,NA,NA,NA
"control","BHR_SLV",0.240336226185149,0.42205780070814,15,NA,NA,NA
"control","BHR_SVN",0.22192484049796,0.543215476459449,24,NA,NA,NA
"control","BHR_UKR",-0.28869368604548,0.514242974454262,20,NA,NA,NA
"control","BHR_URY",-0.100664457908748,0.490874530811402,19,NA,NA,NA
"control","BHS_BGR",-0.0746904234010469,1.11698577770558,10,NA,NA,NA
"control","BHS_GHA",0.0592261246798663,0.956915766323343,24,NA,NA,NA
"control","BHS_KEN",0.265774486277512,1.37040849864614,18,NA,NA,NA
"control","BHS_MDV",-0.113199180695261,0.753347681359146,24,NA,NA,NA
"control","BHS_NGA",0.309139492401903,0.725649044539221,21,NA,NA,NA
"control","BHS_PYF",0.414708778124757,1.16004496586271,17,NA,NA,NA
"control","BHS_RUS",-0.12077108055825,1.21301131464079,24,NA,NA,NA
"control","BHS_UKR",0.194586183774204,1.11517128001728,23,NA,NA,NA
"control","BIH_BRA",0.20953229679066,0.670614900075142,24,NA,NA,NA
"control","BIH_DZA",0.0235369655516224,0.883422850628352,23,NA,NA,NA
"control","BIH_GAB",0.216462702789694,0.931757364020223,10,NA,NA,NA
"control","BIH_ISL",-0.0398076685456554,1.62234480343358,18,NA,NA,NA
"control","BIH_MAR",0.138008270296738,1.19203908544914,24,NA,NA,NA
"control","BIH_MYS",-0.0857813915853083,1.03681285595889,24,NA,NA,NA
"control","BIH_PHL",-0.167653348157975,1.06752577245141,23,NA,NA,NA
"control","BIH_RUS",-0.0941866488042902,1.07697149152262,24,NA,NA,NA
"control","BIH_UKR",-0.0498791715207735,1.27488650346497,24,NA,NA,NA
"control","BIH_URY",0.175014836952265,1.16558640190434,19,NA,NA,NA
"control","BLR_AZE",-0.156981447301565,0.620645346213268,24,NA,NA,NA
"control","BLR_BGD",-0.00995595766029612,1.08413614260631,24,NA,NA,NA
"control","BLR_DZA",0.42095789945932,0.685061204962882,24,NA,NA,NA
"control","BLR_FRO",0.371863845037351,0.560976936194683,14,NA,NA,NA
"control","BLR_GAB",0.360419455723192,1.31781077373449,18,NA,NA,NA
"control","BLR_GEO",-0.0710563674073113,1.06266677818208,24,NA,NA,NA
"control","BLR_GHA",0.19017825448347,1.13887378159724,24,NA,NA,NA
"control","BLR_MLI",0.490462313523818,1.2438056075505,24,NA,NA,NA
"control","BLR_NGA",-0.116656157875807,1.06500733354235,24,NA,NA,NA
"control","BLR_SDN",0.160259159006147,0.952253099982097,23,NA,NA,NA
"control","BLZ_DZA",0.231767207110663,1.31036551360041,20,NA,NA,NA
"control","BLZ_GHA",-0.110048946861499,1.34444824729536,14,NA,NA,NA
"control","BLZ_PHL",-0.232630802567859,1.03696520764971,14,NA,NA,NA
"control","BLZ_PYF",-0.245460746451898,1.52123370125607,10,NA,NA,NA
"control","BLZ_RUS",-0.162699199032742,0.909623072308487,24,NA,NA,NA
"control","BLZ_TZA",-0.621666242400475,0.511259354607446,12,NA,NA,NA
"control","BLZ_UKR",0.0641651277256392,1.25294534169408,22,NA,NA,NA
"control","BLZ_VGB",0.157377530971536,0.826285245212493,18,NA,NA,NA
"control","BMU_MDV",0.339519694044248,0.878517405074893,11,NA,NA,NA
"control","BMU_MLT",0.512265156335335,0.165201487512241,8,NA,NA,NA
"control","BMU_NGA",-0.14537892784203,0.901471221845214,16,NA,NA,NA
"control","BMU_RUS",-0.0076446017919477,0.899083673606231,24,NA,NA,NA
"control","BMU_UKR",-0.220154257586426,0.982766742686924,10,NA,NA,NA
"control","BOL_AGO",-0.0677481454973256,1.24237021968981,16,NA,NA,NA
"control","BRA_ARM",-0.341977733318533,0.499941194886879,23,NA,NA,NA
"control","BRA_AZE",-0.135995889254523,1.03871106789138,23,NA,NA,NA
"control","BRA_BIH",0.199008205632524,1.16746709910912,24,NA,NA,NA
"control","BRA_FSM",-0.422710213426604,1.41034799337746,21,NA,NA,NA
"control","BRA_GEO",-0.315001612580278,0.738045271804178,24,NA,NA,NA
"control","BRA_KGZ",0.226273991492347,0.709916483005689,23,NA,NA,NA
"control","BRA_MKD",0.0841321260117236,1.27297319767376,24,NA,NA,NA
"control","BRB_EST",-0.36538033282578,0.364308468255827,8,NA,NA,NA
"control","BRB_GHA",-0.175662040364257,1.33796680207676,23,NA,NA,NA
"control","BRB_ISL",-0.153503450285031,1.37479503608217,17,NA,NA,NA
"control","BRB_MDG",-0.0483158240357695,1.74119311319278,14,NA,NA,NA
"control","BRB_MLT",0.0482099523980738,0.503095014276921,8,NA,NA,NA
"control","BRB_MUS",-0.0214881569019063,0.32577500167837,14,NA,NA,NA
"control","BRB_NGA",0.148143769443673,0.745203786231313,23,NA,NA,NA
"control","BRB_PHL",-0.239121009985687,1.14190475053666,24,NA,NA,NA
"control","BRB_PYF",0.00238693874022639,1.1016126512714,18,NA,NA,NA
"control","BRB_RUS",-0.0793817297270654,1.29178952593995,23,NA,NA,NA
"control","BRB_SVK",-0.358125431625753,1.36738083367158,11,NA,NA,NA
"control","BRB_SVN",0.18931533333638,1.68476657220532,11,NA,NA,NA
"control","BRB_TZA",-0.139883779376201,1.10256550354627,15,NA,NA,NA
"control","BRB_URY",-0.485017851495514,0.904622799053325,18,NA,NA,NA
"control","BRN_BFA",0.371721298597461,1.1441670238241,12,NA,NA,NA
"control","BRN_EST",0.170807324294872,1.24385014317618,13,NA,NA,NA
"control","BRN_NGA",-0.109515914606188,1.60145036478445,23,NA,NA,NA
"control","BRN_ROU",0.34509492578184,0.798614919007706,16,NA,NA,NA
"control","BRN_RWA",-0.217307153462806,0.576513375035867,16,NA,NA,NA
"control","BRN_UKR",-0.151907143004175,0.352040260152143,10,NA,NA,NA
"control","BTN_BGR",-0.486212855135677,2.41170464242096,8,NA,NA,NA
"control","BTN_PHL",-0.260226544706781,1.18833425559868,13,NA,NA,NA
"control","BTN_UKR",-0.220718059578953,0.388091194876781,9,NA,NA,NA
"control","CAF_GHA",0.127149030486397,1.5238389259889,16,NA,NA,NA
"control","CAF_HND",-0.333988647872547,1.81251408358003,15,NA,NA,NA
"control","CAF_KEN",-0.110976139097242,0.879291608976755,12,NA,NA,NA
"control","CAF_PHL",-0.226247850876696,1.31264027056531,10,NA,NA,NA
"control","CAF_PYF",0.0890967805578568,0.916154643890763,15,NA,NA,NA
"control","CAF_RUS",-0.60993812256343,1.20597927764053,23,NA,NA,NA
"control","CAF_RWA",0.389039527959153,0.53418027235328,14,NA,NA,NA
"control","CAF_UGA",0.142018811463884,0.769403969148863,13,NA,NA,NA
"control","CAN_FRO",0.0907202943316083,0.831154873630489,24,NA,NA,NA
"control","CAN_MNG",0.248341059048478,0.629235200435039,24,NA,NA,NA
"control","CCK_BGD",-0.300164475788347,0.702147014425808,11,NA,NA,NA
"control","CCK_BGR",0.798764133009067,0.277990316794444,8,NA,NA,NA
"control","CCK_RWA",-0.0506150189419171,1.20262527807619,13,NA,NA,NA
"control","CHE_PYF",-0.20669680082779,0.829659051145144,24,NA,NA,NA
"control","CHL_MDA",0.540815309124024,1.11654750433647,22,NA,NA,NA
"control","CHL_MDV",-0.192537863806137,1.02307469639328,21,NA,NA,NA
"control","CHL_MNG",0.278431112451583,0.629455545299531,19,NA,NA,NA
"control","CHL_RWA",-0.114084789517266,1.0252814837825,15,NA,NA,NA
"control","CIV_ALB",-0.100815241638337,1.36185068438063,19,NA,NA,NA
"control","CIV_BDI",0.02122598682262,1.15080189082673,23,NA,NA,NA
"control","CIV_DMA",-0.127793790115322,0.62811601590058,14,NA,NA,NA
"control","CIV_FRO",0.39976162391308,0.939897800118758,13,NA,NA,NA
"control","CIV_LTU",-0.171227617110324,0.670018623660014,18,NA,NA,NA
"control","CIV_MDA",-0.178943861778401,0.847147464981181,23,NA,NA,NA
"control","CIV_MKD",0.0885605235206397,0.704791014148248,21,NA,NA,NA
"control","CIV_PYF",0.306600560406862,0.781325886799133,24,NA,NA,NA
"control","CIV_RWA",0.210461692074604,0.785577028695024,24,NA,NA,NA
"control","CIV_UKR",-0.0225125217248424,1.32433800116697,24,NA,NA,NA
"control","CIV_URY",-0.0888143366643282,1.13136883904736,19,NA,NA,NA
"control","CMR_ETH",0.0111049064813708,1.13943373887701,24,NA,NA,NA
"control","CMR_GRL",-0.0925267727328893,0.612999310828646,12,NA,NA,NA
"control","CMR_MAC",-0.311409245245464,0.624929734049732,10,NA,NA,NA
"control","CMR_MWI",0.166315135837526,1.08034418996477,21,NA,NA,NA
"control","CMR_PYF",0.262480198266628,1.11560463792534,24,NA,NA,NA
"control","CMR_RUS",-0.22549265351899,0.977709283438221,24,NA,NA,NA
"control","CMR_RWA",-0.154650713104668,1.0220789789164,24,NA,NA,NA
"control","CMR_UKR",-0.0303398871726599,0.94125155185265,22,NA,NA,NA
"control","COD_BFA",0.0247332012060795,0.840964241068937,19,NA,NA,NA
"control","COD_GHA",-0.153232084645435,0.58277553001776,17,NA,NA,NA
"control","COD_GIN",-0.159903386484498,1.4914611097922,18,NA,NA,NA
"control","COD_NGA",0.0926599583219002,0.812210514186087,19,NA,NA,NA
"control","COD_RUS",0.125233438753625,0.631184617109013,24,NA,NA,NA
"control","COD_SVK",-0.0948237031924381,0.889601197428315,20,NA,NA,NA
"control","COD_UKR",0.339167364337524,1.06020906125601,21,NA,NA,NA
"control","COG_MKD",-0.165570430789452,1.20387690919614,17,NA,NA,NA
"control","COG_RWA",-0.0835894113312012,0.861883654403746,23,NA,NA,NA
"control","COK_BGD",-0.0465480954644371,0.522057450073807,11,NA,NA,NA
"control","COK_BRA",0.0224047507558608,1.37833732425319,10,NA,NA,NA
"control","COK_POL",-0.270971377676718,0.804512949009648,17,NA,NA,NA
"control","COK_SVN",-0.0327385004771864,1.13777658288882,18,NA,NA,NA
"control","COL_MNG",-0.218355838783832,0.99541947300355,16,NA,NA,NA
"control","COL_OMN",0.202195625750686,1.02670100809419,22,NA,NA,NA
"control","COL_RWA",-0.0642053130082356,0.659902895490056,24,NA,NA,NA
"control","COM_CRI",-0.0394402140723647,0.837649830420285,20,NA,NA,NA
"control","COM_GHA",-0.234060068187609,0.70921092972245,8,NA,NA,NA
"control","COM_NOR",-0.31271884047684,1.20996441004002,21,NA,NA,NA
"control","COM_OMN",-0.145524685956012,1.08176155000869,12,NA,NA,NA
"control","COM_SAU",0.156433832947081,0.609523292920804,18,NA,NA,NA
"control","CPV_BOL",0.0480492530968587,0.808764964332036,15,NA,NA,NA
"control","CPV_CRI",-0.283902253500615,0.980633295787442,13,NA,NA,NA
"control","CPV_CZE",-0.26209976896944,0.940621180792643,20,NA,NA,NA
"control","CPV_IND",0.0896841292747186,1.17313612189756,17,NA,NA,NA
"control","CPV_RUS",-0.122166264909181,0.882177750115201,23,NA,NA,NA
"control","CPV_TUN",-0.267780327145058,0.807592667276143,15,NA,NA,NA
"control","CPV_TZA",0.130937836972536,1.39598467719355,16,NA,NA,NA
"control","CRI_CPV",-0.0380369216015979,1.06768434998772,15,NA,NA,NA
"control","CRI_GRL",0.308589266174131,0.895214666475434,12,NA,NA,NA
"control","CRI_IDN",0.0297182120243361,0.710350876309688,24,NA,NA,NA
"control","CRI_IRN",0.144319051339532,1.145828284964,21,NA,NA,NA
"control","CRI_MLI",0.293150722929899,0.88824845652902,17,NA,NA,NA
"control","CRI_NGA",-0.164116485045586,0.972972452698426,24,NA,NA,NA
"control","CRI_NPL",-0.168213062628458,1.22196912388945,16,NA,NA,NA
"control","CRI_PYF",-0.267904761143109,1.1748032157776,24,NA,NA,NA
"control","CRI_STP",0.518401249858644,1.30604674045357,12,NA,NA,NA
"control","CRI_TZA",-0.101259292809962,1.55144715345334,23,NA,NA,NA
"control","CRI_UKR",0.0217863651115219,0.537265558813671,24,NA,NA,NA
"control","CUB_AZE",-0.0824473278814151,0.755452949397531,21,NA,NA,NA
"control","CUB_EST",0.443805405471192,0.701902009941785,24,NA,NA,NA
"control","CUB_GMB",0.145621543088445,1.43557740956806,9,NA,NA,NA
"control","CUB_LCA",-0.0128480773938999,1.03375510343007,24,NA,NA,NA
"control","CUB_MDA",-0.0871527757407211,0.926924367412897,21,NA,NA,NA
"control","CUB_PYF",0.173968862410502,0.951460719939577,24,NA,NA,NA
"control","CUB_RUS",0.0554049377713104,1.47634461973707,24,NA,NA,NA
"control","CUB_UKR",-0.00846638288155051,1.45779418949375,24,NA,NA,NA
"control","CXR_BGD",-0.0385609156763996,1.43787120149197,13,NA,NA,NA
"control","CXR_PHL",-0.133033641924302,1.09811855632434,13,NA,NA,NA
"control","CYM_BGD",0.032896850044164,1.63850972154809,11,NA,NA,NA
"control","CYM_GHA",-0.086954792263883,0.441565465371117,9,NA,NA,NA
"control","CYM_KOR",0.208888650906392,0.693743612362232,20,NA,NA,NA
"control","CYM_PHL",0.431431154224956,0.708652097450002,19,NA,NA,NA
"control","CYM_TZA",0.0224989802884461,1.1058922161266,11,NA,NA,NA
"control","CYP_BFA",0.112982508073881,1.14526864380987,22,NA,NA,NA
"control","CZE_VUT",0.230728507164064,0.863916230917441,13,NA,NA,NA
"control","DJI_RUS",0.0109090605197213,0.79163731456696,14,NA,NA,NA
"control","DMA_ALB",-0.374423602336898,1.92886256584786,9,NA,NA,NA
"control","DMA_EGY",-0.162165272134625,1.11058776760597,14,NA,NA,NA
"control","DMA_GHA",0.615720823653959,1.61598196948644,10,NA,NA,NA
"control","DMA_MDG",0.0888783387088539,0.709358025638379,9,NA,NA,NA
"control","DMA_NGA",0.207453904499135,2.00756722895557,13,NA,NA,NA
"control","DMA_NOR",-0.0128357149634442,0.986332624857866,13,NA,NA,NA
"control","DMA_PHL",-0.212348844898304,1.71168624840416,12,NA,NA,NA
"control","DMA_PYF",0.17856034249079,1.28446409262252,13,NA,NA,NA
"control","DMA_RWA",0.417473506102373,1.70638318600979,13,NA,NA,NA
"control","DMA_URY",-0.456132998080612,1.15540051730449,19,NA,NA,NA
"control","DMA_ZAF",0.0645545993581062,1.19879561572299,24,NA,NA,NA
"control","DNK_PLW",-0.0443472102379581,1.17903627220902,16,NA,NA,NA
"control","DOM_ABW",0.330472578422359,1.50841911738225,20,NA,NA,NA
"control","DOM_ANT",0.768981564712365,1.42757659419545,13,NA,NA,NA
"control","DOM_ATG",0.162393950814843,0.849248106309301,23,NA,NA,NA
"control","DOM_BHS",0.164477895843906,0.753762211219582,24,NA,NA,NA
"control","DOM_CUB",-0.34949358036395,1.01267044852464,23,NA,NA,NA
"control","DOM_CYM",-0.240953386835947,1.42985087075064,20,NA,NA,NA
"control","DOM_EGY",0.0556706381908717,1.37206034858572,20,NA,NA,NA
"control","DOM_GHA",0.246436154458349,0.698588945705968,19,NA,NA,NA
"control","DOM_HTI",0.160695291619309,0.727271994007294,21,NA,NA,NA
"control","DOM_KWT",-0.0753556745460794,0.986677242378545,20,NA,NA,NA
"control","DOM_MSR",-0.0931765334637129,0.871786201141132,22,NA,NA,NA
"control","DOM_NGA",0.152492292085719,1.12400247054409,22,NA,NA,NA
"control","DOM_OMN",0.390217386048992,0.40535211595962,8,NA,NA,NA
"control","DOM_PYF",0.128704829935639,1.35896202139614,24,NA,NA,NA
"control","DOM_RUS",-0.106229053607444,0.870157004067947,24,NA,NA,NA
"control","DOM_TCA",-0.20366721633004,0.663606305292987,22,NA,NA,NA
"control","DOM_UKR",-0.00943981942275726,1.20824499777216,23,NA,NA,NA
"control","DOM_VGB",0.00769586188471322,1.25312928517982,21,NA,NA,NA
"control","DZA_KHM",-0.564784065961078,0.806356219432686,14,NA,NA,NA
"control","DZA_KWT",0.246093132939568,1.59492700131869,10,NA,NA,NA
"control","DZA_MDA",0.152113580407706,0.809193024055908,13,NA,NA,NA
"control","DZA_TJK",-0.258070130356466,1.07220726819817,18,NA,NA,NA
"control","DZA_VCT",0.0338360388497063,1.5844005681959,8,NA,NA,NA
"control","ECU_ABW",-0.188367474801471,1.05275482762394,23,NA,NA,NA
"control","ECU_ARM",-0.0289622198689144,0.812611980501072,21,NA,NA,NA
"control","ECU_CYM",-0.0854796323295637,0.575788342233413,23,NA,NA,NA
"control","ECU_GAB",-0.0552185994582612,1.04238821703147,19,NA,NA,NA
"control","ECU_KAZ",-0.047531348649036,0.935852762568943,24,NA,NA,NA
"control","ECU_KNA",0.38389960151009,1.33366413957427,20,NA,NA,NA
"control","ECU_MLI",0.683953260185748,1.48064857366177,12,NA,NA,NA
"control","ECU_NER",0.141466573990016,1.57371154700551,21,NA,NA,NA
"control","ECU_SWZ",0.16209663383867,0.441533225241874,17,NA,NA,NA
"control","ECU_TGO",-0.0409088622370426,1.24182371438508,12,NA,NA,NA
"control","ECU_UZB",0.233616552513333,1.55305540520305,18,NA,NA,NA
"control","ECU_ZMB",-0.241313041041508,1.35957669702033,17,NA,NA,NA
"control","EGY_HTI",0.23688617521518,0.437966102271747,18,NA,NA,NA
"control","EGY_MDA",0.627790057345219,0.417029163892794,24,NA,NA,NA
"control","EGY_PAN",-0.096298754735863,1.11963327999125,24,NA,NA,NA
"control","EGY_PYF",0.334702383755436,0.57781615661457,24,NA,NA,NA
"control","EGY_STP",0.300759402018575,1.07464541895771,15,NA,NA,NA
"control","ERI_COL",-0.235670516597316,1.12166601204653,24,NA,NA,NA
"control","ERI_GRC",-0.110045421353392,0.610577893311363,9,NA,NA,NA
"control","ERI_MYS",0.390359404691413,0.65068235929863,17,NA,NA,NA
"control","ERI_NOR",-0.34001179194339,0.948247393940423,20,NA,NA,NA
"control","ERI_PER",0.018823817845995,0.754252398978118,12,NA,NA,NA
"control","ERI_POL",-0.138655115204843,1.42779944335362,22,NA,NA,NA
"control","ERI_SVK",-0.187631303931463,1.62156733992266,20,NA,NA,NA
"control","ESH_RUS",0.0727014495051505,1.24006367891412,17,NA,NA,NA
"control","EST_ALB",0.215093229923325,0.717609014694699,8,NA,NA,NA
"control","EST_ATG",0.0358164275434204,0.757383454761152,11,NA,NA,NA
"control","EST_CIV",0.0233136872674689,0.620597339878773,19,NA,NA,NA
"control","EST_CMR",-0.0451471218922711,0.817669504795755,14,NA,NA,NA
"control","EST_ECU",-0.242240371414982,1.51608035965714,20,NA,NA,NA
"control","EST_KWT",-0.284515526644902,1.3061374408783,23,NA,NA,NA
"control","EST_MHL",0.118513611576176,0.927216972150614,22,NA,NA,NA
"control","EST_PRK",-0.0330476556422238,2.37717683530805,9,NA,NA,NA
"control","EST_PRY",-0.27240002178329,1.35749873048596,19,NA,NA,NA
"control","EST_SGP",-0.0928959916829179,1.17491069693987,22,NA,NA,NA
"control","EST_SLE",0.172454242138891,1.14697211957375,18,NA,NA,NA
"control","EST_SLV",-0.0945653948285476,0.888285501016481,15,NA,NA,NA
"control","EST_TGO",-0.172382605188587,0.800503890170764,22,NA,NA,NA
"control","EST_VGB",0.587915134523202,0.742688266691131,10,NA,NA,NA
"control","EST_VNM",-0.0688214313119888,0.920169857580738,24,NA,NA,NA
"control","EST_YEM",-0.00253740232683296,0.753358879213298,21,NA,NA,NA
"control","ETH_BGR",0.0703684626452105,0.637377068660605,24,NA,NA,NA
"control","ETH_BRA",-0.0675842814739032,1.14724740427549,24,NA,NA,NA
"control","ETH_CIV",0.153672191360721,1.0465677436874,24,NA,NA,NA
"control","ETH_GHA",-0.0471958878310713,0.656399843508327,24,NA,NA,NA
"control","ETH_GIN",-0.115523080084637,1.08297288869068,18,NA,NA,NA
"control","ETH_HND",0.0745283295028263,0.915498368028779,21,NA,NA,NA
"control","ETH_MLI",0.0594887481066966,0.812596237836263,23,NA,NA,NA
"control","ETH_NGA",-0.302796308963087,0.840652232169586,24,NA,NA,NA
"control","ETH_NZL",0.176585097634525,0.787650168899188,24,NA,NA,NA
"control","ETH_POL",-0.161909931664187,1.18986193749879,23,NA,NA,NA
"control","ETH_PYF",-0.172939986587983,0.631925609038627,24,NA,NA,NA
"control","ETH_RUS",-0.12156006720083,1.11163021975089,24,NA,NA,NA
"control","FIN_NRU",-0.0196666453482951,0.523717888723101,9,NA,NA,NA
"control","FJI_ARG",0.389181751114758,1.84590299870257,15,NA,NA,NA
"control","FJI_BGD",-0.608516875944466,0.814546769914885,14,NA,NA,NA
"control","FJI_MAC",-0.0840088544668271,1.02124570648656,14,NA,NA,NA
"control","FJI_NGA",0.0292474464952152,0.829643122349848,11,NA,NA,NA
"control","FJI_TGO",0.0496366206297522,0.874649647414781,16,NA,NA,NA
"control","FJI_TUR",0.206863130586802,1.38655302557545,22,NA,NA,NA
"control","FLK_FRO",-0.170349704989555,1.8575231149443,10,NA,NA,NA
"control","FLK_MKD",0.0739324469140478,0.853222071809827,17,NA,NA,NA
"control","FLK_SDN",0.375847629933435,1.07686815630115,10,NA,NA,NA
"control","FLK_TUR",-0.211692470832551,0.840825896063149,15,NA,NA,NA
"control","FRA_TUV",-0.0424445040914828,0.788526820604453,16,NA,NA,NA
"control","FRO_AUS",-0.550780657537759,0.721861388233303,8,NA,NA,NA
"control","FRO_BLR",-0.136520183937685,0.88524345929988,19,NA,NA,NA
"control","FRO_CAN",0.0499904558727219,0.498180980691218,24,NA,NA,NA
"control","FRO_JPN",0.116436428627124,0.997297025071581,15,NA,NA,NA
"control","FRO_MDA",-0.0490770346884371,0.526421329923231,19,NA,NA,NA
"control","FRO_NGA",-0.212503054312772,0.697592724601817,24,NA,NA,NA
"control","FRO_RUS",0.0481590909259149,1.30845848296664,24,NA,NA,NA
"control","FRO_TUR",-0.0744004891886279,1.83921588893161,19,NA,NA,NA
"control","FRO_TWN",0.0297969276687706,1.04317014674085,22,NA,NA,NA
"control","FRO_UKR",0.149641614136454,1.26678848914352,20,NA,NA,NA
"control","FSM_MEX",-0.205064416583741,0.791901225919034,18,NA,NA,NA
"control","FSM_NLD",0.198513277420593,0.925753868860729,18,NA,NA,NA
"control","GAB_BGD",-0.246498964219993,1.02841015757599,15,NA,NA,NA
"control","GAB_BRN",0.219554809484105,0.423483358545414,10,NA,NA,NA
"control","GAB_DMA",-0.24122962320409,0.944029759824692,9,NA,NA,NA
"control","GAB_OMN",0.0596244876133909,0.690861831643857,18,NA,NA,NA
"control","GAB_RUS",-0.0485534723434293,1.094244948795,24,NA,NA,NA
"control","GAB_STP",0.28809475067688,0.98187161826989,24,NA,NA,NA
"control","GAB_SYR",-0.230355097380346,1.31867496220666,8,NA,NA,NA
"control","GAB_TTO",0.0997818764556492,0.388342677341793,19,NA,NA,NA
"control","GEO_AFG",-0.206017179720652,0.902368692242279,18,NA,NA,NA
"control","GEO_ALB",-0.201147006482634,0.562292474537578,22,NA,NA,NA
"control","GEO_ARG",-0.46207701084936,0.883731986288163,23,NA,NA,NA
"control","GEO_BLR",0.296737840820009,0.521657065521067,24,NA,NA,NA
"control","GEO_CRI",0.107480861713578,1.04952212230757,19,NA,NA,NA
"control","GEO_ECU",-0.218305810781553,1.00537341546467,23,NA,NA,NA
"control","GEO_EGY",-0.00953587273016493,1.10076053944567,23,NA,NA,NA
"control","GEO_FRO",-0.287460003413707,1.23148052844781,8,NA,NA,NA
"control","GEO_HND",0.20361646060275,0.91368869917521,18,NA,NA,NA
"control","GEO_IRN",-0.321002714314649,1.13233702608346,24,NA,NA,NA
"control","GEO_LBN",0.0358572109885569,0.536930401828809,24,NA,NA,NA
"control","GEO_MLI",0.480568575658532,0.873893271468817,9,NA,NA,NA
"control","GEO_MNG",0.43262023980705,0.847047919547588,24,NA,NA,NA
"control","GEO_SYR",0.052363620504333,0.615139969696179,24,NA,NA,NA
"control","GEO_TJK",-0.00130100070042855,0.639652125032692,24,NA,NA,NA
"control","GEO_UZB",-0.0581217800127667,0.782914618411177,24,NA,NA,NA
"control","GHA_AFG",0.166651992817272,0.762125854926028,13,NA,NA,NA
"control","GHA_AGO",-0.250948973876454,1.5289052820161,21,NA,NA,NA
"control","GHA_ATG",-0.0590010120344751,1.07227212604871,21,NA,NA,NA
"control","GHA_BHS",-0.327471300764742,0.898216329818653,21,NA,NA,NA
"control","GHA_FRO",-0.138148963598051,1.57715633616517,14,NA,NA,NA
"control","GHA_GRD",0.27869015904182,1.64572122221695,11,NA,NA,NA
"control","GHA_LBN",0.0301370671379378,0.925585914486095,24,NA,NA,NA
"control","GHA_LCA",0.368749485643983,1.20235172165941,12,NA,NA,NA
"control","GHA_PAN",0.221700822009752,0.585841757001536,18,NA,NA,NA
"control","GHA_RUS",0.0743003629212387,0.946266418737039,24,NA,NA,NA
"control","GHA_RWA",-0.0991425728932706,1.20152004819906,24,NA,NA,NA
"control","GHA_SUR",-0.433351410796832,1.24805628917653,14,NA,NA,NA
"control","GHA_UKR",-0.0294164711907074,1.10333463316676,24,NA,NA,NA
"control","GHA_VCT",0.277104240929016,0.639987550011621,18,NA,NA,NA
"control","GHA_YEM",0.0991891171691125,1.47804716528644,15,NA,NA,NA
"control","GIB_AND",-0.0776906457904794,0.579668056498438,9,NA,NA,NA
"control","GIB_GAB",0.313354182779176,0.9174382199023,10,NA,NA,NA
"control","GIB_GHA",-0.189682696418476,0.644570948295716,19,NA,NA,NA
"control","GIB_ISR",-0.129984281747499,1.12646353889107,24,NA,NA,NA
"control","GIB_LTU",-0.167736482673237,1.19638385562655,15,NA,NA,NA
"control","GIB_LVA",0.00592071751816528,1.45575391378311,19,NA,NA,NA
"control","GIB_MUS",-1.1190794210543,1.55142083180672,8,NA,NA,NA
"control","GIB_NGA",-0.0988256939354518,0.719963399489918,19,NA,NA,NA
"control","GIB_RUS",0.356055236374426,0.948047912734624,24,NA,NA,NA
"control","GIB_RWA",0.0563520859521254,1.73713382679279,8,NA,NA,NA
"control","GIB_UKR",-0.0286788755010964,1.65405326650691,21,NA,NA,NA
"control","GIN_ARE",0.40926339024953,1.68427946665287,19,NA,NA,NA
"control","GIN_EST",0.0230823656034018,0.870133539948446,18,NA,NA,NA
"control","GIN_RWA",0.246733102349958,0.84137969935408,20,NA,NA,NA
"control","GIN_TCD",-0.0150970349025792,0.436751118164132,9,NA,NA,NA
"control","GIN_ZMB",0.141483818077739,0.831627903000878,17,NA,NA,NA
"control","GMB_CMR",-0.457389791475306,1.18899331669063,23,NA,NA,NA
"control","GMB_PRK",-0.216307188875163,1.17861369261918,9,NA,NA,NA
"control","GMB_PYF",-0.496389344642044,0.993242912631418,9,NA,NA,NA
"control","GMB_SVN",0.0687781471668057,0.816419689753362,23,NA,NA,NA
"control","GMB_UGA",-0.125378063173865,0.813071593537154,20,NA,NA,NA
"control","GNB_SGP",0.19772777965651,0.872033399619947,10,NA,NA,NA
"control","GNQ_AUT",-0.194845004916951,0.981949196626329,19,NA,NA,NA
"control","GNQ_GHA",-0.0337272768109345,0.467621307715752,15,NA,NA,NA
"control","GNQ_PHL",0.0634393508595088,1.2805765755315,13,NA,NA,NA
"control","GNQ_PYF",0.831586487427979,1.4184453846751,10,NA,NA,NA
"control","GNQ_RUS",0.0682761867380314,1.47035293674806,15,NA,NA,NA
"control","GRC_STP",-0.350545305808377,0.97048857136971,13,NA,NA,NA
"control","GRD_BGR",0.0776908795982638,1.46862769326486,9,NA,NA,NA
"control","GRD_GHA",-0.501337642117628,1.32037850706976,11,NA,NA,NA
"control","GRD_MDA",0.630747126244779,0.485471605742763,13,NA,NA,NA
"control","GRD_UKR",-0.110955896237526,0.958089032928206,21,NA,NA,NA
"control","GRL_BGD",-0.19768952857617,1.62041412149771,9,NA,NA,NA
"control","GRL_FRO",0.117306219554924,0.799269443067489,21,NA,NA,NA
"control","GRL_MAC",0.00450616187031516,1.16909908088216,10,NA,NA,NA
"control","GRL_MDA",-0.0792075601119759,0.704478974175849,12,NA,NA,NA
"control","GRL_NGA",-0.134814659116175,1.04429564427469,16,NA,NA,NA
"control","GRL_PYF",-0.090164269633336,1.24955877102557,21,NA,NA,NA
"control","GTM_ALB",-0.160340710017878,0.727264915499787,20,NA,NA,NA
"control","GTM_CMR",-0.104751788538874,0.783604854982201,24,NA,NA,NA
"control","GTM_COD",-0.252009135133226,0.727457584175014,15,NA,NA,NA
"control","GTM_GAB",0.084696183832831,0.849306445850136,10,NA,NA,NA
"control","GTM_GHA",0.386432162659904,0.677871701018823,23,NA,NA,NA
"control","GTM_MLI",-0.348862997145622,0.582051652901016,11,NA,NA,NA
"control","GTM_TZA",-0.0671359137878596,1.35856381653263,19,NA,NA,NA
"control","GTM_UKR",-0.214299175454708,1.11152592203881,24,NA,NA,NA
"control","GUY_AND",-0.350024890403256,0.670058066314162,11,NA,NA,NA
"control","GUY_BGR",0.587543853443928,0.747297462056653,10,NA,NA,NA
"control","GUY_EST",-0.405515667986207,0.701081199983911,10,NA,NA,NA
"control","GUY_MDA",0.380887766319112,0.298715027000346,13,NA,NA,NA
"control","GUY_RUS",-0.0341406383965817,0.876900235404199,23,NA,NA,NA
"control","GUY_UKR",0.107416489561867,1.5847219242905,24,NA,NA,NA
"control","HND_BHS",0.264631272753727,0.593937543676366,24,NA,NA,NA
"control","HND_GEO",0.32465640818103,2.02019723563746,17,NA,NA,NA
"control","HND_GHA",0.139643297631971,1.02827622713403,20,NA,NA,NA
"control","HND_GRL",-0.433092777163427,0.760648423617698,11,NA,NA,NA
"control","HND_MDA",-0.0273179462460983,1.41270476878518,19,NA,NA,NA
"control","HND_NGA",0.278744321220438,1.31365774494496,18,NA,NA,NA
"control","HND_PHL",0.250745128495974,0.815273316479571,24,NA,NA,NA
"control","HND_PYF",0.186680507231932,0.835734171198713,24,NA,NA,NA
"control","HND_RUS",0.0250524024090714,0.72056306948473,24,NA,NA,NA
"control","HND_SDN",0.0149733001157186,1.36400844073456,22,NA,NA,NA
"control","HND_TZA",-0.0749914388998135,0.447524534166424,19,NA,NA,NA
"control","HND_UKR",0.0530846976946598,0.499889495639314,22,NA,NA,NA
"control","HRV_CYM",-0.534033668032747,0.618435034842641,11,NA,NA,NA
"control","HRV_FRO",-0.270867089285685,0.71920807196262,16,NA,NA,NA
"control","HRV_LAO",-0.321524731145382,1.60247129726829,11,NA,NA,NA
"control","HRV_MAC",-0.17876015847114,0.966596538548777,23,NA,NA,NA
"control","HRV_SYC",-0.0995469970807144,1.83942741636198,14,NA,NA,NA
"control","HRV_ZAF",0.281378579100522,0.85836533973125,15,NA,NA,NA
"control","HTI_AIA",0.203563002554973,0.610360570978222,8,NA,NA,NA
"control","HTI_ARE",-0.641657105513299,0.900993820319044,9,NA,NA,NA
"control","HTI_HRV",0.151295017415053,0.551478398482901,22,NA,NA,NA
"control","HTI_IND",0.368778659333956,1.23245987880813,20,NA,NA,NA
"control","HTI_MLI",0.215420261645887,0.525665967566329,10,NA,NA,NA
"control","HTI_PHL",-0.257657219936124,0.810004731969878,23,NA,NA,NA
"control","HTI_PYF",0.597195727956224,1.13004773849517,24,NA,NA,NA
"control","HTI_TZA",0.206094675303182,0.844984318740369,15,NA,NA,NA
"control","HTI_URY",-0.37957639822074,1.91652807864379,17,NA,NA,NA
"control","HUN_NAM",-0.192411431089907,0.783238492817852,17,NA,NA,NA
"control","IDN_AZE",-0.261230364568325,1.47203954670106,23,NA,NA,NA
"control","IDN_FRO",-0.0416494958135714,0.770380138350665,15,NA,NA,NA
"control","IDN_GEO",-0.229124304392528,1.70735584427474,24,NA,NA,NA
"control","IDN_MNG",-0.0866512519563063,1.45025012834858,24,NA,NA,NA
"control","IDN_PYF",0.155899349092011,1.18085396087939,24,NA,NA,NA
"control","IDN_RWA",0.449609061955881,0.773950205852286,24,NA,NA,NA
"control","IDN_UKR",0.433710099761132,1.09072967251173,24,NA,NA,NA
"control","IND_ESH",0.124802814708356,0.66383240714797,19,NA,NA,NA
"control","IND_PLW",0.0274606252302544,0.424062256964794,19,NA,NA,NA
"control","IOT_BRA",0.461208270397501,0.603257679370244,12,NA,NA,NA
"control","IOT_GHA",-0.114786156079546,1.07154650778306,15,NA,NA,NA
"control","IOT_PER",0.284095005502552,1.26967497302937,11,NA,NA,NA
"control","IOT_RUS",-0.103891142220355,0.995525545682567,16,NA,NA,NA
"control","IOT_TGO",-0.197620809298175,1.24895338174512,11,NA,NA,NA
"control","IRN_ALB",-0.0183497533905443,1.30064584397035,23,NA,NA,NA
"control","IRN_BLZ",-0.0819495591977234,1.39881665114708,14,NA,NA,NA
"control","IRN_GEO",0.176947381057995,0.471658049858133,24,NA,NA,NA
"control","IRN_MLI",0.128857926372886,1.05771505210656,23,NA,NA,NA
"control","IRN_NER",0.146131733698227,0.649633143001702,24,NA,NA,NA
"control","IRN_PYF",-0.167539085065785,0.999816007716386,24,NA,NA,NA
"control","IRN_RUS",-0.0329462631608732,0.925244749397665,22,NA,NA,NA
"control","IRN_RWA",-0.00118651006779866,0.694696158138447,24,NA,NA,NA
"control","IRN_UKR",0.328465637867613,1.22576776607005,24,NA,NA,NA
"control","IRQ_COM",0.524840900872271,0.796719565620844,9,NA,NA,NA
"control","IRQ_HND",0.378996445562499,1.13908137692657,16,NA,NA,NA
"control","IRQ_KGZ",-0.0751670116364452,1.18187300060566,8,NA,NA,NA
"control","IRQ_LVA",0.215988451234865,0.304788493280419,10,NA,NA,NA
"control","IRQ_RUS",0.472609656573618,0.702276123343384,20,NA,NA,NA
"control","IRQ_TGO",-1.27603576089419,0.806283756858997,8,NA,NA,NA
"control","ISL_ABW",-0.320326120404176,1.14522328032361,11,NA,NA,NA
"control","ISL_AZE",-0.237172277322908,0.733900606714762,22,NA,NA,NA
"control","ISL_BIH",0.0992327963975594,1.39892709031234,16,NA,NA,NA
"control","ISL_FLK",-0.347908971064302,1.02292181405938,16,NA,NA,NA
"control","ISL_GEO",-0.121808141366604,0.717803690654238,18,NA,NA,NA
"control","ISL_GHA",0.110775803596285,1.37631543624933,24,NA,NA,NA
"control","ISL_KGZ",-0.0705699181485671,0.437780877711709,20,NA,NA,NA
"control","ISL_MLI",0.112348005931633,1.22046884820426,21,NA,NA,NA
"control","ISL_RWA",0.251010102994045,1.92385653899078,23,NA,NA,NA
"control","ISL_TZA",-0.120313974705402,0.88878425333536,24,NA,NA,NA
"control","ISR_BEN",-0.19956578771218,0.490261476769546,24,NA,NA,NA
"control","ISR_MDV",-0.124097014103914,0.725805210869453,24,NA,NA,NA
"control","ISR_MLI",-0.3805376714346,1.24856989172785,24,NA,NA,NA
"control","ISR_OMN",0.227078744567811,1.49133409242189,19,NA,NA,NA
"control","ISR_QAT",0.0539165784518107,1.67807692790881,16,NA,NA,NA
"control","JAM_AND",0.158318961011299,0.820559350481448,22,NA,NA,NA
"control","JAM_BGR",0.121124205098765,0.329340046783418,11,NA,NA,NA
"control","JAM_KAZ",0.270264504774556,1.3482999106992,21,NA,NA,NA
"control","JAM_MDG",-0.191807133726644,2.01467332382831,12,NA,NA,NA
"control","JAM_MDV",0.134880494140515,1.00406043454666,24,NA,NA,NA
"control","JAM_NER",0.15465568024785,1.11918547171213,18,NA,NA,NA
"control","JAM_PAK",-0.331870837864831,0.850246450816418,19,NA,NA,NA
"control","JAM_PYF",-0.156981930130845,0.956793760252788,24,NA,NA,NA
"control","JAM_RWA",0.15159084134149,1.47828419156984,19,NA,NA,NA
"control","JAM_UKR",0.157385383570228,1.26411777084123,24,NA,NA,NA
"control","JOR_MLI",0.0330819679013177,0.690712456948088,19,NA,NA,NA
"control","JOR_PYF",0.082990697770741,1.55264131084595,20,NA,NA,NA
"control","JOR_ZAF",0.275623511148847,0.958151624265621,22,NA,NA,NA
"control","JPN_LSO",-0.373921154330678,1.45995208467858,21,NA,NA,NA
"control","KAZ_BGR",0.00427100823231147,0.671140353701357,24,NA,NA,NA
"control","KAZ_DZA",0.157677029898854,1.06797369308538,23,NA,NA,NA
"control","KAZ_JAM",0.626281500325842,0.768195944438596,9,NA,NA,NA
"control","KAZ_MNG",-0.13849792692941,0.859890727087371,24,NA,NA,NA
"control","KAZ_PHL",-0.109704384184531,1.30658599170218,24,NA,NA,NA
"control","KAZ_TZA",-0.353833568752883,1.11861524697596,19,NA,NA,NA
"control","KEN_BHS",-0.326683396959051,1.29281446755829,17,NA,NA,NA
"control","KEN_BIH",-0.487613159354587,1.67335233537105,20,NA,NA,NA
"control","KEN_BRN",-0.221114090597942,0.928337963803492,22,NA,NA,NA
"control","KEN_DMA",0.192575673265549,0.900286300868736,11,NA,NA,NA
"control","KEN_FRO",0.240811932770795,1.18771105557878,15,NA,NA,NA
"control","KEN_GRD",0.442313564757548,1.08003708216774,16,NA,NA,NA
"control","KEN_GRL",0.0135257527091915,1.51608859178503,15,NA,NA,NA
"control","KEN_GTM",-0.0979278633394784,0.822304197688688,21,NA,NA,NA
"control","KEN_KGZ",-0.00525220099953232,0.616648875345008,19,NA,NA,NA
"control","KEN_LCA",0.0322345686941064,1.58334945874669,13,NA,NA,NA
"control","KEN_MKD",0.181621584250819,0.743490250474987,22,NA,NA,NA
"control","KEN_PYF",-0.00502254127837306,0.799664251053452,24,NA,NA,NA
"control","KEN_RUS",0.0508970106321452,1.0168576887029,24,NA,NA,NA
"control","KEN_SLV",0.0844422899564545,0.89335056595605,23,NA,NA,NA
"control","KEN_UKR",0.0985967237621,0.93172905620439,24,NA,NA,NA
"control","KGZ_BRA",-0.11526174231947,1.54281969245957,21,NA,NA,NA
"control","KGZ_EST",-0.303652028993716,1.0087196696108,24,NA,NA,NA
"control","KGZ_LBN",0.13333038212156,1.01381707490799,23,NA,NA,NA
"control","KHM_EST",-0.329529467271232,0.876623613004764,23,NA,NA,NA
"control","KHM_FRO",0.281465896359687,0.760801660033712,14,NA,NA,NA
"control","KHM_GHA",0.157316112084385,1.16624693174028,21,NA,NA,NA
"control","KHM_ISR",-0.149373849151389,1.28435074719471,22,NA,NA,NA
"control","KHM_MAC",0.0313835466038465,1.14565932999281,23,NA,NA,NA
"control","KHM_MLI",0.406131432978125,1.35165403309574,20,NA,NA,NA
"control","KHM_PYF",0.159229602070976,0.762177070893155,24,NA,NA,NA
"control","KHM_ROU",0.0889997247175016,1.44705361441311,23,NA,NA,NA
"control","KHM_RUS",-0.0442368572383544,1.28602317653452,24,NA,NA,NA
"control","KHM_SDN",0.299919023764551,1.55630794493921,20,NA,NA,NA
"control","KHM_UKR",-0.021316988253399,0.859370754379961,24,NA,NA,NA
"control","KIR_ALB",0.413168191167792,0.556729799614664,9,NA,NA,NA
"control","KIR_BGR",-0.412517289081544,0.970184962161755,9,NA,NA,NA
"control","KIR_NGA",0.212673057077511,0.54910328330691,10,NA,NA,NA
"control","KIR_PHL",0.017318610846243,0.906587795325219,12,NA,NA,NA
"control","KNA_ARG",0.0330007868311674,1.12388158630375,20,NA,NA,NA
"control","KNA_CIV",-0.314863588442083,0.590736184535964,12,NA,NA,NA
"control","KNA_GRC",-0.264269983182065,1.72404924714804,9,NA,NA,NA
"control","KNA_IDN",0.305645796431432,0.929447878483669,15,NA,NA,NA
"control","KNA_IND",-0.179949416706614,1.97772548791033,14,NA,NA,NA
"control","KNA_RUS",0.00184410606706254,0.479431322607819,20,NA,NA,NA
"control","KNA_SDN",0.0645805385575236,0.833604638997263,16,NA,NA,NA
"control","KNA_TWN",-0.109853476058195,0.915742599839642,23,NA,NA,NA
"control","KOR_BIH",-0.263584303500793,1.19485512110586,24,NA,NA,NA
"control","KOR_LSO",-0.0564418262814158,0.568176788749056,21,NA,NA,NA
"control","KWT_ALB",-0.138709869145769,0.851093682165066,23,NA,NA,NA
"control","KWT_ARM",0.220107206822162,0.917428021124483,21,NA,NA,NA
"control","KWT_CIV",0.276998679483148,0.835824055969839,23,NA,NA,NA
"control","KWT_GAB",0.0571679228381514,1.03645547814661,21,NA,NA,NA
"control","KWT_GEO",-0.0556828988792803,1.02462041513588,22,NA,NA,NA
"control","KWT_GHA",0.401008133691172,0.8433620960719,24,NA,NA,NA
"control","KWT_NER",0.198603935608196,0.88891310223557,24,NA,NA,NA
"control","KWT_NGA",-0.423909649744109,1.05841774519351,23,NA,NA,NA
"control","KWT_PAN",-0.4487382249368,0.798379756822663,13,NA,NA,NA
"control","KWT_PYF",-0.0451467900982331,0.824551172231265,8,NA,NA,NA
"control","KWT_SEN",0.153663840898791,0.628026441047739,24,NA,NA,NA
"control","KWT_TKM",0.230664833690765,0.754758175459423,16,NA,NA,NA
"control","KWT_TTO",0.236440877952485,0.936884773421534,16,NA,NA,NA
"control","KWT_UKR",0.0753358274741788,0.421543130366244,21,NA,NA,NA
"control","LAO_ECU",-0.303204645266306,0.781460619155215,12,NA,NA,NA
"control","LAO_FRO",0.108401715829445,1.51193951140434,13,NA,NA,NA
"control","LAO_GHA",0.201506980216232,0.896414161369846,13,NA,NA,NA
"control","LAO_MLT",-0.0418321946689285,0.909047180388438,13,NA,NA,NA
"control","LAO_NGA",-0.00768173701297302,2.14680777502729,18,NA,NA,NA
"control","LAO_PYF",0.32842147865765,1.23323346048431,23,NA,NA,NA
"control","LAO_RUS",0.201903938815361,0.997383746178108,24,NA,NA,NA
"control","LAO_SDN",-0.102614424328527,0.539279855815883,21,NA,NA,NA
"control","LAO_TWN",-0.0627904207334086,1.2127978634732,24,NA,NA,NA
"control","LAO_UKR",-0.143090271607445,0.946812791762493,24,NA,NA,NA
"control","LAO_ZAF",-0.310346809690727,0.580073113948715,22,NA,NA,NA
"control","LBN_ALB",-0.213161511399484,0.715709210785424,24,NA,NA,NA
"control","LBN_AZE",-0.0298064562050118,1.17253996772849,24,NA,NA,NA
"control","LBN_GEO",0.246600703434264,0.484157313490418,24,NA,NA,NA
"control","LBN_GHA",-0.0944813663143959,0.678446957237941,24,NA,NA,NA
"control","LBN_MLI",-0.138390233525176,0.838169455207592,24,NA,NA,NA
"control","LBN_NER",-0.146460221220553,0.716979048721852,24,NA,NA,NA
"control","LBN_NGA",-0.0149689512525171,1.29201846190781,24,NA,NA,NA
"control","LBN_PHL",-0.320693774414411,0.870523919938429,24,NA,NA,NA
"control","LBN_PYF",-0.0112553800160572,0.810656740763745,24,NA,NA,NA
"control","LBN_RUS",-0.0590092620888005,0.70204834551715,24,NA,NA,NA
"control","LBN_RWA",-0.0253392821874821,0.956470972106786,18,NA,NA,NA
"control","LBN_UKR",0.0506881974632331,1.42250080791238,24,NA,NA,NA
"control","LBR_BGR",0.302645537400324,1.33182691397729,22,NA,NA,NA
"control","LBR_CRI",0.452159746531711,0.3876698619071,9,NA,NA,NA
"control","LBR_EST",-0.172803623511171,0.634167286980908,9,NA,NA,NA
"control","LBR_LTU",0.135243012330381,1.65584750912221,14,NA,NA,NA
"control","LBR_LVA",-0.327542100068032,0.845822511329942,12,NA,NA,NA
"control","LBR_RUS",0.130421053294959,1.19826235942415,24,NA,NA,NA
"control","LBR_SVN",0.159539621470212,1.05442532683087,19,NA,NA,NA
"control","LBR_TTO",-0.667865374964077,0.772543642903232,11,NA,NA,NA
"control","LBR_UKR",0.0359755621333719,0.514120574233816,20,NA,NA,NA
"control","LBY_BGR",-0.276128157002957,0.659257919630751,23,NA,NA,NA
"control","LBY_EST",0.317612506802969,0.298021570457786,8,NA,NA,NA
"control","LBY_SEN",-0.277437283689756,0.816124979266273,21,NA,NA,NA
"control","LCA_CZE",0.160797601180909,1.11988129101236,8,NA,NA,NA
"control","LCA_PER",-0.0695930555196994,1.78126064569093,18,NA,NA,NA
"control","LCA_TCA",0.207198650315645,1.09538886842479,18,NA,NA,NA
"control","LCA_TZA",0.262681442340826,0.702988626370849,8,NA,NA,NA
"control","LKA_KGZ",0.0313732244074584,0.811714119072916,23,NA,NA,NA
"control","LKA_MDA",-0.235884708087466,1.20585807817198,24,NA,NA,NA
"control","LKA_PYF",0.305536441868553,1.19494589482526,24,NA,NA,NA
"control","LKA_RWA",0.203845457926783,0.789192819894479,24,NA,NA,NA
"control","LSO_BFA",0.0470582294854313,1.74436215804126,8,NA,NA,NA
"control","LSO_CHL",-0.0739825523033664,0.653342650786887,18,NA,NA,NA
"control","LTU_BLZ",-0.150937849972575,1.84640060016199,11,NA,NA,NA
"control","LTU_GAB",0.328731517701071,0.595534215030187,20,NA,NA,NA
"control","LTU_GHA",-0.313788466382827,1.088077816277,19,NA,NA,NA
"control","LTU_HND",-0.293434637158004,0.949539326450297,14,NA,NA,NA
"control","LTU_KEN",-0.126535488658032,0.873282833589044,19,NA,NA,NA
"control","LTU_KWT",-0.0406201456448757,1.17144851910256,21,NA,NA,NA
"control","LTU_VCT",0.0281046545570146,0.560479879547553,11,NA,NA,NA
"control","LVA_ATG",0.194135520515196,0.766677352051917,11,NA,NA,NA
"control","LVA_BIH",0.099291843762709,2.18929147508964,11,NA,NA,NA
"control","LVA_GHA",0.275015578179308,0.699723792550398,17,NA,NA,NA
"control","LVA_GIB",-0.416939678394192,0.717946333143543,23,NA,NA,NA
"control","LVA_GTM",-0.785825941264564,0.99950501834563,14,NA,NA,NA
"control","LVA_TGO",0.394582839190786,1.28810931515177,21,NA,NA,NA
"control","LVA_VCT",0.14410774676795,1.47099206991867,11,NA,NA,NA
"control","LVA_VGB",0.135325060517103,0.675938351855312,10,NA,NA,NA
"control","MAC_FRO",0.460371033532406,0.582809575558201,14,NA,NA,NA
"control","MAC_KNA",0.0338515328520966,0.36539114933906,9,NA,NA,NA
"control","MAC_SEN",0.065702023288949,0.335142555548374,13,NA,NA,NA
"control","MAC_TZA",0.254716146876597,0.996741324310825,17,NA,NA,NA
"control","MAC_ZWE",0.41342843484301,0.902346425635662,8,NA,NA,NA
"control","MAR_ARM",-0.13793921705686,1.79646637806758,18,NA,NA,NA
"control","MAR_BIH",0.0269409940468055,0.860135020490657,20,NA,NA,NA
"control","MAR_NPL",-0.148700096251138,0.545405768369162,20,NA,NA,NA
"control","MAR_TKM",-0.440748838802004,0.929498593952429,10,NA,NA,NA
"control","MDA_BOL",-0.00476925205790757,1.27014586889156,16,NA,NA,NA
"control","MDA_BRA",0.262683614028232,1.23379434128055,22,NA,NA,NA
"control","MDA_ECU",-0.0968759225394676,0.516145674275165,19,NA,NA,NA
"control","MDA_GHA",-0.169911787517562,0.527822053695675,15,NA,NA,NA
"control","MDA_MNG",0.0575995250767473,0.563448168572323,19,NA,NA,NA
"control","MDA_SGP",-0.060982059420635,0.545959037769172,20,NA,NA,NA
"control","MDA_TUN",0.0784090955558718,0.903802966096435,22,NA,NA,NA
"control","MDG_GUY",-0.0549183263244011,1.22609944372704,16,NA,NA,NA
"control","MDG_MDA",-0.0222563557608593,0.660510444403968,17,NA,NA,NA
"control","MDG_MLI",-0.303501472087965,1.22995071812772,21,NA,NA,NA
"control","MDG_NIC",-0.279024286010765,0.663366302944159,23,NA,NA,NA
"control","MDV_BGR",-0.209902207393007,1.01140368886647,13,NA,NA,NA
"control","MDV_BHR",0.0721086394358371,0.692059365967756,20,NA,NA,NA
"control","MDV_MDA",-0.50393861121897,0.546298808703584,10,NA,NA,NA
"control","MDV_MLT",0.094790831399226,1.10751295489004,16,NA,NA,NA
"control","MDV_PYF",-0.441583317062828,0.863512715894495,12,NA,NA,NA
"control","MDV_RUS",0.0341135355269364,1.18553074728701,16,NA,NA,NA
"control","MEX_AZE",0.080041508252773,0.884955942755888,24,NA,NA,NA
"control","MEX_FSM",0.011960690699043,0.835023684121678,15,NA,NA,NA
"control","MEX_MDA",0.272288465279173,1.05991807382982,24,NA,NA,NA
"control","MEX_TKM",0.231006459988507,0.863387088900754,10,NA,NA,NA
"control","MEX_UZB",-0.117963316522322,1.15267785691311,16,NA,NA,NA
"control","MHL_FRA",-0.0215830454551741,1.097127919819,21,NA,NA,NA
"control","MHL_POL",0.00463778112317901,1.25927900291943,21,NA,NA,NA
"control","MHL_UKR",-0.178350736237185,1.22894062208791,12,NA,NA,NA
"control","MKD_AND",0.332418917718243,1.06499280329842,22,NA,NA,NA
"control","MKD_FRO",-0.0059115042316334,1.01637183450481,14,NA,NA,NA
"control","MKD_GAB",-0.531750551858459,0.911120278864447,10,NA,NA,NA
"control","MKD_LBR",0.0459898434292049,0.887325686590326,10,NA,NA,NA
"control","MKD_PRY",0.154456149001953,0.553376248479404,8,NA,NA,NA
"control","MLI_ALB",0.193670078570832,0.86468014743302,12,NA,NA,NA
"control","MLI_ARE",0.182551741680577,1.39972415922194,17,NA,NA,NA
"control","MLI_BGR",-0.246340851343567,0.729513263106647,17,NA,NA,NA
"control","MLI_ETH",0.195064341791593,2.09181845356951,24,NA,NA,NA
"control","MLI_GRD",-0.345947099800283,1.36273935490719,10,NA,NA,NA
"control","MLI_LBN",-0.0803636102526857,1.17645874852422,24,NA,NA,NA
"control","MLI_MDG",-0.15507069524874,0.913443321030318,20,NA,NA,NA
"control","MLI_PRK",-0.410719798333058,0.72990332956668,11,NA,NA,NA
"control","MLI_RUS",0.0168758475345628,0.550740854124846,24,NA,NA,NA
"control","MLI_RWA",0.170888624028436,1.42819202492118,22,NA,NA,NA
"control","MLI_SYR",0.373685851859529,1.23547506884519,8,NA,NA,NA
"control","MLI_TCD",0.0125019915336104,0.881069115390615,17,NA,NA,NA
"control","MLT_ATG",0.347265706019693,0.651522888003565,11,NA,NA,NA
"control","MLT_BFA",-0.253440158087186,1.29014426814325,19,NA,NA,NA
"control","MLT_BRN",-0.0576647732348407,0.953355684791448,19,NA,NA,NA
"control","MLT_COG",-0.107755354953673,1.07526973611691,20,NA,NA,NA
"control","MLT_GIB",0.134028277290805,1.0226990668641,20,NA,NA,NA
"control","MLT_GIN",0.0649572688643568,0.888229191492823,22,NA,NA,NA
"control","MLT_MAC",0.0569339380423818,0.726100016149551,21,NA,NA,NA
"control","MLT_MDV",-0.165371557057231,0.920489424066323,24,NA,NA,NA
"control","MLT_MWI",0.230306459062268,0.946535163555909,18,NA,NA,NA
"control","MLT_PHL",0.0435477168500823,0.68902089512665,24,NA,NA,NA
"control","MLT_PNG",0.549401921378904,0.809084290985944,8,NA,NA,NA
"control","MLT_SLB",0.653003261105997,0.206573994861783,9,NA,NA,NA
"control","MLT_SLV",-0.319682688261478,1.47420558710776,12,NA,NA,NA
"control","MLT_SUR",0.421851805218981,0.812192922388202,11,NA,NA,NA
"control","MLT_VNM",0.00776823421551319,0.971191863884757,24,NA,NA,NA
"control","MMR_FRO",-0.145235412693137,1.06925615529764,17,NA,NA,NA
"control","MMR_ISR",0.256125371191353,1.22100500419366,24,NA,NA,NA
"control","MMR_RUS",0.23210251795949,0.951412527414788,23,NA,NA,NA
"control","MMR_RWA",0.330951032450159,0.379823971192754,8,NA,NA,NA
"control","MNG_BGR",-0.210904434622246,1.09219192353479,24,NA,NA,NA
"control","MNG_CAN",0.0851066532887035,1.02409963289579,24,NA,NA,NA
"control","MNG_GEO",0.043523853138434,0.307944526179075,9,NA,NA,NA
"control","MNG_KAZ",-0.3564789004771,0.780932566560951,24,NA,NA,NA
"control","MNG_KGZ",0.144310022857683,0.961022167041132,20,NA,NA,NA
"control","MNG_RUS",-0.0848619284877842,1.0210308858611,24,NA,NA,NA
"control","MNG_TWN",0.0301087745616944,1.28005723865953,23,NA,NA,NA
"control","MNG_URY",-0.0666801062981433,0.850097383958121,16,NA,NA,NA
"control","MNG_UZB",-0.503691495178851,0.283971254522915,17,NA,NA,NA
"control","MNP_BGR",0.657325323133503,0.5693925664773,9,NA,NA,NA
"control","MNP_CRI",0.138928792529092,1.18917695136216,13,NA,NA,NA
"control","MNP_DNK",0.248668813194737,0.8449736246309,14,NA,NA,NA
"control","MNP_GBR",-0.0246444987156094,0.616048712296843,21,NA,NA,NA
"control","MNP_MEX",-0.0793498007729079,0.836435360911935,18,NA,NA,NA
"control","MNP_SVN",-0.048196446486799,0.870453124012025,18,NA,NA,NA
"control","MOZ_AND",-0.373636979770374,0.807561928127652,9,NA,NA,NA
"control","MOZ_RUS",0.255123102894313,0.697836190662463,23,NA,NA,NA
"control","MOZ_TGO",-0.105049734095838,0.726531056127018,12,NA,NA,NA
"control","MOZ_UKR",-0.468007373465615,1.53238198387879,19,NA,NA,NA
"control","MRT_BGR",0.0522614708949173,0.722957915837387,21,NA,NA,NA
"control","MRT_GEO",0.099028381175465,1.42984046862659,12,NA,NA,NA
"control","MRT_KWT",0.448326388369393,1.12873695470021,18,NA,NA,NA
"control","MRT_MAC",-0.161466431297483,1.4162618327346,9,NA,NA,NA
"control","MRT_MKD",-0.105549751459939,0.663968850902503,17,NA,NA,NA
"control","MRT_PYF",-0.263753658966126,0.720655334206149,20,NA,NA,NA
"control","MRT_ROU",0.108956585681924,0.974849321621533,19,NA,NA,NA
"control","MRT_RUS",0.369790687838327,0.925367321826396,24,NA,NA,NA
"control","MRT_RWA",0.219749310917023,0.917739409381799,16,NA,NA,NA
"control","MRT_TZA",0.126672627604529,0.622614850802779,21,NA,NA,NA
"control","MRT_UKR",0.165335560946946,1.10567132226067,23,NA,NA,NA
"control","MSR_GHA",0.289523687765829,1.30554124071269,14,NA,NA,NA
"control","MSR_NGA",0.350583302246907,0.938324609777146,14,NA,NA,NA
"control","MSR_NIC",0.0478846605338802,0.833966199164588,13,NA,NA,NA
"control","MSR_SDN",-0.240874487746154,0.875638134569807,16,NA,NA,NA
"control","MSR_TZA",-0.832632130916937,1.54911936880332,8,NA,NA,NA
"control","MUS_ATG",0.0181684039859226,1.92754968173157,14,NA,NA,NA
"control","MUS_BEN",-0.108923837495891,0.958073531233714,24,NA,NA,NA
"control","MUS_BOL",0.0437570457605277,0.728017671630679,19,NA,NA,NA
"control","MUS_DZA",-0.0725751950073287,0.917340916323747,22,NA,NA,NA
"control","MUS_KAZ",0.147028950544361,1.32715512670018,19,NA,NA,NA
"control","MUS_MHL",0.354047945275929,1.77719811124772,15,NA,NA,NA
"control","MWI_CUB",-0.175840119842131,0.671267719645567,8,NA,NA,NA
"control","MWI_PRY",0.564155083013846,1.26084218307054,11,NA,NA,NA
"control","MWI_PYF",-0.282902447188229,1.61121817812328,12,NA,NA,NA
"control","MYS_BIH",0.0947243713011467,1.41861207488117,24,NA,NA,NA
"control","MYS_ERI",-0.210660740685038,1.58671379680596,24,NA,NA,NA
"control","MYS_TJK",0.0101957240978138,0.888533685821193,24,NA,NA,NA
"control","NAM_BRA",-0.290718564382632,0.826802865983766,18,NA,NA,NA
"control","NAM_FRO",-0.320756625200322,1.17181313122196,17,NA,NA,NA
"control","NER_EST",-0.218579403873807,0.371815986325306,22,NA,NA,NA
"control","NER_IND",-0.0320946339963463,0.474888528497798,24,NA,NA,NA
"control","NER_KWT",-0.0604123287910522,0.851512824671755,17,NA,NA,NA
"control","NER_LTU",-0.358051941789401,1.98025098065405,9,NA,NA,NA
"control","NER_MOZ",-0.081929861888292,1.38979461281412,13,NA,NA,NA
"control","NER_PHL",0.0759324165059685,0.534416003020401,17,NA,NA,NA
"control","NER_PNG",-0.000978525713382848,1.41070568197358,9,NA,NA,NA
"control","NER_PYF",0.0975558367246096,1.1076259527429,13,NA,NA,NA
"control","NER_RWA",-0.0451816594553242,1.22745017861676,21,NA,NA,NA
"control","NER_SGP",-0.113780193596415,0.851470547351958,18,NA,NA,NA
"control","NFK_MYS",-0.0218552339444952,0.610150510236987,16,NA,NA,NA
"control","NFK_SVN",-0.0965659326943742,1.07190973518918,15,NA,NA,NA
"control","NGA_AGO",0.0409810818104865,0.646026212855622,21,NA,NA,NA
"control","NGA_ALB",-0.0708224652645504,0.408033218960326,11,NA,NA,NA
"control","NGA_BHS",0.400731755717845,1.21972280712212,19,NA,NA,NA
"control","NGA_COD",-0.126723710783769,0.564706283577865,16,NA,NA,NA
"control","NGA_FRO",0.0788580517445227,1.102815299981,13,NA,NA,NA
"control","NGA_LBN",0.497830873038949,0.484789320014274,24,NA,NA,NA
"control","NGA_MDA",-0.10335158727308,0.992413829207536,20,NA,NA,NA
"control","NGA_PYF",-0.0934746835098234,0.654652722760144,21,NA,NA,NA
"control","NGA_RUS",0.120842333931255,0.711024563432426,24,NA,NA,NA
"control","NGA_RWA",0.109890787428488,0.944093823616936,23,NA,NA,NA
"control","NGA_UKR",-0.203044465750268,0.793039172957806,24,NA,NA,NA
"control","NIC_LBN",-0.108192304381164,0.82790702863673,24,NA,NA,NA
"control","NIC_MAC",-0.0983642728933179,0.772867614614082,22,NA,NA,NA
"control","NIC_OMN",-0.141439859998186,1.28719601128778,10,NA,NA,NA
"control","NIC_PYF",-0.308952407504231,0.673339953241894,22,NA,NA,NA
"control","NIC_RWA",-0.0270436845104055,0.683990737100562,16,NA,NA,NA
"control","NIU_RUS",0.385832759872035,1.51184876185951,14,NA,NA,NA
"control","NIU_UKR",-0.00741007525099897,0.887377647574356,8,NA,NA,NA
"control","NOR_AIA",-0.00585068817164673,0.800666859910824,16,NA,NA,NA
"control","NOR_MSR",-0.348325792189311,0.933788927374525,13,NA,NA,NA
"control","NOR_PRK",-0.634672620405058,1.4725867632869,10,NA,NA,NA
"control","NOR_WLF",0.304913082360507,0.789771434040424,10,NA,NA,NA
"control","NPL_FRO",-0.0936430040395682,0.880058267922702,11,NA,NA,NA
"control","NPL_GHA",-0.0199961880518051,0.803149618017026,19,NA,NA,NA
"control","NPL_GTM",-0.229022829341492,1.05892050496759,18,NA,NA,NA
"control","NPL_HND",0.275241611366353,1.00799798407108,13,NA,NA,NA
"control","NPL_NGA",0.0556710469877725,0.469595129918463,17,NA,NA,NA
"control","NPL_PYF",-0.0183521453032275,1.00749250967066,22,NA,NA,NA
"control","NPL_UKR",-0.270138308906293,0.665257803606756,23,NA,NA,NA
"control","NPL_URY",0.109892430752919,1.33887814158252,22,NA,NA,NA
"control","NRU_BGD",0.157809267875372,0.791929414577759,17,NA,NA,NA
"control","NRU_BGR",-0.282637263540938,0.396361574426387,9,NA,NA,NA
"control","NRU_GHA",-0.456704276699878,0.433631881711619,12,NA,NA,NA
"control","NRU_IND",-0.259265561859914,1.48723673036569,23,NA,NA,NA
"control","NRU_MDA",0.14416503223795,1.79501286785439,8,NA,NA,NA
"control","NRU_NGA",-0.640357614745271,1.1848752295302,17,NA,NA,NA
"control","NRU_PHL",0.13000827381209,1.4296567505015,14,NA,NA,NA
"control","NRU_RUS",0.174555474779842,1.37135869357066,12,NA,NA,NA
"control","NRU_SDN",-0.0698341571987689,1.49114894738547,13,NA,NA,NA
"control","NRU_SLV",-0.106926753063373,0.284075041562761,8,NA,NA,NA
"control","NRU_TGO",0.0341742073283615,1.43171918911623,8,NA,NA,NA
"control","NRU_TZA",-0.0126902022959389,1.12508815101463,20,NA,NA,NA
"control","NZL_AZE",-0.244201533111015,1.34476245523243,24,NA,NA,NA
"control","NZL_ERI",0.0158027339831985,0.912879923205157,23,NA,NA,NA
"control","NZL_KGZ",-0.251228442957076,1.16392555799573,23,NA,NA,NA
"control","OMN_BOL",0.199612985326012,1.4134433819911,16,NA,NA,NA
"control","OMN_EST",0.0366336255240523,0.999429191466519,20,NA,NA,NA
"control","OMN_GRD",-0.0810656362136036,1.26508667941467,10,NA,NA,NA
"control","OMN_ISR",-0.0258026263659833,0.38530730967419,11,NA,NA,NA
"control","OMN_MLI",-0.101402367848484,1.78380499435267,21,NA,NA,NA
"control","OMN_MOZ",-0.39305165461695,0.997952757798627,22,NA,NA,NA
"control","OMN_PER",-0.375577696105387,0.570907964751439,22,NA,NA,NA
"control","OMN_SLE",-0.0550051321552985,0.424732143683946,23,NA,NA,NA
"control","OMN_TTO",-0.0900196815567725,0.819454849999993,17,NA,NA,NA
"control","OMN_URY",-0.603281035280145,1.06215204584981,14,NA,NA,NA
"control","OMN_ZAF",0.110908168004907,1.39316503771535,21,NA,NA,NA
"control","PAK_LAO",-0.0052922544154416,0.885726401079039,23,NA,NA,NA
"control","PAK_PYF",0.135107429219322,0.584601892551754,24,NA,NA,NA
"control","PAN_AZE",0.557107861214042,0.71211379512135,21,NA,NA,NA
"control","PAN_GHA",0.198585576367386,1.02015398670541,23,NA,NA,NA
"control","PAN_KGZ",-0.0515139204675731,0.447123445578968,15,NA,NA,NA
"control","PAN_NER",-0.400827931764824,1.01023709875221,13,NA,NA,NA
"control","PAN_OMN",0.27368594509131,0.803945081210366,10,NA,NA,NA
"control","PAN_TZA",-0.0320480298299961,0.939515411752867,22,NA,NA,NA
"control","PAN_UKR",-0.0837836229785903,0.843493737832217,24,NA,NA,NA
"control","PAN_ZMB",-0.13681107249037,0.465613411076617,14,NA,NA,NA
"control","PER_ARM",0.0616470672142382,0.787533143932447,17,NA,NA,NA
"control","PER_BWA",-0.0508483965385088,1.18297105205293,13,NA,NA,NA
"control","PER_FRO",-0.0244754297354101,1.50456301386148,17,NA,NA,NA
"control","PER_KAZ",-0.235454030751217,1.03535380254195,22,NA,NA,NA
"control","PER_LAO",0.0500242825501017,0.65121053439625,13,NA,NA,NA
"control","PER_MSR",-0.275352569824864,1.37330697777298,17,NA,NA,NA
"control","PER_SYC",0.085209666254727,0.74021722594647,15,NA,NA,NA
"control","PER_TGO",0.39887018869416,0.73145696677907,22,NA,NA,NA
"control","PHL_ABW",-0.000231287420586701,1.10319426108872,24,NA,NA,NA
"control","PHL_AGO",0.0428918266832555,1.94745633812655,24,NA,NA,NA
"control","PHL_ANT",-0.00911788526100471,1.13229044043473,15,NA,NA,NA
"control","PHL_ATF",0.140762722207424,1.28981692628407,14,NA,NA,NA
"control","PHL_BIH",0.36581204803715,1.14017059814938,24,NA,NA,NA
"control","PHL_BLR",-0.44250657062743,1.15545010222933,23,NA,NA,NA
"control","PHL_COD",0.014590477372204,1.5590439608889,14,NA,NA,NA
"control","PHL_CPV",0.0914944292214473,0.696835818848459,19,NA,NA,NA
"control","PHL_FSM",-0.238180673127874,0.788834865766402,24,NA,NA,NA
"control","PHL_GIB",0.296090410723024,0.528129310369258,21,NA,NA,NA
"control","PHL_GNQ",-0.147985685169818,0.83733669621427,10,NA,NA,NA
"control","PHL_HTI",-0.153183348771267,0.795461703503917,24,NA,NA,NA
"control","PHL_KIR",-0.241375621173694,0.819647342210033,21,NA,NA,NA
"control","PHL_MLI",-0.0294880589560999,1.50839025191762,23,NA,NA,NA
"control","PHL_MNG",-0.280938633397319,1.28854002424024,24,NA,NA,NA
"control","PHL_MRT",-0.182410000583717,0.752126103641294,19,NA,NA,NA
"control","PHL_PLW",0.194794801934994,0.575198309476696,24,NA,NA,NA
"control","PHL_SLB",-0.272034204214579,0.919789440995428,24,NA,NA,NA
"control","PHL_TCA",0.039958502634919,0.683179355535082,21,NA,NA,NA
"control","PHL_UKR",-0.152096365715069,1.39994640393636,24,NA,NA,NA
"control","PHL_VGB",-0.0946145326741967,1.13031566625402,24,NA,NA,NA
"control","PHL_VUT",-0.0281408969130552,1.07805756668338,24,NA,NA,NA
"control","PHL_WSM",-0.282856570924288,0.844028763500991,23,NA,NA,NA
"control","PHL_YEM",-0.140629124481203,0.449170538864264,24,NA,NA,NA
"control","PLW_FRA",-0.566698104375224,1.36391882045892,18,NA,NA,NA
"control","PLW_NLD",-0.404428443987704,1.50463728468371,11,NA,NA,NA
"control","PLW_PHL",-0.178161981369523,1.35568748996999,22,NA,NA,NA
"control","PLW_SVN",0.217505907858092,0.711852847963744,8,NA,NA,NA
"control","PNG_BGR",-0.403800649940968,0.273657532480878,10,NA,NA,NA
"control","PNG_GAB",-0.00208137819416208,0.592463791491123,8,NA,NA,NA
"control","PNG_GHA",0.176828224701506,0.815982932118444,14,NA,NA,NA
"control","PNG_HRV",0.340652416662355,0.64712444362353,12,NA,NA,NA
"control","PNG_MAC",-0.0611031527031568,1.00655422330218,13,NA,NA,NA
"control","PNG_MKD",-0.0447233807962155,0.977709500395093,8,NA,NA,NA
"control","PNG_NGA",0.416225546078771,0.444719073565233,17,NA,NA,NA
"control","PNG_SDN",-0.543989155716132,0.916239711747066,16,NA,NA,NA
"control","PNG_TZA",0.404426320981706,1.06376288204077,12,NA,NA,NA
"control","PNG_ZAF",-0.0623445043834573,1.00132607830836,24,NA,NA,NA
"control","POL_KIR",-0.248827035922598,1.83783074691841,14,NA,NA,NA
"control","POL_MDV",0.136926509286861,1.52896366346029,19,NA,NA,NA
"control","POL_MOZ",-0.417370954202604,1.15990219979108,18,NA,NA,NA
"control","POL_SLB",-0.116412603735379,0.739797747052912,9,NA,NA,NA
"control","POL_VGB",-0.108402803289643,1.5682895720165,10,NA,NA,NA
"control","PRK_ALB",0.139004497568385,1.70669591506343,21,NA,NA,NA
"control","PRK_AZE",0.198402847724305,1.22740214818871,21,NA,NA,NA
"control","PRK_FRO",-0.089150858348782,1.5362573534029,14,NA,NA,NA
"control","PRK_GEO",-0.525551422016641,0.485061939821411,15,NA,NA,NA
"control","PRK_GMB",0.586301325139172,1.13756689564035,16,NA,NA,NA
"control","PRK_ISR",-0.255828934427517,1.35436726280862,10,NA,NA,NA
"control","PRK_MLI",0.144878884613637,0.992499921403452,19,NA,NA,NA
"control","PRK_MNG",0.0156449410235457,0.908980480514506,17,NA,NA,NA
"control","PRK_PYF",-0.118322705999098,0.572922345464047,24,NA,NA,NA
"control","PRK_RUS",-0.452723073304786,0.960498624005087,24,NA,NA,NA
"control","PRK_SLV",0.205089531220634,0.803161760660466,21,NA,NA,NA
"control","PRK_UKR",0.00549711410079567,0.894713306736785,24,NA,NA,NA
"control","PRY_FRO",0.048176161881654,1.95878927794627,12,NA,NA,NA
"control","PRY_MAC",-0.266233072082561,0.947280150518581,14,NA,NA,NA
"control","PRY_PYF",0.356176650529387,1.0996757283707,23,NA,NA,NA
"control","PRY_SDN",-0.124329402627057,1.26146414918243,14,NA,NA,NA
"control","PYF_AND",0.466298666307198,1.60119277377489,12,NA,NA,NA
"control","PYF_BGD",-0.339044871351253,1.36565257332653,12,NA,NA,NA
"control","PYF_CHE",0.146253940158812,0.775180173967065,24,NA,NA,NA
"control","PYF_GHA",0.386636451911994,1.48200274132274,12,NA,NA,NA
"control","PYF_HND",-0.271004057071075,0.569182162145481,11,NA,NA,NA
"control","PYF_MAR",-0.144041026851119,0.779826096960326,12,NA,NA,NA
"control","PYF_NOR",-0.0801984711888207,0.638078282410579,24,NA,NA,NA
"control","PYF_RUS",-0.2131234817534,0.736718078977889,22,NA,NA,NA
"control","PYF_THA",-0.376844547103383,0.881518184047184,24,NA,NA,NA
"control","PYF_UKR",-0.0930592403514045,0.54957984530863,16,NA,NA,NA
"control","PYF_VUT",-0.147192311591521,1.48470668543886,22,NA,NA,NA
"control","PYF_WLF",-0.064010303409116,0.880803464225145,24,NA,NA,NA
"control","PYF_WSM",0.00469354177428224,0.878370269284626,24,NA,NA,NA
"control","QAT_CIV",-0.165591950951248,0.986413749928139,23,NA,NA,NA
"control","QAT_GHA",-0.191866517209408,0.931129076715455,23,NA,NA,NA
"control","QAT_NGA",0.168054141384605,0.582750730565753,23,NA,NA,NA
"control","QAT_RUS",-0.162940603260113,0.654722730111019,21,NA,NA,NA
"control","QAT_SEN",0.0123422543630407,0.931317892420952,23,NA,NA,NA
"control","QAT_TZA",-0.0941932381283201,1.04102706779447,24,NA,NA,NA
"control","QAT_UKR",-0.173114350482789,1.17182785289658,24,NA,NA,NA
"control","QAT_VEN",-0.0754991025078681,1.43574083233938,18,NA,NA,NA
"control","ROU_FRO",0.452596156775544,1.0011276493343,10,NA,NA,NA
"control","ROU_LAO",-0.13631208557303,0.757650498781484,15,NA,NA,NA
"control","ROU_PYF",0.326707050706143,0.936535997312554,10,NA,NA,NA
"control","RUS_AFG",-0.156346179512203,0.84862810717116,24,NA,NA,NA
"control","RUS_AGO",0.0901289994020919,0.805663227889158,24,NA,NA,NA
"control","RUS_AIA",-0.356605204609841,1.07465374804266,23,NA,NA,NA
"control","RUS_ALB",-0.317525395092792,0.681375935163303,24,NA,NA,NA
"control","RUS_ATG",0.0859304303876962,1.40748431293909,21,NA,NA,NA
"control","RUS_BEN",-0.260756284093698,1.00382634455097,24,NA,NA,NA
"control","RUS_BHS",0.380585086794622,1.59375380522401,24,NA,NA,NA
"control","RUS_BIH",-0.0669919323031413,1.56957123034833,24,NA,NA,NA
"control","RUS_COD",0.0607326764681393,0.729060516911489,23,NA,NA,NA
"control","RUS_CUB",0.177348962838774,0.577305738791876,24,NA,NA,NA
"control","RUS_CYM",0.162232765019482,2.12611929070698,22,NA,NA,NA
"control","RUS_DJI",-0.310643457775234,1.42828564193298,22,NA,NA,NA
"control","RUS_DOM",0.251469015227473,1.07048320881399,24,NA,NA,NA
"control","RUS_ERI",0.0813353095965725,0.739409859150316,22,NA,NA,NA
"control","RUS_FRO",0.156723245298653,1.14548407754629,24,NA,NA,NA
"control","RUS_GHA",0.0839207068750573,1.03828545446507,24,NA,NA,NA
"control","RUS_GIB",-0.346952982260106,1.70663778523605,24,NA,NA,NA
"control","RUS_GNB",0.488483458455946,1.82576729398036,16,NA,NA,NA
"control","RUS_GNQ",-0.0424479887069745,1.00173290727359,24,NA,NA,NA
"control","RUS_IRN",-0.107947536583537,0.498225044044308,22,NA,NA,NA
"control","RUS_IRQ",-0.120834332881717,1.62119648609092,24,NA,NA,NA
"control","RUS_KHM",-0.238556437072154,0.78636176311612,24,NA,NA,NA
"control","RUS_LAO",-0.0422278565166994,0.875626286668967,24,NA,NA,NA
"control","RUS_LBN",0.0312209509564751,1.01508809425684,24,NA,NA,NA
"control","RUS_LBR",-0.179760211387898,1.70418705901967,24,NA,NA,NA
"control","RUS_LBY",-0.279412069686346,1.22413648297629,24,NA,NA,NA
"control","RUS_MHL",0.582737687130086,1.29928965873909,20,NA,NA,NA
"control","RUS_MLI",0.346369829019003,0.849732283614951,24,NA,NA,NA
"control","RUS_MNG",0.5042054722069,0.749628917375586,24,NA,NA,NA
"control","RUS_MRT",-0.10130237176862,1.00692152389247,24,NA,NA,NA
"control","RUS_NGA",-0.153658366390862,0.793290402739526,24,NA,NA,NA
"control","RUS_PNG",0.308310722024908,1.29116763689427,24,NA,NA,NA
"control","RUS_PRK",-0.22606663044772,1.18919627524702,24,NA,NA,NA
"control","RUS_PYF",-0.305961854702786,1.02753183689128,24,NA,NA,NA
"control","RUS_QAT",-0.0736995071848851,0.696222101027891,24,NA,NA,NA
"control","RUS_RWA",-0.176226208923748,0.618332441350446,24,NA,NA,NA
"control","RUS_SEN",-0.00895956830246965,1.06134852517443,24,NA,NA,NA
"control","RUS_SLE",0.199713756755757,1.00414231524241,24,NA,NA,NA
"control","RUS_SUR",0.223434676228859,0.527211350008672,21,NA,NA,NA
"control","RUS_TCA",0.121929376545411,1.24672299415372,19,NA,NA,NA
"control","RUS_VGB",0.0451888601154846,0.837481595747433,24,NA,NA,NA
"control","RUS_VNM",-0.0673047017120867,0.754360180648443,19,NA,NA,NA
"control","RUS_VUT",0.166682448724154,1.51457804016995,14,NA,NA,NA
"control","RUS_YEM",-0.272447533450775,1.23598972154959,24,NA,NA,NA
"control","RWA_BGD",-0.0127425741743212,0.934745752640089,16,NA,NA,NA
"control","RWA_CHL",0.261080926275891,0.134500186751022,9,NA,NA,NA
"control","RWA_GHA",-0.0116920672472656,1.43914497907494,21,NA,NA,NA
"control","RWA_JAM",0.402050425424361,0.505230320044662,12,NA,NA,NA
"control","RWA_LBN",-0.123816720211216,0.796705935236515,19,NA,NA,NA
"control","RWA_SVK",-0.00924576625138633,1.64561394028404,22,NA,NA,NA
"control","RWA_ZAF",0.565006598159249,2.09439953761533,24,NA,NA,NA
"control","SAU_ARM",0.0545762408848829,0.740338453884845,18,NA,NA,NA
"control","SAU_BIH",0.670363864393413,0.961371769389338,19,NA,NA,NA
"control","SAU_GRD",-0.0835673780097937,1.20717234671377,24,NA,NA,NA
"control","SAU_ISR",0.221088174909429,1.69454516113889,11,NA,NA,NA
"control","SAU_MDA",-0.0208831911391746,1.22199629430431,22,NA,NA,NA
"control","SAU_RWA",-0.171341353693776,0.827930768423851,24,NA,NA,NA
"control","SDN_ALB",0.266840109386217,0.6298574400135,13,NA,NA,NA
"control","SDN_GAB",-0.579872810558382,0.567600786668705,9,NA,NA,NA
"control","SDN_SOM",-0.0472445092958555,0.643391169653239,11,NA,NA,NA
"control","SDN_UKR",0.00314452280600046,1.11367743768132,24,NA,NA,NA
"control","SEN_ARE",-0.0649774936038258,0.996721497518967,22,NA,NA,NA
"control","SEN_COD",0.0336813560104642,1.36123984865427,24,NA,NA,NA
"control","SEN_GNQ",-0.103657546417647,0.898936449162749,24,NA,NA,NA
"control","SEN_IRN",0.0227462660574201,0.843937109239283,20,NA,NA,NA
"control","SEN_PYF",0.255829966497648,0.868931026590993,24,NA,NA,NA
"control","SEN_RUS",-0.201652700438389,0.724247926723571,24,NA,NA,NA
"control","SEN_RWA",0.242089852040832,1.15070320502294,23,NA,NA,NA
"control","SEN_SYC",-0.0101628769437277,0.806995721892915,12,NA,NA,NA
"control","SEN_SYR",0.00271904165739956,0.538199688051106,8,NA,NA,NA
"control","SGP_FRO",0.0255534351021193,0.858751902128596,21,NA,NA,NA
"control","SGP_GEO",0.0892648276260124,1.12134813678082,24,NA,NA,NA
"control","SGP_MLI",0.267686943523849,0.92757331941686,23,NA,NA,NA
"control","SGP_RWA",-0.0214151775962761,1.23592421952657,24,NA,NA,NA
"control","SHN_AUS",-0.134467899814583,1.18190585923707,20,NA,NA,NA
"control","SHN_BGD",-0.122209117502161,1.26593926460551,13,NA,NA,NA
"control","SHN_BRA",-0.354716469992942,0.480604148048213,14,NA,NA,NA
"control","SHN_PHL",0.0858986139149451,0.424799844631525,12,NA,NA,NA
"control","SHN_RWA",0.28501440469433,0.587413228475403,12,NA,NA,NA
"control","SHN_TUR",-0.026814101693619,1.02189928268751,16,NA,NA,NA
"control","SLB_PHL",0.263417960883951,1.20723844505412,24,NA,NA,NA
"control","SLB_PYF",-0.31967867777961,1.15850422443568,21,NA,NA,NA
"control","SLB_SDN",0.152752174038466,0.496097211001258,11,NA,NA,NA
"control","SLE_ALB",-0.0775070178484497,1.13115086362181,15,NA,NA,NA
"control","SLE_GRD",0.126943150129104,1.42665898573325,20,NA,NA,NA
"control","SLE_GRL",-0.0686599115783273,0.617785848314631,15,NA,NA,NA
"control","SLE_LCA",-0.133204637908902,0.870785098721771,8,NA,NA,NA
"control","SLE_PHL",-0.367507258664413,1.09904841172348,17,NA,NA,NA
"control","SLE_SDN",-0.138955682982307,0.741326438076471,20,NA,NA,NA
"control","SLE_SVN",0.131585051691957,1.03786380601608,22,NA,NA,NA
"control","SLE_TWN",0.224703448080214,0.620763065264635,24,NA,NA,NA
"control","SLV_AND",0.092181281097587,0.996912606793066,21,NA,NA,NA
"control","SLV_EST",-0.153053598193278,1.56145051844969,16,NA,NA,NA
"control","SLV_FRO",-0.213996940916179,0.672191206438768,11,NA,NA,NA
"control","SLV_GHA",0.693817873752059,1.58696171553299,14,NA,NA,NA
"control","SLV_PAK",-0.292530461702827,0.836594807447806,17,NA,NA,NA
"control","SLV_PRK",0.361378769727786,0.822440053380017,17,NA,NA,NA
"control","SLV_PYF",-0.088570534865864,0.541050072561125,24,NA,NA,NA
"control","SLV_RUS",-0.0172070813621321,1.35234971808381,24,NA,NA,NA
"control","SLV_SYC",-0.0525389656254268,1.42530432277029,14,NA,NA,NA
"control","SLV_VGB",-0.0103157541492936,0.735932521368337,16,NA,NA,NA
"control","SOM_ECU",-0.24178754901741,0.480289802080563,8,NA,NA,NA
"control","SOM_EST",0.887949022820904,1.08183877449628,11,NA,NA,NA
"control","SOM_GHA",0.0888141966340127,0.922827095973199,13,NA,NA,NA
"control","SOM_SLV",0.197456289024474,0.94684180252542,8,NA,NA,NA
"control","SOM_UKR",0.0780725858455946,0.75957456990593,16,NA,NA,NA
"control","STP_BGD",0.146758887310047,1.10968523726487,16,NA,NA,NA
"control","STP_GAB",-0.0328320047522318,1.22658517744843,23,NA,NA,NA
"control","STP_GHA",-0.293924077227483,0.790411981571121,12,NA,NA,NA
"control","STP_ISR",0.503572366249519,0.965607560538919,11,NA,NA,NA
"control","STP_NZL",0.0457898334891926,1.08266645358287,16,NA,NA,NA
"control","STP_PER",-0.293030526437829,1.34464256479334,15,NA,NA,NA
"control","STP_PHL",0.143950832288361,0.548436876679668,12,NA,NA,NA
"control","STP_SLV",-0.296617958095264,0.838031269455721,9,NA,NA,NA
"control","STP_TTO",0.135470357562354,2.48949627723198,10,NA,NA,NA
"control","STP_TZA",0.0736846742493917,0.696098825737744,13,NA,NA,NA
"control","SUR_ALB",0.19822839459705,1.40789645912411,11,NA,NA,NA
"control","SUR_BGR",0.0915199161281073,0.635002938456261,10,NA,NA,NA
"control","SUR_EST",-0.0249501599884158,1.55116610110685,10,NA,NA,NA
"control","SUR_GHA",-0.0170665992015399,0.799975626567187,20,NA,NA,NA
"control","SUR_LBR",0.910334933187652,0.686984183790167,12,NA,NA,NA
"control","SUR_MDG",0.163329468383434,1.10393035975031,16,NA,NA,NA
"control","SUR_PAN",0.15332451698485,0.844690384646809,23,NA,NA,NA
"control","SUR_PHL",0.0567274037081911,1.12232082172449,19,NA,NA,NA
"control","SUR_PRK",0.416628494975921,0.801301209917291,19,NA,NA,NA
"control","SUR_SGP",0.310322479809651,0.829387871471922,18,NA,NA,NA
"control","SUR_TZA",0.212226233177193,0.846687246299229,24,NA,NA,NA
"control","SUR_UKR",-0.0736372845053396,0.719454892527658,19,NA,NA,NA
"control","SVK_COG",0.0485676960219442,1.1508334201874,23,NA,NA,NA
"control","SVK_MDG",0.370619950205332,1.57290970658666,13,NA,NA,NA
"control","SVK_MHL",0.43246428711877,1.80700548685727,10,NA,NA,NA
"control","SVK_SYC",-0.373161559673796,1.15775535728785,13,NA,NA,NA
"control","SVN_FJI",-0.0204787109444568,1.25731955400686,10,NA,NA,NA
"control","SVN_GAB",0.021739177608143,1.48394775725382,24,NA,NA,NA
"control","SVN_KHM",-0.563570023805675,0.924922103011592,22,NA,NA,NA
"control","SVN_MDV",0.100923877619827,1.2122464876295,18,NA,NA,NA
"control","SVN_NPL",0.0451169739999057,0.795949749230943,23,NA,NA,NA
"control","SVN_SOM",0.0971705779157262,1.25029594060385,12,NA,NA,NA
"control","SVN_TGO",-0.259992419947268,1.04067213140763,20,NA,NA,NA
"control","SWZ_HRV",0.180119142568998,0.602690396667216,17,NA,NA,NA
"control","SWZ_TWN",0.279906002360627,0.782758766218232,21,NA,NA,NA
"control","SYC_CIV",0.030229401109431,0.617737773791369,17,NA,NA,NA
"control","SYC_CYP",0.160126875863951,0.807322403965386,14,NA,NA,NA
"control","SYC_DOM",-0.297298148691891,1.30101192365154,11,NA,NA,NA
"control","SYC_EST",-0.381681689600648,0.823755631378987,11,NA,NA,NA
"control","SYC_GAB",-0.293766702181615,1.64528819841219,10,NA,NA,NA
"control","SYC_GHA",-0.343907606099155,0.876589413107419,23,NA,NA,NA
"control","SYC_HRV",0.0168246593045116,1.43541377079624,15,NA,NA,NA
"control","SYC_PHL",0.0420793107487863,1.20142326836916,22,NA,NA,NA
"control","SYC_ROU",-0.231119441233027,0.642296077032162,11,NA,NA,NA
"control","SYC_RUS",0.483343924661295,0.744777724682529,23,NA,NA,NA
"control","SYC_SLV",-0.141503957623237,0.675742819305504,15,NA,NA,NA
"control","SYC_SVN",-0.358766546772051,2.1008632204871,14,NA,NA,NA
"control","SYC_UKR",-0.158397784868188,1.1319462418174,24,NA,NA,NA
"control","SYR_ALB",-0.206496803004721,1.79210588872759,19,NA,NA,NA
"control","SYR_AND",-0.103359268990452,0.485696552353882,13,NA,NA,NA
"control","SYR_AZE",0.105786209428028,1.04946300949356,24,NA,NA,NA
"control","SYR_BEN",-0.0267290960640071,0.925421480074165,19,NA,NA,NA
"control","SYR_GEO",-0.205999439844711,0.758831866406533,24,NA,NA,NA
"control","SYR_GHA",-0.588694157451367,0.638449996940654,24,NA,NA,NA
"control","SYR_GMB",-0.301475359990024,1.11808956251061,17,NA,NA,NA
"control","SYR_LCA",-0.245758212775873,0.479290694351556,14,NA,NA,NA
"control","SYR_NGA",0.289750157001797,1.08761781506638,23,NA,NA,NA
"control","SYR_PYF",-0.200684633807436,1.21372098995117,23,NA,NA,NA
"control","SYR_SEN",-0.00875467563784481,0.813839094982917,23,NA,NA,NA
"control","SYR_UKR",-0.61600422026309,0.916790621572919,24,NA,NA,NA
"control","SYR_ZMB",0.0774556012129837,0.931850403188678,22,NA,NA,NA
"control","TCA_BGR",0.421473855673201,1.91974147705049,11,NA,NA,NA
"control","TCA_LCA",-0.175504269981795,1.02736231889128,20,NA,NA,NA
"control","TCA_MDA",-0.2388428403535,0.468299262222562,13,NA,NA,NA
"control","TCA_PER",0.505311063843706,0.811225724216465,12,NA,NA,NA
"control","TCA_RUS",-0.180826567426594,0.506510982549116,24,NA,NA,NA
"control","TCA_THA",-0.037446588941762,1.58951572923613,24,NA,NA,NA
"control","TCA_TZA",-0.375104587675657,1.24940470179209,14,NA,NA,NA
"control","TCA_UKR",-0.396797313967825,0.909269495514593,19,NA,NA,NA
"control","TCD_BRA",-0.227597019445127,0.708590204525413,19,NA,NA,NA
"control","TCD_GHA",0.00144954993322888,1.41404707995728,18,NA,NA,NA
"control","TCD_MLI",0.104188873277,0.70975366778559,14,NA,NA,NA
"control","TCD_NER",0.460672101942784,1.09588847898469,19,NA,NA,NA
"control","TCD_NGA",0.226532732064181,0.63481260911246,19,NA,NA,NA
"control","TCD_ROU",-0.0604237646926034,2.01560666421991,9,NA,NA,NA
"control","TCD_RWA",0.245986902433391,0.871803229259672,16,NA,NA,NA
"control","TGO_ARG",-0.24207503217505,0.84601460248634,9,NA,NA,NA
"control","TGO_COM",0.355964781784617,1.57162873260064,9,NA,NA,NA
"control","TGO_EST",0.0260778691931035,0.747514657376918,13,NA,NA,NA
"control","TGO_LBN",0.0582405002766965,0.552866148073996,22,NA,NA,NA
"control","TGO_SDN",0.375187334307113,1.24081532569907,16,NA,NA,NA
"control","TJK_GEO",0.164628369128729,0.526257272386208,23,NA,NA,NA
"control","TJK_HND",-0.684477899861378,0.946565715001642,8,NA,NA,NA
"control","TJK_MYS",0.46714891385934,0.802886704273267,15,NA,NA,NA
"control","TJK_SAU",-0.326738353392497,1.78819489446546,15,NA,NA,NA
"control","TJK_ZAF",0.0499738512363805,1.1510868121459,21,NA,NA,NA
"control","TKL_EST",-0.285052190571653,1.44678628865888,19,NA,NA,NA
"control","TKL_GHA",0.482276522315419,1.49390438646337,13,NA,NA,NA
"control","TKL_NGA",-0.272365864034536,2.17218308984362,18,NA,NA,NA
"control","TKL_PYF",-0.0454376315736461,0.467118954392458,13,NA,NA,NA
"control","TKM_ALB",0.0687641556185691,0.726385825693308,11,NA,NA,NA
"control","TKM_FRO",-0.0384794300252179,0.849998609232757,11,NA,NA,NA
"control","TKM_MNG",-0.844808933753439,1.46057622330978,9,NA,NA,NA
"control","TKM_PYF",0.0491492354962135,0.797665877334305,10,NA,NA,NA
"control","TON_SDN",-0.0675809443311865,1.21563684814268,14,NA,NA,NA
"control","TTO_AGO",-0.511392650870626,0.634998780327913,21,NA,NA,NA
"control","TTO_AND",0.224924646870863,1.08790501735976,11,NA,NA,NA
"control","TTO_BFA",-0.178192078364692,0.701061525418722,17,NA,NA,NA
"control","TTO_COG",-0.22068633698532,1.19262295281112,16,NA,NA,NA
"control","TTO_FRO",-0.0557824732275321,1.12049548415872,12,NA,NA,NA
"control","TTO_STP",-0.756582941489661,2.30854197017172,8,NA,NA,NA
"control","TUN_BDI",0.0244297853698829,1.26351758733215,14,NA,NA,NA
"control","TUN_FRO",0.247716966653798,0.931241951714624,17,NA,NA,NA
"control","TUN_GEO",-0.0129189317179465,0.443348008951579,17,NA,NA,NA
"control","TUN_GRD",-0.105770660201189,1.68525299938872,14,NA,NA,NA
"control","TUN_KNA",-0.0290307198968052,0.914479724481802,12,NA,NA,NA
"control","TUN_STP",0.411206009406614,1.43776530203601,16,NA,NA,NA
"control","TUR_ABW",0.395890857255482,0.712189528296872,22,NA,NA,NA
"control","TUR_PYF",0.0792384027209657,0.881748207146757,24,NA,NA,NA
"control","TUR_VUT",-0.110312585696796,0.934370265200412,20,NA,NA,NA
"control","TUV_COM",-0.0734019909871251,1.21483759880962,8,NA,NA,NA
"control","TUV_GBR",-0.379969188500488,0.718661407774303,15,NA,NA,NA
"control","TUV_POL",-0.438317720752379,0.855600952365966,18,NA,NA,NA
"control","TUV_UKR",0.163553276548698,0.376592976369598,9,NA,NA,NA
"control","TWN_ALB",-0.0525325653195884,1.37661059996528,24,NA,NA,NA
"control","TWN_BGR",-0.193997366396654,1.62369627271609,24,NA,NA,NA
"control","TWN_CPV",-0.161938974769731,0.836692032433875,24,NA,NA,NA
"control","TWN_KGZ",-0.0315127001305097,0.691046470697874,24,NA,NA,NA
"control","TWN_MNG",-0.133110522890377,1.29420085044546,24,NA,NA,NA
"control","TWN_RWA",-0.120526287173648,0.478531724546651,24,NA,NA,NA
"control","TWN_VNM",0.416400513749037,1.5752439632953,24,NA,NA,NA
"control","TWN_YEM",-0.117710256278509,0.441695862283047,24,NA,NA,NA
"control","TZA_CIV",0.0673491320652517,1.0988431583025,24,NA,NA,NA
"control","TZA_GMB",-0.0138641701496839,1.11821735689155,24,NA,NA,NA
"control","TZA_LCA",0.053277312850352,1.46713569052034,9,NA,NA,NA
"control","TZA_MLT",0.0723829133521588,0.607617853992479,22,NA,NA,NA
"control","TZA_PAN",-0.0427523330424712,1.31461501876265,15,NA,NA,NA
"control","TZA_UKR",-0.0144580348373919,0.922555882240719,24,NA,NA,NA
"control","UGA_AND",0.269757922788898,1.66023517850753,14,NA,NA,NA
"control","UGA_BGD",0.220901928967341,1.20147347729423,23,NA,NA,NA
"control","UGA_BHR",-0.245550510274973,0.957200783664284,15,NA,NA,NA
"control","UGA_BWA",0.155136480412743,0.956523177599063,21,NA,NA,NA
"control","UGA_CIV",0.000277556910393183,1.03300001397243,22,NA,NA,NA
"control","UGA_GHA",-0.00366770606302478,0.663496740932574,24,NA,NA,NA
"control","UGA_GRD",0.41549894449727,2.45439844804017,15,NA,NA,NA
"control","UGA_LVA",0.00603848037094204,0.928594973827764,16,NA,NA,NA
"control","UGA_MMR",0.66874778285471,0.512604519172727,10,NA,NA,NA
"control","UGA_NER",-0.0433563435126347,0.529562124823439,22,NA,NA,NA
"control","UGA_PHL",-0.0778798898477245,2.03322137572569,18,NA,NA,NA
"control","UGA_RUS",-0.0826701606060349,1.54821291586275,23,NA,NA,NA
"control","UGA_TCD",-0.294512449076006,0.585289400300837,14,NA,NA,NA
"control","UGA_VEN",-0.310086968785764,1.35354157223463,13,NA,NA,NA
"control","UKR_AFG",0.0340289686635839,0.808972616359214,24,NA,NA,NA
"control","UKR_AGO",-0.335126550372014,1.09013025622254,24,NA,NA,NA
"control","UKR_AIA",-0.115179414817374,1.11394561103674,18,NA,NA,NA
"control","UKR_ALB",0.358558460094538,1.43137570164641,24,NA,NA,NA
"control","UKR_BGD",0.0604897046161233,0.715003472510243,24,NA,NA,NA
"control","UKR_BHR",0.242709666283634,0.585741570942469,22,NA,NA,NA
"control","UKR_BHS",0.119347358936925,0.916645808067778,24,NA,NA,NA
"control","UKR_BIH",-0.0795432306902873,0.767275620444747,24,NA,NA,NA
"control","UKR_BLZ",-0.243603740694939,0.987730453124757,24,NA,NA,NA
"control","UKR_BOL",0.193292891348869,1.49499320280085,23,NA,NA,NA
"control","UKR_CAF",0.23517779752281,1.4354053843425,19,NA,NA,NA
"control","UKR_CIV",-0.0268633720583411,1.14205632378337,23,NA,NA,NA
"control","UKR_COD",-0.187871171167703,1.87195833187414,22,NA,NA,NA
"control","UKR_COK",-0.085670904148098,1.7055597872798,14,NA,NA,NA
"control","UKR_CUB",0.0735157568219073,0.829860770696735,24,NA,NA,NA
"control","UKR_CYM",-0.212195399212888,0.950536270205299,19,NA,NA,NA
"control","UKR_DJI",-0.295877594261465,0.551558446464179,22,NA,NA,NA
"control","UKR_ECU",-0.237872290076762,0.849910644221942,24,NA,NA,NA
"control","UKR_ERI",-0.194990465864502,1.44522299988611,15,NA,NA,NA
"control","UKR_FRO",0.251260722662641,1.03072379091613,16,NA,NA,NA
"control","UKR_GAB",-0.236072139438365,1.31228788464578,23,NA,NA,NA
"control","UKR_GHA",0.246909385051558,0.966777787760395,24,NA,NA,NA
"control","UKR_GIB",0.0300225891052541,0.939865450797541,24,NA,NA,NA
"control","UKR_GTM",0.0550338596932045,0.835285439175209,24,NA,NA,NA
"control","UKR_GUY",0.340842588162577,1.27316395421198,24,NA,NA,NA
"control","UKR_HND",0.32400794683542,1.12058265151803,23,NA,NA,NA
"control","UKR_IDN",0.0259597192403197,0.761975127898356,24,NA,NA,NA
"control","UKR_IRN",-0.164005404938026,0.959981370645612,24,NA,NA,NA
"control","UKR_KEN",-0.052226670850961,0.994858325478264,24,NA,NA,NA
"control","UKR_KHM",-0.102098883093775,0.938063972812578,23,NA,NA,NA
"control","UKR_LBN",0.0187895529960091,0.76514185588004,24,NA,NA,NA
"control","UKR_LBR",0.125472464091809,1.34098387045846,24,NA,NA,NA
"control","UKR_LBY",0.169854561408842,1.09154849370401,24,NA,NA,NA
"control","UKR_MLI",-0.324059660317433,1.36853771854333,23,NA,NA,NA
"control","UKR_MMR",0.280906033618902,0.926975394489701,24,NA,NA,NA
"control","UKR_MNG",-0.155386458622035,0.766884204714955,24,NA,NA,NA
"control","UKR_MOZ",-0.216545682597176,0.705128704095044,23,NA,NA,NA
"control","UKR_MRT",-0.189579544011997,0.66970992253401,24,NA,NA,NA
"control","UKR_NGA",0.059335141863587,0.983215512113919,24,NA,NA,NA
"control","UKR_NIC",0.197308039926314,1.11855786766807,24,NA,NA,NA
"control","UKR_NPL",0.00721211054894414,0.628717176136015,24,NA,NA,NA
"control","UKR_PAN",0.230163185579558,1.63631640889707,24,NA,NA,NA
"control","UKR_PHL",-0.299309524743867,0.888910088504776,24,NA,NA,NA
"control","UKR_PNG",0.176800334384688,0.469493166090163,15,NA,NA,NA
"control","UKR_PRK",0.140664333330061,0.985678316597108,23,NA,NA,NA
"control","UKR_PYF",0.383357067427627,0.642742154833182,23,NA,NA,NA
"control","UKR_RWA",0.199099677793498,1.06818678992777,24,NA,NA,NA
"control","UKR_SEN",0.190933697872444,0.660581466920545,24,NA,NA,NA
"control","UKR_SLE",0.207393949538631,0.722032817255343,23,NA,NA,NA
"control","UKR_SYC",0.209937528627958,0.859728002618501,24,NA,NA,NA
"control","UKR_SYR",0.184193103640656,0.75064415212781,24,NA,NA,NA
"control","UKR_TCA",-0.379599231092449,0.679551248740234,10,NA,NA,NA
"control","UKR_VCT",0.107251042110333,0.825452486471794,24,NA,NA,NA
"control","UKR_VGB",0.133615520133625,0.929345351318804,24,NA,NA,NA
"control","UKR_VNM",0.0270039926413369,0.87943806276921,24,NA,NA,NA
"control","UKR_YEM",-0.141708945338232,0.903364365117913,24,NA,NA,NA
"control","URY_FRO",-0.357040723198643,1.33313472644406,17,NA,NA,NA
"control","URY_GHA",0.132276822995659,0.880457774715258,24,NA,NA,NA
"control","URY_GIN",-0.181022272974827,1.18273184379808,20,NA,NA,NA
"control","URY_GRD",0.0987408128892358,1.2434071090489,23,NA,NA,NA
"control","URY_KNA",-0.5246633010564,0.697756941363775,14,NA,NA,NA
"control","URY_MDA",0.229035746799978,0.733053066281689,21,NA,NA,NA
"control","URY_PYF",-0.276870105189598,1.16534722365803,21,NA,NA,NA
"control","URY_SYR",0.348595082543937,1.01929551363471,21,NA,NA,NA
"control","URY_YEM",0.205144814598873,0.81067552472509,21,NA,NA,NA
"control","UZB_DZA",-0.34565515281414,0.864462441829075,15,NA,NA,NA
"control","UZB_GEO",-0.0451304178136315,1.12368819064081,24,NA,NA,NA
"control","UZB_JOR",-0.0740211281323298,0.857266571493359,22,NA,NA,NA
"control","UZB_MNG",0.0605457555291674,1.76111051563233,17,NA,NA,NA
"control","UZB_OMN",-0.0741609357132568,0.375056567066332,10,NA,NA,NA
"control","VCT_CYM",0.135211633651076,0.198359003889088,10,NA,NA,NA
"control","VCT_GHA",-0.165223429045602,0.806985760154639,11,NA,NA,NA
"control","VCT_IRL",0.012497567879132,1.26360139005407,8,NA,NA,NA
"control","VCT_ISR",0.454449120236407,0.53544818685357,8,NA,NA,NA
"control","VCT_LTU",0.219046819797637,0.689920930126568,8,NA,NA,NA
"control","VCT_TZA",0.0412131577690551,0.72478721941173,10,NA,NA,NA
"control","VEN_ABW",-0.0562335834950417,1.42846723741368,23,NA,NA,NA
"control","VEN_AGO",-0.138944351531444,0.806560849111374,20,NA,NA,NA
"control","VEN_ALB",-0.082116779910903,0.534700638342045,14,NA,NA,NA
"control","VEN_COG",-0.12861681435829,0.438101869059473,18,NA,NA,NA
"control","VEN_GEO",-0.282789980491599,0.750282386605745,10,NA,NA,NA
"control","VEN_LVA",-0.0159113336360358,0.7035915122973,15,NA,NA,NA
"control","VEN_PYF",-0.111375168307659,0.643120105806496,24,NA,NA,NA
"control","VEN_STP",0.0740925178146526,1.20769742498893,14,NA,NA,NA
"control","VEN_UKR",-0.398555467692599,0.978771147576459,23,NA,NA,NA
"control","VGB_GEO",-0.31515492722398,1.13299189233133,24,NA,NA,NA
"control","VGB_PER",-0.344955208943272,0.876371397344612,16,NA,NA,NA
"control","VGB_PRY",-0.399455400581803,1.1195771784247,12,NA,NA,NA
"control","VGB_RUS",0.0502946215763839,1.3095710428713,24,NA,NA,NA
"control","VGB_TUR",0.0583102558105159,1.00235235530585,24,NA,NA,NA
"control","VGB_UKR",-0.125957671003091,1.01941586012426,24,NA,NA,NA
"control","VGB_URY",-0.0378991961042406,0.777904176220169,22,NA,NA,NA
"control","VNM_AZE",0.14868033939903,0.829995079556771,22,NA,NA,NA
"control","VNM_COM",-0.134762729554481,0.862204724255126,21,NA,NA,NA
"control","VNM_FRO",0.081632182074341,1.03237010809461,14,NA,NA,NA
"control","VNM_MLI",0.279896867032712,1.12268404851406,23,NA,NA,NA
"control","VNM_MNG",-0.210651960744978,1.2149959261748,22,NA,NA,NA
"control","VNM_NER",-0.127975690681892,0.822505806900695,24,NA,NA,NA
"control","VNM_PYF",0.0318411479236565,0.708344393944046,24,NA,NA,NA
"control","VNM_RUS",-0.0150755276673494,2.00622710240881,19,NA,NA,NA
"control","VNM_SLV",0.305875714351694,0.955600247984407,23,NA,NA,NA
"control","VNM_SYC",-0.10996998951739,0.747358040563801,23,NA,NA,NA
"control","VNM_TWN",0.212938284532741,1.02707302109891,24,NA,NA,NA
"control","VNM_UKR",-0.0956331669643083,0.473662711433914,24,NA,NA,NA
"control","VUT_CRI",0.39554850588586,0.746642134807395,13,NA,NA,NA
"control","VUT_PYF",0.137237034331905,1.06035019822842,23,NA,NA,NA
"control","WLF_NGA",-0.480022850592702,0.630869269595712,11,NA,NA,NA
"control","WSM_DZA",-0.384951562281606,0.773366930372252,14,NA,NA,NA
"control","WSM_RUS",-0.276567876071787,0.678766196812979,15,NA,NA,NA
"control","YEM_BGR",-0.0732226358682998,0.671219723683359,15,NA,NA,NA
"control","YEM_GHA",-0.337113570702684,1.19057491202699,24,NA,NA,NA
"control","YEM_MLT",-0.057925275813098,0.800780610394226,9,NA,NA,NA
"control","YEM_NGA",0.409404505260386,0.920448794021726,20,NA,NA,NA
"control","YEM_RUS",-0.113561222049332,0.428504717953862,23,NA,NA,NA
"control","ZAF_ALB",-0.0602440622468006,0.879041456044941,22,NA,NA,NA
"control","ZAF_ATG",-0.075335741786289,1.27568992701721,21,NA,NA,NA
"control","ZAF_BGD",-0.0082957426520984,0.829821460472867,24,NA,NA,NA
"control","ZAF_BRN",0.231339908105112,0.933094893377289,22,NA,NA,NA
"control","ZAF_DMA",0.031052523469993,1.08944799282218,23,NA,NA,NA
"control","ZAF_FRO",0.0037606459654025,0.948598053704496,22,NA,NA,NA
"control","ZAF_NIC",0.0573995910384814,1.02845604133944,23,NA,NA,NA
"control","ZAF_SYR",0.282574161985611,0.897891114668026,24,NA,NA,NA
"control","ZMB_BGR",0.207864788771305,1.48237671359911,24,NA,NA,NA
"control","ZMB_BOL",-0.0684890632876837,1.18293373674653,9,NA,NA,NA
"control","ZMB_CIV",0.139719836875085,0.649360113957349,17,NA,NA,NA
"control","ZMB_GHA",-0.125067459384185,1.0654446714633,24,NA,NA,NA
"control","ZMB_GMB",-0.0947077454182734,0.869057749631955,16,NA,NA,NA
"control","ZMB_LBN",0.184007509549577,0.466578319105537,22,NA,NA,NA
"control","ZMB_ROU",-0.106085420489503,1.29291884602924,23,NA,NA,NA
"control","ZMB_UKR",-0.177907685817521,0.809373692985399,21,NA,NA,NA
"control","ZWE_CRI",0.196365739373492,1.4407416440468,16,NA,NA,NA
"control","ZWE_PRY",0.301461047963566,1.26446992853035,17,NA,NA,NA
"control","ABW_BHS",-0.0178947245232191,0.719510983838798,20,NA,NA,NA
"control","ABW_GUY",0.132168450835844,1.21765712503947,23,NA,NA,NA
"control","ABW_HKG",-0.070814854485562,1.0450614432071,22,NA,NA,NA
"control","ABW_IDN",0.0045959725538814,0.635121325040893,11,NA,NA,NA
"control","ABW_LBN",0.0609652606356819,1.6915861716994,22,NA,NA,NA
"control","ABW_NZL",-0.0877795356661665,0.578708545385054,15,NA,NA,NA
"control","ABW_UGA",-0.580604204248162,0.787002008685626,9,NA,NA,NA
"control","AFG_FRO",-0.448415378963061,0.821408641720659,12,NA,NA,NA
"control","AFG_HKG",-0.414077637295021,0.939906315849219,17,NA,NA,NA
"control","AFG_LBN",0.29754819193382,0.651695359548041,23,NA,NA,NA
"control","AFG_MKD",-0.316263774037755,0.906817055449152,21,NA,NA,NA
"control","AFG_NGA",0.158370376228589,1.34161104328825,19,NA,NA,NA
"control","AFG_TWN",0.0773452795463199,1.04308258129583,22,NA,NA,NA
"control","AFG_VCT",0.0694507609456481,1.09967820407533,9,NA,NA,NA
"control","AGO_ARG",-0.285162727387041,0.707662252638876,18,NA,NA,NA
"control","AGO_HKG",0.0172328317359469,1.02500729345194,23,NA,NA,NA
"control","AGO_HND",0.742786114566149,0.938447557726275,14,NA,NA,NA
"control","AGO_LBN",0.342159560093685,1.2214488481248,16,NA,NA,NA
"control","AGO_TWN",-0.205266440733368,0.685653170374941,23,NA,NA,NA
"control","AGO_URY",-0.14255528289615,1.53186282768369,13,NA,NA,NA
"control","AIA_ARM",0.0691057081402628,0.944886812376534,14,NA,NA,NA
"control","AIA_IDN",0.385939689356319,1.07620049676058,23,NA,NA,NA
"control","AIA_ISR",0.00961627669720519,0.445456487114678,14,NA,NA,NA
"control","AIA_LBN",-0.13005603393419,0.939022548429129,14,NA,NA,NA
"control","AIA_LCA",0.191762506426535,1.60104287763044,20,NA,NA,NA
"control","AIA_TUR",-0.0483013381893348,1.15854724238792,8,NA,NA,NA
"control","ALB_BRN",-0.24483226735286,1.57595925478158,10,NA,NA,NA
"control","ALB_CIV",0.14657270151928,1.09440762892388,23,NA,NA,NA
"control","ALB_GAB",-0.347530578790247,1.29165305695526,10,NA,NA,NA
"control","ALB_ISR",0.204947831710346,0.928186625470753,22,NA,NA,NA
"control","ALB_KNA",0.0505306539343807,0.934795525387398,19,NA,NA,NA
"control","ALB_LBN",-0.156865945425675,0.794232003883939,23,NA,NA,NA
"control","ALB_PHL",-0.0655146511702337,0.635122579620752,14,NA,NA,NA
"control","ALB_PRY",-0.0808493029555304,0.847223241413844,13,NA,NA,NA
"control","ALB_PYF",-0.244504383141419,1.18162250773853,23,NA,NA,NA
"control","AND_AUS",-0.0619625860245295,1.24854299623761,16,NA,NA,NA
"control","AND_BGR",0.144585630620727,2.55502871132208,9,NA,NA,NA
"control","AND_CMR",0.0589419236856272,1.75112852348179,18,NA,NA,NA
"control","AND_GAB",0.25883607543271,1.17606998431757,12,NA,NA,NA
"control","AND_GHA",-0.383609751404944,1.71196986080738,14,NA,NA,NA
"control","AND_IND",0.088781210968172,0.948826956336115,23,NA,NA,NA
"control","AND_LBN",0.122381756496936,1.13952526670903,23,NA,NA,NA
"control","AND_LCA",-0.453612517082085,1.49275308225326,10,NA,NA,NA
"control","AND_MAR",-0.311511072413115,0.924717886041618,22,NA,NA,NA
"control","AND_PER",-0.046561143022427,1.08628614986438,23,NA,NA,NA
"control","AND_PHL",0.218295707424867,0.8797649598353,14,NA,NA,NA
"control","AND_RUS",-0.14976948236271,1.13334312094449,23,NA,NA,NA
"control","AND_ZMB",0.0253819943960403,0.904109513689434,22,NA,NA,NA
"control","ANT_BHS",-0.0362915346560304,0.463729367390332,14,NA,NA,NA
"control","ANT_BRB",-0.225755996554773,0.978009669449414,14,NA,NA,NA
"control","ANT_HKG",-0.474994306658214,0.649165126924391,10,NA,NA,NA
"control","ANT_PYF",0.638849809763613,0.901407393259429,9,NA,NA,NA
"control","ANT_SDN",0.0439337610240947,2.65362307687258,12,NA,NA,NA
"control","ARE_AND",0.23677093685477,0.956308194128786,23,NA,NA,NA
"control","ARE_ARM",0.232088297110062,0.817508373776267,22,NA,NA,NA
"control","ARE_BRB",0.476952977705192,1.14073917263124,23,NA,NA,NA
"control","ARE_GUY",0.209166374802191,1.12413974876506,23,NA,NA,NA
"control","ARE_HKG",0.135227564855242,0.799784584225608,23,NA,NA,NA
"control","ARE_NIC",-0.519879194711958,1.05134198556638,23,NA,NA,NA
"control","ARG_ETH",-0.433632626977097,0.87176102127704,23,NA,NA,NA
"control","ARG_HKG",0.0519760096749949,0.902269174246236,23,NA,NA,NA
"control","ARM_ARE",-0.426936669907866,0.806450622194455,22,NA,NA,NA
"control","ARM_BLR",0.619871563525832,1.40379149523083,14,NA,NA,NA
"control","ARM_IDN",0.0975335266815109,0.769276842140993,21,NA,NA,NA
"control","ARM_IRN",-0.219522581503646,0.874050744423571,21,NA,NA,NA
"control","ARM_ISR",-0.233768921454945,0.613441402206682,23,NA,NA,NA
"control","ARM_LBN",0.263747280898474,0.822146879516546,23,NA,NA,NA
"control","ARM_SLV",0.592897564471228,1.74162831181435,13,NA,NA,NA
"control","ARM_SVN",-0.177351331969322,0.811143708925586,18,NA,NA,NA
"control","ARM_SYR",-0.160825379032852,0.850742380507773,22,NA,NA,NA
"control","ARM_TJK",-0.120938199140783,0.825527595567054,13,NA,NA,NA
"control","ARM_UZB",-0.400540639072086,1.67152076953399,22,NA,NA,NA
"control","ATG_BOL",-0.0505303923427299,1.02951994494133,13,NA,NA,NA
"control","ATG_CPV",0.13364737716533,0.595805396985392,9,NA,NA,NA
"control","ATG_ETH",-0.427388558920895,0.631893755056677,20,NA,NA,NA
"control","ATG_IDN",0.0653934100765916,0.866305389704375,23,NA,NA,NA
"control","ATG_LBN",0.258617334820443,1.42569655441715,20,NA,NA,NA
"control","ATG_PYF",0.432403076148394,0.778597971018193,17,NA,NA,NA
"control","ATG_TWN",-0.0264297090366345,0.560577263235892,23,NA,NA,NA
"control","ATG_ZMB",0.138446005991081,0.925292104834234,17,NA,NA,NA
"control","AUS_HKG",-0.477841967234266,0.89449351554869,23,NA,NA,NA
"control","AUT_HKG",0.0499981837287611,1.31596324020539,23,NA,NA,NA
"control","AZE_CUB",-0.0219690376844899,0.560782851601171,18,NA,NA,NA
"control","AZE_HKG",-0.217356383125462,1.1797772947294,23,NA,NA,NA
"control","AZE_IDN",-0.196232234037348,0.635711509455598,22,NA,NA,NA
"control","AZE_PAN",-0.10764813200798,0.740068878317853,10,NA,NA,NA
"control","AZE_SYR",0.138968573940701,0.932632182171157,14,NA,NA,NA
"control","AZE_ZMB",0.111184714500376,0.63052406739716,23,NA,NA,NA
"control","BDI_BRA",0.284211033018342,1.22765206666324,13,NA,NA,NA
"control","BDI_CMR",-0.206675345331154,0.943685780267347,17,NA,NA,NA
"control","BDI_IDN",-0.112273540863251,0.93860372946441,18,NA,NA,NA
"control","BDI_LBN",0.426316736842786,0.660418124458639,21,NA,NA,NA
"control","BDI_MLI",-0.0818216338816249,1.1656809765927,15,NA,NA,NA
"control","BDI_NER",0.338918553194376,1.0621061731521,15,NA,NA,NA
"control","BDI_NGA",-0.130756982456659,1.08972101648959,19,NA,NA,NA
"control","BEN_HKG",-0.457494844496782,1.44370602902237,23,NA,NA,NA
"control","BEN_RWA",-0.0649532302184998,0.865074077144178,19,NA,NA,NA
"control","BEN_ZMB",0.236952904992342,0.858740976488132,15,NA,NA,NA
"control","BFA_AGO",0.403309054818616,1.12655291435837,13,NA,NA,NA
"control","BFA_ARE",-0.235179071918609,0.714390774227758,19,NA,NA,NA
"control","BFA_AUS",0.083335196741048,1.42042306260755,22,NA,NA,NA
"control","BFA_BGD",-0.229825070674433,0.689220553216455,14,NA,NA,NA
"control","BFA_CRI",0.163296173477076,1.28811734659879,16,NA,NA,NA
"control","BFA_ISR",0.19332978948486,0.757090715649284,22,NA,NA,NA
"control","BFA_MKD",-0.0211889828809213,1.01123934955459,9,NA,NA,NA
"control","BFA_PHL",-0.401438476431491,0.677908027550796,15,NA,NA,NA
"control","BFA_ROU",0.414941346538039,1.90353258992934,15,NA,NA,NA
"control","BGD_AIA",-0.365632069946054,1.06691763527414,9,NA,NA,NA
"control","BGD_BLR",-0.16831748384702,0.875222729136561,23,NA,NA,NA
"control","BGD_CPV",0.13018712126108,0.731163038759939,16,NA,NA,NA
"control","BGD_HKG",-0.273926951667786,1.11641390451912,23,NA,NA,NA
"control","BGD_SYC",0.120842286797427,1.7824060580463,16,NA,NA,NA
"control","BGR_COM",-0.0120858896653579,0.627111784699548,22,NA,NA,NA
"control","BGR_DJI",-0.181208445535213,1.05030739057904,20,NA,NA,NA
"control","BGR_GIB",0.246400211948912,0.690257963827182,23,NA,NA,NA
"control","BGR_HKG",0.195233382461793,1.14541846386448,23,NA,NA,NA
"control","BGR_HTI",-0.0564116347557897,1.00822737850128,23,NA,NA,NA
"control","BGR_MHL",-0.140047634519796,0.745135741048866,23,NA,NA,NA
"control","BGR_NER",-0.148161938281415,1.29316016744259,23,NA,NA,NA
"control","BGR_RWA",-0.222702192211648,1.10231884553422,22,NA,NA,NA
"control","BHR_BRB",0.0618925718929261,1.58617416464958,16,NA,NA,NA
"control","BHR_CMR",-0.0283791904050511,1.40971737434376,22,NA,NA,NA
"control","BHR_ETH",0.205403181562334,0.837471625572483,23,NA,NA,NA
"control","BHR_FRO",-0.00564347731062614,1.1240081671387,12,NA,NA,NA
"control","BHR_GEO",0.0797542702703155,0.630745554313744,14,NA,NA,NA
"control","BHR_GRD",0.0486236389876842,0.295520376956512,10,NA,NA,NA
"control","BHR_HKG",0.203519866319425,0.892713611144743,23,NA,NA,NA
"control","BHR_IRN",-0.010582310223385,1.25473976051673,23,NA,NA,NA
"control","BHR_MLI",-0.247600702030264,1.10788272240289,15,NA,NA,NA
"control","BHR_POL",0.412655492608478,0.865092099852804,21,NA,NA,NA
"control","BHR_VCT",-0.398517809430174,2.05045829405032,11,NA,NA,NA
"control","BHR_ZMB",-0.193476007810116,0.858590528068725,22,NA,NA,NA
"control","BHS_ABW",0.432033347256844,0.697039589005634,21,NA,NA,NA
"control","BHS_AND",-0.112066525579362,1.00914476888978,20,NA,NA,NA
"control","BHS_ANT",-0.0427083336185861,0.282667207275027,14,NA,NA,NA
"control","BHS_ARM",-0.203749473192977,0.811958710898493,18,NA,NA,NA
"control","BHS_CYM",-0.0809257486568456,0.975320152681023,22,NA,NA,NA
"control","BHS_DOM",-0.314645422593457,0.723455874506926,23,NA,NA,NA
"control","BHS_ETH",-0.120590104934008,0.561941951400102,14,NA,NA,NA
"control","BHS_GEO",-0.217401640440379,1.05750617165384,13,NA,NA,NA
"control","BHS_HKG",0.071533311413141,0.855448323769927,23,NA,NA,NA
"control","BHS_LBN",-0.0656250948179468,1.41566943768126,23,NA,NA,NA
"control","BHS_PRY",-0.03936501157998,1.16554090478124,18,NA,NA,NA
"control","BHS_TCA",0.0714690580719099,0.981516167935108,22,NA,NA,NA
"control","BHS_VGB",0.0280403603123077,1.00802958387843,21,NA,NA,NA
"control","BIH_AND",-0.277431460966196,0.970961588485848,22,NA,NA,NA
"control","BIH_IDN",0.0280180991062299,1.19781087372263,23,NA,NA,NA
"control","BIH_IRN",0.199050519853749,0.887938800059726,23,NA,NA,NA
"control","BIH_KOR",-0.345844737733792,0.464420179118421,23,NA,NA,NA
"control","BIH_LBN",-0.0888610814361792,0.777584252859294,23,NA,NA,NA
"control","BIH_LTU",-0.305425864936712,0.658247255081416,9,NA,NA,NA
"control","BIH_PYF",0.0105545964557366,1.03655059124465,20,NA,NA,NA
"control","BIH_SLV",0.0895893336809975,1.06766824040708,19,NA,NA,NA
"control","BIH_TUN",-0.219496331496523,0.757525399549698,23,NA,NA,NA
"control","BIH_TWN",0.0706705372783357,0.662418901127926,23,NA,NA,NA
"control","BIH_TZA",-0.320185464295862,0.923508832139919,14,NA,NA,NA
"control","BLR_ARM",0.192558141060668,0.516514866181306,14,NA,NA,NA
"control","BLR_BRB",-0.166527065999628,0.575644893362053,15,NA,NA,NA
"control","BLR_ECU",-0.15699875921048,1.46449005494914,22,NA,NA,NA
"control","BLR_ETH",-0.0255044240768862,1.03627400482229,23,NA,NA,NA
"control","BLR_HKG",-0.146698505158196,1.52852335583101,23,NA,NA,NA
"control","BLR_IDN",-0.175504035407703,0.715287504641765,23,NA,NA,NA
"control","BLR_IRN",-0.0796395218414359,0.748441459575746,21,NA,NA,NA
"control","BLR_LBN",0.184752465579891,0.929004485414516,23,NA,NA,NA
"control","BLR_MNG",-0.441672201478873,1.88152702896605,23,NA,NA,NA
"control","BLR_TTO",-0.0595498684804637,0.612057126159897,16,NA,NA,NA
"control","BLR_TZA",0.142051822760349,0.803271328561047,22,NA,NA,NA
"control","BLZ_BGD",-0.0935948302252957,0.991584972952311,16,NA,NA,NA
"control","BLZ_HKG",-0.0575137990157848,1.24581790546079,23,NA,NA,NA
"control","BLZ_IDN",0.0947086902751538,1.3844583581663,23,NA,NA,NA
"control","BLZ_KWT",-0.0879398544189411,1.25552690865483,14,NA,NA,NA
"control","BLZ_LBN",-0.48841973282826,0.756036708752652,19,NA,NA,NA
"control","BLZ_PAK",0.140402730352435,0.655915189855934,18,NA,NA,NA
"control","BLZ_TCA",-0.0241421928254646,1.31290986734963,9,NA,NA,NA
"control","BLZ_ZMB",0.0728268722599665,1.65186104072291,20,NA,NA,NA
"control","BMU_BHS",0.231349883233613,1.16387723564779,22,NA,NA,NA
"control","BMU_BRB",-0.299896901819041,0.9550984664814,23,NA,NA,NA
"control","BMU_ETH",-0.415241436761016,1.04910595086408,9,NA,NA,NA
"control","BMU_IDN",-0.0848063287566568,1.08592156594939,20,NA,NA,NA
"control","BMU_ISR",0.166226596641,1.1631040288143,18,NA,NA,NA
"control","BMU_LBN",0.164331840338907,0.498988552563275,11,NA,NA,NA
"control","BMU_PHL",0.0330667101770861,1.3745716219424,19,NA,NA,NA
"control","BOL_ETH",0.1996153899198,0.909595332280525,18,NA,NA,NA
"control","BOL_HKG",-0.0750074135310518,0.74877963906389,23,NA,NA,NA
"control","BRA_HKG",-0.180686382482099,1.39736431174347,23,NA,NA,NA
"control","BRA_WSM",-0.336102793827781,1.03103782284625,22,NA,NA,NA
"control","BRB_ABW",-0.244502697277527,1.12884744777866,23,NA,NA,NA
"control","BRB_AIA",-0.0851943032571228,1.14524418117738,23,NA,NA,NA
"control","BRB_ANT",-0.464219905187707,0.624989396456557,14,NA,NA,NA
"control","BRB_BGR",0.0287042572835551,1.07929631060158,10,NA,NA,NA
"control","BRB_CYM",-0.0150345985972261,0.831146719142379,23,NA,NA,NA
"control","BRB_GAB",-0.0614373524297142,0.92752765205336,17,NA,NA,NA
"control","BRB_HKG",-0.223789717578164,0.722674263589299,23,NA,NA,NA
"control","BRB_KGZ",-0.434610978265132,0.809638422247048,12,NA,NA,NA
"control","BRB_LBN",-0.44697295051726,0.758881466559908,21,NA,NA,NA
"control","BRB_MNG",0.134601563112636,1.57927221125245,11,NA,NA,NA
"control","BRB_SHN",0.213457927388895,1.6820411116565,12,NA,NA,NA
"control","BRB_SLE",-0.0623752581569962,0.875767659685468,18,NA,NA,NA
"control","BRB_SLV",-0.142860478891083,0.639768908658544,23,NA,NA,NA
"control","BRB_TCA",0.493907976682645,1.27792169719966,23,NA,NA,NA
"control","BRB_TON",-0.173242923745135,0.725721287917597,12,NA,NA,NA
"control","BRB_TUR",-0.168472733016837,0.793005651531404,23,NA,NA,NA
"control","BRB_TWN",-0.0509785851794197,1.51301763132012,23,NA,NA,NA
"control","BRB_UKR",-0.17868174737414,1.52189846580679,21,NA,NA,NA
"control","BRB_VGB",0.198070680817492,0.679748331249541,23,NA,NA,NA
"control","BRB_ZMB",0.038964005135359,0.667556413780675,13,NA,NA,NA
"control","BRN_EGY",0.0901494481593691,0.873789694420991,23,NA,NA,NA
"control","BRN_HKG",0.112948820764689,0.411017555497273,23,NA,NA,NA
"control","BRN_HRV",-0.373054702707961,1.0550312448888,15,NA,NA,NA
"control","BRN_LBN",0.053988560916903,1.0356758048759,22,NA,NA,NA
"control","BRN_QAT",-0.122345591270066,1.14598300496682,20,NA,NA,NA
"control","BTN_CZE",-0.314321041544662,1.27003255145756,18,NA,NA,NA
"control","BTN_EGY",-0.03510669305656,0.810541867855053,11,NA,NA,NA
"control","BTN_ETH",-0.110266966357261,0.331721119695841,10,NA,NA,NA
"control","BTN_HKG",0.607586619948846,1.29672081944134,18,NA,NA,NA
"control","BTN_LBN",-0.374640839817223,0.616633383868026,13,NA,NA,NA
"control","BTN_SDN",-0.269898876835223,1.12296094748138,9,NA,NA,NA
"control","BTN_SVK",0.149685617657943,1.6757943957737,13,NA,NA,NA
"control","BTN_TUR",-0.00722123888652569,1.20274380802623,14,NA,NA,NA
"control","BTN_ZMB",0.0937101817409748,0.943355115797208,14,NA,NA,NA
"control","BWA_CHL",0.0893805371213561,1.01851375500877,13,NA,NA,NA
"control","BWA_KWT",0.0392767860363448,0.906184651672199,16,NA,NA,NA
"control","BWA_SVN",0.0444185306595924,1.43139617457692,14,NA,NA,NA
"control","CAF_ARG",-0.4787188542571,0.298652021987325,8,NA,NA,NA
"control","CAF_CHL",0.101518882256928,0.934756858140736,11,NA,NA,NA
"control","CAF_EST",0.0340071327828072,0.768344560250245,14,NA,NA,NA
"control","CAF_LBN",-0.39752323047602,0.943351183565242,23,NA,NA,NA
"control","CAN_FLK",0.256358269502255,1.16483361901453,22,NA,NA,NA
"control","CAN_HKG",-0.070657427226944,0.601097108789406,23,NA,NA,NA
"control","CCK_AUT",-0.0711629052958896,1.85871178562554,17,NA,NA,NA
"control","CCK_BRB",-0.0588803453913976,0.547668924789977,20,NA,NA,NA
"control","CCK_ECU",-0.243851033961753,0.75070336156481,18,NA,NA,NA
"control","CCK_IDN",-0.407014817002197,0.987045139189583,23,NA,NA,NA
"control","CCK_TZA",-0.281916232377977,0.701240845691877,16,NA,NA,NA
"control","CHE_FSM",-0.236600195630564,0.54368392253826,23,NA,NA,NA
"control","CHE_HKG",-0.136216964818338,1.5648071961225,14,NA,NA,NA
"control","CHE_MHL",-0.31954351009417,1.44149794696212,23,NA,NA,NA
"control","CHE_MNP",0.24322305403926,0.976728819278668,23,NA,NA,NA
"control","CHE_PLW",-0.0212081961289433,0.909773008027061,21,NA,NA,NA
"control","CHE_SWZ",0.146521119509353,0.722070466919245,8,NA,NA,NA
"control","CHL_ARM",0.266497589963622,0.993668765541951,20,NA,NA,NA
"control","CHL_AZE",-0.379382826830368,1.3926807207733,23,NA,NA,NA
"control","CHL_HKG",0.431083961073625,1.85586302241295,16,NA,NA,NA
"control","CHL_TJK",0.249873986121383,1.008848204202,11,NA,NA,NA
"control","CIV_AND",-0.551221589682074,1.13931734416654,11,NA,NA,NA
"control","CIV_BRB",-0.378868701401604,0.602609653693716,19,NA,NA,NA
"control","CIV_GTM",0.0189362140068587,1.20337585803692,18,NA,NA,NA
"control","CIV_HKG",0.246896190068328,0.961843484615064,23,NA,NA,NA
"control","CIV_HND",0.180678193749238,0.704213466667994,13,NA,NA,NA
"control","CIV_HTI",-0.28788301170109,1.2749636468962,20,NA,NA,NA
"control","CIV_KHM",-0.552463938575733,0.872702245362697,13,NA,NA,NA
"control","CIV_PRK",0.426403311852952,1.81073767564036,11,NA,NA,NA
"control","CIV_PRY",-0.292487418230146,0.766676931712038,12,NA,NA,NA
"control","CIV_SLV",0.0165208284316258,1.00912677719617,17,NA,NA,NA
"control","CIV_VEN",0.294745675565174,1.02918869404124,17,NA,NA,NA
"control","CIV_VNM",0.0613718591567808,0.598276872249122,23,NA,NA,NA
"control","CMR_BMU",-0.556894925106066,0.844679496264226,11,NA,NA,NA
"control","CMR_CPV",-0.0581258668520693,1.27763059028337,17,NA,NA,NA
"control","CMR_DJI",0.0608844323058112,1.2202678545497,9,NA,NA,NA
"control","CMR_HKG",0.0818060696812081,0.761074071499641,23,NA,NA,NA
"control","CMR_HND",0.300202694804463,1.48810038944332,19,NA,NA,NA
"control","CMR_JAM",0.130255021536001,0.679961506031545,12,NA,NA,NA
"control","CMR_JOR",-0.010049249014915,0.726060290639128,22,NA,NA,NA
"control","CMR_LCA",-0.0836315796828093,0.364626610898308,10,NA,NA,NA
"control","COD_AND",-0.131628086370294,0.71008720160573,12,NA,NA,NA
"control","COD_CPV",0.0614629329335405,0.200355647512265,13,NA,NA,NA
"control","COD_HKG",-0.510387141106508,0.853629066102912,23,NA,NA,NA
"control","COD_IDN",0.0638289025624143,0.781466424693923,16,NA,NA,NA
"control","COD_ISR",-0.0706367732337524,1.02182358171105,16,NA,NA,NA
"control","COD_LBN",-0.189248512513237,0.557220300129064,16,NA,NA,NA
"control","COD_MKD",-0.422187189998834,0.454654008173861,8,NA,NA,NA
"control","COD_MLI",0.126321020483732,1.08317088419178,14,NA,NA,NA
"control","COD_PER",-0.167198244557015,0.904738136875927,15,NA,NA,NA
"control","COD_PHL",0.0168882228583486,0.44538536659919,11,NA,NA,NA
"control","COG_BGD",0.0719179496509508,0.922600602644454,18,NA,NA,NA
"control","COG_ECU",-0.0876949330007457,0.600184141309993,18,NA,NA,NA
"control","COG_HKG",-0.0133381694861466,0.937509596332455,23,NA,NA,NA
"control","COG_KEN",-0.192836402764194,1.28313211292567,19,NA,NA,NA
"control","COG_PHL",0.109611374501693,0.835715947932147,16,NA,NA,NA
"control","COG_ZMB",0.112764663482537,0.532965429951885,14,NA,NA,NA
"control","COK_HUN",-0.0671234950150601,0.79632050361527,12,NA,NA,NA
"control","COK_IDN",0.034062733428238,1.39577952667049,22,NA,NA,NA
"control","COK_NGA",-0.00724992679091711,0.975125533345321,13,NA,NA,NA
"control","COK_RUS",0.266696566420958,0.728664338304634,13,NA,NA,NA
"control","COK_TZA",-0.678837008530284,0.916864769910237,10,NA,NA,NA
"control","COL_AZE",-0.195342591726707,0.805477859954643,22,NA,NA,NA
"control","COL_BLR",0.0164281164481484,1.48965326609107,23,NA,NA,NA
"control","COL_CPV",-0.162698614874233,1.08654857678029,17,NA,NA,NA
"control","COL_HKG",0.0382750516394757,0.815000372981911,23,NA,NA,NA
"control","COL_KAZ",-0.028658818397993,0.924919540168361,23,NA,NA,NA
"control","COL_SYC",-0.223271013367344,0.42258187972763,20,NA,NA,NA
"control","COM_BFA",0.0981348757321154,0.756215510259817,9,NA,NA,NA
"control","COM_BGD",0.256789973520594,0.852467470514602,11,NA,NA,NA
"control","COM_BRA",0.0430525979460711,1.33924316769234,23,NA,NA,NA
"control","COM_IDN",0.11397565781015,0.924835275032664,19,NA,NA,NA
"control","COM_MYS",-0.211211097448553,1.00888758003774,14,NA,NA,NA
"control","COM_PYF",0.350375689811913,1.13428581840356,15,NA,NA,NA
"control","CPV_AGO",0.047058055811817,0.968759505243397,21,NA,NA,NA
"control","CPV_ARG",0.319381971443526,1.96157625320953,9,NA,NA,NA
"control","CPV_BGD",-0.267603115586294,1.30033802203854,13,NA,NA,NA
"control","CPV_CHL",0.174728916639452,0.98036239184529,18,NA,NA,NA
"control","CPV_GUY",-0.404006427544929,0.875343081256048,13,NA,NA,NA
"control","CPV_HKG",-0.711171168205167,0.410381304446685,11,NA,NA,NA
"control","CPV_IDN",-0.234180565742928,0.798506108033147,23,NA,NA,NA
"control","CPV_KOR",0.120135337577116,1.39817752884653,22,NA,NA,NA
"control","CPV_LBN",-0.545923388672704,0.731418810953811,20,NA,NA,NA
"control","CPV_NOR",0.286211510866569,0.956961197701422,17,NA,NA,NA
"control","CPV_STP",0.117812749928701,0.669682885268674,18,NA,NA,NA
"control","CPV_SVN",-0.393088935998664,0.643162983461329,11,NA,NA,NA
"control","CRI_HKG",-0.275935155057321,1.11712945479096,23,NA,NA,NA
"control","CRI_IRQ",-0.0566496539387791,0.818743480682398,14,NA,NA,NA
"control","CRI_KEN",-0.0403128221744904,0.646479348808156,22,NA,NA,NA
"control","CRI_MKD",-0.103541431948698,1.05854660360533,23,NA,NA,NA
"control","CRI_MNG",-0.0859501299651796,1.6336938797947,11,NA,NA,NA
"control","CRI_NER",0.293244438340772,0.991591554059334,21,NA,NA,NA
"control","CRI_RWA",-0.509378498105463,0.795808265107352,18,NA,NA,NA
"control","CRI_VNM",0.125941277070668,0.915937284975816,22,NA,NA,NA
"control","CUB_BFA",-0.114976021478384,0.553153800954256,16,NA,NA,NA
"control","CUB_BHS",0.104424468463255,1.0637902569616,22,NA,NA,NA
"control","CUB_CPV",0.353030039481724,0.933374676519843,23,NA,NA,NA
"control","CUB_ETH",0.00373103467221761,0.842148890841476,22,NA,NA,NA
"control","CUB_FRO",-0.0410699717378875,1.79461023244299,13,NA,NA,NA
"control","CUB_HKG",-0.0190327669184351,1.00863656525282,23,NA,NA,NA
"control","CUB_ISR",-0.19292872312073,0.415224294669832,23,NA,NA,NA
"control","CUB_LBN",0.155502968104776,0.730937471735748,23,NA,NA,NA
"control","CUB_ZAF",-0.223096168942794,1.14719142198981,21,NA,NA,NA
"control","CXR_BRA",0.461485247349294,1.35924151782296,10,NA,NA,NA
"control","CXR_IDN",-0.274220106642936,1.11636091591906,22,NA,NA,NA
"control","CXR_LBN",0.0464093420601209,0.978753868269952,12,NA,NA,NA
"control","CXR_NGA",-0.161828085982964,1.07307774078979,19,NA,NA,NA
"control","CXR_SVN",0.190985230818055,0.490136037228647,12,NA,NA,NA
"control","CYM_BHS",0.323027154334064,0.985170589940194,16,NA,NA,NA
"control","CYM_BRB",0.172479792352285,0.841194313200322,23,NA,NA,NA
"control","CYM_ETH",0.392145486257992,0.858525447999658,12,NA,NA,NA
"control","CYM_GIN",-0.307115441581077,1.24134998433872,9,NA,NA,NA
"control","CYM_GUY",0.36261366712757,1.10966590625942,17,NA,NA,NA
"control","CYM_LBN",-0.238268881511058,1.87541674898499,9,NA,NA,NA
"control","CYM_NOR",0.258599142195106,0.814814711808738,15,NA,NA,NA
"control","CYM_SDN",0.404994624213714,1.06049855944946,17,NA,NA,NA
"control","CYM_TUR",0.100172682102547,0.401761205553395,16,NA,NA,NA
"control","CYM_UKR",0.321700155998894,0.857431470704892,9,NA,NA,NA
"control","CYM_VCT",0.196137438039953,1.44426069373481,17,NA,NA,NA
"control","CYP_CPV",0.436580702887052,0.983374508644937,19,NA,NA,NA
"control","CYP_FJI",0.114296276298027,1.21121680565172,10,NA,NA,NA
"control","CYP_HKG",0.224634573757025,1.0950912089643,23,NA,NA,NA
"control","CYP_NPL",-0.151956715294961,1.15585384017412,23,NA,NA,NA
"control","CZE_BWA",-0.0607688369349764,1.23789187377691,16,NA,NA,NA
"control","CZE_HKG",0.700720342040466,0.97153074315806,23,NA,NA,NA
"control","DEU_HKG",0.401348252063996,1.27703883929812,23,NA,NA,NA
"control","DJI_BFA",-0.164536915276135,1.61535343813196,13,NA,NA,NA
"control","DJI_BGD",-0.46450911220764,0.628964946329345,12,NA,NA,NA
"control","DJI_HKG",-0.110927719902835,0.854119279153866,23,NA,NA,NA
"control","DJI_NGA",0.167314352294037,0.676429208958245,16,NA,NA,NA
"control","DJI_ROU",-0.00267631619604596,1.57205110141843,9,NA,NA,NA
"control","DJI_SVK",0.47117027950273,0.815205430470885,18,NA,NA,NA
"control","DMA_AND",0.481385638729815,1.05021495025602,11,NA,NA,NA
"control","DMA_BGD",-0.01753102807097,1.05570135076452,12,NA,NA,NA
"control","DMA_IDN",-0.16578684379048,0.932378029730305,23,NA,NA,NA
"control","DMA_LBN",-0.0488506871263094,0.917404514308939,23,NA,NA,NA
"control","DMA_RUS",-0.0855926241550242,1.06154857427411,23,NA,NA,NA
"control","DNK_HKG",-0.317225804225671,1.08015847541285,23,NA,NA,NA
"control","DOM_AFG",0.506205304130873,1.1172255860834,8,NA,NA,NA
"control","DOM_AIA",-0.173582430469579,1.09033425632726,21,NA,NA,NA
"control","DOM_BHR",-0.134234399137718,1.20418036222826,21,NA,NA,NA
"control","DOM_GIB",0.101081585781485,1.92719532249055,14,NA,NA,NA
"control","DOM_HKG",0.209411944029162,0.556480840116664,23,NA,NA,NA
"control","DOM_LBN",0.0219894101120258,0.912921447455903,23,NA,NA,NA
"control","DOM_MDA",-0.0636227953933155,0.971466211050588,21,NA,NA,NA
"control","DOM_STP",0.469442178630916,0.886576061481917,14,NA,NA,NA
"control","DOM_SYC",-0.168756771228594,1.69782922429559,10,NA,NA,NA
"control","DOM_TGO",-0.0466552716202246,1.06808598390709,14,NA,NA,NA
"control","DZA_ALB",0.0660221515117801,0.927997414773268,19,NA,NA,NA
"control","DZA_BHR",0.260843749523352,0.381525268471456,10,NA,NA,NA
"control","DZA_GRL",-0.491315938889691,0.976041303246861,14,NA,NA,NA
"control","DZA_HKG",0.174699918873819,1.49352574590839,23,NA,NA,NA
"control","ECU_ATG",0.320866464888634,0.897915601025974,21,NA,NA,NA
"control","ECU_CPV",-0.361439643118253,1.58879956498732,17,NA,NA,NA
"control","ECU_FJI",-0.0911894890027186,0.742074244511301,13,NA,NA,NA
"control","ECU_HKG",0.171430023115703,0.731362533029575,23,NA,NA,NA
"control","ECU_SYC",-0.138250618159433,2.00693557569021,13,NA,NA,NA
"control","EGY_BHS",0.26622466956887,0.414071884726839,23,NA,NA,NA
"control","EGY_GNQ",0.5778324219152,0.990740301455367,8,NA,NA,NA
"control","EGY_HKG",0.377081686789392,0.928107296184313,23,NA,NA,NA
"control","EGY_VCT",-0.262854812759249,0.87994021816421,21,NA,NA,NA
"control","ERI_DNK",-0.0753296531728589,1.26806927384334,21,NA,NA,NA
"control","ERI_IDN",0.0641439635569449,1.34000681004988,20,NA,NA,NA
"control","ERI_KOR",-0.0968942377857561,0.926082972364627,22,NA,NA,NA
"control","ERI_LBN",0.0132290541710533,0.442646120780819,20,NA,NA,NA
"control","ERI_SVN",-0.589303926117185,0.88103034364772,16,NA,NA,NA
"control","ERI_UKR",-0.0816201642789303,0.631064227707383,9,NA,NA,NA
"control","ESP_FSM",-0.227857514414934,0.753534139880927,18,NA,NA,NA
"control","ESP_HKG",-0.297859412319521,0.843234406578345,23,NA,NA,NA
"control","ESP_NRU",-0.0363130777599307,0.515884222594633,14,NA,NA,NA
"control","ESP_PLW",0.217046615122736,0.93215019477899,15,NA,NA,NA
"control","EST_BHR",0.104272308735792,0.806872414132526,21,NA,NA,NA
"control","EST_BIH",-0.126881053153291,1.5298446938501,10,NA,NA,NA
"control","EST_COD",0.476204624819927,0.930899520391537,13,NA,NA,NA
"control","EST_GAB",0.124870903182153,0.872845138265184,15,NA,NA,NA
"control","EST_GIN",0.0803669859895219,0.980816707505791,19,NA,NA,NA
"control","EST_HKG",-0.039173664549257,1.4505037028437,23,NA,NA,NA
"control","EST_HTI",0.287860494970347,0.333531941464394,11,NA,NA,NA
"control","EST_MUS",0.236237911892667,1.65181834889873,14,NA,NA,NA
"control","EST_SEN",0.0742730534389239,1.3287490766122,20,NA,NA,NA
"control","EST_ZMB",-0.0647142799053709,1.10684870049378,15,NA,NA,NA
"control","ETH_BOL",-0.272631443140801,1.40904934381225,17,NA,NA,NA
"control","ETH_CYP",0.443095011198385,1.15794605145036,23,NA,NA,NA
"control","ETH_HKG",-0.0226960063000033,1.09351046440199,23,NA,NA,NA
"control","ETH_IRN",-0.0854291904368019,0.713664129537923,19,NA,NA,NA
"control","ETH_LVA",0.575575534637518,0.598860250746732,15,NA,NA,NA
"control","ETH_NER",0.226796050536697,0.439989522971955,23,NA,NA,NA
"control","ETH_NIC",0.129982813218572,0.551554108289713,14,NA,NA,NA
"control","ETH_PHL",0.0799883034372345,1.15058438620812,22,NA,NA,NA
"control","ETH_PRK",-0.0955000520771842,0.884696587863814,19,NA,NA,NA
"control","FIN_HKG",-0.102498881127931,0.656905626936775,23,NA,NA,NA
"control","FIN_TKL",0.5526594805615,1.43752747434672,14,NA,NA,NA
"control","FJI_BRA",-0.215612753885806,1.30243977020301,22,NA,NA,NA
"control","FJI_BRB",0.166349057939168,1.27368836064631,14,NA,NA,NA
"control","FJI_ECU",-0.131018283113032,1.42377465147237,16,NA,NA,NA
"control","FJI_GHA",-0.405022371708322,1.07383319456759,12,NA,NA,NA
"control","FJI_HKG",-0.0807619056890155,0.626205766942817,23,NA,NA,NA
"control","FJI_IDN",-0.265856171752993,0.688328288076975,23,NA,NA,NA
"control","FJI_ISR",-0.152148008144608,0.973116887728279,18,NA,NA,NA
"control","FJI_JAM",0.262119003070862,1.11349338842888,13,NA,NA,NA
"control","FJI_URY",-0.506374327609677,1.20217711670749,15,NA,NA,NA
"control","FLK_IDN",0.0536864480918728,1.33812316912946,16,NA,NA,NA
"control","FLK_LBN",-0.0511909668736967,0.511859962274806,11,NA,NA,NA
"control","FLK_NGA",0.0125147209286797,0.808318529740234,8,NA,NA,NA
"control","FRA_HKG",0.323016419544277,0.947753032495425,23,NA,NA,NA
"control","FRO_CHN",0.276578263272694,0.862831299029745,22,NA,NA,NA
"control","FRO_GHA",0.274105014398252,1.62138227455841,13,NA,NA,NA
"control","FRO_IDN",0.149979875817671,1.74742627090723,19,NA,NA,NA
"control","FRO_ISR",0.26348277369545,1.16936451834895,14,NA,NA,NA
"control","FRO_MAR",0.251178006576663,1.26496860032685,11,NA,NA,NA
"control","FRO_PYF",-0.29841301069289,0.696673229986007,13,NA,NA,NA
"control","FRO_SDN",-0.32110946291692,1.25315655320969,8,NA,NA,NA
"control","FSM_AUT",-0.186965403592448,1.10660370739635,13,NA,NA,NA
"control","FSM_BRA",0.0292127788989632,0.489267255554617,22,NA,NA,NA
"control","FSM_CHE",-0.129889369570067,1.16687699127988,11,NA,NA,NA
"control","FSM_DEU",-0.134117195696526,1.03132169380701,22,NA,NA,NA
"control","FSM_FRA",0.185216386959038,0.699456210193482,22,NA,NA,NA
"control","FSM_KNA",-0.347897965869842,0.698314367812422,20,NA,NA,NA
"control","FSM_SVN",-0.286501313442666,1.19908322798203,12,NA,NA,NA
"control","GAB_BRB",-0.119411783876196,0.666010551645953,18,NA,NA,NA
"control","GAB_CRI",0.20456774001262,0.940722803463871,14,NA,NA,NA
"control","GAB_ECU",-0.207435147698478,0.975932518164458,15,NA,NA,NA
"control","GAB_HKG",-0.0644001292517769,1.48504416040917,23,NA,NA,NA
"control","GAB_JOR",-0.155950298096298,0.875178902101888,15,NA,NA,NA
"control","GAB_UKR",0.0185681096136081,0.572929084920113,22,NA,NA,NA
"control","GAB_URY",0.0549462213819843,0.378982258554145,13,NA,NA,NA
"control","GBR_HKG",0.0607674951378078,1.08941480377289,23,NA,NA,NA
"control","GEO_ARE",-0.455917760434873,0.889399521820752,23,NA,NA,NA
"control","GEO_BRB",0.12853335096034,0.4109768353572,22,NA,NA,NA
"control","GEO_HKG",-0.0573467454217183,1.26077001917021,21,NA,NA,NA
"control","GEO_IDN",0.447013752133819,0.905399625839695,23,NA,NA,NA
"control","GEO_JAM",0.00406128131881161,2.43603231978608,8,NA,NA,NA
"control","GEO_TWN",-0.0109696527788969,1.04670412281232,23,NA,NA,NA
"control","GEO_VEN",0.0142480408212073,0.993321920983731,14,NA,NA,NA
"control","GEO_VGB",-0.0996386727652364,1.18329808268988,10,NA,NA,NA
"control","GEO_ZMB",0.0776899333905965,0.604761883057546,20,NA,NA,NA
"control","GHA_ALB",-0.00351316373504281,0.754251232568077,15,NA,NA,NA
"control","GHA_AND",0.345827343113124,0.774634625536572,10,NA,NA,NA
"control","GHA_ARM",0.176820424647471,1.52340973896789,19,NA,NA,NA
"control","GHA_BMU",-0.0115331311353311,0.489865165801624,15,NA,NA,NA
"control","GHA_BRB",0.136668947147537,1.08404015202176,22,NA,NA,NA
"control","GHA_CAF",-0.203583827446473,1.7403344434628,18,NA,NA,NA
"control","GHA_DOM",-0.0450761115332105,0.887719085464712,22,NA,NA,NA
"control","GHA_HKG",-0.0352067283456691,1.42343432435613,23,NA,NA,NA
"control","GHA_LVA",-0.109644929589806,1.24283683382597,16,NA,NA,NA
"control","GHA_NPL",-0.0580079585399382,1.39620505417527,15,NA,NA,NA
"control","GHA_SYC",0.15314910315346,0.979916873083545,20,NA,NA,NA
"control","GIB_AZE",-0.0374335828164344,0.445599375368565,21,NA,NA,NA
"control","GIB_BGR",0.271519006865914,1.02564370740292,23,NA,NA,NA
"control","GIB_FRO",0.199472118102837,1.01304777132835,10,NA,NA,NA
"control","GIB_GEO",0.197789972579132,1.15949386888012,18,NA,NA,NA
"control","GIB_HKG",-0.230924069753095,0.928043543218578,23,NA,NA,NA
"control","GIB_IDN",-0.417859861725593,0.462529313127851,10,NA,NA,NA
"control","GIB_NER",0.0200021374985507,0.539892961331579,8,NA,NA,NA
"control","GIB_SDN",0.107103330204099,0.81729936599616,17,NA,NA,NA
"control","GIN_ALB",-0.25808867046961,1.1607553549477,10,NA,NA,NA
"control","GIN_BGR",-0.219805686033347,1.35557430040535,16,NA,NA,NA
"control","GIN_BRB",0.401491905032719,1.65807838300046,19,NA,NA,NA
"control","GIN_HKG",0.148142374322345,1.153495267664,23,NA,NA,NA
"control","GIN_LVA",0.580951940578866,1.82713939929009,9,NA,NA,NA
"control","GIN_SYC",-0.0104471724372512,0.35993108272177,13,NA,NA,NA
"control","GMB_BGR",0.0556271605716302,1.06684273684338,14,NA,NA,NA
"control","GMB_HKG",-0.314010651045931,1.60328737043186,23,NA,NA,NA
"control","GMB_KWT",-0.40092422350218,0.976300373704602,11,NA,NA,NA
"control","GMB_MOZ",0.275927885329189,0.762735764585597,9,NA,NA,NA
"control","GMB_MUS",0.00922982040264226,0.810705142888654,18,NA,NA,NA
"control","GMB_PHL",0.0960499596547168,1.16997423002163,12,NA,NA,NA
"control","GMB_RWA",-0.16610381342982,1.06589229989179,14,NA,NA,NA
"control","GMB_SLV",0.0880920890036889,1.54488708030757,13,NA,NA,NA
"control","GMB_UKR",0.110655761140368,1.00230555607257,14,NA,NA,NA
"control","GMB_URY",-0.190462349159869,0.579394410421303,9,NA,NA,NA
"control","GNB_HKG",-0.109934836979304,0.489472725395347,16,NA,NA,NA
"control","GNQ_GIN",0.006543329015273,0.831449107945747,9,NA,NA,NA
"control","GNQ_HKG",-0.290478331975766,1.5020540351682,8,NA,NA,NA
"control","GNQ_IDN",-0.130419916940261,1.40545912125244,12,NA,NA,NA
"control","GNQ_NGA",0.011057080035572,1.20990555253174,19,NA,NA,NA
"control","GNQ_TWN",-0.521937335900472,1.47054614290948,23,NA,NA,NA
"control","GRC_HKG",-0.0703713185301387,0.824643486222128,23,NA,NA,NA
"control","GRC_KHM",0.0794256242271724,1.51070773504452,23,NA,NA,NA
"control","GRC_MNP",0.227784426704274,0.577327176013932,10,NA,NA,NA
"control","GRD_CHL",-0.0759895467211868,0.979429212538432,13,NA,NA,NA
"control","GRD_CYM",-0.309654096868964,0.815698040486425,17,NA,NA,NA
"control","GRD_ETH",0.0801897261233659,1.17676196044449,19,NA,NA,NA
"control","GRD_IDN",0.11086482614973,1.10691841814232,22,NA,NA,NA
"control","GRD_RUS",0.0137849794694741,0.853469773062425,22,NA,NA,NA
"control","GRL_IDN",0.147959142840293,0.581450170773511,18,NA,NA,NA
"control","GRL_RUS",0.467908662987386,1.12941792231856,23,NA,NA,NA
"control","GRL_TUN",-0.144016525438734,1.00684094289799,9,NA,NA,NA
"control","GRL_UKR",-0.512310027210966,0.650214826140808,21,NA,NA,NA
"control","GTM_CPV",-0.252593336994373,0.994379643145888,10,NA,NA,NA
"control","GTM_EST",-0.0202916061620986,0.605333111793527,15,NA,NA,NA
"control","GTM_ETH",-0.228717308612444,0.89589832131624,19,NA,NA,NA
"control","GTM_HKG",0.342478707762531,1.09070822680672,23,NA,NA,NA
"control","GTM_NAM",0.343447876659982,0.821140526160865,9,NA,NA,NA
"control","GUY_ABW",0.0855194217438893,1.1944244585652,23,NA,NA,NA
"control","GUY_AIA",0.0363578290019021,0.692545465347481,23,NA,NA,NA
"control","GUY_ANT",-0.0861969386331104,0.724631407228705,14,NA,NA,NA
"control","GUY_ATF",-0.205840769951784,0.561092246854498,16,NA,NA,NA
"control","GUY_BMU",-0.0273550388009575,1.23495971936832,23,NA,NA,NA
"control","GUY_CYM",0.0972785944423739,1.57958328739076,21,NA,NA,NA
"control","GUY_DOM",0.145866389306264,0.879986979339411,23,NA,NA,NA
"control","GUY_GAB",0.422836484404365,0.138910937499621,9,NA,NA,NA
"control","GUY_GEO",-0.204255238977362,0.549866931306314,10,NA,NA,NA
"control","GUY_HKG",-0.0364960242400844,0.919716792259166,23,NA,NA,NA
"control","GUY_ISR",0.236188762288122,1.17414119507953,20,NA,NA,NA
"control","GUY_KWT",0.00714611276030084,0.655943714865137,18,NA,NA,NA
"control","GUY_LBN",0.130219845529934,1.30429953676346,22,NA,NA,NA
"control","GUY_SEN",-0.178254861177132,1.47441749142721,12,NA,NA,NA
"control","GUY_TCA",-0.145755747903699,0.896249897276694,22,NA,NA,NA
"control","GUY_TWN",-0.0436961831138909,0.96157401447419,23,NA,NA,NA
"control","GUY_VGB",-0.0564396850152155,0.792038901850367,23,NA,NA,NA
"control","HKG_ABW",-0.144412011495379,0.693666559619297,23,NA,NA,NA
"control","HKG_AFG",-0.00173853388165183,1.55707130899138,21,NA,NA,NA
"control","HKG_AGO",-0.0208373695812142,1.17447669031556,23,NA,NA,NA
"control","HKG_ALB",-0.109384398067431,1.08168569806271,23,NA,NA,NA
"control","HKG_AND",-0.381322801256471,1.15929454812679,23,NA,NA,NA
"control","HKG_ANT",0.0842946143713878,1.03381879688428,10,NA,NA,NA
"control","HKG_ARE",0.512125568243079,0.789091719211461,23,NA,NA,NA
"control","HKG_ARG",-0.337846740878131,0.832127129463804,23,NA,NA,NA
"control","HKG_ARM",0.0734970112552059,1.11652466763963,23,NA,NA,NA
"control","HKG_AUS",0.0194932396511441,0.330885872510043,23,NA,NA,NA
"control","HKG_AUT",0.152517346308181,1.22441464071197,23,NA,NA,NA
"control","HKG_AZE",0.213622332679476,1.27100194789227,23,NA,NA,NA
"control","HKG_BDI",0.398020047182481,0.667461715199104,23,NA,NA,NA
"control","HKG_BEN",-0.146237867894539,0.671331895546288,23,NA,NA,NA
"control","HKG_BFA",-0.220478617944018,0.955156986666798,23,NA,NA,NA
"control","HKG_BGD",0.292710726401834,0.671813286999356,23,NA,NA,NA
"control","HKG_BGR",0.210873942866899,1.01642702148612,23,NA,NA,NA
"control","HKG_BHR",0.103665035014923,0.996411486032935,23,NA,NA,NA
"control","HKG_BHS",-0.237318921601445,1.01309089323412,23,NA,NA,NA
"control","HKG_BIH",0.0178071566414212,0.885441580572756,23,NA,NA,NA
"control","HKG_BLR",-0.12098875395743,0.738779960637868,23,NA,NA,NA
"control","HKG_BLZ",-0.241406851777252,1.11657989235919,23,NA,NA,NA
"control","HKG_BMU",-0.0264136425026205,0.880351721771969,15,NA,NA,NA
"control","HKG_BOL",-0.103661962699742,0.419378022406967,23,NA,NA,NA
"control","HKG_BRA",0.234744275476075,0.934268843010745,23,NA,NA,NA
"control","HKG_BRB",0.0520086488346331,1.03870780093673,23,NA,NA,NA
"control","HKG_BRN",-0.210334990861451,1.29244446540943,23,NA,NA,NA
"control","HKG_BTN",-0.125943401574993,0.965524344760599,23,NA,NA,NA
"control","HKG_CAF",0.0362460374816219,0.949821186676456,23,NA,NA,NA
"control","HKG_CAN",-0.193924175134858,1.52242561599197,23,NA,NA,NA
"control","HKG_CHE",-0.0178882616182471,1.22371965871713,14,NA,NA,NA
"control","HKG_CHL",0.480397951189242,0.496379145855192,16,NA,NA,NA
"control","HKG_CIV",-0.0566614809160991,1.56044687318867,23,NA,NA,NA
"control","HKG_CMR",0.144954219722216,0.796214538878747,23,NA,NA,NA
"control","HKG_COD",-0.371124227429065,1.77666140122948,23,NA,NA,NA
"control","HKG_COG",-0.307393088742284,0.849825966130437,23,NA,NA,NA
"control","HKG_COL",0.393705808451165,0.84791623215098,23,NA,NA,NA
"control","HKG_COM",-0.429017372076488,0.721621611806465,23,NA,NA,NA
"control","HKG_CPV",-0.0392273105296153,0.85848295891747,22,NA,NA,NA
"control","HKG_CRI",-0.00452514583349079,0.953730380350688,23,NA,NA,NA
"control","HKG_CUB",0.163983181878206,1.39528468403969,23,NA,NA,NA
"control","HKG_CYP",0.285452971560787,0.315463817826575,23,NA,NA,NA
"control","HKG_CZE",-0.0885293171833259,0.89067855814565,23,NA,NA,NA
"control","HKG_DEU",0.189624003432848,0.730175361416553,23,NA,NA,NA
"control","HKG_DJI",-0.0739016872853095,0.6560501889487,23,NA,NA,NA
"control","HKG_DMA",-0.278291880077163,0.4744724067539,14,NA,NA,NA
"control","HKG_DNK",0.0692685548272242,0.96522795503538,23,NA,NA,NA
"control","HKG_DOM",0.0365402298224977,1.31578130272172,23,NA,NA,NA
"control","HKG_DZA",-0.059480333774676,1.16177805971388,23,NA,NA,NA
"control","HKG_ECU",-0.153270760764656,1.36625240091533,23,NA,NA,NA
"control","HKG_EGY",-0.27893517800536,0.937870183050185,23,NA,NA,NA
"control","HKG_ESP",-0.239210931458331,1.41932211557423,23,NA,NA,NA
"control","HKG_EST",0.131317580962211,0.825816090123665,23,NA,NA,NA
"control","HKG_ETH",0.269843255629761,1.22598684857736,23,NA,NA,NA
"control","HKG_FIN",-0.0371824898629297,1.20329066413634,23,NA,NA,NA
"control","HKG_FJI",0.0454234237261304,1.00646628880352,23,NA,NA,NA
"control","HKG_FRA",-0.137304379524405,0.673945074982769,23,NA,NA,NA
"control","HKG_FRO",0.229319610003435,0.515114050446575,13,NA,NA,NA
"control","HKG_GAB",0.0959217597222696,1.0854884652505,23,NA,NA,NA
"control","HKG_GBR",0.292397295488983,1.22586031081254,23,NA,NA,NA
"control","HKG_GEO",0.0532139003273413,1.31745908004993,21,NA,NA,NA
"control","HKG_GHA",0.0722350725620552,1.3463835567351,23,NA,NA,NA
"control","HKG_GIB",-0.00712068766185427,1.01016991812339,23,NA,NA,NA
"control","HKG_GIN",0.0151707495619339,1.065465002836,23,NA,NA,NA
"control","HKG_GMB",-0.10390052179235,0.93729789620932,23,NA,NA,NA
"control","HKG_GNB",-0.420671375102842,0.980726643935858,23,NA,NA,NA
"control","HKG_GNQ",0.0371473544064309,1.48742919243153,23,NA,NA,NA
"control","HKG_GRC",-0.155825028973522,0.594643147471775,23,NA,NA,NA
"control","HKG_GRD",0.0636063329547469,1.05597278253535,23,NA,NA,NA
"control","HKG_GRL",0.204386381884069,1.19657059191177,21,NA,NA,NA
"control","HKG_GTM",-0.455569756875963,1.25545745725971,23,NA,NA,NA
"control","HKG_GUY",-0.0948732524941881,1.46112040831759,23,NA,NA,NA
"control","HKG_HND",-0.0760106169336632,0.874139678598266,23,NA,NA,NA
"control","HKG_HRV",-0.264763473213653,1.30936954755713,23,NA,NA,NA
"control","HKG_HTI",-0.0984602358801381,0.669554385088746,23,NA,NA,NA
"control","HKG_HUN",-0.444814661707491,1.76690797684795,23,NA,NA,NA
"control","HKG_IDN",0.0298653065938932,1.18736675533987,23,NA,NA,NA
"control","HKG_IND",0.154093340093782,0.796963217482093,23,NA,NA,NA
"control","HKG_IRL",0.216444666153938,0.917125970664661,23,NA,NA,NA
"control","HKG_IRN",0.217433377310489,0.949642564280524,23,NA,NA,NA
"control","HKG_IRQ",-0.0785057282770194,0.836659109224539,21,NA,NA,NA
"control","HKG_ISL",0.122564886832273,0.509072937592262,14,NA,NA,NA
"control","HKG_ISR",-0.021418858066821,0.738453009692238,23,NA,NA,NA
"control","HKG_ITA",0.107131174493854,0.866445305388903,23,NA,NA,NA
"control","HKG_JAM",-0.110696595007712,1.19056801857474,23,NA,NA,NA
"control","HKG_JOR",-0.522259696920774,0.91355008325163,23,NA,NA,NA
"control","HKG_JPN",-0.0861289647580548,0.545713444679336,23,NA,NA,NA
"control","HKG_KAZ",0.425534908882278,1.0771785544663,23,NA,NA,NA
"control","HKG_KEN",0.0619828078184275,0.886473420646574,23,NA,NA,NA
"control","HKG_KGZ",0.0869033393641958,1.18620136580251,23,NA,NA,NA
"control","HKG_KHM",0.499110866623828,0.671786290868818,23,NA,NA,NA
"control","HKG_KIR",-0.270842174224799,1.10849664634713,23,NA,NA,NA
"control","HKG_KNA",-0.0211668311005695,1.41632351151942,21,NA,NA,NA
"control","HKG_KOR",0.405479852473764,0.974248344559272,23,NA,NA,NA
"control","HKG_KWT",-0.0324175483192609,0.97093588945649,23,NA,NA,NA
"control","HKG_LAO",-0.10244804551544,1.18166662592789,23,NA,NA,NA
"control","HKG_LBN",0.102281243970607,0.950054137906687,23,NA,NA,NA
"control","HKG_LBR",-0.0488012649906691,0.705765172069152,23,NA,NA,NA
"control","HKG_LBY",0.27233749735225,0.682584441585628,23,NA,NA,NA
"control","HKG_LCA",-0.196980116569816,1.01030381623171,23,NA,NA,NA
"control","HKG_LKA",-0.0772188362461737,0.540070157232083,23,NA,NA,NA
"control","HKG_LTU",0.21341789359118,0.688854680369226,23,NA,NA,NA
"control","HKG_LVA",0.024252377268076,0.977103429959301,23,NA,NA,NA
"control","HKG_MAC",-0.455016310275106,1.0776995046261,19,NA,NA,NA
"control","HKG_MAR",-0.226849009190678,0.802744440376224,23,NA,NA,NA
"control","HKG_MDA",-0.230086483972611,0.892442203625188,23,NA,NA,NA
"control","HKG_MDG",0.345745337292471,1.33088580093088,23,NA,NA,NA
"control","HKG_MDV",-0.122793850684112,1.45243135910044,23,NA,NA,NA
"control","HKG_MEX",0.0461521687615872,0.845602237412507,23,NA,NA,NA
"control","HKG_MKD",0.0708824903563481,0.805204436871218,23,NA,NA,NA
"control","HKG_MLI",-0.0322815184201475,0.722100638243518,23,NA,NA,NA
"control","HKG_MLT",0.0632101515695062,0.609429353760161,23,NA,NA,NA
"control","HKG_MMR",-0.458531951502355,0.928479429567349,23,NA,NA,NA
"control","HKG_MNG",0.222582718354304,0.878543839279672,23,NA,NA,NA
"control","HKG_MOZ",-0.320376375401138,1.45523976455039,23,NA,NA,NA
"control","HKG_MRT",-0.385386049549434,0.811815239400103,23,NA,NA,NA
"control","HKG_MUS",-0.350833009428368,1.04936894668288,23,NA,NA,NA
"control","HKG_MWI",0.188389323917985,0.940510219301812,23,NA,NA,NA
"control","HKG_MYS",-0.0625641006955666,0.69781512496767,23,NA,NA,NA
"control","HKG_NER",0.216998012746159,0.793531416136654,23,NA,NA,NA
"control","HKG_NGA",0.0117354619293471,0.987407124134765,23,NA,NA,NA
"control","HKG_NIC",-0.273640666590659,0.900403970711765,23,NA,NA,NA
"control","HKG_NLD",0.10371764973376,1.07337414480323,23,NA,NA,NA
"control","HKG_NOR",-0.209822144899,0.23830149691289,14,NA,NA,NA
"control","HKG_NPL",-0.145317325697846,0.527990765545889,23,NA,NA,NA
"control","HKG_NRU",-0.0403094181021274,0.890555842621521,22,NA,NA,NA
"control","HKG_NZL",0.201252543078346,0.869582944828519,13,NA,NA,NA
"control","HKG_OMN",0.0792494718075624,1.82319901252028,23,NA,NA,NA
"control","HKG_PAK",-0.114790231959746,0.938960300127017,23,NA,NA,NA
"control","HKG_PAN",-0.244466973452988,0.654429761590736,23,NA,NA,NA
"control","HKG_PER",0.150473199901407,1.13208492892454,23,NA,NA,NA
"control","HKG_PHL",-0.350293975191405,0.660008336407855,23,NA,NA,NA
"control","HKG_PNG",-0.263727148901924,0.813782480616074,23,NA,NA,NA
"control","HKG_POL",-0.117646579350398,1.56169681819939,23,NA,NA,NA
"control","HKG_PRK",0.281826506389531,1.15405114165867,23,NA,NA,NA
"control","HKG_PRT",0.209100578029772,0.957970238330155,23,NA,NA,NA
"control","HKG_PRY",-0.443303219831651,1.30142632935469,23,NA,NA,NA
"control","HKG_PYF",0.226379503698028,1.09132699448156,23,NA,NA,NA
"control","HKG_QAT",-0.213656312020932,1.53737957827308,23,NA,NA,NA
"control","HKG_ROU",0.292192735958984,0.733488040501082,23,NA,NA,NA
"control","HKG_RUS",-0.25109221886793,0.714278951440539,23,NA,NA,NA
"control","HKG_RWA",-0.0262350681438995,0.674349463618658,23,NA,NA,NA
"control","HKG_SAU",-0.108833458069436,1.04232295835096,23,NA,NA,NA
"control","HKG_SDN",0.126500100680824,1.43882847348875,23,NA,NA,NA
"control","HKG_SEN",0.0289178989274365,0.775832274918228,23,NA,NA,NA
"control","HKG_SGP",0.0849426800805849,0.559506982809533,23,NA,NA,NA
"control","HKG_SLB",0.153879843604038,0.544504757665132,23,NA,NA,NA
"control","HKG_SLE",-0.325592992350723,1.06828086124164,23,NA,NA,NA
"control","HKG_SLV",0.331664939048685,1.34526465416035,23,NA,NA,NA
"control","HKG_SOM",0.154135470373196,0.894248465891959,22,NA,NA,NA
"control","HKG_SUR",0.112577091707637,0.906792287033026,23,NA,NA,NA
"control","HKG_SVK",-0.140906113004529,1.10829120068086,23,NA,NA,NA
"control","HKG_SVN",0.167815758157478,0.913643236491898,23,NA,NA,NA
"control","HKG_SWE",0.222352099668982,0.944878060536072,23,NA,NA,NA
"control","HKG_SYC",-0.0127663580068176,0.845726170318023,23,NA,NA,NA
"control","HKG_SYR",-0.33771160991454,0.88944790695854,23,NA,NA,NA
"control","HKG_TCD",0.00523426501919218,0.985735149529339,22,NA,NA,NA
"control","HKG_TGO",-0.0862686303792855,0.840895089465996,23,NA,NA,NA
"control","HKG_THA",0.0349645964918978,1.1895989252337,23,NA,NA,NA
"control","HKG_TJK",0.261623939510826,0.955324457706721,22,NA,NA,NA
"control","HKG_TKM",0.152388240222155,1.4361565191126,23,NA,NA,NA
"control","HKG_TON",-0.00548325496634261,1.04039504118543,23,NA,NA,NA
"control","HKG_TTO",-0.0562666395675376,0.955662402718461,23,NA,NA,NA
"control","HKG_TUN",0.137328373250983,0.761975171873274,23,NA,NA,NA
"control","HKG_TUR",0.368011816460894,1.00260850430837,23,NA,NA,NA
"control","HKG_TUV",-0.164697837486881,0.818086624474439,23,NA,NA,NA
"control","HKG_TWN",-0.294741054762173,1.13292790778805,23,NA,NA,NA
"control","HKG_TZA",0.239392517599834,1.36604968385546,23,NA,NA,NA
"control","HKG_UGA",0.0402495992567565,1.25622645962336,23,NA,NA,NA
"control","HKG_UKR",-0.221785599265029,0.875644134273652,23,NA,NA,NA
"control","HKG_URY",-0.105289885220809,1.2041759030747,23,NA,NA,NA
"control","HKG_USA",0.312881098277893,0.745339882512289,23,NA,NA,NA
"control","HKG_UZB",0.0870934415952404,1.12271503923686,23,NA,NA,NA
"control","HKG_VCT",0.0893946241681887,1.34771888981086,23,NA,NA,NA
"control","HKG_VEN",0.411414261321661,1.0291991971712,23,NA,NA,NA
"control","HKG_VNM",-0.0624407787705233,1.06742335479892,23,NA,NA,NA
"control","HKG_VUT",-0.061522910592791,0.835693640052788,23,NA,NA,NA
"control","HKG_WSM",0.508970198818212,0.906127442950122,23,NA,NA,NA
"control","HKG_YEM",-0.293814890361225,0.884875076579664,23,NA,NA,NA
"control","HKG_ZAF",-0.0973621712919292,0.86040196233163,23,NA,NA,NA
"control","HKG_ZMB",0.0269401714826837,0.695521584301282,23,NA,NA,NA
"control","HKG_ZWE",-0.0204714166258135,0.90071519911161,23,NA,NA,NA
"control","HND_BFA",0.0490290020357814,1.75363548680758,16,NA,NA,NA
"control","HND_ETH",-0.123040666764502,0.961237694333519,20,NA,NA,NA
"control","HND_HKG",0.216655617997287,0.734810484403517,23,NA,NA,NA
"control","HND_RWA",0.559448783560836,1.74018795111369,14,NA,NA,NA
"control","HND_ZMB",-0.317079405931015,1.26097866685128,12,NA,NA,NA
"control","HRV_HKG",-0.0271659706997444,1.24184375709433,23,NA,NA,NA
"control","HRV_NPL",-0.384397889927708,0.848267714078114,21,NA,NA,NA
"control","HTI_BGD",-0.0766636573872606,0.472246170649987,9,NA,NA,NA
"control","HTI_BGR",-0.423255949395674,0.741865451666305,10,NA,NA,NA
"control","HTI_ETH",-0.0464901146602537,1.0985124155865,16,NA,NA,NA
"control","HTI_HKG",0.139337242564426,0.73400426076561,20,NA,NA,NA
"control","HTI_IDN",-0.129601699856165,0.980232928252675,22,NA,NA,NA
"control","HTI_NER",0.1064789313682,0.781882849742473,11,NA,NA,NA
"control","HTI_ROU",0.0528465003947171,0.834886096550506,18,NA,NA,NA
"control","HTI_RUS",-0.34780649665202,1.30361582628843,21,NA,NA,NA
"control","HTI_TWN",0.225109525020463,1.29692776882152,23,NA,NA,NA
"control","HUN_COK",0.848033589631784,0.938684385001446,16,NA,NA,NA
"control","HUN_HKG",-0.388083037346846,0.955181241040344,23,NA,NA,NA
"control","IDN_ABW",0.642425231439551,0.608756663816173,23,NA,NA,NA
"control","IDN_ARM",0.165793554434746,0.762708611289482,23,NA,NA,NA
"control","IDN_ATG",-0.177401481377863,0.974056556438006,23,NA,NA,NA
"control","IDN_BIH",-0.353586187539192,1.28057077634321,23,NA,NA,NA
"control","IDN_BLR",-0.214120223738554,1.02300475271426,23,NA,NA,NA
"control","IDN_COD",-0.0542536431428442,1.51687025188039,21,NA,NA,NA
"control","IDN_COK",0.13469897679616,1.19562034004554,23,NA,NA,NA
"control","IDN_CPV",0.0510373925926535,1.32994642615751,23,NA,NA,NA
"control","IDN_CYM",0.156940812013319,0.633758972832511,23,NA,NA,NA
"control","IDN_DOM",0.0229456331764748,0.930562580113837,23,NA,NA,NA
"control","IDN_ERI",0.0269305139331762,1.23773996683914,23,NA,NA,NA
"control","IDN_FSM",0.158914541236145,1.11461664158859,22,NA,NA,NA
"control","IDN_GNQ",-0.000991006026097137,0.963157786760898,23,NA,NA,NA
"control","IDN_HKG",-0.256112997241218,0.729855557650211,23,NA,NA,NA
"control","IDN_HTI",0.106292957242651,1.82558009901817,23,NA,NA,NA
"control","IDN_KAZ",0.310551147560096,0.757428038054012,23,NA,NA,NA
"control","IDN_MHL",-0.227964016957348,1.23362937989738,23,NA,NA,NA
"control","IDN_MNP",0.358515763395716,1.28939258675827,22,NA,NA,NA
"control","IDN_NIU",0.0444431844221606,0.779902570539041,13,NA,NA,NA
"control","IDN_NRU",-0.168256635483989,1.15151480836491,22,NA,NA,NA
"control","IDN_PLW",-0.385189556417122,0.967073260135352,21,NA,NA,NA
"control","IDN_SLB",-0.150144219005477,1.44931005395952,23,NA,NA,NA
"control","IDN_TKM",0.0534218364757817,1.13806233521444,23,NA,NA,NA
"control","IDN_TON",0.177988368175672,1.71037916390041,23,NA,NA,NA
"control","IDN_TUV",0.426420796897308,0.472761110992566,23,NA,NA,NA
"control","IDN_UZB",0.161874343880104,1.08364895231158,23,NA,NA,NA
"control","IDN_VGB",0.10411696695324,1.00958334665512,22,NA,NA,NA
"control","IDN_VUT",0.139159620002941,0.578460885737866,23,NA,NA,NA
"control","IDN_WLF",-0.490391796388624,0.845105758635102,22,NA,NA,NA
"control","IDN_WSM",0.0105549194038751,0.865531529399874,23,NA,NA,NA
"control","IND_HKG",0.106898998363496,1.18623103461183,23,NA,NA,NA
"control","IND_NIU",0.0276354297513772,0.64769961860063,18,NA,NA,NA
"control","IOT_LBN",0.510976309331807,0.746487883171459,14,NA,NA,NA
"control","IOT_PHL",0.624950483282745,0.483005763269103,8,NA,NA,NA
"control","IRL_HKG",0.00665427112731495,1.09583231603237,23,NA,NA,NA
"control","IRN_ARM",0.0430603132518388,0.709398238895271,21,NA,NA,NA
"control","IRN_BHR",-0.184061379567392,0.679247453566213,23,NA,NA,NA
"control","IRN_BHS",-0.497735768838714,1.14311012373633,14,NA,NA,NA
"control","IRN_BIH",0.339418924574352,0.606752477204858,23,NA,NA,NA
"control","IRN_BLR",-0.0382082332137755,2.04504211614828,21,NA,NA,NA
"control","IRN_CAF",-0.143084196771193,1.26867898304527,20,NA,NA,NA
"control","IRN_COD",0.140785755278946,1.40212990629045,11,NA,NA,NA
"control","IRN_ERI",-0.160627743608839,0.511930135367263,14,NA,NA,NA
"control","IRN_GMB",0.0300236942313369,1.50703437296845,18,NA,NA,NA
"control","IRN_HKG",0.214411447990694,1.25175689953899,23,NA,NA,NA
"control","IRN_LBN",0.188048900277393,1.18152034693205,23,NA,NA,NA
"control","IRN_LBR",-0.0542631049685044,0.762586764688698,15,NA,NA,NA
"control","IRN_MRT",-0.346151252346135,0.813465516168235,23,NA,NA,NA
"control","IRN_SLE",-0.120654493518983,1.30623135839048,17,NA,NA,NA
"control","IRN_YEM",-0.0258190780815725,0.677736816549431,23,NA,NA,NA
"control","IRQ_BGR",-0.273611412576272,0.466188268429384,22,NA,NA,NA
"control","IRQ_HKG",0.139219511014942,0.938528994092627,16,NA,NA,NA
"control","IRQ_KEN",-0.00191985201842334,0.872028775201074,13,NA,NA,NA
"control","IRQ_SVK",0.128996009680285,0.993992969522472,18,NA,NA,NA
"control","IRQ_UGA",-0.264510944462136,2.09950108550171,16,NA,NA,NA
"control","ISL_ARM",0.148362129660308,0.723674798751866,22,NA,NA,NA
"control","ISL_DOM",0.124579969529553,1.24751248401761,20,NA,NA,NA
"control","ISL_FJI",0.020425889951015,1.08095774939611,18,NA,NA,NA
"control","ISL_GIN",0.283369601626654,0.918703529626661,15,NA,NA,NA
"control","ISL_HKG",-0.286188035799308,0.68540753018529,14,NA,NA,NA
"control","ISL_LBN",0.576537017591974,0.764138181857347,9,NA,NA,NA
"control","ISL_MNG",-0.180005141854418,0.733015589448374,17,NA,NA,NA
"control","ISR_AIA",0.145215883825688,1.17309443377827,17,NA,NA,NA
"control","ISR_CPV",0.112174806074662,0.875500267180228,23,NA,NA,NA
"control","ISR_FSM",-0.351804161785229,0.540825423327785,10,NA,NA,NA
"control","ISR_GNB",0.537109836038499,1.00641955768494,17,NA,NA,NA
"control","ISR_HKG",-0.235996207147751,1.09354917120066,23,NA,NA,NA
"control","ISR_KWT",-0.182984198825252,0.642920921157218,16,NA,NA,NA
"control","ISR_PRK",-0.147247884005802,1.11685734469068,15,NA,NA,NA
"control","ISR_SUR",0.0356857019910222,0.708473762627831,23,NA,NA,NA
"control","ISR_VGB",0.0620488607270534,1.11544236041609,15,NA,NA,NA
"control","ITA_HKG",-0.150578739022077,1.24602659689483,23,NA,NA,NA
"control","JAM_ABW",0.0622448222148968,0.89610212026385,23,NA,NA,NA
"control","JAM_CIV",0.206867295802875,0.953373600749474,19,NA,NA,NA
"control","JAM_ETH",0.141324881457236,0.500134460824927,22,NA,NA,NA
"control","JAM_GEO",0.122318247594715,1.06140341412925,21,NA,NA,NA
"control","JAM_HKG",0.396981262438642,1.70430525185312,23,NA,NA,NA
"control","JAM_IDN",-0.432336295225722,0.812735195829181,23,NA,NA,NA
"control","JAM_LBN",0.324665684733911,1.14655512841721,23,NA,NA,NA
"control","JAM_PRK",-0.306037702865211,1.41247458239133,11,NA,NA,NA
"control","JAM_SDN",0.223731900819238,0.682032741879857,16,NA,NA,NA
"control","JOR_BEN",-0.136506792354777,1.29490576379971,21,NA,NA,NA
"control","JOR_BMU",0.278974916791367,2.29398188599582,11,NA,NA,NA
"control","JOR_BRB",0.0528197755019129,0.649565261854103,22,NA,NA,NA
"control","JOR_GMB",-0.138086633099371,1.26758798670228,12,NA,NA,NA
"control","JOR_GRL",-0.436889768185003,1.10372310682544,14,NA,NA,NA
"control","JOR_HKG",0.207275672871272,0.390223481006056,23,NA,NA,NA
"control","JOR_KNA",-0.190027078960249,0.313774169660547,12,NA,NA,NA
"control","JOR_RWA",-0.0420073719636614,0.810738688744915,21,NA,NA,NA
"control","JOR_VCT",0.104157161090951,1.45619964551478,17,NA,NA,NA
"control","JPN_HKG",0.0184651609680443,1.12480951823573,23,NA,NA,NA
"control","JPN_NAM",-0.119128377515893,1.15223186815053,23,NA,NA,NA
"control","JPN_SWZ",0.113852968539754,1.04372580158555,21,NA,NA,NA
"control","KAZ_CRI",-0.0445107268037614,1.81491484424113,20,NA,NA,NA
"control","KAZ_IDN",0.0871605044303497,0.76920830650672,23,NA,NA,NA
"control","KAZ_LBN",0.318848097350037,0.862146448042658,23,NA,NA,NA
"control","KAZ_PYF",-0.0589956428987335,1.37106312425094,19,NA,NA,NA
"control","KAZ_SLV",-0.22361631849775,1.10311666501691,18,NA,NA,NA
"control","KAZ_TUN",0.305744423002259,1.32924904806791,23,NA,NA,NA
"control","KEN_AFG",0.284521295371757,0.749951763649441,21,NA,NA,NA
"control","KEN_HKG",-0.249917312979031,1.01552753353516,23,NA,NA,NA
"control","KEN_TCD",-0.342868002849398,0.679992637445265,20,NA,NA,NA
"control","KEN_VEN",-0.186229110725007,1.17015987897785,21,NA,NA,NA
"control","KEN_VNM",-0.123522274508321,1.00209793017885,22,NA,NA,NA
"control","KGZ_DZA",0.0103363072517214,0.730652680063897,17,NA,NA,NA
"control","KGZ_FRO",-0.0383542111534994,1.26479225962247,13,NA,NA,NA
"control","KGZ_IDN",-0.483602662423953,1.22970353420411,23,NA,NA,NA
"control","KGZ_MUS",0.271059247061639,0.721566396518334,8,NA,NA,NA
"control","KGZ_TWN",-0.331854531539555,1.02366206810984,23,NA,NA,NA
"control","KHM_AND",0.290422910628906,1.20992926039988,21,NA,NA,NA
"control","KHM_ARG",0.238696815937576,1.77798583253663,23,NA,NA,NA
"control","KHM_GAB",0.100528746224289,0.512177524208149,14,NA,NA,NA
"control","KHM_HKG",-0.416657393821898,0.543264729280829,23,NA,NA,NA
"control","KHM_KOR",0.262933252334233,0.674436311852239,12,NA,NA,NA
"control","KHM_LBN",0.248173378854675,1.19605175099854,23,NA,NA,NA
"control","KHM_OMN",0.168183179017485,1.56298097519691,12,NA,NA,NA
"control","KHM_ZAF",0.0542841288435304,0.890277258211285,22,NA,NA,NA
"control","KIR_HKG",-0.338507578893325,0.478436964919919,22,NA,NA,NA
"control","KIR_LBN",0.251611987768206,0.872314312494763,12,NA,NA,NA
"control","KIR_TWN",-0.504678258716424,1.2182105868681,20,NA,NA,NA
"control","KNA_BHR",-0.143732992202209,0.309021841282906,11,NA,NA,NA
"control","KNA_BRA",0.170723064718393,0.86186576083187,22,NA,NA,NA
"control","KNA_DZA",-0.276346637172621,0.555921058604095,21,NA,NA,NA
"control","KNA_ETH",-0.174938422009856,0.576870150212327,10,NA,NA,NA
"control","KNA_LBN",0.455408658822255,0.459308804596845,16,NA,NA,NA
"control","KNA_PAN",-0.495500013250495,2.07058116774833,11,NA,NA,NA
"control","KNA_RWA",-0.0767033448258405,0.121704397335638,8,NA,NA,NA
"control","KNA_TCA",0.108677513293785,0.591206898141075,8,NA,NA,NA
"control","KNA_TUR",0.226143202634591,0.900453786072493,16,NA,NA,NA
"control","KNA_UGA",0.336508260215079,0.446684511016203,10,NA,NA,NA
"control","KOR_HKG",0.138737504311325,0.677775125559928,23,NA,NA,NA
"control","KOR_KHM",-0.188306965825776,1.79228735391401,12,NA,NA,NA
"control","KWT_AZE",-0.112578087475982,0.714876221665736,23,NA,NA,NA
"control","KWT_BRN",-0.203329383942567,0.846203478196966,17,NA,NA,NA
"control","KWT_CRI",0.0424198792696736,1.19077351266221,18,NA,NA,NA
"control","KWT_GMB",0.330593524195831,0.833255770786108,17,NA,NA,NA
"control","KWT_HKG",0.27100737014246,0.861581726291847,23,NA,NA,NA
"control","KWT_LVA",0.319817998557738,0.846729132702748,15,NA,NA,NA
"control","KWT_MDV",-0.472081134938393,0.593920821362349,19,NA,NA,NA
"control","KWT_MLI",0.361314708289564,1.55444132420169,16,NA,NA,NA
"control","KWT_MNG",-0.289204932394633,0.746575419396019,18,NA,NA,NA
"control","KWT_POL",-0.0974360035715578,1.51638445431442,21,NA,NA,NA
"control","KWT_RWA",-0.238498954423219,1.190060845649,19,NA,NA,NA
"control","KWT_SYC",0.0378854437169037,1.34725672340365,19,NA,NA,NA
"control","LAO_ARG",-0.13146228772121,0.555301498231902,20,NA,NA,NA
"control","LAO_CIV",0.33729791577028,0.873288838940467,18,NA,NA,NA
"control","LAO_HKG",0.247788716681116,1.48024093752201,23,NA,NA,NA
"control","LAO_LBN",-0.0995310707864233,0.943664185253552,23,NA,NA,NA
"control","LBN_AGO",-0.179364561688583,1.02804486854888,23,NA,NA,NA
"control","LBN_AIA",0.127504486749289,0.840908039379575,22,NA,NA,NA
"control","LBN_ANT",-0.232418414282381,0.868773457395407,13,NA,NA,NA
"control","LBN_ARM",-0.0860315404157072,1.4952263289547,23,NA,NA,NA
"control","LBN_BIH",0.0280504763301474,0.838535796187853,22,NA,NA,NA
"control","LBN_BLR",-0.350156663699255,0.778426776984601,23,NA,NA,NA
"control","LBN_COD",-0.286912639247558,0.975484264689705,20,NA,NA,NA
"control","LBN_CPV",-0.0527947033197351,1.41634515080377,17,NA,NA,NA
"control","LBN_CUB",0.0430226583382865,1.46092478274454,18,NA,NA,NA
"control","LBN_DJI",-0.299821354012828,0.899162138692749,23,NA,NA,NA
"control","LBN_DMA",-0.33472000803799,1.74216737788284,20,NA,NA,NA
"control","LBN_ERI",-0.169176081319895,0.994431086726204,21,NA,NA,NA
"control","LBN_GNB",-0.303561953363402,0.975328691659946,19,NA,NA,NA
"control","LBN_GNQ",-0.139605827266785,0.967945524066687,22,NA,NA,NA
"control","LBN_HKG",0.168432610084777,1.01131999104261,23,NA,NA,NA
"control","LBN_IRN",0.107625130611096,0.72481089290158,23,NA,NA,NA
"control","LBN_KAZ",-0.118993070271941,0.848802377887981,23,NA,NA,NA
"control","LBN_LBR",0.00701979669050886,1.17192295117965,23,NA,NA,NA
"control","LBN_MAC",-0.0277417479611935,0.815293318804909,17,NA,NA,NA
"control","LBN_MDG",0.0300243582935685,0.72094855545679,20,NA,NA,NA
"control","LBN_MOZ",0.36603737881592,0.539557512560609,23,NA,NA,NA
"control","LBN_MRT",0.136834598805852,1.07346963987048,23,NA,NA,NA
"control","LBN_NIC",-0.187263461292988,0.990613400688336,17,NA,NA,NA
"control","LBN_PRK",0.0417098305771845,0.915367294160237,14,NA,NA,NA
"control","LBN_SLE",0.136151876691379,1.00400004650124,23,NA,NA,NA
"control","LBN_SYC",0.677764060757827,1.1156992897732,20,NA,NA,NA
"control","LBN_TKM",-0.041435115160902,1.14892780656736,19,NA,NA,NA
"control","LBN_TWN",-0.0932477826927216,1.2978754763383,23,NA,NA,NA
"control","LBN_UZB",-0.183711469868778,0.894794438935728,16,NA,NA,NA
"control","LBN_VNM",0.277357094315731,0.38754263795553,22,NA,NA,NA
"control","LBN_ZWE",-0.169470932895178,0.595286111518395,23,NA,NA,NA
"control","LBR_BHS",0.278907573064921,1.16811500510938,18,NA,NA,NA
"control","LBR_GAB",-0.0893535945529871,0.788611183872393,9,NA,NA,NA
"control","LBR_HKG",0.109361997879044,0.710338360458007,23,NA,NA,NA
"control","LBR_POL",-0.0411367041197979,1.30468124961771,21,NA,NA,NA
"control","LBR_TWN",0.145147612787923,0.809621671845602,21,NA,NA,NA
"control","LBY_CIV",-0.221167622708715,1.40222894173428,19,NA,NA,NA
"control","LBY_MLI",-0.0746395799775113,1.36659997266624,18,NA,NA,NA
"control","LBY_TWN",-0.0310956988090074,1.008046280476,20,NA,NA,NA
"control","LCA_HKG",-0.00784406112153679,0.840474592431296,18,NA,NA,NA
"control","LCA_LBN",-0.0594756258395435,1.50734633567592,10,NA,NA,NA
"control","LCA_NOR",-0.123671065247185,0.733012732436768,12,NA,NA,NA
"control","LCA_SLV",0.0112059529650001,0.662402339140951,11,NA,NA,NA
"control","LCA_THA",0.113639826946188,0.73895284742609,20,NA,NA,NA
"control","LCA_UKR",0.108733019228493,0.770952168641337,13,NA,NA,NA
"control","LKA_HKG",-0.344061870565747,1.58811393325969,23,NA,NA,NA
"control","LKA_MNG",-0.0887370537193976,0.95069643141659,22,NA,NA,NA
"control","LTU_ATG",-0.248834011908402,0.557111179412894,8,NA,NA,NA
"control","LTU_BOL",0.130828612199485,0.99313639851541,22,NA,NA,NA
"control","LTU_CMR",0.192301893483278,1.74735014604651,16,NA,NA,NA
"control","LTU_COD",0.420075244065787,0.456909006153063,16,NA,NA,NA
"control","LTU_GTM",-0.180058009583958,0.194932835896002,11,NA,NA,NA
"control","LTU_HKG",-0.194714201136282,1.22131934568565,23,NA,NA,NA
"control","LTU_SYC",-0.125511856846134,0.779031037800871,11,NA,NA,NA
"control","LTU_ZWE",0.367349099038788,0.742599240199453,9,NA,NA,NA
"control","LVA_COG",-0.0329066343364982,0.523898689345603,17,NA,NA,NA
"control","LVA_GNQ",-0.127376870962583,1.0850556950777,13,NA,NA,NA
"control","LVA_HKG",0.0576659749876518,0.997608030877526,23,NA,NA,NA
"control","LVA_KEN",0.0265604054770818,0.931719760396434,20,NA,NA,NA
"control","LVA_KWT",-0.0672021023785234,1.27606944580892,23,NA,NA,NA
"control","LVA_LKA",0.00497130601694763,0.929507467902273,23,NA,NA,NA
"control","LVA_MDG",-0.0418903860913284,0.690641761961228,9,NA,NA,NA
"control","LVA_MHL",0.0363746212243249,0.833820265499625,22,NA,NA,NA
"control","LVA_SEN",-0.138798157298687,1.52729618079463,20,NA,NA,NA
"control","LVA_SLV",0.0217839757163718,0.949431826894464,12,NA,NA,NA
"control","LVA_TTO",-0.172305038630521,0.673623686265796,10,NA,NA,NA
"control","MAC_BFA",0.429820601297705,0.981166341227126,8,NA,NA,NA
"control","MAC_BOL",-0.109945531765961,1.84534879448113,18,NA,NA,NA
"control","MAC_ETH",-0.0558528894809685,0.972113499094416,8,NA,NA,NA
"control","MAC_HKG",-0.110160512332407,1.38600671494203,19,NA,NA,NA
"control","MAC_LTU",-0.225861701433478,0.876922375133241,21,NA,NA,NA
"control","MAC_LVA",-0.424354237572174,0.728812344767623,20,NA,NA,NA
"control","MAC_VCT",-0.528396563069213,0.531710154045005,8,NA,NA,NA
"control","MAR_HKG",-0.0544927634984892,0.578280368646607,23,NA,NA,NA
"control","MAR_KAZ",0.116798208302708,0.778042559162174,23,NA,NA,NA
"control","MAR_VCT",-0.222743201258381,0.708882735573958,16,NA,NA,NA
"control","MDA_BHS",-0.182785173642151,1.27545656549089,8,NA,NA,NA
"control","MDA_HKG",-0.0893394021687514,0.575885160659611,21,NA,NA,NA
"control","MDA_IDN",-0.11194566869417,0.758400545049584,22,NA,NA,NA
"control","MDA_MLI",-0.0945123102277893,1.54625428951129,13,NA,NA,NA
"control","MDA_PYF",0.304419204439594,0.710452830190686,15,NA,NA,NA
"control","MDA_SEN",0.130659649816767,0.93038122427797,16,NA,NA,NA
"control","MDA_SYC",-0.282467444209852,0.660258170359066,15,NA,NA,NA
"control","MDG_HKG",-0.204409869781036,1.22143658141989,23,NA,NA,NA
"control","MDG_KHM",-0.223984264033634,0.630913593797905,15,NA,NA,NA
"control","MDG_LBR",0.14256249422592,1.09579251439278,12,NA,NA,NA
"control","MDV_BRA",-0.246429699505355,0.9286173525607,17,NA,NA,NA
"control","MDV_FRO",-0.150860814732126,0.596825330667486,13,NA,NA,NA
"control","MDV_HKG",-0.177328347241905,1.20211815463131,23,NA,NA,NA
"control","MDV_ISR",0.113143842311106,1.46990137090388,17,NA,NA,NA
"control","MDV_LBN",0.0744181612077392,0.924003804369766,23,NA,NA,NA
"control","MDV_NOR",0.184675795361143,1.31605741581347,17,NA,NA,NA
"control","MEX_HKG",-0.131401555447051,0.853998869082959,23,NA,NA,NA
"control","MEX_KGZ",0.18355039502363,1.00752580308413,21,NA,NA,NA
"control","MEX_MHL",-0.137730215033044,0.677609901092132,16,NA,NA,NA
"control","MHL_BRA",-0.18496680899274,1.03018051411914,16,NA,NA,NA
"control","MHL_CHE",0.121069708276163,1.03197162435547,17,NA,NA,NA
"control","MHL_DZA",-0.160746193680571,0.77214957832934,11,NA,NA,NA
"control","MHL_FRO",-0.428307499191964,0.3870667491245,9,NA,NA,NA
"control","MHL_LBN",0.123290792487894,0.69621903899255,18,NA,NA,NA
"control","MHL_MKD",0.0226821196177418,1.165238246346,19,NA,NA,NA
"control","MKD_BRA",0.0486819609121918,1.42212237824355,22,NA,NA,NA
"control","MKD_BRB",0.0149031483927392,0.510937500106061,16,NA,NA,NA
"control","MKD_CRI",-0.000766410980913138,1.09861420597896,16,NA,NA,NA
"control","MKD_CUB",-0.662743901295693,1.02082117458768,11,NA,NA,NA
"control","MKD_HKG",0.439339678922358,1.08456869606169,23,NA,NA,NA
"control","MKD_KEN",-0.00907425042123281,0.875192326147124,17,NA,NA,NA
"control","MKD_MAC",0.000556744227858222,1.33127800835079,14,NA,NA,NA
"control","MKD_NIC",0.521386036387646,1.08849677297311,20,NA,NA,NA
"control","MKD_SLE",0.40987134911039,0.530858258374407,15,NA,NA,NA
"control","MKD_YEM",-0.229446671482692,1.03297060284146,17,NA,NA,NA
"control","MKD_ZWE",0.466884704020816,0.717265034026146,12,NA,NA,NA
"control","MLI_AGO",-0.0423741753307747,1.54039372198551,18,NA,NA,NA
"control","MLI_BRB",0.225894965678341,0.524149591067864,19,NA,NA,NA
"control","MLI_ECU",0.0902036877322936,1.9102042289654,12,NA,NA,NA
"control","MLI_GUY",-0.044476273314807,0.657074544862213,8,NA,NA,NA
"control","MLI_HKG",-0.160027000254889,0.733558185421304,23,NA,NA,NA
"control","MLI_KEN",-0.129707166610479,0.647900428615726,22,NA,NA,NA
"control","MLI_VCT",-0.209872157656122,1.01569273540513,14,NA,NA,NA
"control","MLI_VEN",0.215469361026488,1.47636476753582,14,NA,NA,NA
"control","MLI_ZMB",0.307302662562209,0.922567965188294,19,NA,NA,NA
"control","MLT_BEN",-0.0257012310202154,1.66434570841979,20,NA,NA,NA
"control","MLT_FJI",0.00542170337382148,0.883826647358555,9,NA,NA,NA
"control","MLT_HKG",-0.186399728943609,1.23758448052513,23,NA,NA,NA
"control","MLT_LAO",0.0389131820158492,1.80088338885109,8,NA,NA,NA
"control","MMR_HKG",-0.264636726269719,1.47754707317038,23,NA,NA,NA
"control","MMR_LBN",-0.142629531129772,0.881670839021307,23,NA,NA,NA
"control","MMR_SYC",0.362003125681499,0.851198344896707,8,NA,NA,NA
"control","MMR_UKR",-0.00904663966113057,0.910896720840174,22,NA,NA,NA
"control","MNG_ARE",-0.0555877810021799,1.27064755873054,17,NA,NA,NA
"control","MNG_BRA",0.0562134722246888,1.14916450402797,21,NA,NA,NA
"control","MNG_EST",-0.078082681357452,1.31825839965485,17,NA,NA,NA
"control","MNG_GTM",0.21965441449535,0.843779681927836,11,NA,NA,NA
"control","MNG_HKG",-0.0863983664348587,1.01215038886993,23,NA,NA,NA
"control","MNG_IDN",-0.200271858762313,1.47428371474877,23,NA,NA,NA
"control","MNG_KWT",0.114236940087867,0.591719118199163,21,NA,NA,NA
"control","MNG_LBN",-0.15050540110859,1.11102317051629,23,NA,NA,NA
"control","MNG_MAC",-0.096196435758697,0.787252782447478,9,NA,NA,NA
"control","MNG_NPL",0.0516002702591152,0.942658599281004,22,NA,NA,NA
"control","MNG_PRK",-0.171077329103658,0.802107326466271,16,NA,NA,NA
"control","MNG_PYF",0.185926720179808,0.985003832840645,16,NA,NA,NA
"control","MNG_UKR",-0.0962381840302573,1.12598785517861,23,NA,NA,NA
"control","MNG_VCT",-0.194435761834763,1.54957473781942,9,NA,NA,NA
"control","MNG_VNM",-0.0649323069872433,1.99272886900407,16,NA,NA,NA
"control","MNP_ARG",0.188661952417898,1.52594844407992,15,NA,NA,NA
"control","MNP_BRA",-0.100435693691868,1.26451450055553,15,NA,NA,NA
"control","MNP_CHE",0.202950099164494,0.58618726157384,15,NA,NA,NA
"control","MNP_CYP",-0.299716858064936,2.1423103646087,8,NA,NA,NA
"control","MNP_LBN",-0.0399653232606709,0.988696713026857,21,NA,NA,NA
"control","MOZ_BGR",-0.0665789359767189,0.964291268078964,18,NA,NA,NA
"control","MOZ_CIV",-0.0144296451609731,0.603469690443342,16,NA,NA,NA
"control","MOZ_HKG",-0.0184314354609461,1.38740804201204,23,NA,NA,NA
"control","MOZ_MLI",-0.0257437706811972,0.290341070392712,11,NA,NA,NA
"control","MRT_BGD",-0.00171779069966043,1.00479317475175,17,NA,NA,NA
"control","MRT_HKG",0.0838342077740345,0.896764907058498,23,NA,NA,NA
"control","MRT_HND",0.398796456157682,0.716296280713531,17,NA,NA,NA
"control","MRT_KEN",-0.431109530761786,1.00567769940998,17,NA,NA,NA
"control","MRT_LBN",0.164902256313276,0.84691152241778,23,NA,NA,NA
"control","MRT_TWN",0.0452254901979017,0.623428873435186,23,NA,NA,NA
"control","MSR_ECU",-0.346812873376027,0.548139659960395,13,NA,NA,NA
"control","MSR_EGY",0.0347641687339856,0.160476390089799,10,NA,NA,NA
"control","MSR_IDN",0.443291456494297,1.30233051382333,18,NA,NA,NA
"control","MSR_LBN",0.0997983774555273,0.84769124094174,20,NA,NA,NA
"control","MSR_TWN",-0.0677821321540407,0.936558580866276,22,NA,NA,NA
"control","MUS_BRB",-0.219852013648414,0.781714848632107,21,NA,NA,NA
"control","MUS_GRL",0.090572057516962,1.42230842819101,16,NA,NA,NA
"control","MUS_HKG",0.123503437961007,0.357157579667614,23,NA,NA,NA
"control","MUS_NIC",-0.0433037990873485,0.812748044608622,23,NA,NA,NA
"control","MUS_NPL",-0.0221973097150225,1.34084346578495,14,NA,NA,NA
"control","MUS_YEM",0.135261500703105,1.06507562237864,14,NA,NA,NA
"control","MWI_ARE",0.233426501162166,2.00317655613736,23,NA,NA,NA
"control","MWI_BIH",0.428027218167126,0.986379730324663,18,NA,NA,NA
"control","MWI_BRA",0.0944666566575142,0.782656994693305,23,NA,NA,NA
"control","MWI_ECU",-0.0484970793237465,0.728304944850263,16,NA,NA,NA
"control","MWI_HKG",0.204237677203642,1.22218111230509,23,NA,NA,NA
"control","MWI_IRN",0.173237639718277,0.967191065305976,16,NA,NA,NA
"control","MWI_LCA",-0.148387379796224,0.987388134515533,12,NA,NA,NA
"control","MWI_MKD",-0.00787665067795584,0.791077284810348,22,NA,NA,NA
"control","MWI_MLI",-0.122788151331654,1.04574140882646,13,NA,NA,NA
"control","MWI_NPL",0.426228331371059,0.975581244586718,11,NA,NA,NA
"control","MWI_ROU",0.228874714945445,0.775464801492734,22,NA,NA,NA
"control","MWI_RUS",0.147802427586772,0.882915062493167,23,NA,NA,NA
"control","MWI_SLB",0.274431952234146,0.958016241361292,8,NA,NA,NA
"control","MWI_UKR",-0.065715834536316,1.85921485085516,22,NA,NA,NA
"control","MYS_GNQ",-0.196725806762648,1.00081560331393,21,NA,NA,NA
"control","MYS_HKG",-0.178087056926634,1.11294479227517,23,NA,NA,NA
"control","NAM_ARE",-0.0188170040561908,0.786513321591154,22,NA,NA,NA
"control","NAM_ARG",-0.382165478334797,0.863846899088399,18,NA,NA,NA
"control","NAM_AZE",-0.00302857418167965,1.09188935964729,16,NA,NA,NA
"control","NAM_BIH",-0.0849045538175283,0.810513350968411,20,NA,NA,NA
"control","NAM_BLZ",0.378588073598678,1.3428125537679,22,NA,NA,NA
"control","NAM_CHE",0.138668147303782,0.718258490696547,10,NA,NA,NA
"control","NAM_CHL",0.21849427746929,0.735286882832441,21,NA,NA,NA
"control","NAM_COG",-0.619009853935497,0.908664985927025,23,NA,NA,NA
"control","NAM_DMA",-0.00579878359961032,1.0335152190527,9,NA,NA,NA
"control","NAM_GAB",-0.293922318545196,1.40202563301791,19,NA,NA,NA
"control","NAM_HKG",-0.00335827842824632,1.52236019625517,23,NA,NA,NA
"control","NAM_IDN",0.186578682517926,1.01429059236544,22,NA,NA,NA
"control","NAM_ISR",0.192227743030781,1.19513714281458,23,NA,NA,NA
"control","NAM_LVA",-0.212519393596022,1.34344640133254,18,NA,NA,NA
"control","NAM_RUS",-0.0993421506691515,1.02950085476679,22,NA,NA,NA
"control","NAM_SAU",0.281586991080927,1.11747644267205,22,NA,NA,NA
"control","NAM_SLE",0.20504364023044,0.910695192134893,20,NA,NA,NA
"control","NER_ARG",0.0262430025690201,0.87548319247979,19,NA,NA,NA
"control","NER_BDI",0.27574784128284,1.32286313966509,18,NA,NA,NA
"control","NER_KEN",0.00502170531258275,1.44249437152425,23,NA,NA,NA
"control","NER_LBN",-0.0494944838919405,1.34826039096253,23,NA,NA,NA
"control","NER_MNG",-0.0952677618650633,0.710258761470272,9,NA,NA,NA
"control","NFK_IDN",-0.384223201452157,1.01403999268552,20,NA,NA,NA
"control","NFK_NGA",0.291988660617055,1.27286397194427,19,NA,NA,NA
"control","NGA_HKG",0.0508720251536149,0.879260073448177,23,NA,NA,NA
"control","NIC_ABW",0.0440421577010084,0.895997911771094,13,NA,NA,NA
"control","NIC_BHS",-0.185517064000292,0.80294408452197,21,NA,NA,NA
"control","NIC_CIV",0.462016010302599,1.16752186004414,18,NA,NA,NA
"control","NIC_EST",0.489854192745874,0.694324425166388,14,NA,NA,NA
"control","NIC_ETH",0.0719553255856147,0.474938480863633,19,NA,NA,NA
"control","NIC_HKG",0.168930855572249,0.937797452889942,23,NA,NA,NA
"control","NIC_MLI",-0.384930773668402,1.50762197092609,10,NA,NA,NA
"control","NIC_SUR",0.17602653698836,1.51878450033534,15,NA,NA,NA
"control","NIC_SWZ",0.511248878379788,0.236635112598513,9,NA,NA,NA
"control","NIC_SYR",0.343033338971023,0.827337129096182,15,NA,NA,NA
"control","NIC_VGB",0.181716709537461,0.443572991346014,11,NA,NA,NA
"control","NIU_BRA",0.239104903816137,0.867837721578586,13,NA,NA,NA
"control","NIU_HKG",-0.274142296572458,0.607183145837663,11,NA,NA,NA
"control","NIU_IDN",0.247877554507709,0.721092704546957,17,NA,NA,NA
"control","NIU_ROU",-0.262754256352489,1.7012338757199,8,NA,NA,NA
"control","NIU_THA",-0.63597638842648,1.07261382089874,19,NA,NA,NA
"control","NLD_HKG",0.410995896658946,0.951011138746104,23,NA,NA,NA
"control","NLD_PLW",0.0944855739301201,1.24981252510463,21,NA,NA,NA
"control","NOR_HKG",0.424066149726831,0.713077594471097,14,NA,NA,NA
"control","NPL_ARM",0.011749192554597,0.844306168145079,21,NA,NA,NA
"control","NPL_CIV",0.0890769233437944,1.04285935043436,14,NA,NA,NA
"control","NPL_EST",0.114637517917513,0.57983386598723,23,NA,NA,NA
"control","NPL_GIN",-0.589401194033619,0.427383856323299,13,NA,NA,NA
"control","NPL_HKG",0.136648430301601,0.820107250798977,23,NA,NA,NA
"control","NPL_LBN",0.165530856277251,1.07484809442926,23,NA,NA,NA
"control","NPL_MLI",-0.107836816249518,2.69051994151662,12,NA,NA,NA
"control","NPL_NER",-0.0768371932773349,0.817217830868443,10,NA,NA,NA
"control","NPL_TGO",0.232930447512587,0.181395966595493,9,NA,NA,NA
"control","NPL_TTO",0.217169799240372,1.79847904063955,10,NA,NA,NA
"control","NRU_CPV",-0.00743758384033826,0.733592790847827,9,NA,NA,NA
"control","NRU_ETH",-0.176660280887375,0.907405753990185,11,NA,NA,NA
"control","NRU_IDN",0.0217762199872707,1.12993458355818,21,NA,NA,NA
"control","NRU_LBN",0.319842874084931,1.15408012977704,13,NA,NA,NA
"control","NRU_RWA",0.204346207901879,1.40530069011992,9,NA,NA,NA
"control","NRU_UKR",0.0966785187969914,0.961567817018341,11,NA,NA,NA
"control","NZL_AIA",0.339181224356945,0.964343199260208,11,NA,NA,NA
"control","NZL_BIH",0.0933616219079003,1.07267605484812,23,NA,NA,NA
"control","NZL_HKG",-0.00190123765949742,0.85600183357567,13,NA,NA,NA
"control","NZL_SWZ",0.00612090536653576,0.967616413058447,22,NA,NA,NA
"control","OMN_BEN",0.285562822082631,0.759738314537679,19,NA,NA,NA
"control","OMN_CUB",0.000656866507010646,0.787256573374757,10,NA,NA,NA
"control","OMN_GEO",-0.124784275757798,1.32230947947737,22,NA,NA,NA
"control","OMN_HKG",0.0428890365131964,0.880682589112044,23,NA,NA,NA
"control","OMN_LBR",-0.0158810516420646,0.966550736826902,22,NA,NA,NA
"control","OMN_LTU",-0.0147139484762975,1.16034726548719,21,NA,NA,NA
"control","OMN_PYF",0.0932953613718276,0.945439064142762,16,NA,NA,NA
"control","PAK_ALB",0.307989350233425,1.09778743952452,20,NA,NA,NA
"control","PAK_ARM",-0.392120786425256,0.605785785047345,21,NA,NA,NA
"control","PAK_CPV",-0.373185817651948,1.45592144534066,22,NA,NA,NA
"control","PAK_HKG",-0.0359806222439369,1.07578925324137,23,NA,NA,NA
"control","PAN_ARM",0.0338885646573186,1.01422335039617,21,NA,NA,NA
"control","PAN_CPV",-0.180727069878704,0.921846308908762,19,NA,NA,NA
"control","PAN_ETH",0.0887505927672312,0.686327632731116,22,NA,NA,NA
"control","PAN_GEO",-0.148026765418308,0.936278520066388,19,NA,NA,NA
"control","PAN_GRL",0.0215607294740681,0.682058533173518,8,NA,NA,NA
"control","PAN_HKG",0.140632371026644,1.12407389589497,23,NA,NA,NA
"control","PAN_NGA",-0.0299938014164052,1.08036545634275,22,NA,NA,NA
"control","PAN_SYC",0.185250440867943,1.50268540965107,19,NA,NA,NA
"control","PCN_AUS",-0.049974762607446,0.785743388255074,19,NA,NA,NA
"control","PCN_BRA",0.0688284662561993,1.26614731291177,13,NA,NA,NA
"control","PCN_LBN",-0.00596780193218969,1.49605225708624,10,NA,NA,NA
"control","PER_AZE",0.162862957002685,0.779361582458051,19,NA,NA,NA
"control","PER_CPV",-0.132903404039523,1.15667521539178,19,NA,NA,NA
"control","PER_HKG",-0.102753657170118,0.694455024993658,23,NA,NA,NA
"control","PER_KIR",0.219801328753125,1.04901538532542,13,NA,NA,NA
"control","PER_MNG",-0.118108464386865,0.834381281334399,11,NA,NA,NA
"control","PER_SWZ",-0.125377748043096,1.54975386398604,20,NA,NA,NA
"control","PER_VUT",-0.243945500688895,1.04319282905287,11,NA,NA,NA
"control","PER_WSM",-0.554689407439815,0.658187801682507,17,NA,NA,NA
"control","PER_ZMB",-0.147713335949406,1.66396857420115,22,NA,NA,NA
"control","PHL_CYM",0.0701556555287807,0.603005572047348,21,NA,NA,NA
"control","PHL_HKG",0.310164490668087,0.692346321536911,23,NA,NA,NA
"control","PHL_KAZ",0.205395845317659,0.761599127862747,23,NA,NA,NA
"control","PHL_LBR",0.169994477546276,1.06255978320251,22,NA,NA,NA
"control","PHL_UZB",-0.409642110154222,1.21831442539473,23,NA,NA,NA
"control","PLW_COL",0.101846230567305,1.22806585941005,16,NA,NA,NA
"control","PLW_DEU",0.115643614124997,0.97002644940943,21,NA,NA,NA
"control","PLW_ESP",0.162265326938863,0.704190069211793,10,NA,NA,NA
"control","PLW_GBR",-0.00625475012120455,0.640345953828806,11,NA,NA,NA
"control","PNG_HKG",-0.111236008864916,0.579766744784035,23,NA,NA,NA
"control","PNG_LBN",0.434772790552541,1.24591586110498,16,NA,NA,NA
"control","PNG_MAR",0.219010008450693,0.439881394509683,11,NA,NA,NA
"control","POL_ERI",-0.00195945952487126,0.80976500353012,20,NA,NA,NA
"control","POL_HKG",-0.138260986750641,0.586006576526683,23,NA,NA,NA
"control","POL_PNG",-0.316643529722985,1.54899797577127,10,NA,NA,NA
"control","POL_TON",-0.20082918698783,0.779080952635843,18,NA,NA,NA
"control","PRK_BHS",-0.375020347183573,1.14030644919578,13,NA,NA,NA
"control","PRK_BRB",0.266661859783983,0.903730247944699,23,NA,NA,NA
"control","PRK_HKG",-0.0952392264326351,0.752118457598868,20,NA,NA,NA
"control","PRK_LBN",0.0293655577751472,0.91453299904622,23,NA,NA,NA
"control","PRT_HKG",0.397853187517309,1.07773887201776,23,NA,NA,NA
"control","PRT_NAM",-0.35797296415032,1.632742511093,18,NA,NA,NA
"control","PRT_TUV",-0.255347262951928,0.933778051603052,9,NA,NA,NA
"control","PRY_COM",-0.185504394970132,0.960527945580599,11,NA,NA,NA
"control","PRY_HKG",0.457589905671387,1.16779998900947,23,NA,NA,NA
"control","PRY_TGO",0.150681553251452,0.894084094580284,17,NA,NA,NA
"control","PYF_ARE",0.154491556746587,0.799785164174658,23,NA,NA,NA
"control","PYF_CIV",-0.0336639170791566,1.99220582058212,9,NA,NA,NA
"control","PYF_COM",0.0400008159417813,0.416026215737661,10,NA,NA,NA
"control","PYF_HKG",-0.0712372879924329,1.28568340627632,23,NA,NA,NA
"control","PYF_IDN",-0.0198221917305855,0.759237650864911,23,NA,NA,NA
"control","PYF_ISR",-0.236746537011782,0.608198862994783,15,NA,NA,NA
"control","PYF_TON",0.287821256529693,1.30451628141464,19,NA,NA,NA
"control","QAT_CMR",0.213456478694374,0.916609570673124,21,NA,NA,NA
"control","QAT_ETH",-0.131449507912727,0.675299061909001,23,NA,NA,NA
"control","QAT_GAB",-0.170449581160837,1.82839438165357,13,NA,NA,NA
"control","QAT_HKG",-0.137456596649872,0.996902208640519,23,NA,NA,NA
"control","QAT_LTU",0.127346866665744,1.30703386757409,21,NA,NA,NA
"control","QAT_MDV",0.302068960426767,1.03081254559505,20,NA,NA,NA
"control","QAT_MUS",-0.17710234334906,1.09192462256355,21,NA,NA,NA
"control","QAT_ZMB",0.138934085719825,1.08982552819711,21,NA,NA,NA
"control","ROU_HKG",0.0768973704488458,1.59120523255922,23,NA,NA,NA
"control","ROU_KHM",0.0178209621646605,1.72100962833227,23,NA,NA,NA
"control","ROU_MHL",0.0485055738627217,0.761323599376248,22,NA,NA,NA
"control","ROU_SOM",-0.44398873607067,1.16787805111903,14,NA,NA,NA
"control","ROU_TON",-0.221352683548744,0.550984279241688,10,NA,NA,NA
"control","ROU_WLF",1.19462376190199,0.845077702210524,8,NA,NA,NA
"control","RUS_ANT",0.0466807901455273,0.576145046244726,14,NA,NA,NA
"control","RUS_BHR",0.249076074764392,0.923985984360172,22,NA,NA,NA
"control","RUS_CPV",0.0166952032392029,0.841437525146525,22,NA,NA,NA
"control","RUS_ESH",0.0408436646050012,0.823351304757526,16,NA,NA,NA
"control","RUS_HKG",0.262952718595485,1.16284092792369,23,NA,NA,NA
"control","RUS_HTI",0.270272013282774,0.671770153194939,22,NA,NA,NA
"control","RUS_MOZ",-0.0167215150094719,0.515566502516974,22,NA,NA,NA
"control","RUS_WSM",-0.016879041962535,0.500912812363564,16,NA,NA,NA
"control","RWA_BRA",-0.123691616007278,0.946845421242385,19,NA,NA,NA
"control","RWA_COG",-0.000199860757140166,1.45064480544249,20,NA,NA,NA
"control","RWA_CRI",0.0689323972215378,0.874876062061095,11,NA,NA,NA
"control","RWA_IDN",0.055562157726008,0.906040681448579,20,NA,NA,NA
"control","RWA_IND",0.130699369286053,1.58327935069326,21,NA,NA,NA
"control","RWA_ISR",-0.15861896099495,0.584203787438374,19,NA,NA,NA
"control","RWA_NER",-0.134929908267414,1.47225839830836,15,NA,NA,NA
"control","RWA_NGA",0.220616606064588,1.06886716658722,22,NA,NA,NA
"control","RWA_TWN",0.478285656812771,1.6099763202866,17,NA,NA,NA
"control","SAU_FRO",-0.0342510723980572,0.372683933291401,13,NA,NA,NA
"control","SAU_HKG",-0.140798486227815,1.20745550398871,23,NA,NA,NA
"control","SAU_VCT",-0.0818391242056803,0.695650450040967,21,NA,NA,NA
"control","SDN_ABW",-0.245108825570531,0.955123580101679,19,NA,NA,NA
"control","SDN_BRB",0.0398676584483885,0.724892500014839,22,NA,NA,NA
"control","SDN_EST",-0.363152348824154,1.64703580065731,16,NA,NA,NA
"control","SDN_HKG",0.2777300619784,0.949946696793813,23,NA,NA,NA
"control","SDN_LTU",0.277328726815904,1.12613121716859,15,NA,NA,NA
"control","SDN_LVA",-0.586173085529575,1.59471883239098,11,NA,NA,NA
"control","SDN_MDA",0.0741705042947887,1.16895719754029,20,NA,NA,NA
"control","SDN_MRT",-0.415125196227958,1.18835571879116,17,NA,NA,NA
"control","SDN_RUS",0.0171932296284606,1.08253463005094,23,NA,NA,NA
"control","SEN_BRB",0.373131387585738,0.816567755806363,21,NA,NA,NA
"control","SEN_ETH",0.0759976798557677,1.34694700681096,23,NA,NA,NA
"control","SEN_HKG",0.0536444648359547,1.04148484360407,23,NA,NA,NA
"control","SEN_HTI",-0.216768548327571,1.85961042635436,12,NA,NA,NA
"control","SEN_LBN",-0.110620872069251,0.965832813141434,23,NA,NA,NA
"control","SEN_LBY",-0.0645200662157353,0.735677877217475,20,NA,NA,NA
"control","SEN_LVA",0.216221289986628,1.38321825778799,11,NA,NA,NA
"control","SEN_MDA",-0.260811727532795,1.03911161914295,16,NA,NA,NA
"control","SEN_PAK",0.231724056399553,1.05456434233622,19,NA,NA,NA
"control","SEN_STP",-0.212235400902744,0.833481355860163,17,NA,NA,NA
"control","SEN_YEM",0.00999698115577059,0.889599424167151,11,NA,NA,NA
"control","SGP_HKG",-0.24705579507892,1.2830917422171,23,NA,NA,NA
"control","SGP_TUV",-0.241925341378326,1.04615789497366,18,NA,NA,NA
"control","SHN_BRB",0.215660532433076,1.00738425655648,16,NA,NA,NA
"control","SHN_ETH",-0.0577919737082654,0.78862688152065,9,NA,NA,NA
"control","SHN_IDN",0.359578074310034,0.874063281419635,23,NA,NA,NA
"control","SHN_LBN",0.0865248635411545,0.814608214588204,14,NA,NA,NA
"control","SHN_MEX",-0.047856941490541,1.04109545053138,18,NA,NA,NA
"control","SHN_TZA",-0.212828009206566,1.60276941314895,20,NA,NA,NA
"control","SLB_HKG",0.18253350351213,1.18717693911556,23,NA,NA,NA
"control","SLB_IDN",-0.239079271930024,0.838195163734449,22,NA,NA,NA
"control","SLB_LBN",-0.19996633090842,1.48896102968446,16,NA,NA,NA
"control","SLE_BRB",0.191800225308786,1.28809671148505,23,NA,NA,NA
"control","SLE_ISR",-0.17335736584666,0.684504338135854,18,NA,NA,NA
"control","SLE_LBN",-0.216245959931109,0.639202885301436,23,NA,NA,NA
"control","SLE_MKD",0.120197614506826,0.944159299542132,23,NA,NA,NA
"control","SLE_TZA",0.0221825296868595,1.09794625075573,23,NA,NA,NA
"control","SLE_VCT",-0.00580812731123294,0.844143303252552,22,NA,NA,NA
"control","SLV_ETH",0.0761571118458478,0.836176262706847,23,NA,NA,NA
"control","SLV_HKG",0.188430013860291,0.916852162112671,23,NA,NA,NA
"control","SLV_LBN",-0.0337649560068051,0.964612384439926,23,NA,NA,NA
"control","SLV_UKR",0.437272617111503,0.681263604838614,23,NA,NA,NA
"control","SOM_BGR",-0.203588308423177,1.76038231103825,13,NA,NA,NA
"control","SOM_LBN",-0.0945728193656792,0.53987179799077,23,NA,NA,NA
"control","SOM_PHL",0.306072711435383,0.29804695114284,12,NA,NA,NA
"control","STP_BGR",-0.0654090962955604,1.21312840672576,8,NA,NA,NA
"control","STP_ECU",-0.0405862040322871,0.368899725090495,10,NA,NA,NA
"control","STP_IDN",0.197325945554576,0.930083398203562,22,NA,NA,NA
"control","STP_LBN",0.231857478410661,0.45108697968268,16,NA,NA,NA
"control","STP_NGA",0.0338153331963671,0.524066547595663,21,NA,NA,NA
"control","STP_TWN",-0.572713530400066,0.851289523679759,16,NA,NA,NA
"control","SUR_BGD",0.188635888143915,0.569373506221165,22,NA,NA,NA
"control","SUR_ETH",-0.205816129469333,1.49070378029978,23,NA,NA,NA
"control","SUR_HKG",-0.272806911805116,1.09649491740641,23,NA,NA,NA
"control","SUR_LBN",0.183268556476532,1.43039739452664,23,NA,NA,NA
"control","SUR_MUS",0.304186748378738,0.836429149252904,13,NA,NA,NA
"control","SUR_PER",0.270070894056833,0.598530200829656,21,NA,NA,NA
"control","SUR_ZMB",0.568128045479561,0.898111976882059,10,NA,NA,NA
"control","SVK_BRB",-0.108298918079247,0.813184003958128,10,NA,NA,NA
"control","SVK_BRN",-0.531761325167933,1.25011535353603,22,NA,NA,NA
"control","SVK_BTN",0.105583080518163,0.781069220900308,9,NA,NA,NA
"control","SVK_HKG",0.248112955315828,1.08017094651241,23,NA,NA,NA
"control","SVN_AGO",0.0996871139143614,0.968177983397593,22,NA,NA,NA
"control","SVN_HKG",-0.0353912855931469,0.85314561555961,23,NA,NA,NA
"control","SVN_MRT",-0.381192818149461,0.734787870755505,17,NA,NA,NA
"control","SVN_SLV",-0.277282041208554,1.36243672720984,15,NA,NA,NA
"control","SWE_CXR",-0.111698901771985,1.33900248710882,9,NA,NA,NA
"control","SWE_HKG",-0.15455333795107,0.607634553709425,23,NA,NA,NA
"control","SWZ_IDN",0.0176408487185389,1.18150218259436,22,NA,NA,NA
"control","SWZ_LBN",0.16951972044442,1.35111290364952,21,NA,NA,NA
"control","SWZ_RUS",0.177837951811252,1.22287745256274,22,NA,NA,NA
"control","SWZ_SVN",-0.0330590676599389,1.00931391379187,17,NA,NA,NA
"control","SYC_BRB",-0.398843906020421,1.03800018212578,14,NA,NA,NA
"control","SYC_HKG",0.179769350607911,1.30635737399908,23,NA,NA,NA
"control","SYC_IDN",0.108535605870898,0.849693873357403,23,NA,NA,NA
"control","SYC_ISR",-0.0849564023137139,1.33800532879255,18,NA,NA,NA
"control","SYC_LBN",-0.146591328732368,0.865755538198522,23,NA,NA,NA
"control","SYC_MAC",0.0559550953352351,0.625552182888565,9,NA,NA,NA
"control","SYC_NGA",-0.176438839898607,0.569425129784404,17,NA,NA,NA
"control","SYC_TTO",-0.613297528982768,0.426796463128615,12,NA,NA,NA
"control","SYR_COM",0.495519826249489,0.886167204015903,11,NA,NA,NA
"control","SYR_GUY",0.208378793050897,1.48028333085201,14,NA,NA,NA
"control","SYR_HKG",-0.0734160413699662,0.968616401037041,23,NA,NA,NA
"control","SYR_KEN",0.0827450206096622,0.458895182075377,20,NA,NA,NA
"control","SYR_MNG",-0.175777626964671,1.24231945356204,9,NA,NA,NA
"control","TCA_BRB",-0.381184942692246,1.32072497606281,21,NA,NA,NA
"control","TCA_CIV",-0.00321539672595302,0.53084866973519,18,NA,NA,NA
"control","TCA_ETH",-0.100485687219698,1.13596363915109,23,NA,NA,NA
"control","TCA_IDN",0.018477683861551,1.07344230410437,16,NA,NA,NA
"control","TCA_LBN",-0.045978496319173,0.742156940296562,16,NA,NA,NA
"control","TCA_NGA",0.0489806246334068,0.329026329802557,18,NA,NA,NA
"control","TCA_RWA",-0.00445342332521421,1.02275469855156,19,NA,NA,NA
"control","TCD_BGD",-0.0542593945802207,1.14758697846157,11,NA,NA,NA
"control","TCD_ECU",-0.817578181720835,0.874999267935632,11,NA,NA,NA
"control","TCD_HKG",-0.340359683073769,1.07939112410682,13,NA,NA,NA
"control","TCD_LBN",-0.161838782119699,0.470096164372034,15,NA,NA,NA
"control","TCD_NIC",0.331079012526939,1.00421207630405,8,NA,NA,NA
"control","TCD_SEN",0.0186895318974255,0.463342344901263,9,NA,NA,NA
"control","TCD_SWZ",0.198752272853022,0.844195487618002,8,NA,NA,NA
"control","TCD_TTO",-0.231277434989629,1.36244628777062,9,NA,NA,NA
"control","TCD_TZA",0.185804494648548,1.02144287390874,10,NA,NA,NA
"control","TGO_BHR",-0.483914747550661,0.580679356563099,12,NA,NA,NA
"control","TGO_CRI",0.495548375581084,0.912065992183771,12,NA,NA,NA
"control","TGO_HKG",-0.281399888825568,1.43107542680468,23,NA,NA,NA
"control","TGO_HND",0.437207452185968,0.95322193002918,9,NA,NA,NA
"control","TGO_TZA",-0.0324068440113488,1.34185845298582,22,NA,NA,NA
"control","THA_HKG",0.239654182532769,1.34456191584322,23,NA,NA,NA
"control","THA_TUV",0.0916047060736632,0.630232211141301,22,NA,NA,NA
"control","TJK_HKG",-0.0013672797644588,0.647942121677465,16,NA,NA,NA
"control","TJK_IDN",-0.309095156713063,1.08756648130089,22,NA,NA,NA
"control","TJK_ISR",0.146051633133492,0.614015257638005,11,NA,NA,NA
"control","TJK_LBN",-0.358782662411423,0.906838281740709,23,NA,NA,NA
"control","TJK_MEX",0.253981035409959,1.60206070483112,17,NA,NA,NA
"control","TJK_TUN",0.0575449208191202,0.773078468899428,22,NA,NA,NA
"control","TKL_BRA",-0.301882136259402,1.05093404438707,18,NA,NA,NA
"control","TKL_ETH",-0.220328242654757,1.5735868553814,14,NA,NA,NA
"control","TKL_FIN",-0.317739432322217,1.41974242304805,13,NA,NA,NA
"control","TKL_IND",0.0635200247616683,1.18245464374778,17,NA,NA,NA
"control","TKL_LBN",-0.0828846918587977,0.623542854106778,23,NA,NA,NA
"control","TKL_ZMB",-0.446580257085551,1.04717288657478,21,NA,NA,NA
"control","TKM_IDN",-0.225352084677887,1.1848377767657,23,NA,NA,NA
"control","TKM_LBN",-0.125318559174703,1.04917938947602,23,NA,NA,NA
"control","TKM_MLT",0.0567450024417063,0.583507683558582,10,NA,NA,NA
"control","TON_BGD",-0.276254972080123,0.686102182543287,8,NA,NA,NA
"control","TON_ETH",0.34620417794971,2.22299146198441,10,NA,NA,NA
"control","TON_HKG",-0.078220958184016,1.15710528554292,21,NA,NA,NA
"control","TON_IDN",0.240516396610096,0.906593345851874,16,NA,NA,NA
"control","TON_IRL",-0.394826757353153,0.78805667343888,18,NA,NA,NA
"control","TON_LBN",-0.307540570778704,0.928352644265732,15,NA,NA,NA
"control","TTO_CIV",-0.267438087852854,0.550420925865162,20,NA,NA,NA
"control","TTO_GEO",-0.0995871664585394,0.728835634134072,12,NA,NA,NA
"control","TTO_HKG",-0.0306923488147447,1.08043852213017,23,NA,NA,NA
"control","TTO_MUS",0.0969140602069402,1.00298316105748,18,NA,NA,NA
"control","TTO_NER",0.165339479639875,0.342528600966499,10,NA,NA,NA
"control","TTO_QAT",-0.335858023222653,1.50354880354338,13,NA,NA,NA
"control","TTO_SPM",0.221545024645696,0.544031156552946,13,NA,NA,NA
"control","TUN_CPV",0.0309842807840553,0.772224541630554,20,NA,NA,NA
"control","TUN_HKG",-0.171932786320749,0.703187114199198,23,NA,NA,NA
"control","TUN_KAZ",0.0585888988282683,1.03922940036252,20,NA,NA,NA
"control","TUN_MWI",-0.168140865182553,0.999986220583807,18,NA,NA,NA
"control","TUR_AIA",-0.174796464863683,1.43671573703321,20,NA,NA,NA
"control","TUR_HKG",0.406366667703582,1.31263220500293,23,NA,NA,NA
"control","TUV_IDN",-0.0256013616365499,0.896178677518827,14,NA,NA,NA
"control","TUV_LBN",-0.380547199438036,1.31625219315757,10,NA,NA,NA
"control","TWN_AIA",0.282113606798436,0.920854363286786,23,NA,NA,NA
"control","TWN_ARM",-0.016041704402647,0.390690384285611,23,NA,NA,NA
"control","TWN_ATG",0.53553306674009,0.977914569791565,23,NA,NA,NA
"control","TWN_BIH",-0.275220140126396,0.824232605883179,23,NA,NA,NA
"control","TWN_BLR",0.109604231859984,1.22867872492608,23,NA,NA,NA
"control","TWN_COM",-0.252407181812669,0.807091971076418,19,NA,NA,NA
"control","TWN_ERI",0.25982357796316,1.32870751152284,22,NA,NA,NA
"control","TWN_GNQ",-0.169932726448805,0.767913653721514,23,NA,NA,NA
"control","TWN_HKG",-0.218945814711513,1.1032377626027,23,NA,NA,NA
"control","TWN_HTI",-0.0924110326708339,0.584713070328705,23,NA,NA,NA
"control","TWN_IRQ",-0.20350622898576,0.833308379015018,23,NA,NA,NA
"control","TWN_KAZ",0.0690323558782517,0.605504618170215,23,NA,NA,NA
"control","TWN_LAO",-0.227496101707685,1.00949572353343,23,NA,NA,NA
"control","TWN_MSR",0.0808980466503187,1.11306179379826,21,NA,NA,NA
"control","TWN_SLE",0.366144372420286,0.56564432824503,23,NA,NA,NA
"control","TWN_SOM",0.126874024508781,0.745821595367558,22,NA,NA,NA
"control","TWN_TJK",0.261672856993332,0.712697176682795,19,NA,NA,NA
"control","TWN_TUV",-0.0663496981853107,1.49190351562778,21,NA,NA,NA
"control","TWN_UZB",-0.189915737801103,1.06003168442424,23,NA,NA,NA
"control","TWN_VUT",-0.177532239335921,0.961821454522236,23,NA,NA,NA
"control","TZA_ALB",-0.324927460844291,1.36004461733509,10,NA,NA,NA
"control","TZA_AND",0.0284240681085063,0.623486088917094,18,NA,NA,NA
"control","TZA_ATG",0.171322324392291,0.951986647673285,15,NA,NA,NA
"control","TZA_BFA",-0.156148876264195,0.623874036585758,18,NA,NA,NA
"control","TZA_BHS",-0.128029113766943,0.372167841671232,11,NA,NA,NA
"control","TZA_GIB",-0.0300645084223895,0.668384996469006,15,NA,NA,NA
"control","TZA_HKG",0.0206833649851861,0.876965485021821,23,NA,NA,NA
"control","TZA_JAM",0.195546641628973,0.99921099196904,18,NA,NA,NA
"control","TZA_LBN",-0.0775077322589215,0.84218830716462,23,NA,NA,NA
"control","TZA_MDV",-0.00542540732104593,0.817840896892622,19,NA,NA,NA
"control","TZA_MLI",0.21486967037514,0.749351293824191,23,NA,NA,NA
"control","TZA_MRT",-0.17914666231749,0.784411363054297,22,NA,NA,NA
"control","TZA_PYF",-0.0913096652717421,0.242969776230862,11,NA,NA,NA
"control","TZA_RUS",0.0495945988473052,1.10168126541054,23,NA,NA,NA
"control","TZA_SHN",-0.35093946009518,1.5763281227227,16,NA,NA,NA
"control","TZA_SOM",-0.0539404749960917,1.21429448373223,22,NA,NA,NA
"control","TZA_SYR",0.364235052993246,0.95481478571612,17,NA,NA,NA
"control","TZA_YEM",0.196702124157647,0.752315036689506,23,NA,NA,NA
"control","UGA_FSM",0.151234318811722,0.559108671874815,12,NA,NA,NA
"control","UGA_HKG",0.06368863400594,1.80587270931309,23,NA,NA,NA
"control","UGA_KNA",0.527745391421726,0.541089194013576,13,NA,NA,NA
"control","UGA_LBN",-0.398377854028193,0.560882458690901,23,NA,NA,NA
"control","UGA_MLI",-0.140774437484624,0.967629963402523,22,NA,NA,NA
"control","UGA_PRY",-0.47079618077891,2.48167581621912,10,NA,NA,NA
"control","UGA_SLE",0.267760164856156,1.09423698457146,20,NA,NA,NA
"control","UGA_TGO",0.0725867538485563,0.424965105423094,19,NA,NA,NA
"control","UGA_UKR",-0.113389564935808,1.10202822278721,22,NA,NA,NA
"control","UKR_BEN",0.282622581824729,0.812795243875957,23,NA,NA,NA
"control","UKR_DOM",0.031567185973361,1.02161925315417,23,NA,NA,NA
"control","UKR_ETH",-0.310032231359019,0.902466405482986,23,NA,NA,NA
"control","UKR_GNQ",0.136368821837401,1.16841922481516,21,NA,NA,NA
"control","UKR_HKG",-0.0448479566648314,0.877174860650916,23,NA,NA,NA
"control","UKR_HTI",0.639624718623476,0.609746677048573,14,NA,NA,NA
"control","UKR_IOT",-0.0514088758314716,1.71640995864995,8,NA,NA,NA
"control","UKR_MHL",0.0633828939573798,1.02299592259284,21,NA,NA,NA
"control","UKR_QAT",0.0800084364504842,1.08873201982639,22,NA,NA,NA
"control","UKR_TTO",0.0224916602839277,0.711514594435694,23,NA,NA,NA
"control","UKR_VUT",0.20619133081467,0.695542244070391,16,NA,NA,NA
"control","UKR_ZMB",-0.29727247711221,0.747421047641839,23,NA,NA,NA
"control","URY_ALB",0.178714077831587,0.715957731719167,23,NA,NA,NA
"control","URY_AZE",0.00434537458322757,1.34963747265512,20,NA,NA,NA
"control","URY_CPV",0.463988911592644,1.01877822938972,20,NA,NA,NA
"control","URY_HKG",-0.075138322989309,1.06373675982674,23,NA,NA,NA
"control","URY_RWA",0.295859776403223,0.922270409408013,13,NA,NA,NA
"control","USA_HKG",-0.127508224657579,0.75602674669396,23,NA,NA,NA
"control","UZB_ARM",-0.271227980208278,1.63664401850197,22,NA,NA,NA
"control","UZB_CHL",-0.106295074073878,0.528844870466698,14,NA,NA,NA
"control","UZB_HKG",-0.12641745911751,0.91371468936649,23,NA,NA,NA
"control","UZB_IDN",0.402933913869088,1.02442121573728,23,NA,NA,NA
"control","UZB_LBN",-0.19928000107743,2.03847490082517,23,NA,NA,NA
"control","UZB_NZL",-0.160031254646308,0.836053825563369,21,NA,NA,NA
"control","UZB_PHL",0.139446340877827,0.440579513963697,16,NA,NA,NA
"control","UZB_TUN",0.283093746027822,0.65141980061924,22,NA,NA,NA
"control","UZB_TZA",-0.151212153482774,0.807375850423414,9,NA,NA,NA
"control","VCT_DZA",0.00642723139379894,0.843562369557641,17,NA,NA,NA
"control","VCT_IDN",0.0953035538474897,1.1139253963449,17,NA,NA,NA
"control","VCT_NOR",0.222840787653079,1.32106517781591,9,NA,NA,NA
"control","VCT_UKR",0.108174945592938,2.19578177964295,10,NA,NA,NA
"control","VEN_ETH",0.154798136326488,0.8148330041757,19,NA,NA,NA
"control","VEN_HKG",0.264078757915852,1.15102445794179,23,NA,NA,NA
"control","VEN_MLI",0.104163070761644,1.08291049487823,10,NA,NA,NA
"control","VEN_MSR",0.263202252176375,1.52657542875521,12,NA,NA,NA
"control","VGB_AZE",-0.198142166081686,1.48061170551947,22,NA,NA,NA
"control","VGB_BRB",-0.0103157195669995,0.9574835237034,23,NA,NA,NA
"control","VGB_IDN",-0.223069759046556,0.793399424224399,23,NA,NA,NA
"control","VGB_NOR",-0.0711143174498551,0.809711463417721,10,NA,NA,NA
"control","VGB_PHL",0.0674746835990945,0.760515976824833,22,NA,NA,NA
"control","VGB_PYF",-0.252942353286127,1.23317607058798,18,NA,NA,NA
"control","VNM_ARM",0.141886698732311,0.821200139330091,17,NA,NA,NA
"control","VNM_CPV",0.234780648809622,1.39996023161338,23,NA,NA,NA
"control","VNM_HKG",-0.0826664663621905,0.82961288542052,23,NA,NA,NA
"control","VNM_KIR",0.471146287322713,0.716200223201934,18,NA,NA,NA
"control","VNM_LBN",0.0357575915531214,1.13073504018409,23,NA,NA,NA
"control","VUT_AUT",-0.698068699148037,0.733253530304313,15,NA,NA,NA
"control","VUT_BGR",0.0227222736498702,0.457618861437661,9,NA,NA,NA
"control","VUT_CIV",0.33932712074204,1.15852749327139,8,NA,NA,NA
"control","VUT_HKG",-0.30847894630146,0.666866670017317,23,NA,NA,NA
"control","VUT_RUS",0.0770176612476878,0.800000002450362,19,NA,NA,NA
"control","VUT_SVK",-0.449251818803755,1.84009537581196,16,NA,NA,NA
"control","WSM_BGD",-0.340115078582329,1.04362466125452,14,NA,NA,NA
"control","WSM_BHS",0.493443293178006,0.169396774744771,9,NA,NA,NA
"control","WSM_BRA",-0.0800277199827598,0.933105150135819,21,NA,NA,NA
"control","WSM_HKG",0.278776430198663,0.81135635758176,23,NA,NA,NA
"control","WSM_IDN",-0.322514022576179,0.620448914536655,23,NA,NA,NA
"control","WSM_PHL",-0.513256497984454,0.858990365338979,17,NA,NA,NA
"control","WSM_SDN",0.028657732238672,0.753047493837213,9,NA,NA,NA
"control","WSM_TWN",0.025643307981028,0.673018614910786,22,NA,NA,NA
"control","YEM_HKG",-0.26901767482433,1.00241353713513,23,NA,NA,NA
"control","YEM_MLI",0.231671322246112,1.81529959949493,14,NA,NA,NA
"control","YEM_MUS",0.277656354237918,1.8119744933331,16,NA,NA,NA
"control","ZAF_BHS",-0.179988490591905,1.33727419518862,23,NA,NA,NA
"control","ZAF_DOM",-0.0091386749816767,1.5146309437863,22,NA,NA,NA
"control","ZAF_HKG",-0.295136539718462,1.08685927082033,23,NA,NA,NA
"control","ZAF_KHM",0.325873517968634,1.35611897086771,22,NA,NA,NA
"control","ZAF_LCA",-0.411384693810845,0.539873745386181,21,NA,NA,NA
"control","ZAF_PNG",-0.00995390542972966,1.47023699218899,23,NA,NA,NA
"control","ZMB_COG",0.281909197910795,1.09631122509304,22,NA,NA,NA
"control","ZMB_HKG",0.141574441181586,0.817962938628991,23,NA,NA,NA
"control","ZMB_MLI",-0.0563999311243495,0.80046238223435,20,NA,NA,NA
"control","ZMB_NER",0.0682877386558844,0.79251113112726,17,NA,NA,NA
"control","ZMB_PER",0.0948457665828733,1.9728893306325,20,NA,NA,NA
"control","ZWE_HKG",0.00786398607272762,0.29965823795564,23,NA,NA,NA
"control","ZWE_MKD",0.24577406733968,1.17424096119981,22,NA,NA,NA
"control","ABW_BRB",0.293785761349304,0.688127022120638,22,NA,NA,NA
"control","ABW_MNG",0.634372278932134,1.63520186425865,8,NA,NA,NA
"control","ABW_ZMB",0.354269021321757,0.682971812099227,12,NA,NA,NA
"control","AFG_BLR",0.0605317196758821,0.758837275109297,21,NA,NA,NA
"control","AFG_YEM",-0.0308608709365242,1.50280094255265,14,NA,NA,NA
"control","AGO_BFA",0.0207161453026154,0.806432442307408,17,NA,NA,NA
"control","AGO_CZE",0.10758875234459,1.02600370210016,20,NA,NA,NA
"control","AGO_GIN",-0.242216143676087,0.766878072093186,13,NA,NA,NA
"control","AGO_GMB",0.471302242668588,0.725767521792343,14,NA,NA,NA
"control","AIA_BLR",-0.46952974700306,1.4651073343789,14,NA,NA,NA
"control","AIA_BRB",-0.371815357537348,0.843630648456143,22,NA,NA,NA
"control","AIA_GRD",-0.290320670072342,1.19236768039105,20,NA,NA,NA
"control","AIA_GUY",0.079354758431271,0.623530724127442,20,NA,NA,NA
"control","AIA_KAZ",-0.232042349357569,0.944098902758184,20,NA,NA,NA
"control","AIA_PNG",0.139473116423962,0.932274611521798,8,NA,NA,NA
"control","AIA_TWN",0.0837661660522551,1.06058355614459,19,NA,NA,NA
"control","AIA_VCT",-0.17565019889443,1.01446658530478,21,NA,NA,NA
"control","ALB_GEO",0.0380328809865593,1.11456004268433,20,NA,NA,NA
"control","ALB_GHA",0.103662202474715,0.708530020794324,15,NA,NA,NA
"control","ALB_GRL",0.685225361580976,0.765737350427538,9,NA,NA,NA
"control","ALB_MDG",-0.222120488077562,0.825264082100867,18,NA,NA,NA
"control","ALB_NIC",0.143064961739996,0.708543310887268,16,NA,NA,NA
"control","ALB_PAN",0.0327640831267571,0.812845900982251,18,NA,NA,NA
"control","AND_BLR",-0.0582557306118003,0.67785425501979,21,NA,NA,NA
"control","AND_CIV",0.188388315680346,1.57403073169884,16,NA,NA,NA
"control","AND_HKG",0.377361604210479,1.31645185670976,22,NA,NA,NA
"control","AND_ISR",0.189993809134117,0.598405194024847,19,NA,NA,NA
"control","AND_MKD",-0.15865067443243,0.895332046069319,21,NA,NA,NA
"control","ANT_AIA",0.299514251249744,1.02819460342521,9,NA,NA,NA
"control","ANT_ATG",0.0157582883597452,0.735365910298974,9,NA,NA,NA
"control","ANT_BEN",0.00188016600636856,1.20037060425067,10,NA,NA,NA
"control","ANT_CUB",-0.11551757325936,0.949500910256164,11,NA,NA,NA
"control","ANT_DOM",-0.0457594352274584,1.3271116144912,11,NA,NA,NA
"control","ANT_LBN",0.143040402862683,0.511812641606651,10,NA,NA,NA
"control","ANT_NGA",0.283797340561665,2.00132257163054,12,NA,NA,NA
"control","ANT_PHL",-0.135931125327523,0.477174692725529,13,NA,NA,NA
"control","ANT_TWN",-0.146430914426569,0.564265706672796,9,NA,NA,NA
"control","ANT_UKR",0.497173074063148,1.84239759969278,9,NA,NA,NA
"control","ARE_BEN",0.520536145604201,1.19498937836126,22,NA,NA,NA
"control","ARE_BLR",0.330830432922925,0.905362754093612,22,NA,NA,NA
"control","ARE_KAZ",-0.150220848573779,0.609561481972513,22,NA,NA,NA
"control","ARE_PAN",0.208318373896195,0.784909587095748,20,NA,NA,NA
"control","ARE_PNG",-0.00414203729017735,1.16697244581168,17,NA,NA,NA
"control","ARG_AZE",-0.000270693253355164,0.844705751981578,22,NA,NA,NA
"control","ARG_BDI",-0.184009735359243,0.481936535308158,19,NA,NA,NA
"control","ARG_GNB",-0.10443811755474,1.21060006519116,13,NA,NA,NA
"control","ARG_KGZ",-0.0493725120764978,0.713041323347138,22,NA,NA,NA
"control","ARM_HKG",-0.0355256322885225,0.655439135970334,22,NA,NA,NA
"control","ARM_MKD",0.200404908868092,1.78984526736123,16,NA,NA,NA
"control","ARM_PYF",0.195899844399221,0.910890427751523,8,NA,NA,NA
"control","ATF_RUS",-0.0620573195274019,0.562633019113552,12,NA,NA,NA
"control","ATG_ANT",0.710862854390214,1.98248926499851,9,NA,NA,NA
"control","ATG_BEN",-0.522165737405933,0.0446929096305303,8,NA,NA,NA
"control","ATG_CIV",0.852748165018454,1.80719246404388,9,NA,NA,NA
"control","ATG_ECU",-0.271003474345888,1.17495355077829,12,NA,NA,NA
"control","ATG_KAZ",-0.457638841196973,1.12757434790878,8,NA,NA,NA
"control","ATG_NGA",0.224681707335823,1.89216881053111,21,NA,NA,NA
"control","AUS_NCL",0.113537253247557,1.0206341151631,22,NA,NA,NA
"control","AUS_SHN",0.110698000778789,0.849153974929341,20,NA,NA,NA
"control","AUT_CCK",-0.0374185711254378,0.349604350565288,8,NA,NA,NA
"control","AUT_SWZ",-0.493891791080083,0.59804072529601,16,NA,NA,NA
"control","AZE_ALB",-0.257477572974507,1.10125322071226,16,NA,NA,NA
"control","AZE_ARG",0.315378215464336,1.34343982675715,21,NA,NA,NA
"control","AZE_BRN",-0.0744230874797233,1.18398194769775,13,NA,NA,NA
"control","AZE_IRQ",0.256760482890887,0.280700206862126,19,NA,NA,NA
"control","AZE_KEN",0.0204820874517007,1.89980732538981,12,NA,NA,NA
"control","AZE_NAM",0.0828922107433166,0.550481309075876,17,NA,NA,NA
"control","AZE_PNG",-0.0662786901201454,0.409763633652702,9,NA,NA,NA
"control","BDI_ARE",-0.185225364795485,0.957177532946831,21,NA,NA,NA
"control","BDI_BEN",0.115754850945347,1.3498146243141,12,NA,NA,NA
"control","BEN_DJI",0.446245758031056,1.97594302285023,14,NA,NA,NA
"control","BEN_ISR",0.0409182301805345,0.564595027400748,15,NA,NA,NA
"control","BEN_KEN",-0.341540250409818,0.756782678608834,17,NA,NA,NA
"control","BEN_KWT",-0.270151759438687,1.33095414256276,15,NA,NA,NA
"control","BEN_LBN",0.226329109109813,0.830025213905697,21,NA,NA,NA
"control","BEN_MDA",-0.25601325806946,0.656280907290321,8,NA,NA,NA
"control","BEN_NAM",-0.0118514601324544,0.935021426971948,11,NA,NA,NA
"control","BEN_NOR",-0.320089182611525,0.433364513265594,15,NA,NA,NA
"control","BEN_OMN",0.205329176111012,0.659272261612466,8,NA,NA,NA
"control","BEN_SWZ",0.232613861370147,0.996062207420904,9,NA,NA,NA
"control","BEN_SYR",0.141359298457901,1.51597100636574,11,NA,NA,NA
"control","BFA_HKG",-0.210589672711265,1.20456668531005,20,NA,NA,NA
"control","BFA_KAZ",-0.395804562200963,0.538506153719003,9,NA,NA,NA
"control","BFA_KWT",-0.265580276649395,0.557038252329111,16,NA,NA,NA
"control","BFA_PYF",0.253864045323763,1.06559045388509,16,NA,NA,NA
"control","BFA_VEN",-0.0692200698343453,0.362001626822893,11,NA,NA,NA
"control","BFA_ZWE",-0.0214583141746147,0.284868004135067,10,NA,NA,NA
"control","BGD_GNB",-0.24993783677491,0.715893728085549,13,NA,NA,NA
"control","BGD_HTI",-0.492853221402948,1.48011727279437,13,NA,NA,NA
"control","BGD_KAZ",0.117674818407965,0.718330392121,22,NA,NA,NA
"control","BGR_CPV",-0.172925721206247,0.976829682253602,21,NA,NA,NA
"control","BGR_GNB",0.155132059552044,0.75679361002106,14,NA,NA,NA
"control","BGR_NCL",0.9990551506065,0.902238888212645,8,NA,NA,NA
"control","BGR_STP",0.197813057282847,1.09586254811937,16,NA,NA,NA
"control","BGR_TUV",-0.720967869644259,0.683239215396786,9,NA,NA,NA
"control","BHR_AZE",0.15158875140615,0.509016412845892,20,NA,NA,NA
"control","BHR_BEN",-0.0740864849038684,1.38776070677553,16,NA,NA,NA
"control","BHR_CIV",-0.070249875924362,1.29581106668176,22,NA,NA,NA
"control","BHR_EST",-0.225756918541173,1.32777691161574,17,NA,NA,NA
"control","BHR_GIN",0.0305542476054613,1.21531838853905,12,NA,NA,NA
"control","BHR_LVA",-0.273381574952545,0.4957493447416,18,NA,NA,NA
"control","BHR_NER",0.147921310817918,0.878172293879391,16,NA,NA,NA
"control","BHR_PRY",-0.0985569425744642,0.76038710220933,16,NA,NA,NA
"control","BHS_AZE",-0.0803454069377318,0.730684609424114,9,NA,NA,NA
"control","BHS_BEN",-0.485360378479667,0.722444354373869,8,NA,NA,NA
"control","BHS_BLR",-0.0522320919739615,0.592510898730573,21,NA,NA,NA
"control","BHS_CUB",0.337731219699141,1.23422809939952,17,NA,NA,NA
"control","BHS_MDA",-0.041561121570061,1.13684799251285,21,NA,NA,NA
"control","BHS_MKD",0.457359467991532,1.35364865075811,20,NA,NA,NA
"control","BHS_TZA",-0.133211110253863,0.36685080945668,15,NA,NA,NA
"control","BHS_ZAF",0.230760783450555,0.377604234275956,21,NA,NA,NA
"control","BHS_ZMB",0.159376375028352,0.86970316894851,10,NA,NA,NA
"control","BIH_BLR",-0.0715976854938466,1.07406822601491,22,NA,NA,NA
"control","BIH_ECU",0.815788624924691,0.384868058392714,16,NA,NA,NA
"control","BIH_EST",0.690441042795623,1.0781436818552,9,NA,NA,NA
"control","BIH_FRO",0.105264972781897,1.18803472214447,10,NA,NA,NA
"control","BIH_OMN",0.349878502755828,1.36943143110919,18,NA,NA,NA
"control","BLR_AFG",-0.143294704037698,1.0232155308389,22,NA,NA,NA
"control","BLR_AGO",-0.0499753702283355,1.13495291818405,22,NA,NA,NA
"control","BLR_ALB",0.240858850584369,0.7265403755689,22,NA,NA,NA
"control","BLR_BEN",0.328721246847007,1.33774533795058,20,NA,NA,NA
"control","BLR_BIH",0.466036387254527,0.769740885888521,22,NA,NA,NA
"control","BLR_CAF",-0.183550739661703,1.01980241457751,10,NA,NA,NA
"control","BLR_CHL",0.318272557336711,1.14727378714917,22,NA,NA,NA
"control","BLR_CIV",-0.113780410862138,1.11694603763409,22,NA,NA,NA
"control","BLR_CMR",-0.083616838239802,0.985661595036999,22,NA,NA,NA
"control","BLR_COD",0.458538635857068,1.37184221004015,14,NA,NA,NA
"control","BLR_COG",0.28324781786537,1.46984727831962,21,NA,NA,NA
"control","BLR_COL",-0.0242376156264702,0.717909101326434,22,NA,NA,NA
"control","BLR_CUB",-0.140062957672144,1.32417055620151,22,NA,NA,NA
"control","BLR_DOM",-0.398468854343543,0.599265927994747,21,NA,NA,NA
"control","BLR_GTM",0.040840179885257,1.25662573550621,19,NA,NA,NA
"control","BLR_IRQ",-0.000751430610886712,1.03986079851805,22,NA,NA,NA
"control","BLR_KWT",-0.116682315488748,1.37405833965531,22,NA,NA,NA
"control","BLR_LBR",-0.167636259102472,1.12686840901225,15,NA,NA,NA
"control","BLR_MRT",0.0284915106950637,0.776870171903057,16,NA,NA,NA
"control","BLR_MUS",0.126387375534905,1.00953289426495,20,NA,NA,NA
"control","BLR_NIC",-0.380309519138683,1.0811726279115,22,NA,NA,NA
"control","BLR_PAK",-0.170213232217829,0.932517635211054,22,NA,NA,NA
"control","BLR_PAN",-0.00374484067587254,0.578659237544344,22,NA,NA,NA
"control","BLR_PRK",0.0643309636455425,0.782008275243319,20,NA,NA,NA
"control","BLR_PYF",-0.182602955112881,1.26506532081051,21,NA,NA,NA
"control","BLR_SLV",0.186116224306874,1.63024732097772,20,NA,NA,NA
"control","BLR_SYC",-0.279764832145995,0.67968144187718,16,NA,NA,NA
"control","BLR_SYR",-0.104729761737329,0.525631108002007,22,NA,NA,NA
"control","BLR_TKM",0.0162833930015291,0.669804450583485,22,NA,NA,NA
"control","BLR_VEN",-0.0185921575522655,1.08747149245581,22,NA,NA,NA
"control","BLR_VGB",-0.444733321402265,0.966631516840617,22,NA,NA,NA
"control","BLR_VNM",-0.298309035394915,1.09883679545959,17,NA,NA,NA
"control","BLR_YEM",0.141132651290348,1.03459446186755,22,NA,NA,NA
"control","BLR_ZMB",-0.0283994281062329,0.673397006464952,21,NA,NA,NA
"control","BLR_ZWE",0.0670348328602702,0.777681171285216,21,NA,NA,NA
"control","BLZ_CIV",-0.20134354675799,1.19988898315557,22,NA,NA,NA
"control","BLZ_GEO",0.272394610899078,0.771795585058462,19,NA,NA,NA
"control","BLZ_KAZ",0.0278685145504393,1.65826098770402,17,NA,NA,NA
"control","BLZ_NGA",0.47201299435722,0.492693386651885,18,NA,NA,NA
"control","BLZ_SDN",-0.240566927625535,1.23558666346353,13,NA,NA,NA
"control","BMU_BLR",0.190475929721904,1.32744600069251,21,NA,NA,NA
"control","BMU_MDA",-0.233041974769187,0.425317234493909,11,NA,NA,NA
"control","BOL_BGR",0.320871157533508,0.726366224077871,21,NA,NA,NA
"control","BOL_BRN",0.138807597912425,0.911813812199621,13,NA,NA,NA
"control","BOL_CIV",-0.0860992237400628,1.78700595339219,15,NA,NA,NA
"control","BOL_COG",0.0111205098423534,0.941952702829004,11,NA,NA,NA
"control","BOL_FRO",0.403537736292593,1.1247588942675,9,NA,NA,NA
"control","BOL_KAZ",0.212260654979805,1.3861123592701,18,NA,NA,NA
"control","BOL_MDG",0.295095043329456,1.53588294543872,12,NA,NA,NA
"control","BOL_SEN",0.0810696300503889,0.940903780722967,10,NA,NA,NA
"control","BOL_UKR",-0.0704891233165812,1.13065208106571,20,NA,NA,NA
"control","BRA_COK",-0.199301398511447,0.835737942331492,17,NA,NA,NA
"control","BRA_NCL",0.116438584457069,0.974838694103916,22,NA,NA,NA
"control","BRA_SWZ",-0.00611943627714419,0.764610771526813,17,NA,NA,NA
"control","BRB_ALB",-0.360094524457914,1.49887427163403,11,NA,NA,NA
"control","BRB_CPV",0.0515225286374759,0.561163346119419,12,NA,NA,NA
"control","BRB_CUB",-0.0204524612318862,0.77766224086536,22,NA,NA,NA
"control","BRB_ETH",-0.0266183172953813,0.901909335220827,10,NA,NA,NA
"control","BRB_GEO",-0.0126848037741325,0.762382082861419,16,NA,NA,NA
"control","BRB_GMB",-0.545168439013027,0.83842977730205,15,NA,NA,NA
"control","BRB_KAZ",0.167408681516106,0.551633618050967,17,NA,NA,NA
"control","BRB_NER",-0.248892375209275,1.18384350164876,11,NA,NA,NA
"control","BRN_BRA",-0.113695206411397,0.745128935880804,20,NA,NA,NA
"control","BRN_BRB",-0.60471443960335,1.1224937248931,14,NA,NA,NA
"control","BRN_CIV",-0.0487370124461837,0.766642201440734,10,NA,NA,NA
"control","BRN_FRO",0.120009661716189,1.62665218682949,10,NA,NA,NA
"control","BRN_MAR",-0.27931252487937,0.586244700565498,15,NA,NA,NA
"control","BRN_MNG",-0.254465354920545,1.4501460259681,8,NA,NA,NA
"control","BRN_PNG",0.0996552306795022,0.956449615680646,19,NA,NA,NA
"control","BTN_AUS",-0.320370555718577,0.839599322013984,22,NA,NA,NA
"control","BTN_DNK",-0.00889035378695095,0.643967559265219,18,NA,NA,NA
"control","BTN_EST",0.0975983370890079,0.455788052709871,8,NA,NA,NA
"control","BTN_PER",0.31708586902362,1.40500682836535,11,NA,NA,NA
"control","BTN_POL",-0.011210768167478,0.732790338666532,18,NA,NA,NA
"control","BTN_SLV",0.28094558104423,0.978198450849613,10,NA,NA,NA
"control","CAF_HKG",0.0382831003566637,1.23679344345974,20,NA,NA,NA
"control","CAF_KAZ",0.0013300572953361,0.412477245588078,13,NA,NA,NA
"control","CAF_NER",0.0989954328161978,1.00961954177489,14,NA,NA,NA
"control","CAN_NCL",-0.292057439626245,1.29578768043783,22,NA,NA,NA
"control","CCK_EST",0.0546102516944992,0.521826571903506,13,NA,NA,NA
"control","CCK_LBN",-0.110639878472934,0.481009296432773,17,NA,NA,NA
"control","CHE_IOT",0.0531866524487173,0.989625378960595,18,NA,NA,NA
"control","CHE_NAM",-0.0802216373345181,0.34852434620686,9,NA,NA,NA
"control","CHE_NCL",0.21677007963744,0.79400241407607,22,NA,NA,NA
"control","CHL_BLR",0.291015190182565,0.681135294059669,22,NA,NA,NA
"control","CHL_GEO",0.255445313147571,0.96623787271152,21,NA,NA,NA
"control","CHN_NCL",-0.0560469619315415,0.942114955743638,22,NA,NA,NA
"control","CIV_BLR",-0.108194992660629,0.915666673600833,22,NA,NA,NA
"control","CIV_GEO",-0.0853982978990582,0.689202728173311,17,NA,NA,NA
"control","CIV_NCL",-0.0665685015519749,1.30920035618217,21,NA,NA,NA
"control","CIV_TTO",-0.01137936351557,1.15083084623445,22,NA,NA,NA
"control","CIV_YEM",0.242211419437795,0.642657709156608,13,NA,NA,NA
"control","CMR_AND",0.230149093364858,0.95839462145599,16,NA,NA,NA
"control","CMR_BLR",-0.160818599154364,1.35305897032225,19,NA,NA,NA
"control","CMR_DOM",-0.056936654062353,0.949188862386996,19,NA,NA,NA
"control","CMR_GRD",0.38149342344948,1.25701687066723,15,NA,NA,NA
"control","CMR_OMN",0.191253897300975,1.14306667775683,18,NA,NA,NA
"control","CMR_SLV",0.0890387141577746,1.29156049009205,21,NA,NA,NA
"control","COD_BEN",0.150490414437486,0.953897960624448,21,NA,NA,NA
"control","COD_BLR",-0.17957767225257,0.558031411895829,19,NA,NA,NA
"control","COD_EST",-0.205609108500091,1.21112273865831,14,NA,NA,NA
"control","COD_GTM",0.0159758789191441,1.24517626632093,14,NA,NA,NA
"control","COD_KAZ",-0.0393511451898293,0.723082747444831,13,NA,NA,NA
"control","COG_BLR",0.060442069818334,0.587282759444058,17,NA,NA,NA
"control","COG_EST",-0.566590455010816,1.17720630644729,17,NA,NA,NA
"control","COG_ISL",-0.139883585634693,0.807123656898208,12,NA,NA,NA
"control","COG_KAZ",0.338824556522533,0.581721844474167,14,NA,NA,NA
"control","COG_SDN",0.470881776734253,1.35379366291511,12,NA,NA,NA
"control","COK_CHE",0.33309329027606,1.37781624192817,17,NA,NA,NA
"control","COK_EST",-0.208636261800472,0.992091900461588,10,NA,NA,NA
"control","COK_LBN",0.0794569812932576,0.896188018455789,10,NA,NA,NA
"control","COK_NIC",-0.0243240238501656,0.670401342507196,9,NA,NA,NA
"control","COK_NOR",-0.0126158126628325,1.11059477095158,15,NA,NA,NA
"control","COK_RWA",-0.0262586981005283,1.46543550957807,10,NA,NA,NA
"control","COL_ERI",0.00684525899070569,0.722554608420363,8,NA,NA,NA
"control","COL_GEO",-0.0567632120585074,0.974966724956398,22,NA,NA,NA
"control","COL_KGZ",0.0104273313086247,1.12721373599625,20,NA,NA,NA
"control","COM_BLR",-0.0491127112972111,0.929136376162035,15,NA,NA,NA
"control","COM_HKG",-0.312383035738042,1.42764933463622,16,NA,NA,NA
"control","COM_RUS",-0.311198964039237,1.17921951945154,22,NA,NA,NA
"control","CPV_KAZ",0.0954696618697699,0.836195741799992,9,NA,NA,NA
"control","CPV_PHL",-0.433538156046111,0.734996088625466,10,NA,NA,NA
"control","CPV_ROU",-0.0644937446392334,1.30501568685554,11,NA,NA,NA
"control","CPV_TUR",0.440359760912274,0.65544780299912,15,NA,NA,NA
"control","CPV_UGA",-0.046350092856306,0.833234068701085,11,NA,NA,NA
"control","CRI_AFG",-0.37473693235392,0.492992669059694,12,NA,NA,NA
"control","CRI_BEN",0.080082691381749,1.4198979274648,14,NA,NA,NA
"control","CRI_BLR",-0.194840223149984,0.580702022379091,22,NA,NA,NA
"control","CRI_GHA",0.0717257381266661,0.87010347595444,21,NA,NA,NA
"control","CRI_KAZ",0.0461608409801745,1.14941645944343,22,NA,NA,NA
"control","CRI_KGZ",-0.00823402844202198,0.866138805167692,19,NA,NA,NA
"control","CRI_MMR",0.304183018885011,1.15730725765604,14,NA,NA,NA
"control","CRI_PNG",-0.200061928799132,1.45942618211511,15,NA,NA,NA
"control","CRI_UGA",-0.176457977738698,1.0296478632473,22,NA,NA,NA
"control","CUB_ANT",0.537001239005868,0.980730698073888,11,NA,NA,NA
"control","CUB_BLR",-0.0485843476600168,0.474573767222727,22,NA,NA,NA
"control","CUB_KAZ",-0.15263443943824,1.21741030642799,22,NA,NA,NA
"control","CUB_MKD",-0.27011636003088,1.07168833084727,22,NA,NA,NA
"control","CUB_MLI",0.0146159015313906,1.27545122935328,9,NA,NA,NA
"control","CXR_CZE",-0.114013929125507,0.982338826248624,18,NA,NA,NA
"control","CXR_MDG",-0.119257746929249,0.897117697498374,8,NA,NA,NA
"control","CXR_NZL",-0.355923582003009,0.960289809115245,18,NA,NA,NA
"control","CYM_BEN",-0.344394546418834,1.2251325938073,8,NA,NA,NA
"control","CYM_IND",0.000233141550830405,0.872148050525275,17,NA,NA,NA
"control","CYM_KAZ",0.566121258776474,1.37901291767813,10,NA,NA,NA
"control","CYM_NGA",0.117137206918189,0.711998689868051,16,NA,NA,NA
"control","CYM_SLV",-0.324385920563467,0.753866731838687,20,NA,NA,NA
"control","CYP_ATG",0.0999265808142336,0.573084802674205,9,NA,NA,NA
"control","CZE_GNB",0.178474495678101,1.45709277391929,14,NA,NA,NA
"control","DJI_SEN",0.262486420502249,0.574449586456533,14,NA,NA,NA
"control","DJI_TGO",0.260011971704059,0.702483305859533,8,NA,NA,NA
"control","DMA_BLR",-0.00674416768630082,0.953705219487464,18,NA,NA,NA
"control","DMA_KAZ",-0.333264430248251,1.07515092258431,18,NA,NA,NA
"control","DMA_PNG",1.23374443444232,0.467433908653429,8,NA,NA,NA
"control","DMA_UKR",0.00818301815474615,0.740483423096035,18,NA,NA,NA
"control","DNK_ERI",0.038804386125036,0.954216939231786,22,NA,NA,NA
"control","DOM_BEN",-0.12329628974953,1.04484917600115,15,NA,NA,NA
"control","DOM_BGD",0.0990543897647303,1.31918268931044,21,NA,NA,NA
"control","DOM_BLR",0.0728915032888728,1.01794432518962,21,NA,NA,NA
"control","DOM_CAF",-0.393094141391976,0.461031037390825,13,NA,NA,NA
"control","DOM_ZMB",0.393388985204823,1.73584561175931,12,NA,NA,NA
"control","DZA_AGO",0.434925297067381,0.826042675028942,18,NA,NA,NA
"control","DZA_FRO",-0.227176298958043,1.63059164310096,10,NA,NA,NA
"control","DZA_GEO",-0.0642021715508084,1.69016778981147,11,NA,NA,NA
"control","DZA_GMB",0.2515281905901,1.0178124248426,18,NA,NA,NA
"control","DZA_KAZ",-0.0373453191574624,1.16222856713966,18,NA,NA,NA
"control","DZA_KEN",-0.164067946366002,0.791547844018254,19,NA,NA,NA
"control","DZA_URY",-0.0117685685468067,1.18909385089726,19,NA,NA,NA
"control","ECU_AGO",-0.215949847739334,0.82173185575043,20,NA,NA,NA
"control","ECU_KGZ",-0.000675223969678459,1.13265862774451,22,NA,NA,NA
"control","ECU_PNG",0.17097340084788,0.785406492197451,15,NA,NA,NA
"control","EGY_ATG",0.0772472935979778,1.19587770825737,21,NA,NA,NA
"control","EGY_LAO",-0.734034031954201,0.934920774115336,8,NA,NA,NA
"control","ERI_CHN",0.068323627003667,0.564833277343676,21,NA,NA,NA
"control","ERI_TWN",-0.0938271153185673,1.58001412790424,20,NA,NA,NA
"control","ERI_YEM",0.299626181379575,1.16986935312807,17,NA,NA,NA
"control","EST_BEN",-0.196725816283219,0.660222575403356,18,NA,NA,NA
"control","EST_COG",-0.319885130389261,0.61111655424431,13,NA,NA,NA
"control","EST_GTM",0.0211822538859583,0.701809273869374,14,NA,NA,NA
"control","EST_MLI",0.296740138836831,1.64205798941169,18,NA,NA,NA
"control","EST_UGA",-0.204656962955844,1.12313490338166,18,NA,NA,NA
"control","ETH_AND",0.191541334348173,0.852358653702145,16,NA,NA,NA
"control","ETH_BEN",-0.451619527298846,0.419629547406709,20,NA,NA,NA
"control","ETH_BHR",-0.109878295780234,0.3747963438098,20,NA,NA,NA
"control","ETH_BLR",0.0477135304631401,1.18530409326129,19,NA,NA,NA
"control","ETH_SEN",0.0141853306301004,0.744798619737151,20,NA,NA,NA
"control","ETH_SLV",-0.0239063560758452,1.32387442002279,16,NA,NA,NA
"control","ETH_SOM",0.560753375813182,0.875104245428024,19,NA,NA,NA
"control","ETH_UKR",-0.145763706336797,1.04245809776251,22,NA,NA,NA
"control","FJI_RUS",-0.0446327353694861,1.68130475588819,21,NA,NA,NA
"control","FJI_SLV",-0.533488086509283,0.611682436907914,13,NA,NA,NA
"control","FLK_BGD",0.0351224356470394,1.75081509659796,9,NA,NA,NA
"control","FRO_IND",-0.0555794686769887,0.60427118677205,15,NA,NA,NA
"control","FRO_MKD",-0.000171954378963139,1.1375096246772,17,NA,NA,NA
"control","FRO_MUS",0.34377046633714,1.11890385206712,16,NA,NA,NA
"control","FSM_ESP",-0.00437149992284134,1.493059047953,17,NA,NA,NA
"control","FSM_PHL",0.218533187607403,1.49619241129733,20,NA,NA,NA
"control","GAB_BDI",-0.232458107549401,1.18551236893669,12,NA,NA,NA
"control","GAB_CPV",0.0341933627760749,1.31124129721739,13,NA,NA,NA
"control","GAB_EST",0.416838254284759,0.666276800415297,16,NA,NA,NA
"control","GAB_GEO",-0.0463263464586062,0.870491975492514,13,NA,NA,NA
"control","GAB_VNM",-0.0148289520992585,0.967134446371366,16,NA,NA,NA
"control","GEO_BTN",0.13113041988637,1.06946716039688,8,NA,NA,NA
"control","GEO_GRL",-0.0279223740545401,2.43132345865505,15,NA,NA,NA
"control","GEO_MKD",0.0929584444051536,1.09699525095781,22,NA,NA,NA
"control","GEO_NGA",-0.13158320804858,0.424684298439571,16,NA,NA,NA
"control","GEO_NIC",0.00111204234945517,1.28438235664019,18,NA,NA,NA
"control","GEO_PAN",-0.00812976786240784,1.06787738915099,21,NA,NA,NA
"control","GEO_PER",0.0163047652590035,0.784128775988904,21,NA,NA,NA
"control","GEO_PNG",-0.547826569035939,1.99445759442553,8,NA,NA,NA
"control","GEO_SLV",0.00429504643759165,0.543415876189166,17,NA,NA,NA
"control","GEO_TGO",0.0452285822462265,0.755457757099765,11,NA,NA,NA
"control","GEO_TTO",-0.292806282454037,1.31376874694074,19,NA,NA,NA
"control","GEO_VNM",-0.130967877376482,1.1768039076616,21,NA,NA,NA
"control","GHA_BLR",-0.223902832402621,1.31196761696372,22,NA,NA,NA
"control","GHA_DJI",0.0719547331160652,1.14033662541571,14,NA,NA,NA
"control","GHA_KAZ",0.182685511250162,1.03769208910157,22,NA,NA,NA
"control","GHA_MDA",0.212101049643399,1.46535964418118,20,NA,NA,NA
"control","GHA_PYF",0.20951442578823,0.90690129109012,22,NA,NA,NA
"control","GIB_ALB",0.0926788875263696,1.37493386735786,11,NA,NA,NA
"control","GIB_BDI",-0.125339772659705,1.12208004453442,9,NA,NA,NA
"control","GIB_ECU",0.174385689533023,0.691883772339175,10,NA,NA,NA
"control","GIB_KAZ",-0.387377478221225,0.840433466467203,19,NA,NA,NA
"control","GIB_PHL",0.40273902290028,1.03025265306951,14,NA,NA,NA
"control","GMB_BLR",0.109853297195235,1.00309692569964,14,NA,NA,NA
"control","GMB_BRB",-0.175214065088049,0.841785482281853,19,NA,NA,NA
"control","GMB_KAZ",-0.081476196645852,0.993682231753701,13,NA,NA,NA
"control","GMB_KEN",-0.122712376883552,0.645964476907912,17,NA,NA,NA
"control","GMB_PNG",-0.00990681496250812,2.00499004563277,8,NA,NA,NA
"control","GMB_TTO",0.788686779369077,0.834828589195662,8,NA,NA,NA
"control","GNQ_BEN",0.205214499331941,0.610743460927045,17,NA,NA,NA
"control","GNQ_CZE",0.168441979647105,0.87439982504598,17,NA,NA,NA
"control","GNQ_SEN",-0.195993370285757,1.02634832738555,20,NA,NA,NA
"control","GRD_BLR",-0.293140916959329,1.42723346762231,15,NA,NA,NA
"control","GRD_BMU",0.0999937472673087,0.886349016780254,12,NA,NA,NA
"control","GRD_SLV",-0.177710039629342,1.05961500204669,11,NA,NA,NA
"control","GRD_TCA",0.121150760427473,1.74609382869753,8,NA,NA,NA
"control","GRL_BLR",-0.0344477039426691,0.878658566198795,11,NA,NA,NA
"control","GRL_GIN",-0.254367475884323,1.15908907358451,8,NA,NA,NA
"control","GRL_MEX",-0.0700980240869255,0.558851473392241,10,NA,NA,NA
"control","GTM_BEN",0.0476731892204282,0.921161863052147,17,NA,NA,NA
"control","GTM_BLR",0.0499702218987258,1.20471330477113,21,NA,NA,NA
"control","GTM_CAF",0.241684531182664,1.26634760137972,11,NA,NA,NA
"control","GTM_GIN",-0.200361019099377,0.976999779330042,13,NA,NA,NA
"control","GTM_GRL",0.761086641133745,0.376820349453222,11,NA,NA,NA
"control","GTM_MKD",0.12555140365145,1.31234219829964,21,NA,NA,NA
"control","GTM_MNG",-0.137636216616036,0.381050145481504,10,NA,NA,NA
"control","GTM_PYF",-0.300079838978124,0.858135100609677,21,NA,NA,NA
"control","GUY_AGO",0.0587227206415804,0.741649571038036,15,NA,NA,NA
"control","GUY_BLR",0.29450837967561,1.13333528398617,14,NA,NA,NA
"control","GUY_PYF",0.124733257580056,1.74604361660162,19,NA,NA,NA
"control","HKG_NCL",-0.164360533692993,0.923194374829794,18,NA,NA,NA
"control","HKG_PCN",0.100315540505576,0.694496210417493,10,NA,NA,NA
"control","HND_BEN",-0.0369660311291128,1.00634536241105,18,NA,NA,NA
"control","HND_BLR",-0.0131367196877504,1.24309162049324,21,NA,NA,NA
"control","HND_FJI",0.117618712669604,0.385021872531301,12,NA,NA,NA
"control","HND_KAZ",0.0798201356730774,0.744520477688092,20,NA,NA,NA
"control","HND_SUR",0.00235236727657512,0.92142446783952,21,NA,NA,NA
"control","HRV_BRB",0.450246836972926,1.45708122967679,10,NA,NA,NA
"control","HTI_BEN",0.177216027005102,1.14779247809972,9,NA,NA,NA
"control","HTI_MUS",-0.0667355239729051,1.33755240572144,21,NA,NA,NA
"control","HTI_SVN",0.142478009076175,1.3356459685349,22,NA,NA,NA
"control","HUN_ERI",-0.111795441287059,0.76078575330977,16,NA,NA,NA
"control","HUN_MHL",0.240888248109167,1.14782647850109,11,NA,NA,NA
"control","IDN_AIA",-0.0622768720772831,1.41370468818947,22,NA,NA,NA
"control","IDN_CCK",-0.00735409340700094,1.17757755213489,8,NA,NA,NA
"control","IDN_CXR",-0.309350997884314,1.09952848890524,18,NA,NA,NA
"control","IDN_FLK",0.30370245077842,1.10066483304387,11,NA,NA,NA
"control","IDN_KGZ",0.07080464856234,1.34159250660655,22,NA,NA,NA
"control","IDN_MSR",0.422905910455829,1.04351369921125,16,NA,NA,NA
"control","IDN_NAM",-0.125544634857129,0.531425497535114,22,NA,NA,NA
"control","IDN_NCL",0.191247504255829,1.17606751351524,22,NA,NA,NA
"control","IDN_NFK",0.0321761519397448,1.57852120805249,21,NA,NA,NA
"control","IDN_TCA",0.0161630941804177,1.15715391660142,22,NA,NA,NA
"control","IDN_TJK",-0.014442225524513,1.70830269708082,22,NA,NA,NA
"control","IDN_TKL",0.0487077744435399,0.839490162193549,17,NA,NA,NA
"control","IND_NCL",0.0524905575762796,0.459640124004231,22,NA,NA,NA
"control","IOT_BEN",0.0429440109921845,1.17552103899177,8,NA,NA,NA
"control","IOT_CHE",0.0563081643495139,1.1870408024398,13,NA,NA,NA
"control","IOT_ECU",0.331948868731027,0.955083976029667,10,NA,NA,NA
"control","IOT_THA",0.0449588063467762,0.961199128747659,21,NA,NA,NA
"control","IRN_AGO",0.225483548663453,1.23086057997843,18,NA,NA,NA
"control","IRN_HTI",0.531307571868904,1.25168790423806,11,NA,NA,NA
"control","IRN_NAM",0.0606786069118498,1.63291691661929,17,NA,NA,NA
"control","IRN_PNG",-0.110238191460704,0.444220903293562,9,NA,NA,NA
"control","IRN_TCD",0.382421395340246,0.540599588249691,12,NA,NA,NA
"control","IRQ_CRI",-0.0542789032980573,1.3048195294267,13,NA,NA,NA
"control","IRQ_TWN",0.345444514607624,1.27788850480547,22,NA,NA,NA
"control","ISL_BLR",0.172010961444658,0.577715071104073,22,NA,NA,NA
"control","ISL_HND",-0.160069561181222,0.946301862461197,20,NA,NA,NA
"control","ISL_QAT",-0.192457958948749,0.777115780571295,13,NA,NA,NA
"control","ISL_SLE",-0.432567709826615,0.458879571803781,8,NA,NA,NA
"control","ISL_SYC",-0.280546750870249,0.817438423264958,20,NA,NA,NA
"control","ISR_COM",0.430336964995848,0.728117733111207,12,NA,NA,NA
"control","ISR_NCL",-0.0472760579446765,1.41983808986597,20,NA,NA,NA
"control","JAM_ALB",0.267177587984519,0.893582748026171,9,NA,NA,NA
"control","JAM_AZE",-0.354990591722706,0.856018030851461,14,NA,NA,NA
"control","JAM_BEN",0.304903981796108,1.02990697992814,15,NA,NA,NA
"control","JAM_BLR",0.0783917084736555,1.44784773529416,22,NA,NA,NA
"control","JAM_MDA",-0.475182812359306,0.915898533793339,20,NA,NA,NA
"control","JOR_NIC",0.0275776968705036,1.09220095665117,20,NA,NA,NA
"control","JOR_PNG",0.185164415964527,0.167450687564694,8,NA,NA,NA
"control","JPN_NCL",-0.163424054700906,0.991594259991355,22,NA,NA,NA
"control","KAZ_ALB",0.291931422121622,1.59949439779389,17,NA,NA,NA
"control","KAZ_AND",0.123071175933232,0.719131846209169,16,NA,NA,NA
"control","KAZ_ARE",-0.244583562898644,0.671005990389505,22,NA,NA,NA
"control","KAZ_BEN",0.174966604597931,0.859765427092627,8,NA,NA,NA
"control","KAZ_BFA",0.154113023838048,1.09862980458352,14,NA,NA,NA
"control","KAZ_BGD",0.437732050036362,1.34636809645886,17,NA,NA,NA
"control","KAZ_CIV",-0.235168940439456,0.811530642447095,18,NA,NA,NA
"control","KAZ_CMR",-0.0731643891988247,1.44440210841218,12,NA,NA,NA
"control","KAZ_COD",0.126056791698037,1.83163661549109,10,NA,NA,NA
"control","KAZ_CUB",0.274212087476633,0.685702710411384,14,NA,NA,NA
"control","KAZ_DOM",0.0965350697592425,0.698644414910743,18,NA,NA,NA
"control","KAZ_ECU",0.011137062561275,1.21227266189033,20,NA,NA,NA
"control","KAZ_ETH",-0.33449053973931,0.556968471213412,17,NA,NA,NA
"control","KAZ_GHA",-0.215051665276458,0.75149334987573,20,NA,NA,NA
"control","KAZ_GIB",-0.113689384188017,1.1198454675858,11,NA,NA,NA
"control","KAZ_GTM",-0.113755578317971,0.87758094321616,15,NA,NA,NA
"control","KAZ_HKG",-0.233325756711097,0.873654206234685,22,NA,NA,NA
"control","KAZ_KEN",0.173696788168854,0.987874658282374,18,NA,NA,NA
"control","KAZ_LKA",0.0503270845297816,0.559095989387806,18,NA,NA,NA
"control","KAZ_MOZ",0.0352770920429926,1.46383832753042,15,NA,NA,NA
"control","KAZ_MUS",0.208135534188822,1.50270080776225,9,NA,NA,NA
"control","KAZ_NER",0.334015755622949,2.24607055575588,8,NA,NA,NA
"control","KAZ_NGA",0.0311356494711673,1.32190353334327,20,NA,NA,NA
"control","KAZ_NIC",0.210704508222837,1.67618199218171,12,NA,NA,NA
"control","KAZ_PAN",0.0669366640728225,1.03564656332464,18,NA,NA,NA
"control","KAZ_PER",0.00861846468936071,1.09781637534302,21,NA,NA,NA
"control","KAZ_QAT",-0.297747348638086,0.826876480512497,21,NA,NA,NA
"control","KAZ_SDN",-0.377573667192164,0.8720442658319,17,NA,NA,NA
"control","KAZ_SYR",-0.0312888335413022,0.593558493073942,17,NA,NA,NA
"control","KAZ_TTO",-0.0487482202586584,1.09236393153079,19,NA,NA,NA
"control","KAZ_URY",0.450870017667155,3.43838525602908,8,NA,NA,NA
"control","KAZ_VEN",0.0181684100356973,0.800339715627077,20,NA,NA,NA
"control","KAZ_VGB",-0.124358057402736,0.846639092304228,20,NA,NA,NA
"control","KAZ_VNM",-0.255432106695406,0.922495332111949,17,NA,NA,NA
"control","KAZ_YEM",-0.0944632898276722,0.319621268706641,13,NA,NA,NA
"control","KEN_HND",-0.0361819592775484,0.785155317186283,18,NA,NA,NA
"control","KEN_KAZ",-0.00710004451110631,0.821980312163759,22,NA,NA,NA
"control","KEN_LTU",0.0817466794723167,0.678962299883119,22,NA,NA,NA
"control","KGZ_COL",0.431562947809692,0.513115952900759,20,NA,NA,NA
"control","KGZ_HKG",0.172104425514878,0.885303303899794,19,NA,NA,NA
"control","KGZ_PNG",0.483944198345884,0.379463177891104,8,NA,NA,NA
"control","KGZ_SLV",0.15516828126419,0.864069524895903,12,NA,NA,NA
"control","KGZ_SYR",0.0345704631262001,2.33518611835491,17,NA,NA,NA
"control","KGZ_ZMB",0.0219093007699428,0.393611102360514,15,NA,NA,NA
"control","KHM_AZE",0.520092029906171,0.745664070877746,13,NA,NA,NA
"control","KHM_BFA",0.00163700673946435,0.951705390589632,18,NA,NA,NA
"control","KHM_BLR",-0.0934290477771502,1.03889407311166,21,NA,NA,NA
"control","KHM_CIV",0.119858780940984,0.817531123683026,21,NA,NA,NA
"control","KHM_NGA",-0.246541433166237,0.976534595065818,19,NA,NA,NA
"control","KHM_ZWE",0.0809317526022755,1.20391820725116,15,NA,NA,NA
"control","KIR_BEN",0.157481702044999,0.625401320793177,10,NA,NA,NA
"control","KIR_HRV",-0.0352187781136906,1.25357300860013,12,NA,NA,NA
"control","KIR_UKR",0.230814918023097,0.657535783659497,8,NA,NA,NA
"control","KNA_CZE",-0.0638446631797269,0.261765136406775,8,NA,NA,NA
"control","KNA_HUN",-0.0523060073633362,1.181401730662,10,NA,NA,NA
"control","KNA_SVK",-0.304832949577726,0.428219268233672,9,NA,NA,NA
"control","KOR_AIA",-0.362870381953706,1.00169823836488,22,NA,NA,NA
"control","KOR_NCL",-0.0285456078614079,0.490482064697244,22,NA,NA,NA
"control","KWT_BEN",0.35803410066259,1.42945336918377,22,NA,NA,NA
"control","KWT_KAZ",-0.426530077766757,2.11245358125006,19,NA,NA,NA
"control","KWT_LTU",0.240815464291589,0.714451667902489,19,NA,NA,NA
"control","KWT_MAC",0.230203414633723,0.688122968032734,10,NA,NA,NA
"control","KWT_PER",0.163645756652682,0.631902817227925,17,NA,NA,NA
"control","KWT_PNG",-0.145577918205276,2.59246334503234,14,NA,NA,NA
"control","KWT_SLV",-0.178702759711102,0.549454534981569,12,NA,NA,NA
"control","KWT_URY",-0.148517580293212,1.58060703533215,16,NA,NA,NA
"control","LAO_ETH",-0.0504640498133363,1.47270240045631,11,NA,NA,NA
"control","LAO_RWA",0.260649930906907,0.601069600181637,10,NA,NA,NA
"control","LBN_AFG",-0.241014591217557,0.989191926587971,21,NA,NA,NA
"control","LBN_ATG",-0.397040504436315,0.434233545459326,21,NA,NA,NA
"control","LBN_COM",-0.137917164976593,1.07048508428634,16,NA,NA,NA
"control","LBN_CXR",-0.414624105118781,1.51865989104011,8,NA,NA,NA
"control","LBN_MDV",-0.105177505506565,0.878797203392095,20,NA,NA,NA
"control","LBN_MNG",-0.410463140371015,1.0223066667631,13,NA,NA,NA
"control","LBN_NPL",0.17998237784179,1.09184178733237,15,NA,NA,NA
"control","LBN_PNG",-0.21686951244909,0.846292208626762,8,NA,NA,NA
"control","LBN_SOM",-0.692579317829564,0.786176543035532,14,NA,NA,NA
"control","LBR_BLR",0.514962401943575,1.08797542069647,13,NA,NA,NA
"control","LBR_ETH",-0.404509192961341,0.818866909061418,14,NA,NA,NA
"control","LBR_KAZ",-0.0940493463280906,0.337229080185319,10,NA,NA,NA
"control","LBR_LBN",-0.178732199311769,1.05766881981574,21,NA,NA,NA
"control","LBR_SLV",-0.263363877912063,0.429448973182293,8,NA,NA,NA
"control","LCA_ALB",-0.227736703320421,0.371815006570083,9,NA,NA,NA
"control","LCA_ARE",0.0649621800637623,0.755147913641304,14,NA,NA,NA
"control","LKA_NCL",0.32911403825028,1.18758887635062,21,NA,NA,NA
"control","LSO_SAU",-0.0328251213168095,1.03185909060327,21,NA,NA,NA
"control","LTU_MMR",-0.0746936917556828,0.461080320371198,16,NA,NA,NA
"control","LVA_BEN",-0.0790626757117856,1.02605877104627,21,NA,NA,NA
"control","LVA_CAF",-0.109553244129335,0.976731649763035,9,NA,NA,NA
"control","LVA_DMA",0.145905203905535,0.702085364479793,8,NA,NA,NA
"control","LVA_IRQ",-0.411046212248776,0.894808067581202,21,NA,NA,NA
"control","LVA_KHM",0.16549354065948,1.04366288311815,22,NA,NA,NA
"control","LVA_LAO",-0.041239224966638,0.9669163766014,16,NA,NA,NA
"control","LVA_MLI",-0.317044571710632,0.77306799260859,21,NA,NA,NA
"control","LVA_PRY",-0.0593631860508452,1.10798085048869,21,NA,NA,NA
"control","LVA_UGA",0.414858842921563,0.734028402083611,19,NA,NA,NA
"control","MAC_BIH",0.276237238483515,1.20639639334801,22,NA,NA,NA
"control","MAC_BLR",0.127518887012083,1.08594879823362,18,NA,NA,NA
"control","MAC_BRB",0.405200916140547,0.826545753244393,22,NA,NA,NA
"control","MAC_NCL",0.162555491143343,0.981852886485914,18,NA,NA,NA
"control","MAR_KGZ",0.151124283083796,1.31245945901057,22,NA,NA,NA
"control","MAR_NCL",-0.43743146795141,0.615807826856997,22,NA,NA,NA
"control","MAR_PNG",-0.22298213184391,0.442004244196259,12,NA,NA,NA
"control","MAR_SLB",0.0726685789326848,0.359037735308498,9,NA,NA,NA
"control","MDA_COG",0.543372631660551,0.903107535082983,20,NA,NA,NA
"control","MDA_NER",0.12803206035172,1.48774404970893,13,NA,NA,NA
"control","MDA_VGB",-0.590513719546818,1.47181684854564,11,NA,NA,NA
"control","MDG_AND",-0.093393947599523,1.28542160334422,20,NA,NA,NA
"control","MDG_BLR",-0.0812640946752708,1.14787434181669,18,NA,NA,NA
"control","MDG_EST",0.355038429917409,0.766303667815158,13,NA,NA,NA
"control","MDG_GRL",-0.299256285162401,1.6679466321182,12,NA,NA,NA
"control","MDG_KAZ",-0.038681963007577,0.298415032269568,20,NA,NA,NA
"control","MDG_NCL",0.283321734975325,0.944256782857071,22,NA,NA,NA
"control","MDG_PHL",0.0276522199806449,1.0966919706492,21,NA,NA,NA
"control","MDV_CYP",0.00361380629323764,0.982221326647175,11,NA,NA,NA
"control","MDV_EST",-0.270433794401485,0.926153331094533,14,NA,NA,NA
"control","MDV_KWT",0.282954291614211,1.6117774666472,17,NA,NA,NA
"control","MDV_UKR",0.0749676808811812,0.658234314039665,11,NA,NA,NA
"control","MDV_ZAF",0.407101701527798,1.32557994350165,21,NA,NA,NA
"control","MEX_AIA",-0.148968257497779,1.03817052938045,16,NA,NA,NA
"control","MEX_BIH",-0.00821641896679733,0.632415211832885,19,NA,NA,NA
"control","MEX_NCL",0.266251222527542,0.834029144450587,18,NA,NA,NA
"control","MHL_CZE",0.10127527486741,1.32043532808088,14,NA,NA,NA
"control","MHL_IDN",-0.0626822180711212,0.552777373377552,22,NA,NA,NA
"control","MHL_IRL",0.0492914812389495,0.881351601216942,9,NA,NA,NA
"control","MHL_ITA",0.108578282486372,0.814045432174251,20,NA,NA,NA
"control","MHL_PHL",-0.00478498114244018,0.804001295727993,21,NA,NA,NA
"control","MHL_THA",0.135096032040965,0.832020823439837,22,NA,NA,NA
"control","MKD_BHR",-0.00121013935773551,0.933413177761853,21,NA,NA,NA
"control","MKD_BMU",-0.15178958179905,0.545502873085876,10,NA,NA,NA
"control","MKD_GIN",-0.391253467110119,1.03926066920998,9,NA,NA,NA
"control","MKD_MAR",-0.158144449578678,0.867811550217856,22,NA,NA,NA
"control","MKD_MUS",0.0779623185066536,0.683302661188391,18,NA,NA,NA
"control","MKD_OMN",-0.179765779827116,0.862644306259929,13,NA,NA,NA
"control","MKD_PRK",0.041315341647266,1.39928299144897,11,NA,NA,NA
"control","MKD_VGB",-0.289426402641841,0.790185141207949,9,NA,NA,NA
"control","MLI_ARG",-0.14664220529222,1.90333396346475,12,NA,NA,NA
"control","MLI_BOL",-0.329980800753543,0.729180238044803,19,NA,NA,NA
"control","MLI_MOZ",0.0614643390214341,0.695979724525924,15,NA,NA,NA
"control","MLT_BLR",-0.0401220950734519,1.24845274529724,22,NA,NA,NA
"control","MLT_GUY",0.250672176096418,1.23274883129135,8,NA,NA,NA
"control","MLT_HTI",-0.0706771412789159,0.696874202168607,13,NA,NA,NA
"control","MLT_KHM",0.285818602049533,0.866340272721938,14,NA,NA,NA
"control","MMR_BFA",0.58483509232323,0.811247821188037,15,NA,NA,NA
"control","MMR_BLR",0.165677262963747,0.576213936051074,20,NA,NA,NA
"control","MMR_BRB",0.0951711635927129,0.446827815171368,10,NA,NA,NA
"control","MMR_SLV",0.332189235462112,1.04708975388199,12,NA,NA,NA
"control","MNG_ARM",-0.27910507223364,0.453826337820582,10,NA,NA,NA
"control","MNG_BLR",-0.0208783468026732,0.691270793701167,18,NA,NA,NA
"control","MNG_ISR",0.24605007062375,0.791154472971783,18,NA,NA,NA
"control","MNG_JOR",0.256601238638924,1.27823325103607,11,NA,NA,NA
"control","MNG_MKD",0.0289241687962931,0.766089356150707,12,NA,NA,NA
"control","MNG_ZWE",-0.179159887423195,0.911720803139916,9,NA,NA,NA
"control","MNP_COL",-0.103926209283829,1.69945156963861,17,NA,NA,NA
"control","MNP_IDN",0.251628146033376,0.657141417915209,14,NA,NA,NA
"control","MNP_PER",-0.0537353503637125,0.479801167375368,20,NA,NA,NA
"control","MNP_SWE",0.357416188855989,1.05650835299578,19,NA,NA,NA
"control","MOZ_BFA",0.280836969390092,0.594054836411509,14,NA,NA,NA
"control","MOZ_ISR",-0.284272423442725,0.784323584628557,17,NA,NA,NA
"control","MOZ_LBN",0.0872317214618133,1.06940005168404,22,NA,NA,NA
"control","MOZ_PNG",-0.479976883635324,0.824179388836398,8,NA,NA,NA
"control","MOZ_PYF",0.0798250218909788,1.49682711974633,10,NA,NA,NA
"control","MRT_BLR",-0.496200240014091,0.965495350405091,21,NA,NA,NA
"control","MRT_KAZ",0.0795870238234009,1.69626129239805,17,NA,NA,NA
"control","MRT_NIC",0.204841835659965,0.853955095910619,19,NA,NA,NA
"control","MUS_BLR",-0.718561367473504,0.76864894280881,22,NA,NA,NA
"control","MUS_IOT",0.0273792559300909,1.35199731019771,8,NA,NA,NA
"control","MUS_KGZ",0.678963398739114,0.674564671131597,15,NA,NA,NA
"control","MUS_KHM",0.31506571795735,1.15366843915139,20,NA,NA,NA
"control","MUS_LBR",-0.129254617209117,0.827472336186452,15,NA,NA,NA
"control","MUS_NCL",-0.318414343469851,0.890157661907894,22,NA,NA,NA
"control","MUS_NIU",-0.143815049329948,1.08636107030453,12,NA,NA,NA
"control","MUS_PNG",-0.0954517212071391,1.395401077817,12,NA,NA,NA
"control","MUS_QAT",0.109418628944832,1.61286925511324,21,NA,NA,NA
"control","MWI_DOM",0.376483817422382,0.954679811390116,17,NA,NA,NA
"control","MWI_KGZ",-0.232888695226148,1.39910703938461,13,NA,NA,NA
"control","MWI_KWT",0.47213554131954,0.995686383117928,17,NA,NA,NA
"control","MWI_LVA",0.308232145311675,0.996357085942775,12,NA,NA,NA
"control","MWI_MRT",0.22160263240872,1.49761903343787,16,NA,NA,NA
"control","MWI_NIC",0.158772647058925,1.678473476611,12,NA,NA,NA
"control","MWI_VCT",-0.129127079310767,0.565899267296858,9,NA,NA,NA
"control","MYS_NCL",-0.145781302859076,1.0738820849992,22,NA,NA,NA
"control","NAM_BHS",-0.0526249387843661,0.971984089309818,21,NA,NA,NA
"control","NAM_HRV",-0.00358218406294779,1.20324138087803,17,NA,NA,NA
"control","NAM_MLT",0.164506490427438,1.26012109452018,17,NA,NA,NA
"control","NAM_SVK",0.0966137924510227,0.661311412483581,16,NA,NA,NA
"control","NCL_AUS",-0.175924950178871,1.03233134930144,22,NA,NA,NA
"control","NCL_BOL",-0.0691362594022888,0.646749493383547,19,NA,NA,NA
"control","NCL_CAN",-0.0243709640026991,1.14077176705765,22,NA,NA,NA
"control","NCL_CHE",-0.100013769684902,0.931861244280984,19,NA,NA,NA
"control","NCL_CHN",-0.0528616598211009,1.00341769362381,22,NA,NA,NA
"control","NCL_CRI",0.174762566630499,0.789901417147772,20,NA,NA,NA
"control","NCL_DZA",0.3939513882735,1.00020320007652,11,NA,NA,NA
"control","NCL_ECU",-0.179905275056001,0.416802348475914,11,NA,NA,NA
"control","NCL_ETH",0.478447125657812,0.571378768915246,10,NA,NA,NA
"control","NCL_GHA",-0.418283934486874,1.49623444748791,11,NA,NA,NA
"control","NCL_GIN",0.48647741034857,1.40898046009373,9,NA,NA,NA
"control","NCL_HKG",-0.116616032860024,1.16721474565452,18,NA,NA,NA
"control","NCL_IDN",0.115899832680401,0.787686667344513,22,NA,NA,NA
"control","NCL_IND",-0.0498555810591197,0.980072579325212,22,NA,NA,NA
"control","NCL_JPN",0.112043783058645,1.20344984654755,22,NA,NA,NA
"control","NCL_KOR",0.20281867800917,0.803655982288868,22,NA,NA,NA
"control","NCL_LBN",0.0937295144191215,1.247612742905,17,NA,NA,NA
"control","NCL_NIC",0.0725000221877291,0.857299487828502,16,NA,NA,NA
"control","NCL_NZL",0.191573751031412,1.91031399991439,22,NA,NA,NA
"control","NCL_PAK",-0.242006697376293,1.13425024291652,18,NA,NA,NA
"control","NCL_PHL",0.386379635347386,1.648076549361,18,NA,NA,NA
"control","NCL_PNG",-0.0397696023429799,0.623263521671765,15,NA,NA,NA
"control","NCL_PYF",-0.176574689497988,1.16150770623631,22,NA,NA,NA
"control","NCL_RWA",0.251555272903036,1.43854716989852,15,NA,NA,NA
"control","NCL_SGP",-0.0799392562300441,1.01888381647773,22,NA,NA,NA
"control","NCL_THA",-0.0559552863600494,0.642604769381596,22,NA,NA,NA
"control","NCL_TWN",-0.0372100534897162,1.01370247278588,22,NA,NA,NA
"control","NCL_TZA",0.153290460460759,0.807334173428191,18,NA,NA,NA
"control","NCL_UKR",0.222559834306027,0.827010268929715,18,NA,NA,NA
"control","NCL_USA",0.0353738201757158,0.950227920553127,22,NA,NA,NA
"control","NER_BGD",0.0657678235028862,1.22995279043151,15,NA,NA,NA
"control","NER_KAZ",0.0185064431762601,1.37559876095401,8,NA,NA,NA
"control","NER_RUS",0.174151401079686,1.65097710692658,20,NA,NA,NA
"control","NER_TTO",0.142356296018519,0.882241358003312,11,NA,NA,NA
"control","NER_YEM",-0.0667558200614637,2.38282225360998,10,NA,NA,NA
"control","NFK_CZE",0.479103290064807,0.834222634846604,13,NA,NA,NA
"control","NFK_GHA",0.112174071965204,1.80752935247189,15,NA,NA,NA
"control","NGA_BLR",0.0709609531884881,0.89448412835396,22,NA,NA,NA
"control","NGA_BRB",-0.254528452339175,0.889131793108429,21,NA,NA,NA
"control","NGA_GEO",0.111734162472539,0.67578443407177,15,NA,NA,NA
"control","NGA_KAZ",-0.0268036134531045,1.27164774703747,21,NA,NA,NA
"control","NGA_NPL",-0.164075964070074,0.664869481710044,12,NA,NA,NA
"control","NGA_PNG",-0.215489734742902,1.99393930317295,11,NA,NA,NA
"control","NGA_YEM",0.0512191430180461,1.22089709670158,17,NA,NA,NA
"control","NIC_BLR",0.494952976099939,1.35084790921212,19,NA,NA,NA
"control","NIC_BRB",0.323345337689097,0.709001101933251,21,NA,NA,NA
"control","NIC_KEN",0.284145505418887,1.55632304959998,17,NA,NA,NA
"control","NIC_KWT",-0.517674350999608,0.618385069574896,17,NA,NA,NA
"control","NIC_UKR",-0.0846147649918759,1.46663555008971,21,NA,NA,NA
"control","NIC_ZMB",0.0572310735296541,1.40905977853296,21,NA,NA,NA
"control","NIU_EST",-0.0436545739946848,1.29907647311764,10,NA,NA,NA
"control","NIU_GEO",-0.361956341154794,1.32412604686489,11,NA,NA,NA
"control","NIU_KAZ",-0.0654438841144079,0.568768966248589,13,NA,NA,NA
"control","NIU_MEX",-0.106761309759173,0.732393748992082,9,NA,NA,NA
"control","NIU_SDN",0.251246644355519,0.319474397695794,9,NA,NA,NA
"control","NOR_NCL",0.15726207053853,0.8127178700287,22,NA,NA,NA
"control","NPL_BLR",0.126357244771589,1.5312529104005,22,NA,NA,NA
"control","NPL_BOL",-0.120574685916447,0.6678253488664,17,NA,NA,NA
"control","NPL_ECU",-0.267912970296387,1.20418897225539,20,NA,NA,NA
"control","NPL_MMR",-0.0891988598121693,0.944356658774053,13,NA,NA,NA
"control","NPL_PAN",0.373003392109866,0.72945368990922,10,NA,NA,NA
"control","NPL_RWA",-0.540461465229103,1.49529846302932,10,NA,NA,NA
"control","NPL_SLV",0.479096611744189,1.04614442890993,11,NA,NA,NA
"control","NRU_ECU",0.364320092720576,1.42250085324728,9,NA,NA,NA
"control","NZL_NCL",-0.337192596767861,1.18723344695257,22,NA,NA,NA
"control","OMN_ALB",0.00873458175038252,0.982669887318021,12,NA,NA,NA
"control","OMN_BFA",0.582106965386239,0.690258999141996,13,NA,NA,NA
"control","OMN_NER",0.236206448844672,1.20259285505558,17,NA,NA,NA
"control","PAN_BEN",-0.342759802217601,0.935951499313891,20,NA,NA,NA
"control","PAN_BLR",0.232243798658865,0.886512489365637,22,NA,NA,NA
"control","PAN_KAZ",-0.157499374104454,1.85802798724535,22,NA,NA,NA
"control","PAN_RWA",-0.243716278737335,0.986565065447847,13,NA,NA,NA
"control","PCN_CRI",-0.32910353728562,1.10744299398642,11,NA,NA,NA
"control","PCN_KOR",0.740320403993537,2.04196719726355,16,NA,NA,NA
"control","PCN_SDN",-0.384224479662986,1.8342942385596,9,NA,NA,NA
"control","PER_BDI",0.215735056756567,1.13378331109263,9,NA,NA,NA
"control","PHL_AFG",0.177339836435826,0.96470205311728,22,NA,NA,NA
"control","PHL_AZE",-0.26797003178113,0.649962302435846,22,NA,NA,NA
"control","PHL_DJI",-0.292768562106426,0.811417535242077,21,NA,NA,NA
"control","PHL_GNB",-0.425246290513962,0.629875609337122,14,NA,NA,NA
"control","PHL_MDA",0.00356818554969524,1.41476233768631,22,NA,NA,NA
"control","PHL_NCL",-0.362886575458758,1.04426400523636,22,NA,NA,NA
"control","PHL_NFK",0.171169923017202,0.485160374827901,11,NA,NA,NA
"control","PHL_RWA",-0.292134055351559,1.0033625269073,20,NA,NA,NA
"control","PHL_SHN",0.64508500229123,1.20013382263678,13,NA,NA,NA
"control","PHL_SOM",-0.141937641404085,1.25898374699452,18,NA,NA,NA
"control","PLW_AUS",-0.356710630402185,1.34035065854326,19,NA,NA,NA
"control","PLW_IDN",-0.0818793758049405,1.68849410556202,11,NA,NA,NA
"control","PNG_MUS",-0.12896402272792,0.815020030720957,16,NA,NA,NA
"control","PNG_NCL",-0.206895199694324,0.691420401233173,18,NA,NA,NA
"control","PNG_RUS",-0.0438851193320927,1.02841838517813,22,NA,NA,NA
"control","PNG_UKR",0.167631403627665,0.972641766265637,19,NA,NA,NA
"control","POL_CPV",0.0854272378999063,0.784998159861572,22,NA,NA,NA
"control","PRK_BLR",0.275620282931413,1.7374541033043,22,NA,NA,NA
"control","PRK_CPV",0.167772422815837,0.641315469397169,15,NA,NA,NA
"control","PRK_KAZ",0.00893223765034647,0.817176365518792,15,NA,NA,NA
"control","PRK_PNG",-0.478757345142431,1.0402039243361,8,NA,NA,NA
"control","PRK_PRY",0.524471516613266,1.97168744021171,12,NA,NA,NA
"control","PRT_FSM",-0.0376088774874881,1.14510991867246,14,NA,NA,NA
"control","PRT_SWZ",0.0382138422880341,0.905531159733178,16,NA,NA,NA
"control","PRY_KAZ",0.0897950788846638,0.903907208432608,15,NA,NA,NA
"control","PRY_RWA",0.0846695393367238,0.931299726700477,9,NA,NA,NA
"control","PYF_ANT",-0.184327165049379,0.651381167880305,10,NA,NA,NA
"control","PYF_ECU",-0.568219054520327,0.609701189239326,10,NA,NA,NA
"control","PYF_KAZ",-0.111714733445843,1.68356697135927,12,NA,NA,NA
"control","PYF_LBN",0.286848478983963,1.1179507632248,21,NA,NA,NA
"control","PYF_MUS",0.217330452070869,0.89206880973844,18,NA,NA,NA
"control","PYF_NCL",-0.191516909892117,0.504167956903526,22,NA,NA,NA
"control","QAT_AZE",0.0418206413509881,0.849196906515927,20,NA,NA,NA
"control","QAT_BEN",-0.594196651741391,0.743963647012548,16,NA,NA,NA
"control","QAT_BFA",-0.0164770476624638,1.14075916959707,21,NA,NA,NA
"control","QAT_BGR",0.281564064040288,0.72027598736859,22,NA,NA,NA
"control","QAT_FRO",0.633060987469147,1.25005075992357,10,NA,NA,NA
"control","QAT_KAZ",0.0981318254843758,1.54193557473862,21,NA,NA,NA
"control","QAT_MDG",0.287173363399794,1.35167951268954,22,NA,NA,NA
"control","QAT_MLI",0.274756345176037,0.864691972009933,19,NA,NA,NA
"control","QAT_NPL",0.0823126140334954,0.818635377288473,20,NA,NA,NA
"control","ROU_SWZ",0.516197484601902,1.17358464233188,11,NA,NA,NA
"control","ROU_VUT",-0.196447668068918,0.942284779224057,15,NA,NA,NA
"control","RUS_SLB",0.122384758718651,0.353072564473018,14,NA,NA,NA
"control","RUS_STP",-0.137501822424239,0.97995618677131,18,NA,NA,NA
"control","RWA_BGR",0.102982670750914,1.3657443401833,14,NA,NA,NA
"control","RWA_BLR",-0.111893559548897,1.1847907923877,11,NA,NA,NA
"control","RWA_BRB",0.469874661958738,0.566217014769019,8,NA,NA,NA
"control","RWA_HKG",0.0199493688302887,1.18098066990007,22,NA,NA,NA
"control","RWA_KAZ",-0.293444887495901,0.645413471861081,18,NA,NA,NA
"control","RWA_PHL",-0.332062722842939,0.577735066146394,11,NA,NA,NA
"control","RWA_ROU",-0.176506073899931,1.02597458084407,22,NA,NA,NA
"control","RWA_RUS",0.0140787440121939,0.415600008003116,22,NA,NA,NA
"control","RWA_SEN",0.0207362773426503,0.784462454947259,19,NA,NA,NA
"control","RWA_UKR",-0.180050361269778,0.579908222263047,19,NA,NA,NA
"control","SAU_BLZ",0.170506606777388,0.476591192144922,18,NA,NA,NA
"control","SDN_BLR",-0.308507398414409,1.1861031342508,21,NA,NA,NA
"control","SDN_DOM",-0.106200383630873,0.615463363127603,18,NA,NA,NA
"control","SDN_PYF",-0.136380718226867,1.25610155384074,12,NA,NA,NA
"control","SEN_CRI",-0.122950757845956,0.991573643441007,21,NA,NA,NA
"control","SEN_DJI",0.0173542596221813,0.918058920428304,19,NA,NA,NA
"control","SEN_MKD",-0.105609534873278,0.510940688140835,20,NA,NA,NA
"control","SEN_OMN",0.289934134697126,0.900999317357058,10,NA,NA,NA
"control","SEN_PNG",-0.212190307009915,0.700147460104057,18,NA,NA,NA
"control","SEN_VEN",-0.0301072708210029,0.721229434023206,13,NA,NA,NA
"control","SGP_ATF",-0.00383473887701746,1.27491870040334,10,NA,NA,NA
"control","SGP_COK",0.250941006208628,0.648788715780825,18,NA,NA,NA
"control","SGP_NCL",-0.37668743276141,1.25152714588172,22,NA,NA,NA
"control","SGP_SWZ",-0.00137416677449735,1.33981428045451,21,NA,NA,NA
"control","SHN_KAZ",0.511898582940088,0.695957316618802,12,NA,NA,NA
"control","SHN_PNG",0.280534037371446,0.741045967936017,8,NA,NA,NA
"control","SLB_BGD",-0.0220969134451461,0.796852332400608,17,NA,NA,NA
"control","SLE_HKG",-0.364332836882769,0.773702304207126,21,NA,NA,NA
"control","SLE_KAZ",0.0483724773410188,1.22602609970846,18,NA,NA,NA
"control","SLE_OMN",-0.282658931755102,1.98563105655937,8,NA,NA,NA
"control","SLE_PNG",-0.227204276901582,1.84399076037347,8,NA,NA,NA
"control","SLE_UKR",0.401132912034923,0.8912869076883,18,NA,NA,NA
"control","SLE_URY",0.160028030751359,0.989630040739644,16,NA,NA,NA
"control","SLV_AZE",-0.173775491144907,1.10065827577531,14,NA,NA,NA
"control","SLV_BLR",-0.0614056088119548,1.02849461740395,19,NA,NA,NA
"control","SLV_IRN",0.365314095377341,1.08403488916187,9,NA,NA,NA
"control","SLV_KAZ",-0.0889222809530427,1.31623909898423,19,NA,NA,NA
"control","SOM_HKG",-0.0636739321343652,1.11764689575949,22,NA,NA,NA
"control","SOM_MLT",0.0072835430998316,1.46786620715643,11,NA,NA,NA
"control","SOM_YEM",-0.0856878998938485,0.720396841857224,17,NA,NA,NA
"control","SPM_IND",0.217208744567809,0.723804937227457,11,NA,NA,NA
"control","STP_BEN",-0.593306376782503,1.00666640535947,9,NA,NA,NA
"control","STP_ROU",-0.0391594837595233,1.23034709142717,10,NA,NA,NA
"control","STP_RUS",-0.375379066618941,0.976789600633914,13,NA,NA,NA
"control","STP_TUR",0.316738560351168,0.810164044102382,16,NA,NA,NA
"control","SUR_BEN",0.27676683801863,1.05453442255873,10,NA,NA,NA
"control","SUR_GMB",-0.640491686113055,1.03844147261124,10,NA,NA,NA
"control","SUR_GRL",-0.101509684426306,0.727780859826069,8,NA,NA,NA
"control","SUR_KAZ",0.48306977668327,1.33189312863692,13,NA,NA,NA
"control","SVK_DJI",0.0336574783500826,1.83370235712228,18,NA,NA,NA
"control","SVK_ERI",0.308321979943062,1.54898436756861,13,NA,NA,NA
"control","SVK_WSM",-0.250108265360419,0.915845495843672,10,NA,NA,NA
"control","SVN_MMR",-0.14010977538901,1.24489762733525,15,NA,NA,NA
"control","SWE_PLW",-0.226561475009596,1.10350544606609,17,NA,NA,NA
"control","SWZ_BGD",-0.0177996666560632,0.989218198436762,18,NA,NA,NA
"control","SWZ_MYS",0.0171610088760567,0.517031141207713,22,NA,NA,NA
"control","SWZ_ROU",-0.166546390022407,0.985031644280809,17,NA,NA,NA
"control","SYC_ARG",-0.116017311727239,0.831963920409592,14,NA,NA,NA
"control","SYC_BLR",0.185687779043184,1.78599309791314,15,NA,NA,NA
"control","SYC_CHN",0.18257816988871,1.43186493036908,22,NA,NA,NA
"control","SYC_CUB",0.379241650548319,1.09933494843401,14,NA,NA,NA
"control","SYC_NOR",-0.154574800638142,0.975978232536676,22,NA,NA,NA
"control","SYR_BLR",-0.0899662032475739,1.2768562569784,22,NA,NA,NA
"control","SYR_KAZ",0.0124602595008914,1.31091914464333,20,NA,NA,NA
"control","SYR_PRK",-0.463742139651844,0.678033599958241,10,NA,NA,NA
"control","TCA_IND",0.0155631454861004,1.11519325608254,20,NA,NA,NA
"control","TCA_KAZ",-0.0203496495008576,1.04912481975509,14,NA,NA,NA
"control","TCA_MDG",0.139552092244274,1.17379367552474,15,NA,NA,NA
"control","TCD_BEN",0.218949065714393,1.20232541265862,17,NA,NA,NA
"control","TCD_CIV",0.133220568904223,0.289589264767428,12,NA,NA,NA
"control","TCD_EST",-0.281095220329791,1.34915673073784,10,NA,NA,NA
"control","TCD_ETH",0.169001564138074,1.10274254566937,19,NA,NA,NA
"control","TCD_RUS",0.474578391117538,0.649889058199526,19,NA,NA,NA
"control","TGO_KWT",0.081237023404486,0.944357634411564,9,NA,NA,NA
"control","TGO_MOZ",0.483515168144157,1.39337347480254,17,NA,NA,NA
"control","TGO_PER",-0.116715853539821,1.64950809764013,15,NA,NA,NA
"control","TGO_SLV",0.0111850846225386,1.084178782664,12,NA,NA,NA
"control","TGO_SYC",-0.146004782269849,2.0323939562582,12,NA,NA,NA
"control","TGO_VEN",-0.0697300532608111,1.17374449618276,8,NA,NA,NA
"control","THA_NCL",0.0595354272557568,1.00422297365346,22,NA,NA,NA
"control","TJK_AUS",0.270162783759829,1.40387204446149,20,NA,NA,NA
"control","TJK_SLV",0.365232602184217,0.501417645782076,9,NA,NA,NA
"control","TKL_PNG",-0.189169888703224,0.207498167915312,8,NA,NA,NA
"control","TKM_AUS",0.245599531394927,1.19206304138923,19,NA,NA,NA
"control","TKM_BGD",0.0727199549853752,1.1589772915799,11,NA,NA,NA
"control","TKM_BLR",-0.218866697460678,1.2622722733826,22,NA,NA,NA
"control","TKM_ISR",-0.205466139553703,0.740618455779136,19,NA,NA,NA
"control","TON_CZE",0.218711900703495,0.643566613551103,15,NA,NA,NA
"control","TON_GHA",0.191814852984405,2.16258802197041,9,NA,NA,NA
"control","TON_IND",0.285315395496104,0.434709589546587,14,NA,NA,NA
"control","TON_NLD",0.0323304369564188,0.598085983757879,15,NA,NA,NA
"control","TON_SVK",0.0875569497080221,0.763305072407322,18,NA,NA,NA
"control","TTO_ATF",-0.0377745636810728,0.656374897777268,17,NA,NA,NA
"control","TTO_KAZ",0.191478460077964,0.828748018008318,16,NA,NA,NA
"control","TTO_MDA",0.376023534146262,0.581893638095302,9,NA,NA,NA
"control","TTO_SYC",-0.0818116671513494,0.91764085443792,14,NA,NA,NA
"control","TTO_UKR",0.108773931402345,1.41696360267041,17,NA,NA,NA
"control","TUN_AZE",0.293489109429832,0.599840527141822,22,NA,NA,NA
"control","TUN_BLR",0.0682177756382534,0.770931979798854,22,NA,NA,NA
"control","TUN_COM",-0.0781474398279172,1.15389314635927,17,NA,NA,NA
"control","TUN_DOM",0.0615694359728662,0.735482909934375,21,NA,NA,NA
"control","TUN_NCL",0.0616584165683104,0.904481011191982,22,NA,NA,NA
"control","TUN_PNG",0.37890517105999,1.62248813492764,9,NA,NA,NA
"control","TUN_WLF",0.0804074399758386,0.257588557050744,9,NA,NA,NA
"control","TUR_IOT",-0.334223313272106,1.11846360570106,16,NA,NA,NA
"control","TUR_SPM",-0.421189975285954,0.788354368344773,11,NA,NA,NA
"control","TUV_KAZ",0.41353763290198,0.386310110852642,10,NA,NA,NA
"control","TWN_ANT",-0.546496625451341,0.903240949434323,11,NA,NA,NA
"control","TWN_BTN",0.338731328649392,0.608440199008942,21,NA,NA,NA
"control","TWN_COK",0.295121764217699,0.510670004591617,21,NA,NA,NA
"control","TWN_NCL",0.142369575399362,1.0674558180153,22,NA,NA,NA
"control","TWN_TKM",-0.00277018157272072,0.677598155236941,22,NA,NA,NA
"control","TZA_BHR",-0.276018366568776,0.698773363223276,22,NA,NA,NA
"control","TZA_BRB",0.145191424385422,0.664930042973578,18,NA,NA,NA
"control","TZA_GEO",-0.0154690277616147,1.03083975631391,18,NA,NA,NA
"control","TZA_GTM",0.0350700793385543,2.15705686959813,14,NA,NA,NA
"control","TZA_LBR",0.0191346788130065,2.07050083919179,15,NA,NA,NA
"control","TZA_MNG",-0.0394598788163182,0.685096580775686,11,NA,NA,NA
"control","TZA_NPL",0.0643599726867235,0.750836174579168,15,NA,NA,NA
"control","TZA_NRU",-0.0536221496706067,1.23566586349128,13,NA,NA,NA
"control","TZA_PRY",0.276701568004263,0.540003451446333,10,NA,NA,NA
"control","TZA_SLE",-0.221919642766094,1.10916309825354,22,NA,NA,NA
"control","TZA_SUR",0.0869294194521492,1.85033077919177,18,NA,NA,NA
"control","TZA_TGO",-0.208526721573601,0.545350254445685,17,NA,NA,NA
"control","UGA_DMA",-0.0569439791124435,0.884396084072706,12,NA,NA,NA
"control","UGA_JAM",-0.0720666260183607,0.900888638693847,14,NA,NA,NA
"control","UGA_LCA",0.0337840007799147,0.929955323481414,10,NA,NA,NA
"control","UGA_NIC",-0.257280020288325,0.39154046202095,12,NA,NA,NA
"control","UKR_BFA",-0.00836030982342758,0.998729067364909,21,NA,NA,NA
"control","UKR_COG",-0.514888772535747,1.5273838976843,22,NA,NA,NA
"control","UKR_GNB",0.492407574673597,1.50488883248968,14,NA,NA,NA
"control","UKR_IRQ",0.246092931481429,1.06340707854431,22,NA,NA,NA
"control","UKR_LAO",0.0523347944223773,0.937350671834418,17,NA,NA,NA
"control","UKR_MDG",0.406409096334855,1.24622819048409,20,NA,NA,NA
"control","UKR_NER",-0.196714857380658,0.781248611922372,20,NA,NA,NA
"control","UKR_PRY",0.289748587562859,1.01370129628682,20,NA,NA,NA
"control","UKR_SLV",-0.00906049305573382,1.1023719332258,22,NA,NA,NA
"control","URY_ABW",-0.320413619784755,0.897708742590802,22,NA,NA,NA
"control","URY_AIA",-0.548017321088304,0.888094258537722,9,NA,NA,NA
"control","URY_ETH",0.0813679421846404,0.857374055333197,18,NA,NA,NA
"control","URY_GEO",-0.117720195402889,1.4342024550861,22,NA,NA,NA
"control","URY_GMB",-0.24913720884662,1.24763655281495,18,NA,NA,NA
"control","URY_KAZ",0.105672152697285,0.663434535995523,22,NA,NA,NA
"control","URY_NGA",0.0430168246372371,0.729560652710342,22,NA,NA,NA
"control","USA_NCL",-0.164558674722182,0.744119980849594,22,NA,NA,NA
"control","UZB_BRB",0.0674198759457965,1.25192548958461,19,NA,NA,NA
"control","UZB_TTO",0.19173564251097,0.623444856525307,12,NA,NA,NA
"control","VCT_BGD",0.388238784482261,1.24703856714714,10,NA,NA,NA
"control","VCT_CIV",-0.22995536356645,2.2190135446368,10,NA,NA,NA
"control","VCT_CZE",0.460790323547773,1.09777631501684,9,NA,NA,NA
"control","VCT_ECU",0.19467163393091,0.372222541291748,10,NA,NA,NA
"control","VCT_EGY",-0.45297268827442,0.989944453310326,11,NA,NA,NA
"control","VCT_HND",0.0821503178317244,1.18019907312903,11,NA,NA,NA
"control","VCT_NZL",-0.206212624078478,0.748136109408106,18,NA,NA,NA
"control","VEN_AZE",-0.595494185352252,1.00739486120215,20,NA,NA,NA
"control","VEN_BLR",0.0884812716903601,0.904251471504148,21,NA,NA,NA
"control","VEN_BRN",0.11297276579884,0.715737338591886,18,NA,NA,NA
"control","VEN_KAZ",0.301390029406827,1.40208633601009,20,NA,NA,NA
"control","VEN_SEN",0.236156356953741,0.559239745598761,21,NA,NA,NA
"control","VGB_BLR",0.109180111701168,0.579956263155392,18,NA,NA,NA
"control","VGB_GTM",-0.339277645505109,0.823805645195609,21,NA,NA,NA
"control","VGB_KAZ",0.122024351692258,1.50244700419443,20,NA,NA,NA
"control","VGB_MDA",0.135640724759112,1.35773179556535,9,NA,NA,NA
"control","VGB_MKD",0.180592206287999,1.74327735392353,19,NA,NA,NA
"control","VNM_ALB",0.076208912736771,1.12186613860444,21,NA,NA,NA
"control","VNM_BLR",-0.0293369973410844,1.17256433426982,17,NA,NA,NA
"control","VNM_BTN",0.0295504003963856,0.77822820305446,11,NA,NA,NA
"control","VNM_KAZ",0.0118312854665535,0.472791978217566,17,NA,NA,NA
"control","VNM_PAN",-0.0613936297616558,1.11169856192349,22,NA,NA,NA
"control","VNM_PNG",-0.275656393095989,1.53636227902681,19,NA,NA,NA
"control","VNM_RWA",-0.0951050756474212,0.75149948842444,22,NA,NA,NA
"control","VNM_SYR",-0.0653438824850544,0.706159274274227,20,NA,NA,NA
"control","VUT_BGD",0.168131392858267,1.04040538552316,13,NA,NA,NA
"control","VUT_ECU",0.27380707557045,1.29704222739205,16,NA,NA,NA
"control","VUT_POL",-0.0313941275436574,1.73611988744889,20,NA,NA,NA
"control","VUT_SDN",0.302407413369248,0.428969658680033,13,NA,NA,NA
"control","VUT_ZAF",0.091910107429887,1.28403672423143,20,NA,NA,NA
"control","WLF_CAN",0.0124502215773629,1.28397602533013,18,NA,NA,NA
"control","WLF_SDN",-0.553054856216415,0.856314438008363,13,NA,NA,NA
"control","WSM_DNK",0.177292670575788,1.07851816180849,11,NA,NA,NA
"control","YEM_ERI",-0.0182696031246917,1.53475040419409,17,NA,NA,NA
"control","YEM_IRN",-0.0242635104869212,1.00133262377475,16,NA,NA,NA
"control","YEM_MKD",-0.170948237505217,0.946343487263971,9,NA,NA,NA
"control","YEM_NPL",-0.160605909996604,0.970446874406796,13,NA,NA,NA
"control","YEM_SOM",-0.364824130060474,1.17668777055178,15,NA,NA,NA
"control","YEM_SVK",0.374018007449824,0.870338012567091,17,NA,NA,NA
"control","YEM_UKR",0.177337305160829,0.409421337978757,16,NA,NA,NA
"control","ZAF_BLR",-0.0120875045065671,0.739144275481175,22,NA,NA,NA
"control","ZAF_BLZ",0.0868567226637648,1.04900984813444,21,NA,NA,NA
"control","ZAF_BTN",0.0319830974703364,0.929988746074719,18,NA,NA,NA
"control","ZAF_GRD",0.1121577536357,1.29250730730324,21,NA,NA,NA
"control","ZAF_IRQ",-0.145869136063181,0.767504837897851,22,NA,NA,NA
"control","ZAF_KAZ",-0.023684768931916,1.15422355807069,22,NA,NA,NA
"control","ZAF_KGZ",-0.265477802279955,1.44742000266498,22,NA,NA,NA
"control","ZAF_MMR",0.080751318007835,1.09007606141071,21,NA,NA,NA
"control","ZAF_NPL",0.26914983513284,0.889127423425555,21,NA,NA,NA
"control","ZAF_TKL",-0.384224019155159,1.2827272648467,20,NA,NA,NA
"control","ZMB_BHS",-0.642522541026206,0.937767003237455,8,NA,NA,NA
"control","ZMB_BLR",-0.316293720551443,0.822337604487345,18,NA,NA,NA
"control","ZMB_GEO",-0.306969720089746,1.14646730023041,13,NA,NA,NA
"control","ZMB_KAZ",0.399628247551476,1.15382912263411,17,NA,NA,NA
"control","ZMB_NIC",0.0923713693720126,0.938950890372681,14,NA,NA,NA
"control","ZWE_BLR",-0.0901651087363493,1.13480955730709,21,NA,NA,NA
"control","ZWE_DOM",0.134369763696075,1.29272572952949,18,NA,NA,NA
"control","ZWE_KAZ",0.133591289184717,0.814382849131536,19,NA,NA,NA
"control","ABW_LKA",0.312061923985156,0.896210969930073,16,NA,NA,NA
"control","ABW_NIC",0.247058861095657,0.934225696173896,13,NA,NA,NA
"control","ABW_SGP",0.25289705902977,0.550272876118584,13,NA,NA,NA
"control","ABW_SLV",0.0435962358029023,1.40590526015029,21,NA,NA,NA
"control","ABW_URY",0.151833916674262,1.3777586314842,11,NA,NA,NA
"control","AFG_ATG",0.0471079338495484,0.562052894027978,12,NA,NA,NA
"control","AFG_BDI",-0.0719059120315907,0.91159409040188,8,NA,NA,NA
"control","AFG_BEL",-0.23672551583762,0.928060967309082,21,NA,NA,NA
"control","AFG_MWI",-0.0231240231191207,0.77515591356102,8,NA,NA,NA
"control","AFG_NER",-0.193748612767264,1.21304165965472,11,NA,NA,NA
"control","AGO_BEL",-0.110753937087027,0.876344682697808,21,NA,NA,NA
"control","AGO_CUB",0.0314494846555889,1.52522506297629,10,NA,NA,NA
"control","AGO_EST",0.369632553202711,1.08094746327658,10,NA,NA,NA
"control","AGO_GTM",-0.260724835378634,0.725193655464757,12,NA,NA,NA
"control","AGO_STP",-0.175359547978883,1.024476624911,21,NA,NA,NA
"control","AIA_ATG",-0.016670263228499,0.544704734656223,20,NA,NA,NA
"control","AIA_BLZ",0.102002515075509,0.571800608413511,10,NA,NA,NA
"control","AIA_MEX",0.472150155889001,1.09755914201991,15,NA,NA,NA
"control","AIA_SGP",-0.44926568061263,1.43677164798596,10,NA,NA,NA
"control","ALB_ARE",-0.0995052935760414,0.957750353097869,17,NA,NA,NA
"control","ALB_CUB",0.227863818191564,1.06077408216293,8,NA,NA,NA
"control","ALB_DMA",0.154944772155233,0.575499079792578,13,NA,NA,NA
"control","ALB_HKG",-0.055459165004282,0.748877537987017,20,NA,NA,NA
"control","ALB_NCL",-0.294070383366426,1.77825884086607,17,NA,NA,NA
"control","ALB_SGP",-0.0279613892492299,0.767031825703867,21,NA,NA,NA
"control","ALB_TGO",-0.335503052671394,0.902095159245646,11,NA,NA,NA
"control","AND_BRB",-0.428597444525209,0.887847773361594,16,NA,NA,NA
"control","AND_CAN",-0.0401709410584046,1.22958177683688,21,NA,NA,NA
"control","AND_GEO",-0.252851287725981,1.6820770290614,17,NA,NA,NA
"control","AND_IDN",0.259683801542127,1.22645518205506,21,NA,NA,NA
"control","AND_MUS",0.0830590995478324,1.39266640463983,14,NA,NA,NA
"control","AND_PAK",0.061773023692766,1.15645320386937,14,NA,NA,NA
"control","AND_SEN",-0.513589135860404,0.87653869017724,18,NA,NA,NA
"control","AND_SGP",0.280958649479095,1.34110990351609,18,NA,NA,NA
"control","AND_URY",-0.101651402954737,1.02951803283911,19,NA,NA,NA
"control","AND_VCT",-0.0196849456382625,1.41840182928943,13,NA,NA,NA
"control","AND_VEN",0.0593559375570109,1.9343844636876,15,NA,NA,NA
"control","ANT_MSR",-0.0672709096413735,0.365905417741441,11,NA,NA,NA
"control","ARE_BEL",-0.0165708565225571,0.896702663073705,21,NA,NA,NA
"control","ARE_BLZ",0.167481002918133,0.754582260830792,17,NA,NA,NA
"control","ARE_CPV",-0.128188736208471,0.976068489244444,20,NA,NA,NA
"control","ARE_CUB",0.138126790676812,0.703944301461028,18,NA,NA,NA
"control","ARE_KNA",0.0755485111662624,1.05242331616011,18,NA,NA,NA
"control","ARE_LCA",-0.0986216299859278,1.27395707508785,21,NA,NA,NA
"control","ARE_LUX",0.135757977176931,0.74389686375796,21,NA,NA,NA
"control","ARE_NCL",-0.0155820361264211,0.887863300171667,21,NA,NA,NA
"control","ARE_TKM",0.258075067344827,0.387651809844462,15,NA,NA,NA
"control","ARG_BEL",-0.418146124570481,0.695512570322977,21,NA,NA,NA
"control","ARG_LUX",0.188904338174116,1.53878736273725,21,NA,NA,NA
"control","ARG_MSR",0.251399888848746,1.40709388367483,13,NA,NA,NA
"control","ARG_NCL",0.245886091176402,0.96226880112856,17,NA,NA,NA
"control","ARM_BEL",0.0232430568187294,1.44360820468835,18,NA,NA,NA
"control","ARM_IRQ",-0.222741433185693,0.757355566363529,16,NA,NA,NA
"control","ARM_PAK",-0.229379389352248,1.07287421136665,20,NA,NA,NA
"control","ARM_PRT",-0.235657125483168,0.82779443149655,15,NA,NA,NA
"control","ARM_VNM",-0.0305280817850404,0.438982433996146,16,NA,NA,NA
"control","ATF_NGA",-0.993614050541736,1.11752810704557,8,NA,NA,NA
"control","ATG_ABW",0.160709585432847,1.01985579651102,11,NA,NA,NA
"control","ATG_AIA",-0.145608954918824,1.09677597800984,21,NA,NA,NA
"control","ATG_CUB",-0.271340180168129,0.683404449077472,18,NA,NA,NA
"control","ATG_CYM",-0.0764211945607716,0.904143799518818,10,NA,NA,NA
"control","ATG_DOM",0.128919199938233,1.04948012322409,20,NA,NA,NA
"control","ATG_DZA",-0.0397069716556296,0.532935802793256,19,NA,NA,NA
"control","ATG_GTM",0.267114756299007,0.550215946197689,12,NA,NA,NA
"control","ATG_ISR",0.563450215462891,0.965354153714979,10,NA,NA,NA
"control","ATG_MRT",0.421148583415716,0.756311674972012,15,NA,NA,NA
"control","ATG_NCL",-0.0952728768403609,1.70470503427327,14,NA,NA,NA
"control","ATG_VGB",-0.445922862066913,0.956868384622102,15,NA,NA,NA
"control","AUS_BEL",-0.0726313796212042,1.29450046712814,21,NA,NA,NA
"control","AUS_LUX",0.249421694227266,2.08329712904746,21,NA,NA,NA
"control","AUT_NAM",-0.32453364670243,0.97049279479336,16,NA,NA,NA
"control","AZE_AGO",0.225174051208918,1.4141668936212,19,NA,NA,NA
"control","AZE_BEL",-0.197281137490257,0.851219110123274,21,NA,NA,NA
"control","AZE_BGD",0.237999947825748,0.847081222962293,15,NA,NA,NA
"control","AZE_COM",-0.163235966560258,0.607070226233135,10,NA,NA,NA
"control","AZE_CYP",0.0692385200553637,1.17831283581156,20,NA,NA,NA
"control","AZE_KWT",-0.274644168177085,1.03902155071598,17,NA,NA,NA
"control","AZE_MEX",-0.0281663945594586,1.22223303386108,19,NA,NA,NA
"control","AZE_MNG",0.123730977012574,1.09097995326252,18,NA,NA,NA
"control","AZE_NGA",0.0559296575734044,0.893223645037762,20,NA,NA,NA
"control","AZE_PER",-0.0161354727662458,1.85034141508407,16,NA,NA,NA
"control","AZE_PHL",-0.0140421281391337,0.581224016720645,16,NA,NA,NA
"control","AZE_VEN",0.234744720891925,1.01208036860435,19,NA,NA,NA
"control","AZE_VGB",0.440777768003352,1.68419225029946,9,NA,NA,NA
"control","BDI_BEL",-0.312170323456965,0.629241606096159,21,NA,NA,NA
"control","BDI_BGR",0.487242017726749,0.631263114158026,10,NA,NA,NA
"control","BEL_AFG",0.351142891192887,0.788496915787252,21,NA,NA,NA
"control","BEL_AGO",0.0688476900494263,0.985361543892075,21,NA,NA,NA
"control","BEL_ARE",0.1681337119047,0.644033708525838,21,NA,NA,NA
"control","BEL_ARG",-0.175754545273724,0.473379194512105,21,NA,NA,NA
"control","BEL_ARM",0.276800016001493,0.502733564126234,18,NA,NA,NA
"control","BEL_ATG",-0.388982102008849,0.833257374755988,8,NA,NA,NA
"control","BEL_AUS",-0.0228902015295004,1.22394656491077,21,NA,NA,NA
"control","BEL_AZE",0.129952966958776,1.00160565965946,21,NA,NA,NA
"control","BEL_BDI",0.109471248456552,0.988007346895847,21,NA,NA,NA
"control","BEL_BEN",0.327177228677033,0.936255738849992,21,NA,NA,NA
"control","BEL_BFA",-0.128873398292923,1.85241751356752,21,NA,NA,NA
"control","BEL_BGD",0.377497747925045,1.32464843213381,21,NA,NA,NA
"control","BEL_BHR",-0.0887760665817438,0.888595507708536,21,NA,NA,NA
"control","BEL_BHS",-0.5578934593823,1.26870322298478,8,NA,NA,NA
"control","BEL_BIH",0.454712720369349,1.13160114299688,8,NA,NA,NA
"control","BEL_BLR",0.411913985267787,0.559416239616622,21,NA,NA,NA
"control","BEL_BLZ",0.0385127897571408,0.41876846837471,8,NA,NA,NA
"control","BEL_BOL",-0.0459903662211079,1.06450996881013,21,NA,NA,NA
"control","BEL_BRA",-0.11786572746021,0.710559649168128,21,NA,NA,NA
"control","BEL_BRB",0.130678732772341,1.42584370154411,8,NA,NA,NA
"control","BEL_BRN",0.222932272624303,1.30301708559706,21,NA,NA,NA
"control","BEL_BTN",0.357120642610708,0.671004480233151,21,NA,NA,NA
"control","BEL_CAF",-0.0929681596720522,0.565773073911729,21,NA,NA,NA
"control","BEL_CAN",0.0734434521148037,0.889416350252461,17,NA,NA,NA
"control","BEL_CCK",-0.0658599716724555,1.26620407221783,13,NA,NA,NA
"control","BEL_CHN",0.376374361233718,0.838549049293984,21,NA,NA,NA
"control","BEL_CIV",0.284999178039922,0.86226854853942,16,NA,NA,NA
"control","BEL_CMR",0.291633983995769,0.416571559964562,14,NA,NA,NA
"control","BEL_COD",0.239051100962992,0.559476259733263,21,NA,NA,NA
"control","BEL_COG",0.278368225904182,0.822864687608937,21,NA,NA,NA
"control","BEL_COK",-0.189404406192699,1.13868204318243,17,NA,NA,NA
"control","BEL_COL",0.206839827595068,1.25381165627923,13,NA,NA,NA
"control","BEL_COM",0.399685812100098,1.37279274899949,21,NA,NA,NA
"control","BEL_CPV",-0.0219610060642452,0.594185574651184,21,NA,NA,NA
"control","BEL_CRI",-0.173104377344559,1.46150465188013,13,NA,NA,NA
"control","BEL_CUB",-0.0855177459615459,0.951134377700897,21,NA,NA,NA
"control","BEL_DJI",-0.241313352236256,1.29912199925576,21,NA,NA,NA
"control","BEL_DMA",0.232835437428744,1.24759654917597,8,NA,NA,NA
"control","BEL_DOM",0.244357132268055,1.39218531943879,8,NA,NA,NA
"control","BEL_ECU",-0.626465453463063,0.97734572238501,17,NA,NA,NA
"control","BEL_ERI",-0.387616582525686,0.701158676871468,21,NA,NA,NA
"control","BEL_ETH",0.0870637200130219,0.80002361893346,21,NA,NA,NA
"control","BEL_FJI",0.315910253984156,1.10806365604382,9,NA,NA,NA
"control","BEL_FSM",-0.21928838443659,0.516398385648583,13,NA,NA,NA
"control","BEL_GAB",-0.851186766427336,2.02391973972947,21,NA,NA,NA
"control","BEL_GEO",-0.00832715257757713,1.19613579812988,14,NA,NA,NA
"control","BEL_GHA",0.278374955357539,1.1002290389365,16,NA,NA,NA
"control","BEL_GIB",0.15976723659311,1.1186582487327,21,NA,NA,NA
"control","BEL_GIN",-0.372246186779652,1.41460876300353,21,NA,NA,NA
"control","BEL_GMB",-0.0277503855268983,1.44937695698935,21,NA,NA,NA
"control","BEL_GNB",0.0774542052233771,0.690008705872914,21,NA,NA,NA
"control","BEL_GNQ",0.356117237318134,0.925523412138344,21,NA,NA,NA
"control","BEL_GRD",-0.20678522826285,1.29134166039355,8,NA,NA,NA
"control","BEL_GTM",-0.430578420831167,1.03194615668672,13,NA,NA,NA
"control","BEL_GUY",0.494053877703712,1.32389824084797,8,NA,NA,NA
"control","BEL_HKG",-0.00307114726155863,1.10470436268972,21,NA,NA,NA
"control","BEL_HND",0.239104017558941,1.1629653576333,13,NA,NA,NA
"control","BEL_HTI",-0.0296162792553695,1.20408375630963,21,NA,NA,NA
"control","BEL_IDN",0.0377845917298737,0.435127929037219,21,NA,NA,NA
"control","BEL_IND",-0.236663171563901,1.10841319114049,21,NA,NA,NA
"control","BEL_IRN",0.266601674487966,0.928118005002665,21,NA,NA,NA
"control","BEL_IRQ",0.229990536300669,0.964434762651414,21,NA,NA,NA
"control","BEL_JAM",-0.215385006350762,0.855749613314971,8,NA,NA,NA
"control","BEL_JPN",0.266819364931857,1.12553354251508,19,NA,NA,NA
"control","BEL_KAZ",-0.373310097586444,0.903818873906277,21,NA,NA,NA
"control","BEL_KEN",0.306828632940695,0.940564539043891,21,NA,NA,NA
"control","BEL_KGZ",0.108456180997821,0.93575450687062,21,NA,NA,NA
"control","BEL_KHM",-0.253537460892845,0.90505644563089,21,NA,NA,NA
"control","BEL_KIR",0.00786459809089255,0.868165687448983,21,NA,NA,NA
"control","BEL_KNA",0.139651378721882,0.348876915226646,8,NA,NA,NA
"control","BEL_KOR",-0.248264157398967,1.33826617961253,11,NA,NA,NA
"control","BEL_KWT",-0.319373329016319,0.805738669858268,21,NA,NA,NA
"control","BEL_LAO",0.123172938663475,1.50289709782193,21,NA,NA,NA
"control","BEL_LBR",-0.086359944982104,0.722001940806271,21,NA,NA,NA
"control","BEL_LBY",-0.00234926039464632,1.25920376531893,21,NA,NA,NA
"control","BEL_LCA",-0.667957672763155,1.3493054106986,8,NA,NA,NA
"control","BEL_LKA",-0.11043435917612,0.746945435866413,21,NA,NA,NA
"control","BEL_MAC",-0.0847751880267364,0.699127611149402,21,NA,NA,NA
"control","BEL_MDA",0.323787078146257,0.473385473067298,14,NA,NA,NA
"control","BEL_MDG",0.201245213290104,0.86976248756513,12,NA,NA,NA
"control","BEL_MDV",0.275722862149902,1.24152888606962,21,NA,NA,NA
"control","BEL_MLI",0.0364448145917862,0.896843538155793,21,NA,NA,NA
"control","BEL_MMR",-0.581083737715518,1.00027595936153,21,NA,NA,NA
"control","BEL_MNG",-0.128758980268676,0.669721969497085,21,NA,NA,NA
"control","BEL_MNP",-0.449614264854326,0.704364510017126,13,NA,NA,NA
"control","BEL_MOZ",-0.0981843713487652,0.775492759526935,16,NA,NA,NA
"control","BEL_MRT",-0.280911508228721,0.642755381526469,21,NA,NA,NA
"control","BEL_MUS",0.219434389873856,0.813480666589783,12,NA,NA,NA
"control","BEL_MWI",0.016041550291861,1.18715291037575,21,NA,NA,NA
"control","BEL_MYS",0.584292147122713,0.850487371696454,21,NA,NA,NA
"control","BEL_NER",-0.531959406516875,1.31458052305221,21,NA,NA,NA
"control","BEL_NGA",0.440810446801053,0.87174124088584,21,NA,NA,NA
"control","BEL_NIC",0.240659419583149,0.736065678255702,13,NA,NA,NA
"control","BEL_NPL",0.423756868932801,1.01133706867057,21,NA,NA,NA
"control","BEL_NRU",-0.509991438914824,0.742688010584681,17,NA,NA,NA
"control","BEL_NZL",-0.0616238393678148,1.13433276601463,21,NA,NA,NA
"control","BEL_OMN",0.06690495889676,0.615483768635565,21,NA,NA,NA
"control","BEL_PAK",0.126732803138232,2.15618739875532,21,NA,NA,NA
"control","BEL_PAN",-0.165556005688822,0.675710361581461,13,NA,NA,NA
"control","BEL_PER",0.309616600299733,1.17336182674078,13,NA,NA,NA
"control","BEL_PHL",-0.385339335776944,1.00165009834029,21,NA,NA,NA
"control","BEL_PLW",0.208786966848389,1.8433968598534,18,NA,NA,NA
"control","BEL_PNG",-0.103759818988039,0.689596421347603,9,NA,NA,NA
"control","BEL_PRK",0.199666446223761,1.17820294355959,21,NA,NA,NA
"control","BEL_PRY",-0.140763948909161,1.73656355219653,21,NA,NA,NA
"control","BEL_QAT",-0.0813413143970447,1.5782960977464,21,NA,NA,NA
"control","BEL_RUS",0.012913622179853,0.594116808359763,21,NA,NA,NA
"control","BEL_RWA",-0.188127049515558,1.30321699642568,21,NA,NA,NA
"control","BEL_SAU",0.139215017833779,0.742704226604205,21,NA,NA,NA
"control","BEL_SDN",-0.172958845865047,1.07243183255807,21,NA,NA,NA
"control","BEL_SEN",0.133376149810527,0.67724528627783,21,NA,NA,NA
"control","BEL_SGP",0.0951817737138,0.862792933923582,19,NA,NA,NA
"control","BEL_SLB",-0.00122707220658159,1.27356050538886,21,NA,NA,NA
"control","BEL_SLE",-0.094402067857642,0.788541502819486,21,NA,NA,NA
"control","BEL_SLV",0.305086972960281,0.785961591725096,13,NA,NA,NA
"control","BEL_SOM",-0.349881300971395,1.23528632721462,21,NA,NA,NA
"control","BEL_STP",0.265351552614952,0.727610177548852,21,NA,NA,NA
"control","BEL_SUR",0.664197819011186,0.395901849132746,8,NA,NA,NA
"control","BEL_SYC",0.461816444341725,1.11014171267597,12,NA,NA,NA
"control","BEL_TCD",-0.0790771350230886,0.804047426141688,21,NA,NA,NA
"control","BEL_TGO",0.0274330015661233,0.911014800471927,21,NA,NA,NA
"control","BEL_THA",0.0553368100772419,1.39340217961426,21,NA,NA,NA
"control","BEL_TJK",-0.123946861158453,0.824037879108204,21,NA,NA,NA
"control","BEL_TKM",0.183359130596154,0.829145377949295,21,NA,NA,NA
"control","BEL_TON",0.248431892678542,0.918781586569986,19,NA,NA,NA
"control","BEL_TTO",-0.460387739893551,0.649413879024967,8,NA,NA,NA
"control","BEL_TUV",-0.129920441552213,0.878023114759508,14,NA,NA,NA
"control","BEL_TWN",0.0692968211260873,1.81939317385472,21,NA,NA,NA
"control","BEL_TZA",0.0914560036038658,0.841754040981458,21,NA,NA,NA
"control","BEL_UGA",-0.0688453478929953,0.817304097008441,21,NA,NA,NA
"control","BEL_UKR",-0.153299089086688,1.0227637642115,14,NA,NA,NA
"control","BEL_URY",0.345376629340316,1.41073047348973,21,NA,NA,NA
"control","BEL_USA",-0.199759090553757,1.0302341203298,21,NA,NA,NA
"control","BEL_UZB",0.276865599474257,1.93009248392097,21,NA,NA,NA
"control","BEL_VCT",-0.220759429135054,1.37969979773406,8,NA,NA,NA
"control","BEL_VEN",-0.527187862018037,0.778438061467991,21,NA,NA,NA
"control","BEL_VNM",-0.0944016737815642,0.851608332525995,21,NA,NA,NA
"control","BEL_VUT",0.00365074970954301,1.43388429617338,21,NA,NA,NA
"control","BEL_WSM",0.108059070398281,0.792067091710327,21,NA,NA,NA
"control","BEL_YEM",-0.020938808569536,1.8629294637901,21,NA,NA,NA
"control","BEL_ZMB",-0.158985145400965,0.791705097292098,21,NA,NA,NA
"control","BEL_ZWE",-0.277239917128075,0.650334953439292,12,NA,NA,NA
"control","BEN_AGO",-0.247649904629326,0.925020081025779,19,NA,NA,NA
"control","BEN_ARE",0.0770924975465571,1.38829762153019,20,NA,NA,NA
"control","BEN_BEL",0.258115623398313,1.48080204029361,21,NA,NA,NA
"control","BEN_BLR",0.0182476010670228,1.01279458084121,12,NA,NA,NA
"control","BEN_ETH",-0.676204686239774,0.916951563864938,16,NA,NA,NA
"control","BEN_GTM",-0.168987427136521,0.641704129580468,10,NA,NA,NA
"control","BEN_LUX",-0.242929394265622,0.843320584740158,16,NA,NA,NA
"control","BFA_BEL",-0.283901519068668,0.740885075368086,21,NA,NA,NA
"control","BFA_ECU",-0.4251005978445,0.557656100268308,11,NA,NA,NA
"control","BFA_ISL",0.126328854510512,0.826393849000071,17,NA,NA,NA
"control","BFA_NCL",-0.263183897110905,0.68214442018793,16,NA,NA,NA
"control","BFA_SYR",0.505623210328538,0.588056220806805,13,NA,NA,NA
"control","BFA_ZMB",0.0808030927540548,0.808333359187424,13,NA,NA,NA
"control","BGD_AZE",0.120504217651051,1.13878127846457,19,NA,NA,NA
"control","BGD_BEL",-0.0144918124026767,0.742993350067629,21,NA,NA,NA
"control","BGD_GEO",0.0593912550433075,1.16975209747457,19,NA,NA,NA
"control","BGD_LUX",0.0293211658669595,1.05917934689069,21,NA,NA,NA
"control","BGD_NCL",-0.60687579589001,1.00115749042065,17,NA,NA,NA
"control","BGR_ERI",0.448271520954661,1.91606870681144,19,NA,NA,NA
"control","BHR_ATG",-0.105363457874193,1.24570161561961,11,NA,NA,NA
"control","BHR_BEL",-0.0256438968925176,0.645068569970668,21,NA,NA,NA
"control","BHR_GAB",0.0396055386064678,0.825272196033098,16,NA,NA,NA
"control","BHR_LTU",-0.500078273485446,1.16800350827145,17,NA,NA,NA
"control","BHR_NGA",0.0625599445841403,0.929516382301448,21,NA,NA,NA
"control","BHR_TGO",-0.155631528767024,1.31809631605236,16,NA,NA,NA
"control","BHR_ZAF",0.175474501396428,0.592766950219333,21,NA,NA,NA
"control","BHS_BEL",0.187355511977505,1.02242612557835,8,NA,NA,NA
"control","BHS_CIV",0.0440001325016056,0.656522076265411,17,NA,NA,NA
"control","BHS_CPV",0.270248763426791,0.702222885374396,10,NA,NA,NA
"control","BHS_FJI",-0.313143714367656,0.60486348465433,15,NA,NA,NA
"control","BHS_NCL",0.101637664718499,0.997753482628921,14,NA,NA,NA
"control","BHS_SEN",-0.192380386315745,0.626629636192683,20,NA,NA,NA
"control","BHS_STP",0.368061937773749,0.728528186420363,11,NA,NA,NA
"control","BHS_TGO",-0.0922502103632559,0.713913090929919,8,NA,NA,NA
"control","BIH_ARM",-0.0776245765842312,0.535162657362787,18,NA,NA,NA
"control","BIH_BEL",0.38833851637669,0.976377345834314,8,NA,NA,NA
"control","BIH_CHL",-0.0984976057536839,0.840637290164169,21,NA,NA,NA
"control","BIH_GEO",0.316401712838619,1.01939369559692,19,NA,NA,NA
"control","BIH_HKG",-0.278430913138016,0.778784794862767,21,NA,NA,NA
"control","BIH_IND",0.187466121114488,0.690416830974236,21,NA,NA,NA
"control","BIH_LUX",0.375305396945168,1.27201592472295,8,NA,NA,NA
"control","BIH_SGP",-0.0541544723884535,0.801316848742843,21,NA,NA,NA
"control","BLR_AIA",-0.864041283806614,2.61580797811926,9,NA,NA,NA
"control","BLR_BDI",-0.502262384286369,1.05582221641081,8,NA,NA,NA
"control","BLR_BEL",-0.0311600771858073,0.506702027475594,21,NA,NA,NA
"control","BLR_KNA",0.758858411614349,0.270794301371819,10,NA,NA,NA
"control","BLR_LUX",0.00372089875938426,1.3698035591786,21,NA,NA,NA
"control","BLR_PHL",-0.471159983169709,0.816369177518996,21,NA,NA,NA
"control","BLR_SEN",0.159817346523367,0.6774551767867,21,NA,NA,NA
"control","BLZ_AIA",-0.00240519444804976,2.17137495139518,9,NA,NA,NA
"control","BLZ_BEL",-0.154844581016284,0.528015105483748,8,NA,NA,NA
"control","BLZ_GMB",-0.555246948444741,1.48076181526672,9,NA,NA,NA
"control","BMU_ATG",0.595061048095793,1.92974830890398,13,NA,NA,NA
"control","BOL_AZE",-0.390382233735545,0.420864089241803,10,NA,NA,NA
"control","BOL_BEL",0.138593645125658,1.2890913692195,21,NA,NA,NA
"control","BOL_BRB",-0.112120082176279,0.431572469226081,20,NA,NA,NA
"control","BOL_EST",0.0660950422941762,0.707758742480747,21,NA,NA,NA
"control","BOL_GRL",-0.506378865443321,0.932510525266861,12,NA,NA,NA
"control","BOL_MKD",0.220400963522657,0.771238218442997,19,NA,NA,NA
"control","BOL_TGO",0.0987246273495107,0.642021442306846,9,NA,NA,NA
"control","BRA_BEL",-0.0700451791890384,1.06197648137788,21,NA,NA,NA
"control","BRA_CCK",-0.291231141347087,0.765704711711362,10,NA,NA,NA
"control","BRA_KIR",-0.161460940517043,1.10826545773134,18,NA,NA,NA
"control","BRA_LUX",0.257424778991762,0.813812719745554,21,NA,NA,NA
"control","BRB_BEL",0.671487739570604,1.72409329300702,8,NA,NA,NA
"control","BRB_BHR",0.298956717801794,1.68233212797302,19,NA,NA,NA
"control","BRB_RWA",-0.355887767270876,0.954279360915103,8,NA,NA,NA
"control","BRN_BEL",-0.0365773357947849,1.37540463191274,21,NA,NA,NA
"control","BRN_BLR",0.137933052165995,1.6177195384498,10,NA,NA,NA
"control","BRN_NCL",0.0468755467717635,0.972907497987239,13,NA,NA,NA
"control","BRN_SVK",0.0394633782555982,0.525026313826918,20,NA,NA,NA
"control","BRN_ZMB",-0.347303965582131,1.23947926691843,10,NA,NA,NA
"control","BTN_BEL",0.0175756016018348,1.46384942337858,16,NA,NA,NA
"control","BTN_NGA",0.471479234732954,1.52060800639304,14,NA,NA,NA
"control","BWA_ROU",-0.277982839282861,1.24053555737091,11,NA,NA,NA
"control","CAF_BEL",0.242280840136297,0.479230190406851,21,NA,NA,NA
"control","CAF_BLR",-0.132377083476891,1.42010674096101,14,NA,NA,NA
"control","CAF_ETH",0.106792665666242,1.27558934880131,18,NA,NA,NA
"control","CAF_FRO",0.300294779273562,0.575331477964963,10,NA,NA,NA
"control","CAF_LUX",-0.189597864804956,1.49712005991971,13,NA,NA,NA
"control","CAN_BEL",0.530508777105077,1.16460738873028,17,NA,NA,NA
"control","CAN_LUX",0.287807174215523,0.414710598743928,17,NA,NA,NA
"control","CCK_BEL",-0.396205319586709,0.786793622402368,13,NA,NA,NA
"control","CCK_CHE",0.486452179461105,0.765236178443055,8,NA,NA,NA
"control","CCK_SGP",0.233610417676325,0.921944746212118,12,NA,NA,NA
"control","CCK_VCT",-0.562095763407179,0.308851815995715,12,NA,NA,NA
"control","CHE_ABW",0.276691693909401,1.05005653621235,21,NA,NA,NA
"control","CHE_CCK",0.153445753823077,0.488291765239269,9,NA,NA,NA
"control","CHE_COK",-0.133442152882965,0.710899203145836,20,NA,NA,NA
"control","CHE_CXR",0.106179100236669,1.38228287972879,15,NA,NA,NA
"control","CHE_NFK",-0.116353955019673,0.893931438303452,17,NA,NA,NA
"control","CHE_TKL",0.252761552856564,1.0799073714264,14,NA,NA,NA
"control","CHL_ATG",0.0916179316352295,0.869539452156699,21,NA,NA,NA
"control","CHL_COM",0.133444776361414,1.19762493718773,11,NA,NA,NA
"control","CHL_FSM",0.192149649153245,0.891838370204094,18,NA,NA,NA
"control","CHL_KGZ",-0.340673618365012,0.956085029330009,20,NA,NA,NA
"control","CHL_NCL",0.287335720192217,1.19614159456089,21,NA,NA,NA
"control","CHN_BEL",0.346323539715215,1.25258992324578,21,NA,NA,NA
"control","CHN_LUX",0.358833763347183,1.06460478678732,21,NA,NA,NA
"control","CIV_BEL",-0.272983607236907,0.766711097460254,16,NA,NA,NA
"control","CIV_DOM",-0.389750124103909,0.715710553796645,21,NA,NA,NA
"control","CIV_LUX",-0.542193213440011,1.05403942686052,16,NA,NA,NA
"control","CIV_SDN",-0.359768438972852,0.980557995645214,20,NA,NA,NA
"control","CIV_SUR",-0.079797614852222,0.492802616881409,8,NA,NA,NA
"control","CMR_AZE",-0.064241481196941,1.2791502006701,15,NA,NA,NA
"control","CMR_BEL",-0.31689389869605,0.967401880161151,14,NA,NA,NA
"control","CMR_FRO",0.07378509956452,0.282923114938045,11,NA,NA,NA
"control","CMR_LUX",0.227714148148194,1.13062345900931,13,NA,NA,NA
"control","CMR_NCL",-0.318934441453209,1.69666725972705,17,NA,NA,NA
"control","CMR_SYC",-0.106015512971292,1.27674044357914,17,NA,NA,NA
"control","COD_BEL",0.241799431164979,1.40361508914775,21,NA,NA,NA
"control","COD_NIC",-0.0464716027378776,1.28557068531196,15,NA,NA,NA
"control","COG_BEL",0.209686673273633,0.816621761150839,21,NA,NA,NA
"control","COG_CPV",-0.259175065007925,0.937861599445895,12,NA,NA,NA
"control","COK_BEL",0.129726720988263,1.51053094536552,15,NA,NA,NA
"control","COK_SGP",-0.338495251190202,1.15023161732899,11,NA,NA,NA
"control","COL_AGO",-0.236259936464864,0.720158439246364,21,NA,NA,NA
"control","COL_BEL",-0.135067300030346,0.97456916512084,13,NA,NA,NA
"control","COL_LUX",-0.350533691960148,1.35545917389712,13,NA,NA,NA
"control","COL_MHL",-0.418970158077947,1.00023237088939,8,NA,NA,NA
"control","COL_NCL",-0.349817201493371,0.782961206986453,21,NA,NA,NA
"control","COM_NCL",-0.330325503540838,0.382758428310748,10,NA,NA,NA
"control","COM_ROU",0.251964764899185,1.56313041902189,12,NA,NA,NA
"control","COM_SEN",-0.191103467841534,1.36450753822371,11,NA,NA,NA
"control","COM_TTO",0.260997256699889,0.776735415114174,9,NA,NA,NA
"control","CPV_BEL",0.17865230181468,0.862477757296624,19,NA,NA,NA
"control","CPV_CUB",-0.0392838804022543,1.57264898414215,8,NA,NA,NA
"control","CPV_EST",-0.262099228665369,0.83661723750344,10,NA,NA,NA
"control","CPV_KEN",-0.376682168738958,0.648394684302859,9,NA,NA,NA
"control","CPV_MAR",0.359460682370205,0.442572498510731,20,NA,NA,NA
"control","CRI_AGO",0.229363868749307,1.15903996725299,16,NA,NA,NA
"control","CRI_AZE",-0.117515384705765,0.758225275899268,20,NA,NA,NA
"control","CRI_BEL",0.00791120955309052,1.33826294461849,13,NA,NA,NA
"control","CRI_NCL",-0.134283597441267,1.02144485455691,21,NA,NA,NA
"control","CUB_ABW",0.154071234645847,1.81353016786486,8,NA,NA,NA
"control","CUB_AGO",0.159591839340209,0.996485424035744,20,NA,NA,NA
"control","CUB_ALB",0.400099887208963,1.01026572817191,14,NA,NA,NA
"control","CUB_ATG",0.0826597178525444,0.684497583135006,18,NA,NA,NA
"control","CUB_BEL",0.124942365211149,1.60574738944049,21,NA,NA,NA
"control","CUB_CYM",-0.0291941340636863,1.478330704778,8,NA,NA,NA
"control","CUB_DOM",0.507638822769011,1.10787552227053,21,NA,NA,NA
"control","CUB_HTI",-0.220915047149644,0.749296244461863,8,NA,NA,NA
"control","CUB_KHM",-0.0677529310704939,0.86050865250273,14,NA,NA,NA
"control","CUB_LTU",0.260525258352665,0.932971245696434,17,NA,NA,NA
"control","CUB_LUX",0.169682716846979,0.637430210226939,18,NA,NA,NA
"control","CUB_NCL",-0.238811204381172,0.737307491271866,17,NA,NA,NA
"control","CUB_NPL",-0.313955923735101,0.61520140352475,10,NA,NA,NA
"control","CUB_SUR",-0.0270221782354889,0.480187154242118,19,NA,NA,NA
"control","CUB_SYR",0.0958279561369904,0.624054507234793,11,NA,NA,NA
"control","CUB_TGO",0.124441478424595,1.04667052583872,15,NA,NA,NA
"control","CUB_USA",-0.144511362252078,1.05541463456348,10,NA,NA,NA
"control","CUB_YEM",0.333851573760985,1.10315394963523,17,NA,NA,NA
"control","CYM_ATG",0.0642756554915707,0.501778487630226,15,NA,NA,NA
"control","CYM_CUB",-0.307028041269126,0.573102359614078,8,NA,NA,NA
"control","CYM_RUS",-0.0307141051288845,1.01372419580297,20,NA,NA,NA
"control","CYM_SGP",-0.176788376197786,0.94157508183166,12,NA,NA,NA
"control","DJI_BEL",0.122626380165644,0.988613923727277,21,NA,NA,NA
"control","DJI_IDN",0.0605170071115257,1.34993008452809,18,NA,NA,NA
"control","DJI_POL",0.0105675973627561,0.885349786766764,17,NA,NA,NA
"control","DMA_GTM",-0.180436649777187,0.811257404797909,19,NA,NA,NA
"control","DMA_KWT",-0.272715895284159,0.98340880411842,18,NA,NA,NA
"control","DMA_SGP",0.0803813148162764,0.893974238805716,14,NA,NA,NA
"control","DOM_AZE",0.320537055383357,1.10165693990736,16,NA,NA,NA
"control","DOM_BEL",0.0768387850289457,1.56845761043694,8,NA,NA,NA
"control","DOM_BFA",-0.209807906946018,1.08934982810697,16,NA,NA,NA
"control","DOM_FRO",-0.0589072235008618,1.08929386748098,13,NA,NA,NA
"control","DOM_IDN",0.262830127907353,0.937891504978103,21,NA,NA,NA
"control","DOM_LUX",0.535386515457368,0.804701629901388,8,NA,NA,NA
"control","DOM_MKD",0.0542879735652421,1.41110884993269,20,NA,NA,NA
"control","DZA_MWI",0.376534399675876,0.641267019120712,14,NA,NA,NA
"control","DZA_NCL",-0.246846806023181,0.830111717030825,17,NA,NA,NA
"control","ECU_BEL",0.160256941674593,1.45405727735385,17,NA,NA,NA
"control","ECU_CAF",0.164563574281459,0.840915397437107,11,NA,NA,NA
"control","ECU_KHM",0.00729423579262468,0.503708572134147,15,NA,NA,NA
"control","ECU_LUX",-0.173108414271829,0.9812446589645,17,NA,NA,NA
"control","ECU_NCL",-0.309601465174919,0.830766560655762,21,NA,NA,NA
"control","EGY_CPV",-0.0788132427364844,0.589703276223942,19,NA,NA,NA
"control","EGY_NCL",-0.309770576806446,0.677770264162828,17,NA,NA,NA
"control","EGY_WSM",0.300251270925966,1.03465032070667,14,NA,NA,NA
"control","ERI_BEL",-0.488401543921131,0.98582564033198,21,NA,NA,NA
"control","ERI_ISR",-0.078943269144306,1.20604225227746,16,NA,NA,NA
"control","ERI_JOR",0.0282929235889045,1.49291470018601,9,NA,NA,NA
"control","ERI_SGP",0.224080211169941,0.639105051031631,13,NA,NA,NA
"control","ERI_TUN",-0.245043748313038,1.37309713845489,15,NA,NA,NA
"control","ESH_NGA",0.0612226606212161,1.99933760215111,9,NA,NA,NA
"control","ESP_TKL",0.2279055858257,0.978883874284604,13,NA,NA,NA
"control","EST_BGD",-0.090886922749323,1.68428956312639,21,NA,NA,NA
"control","EST_COM",0.218240379191815,0.600135496692301,8,NA,NA,NA
"control","EST_ETH",-0.0790628414077203,0.71475406884186,18,NA,NA,NA
"control","EST_NER",-0.39708090819198,0.59357621570785,17,NA,NA,NA
"control","EST_NPL",0.343164327294689,1.31657204457468,18,NA,NA,NA
"control","EST_ZWE",0.235017315711913,1.05129592852488,8,NA,NA,NA
"control","ETH_AZE",-0.0836274321549491,1.39137232971108,11,NA,NA,NA
"control","ETH_BEL",-0.181971071156038,0.87830780669237,21,NA,NA,NA
"control","ETH_NCL",0.21832409771019,0.536980247063762,17,NA,NA,NA
"control","ETH_URY",0.215493347580543,1.38048153125229,10,NA,NA,NA
"control","ETH_VNM",-0.148298670280312,0.677570927758845,21,NA,NA,NA
"control","FJI_BEL",-0.163800448495138,0.375666329928169,9,NA,NA,NA
"control","FJI_KWT",-0.0553726362629055,0.956149619527182,16,NA,NA,NA
"control","FJI_LBN",-0.555423997173335,0.880508169742827,12,NA,NA,NA
"control","FJI_MDV",0.287214031475268,1.29494463627731,13,NA,NA,NA
"control","FJI_NCL",0.131527475017688,1.05597054604853,21,NA,NA,NA
"control","FLK_CRI",0.249950221931088,0.860666491562938,9,NA,NA,NA
"control","FLK_IND",0.315899858446499,1.17709039081725,11,NA,NA,NA
"control","FRO_JAM",-0.583494327053743,0.884106746109527,11,NA,NA,NA
"control","FRO_LBN",-0.331801973987821,0.700859454606136,12,NA,NA,NA
"control","FRO_NCL",0.216279883463992,1.98207840570681,11,NA,NA,NA
"control","FRO_SGP",0.0679173330579191,0.741595287715785,11,NA,NA,NA
"control","FSM_IDN",0.0469157190971602,1.34334375314187,19,NA,NA,NA
"control","FSM_SGP",-0.296727149071072,1.32816423183082,9,NA,NA,NA
"control","GAB_BEL",0.0531395732075973,1.12203682482833,21,NA,NA,NA
"control","GAB_BGR",-0.384198113804237,0.545839049453129,19,NA,NA,NA
"control","GAB_BLZ",-0.249035877181388,1.82610582387075,8,NA,NA,NA
"control","GAB_LUX",0.377839423415417,1.21698878047158,16,NA,NA,NA
"control","GAB_NCL",0.0117044359795437,0.413704794732828,12,NA,NA,NA
"control","GAB_SVK",0.0502744669050109,0.690886326578517,20,NA,NA,NA
"control","GAB_ZMB",-0.125526756417146,0.690764146346132,16,NA,NA,NA
"control","GEO_AGO",0.442646855213008,1.87799265931338,15,NA,NA,NA
"control","GEO_BEL",0.529899604241512,0.458823978890556,14,NA,NA,NA
"control","GEO_BRA",-0.00114126249681273,0.843467472221992,21,NA,NA,NA
"control","GEO_COG",0.213800478170878,0.939487921399483,12,NA,NA,NA
"control","GEO_ETH",0.010172636678485,0.898140928322858,17,NA,NA,NA
"control","GEO_IRQ",-0.0731214920561234,1.51562467539825,20,NA,NA,NA
"control","GEO_MWI",-0.351048281950886,0.691544830620861,20,NA,NA,NA
"control","GEO_OMN",0.160131835473416,1.4280244514634,18,NA,NA,NA
"control","GEO_PYF",-0.175255235736526,1.32257368460172,15,NA,NA,NA
"control","GEO_SGP",-0.122925765309005,0.679143237921397,21,NA,NA,NA
"control","GHA_BEL",0.0446985135891858,0.850065527590492,16,NA,NA,NA
"control","GHA_BRN",-0.217627733914902,0.904147633730268,17,NA,NA,NA
"control","GHA_GNQ",-0.10168478616545,0.805251762831605,18,NA,NA,NA
"control","GHA_NCL",0.333580836632139,1.00529680742914,14,NA,NA,NA
"control","GHA_SLV",-0.360411571369668,0.645379918010426,13,NA,NA,NA
"control","GIB_ARM",0.18308154089903,1.1384633523952,11,NA,NA,NA
"control","GIB_BEL",0.116676086079144,0.492382614910016,21,NA,NA,NA
"control","GIB_SLV",0.359692589844735,1.51734825612025,8,NA,NA,NA
"control","GIN_BEL",-0.383206733128253,1.34028355991877,21,NA,NA,NA
"control","GIN_LTU",-0.0767690203024519,0.676220085619254,16,NA,NA,NA
"control","GIN_MKD",-0.164093151025353,1.26002600792326,12,NA,NA,NA
"control","GMB_ARE",-0.23428883214261,1.66671760658474,17,NA,NA,NA
"control","GMB_BEL",0.0900025735072437,1.17821409171446,21,NA,NA,NA
"control","GMB_ETH",0.115911311882782,0.640371741997212,17,NA,NA,NA
"control","GMB_GUY",-0.0441964473107941,0.648333413558647,17,NA,NA,NA
"control","GMB_LUX",0.280969093681599,1.06231388508681,14,NA,NA,NA
"control","GNB_BEL",0.280226824338885,0.700948937169869,14,NA,NA,NA
"control","GNQ_BEL",-0.275198682447458,1.07027483121927,19,NA,NA,NA
"control","GNQ_DZA",-0.463618184832189,1.13362392966824,17,NA,NA,NA
"control","GNQ_NIC",-0.361224825763239,0.750818884138609,9,NA,NA,NA
"control","GNQ_ROU",-0.245579745173738,0.969701363454795,10,NA,NA,NA
"control","GRD_BEL",0.129660170525074,1.83794345617417,8,NA,NA,NA
"control","GRD_NGA",0.12504472230756,0.79375114652115,15,NA,NA,NA
"control","GRD_RWA",-0.172062335773857,0.338683170314884,8,NA,NA,NA
"control","GRD_SGP",-0.104209914729368,1.167819123806,14,NA,NA,NA
"control","GRL_GHA",-0.0702084575765625,0.939074376841545,8,NA,NA,NA
"control","GRL_NCL",0.304835714453124,1.17679147392499,11,NA,NA,NA
"control","GTM_AND",-0.385601056012777,0.666585740709682,19,NA,NA,NA
"control","GTM_ATG",0.102652436957177,0.589342260316651,19,NA,NA,NA
"control","GTM_BEL",0.0632238447124028,0.861377463410386,13,NA,NA,NA
"control","GTM_BFA",-0.186640359882832,1.00689838984353,14,NA,NA,NA
"control","GTM_LUX",-0.345273484405566,0.997062319606422,13,NA,NA,NA
"control","GUY_ARE",-0.0782504326904202,1.00978076034829,21,NA,NA,NA
"control","GUY_BEL",-0.10374109378064,1.00875023657968,8,NA,NA,NA
"control","GUY_KAZ",-0.267217853295968,1.00022529983399,19,NA,NA,NA
"control","HKG_ATG",-0.0458334276374262,1.59344262387343,16,NA,NA,NA
"control","HKG_BEL",-0.0406195779984237,0.741054866863429,21,NA,NA,NA
"control","HKG_BWA",0.0924454176722747,1.00676834796418,21,NA,NA,NA
"control","HKG_LUX",-0.294587970083226,0.442020760480981,21,NA,NA,NA
"control","HKG_MSR",-0.0291264214303477,0.94418827243092,14,NA,NA,NA
"control","HND_BEL",0.0257720539533503,0.552833201116582,13,NA,NA,NA
"control","HND_LTU",0.886537035037082,1.80161130686447,13,NA,NA,NA
"control","HND_NPL",-0.253890930186601,1.18415730525969,13,NA,NA,NA
"control","HRV_NCL",-0.213623646564226,0.831947537208636,13,NA,NA,NA
"control","HTI_BEL",-0.22104535320817,0.54977675303367,21,NA,NA,NA
"control","HTI_BFA",-0.112775028700189,1.76407691568526,11,NA,NA,NA
"control","HTI_CUB",-0.0172094854370853,1.8765230464335,8,NA,NA,NA
"control","HTI_GHA",0.107734284742166,0.635240949175424,14,NA,NA,NA
"control","HTI_LVA",0.0414733835164446,0.716723950659941,15,NA,NA,NA
"control","HTI_SGP",-0.0222061358340342,1.44583097592666,13,NA,NA,NA
"control","IDN_BEL",0.257222948291992,0.802767972969296,21,NA,NA,NA
"control","IDN_GIB",-0.114406855433512,1.3583891301347,18,NA,NA,NA
"control","IDN_IOT",-0.282227509519397,0.712184799248957,17,NA,NA,NA
"control","IDN_LUX",-0.154831881547683,0.813281149648931,21,NA,NA,NA
"control","IDN_SHN",0.171782036380975,1.63241130781409,18,NA,NA,NA
"control","IDN_STP",0.0976777655607955,1.11881117533353,21,NA,NA,NA
"control","IDN_SWZ",-0.0517458171600741,0.683104800107669,21,NA,NA,NA
"control","IND_BEL",-0.0191165493448873,0.640705386162643,21,NA,NA,NA
"control","IND_LUX",0.125531788688,1.58040425208324,21,NA,NA,NA
"control","IOT_ALB",0.409764878184494,0.856907042255502,8,NA,NA,NA
"control","IOT_AUS",0.321118799681578,1.15820205060187,12,NA,NA,NA
"control","IOT_IDN",-0.233703956621595,1.41320034839693,18,NA,NA,NA
"control","IOT_NGA",-0.239155486825099,1.20027160706699,16,NA,NA,NA
"control","IOT_SGP",-0.072200173236287,1.28941661100693,13,NA,NA,NA
"control","IOT_ZMB",-0.207103008130015,0.557290745006634,10,NA,NA,NA
"control","IRN_BEL",0.0287563256890213,1.1253281338846,21,NA,NA,NA
"control","IRN_LUX",0.284493239722025,0.902292172849086,21,NA,NA,NA
"control","IRN_NCL",-0.203444452353158,0.918751281858818,17,NA,NA,NA
"control","IRN_SOM",-0.77020720708909,1.03489913434345,16,NA,NA,NA
"control","IRN_SYC",-0.14168867782837,0.710064699428804,19,NA,NA,NA
"control","IRQ_MKD",-0.014178419660979,0.836744575841966,13,NA,NA,NA
"control","IRQ_ZAF",0.100151521723857,0.828091421442331,20,NA,NA,NA
"control","ISL_CUB",0.0999541454605241,1.33784463451004,20,NA,NA,NA
"control","ISL_MRT",0.249771628066254,1.33445467111401,20,NA,NA,NA
"control","ISL_NCL",0.144148037048691,0.806164062068697,18,NA,NA,NA
"control","ISR_CUB",-0.0221409021568963,1.2710070021868,20,NA,NA,NA
"control","ISR_ERI",0.513346996734711,1.11360698375075,18,NA,NA,NA
"control","ISR_MSR",-0.0891507203278651,0.682843634871151,11,NA,NA,NA
"control","JAM_BEL",0.329330722121008,0.493479234372658,8,NA,NA,NA
"control","JAM_NCL",0.857163854831944,1.35252377726064,15,NA,NA,NA
"control","JOR_AND",0.0768141854032193,0.550711481763235,17,NA,NA,NA
"control","JOR_ATG",-0.456354664291489,1.94908814472165,13,NA,NA,NA
"control","JOR_BFA",0.122369415489229,1.38607640540989,17,NA,NA,NA
"control","JOR_BLZ",0.220648541488883,1.39159993580933,10,NA,NA,NA
"control","JOR_URY",0.33574443033988,1.01918158853656,21,NA,NA,NA
"control","JPN_BEL",-0.310180276670321,1.08666973931676,19,NA,NA,NA
"control","JPN_LUX",-0.0652444193703356,0.559332733500633,19,NA,NA,NA
"control","KAZ_BEL",-9.37359333316126e-05,0.73917509529539,21,NA,NA,NA
"control","KAZ_LUX",0.293839399840861,0.921098749213564,21,NA,NA,NA
"control","KEN_ALB",0.18851875722498,1.59849913511854,18,NA,NA,NA
"control","KEN_AZE",0.293824209817979,1.90896084870622,20,NA,NA,NA
"control","KEN_BEL",-0.0761387768455319,1.21294335610991,21,NA,NA,NA
"control","KEN_CUB",-0.0503273524666718,0.570296101913883,14,NA,NA,NA
"control","KEN_LUX",-0.323504678530302,0.386689759334716,21,NA,NA,NA
"control","KEN_MDV",0.312949940347601,1.49424013829525,18,NA,NA,NA
"control","KEN_NCL",-0.821168457437421,0.761436801051309,18,NA,NA,NA
"control","KGZ_ARG",-0.172957628902181,0.90152441796958,21,NA,NA,NA
"control","KGZ_BEL",-0.0712586607863341,0.908636922694975,21,NA,NA,NA
"control","KGZ_CUB",-0.157328417472462,0.924231396445098,8,NA,NA,NA
"control","KGZ_LUX",-0.0588962418053069,1.20958394513929,20,NA,NA,NA
"control","KGZ_NOR",-0.380271488619288,0.981621770373419,21,NA,NA,NA
"control","KGZ_SGP",0.132108174861762,0.91861856410147,17,NA,NA,NA
"control","KHM_BEL",0.0111365147094606,0.959647035861696,21,NA,NA,NA
"control","KHM_BEN",0.249075512339204,1.24695565647891,18,NA,NA,NA
"control","KHM_NCL",0.327317772931122,0.960898907529191,20,NA,NA,NA
"control","KHM_SEN",0.015796792601009,1.6866464610765,18,NA,NA,NA
"control","KHM_TGO",0.0294541134097124,0.869698771054427,16,NA,NA,NA
"control","KIR_MKD",-0.319355345195832,0.294037829742901,12,NA,NA,NA
"control","KIR_NCL",-0.301071221321846,1.2178488934639,8,NA,NA,NA
"control","KIR_SDN",-0.174263380125607,1.15144112749826,13,NA,NA,NA
"control","KNA_MKD",0.311136097226207,0.662471004580578,15,NA,NA,NA
"control","KOR_BEL",-0.0220162019364299,0.514735871828231,11,NA,NA,NA
"control","KOR_LUX",0.121422099433429,0.645341076590916,11,NA,NA,NA
"control","KWT_BDI",-0.0579680963140928,3.15410745532681,12,NA,NA,NA
"control","KWT_BEL",0.403481909530128,0.577194037046673,21,NA,NA,NA
"control","KWT_CAF",-0.0320803822812509,0.792645997327337,11,NA,NA,NA
"control","KWT_CUB",0.366141932975912,0.940746428435637,9,NA,NA,NA
"control","KWT_GTM",-0.083290619347718,1.63355283521882,8,NA,NA,NA
"control","KWT_ISR",0.0382732120748936,0.714771140719416,9,NA,NA,NA
"control","KWT_LUX",-0.218104835003081,0.935014571262811,21,NA,NA,NA
"control","KWT_MKD",0.400617711737882,0.629627290606293,21,NA,NA,NA
"control","LAO_BEL",0.183769811541128,1.10280677133663,21,NA,NA,NA
"control","LAO_LVA",-0.149798584494437,0.991338812415864,21,NA,NA,NA
"control","LAO_NCL",0.00980434127921023,0.892495606539835,17,NA,NA,NA
"control","LBN_BLZ",-0.156831713638302,0.697101275894014,12,NA,NA,NA
"control","LBN_BRB",0.178912235219553,0.699718624370916,20,NA,NA,NA
"control","LBN_FRO",0.0684068796064923,1.12031258552237,11,NA,NA,NA
"control","LBN_NCL",-0.294253280067247,0.905571233815542,17,NA,NA,NA
"control","LBN_VCT",0.132520237883302,0.97978226476432,16,NA,NA,NA
"control","LBR_ARM",-0.0254833177642598,1.54031237911169,11,NA,NA,NA
"control","LBR_BEL",0.202680435630229,1.09288247079807,21,NA,NA,NA
"control","LBR_BRB",-0.154344550711354,1.27071374220699,8,NA,NA,NA
"control","LBR_GUY",-0.162584126734313,1.09427647134105,8,NA,NA,NA
"control","LBR_NCL",0.209956464978687,0.491240513551397,14,NA,NA,NA
"control","LBR_SUR",-0.039497637574948,0.806099941718613,15,NA,NA,NA
"control","LBY_BEL",0.272488058072414,1.36452951205326,21,NA,NA,NA
"control","LBY_UKR",-0.202870794547263,1.30009724127447,20,NA,NA,NA
"control","LCA_CUB",0.2090817798695,0.355546618804731,15,NA,NA,NA
"control","LCA_MYS",-0.251869848876841,0.358320973871425,8,NA,NA,NA
"control","LKA_ABW",0.124861247116923,0.801448225014927,15,NA,NA,NA
"control","LKA_BEL",-0.0161543466688979,0.401655830259288,21,NA,NA,NA
"control","LKA_CPV",-0.1581762295704,0.468375810729681,18,NA,NA,NA
"control","LKA_FSM",0.0410030487500422,0.841252501003034,8,NA,NA,NA
"control","LKA_LSO",-0.147423007046995,0.919395786935705,12,NA,NA,NA
"control","LKA_LUX",-0.337232893407308,0.63484878084226,21,NA,NA,NA
"control","LKA_MHL",-0.380266442936701,1.92433234917673,10,NA,NA,NA
"control","LKA_STP",-0.684775957469575,1.20027595559722,12,NA,NA,NA
"control","LKA_VGB",-0.352334652380227,1.6230818768662,10,NA,NA,NA
"control","LTU_CAF",-0.367762108625516,0.602586007578651,12,NA,NA,NA
"control","LTU_IRQ",0.0295110420253516,0.712386042107199,20,NA,NA,NA
"control","LTU_MDG",-0.300025861111333,0.838156335073189,10,NA,NA,NA
"control","LTU_MUS",0.047633183330078,1.00899105094245,12,NA,NA,NA
"control","LUX_AFG",-0.166221271028263,1.21639416779443,20,NA,NA,NA
"control","LUX_AGO",-0.0366503276145158,0.830327027425106,21,NA,NA,NA
"control","LUX_ARE",-0.498113723384456,0.625678334716678,21,NA,NA,NA
"control","LUX_ARG",-0.0767675674678449,1.07330725310634,21,NA,NA,NA
"control","LUX_ARM",-0.279170166010091,0.648554976835432,18,NA,NA,NA
"control","LUX_AUS",0.0977235601486799,1.07436628788298,21,NA,NA,NA
"control","LUX_AZE",0.0968572045487734,0.944231364073439,21,NA,NA,NA
"control","LUX_BDI",-0.0953475947217481,1.19085802151364,21,NA,NA,NA
"control","LUX_BEN",-0.102698859795922,1.07165966152778,21,NA,NA,NA
"control","LUX_BFA",0.209038326239479,0.491784654613732,20,NA,NA,NA
"control","LUX_BGD",-0.158707818201783,1.22416236993706,20,NA,NA,NA
"control","LUX_BHR",-0.368997352515508,1.19822332608724,21,NA,NA,NA
"control","LUX_BHS",-0.117586310555898,0.740228550093742,8,NA,NA,NA
"control","LUX_BIH",0.422031973623222,0.398294131918893,8,NA,NA,NA
"control","LUX_BLR",-0.443450457034612,0.704650103609395,21,NA,NA,NA
"control","LUX_BOL",-0.00965154529609781,1.79132423918656,21,NA,NA,NA
"control","LUX_BRA",0.12313115157246,0.762661061105258,21,NA,NA,NA
"control","LUX_BRB",-0.270331600879634,0.579473248247295,8,NA,NA,NA
"control","LUX_BRN",-0.262310822944278,0.83341383356012,21,NA,NA,NA
"control","LUX_BTN",0.476272794160868,0.495158961775052,12,NA,NA,NA
"control","LUX_CAF",-0.189637387038673,0.852947596115404,21,NA,NA,NA
"control","LUX_CAN",0.174361127490234,1.01585141966656,17,NA,NA,NA
"control","LUX_CHN",-0.228582930363092,1.5146217268391,21,NA,NA,NA
"control","LUX_CIV",-0.0651081215434142,0.753237657042721,16,NA,NA,NA
"control","LUX_CMR",-0.384190899762043,0.546645938296933,14,NA,NA,NA
"control","LUX_COD",-0.221474867899193,0.607439231590418,21,NA,NA,NA
"control","LUX_COG",-0.00417165981668315,1.30484767798241,21,NA,NA,NA
"control","LUX_COL",0.0126558188299418,1.06995612208004,13,NA,NA,NA
"control","LUX_COM",0.496541972099796,0.922626224978206,16,NA,NA,NA
"control","LUX_CPV",0.292855624837393,1.04696043653393,21,NA,NA,NA
"control","LUX_CRI",-0.218813489885444,1.93112617160412,13,NA,NA,NA
"control","LUX_CUB",-0.167876177718269,0.712196639278538,20,NA,NA,NA
"control","LUX_DJI",-0.10215162417519,0.853602354087772,18,NA,NA,NA
"control","LUX_DOM",0.15926413979082,1.31936524538941,8,NA,NA,NA
"control","LUX_ECU",-0.381887803747105,1.20561372861465,17,NA,NA,NA
"control","LUX_ERI",0.227869787831455,0.925993560877304,18,NA,NA,NA
"control","LUX_ETH",-0.303704782022564,0.733125199374301,21,NA,NA,NA
"control","LUX_GAB",0.0855437128142265,0.969761541597143,20,NA,NA,NA
"control","LUX_GEO",0.0320936179068882,1.38382529975667,14,NA,NA,NA
"control","LUX_GHA",0.0245048451951974,0.327005956434072,16,NA,NA,NA
"control","LUX_GIN",0.0411957135854844,0.739824834593217,20,NA,NA,NA
"control","LUX_GMB",-0.376778976812196,0.590809220615912,20,NA,NA,NA
"control","LUX_GNB",-0.048774298300676,1.09531925020451,16,NA,NA,NA
"control","LUX_GNQ",0.340096699544125,0.594811511679891,18,NA,NA,NA
"control","LUX_GTM",-0.15490416791828,0.758283090643256,13,NA,NA,NA
"control","LUX_GUY",0.172768765883669,0.382993813993495,8,NA,NA,NA
"control","LUX_HKG",0.191876771133519,1.69990180001324,21,NA,NA,NA
"control","LUX_HND",0.114853771610721,1.45071070725762,13,NA,NA,NA
"control","LUX_HTI",0.0237910083868733,0.780201697795635,19,NA,NA,NA
"control","LUX_IDN",0.452046433697781,0.957169483244458,21,NA,NA,NA
"control","LUX_IND",0.0137341601264874,1.12297692859754,21,NA,NA,NA
"control","LUX_IRN",0.181915651041117,0.368399100658551,21,NA,NA,NA
"control","LUX_JAM",0.232828115281051,1.11775147065214,8,NA,NA,NA
"control","LUX_JPN",-0.135946830120276,1.19549901438153,19,NA,NA,NA
"control","LUX_KAZ",0.0506640513918729,1.13913285826024,21,NA,NA,NA
"control","LUX_KEN",-0.062182735299944,0.880045055616773,21,NA,NA,NA
"control","LUX_KGZ",0.0428030640175482,1.46408582004358,21,NA,NA,NA
"control","LUX_KOR",-0.406309302312614,0.57216129771892,11,NA,NA,NA
"control","LUX_KWT",0.228806706649302,0.871114063347604,21,NA,NA,NA
"control","LUX_LAO",-0.154182894942869,1.05647106815263,21,NA,NA,NA
"control","LUX_LBR",-0.032620942056841,0.653466656760724,20,NA,NA,NA
"control","LUX_LBY",-0.167732901189558,0.78784447453502,21,NA,NA,NA
"control","LUX_LKA",-0.0567945994992899,1.12474021122534,21,NA,NA,NA
"control","LUX_MAC",-0.112460599047719,0.932626876019856,20,NA,NA,NA
"control","LUX_MDA",-0.115792995340635,0.952857076263485,14,NA,NA,NA
"control","LUX_MDG",0.282351187617659,0.593953605785491,12,NA,NA,NA
"control","LUX_MDV",-0.234438676210851,1.07712134991103,20,NA,NA,NA
"control","LUX_MLI",0.211906266583474,1.39661138591694,20,NA,NA,NA
"control","LUX_MMR",-0.0516145682799213,0.999592494755165,21,NA,NA,NA
"control","LUX_MOZ",-0.309662289240069,0.405462253126828,16,NA,NA,NA
"control","LUX_MRT",0.131513043375218,1.84895179125321,21,NA,NA,NA
"control","LUX_MUS",0.0419713326051875,0.923099432873812,12,NA,NA,NA
"control","LUX_MWI",-0.223732870697706,1.41790240505405,21,NA,NA,NA
"control","LUX_MYS",-0.195357485118391,1.2182340422673,21,NA,NA,NA
"control","LUX_NER",0.254887967542159,0.79830573799113,21,NA,NA,NA
"control","LUX_NGA",0.0202317452509105,1.08709191013723,21,NA,NA,NA
"control","LUX_NIC",0.273925347173578,1.23305094262974,13,NA,NA,NA
"control","LUX_NPL",-0.383439384507399,1.3028408187701,21,NA,NA,NA
"control","LUX_NZL",-0.13329154278621,1.14479891670168,21,NA,NA,NA
"control","LUX_OMN",0.0611914455013949,1.08601050547526,21,NA,NA,NA
"control","LUX_PAK",-0.291043801880902,0.790043236075703,21,NA,NA,NA
"control","LUX_PAN",-0.029146722993134,0.447297862407228,13,NA,NA,NA
"control","LUX_PER",-0.22523392178888,1.54106776534325,13,NA,NA,NA
"control","LUX_PHL",-0.261524920514345,0.816370634623901,21,NA,NA,NA
"control","LUX_PNG",-0.061014869748972,1.00659035487478,10,NA,NA,NA
"control","LUX_PRK",0.0643573459663726,0.672543738502535,15,NA,NA,NA
"control","LUX_QAT",0.0433867367534416,1.32022353681479,21,NA,NA,NA
"control","LUX_RUS",0.223401670842254,1.20098819378677,21,NA,NA,NA
"control","LUX_RWA",-0.554130524269535,0.836253578360691,21,NA,NA,NA
"control","LUX_SAU",-0.119707581000991,1.41985371829334,21,NA,NA,NA
"control","LUX_SDN",0.155993016345823,1.16008445864724,21,NA,NA,NA
"control","LUX_SEN",-0.00453832292630507,0.966253148389646,20,NA,NA,NA
"control","LUX_SGP",-0.0995232981389773,1.17324570335555,19,NA,NA,NA
"control","LUX_SLB",0.0225974209594494,0.982219641429234,14,NA,NA,NA
"control","LUX_SLE",0.157158585399062,1.16171108561824,21,NA,NA,NA
"control","LUX_SLV",-0.3142132959366,2.06008408878713,13,NA,NA,NA
"control","LUX_SOM",0.531494534011471,1.10132447114532,9,NA,NA,NA
"control","LUX_STP",-0.121819010734564,0.69205777551713,13,NA,NA,NA
"control","LUX_SUR",0.20672454829055,1.19123588304922,8,NA,NA,NA
"control","LUX_SYC",-0.0105203075347055,0.758964934905681,11,NA,NA,NA
"control","LUX_TCD",0.0680560198561501,0.921258945453079,19,NA,NA,NA
"control","LUX_TGO",-0.0269338669967892,0.556826117979843,21,NA,NA,NA
"control","LUX_THA",0.224132818365217,0.947567484068718,21,NA,NA,NA
"control","LUX_TJK",-0.117218436987315,0.722966367801932,19,NA,NA,NA
"control","LUX_TKM",-0.15766001956389,0.714563429574586,21,NA,NA,NA
"control","LUX_TTO",-0.00246440385366421,0.322331047964585,8,NA,NA,NA
"control","LUX_TWN",-0.0587058860001006,1.04480867395535,21,NA,NA,NA
"control","LUX_TZA",-0.194232236006752,1.59043493015292,21,NA,NA,NA
"control","LUX_UGA",-0.410070411386239,0.598704695822166,21,NA,NA,NA
"control","LUX_UKR",-0.239275946386614,0.728471901463687,14,NA,NA,NA
"control","LUX_URY",-0.00865951240087377,0.584929297988891,21,NA,NA,NA
"control","LUX_USA",-0.0144857656025669,0.863445412787463,21,NA,NA,NA
"control","LUX_UZB",-0.0859402754288695,0.684888537779178,21,NA,NA,NA
"control","LUX_VEN",0.282500429145704,0.596576915439411,21,NA,NA,NA
"control","LUX_VNM",0.0682473525688373,1.48787043691742,21,NA,NA,NA
"control","LUX_YEM",-0.0649164377884049,1.23047562440673,20,NA,NA,NA
"control","LUX_ZMB",0.00220251962154782,1.09929690879199,21,NA,NA,NA
"control","LUX_ZWE",0.425855526407362,0.914720546176537,12,NA,NA,NA
"control","LVA_AGO",0.0702764403048559,1.64913213344451,16,NA,NA,NA
"control","LVA_CIV",0.605434332766945,0.828212494173615,15,NA,NA,NA
"control","LVA_HTI",0.204371482777187,0.763280671019907,19,NA,NA,NA
"control","LVA_MAC",0.0474424145204127,1.2607343009461,20,NA,NA,NA
"control","LVA_OMN",0.0401852553317636,1.24193671239277,20,NA,NA,NA
"control","LVA_VUT",0.475070335336603,0.497718699209038,15,NA,NA,NA
"control","MAC_BEL",-0.207518899504456,1.41118419995206,21,NA,NA,NA
"control","MAC_CUB",0.11107597222653,1.5886759664917,8,NA,NA,NA
"control","MAC_GHA",-0.514047921937017,1.20617859599282,12,NA,NA,NA
"control","MAR_ERI",-0.00505975115051887,0.528704520182954,15,NA,NA,NA
"control","MAR_SHN",-0.378888076810381,1.27819658600877,10,NA,NA,NA
"control","MDA_BEL",-0.289886660174649,0.616193582569756,14,NA,NA,NA
"control","MDA_BGD",0.574560844857331,0.453939832601576,15,NA,NA,NA
"control","MDA_GTM",0.201685654388917,0.898797073661857,10,NA,NA,NA
"control","MDA_LUX",-0.1328413566529,0.539788355715997,14,NA,NA,NA
"control","MDA_PHL",-0.0497844726871077,1.36532716637242,13,NA,NA,NA
"control","MDA_ZAF",-0.0109117069417453,1.64901078948771,21,NA,NA,NA
"control","MDG_BEL",0.279431983059133,0.777307302830527,12,NA,NA,NA
"control","MDG_LTU",0.134326235257027,0.160270847209241,11,NA,NA,NA
"control","MDG_LUX",0.294438616448634,1.34934152971721,12,NA,NA,NA
"control","MDV_BEL",-0.193100040641881,1.05055038450099,21,NA,NA,NA
"control","MDV_LUX",-0.196915820876194,0.663806663124785,17,NA,NA,NA
"control","MDV_PHL",-0.0854396753490829,0.991536997370596,21,NA,NA,NA
"control","MDV_SYC",-0.47627376838361,0.774851481461993,19,NA,NA,NA
"control","MEX_ERI",-0.150600769777011,0.546683496242778,11,NA,NA,NA
"control","MEX_ESH",0.458787203348499,0.538747453147485,8,NA,NA,NA
"control","MEX_NAM",0.108991919170681,0.915165020964128,21,NA,NA,NA
"control","MEX_TJK",0.316423461787256,0.570982929735685,11,NA,NA,NA
"control","MHL_BGR",-0.370631455183378,0.863240362926527,12,NA,NA,NA
"control","MKD_CIV",-0.101653511973515,1.10324594574537,16,NA,NA,NA
"control","MKD_ECU",-0.068366286851637,2.14154633747097,16,NA,NA,NA
"control","MKD_SDN",-0.223399281122128,1.82193989860969,15,NA,NA,NA
"control","MKD_SLV",-0.20695737455047,0.67681850252424,15,NA,NA,NA
"control","MKD_ZAF",0.202129309892844,1.02677375157379,21,NA,NA,NA
"control","MLI_BEL",0.137136683839305,1.40825316585345,21,NA,NA,NA
"control","MLI_ISR",-0.139181184152339,1.03309036470023,19,NA,NA,NA
"control","MLI_NCL",-0.00447527333712049,1.45447900453296,15,NA,NA,NA
"control","MLI_NIC",-0.282476538099755,1.27145140255718,16,NA,NA,NA
"control","MLI_ROU",-0.129713464901084,0.903554053625782,20,NA,NA,NA
"control","MLI_SGP",0.266728946472903,1.15627146166693,20,NA,NA,NA
"control","MLI_SUR",-0.336600112580263,0.787533432721749,14,NA,NA,NA
"control","MLT_CPV",-0.192266539245952,0.901224959525927,21,NA,NA,NA
"control","MMR_BEL",0.0884538070729709,0.963553896274145,21,NA,NA,NA
"control","MMR_MWI",-1.03630757772308,0.604881901023337,8,NA,NA,NA
"control","MMR_NCL",0.0323881314634871,1.1236809744379,17,NA,NA,NA
"control","MMR_PYF",0.307138402140238,0.967235347944003,20,NA,NA,NA
"control","MNG_BEL",-0.188675578652858,0.973654575161492,21,NA,NA,NA
"control","MNG_ISL",0.395415790529403,1.11891576686863,12,NA,NA,NA
"control","MNG_LKA",0.109359586839055,0.981458970035679,19,NA,NA,NA
"control","MNG_LUX",0.242468693583388,0.928684312354481,19,NA,NA,NA
"control","MNG_NGA",-0.0928988987483827,0.940237246103213,9,NA,NA,NA
"control","MNG_TUN",0.2085667244394,1.4133353751886,12,NA,NA,NA
"control","MNP_BEL",-0.023949398024755,1.07334307919551,14,NA,NA,NA
"control","MNP_FIN",-0.304324350973453,1.26073369889545,12,NA,NA,NA
"control","MOZ_BEL",-0.306492868746475,0.457958265731625,16,NA,NA,NA
"control","MOZ_BLZ",-0.334247785238879,1.46020962430795,14,NA,NA,NA
"control","MOZ_BRB",-0.086614002607606,1.54726576980196,8,NA,NA,NA
"control","MOZ_CPV",0.254253628980992,1.51867281323324,17,NA,NA,NA
"control","MOZ_LUX",-0.317791403472484,1.13882505320447,10,NA,NA,NA
"control","MOZ_NPL",-0.196457731853631,1.40306779189793,10,NA,NA,NA
"control","MOZ_SLV",-0.431407110668203,1.43547566596455,9,NA,NA,NA
"control","MRT_BEL",-0.35841066630627,1.78595056214716,21,NA,NA,NA
"control","MRT_CAF",-0.0560174156753761,0.642471561251939,13,NA,NA,NA
"control","MRT_ETH",-0.263667199166713,1.16688518081809,20,NA,NA,NA
"control","MRT_PRY",0.870084836329135,0.863235156410638,13,NA,NA,NA
"control","MRT_SDN",0.208582179072562,0.82106676630966,15,NA,NA,NA
"control","MSR_AIA",-0.552115521623532,0.959430568465859,15,NA,NA,NA
"control","MSR_ANT",-0.21003614028885,0.319415045620749,12,NA,NA,NA
"control","MSR_SGP",0.16465867183438,1.23268988252878,11,NA,NA,NA
"control","MUS_ALB",-0.105440921448377,1.22794958093473,11,NA,NA,NA
"control","MUS_BEL",0.315101054123491,0.841734904065281,12,NA,NA,NA
"control","MUS_COK",0.101993295542565,0.576679858079453,12,NA,NA,NA
"control","MUS_CUB",-0.419772138998605,1.70763243331181,9,NA,NA,NA
"control","MUS_LUX",0.11111069643373,0.741636025774675,12,NA,NA,NA
"control","MWI_BEL",-0.256705973365928,0.987953150100458,21,NA,NA,NA
"control","MWI_LTU",0.395737208125917,0.550339503645786,20,NA,NA,NA
"control","MYS_BEL",0.00520727950680849,1.09353565376243,21,NA,NA,NA
"control","MYS_LUX",-0.252243467425814,0.996188765629589,21,NA,NA,NA
"control","NAM_LBN",0.232460751604033,0.824977504715229,21,NA,NA,NA
"control","NAM_LTU",0.475017084682121,1.08323339477834,16,NA,NA,NA
"control","NAM_UKR",-0.155107936476672,1.13808305800508,21,NA,NA,NA
"control","NCL_BDI",-0.236699889210634,0.20448907372525,11,NA,NA,NA
"control","NCL_BFA",0.154385052882077,0.545503380335726,10,NA,NA,NA
"control","NCL_BLZ",-0.0881643022465669,0.63097298328929,10,NA,NA,NA
"control","NCL_BRB",0.391429547590695,1.03061524876522,13,NA,NA,NA
"control","NCL_COL",0.212046333903852,1.05752475749881,16,NA,NA,NA
"control","NCL_FJI",0.186841748668831,1.39205642661172,21,NA,NA,NA
"control","NCL_KIR",0.232019526285205,1.09889073599299,10,NA,NA,NA
"control","NCL_LKA",0.292868854590179,0.980593631939974,13,NA,NA,NA
"control","NCL_MDG",0.166550322178725,0.713198387651041,20,NA,NA,NA
"control","NCL_MEX",-0.0405636699188448,1.46668632840435,20,NA,NA,NA
"control","NCL_MYS",-0.0595306492173868,0.420281163069606,19,NA,NA,NA
"control","NCL_NOR",0.186046483764978,1.03683110339666,13,NA,NA,NA
"control","NCL_SLB",0.243435130711217,0.700105917010736,18,NA,NA,NA
"control","NCL_TUN",0.302987629461241,0.902222988123627,19,NA,NA,NA
"control","NCL_VCT",-0.310715616850497,1.5159887331167,8,NA,NA,NA
"control","NCL_VUT",-0.00645771941305833,1.00670079339262,17,NA,NA,NA
"control","NCL_WLF",-0.191559011675005,0.780810632035615,17,NA,NA,NA
"control","NCL_WSM",-0.160635110577975,1.02492061872144,21,NA,NA,NA
"control","NER_BEL",-0.0596527616807646,0.906004334492513,21,NA,NA,NA
"control","NER_BGR",-0.235269344119827,0.800306343063274,17,NA,NA,NA
"control","NER_BRB",-0.103498899467108,0.550025566491313,15,NA,NA,NA
"control","NER_ISR",-0.11570330437711,1.80674261153616,13,NA,NA,NA
"control","NER_MWI",0.00943814274550604,1.02769971961992,21,NA,NA,NA
"control","NFK_IND",0.0597423095689276,1.09230266941465,19,NA,NA,NA
"control","NFK_SGP",0.261528477092109,1.20015592333841,10,NA,NA,NA
"control","NGA_ARM",0.131802057350777,0.683660193089208,15,NA,NA,NA
"control","NGA_BEL",-0.204192890765454,0.319550070669057,21,NA,NA,NA
"control","NGA_BWA",0.177200720819798,1.69731821290568,21,NA,NA,NA
"control","NGA_GIB",0.652408255404344,0.676452885446927,9,NA,NA,NA
"control","NGA_LUX",0.0146955318231057,1.31096408596169,21,NA,NA,NA
"control","NGA_NCL",-0.261746632230151,1.1194152360913,16,NA,NA,NA
"control","NGA_PAN",-0.0960230544864091,0.848227844555833,11,NA,NA,NA
"control","NGA_STP",0.076892805315059,1.0405568728442,21,NA,NA,NA
"control","NGA_SUR",-0.0833143198576154,0.909492299750716,11,NA,NA,NA
"control","NIC_ATG",-0.390535379112346,0.910391717179545,15,NA,NA,NA
"control","NIC_BEL",0.585494867851012,0.585491955835882,13,NA,NA,NA
"control","NIC_COD",0.293054772765098,0.797346870201915,10,NA,NA,NA
"control","NIC_LBR",0.238468773328599,0.59869684874442,14,NA,NA,NA
"control","NIC_LCA",0.262946304853362,0.762352787546412,17,NA,NA,NA
"control","NIC_LUX",-0.423614487332607,0.910674708952047,11,NA,NA,NA
"control","NIC_MWI",-0.355109952477503,0.776005280126811,11,NA,NA,NA
"control","NIC_NER",-0.107162754301819,0.930115605183047,12,NA,NA,NA
"control","NIU_AZE",-0.106304740390406,0.532367692821333,10,NA,NA,NA
"control","NIU_CHE",-0.497999722432376,1.89777316865887,10,NA,NA,NA
"control","NIU_NGA",-0.133563650993996,1.37987566148695,11,NA,NA,NA
"control","NOR_PLW",0.313584923678123,1.42545782005945,8,NA,NA,NA
"control","NPL_BEL",-0.0713320530800368,1.41901868624636,21,NA,NA,NA
"control","NPL_BGR",0.0162747308729621,1.17759489319092,21,NA,NA,NA
"control","NPL_LUX",-0.0204886069062304,1.25551129406681,21,NA,NA,NA
"control","NPL_NCL",0.0767427650384916,0.981472180209249,21,NA,NA,NA
"control","NZL_BEL",-0.159987602664932,1.52919356149735,21,NA,NA,NA
"control","NZL_GNQ",-0.332161244916343,1.00910242378371,19,NA,NA,NA
"control","NZL_LUX",-0.153446382856445,1.16837099099307,21,NA,NA,NA
"control","NZL_TKM",-0.199835822021987,1.05191469502465,15,NA,NA,NA
"control","OMN_BEL",0.146487432684295,1.58415822423083,21,NA,NA,NA
"control","OMN_BLR",0.312101743648481,0.958802198219203,16,NA,NA,NA
"control","OMN_CRI",0.156779939431726,0.433432778348597,17,NA,NA,NA
"control","OMN_ERI",-0.163708163435001,0.654315082436743,19,NA,NA,NA
"control","OMN_FJI",0.115976707827989,1.45498556355265,21,NA,NA,NA
"control","OMN_MMR",-0.254208971570752,0.903711731235517,17,NA,NA,NA
"control","OMN_MWI",-0.0182280525655364,0.913269384242339,17,NA,NA,NA
"control","OMN_SYC",-0.509739217596162,0.739278500300243,20,NA,NA,NA
"control","PAK_ATG",0.0734468286650929,0.69855895029732,17,NA,NA,NA
"control","PAK_BEL",0.199755901045293,1.08716579051892,21,NA,NA,NA
"control","PAK_LUX",0.0402180644253224,1.02630703335982,21,NA,NA,NA
"control","PAK_NAM",0.378074835925757,1.3918721329535,21,NA,NA,NA
"control","PAK_NCL",0.432552843609888,0.874775241000271,21,NA,NA,NA
"control","PAN_AGO",-0.0374522482751034,0.628098717764185,19,NA,NA,NA
"control","PAN_ALB",-0.321897160506506,0.90146109370279,17,NA,NA,NA
"control","PAN_BEL",-0.270965659176795,0.491615749321258,13,NA,NA,NA
"control","PAN_LUX",0.0807427317867574,0.730089567130035,13,NA,NA,NA
"control","PAN_MAC",-0.213710643102694,1.22989846833753,14,NA,NA,NA
"control","PAN_MSR",-0.263098500417645,1.06526892250893,15,NA,NA,NA
"control","PAN_MWI",-0.116717416686453,1.26221025432977,14,NA,NA,NA
"control","PAN_NCL",-0.233329670313376,0.700247543343991,15,NA,NA,NA
"control","PCN_NGA",-0.344901102644737,0.742957808125515,8,NA,NA,NA
"control","PER_BEL",0.0458909685748105,0.475825119299057,13,NA,NA,NA
"control","PER_CYM",-0.339980148632004,1.24045305140411,19,NA,NA,NA
"control","PER_LUX",-0.420485661737134,1.09741712442072,13,NA,NA,NA
"control","PER_NCL",0.0567007709584856,0.603363107049798,21,NA,NA,NA
"control","PER_RWA",0.715891532164599,0.665698047796038,11,NA,NA,NA
"control","PHL_BEL",0.114736293148859,1.35242681094865,21,NA,NA,NA
"control","PHL_ERI",-0.0770654687117005,0.818572338752339,12,NA,NA,NA
"control","PHL_LUX",0.0816852658887917,1.43412930445904,21,NA,NA,NA
"control","PHL_TUV",-0.348692165058625,0.951817620125303,18,NA,NA,NA
"control","PLW_NGA",0.125885694818704,0.570965234041266,8,NA,NA,NA
"control","PLW_SDN",0.0159702493459403,0.705908989285631,13,NA,NA,NA
"control","PNG_BEL",0.0960918306813005,0.78753906888203,9,NA,NA,NA
"control","PNG_BLR",0.123690268032117,0.936759984128931,15,NA,NA,NA
"control","PNG_EST",-0.0989445843797374,2.54907406445716,9,NA,NA,NA
"control","PNG_MDA",-0.889426795027743,0.554726941980386,8,NA,NA,NA
"control","PNG_TUN",0.365196535613973,1.17371018993979,9,NA,NA,NA
"control","PRK_ARM",0.271751038570774,0.581412955657842,16,NA,NA,NA
"control","PRK_ATG",0.160845467893964,1.19944935564014,15,NA,NA,NA
"control","PRK_BEL",-0.107661498833289,0.438967478854902,21,NA,NA,NA
"control","PRK_BLZ",-0.234708698144562,0.612786440815978,17,NA,NA,NA
"control","PRK_LUX",0.309681079375718,0.945134625189813,21,NA,NA,NA
"control","PRK_NCL",0.217374081512278,1.10056111831632,17,NA,NA,NA
"control","PRK_STP",0.0624241854925876,0.492617187262512,11,NA,NA,NA
"control","PRY_BEL",0.329294051483061,1.12572100392087,21,NA,NA,NA
"control","PRY_LTU",-0.0860950027673561,1.78622794925264,21,NA,NA,NA
"control","PYF_BEN",0.0443291477411027,1.25580886769214,8,NA,NA,NA
"control","PYF_GUY",-0.126561354611268,1.27598764011593,10,NA,NA,NA
"control","PYF_NGA",0.323898099237597,1.49091224805114,12,NA,NA,NA
"control","QAT_ARM",-0.543483538164773,1.17010182299654,17,NA,NA,NA
"control","QAT_BEL",-0.190509810082308,1.34434843868288,21,NA,NA,NA
"control","QAT_ECU",0.0857470283983949,0.699357453789877,20,NA,NA,NA
"control","QAT_NCL",-0.34903203536695,0.789151918266104,14,NA,NA,NA
"control","QAT_TTO",0.237709041006276,0.808079691043674,10,NA,NA,NA
"control","RUS_BEL",0.0822524244416034,0.411254031770144,21,NA,NA,NA
"control","RUS_LUX",-0.135029455425993,0.854285173566093,21,NA,NA,NA
"control","RUS_NCL",-0.0728773310839371,0.563971891067495,21,NA,NA,NA
"control","RWA_BEL",-0.0789281564595547,1.01613808289851,21,NA,NA,NA
"control","RWA_BEN",0.0303228046505771,1.64715673717183,17,NA,NA,NA
"control","RWA_CMR",0.0561633472069682,1.4128264780616,20,NA,NA,NA
"control","RWA_EST",0.42381310863598,1.25840072758779,16,NA,NA,NA
"control","RWA_MLI",-0.0188240160839556,1.48296668184159,18,NA,NA,NA
"control","RWA_SAU",-0.0358341279196116,1.12973661935392,19,NA,NA,NA
"control","SAU_BEL",0.100455877370279,1.27819424552896,21,NA,NA,NA
"control","SAU_CPV",-0.279855511526425,0.743428332531976,21,NA,NA,NA
"control","SAU_KNA",0.406093684048562,0.38400189105456,11,NA,NA,NA
"control","SAU_LUX",0.200551241288152,0.999684044746513,21,NA,NA,NA
"control","SDN_BEL",0.125687927684074,0.577081670712458,21,NA,NA,NA
"control","SDN_BFA",0.111922753708574,1.43389814170395,15,NA,NA,NA
"control","SDN_GEO",-0.0498478146409626,0.998931110195721,12,NA,NA,NA
"control","SDN_NCL",0.00754282286581042,0.646037221305361,13,NA,NA,NA
"control","SDN_SEN",0.0426528198884479,1.23978837971555,18,NA,NA,NA
"control","SEN_AND",-0.304540036681459,0.875141150669314,14,NA,NA,NA
"control","SEN_BDI",-0.164370821342502,0.920782236859152,21,NA,NA,NA
"control","SEN_BEL",-0.0137728853904554,1.18497398277099,21,NA,NA,NA
"control","SEN_CUB",0.259861447296099,0.603225535220905,10,NA,NA,NA
"control","SEN_DOM",0.279545576996628,0.773480475809433,17,NA,NA,NA
"control","SEN_GUY",0.329712600247645,0.821516032861852,16,NA,NA,NA
"control","SEN_JOR",0.508316359770764,1.2746810855193,21,NA,NA,NA
"control","SEN_LTU",0.224235464078181,1.42303758187005,16,NA,NA,NA
"control","SEN_LUX",0.15484224375121,1.08950083190076,21,NA,NA,NA
"control","SEN_NCL",-0.117074276853233,1.03459538083754,18,NA,NA,NA
"control","SEN_PAN",-0.0861679508468107,0.775533829990384,13,NA,NA,NA
"control","SGP_ABW",0.0512777938998349,0.349553497143071,14,NA,NA,NA
"control","SGP_AIA",0.163466811956821,0.597788331783288,11,NA,NA,NA
"control","SGP_ALB",-0.0337822109349252,0.900074094789828,21,NA,NA,NA
"control","SGP_BEL",-0.116255739989868,1.06770018880116,19,NA,NA,NA
"control","SGP_BIH",-0.0587173316641966,0.870908886630924,21,NA,NA,NA
"control","SGP_CAF",-0.0142133312321967,0.651439566482135,17,NA,NA,NA
"control","SGP_CYM",0.426963556998548,1.13890096916968,13,NA,NA,NA
"control","SGP_ERI",-0.10909264922301,1.27745184002173,14,NA,NA,NA
"control","SGP_FSM",0.0530978047561789,1.42635842329383,21,NA,NA,NA
"control","SGP_GNQ",-0.0622407224954441,0.780647449058483,13,NA,NA,NA
"control","SGP_IOT",0.203922009406016,0.692101205741768,13,NA,NA,NA
"control","SGP_LUX",-0.063672338011184,1.23831180871566,19,NA,NA,NA
"control","SGP_MRT",-0.154426504480333,0.521536045850042,21,NA,NA,NA
"control","SGP_NFK",0.197421562619931,1.11852503220333,11,NA,NA,NA
"control","SGP_PLW",0.339789738078331,0.716672801197382,17,NA,NA,NA
"control","SGP_SLE",-0.328595585152165,0.963485009179265,17,NA,NA,NA
"control","SGP_TCA",0.0937615438850689,0.597630762361921,13,NA,NA,NA
"control","SGP_TJK",-0.213415667137781,0.951012359843753,12,NA,NA,NA
"control","SGP_TKL",-0.604074770421369,1.52481229652337,12,NA,NA,NA
"control","SGP_TKM",0.339596246630919,0.451950745067574,13,NA,NA,NA
"control","SGP_TON",-0.322553838943695,0.733113553630363,21,NA,NA,NA
"control","SGP_UZB",0.166430405772927,0.968516791757058,13,NA,NA,NA
"control","SGP_VGB",-0.547080475285346,1.3135754163795,13,NA,NA,NA
"control","SGP_WLF",-0.0447067215519249,0.877743628274652,16,NA,NA,NA
"control","SHN_MAR",0.229444416365949,1.29799070878251,13,NA,NA,NA
"control","SHN_MKD",-0.392761570082958,1.09085202929003,13,NA,NA,NA
"control","SLB_NCL",0.158228655249255,0.80811861435975,20,NA,NA,NA
"control","SLB_POL",0.464750006232991,0.910221115666786,19,NA,NA,NA
"control","SLE_BEL",0.33908122371367,1.70504926515378,21,NA,NA,NA
"control","SLE_CUB",0.197768156285383,0.435680144175837,8,NA,NA,NA
"control","SLE_GUY",-0.505116864864192,1.14736588976876,12,NA,NA,NA
"control","SLE_RUS",0.116013063759259,1.01171766435311,20,NA,NA,NA
"control","SLE_RWA",0.376826438046366,0.618476431301024,14,NA,NA,NA
"control","SLE_SGP",0.170323687651019,0.829494601448319,16,NA,NA,NA
"control","SLE_ZWE",0.0528689029824188,1.43253150566984,14,NA,NA,NA
"control","SLV_ABW",-0.298587244166338,0.81996286264303,21,NA,NA,NA
"control","SLV_BEL",-0.276784391467546,0.960706857227947,13,NA,NA,NA
"control","SLV_CMR",0.135351401911004,1.15029110426344,20,NA,NA,NA
"control","SLV_GMB",0.116671276708058,1.56310301226699,11,NA,NA,NA
"control","SLV_MSR",-0.303080777203337,0.651257293035766,13,NA,NA,NA
"control","SLV_OMN",-0.62474868146418,0.847014345688703,11,NA,NA,NA
"control","SOM_BRB",-0.050402735908884,0.517836723654521,11,NA,NA,NA
"control","SOM_GRD",0.146399768015338,0.576306615917633,12,NA,NA,NA
"control","SOM_NIC",-0.208434692735752,0.474281664356783,13,NA,NA,NA
"control","SOM_ROU",-0.325314294929998,0.914348701267717,8,NA,NA,NA
"control","SPM_FRO",-0.296992719552522,1.50488421707208,8,NA,NA,NA
"control","STP_AGO",-0.37807247571734,0.997908669300149,21,NA,NA,NA
"control","STP_AUS",0.452877657055042,0.779684802432619,16,NA,NA,NA
"control","STP_DNK",-0.274838719793003,1.38781024626524,11,NA,NA,NA
"control","STP_KEN",-0.283130037531568,1.20705849526208,9,NA,NA,NA
"control","STP_SDN",0.0513240574272196,0.523259986781771,15,NA,NA,NA
"control","STP_TGO",-0.116748988409827,0.461924742536626,14,NA,NA,NA
"control","SUR_BEL",0.249875286945116,0.26696276119009,8,NA,NA,NA
"control","SUR_CUB",-0.0943048693240965,0.746052956749389,20,NA,NA,NA
"control","SUR_ISR",-0.0853930795280555,1.91032545057797,20,NA,NA,NA
"control","SUR_NGA",0.0312507005039273,0.886535257491639,20,NA,NA,NA
"control","SUR_RWA",-0.336849007676732,0.738557226536764,10,NA,NA,NA
"control","SVK_GNB",-0.342415669985765,0.255955145421973,9,NA,NA,NA
"control","SVN_FSM",-0.173521021183266,0.967023660573276,11,NA,NA,NA
"control","SVN_MHL",0.0384419299504212,1.12985504293475,12,NA,NA,NA
"control","SVN_SYC",-0.17226306896819,1.18139382679802,12,NA,NA,NA
"control","SWZ_EST",0.773931480501546,0.881617974228504,15,NA,NA,NA
"control","SYC_ALB",0.259773030868476,2.26968786690602,8,NA,NA,NA
"control","SYC_ARM",0.0100494655287497,1.25947598820211,13,NA,NA,NA
"control","SYC_BEL",-0.290494107066752,0.538179447439288,12,NA,NA,NA
"control","SYC_BEN",-0.0750300311142175,0.55599862073394,13,NA,NA,NA
"control","SYC_BGR",-0.424887744200733,0.502557885128305,11,NA,NA,NA
"control","SYC_NCL",-0.14804284812869,0.927172331651101,17,NA,NA,NA
"control","SYC_PYF",-0.222412947761358,1.29560735045774,21,NA,NA,NA
"control","SYR_FRO",0.62544887694959,1.72238845413016,11,NA,NA,NA
"control","SYR_MLI",-0.163434700479078,0.856080447642219,15,NA,NA,NA
"control","SYR_MWI",0.617765244290521,0.94131756818515,15,NA,NA,NA
"control","SYR_NCL",-0.105337895773747,0.935307271751668,17,NA,NA,NA
"control","TCA_AUS",-0.381563446828448,2.07204579213776,17,NA,NA,NA
"control","TCA_AZE",0.0548846508571989,0.603715586439152,10,NA,NA,NA
"control","TCA_BHS",0.0218127342029682,0.992651190304674,19,NA,NA,NA
"control","TCA_DOM",0.304528776673283,1.27674011361256,19,NA,NA,NA
"control","TCA_KNA",-0.0901199375500769,1.44178641711196,13,NA,NA,NA
"control","TCA_MWI",0.0586384540953143,1.30338706241117,13,NA,NA,NA
"control","TCA_SDN",0.160917459243389,0.414319372759368,17,NA,NA,NA
"control","TCA_SGP",0.316013404500287,0.66114673182911,13,NA,NA,NA
"control","TCA_VEN",0.0265276236813444,0.131134012921622,10,NA,NA,NA
"control","TCA_ZMB",-0.12810928271837,0.552776148425562,13,NA,NA,NA
"control","TCD_BEL",-0.0684516086281684,1.35962563004638,21,NA,NA,NA
"control","TCD_KEN",0.167766664457052,1.16556208833463,14,NA,NA,NA
"control","TGO_BDI",0.103763351045546,1.00322315234486,13,NA,NA,NA
"control","TGO_BEL",-0.285683811377285,0.700188359044491,21,NA,NA,NA
"control","TGO_FJI",0.0868406823365164,0.988854307161585,9,NA,NA,NA
"control","TGO_SOM",0.129276490218786,1.15182045086851,9,NA,NA,NA
"control","THA_BEL",-0.0573737579090794,1.1632232190106,21,NA,NA,NA
"control","THA_LUX",0.592519098781259,1.34361764590307,21,NA,NA,NA
"control","THA_MSR",-0.030792558343889,0.983114777098534,20,NA,NA,NA
"control","THA_NFK",0.205370742511328,0.794144309730369,17,NA,NA,NA
"control","THA_SHN",-0.0977599492662945,1.06076563224441,20,NA,NA,NA
"control","THA_TKM",-0.166946576025482,1.0702916339136,21,NA,NA,NA
"control","TJK_BEL",-0.194802698049127,1.58074669779036,21,NA,NA,NA
"control","TJK_BRA",0.352743004349964,0.972647319836992,20,NA,NA,NA
"control","TJK_LKA",0.0968736179749912,0.848179811619191,12,NA,NA,NA
"control","TKL_GRD",0.350523578357713,1.27957776156537,14,NA,NA,NA
"control","TKL_IDN",-0.20015377354882,0.754178599897308,20,NA,NA,NA
"control","TKL_LKA",-0.247004589905349,1.18261253227866,17,NA,NA,NA
"control","TKL_NER",-0.482416340125703,1.8375124778353,8,NA,NA,NA
"control","TKL_SGP",-0.309546729706778,1.12650281621787,13,NA,NA,NA
"control","TKL_ZWE",-0.0120024593264882,0.532119660622611,20,NA,NA,NA
"control","TKM_ARE",0.0203017808601186,0.56583122707044,14,NA,NA,NA
"control","TKM_BEL",0.0182541761406699,0.75308209648388,21,NA,NA,NA
"control","TKM_BOL",0.1076654358192,0.86861245482098,11,NA,NA,NA
"control","TKM_NCL",-0.0254407345097132,0.959493219940216,11,NA,NA,NA
"control","TKM_SGP",0.0226901052906513,1.59825986301961,13,NA,NA,NA
"control","TKM_THA",-0.173865348065106,1.21772646063161,20,NA,NA,NA
"control","TKM_VNM",-0.273274148877155,1.64659170119414,10,NA,NA,NA
"control","TON_BEL",0.207652196948262,0.641696199570185,16,NA,NA,NA
"control","TON_PYF",-0.54441561420889,1.13915502750848,12,NA,NA,NA
"control","TON_SGP",-0.0905776283831888,0.952816227445695,17,NA,NA,NA
"control","TTO_BEL",-0.0849941441367163,1.80959394934414,8,NA,NA,NA
"control","TTO_COD",-0.203930630509026,2.03254487921396,14,NA,NA,NA
"control","TTO_CPV",-0.245750207944236,1.27370232976676,14,NA,NA,NA
"control","TTO_EST",0.400597103786583,0.814857316219855,8,NA,NA,NA
"control","TTO_KGZ",0.0136083133364,0.832370469937244,9,NA,NA,NA
"control","TUN_BIH",-0.211057166385512,1.4435322327199,18,NA,NA,NA
"control","TUN_BLZ",0.0412757396644412,0.976957572695523,10,NA,NA,NA
"control","TUN_ERI",0.247630705273677,0.81168721294485,10,NA,NA,NA
"control","TUN_LAO",-0.204775583836448,1.16136469675589,10,NA,NA,NA
"control","TUN_MAC",-0.138071036373066,0.878843678829627,21,NA,NA,NA
"control","TUR_BTN",0.307994193186596,0.677988004144906,17,NA,NA,NA
"control","TUR_NCL",-0.0493155512881631,0.709133915833286,21,NA,NA,NA
"control","TUR_WSM",-0.0849564053982448,1.01593918284937,19,NA,NA,NA
"control","TUV_BEL",-0.00605380850771943,1.05423445218301,14,NA,NA,NA
"control","TUV_BRA",0.179403214831908,1.00880559028373,12,NA,NA,NA
"control","TUV_MDA",-0.860662044419858,1.58098614157918,10,NA,NA,NA
"control","TUV_SGP",0.247641092911886,2.26320282147798,12,NA,NA,NA
"control","TWN_BEL",0.0439287076367119,1.44225583190981,21,NA,NA,NA
"control","TWN_LUX",0.141805621003219,1.16074651462434,21,NA,NA,NA
"control","TZA_ARM",-0.196196307814145,1.13748140641649,19,NA,NA,NA
"control","TZA_BEL",-0.0325498117395853,0.947496669002384,21,NA,NA,NA
"control","TZA_KNA",-0.620199248245108,0.619715524993619,9,NA,NA,NA
"control","TZA_MKD",-0.0775837141725522,1.04802629193469,20,NA,NA,NA
"control","TZA_PNG",-0.278175066722028,0.61483167671591,14,NA,NA,NA
"control","TZA_TCD",-0.128235408347201,1.67130109867646,15,NA,NA,NA
"control","TZA_VCT",0.493477537598608,1.51991388526212,10,NA,NA,NA
"control","UGA_ALB",-0.0794298535407892,0.805748140571688,19,NA,NA,NA
"control","UGA_BEL",0.0158333308116584,1.02844120807676,21,NA,NA,NA
"control","UGA_BLR",0.0604455452549783,1.54386552641928,18,NA,NA,NA
"control","UGA_IRN",0.0313736522132495,1.21269263655637,19,NA,NA,NA
"control","UGA_KHM",0.128623638475439,0.510560614758686,15,NA,NA,NA
"control","UGA_LTU",-0.462914854058549,0.930951263671149,18,NA,NA,NA
"control","UGA_MRT",0.0392719566415387,0.858674225854868,14,NA,NA,NA
"control","UGA_PER",0.23153096277028,0.362970045395813,19,NA,NA,NA
"control","UKR_ANT",0.25813398825249,1.23340507138677,9,NA,NA,NA
"control","UKR_ATG",0.184141202761055,1.45482424229123,20,NA,NA,NA
"control","UKR_BEL",0.069035985315538,0.665187536792052,14,NA,NA,NA
"control","UKR_BRN",0.136106824078626,1.28027706959871,19,NA,NA,NA
"control","UKR_CPV",-0.137392258850925,0.545298564502358,20,NA,NA,NA
"control","UKR_LUX",0.198182610726183,1.01447037477047,14,NA,NA,NA
"control","UKR_NCL",-0.226817779229118,1.11421587671244,21,NA,NA,NA
"control","UKR_SUR",0.0110551023882187,0.842562293220637,20,NA,NA,NA
"control","URY_AFG",0.0781789758383216,0.820223076627809,17,NA,NA,NA
"control","URY_ARM",-0.0739215155651148,1.00564495461962,21,NA,NA,NA
"control","URY_BEL",-0.403529157251677,1.82932305412806,21,NA,NA,NA
"control","URY_BWA",0.113791381347258,0.859063083253688,15,NA,NA,NA
"control","URY_GNQ",-0.00447731374237357,1.05141879779435,19,NA,NA,NA
"control","URY_MMR",-0.329500610965553,1.55795319850311,16,NA,NA,NA
"control","URY_NCL",-0.646258495227671,1.06834276304245,17,NA,NA,NA
"control","URY_NER",-0.236128979228894,2.10441588321091,17,NA,NA,NA
"control","URY_UGA",0.0735765590675019,0.693838140330127,17,NA,NA,NA
"control","URY_ZMB",0.164669744776062,0.960624329873121,20,NA,NA,NA
"control","USA_BEL",0.21587825451488,0.89272114558911,21,NA,NA,NA
"control","USA_LUX",-0.229218652310303,1.2075397465254,21,NA,NA,NA
"control","UZB_BEL",0.254840865203026,0.650964273245562,21,NA,NA,NA
"control","UZB_LKA",0.111828726458808,0.910558631283363,17,NA,NA,NA
"control","UZB_LUX",0.495198707991468,1.20317455537468,19,NA,NA,NA
"control","UZB_PER",-0.185120550370011,1.18749787235434,19,NA,NA,NA
"control","UZB_SLV",-0.462497512068981,0.158237606390581,9,NA,NA,NA
"control","VCT_BEL",-0.157650839912516,1.27023825930367,8,NA,NA,NA
"control","VCT_IND",0.209052093132487,0.315701264422876,9,NA,NA,NA
"control","VCT_SAU",-0.0756220479385994,1.84645656976828,13,NA,NA,NA
"control","VEN_BEL",-0.104499357032805,1.42161586320502,21,NA,NA,NA
"control","VEN_BHR",-0.570467415515267,0.888393511071724,18,NA,NA,NA
"control","VEN_MKD",-0.275983915770482,0.672903050707828,21,NA,NA,NA
"control","VGB_ATG",-0.159717957675016,0.824939643198726,16,NA,NA,NA
"control","VGB_CHN",0.0554480606780536,1.04052996322075,19,NA,NA,NA
"control","VGB_CUB",-0.400758039767607,1.63935760373614,8,NA,NA,NA
"control","VGB_GHA",0.0082559334291676,0.986707459254562,12,NA,NA,NA
"control","VGB_IND",-0.149054956400237,1.06323483834843,18,NA,NA,NA
"control","VGB_ISR",-0.164704620057134,1.19689900090446,19,NA,NA,NA
"control","VGB_LKA",0.30871583458208,1.05485306205191,14,NA,NA,NA
"control","VNM_ATG",0.0120747805266998,1.33863674121392,19,NA,NA,NA
"control","VNM_BEL",0.0421932387717233,0.654329402024742,21,NA,NA,NA
"control","VNM_BLZ",-0.102925639577575,1.13178340034808,21,NA,NA,NA
"control","VNM_DMA",-0.023743197498814,0.684318932743891,16,NA,NA,NA
"control","VNM_GEO",0.100520189943375,1.18891519911003,21,NA,NA,NA
"control","VNM_LUX",-0.0388287708638381,0.588323712693593,21,NA,NA,NA
"control","VNM_NCL",0.115709825419424,0.973826684816696,17,NA,NA,NA
"control","VNM_STP",-0.112432631151292,0.729061246183366,13,NA,NA,NA
"control","VUT_BEL",-0.00588726789018766,0.814399252978987,21,NA,NA,NA
"control","VUT_IND",-0.170570043079774,0.909370086517925,19,NA,NA,NA
"control","VUT_NCL",0.201917394138484,0.738648778521369,17,NA,NA,NA
"control","VUT_SAU",-0.0988427508260004,1.32928477655071,14,NA,NA,NA
"control","WLF_NCL",0.266272055840139,0.911079439403994,17,NA,NA,NA
"control","WLF_NZL",0.30169403086602,1.38402026755549,9,NA,NA,NA
"control","WSM_NCL",0.34443762241467,1.45491955231216,21,NA,NA,NA
"control","YEM_BEL",0.148831046650824,1.11518469687377,21,NA,NA,NA
"control","YEM_BEN",-0.238068178134028,0.743284370933221,10,NA,NA,NA
"control","YEM_CAF",0.207193366417579,0.925867448745086,9,NA,NA,NA
"control","ZAF_LBR",0.191336698926025,0.441787936708626,21,NA,NA,NA
"control","ZAF_MKD",0.0375782358355201,1.62242262060985,21,NA,NA,NA
"control","ZMB_BEL",-0.192299588043954,1.17926520433747,21,NA,NA,NA
"control","ZMB_BTN",0.296148480878823,0.929686540114844,14,NA,NA,NA
"control","ZMB_EST",0.0237280018365486,0.577977381205939,12,NA,NA,NA
"control","ZMB_GAB",0.0969088672519975,0.499900424667731,11,NA,NA,NA
"control","ZMB_GIN",-0.0994618835591648,1.17394707313542,15,NA,NA,NA
"control","ZMB_IRN",0.420254217474748,1.4232680930706,13,NA,NA,NA
"control","ZMB_LTU",-0.597834242410106,0.833502024736836,14,NA,NA,NA
"control","ZMB_LUX",-0.311816310204978,1.18789300167388,17,NA,NA,NA
"control","ZMB_MKD",0.215420713611888,0.719062554777641,11,NA,NA,NA
"control","ZMB_PAN",-0.229706598166773,0.240027516771744,9,NA,NA,NA
"control","ZWE_ARM",-0.449674474748253,1.14051479749513,17,NA,NA,NA
"control","ZWE_AZE",-0.228942879596348,1.10944623382903,17,NA,NA,NA
"control","ZWE_BEL",0.300875698874751,1.12823844169118,12,NA,NA,NA
"control","ZWE_FRO",-0.051055941056872,0.585171825366963,9,NA,NA,NA
"control","ZWE_KGZ",-0.0138195062553097,0.602877827670963,11,NA,NA,NA
"control","ZWE_SLE",-0.13939091778048,1.36500777551297,13,NA,NA,NA
"control","ABW_ATG",-0.522127349469844,0.461506724035512,11,NA,NA,NA
"control","ABW_CHE",-0.147610493176098,0.712134061576071,20,NA,NA,NA
"control","ABW_KHM",0.157290141007817,0.843442788194175,8,NA,NA,NA
"control","ABW_NGA",-0.190589110113323,1.2441091630298,14,NA,NA,NA
"control","ABW_ZAF",0.216559553641763,1.35875639092244,20,NA,NA,NA
"control","ABW_ZWE",-0.0374947694085184,0.698622338512359,9,NA,NA,NA
"control","AFG_BHR",-0.0131852782572289,0.824555937802059,20,NA,NA,NA
"control","AFG_CIV",0.368173806203286,0.97979439377216,16,NA,NA,NA
"control","AFG_DMA",-0.292959637715049,0.388320014780048,8,NA,NA,NA
"control","AFG_GHA",-0.22436164424432,1.338156557093,15,NA,NA,NA
"control","AFG_KEN",0.303462710740168,1.58658189334972,17,NA,NA,NA
"control","AFG_LUX",-0.0557361138367387,1.28389593487328,20,NA,NA,NA
"control","AFG_NCL",-0.219850741462888,1.03774198754583,14,NA,NA,NA
"control","AGO_BWA",-0.466671198505866,1.7240550150997,17,NA,NA,NA
"control","AGO_CPV",-0.292787384564555,1.20868345091728,17,NA,NA,NA
"control","AGO_MOZ",0.0169507536309796,1.01504856635405,20,NA,NA,NA
"control","AGO_SVK",-0.153820834425052,1.03816092405772,17,NA,NA,NA
"control","AGO_UKR",-0.134269456717027,0.799181173494107,15,NA,NA,NA
"control","AGO_VNM",0.0928754905623304,1.20591671904801,15,NA,NA,NA
"control","AIA_ANT",0.139957657155043,1.9776019914464,8,NA,NA,NA
"control","AIA_CHE",0.00696747210319535,1.27408856222768,13,NA,NA,NA
"control","AIA_DOM",-0.367664421805089,0.558535364610605,13,NA,NA,NA
"control","AIA_KOR",0.153485845524367,1.27863060580765,20,NA,NA,NA
"control","AIA_VGB",-0.146628286822014,0.659079003328928,8,NA,NA,NA
"control","AIA_ZAF",-0.110490442434026,1.12558672396295,20,NA,NA,NA
"control","ALB_BGD",-0.245178233562471,0.404562933594522,11,NA,NA,NA
"control","ALB_BHR",0.289717511572073,0.851828497290781,20,NA,NA,NA
"control","ALB_BLR",0.558022344945719,1.26320233766711,17,NA,NA,NA
"control","ALB_JAM",-0.106175989521699,1.21092544993227,8,NA,NA,NA
"control","ALB_KHM",0.528871588044631,0.636181954341306,8,NA,NA,NA
"control","ALB_KWT",0.584974070367692,0.837752894912762,18,NA,NA,NA
"control","ALB_MOZ",0.0905730196100641,1.31696468513813,19,NA,NA,NA
"control","ALB_MYT",0.47466576021647,0.705323478197353,8,NA,NA,NA
"control","ALB_NGA",0.0355957033064558,0.952291671349624,16,NA,NA,NA
"control","ALB_ZWE",0.554822455522842,0.723430493738593,8,NA,NA,NA
"control","AND_ATG",0.772629521194879,0.698634708496952,8,NA,NA,NA
"control","AND_DOM",-0.203726402630752,1.20215551588612,19,NA,NA,NA
"control","AND_EGY",0.180349445142569,0.906767110582932,19,NA,NA,NA
"control","AND_ETH",-0.562008880132121,0.831136037303194,20,NA,NA,NA
"control","AND_GUY",-0.110027591164016,1.15050383697072,20,NA,NA,NA
"control","AND_KAZ",-0.0908101533185044,0.962435378694209,13,NA,NA,NA
"control","AND_MOZ",-0.215972582968477,0.986510588519038,18,NA,NA,NA
"control","AND_MWI",0.140736576042412,1.03711940337542,18,NA,NA,NA
"control","AND_MYT",0.0157669139403577,0.824371727429036,11,NA,NA,NA
"control","AND_NCL",-0.14548417299187,1.4157505154654,16,NA,NA,NA
"control","AND_NGA",-0.361440590307701,1.21062824827464,19,NA,NA,NA
"control","AND_SAU",-0.055759395822688,0.863001929046627,14,NA,NA,NA
"control","AND_TTO",0.169043357136315,1.20059573921951,8,NA,NA,NA
"control","AND_VNM",0.56287941302182,1.5017677034634,13,NA,NA,NA
"control","AND_ZAF",-0.145034493366523,1.00629926885371,20,NA,NA,NA
"control","ANT_ZAF",-0.52199293290679,0.675700599283808,11,NA,NA,NA
"control","ANT_ZWE",-0.679778322807804,1.98184043766279,9,NA,NA,NA
"control","ARE_GRD",0.0321140917240211,1.05533703907734,20,NA,NA,NA
"control","ARE_KHM",-0.0891645083600184,0.763669969974517,20,NA,NA,NA
"control","ARE_LSO",-0.247996461370732,0.567339481368653,17,NA,NA,NA
"control","ARE_MRT",0.0908396661786587,1.2031850292943,20,NA,NA,NA
"control","ARE_MYT",-0.0421805136949803,0.594847987443641,11,NA,NA,NA
"control","ARE_NAM",-0.153674738401064,1.55833437785481,20,NA,NA,NA
"control","ARE_SWZ",0.117372383407221,0.865008758676598,18,NA,NA,NA
"control","ARE_VNM",-0.484945799476679,1.37195475497773,20,NA,NA,NA
"control","ARG_KHM",-0.163180010145089,0.798843379486626,20,NA,NA,NA
"control","ARG_MYT",0.0538858930987384,0.794294319834793,10,NA,NA,NA
"control","ARG_NAM",-0.400716103768614,1.24594582076157,15,NA,NA,NA
"control","ARG_PSE",0.229289936344259,1.0512767424778,18,NA,NA,NA
"control","ARG_SWZ",-0.195162867933446,1.18647414106734,15,NA,NA,NA
"control","ARM_ALB",0.144763946135368,0.532400909660921,14,NA,NA,NA
"control","ARM_ARG",0.0564706686738876,1.03267229178955,19,NA,NA,NA
"control","ARM_BHR",-0.0653170303661599,1.65825941482502,17,NA,NA,NA
"control","ARM_BRB",-0.168793383621677,0.843339336674504,9,NA,NA,NA
"control","ARM_JOR",-0.161688912372517,0.599879069705481,20,NA,NA,NA
"control","ARM_LUX",-0.0653922655916412,0.397279757470677,17,NA,NA,NA
"control","ARM_MAC",-0.339999369642367,0.651332265647349,15,NA,NA,NA
"control","ARM_MAR",0.391980152978338,0.515072607800505,13,NA,NA,NA
"control","ARM_MOZ",0.103823929602312,0.919089588511155,13,NA,NA,NA
"control","ARM_QAT",0.324887998161197,0.985081326027163,15,NA,NA,NA
"control","ARM_SDN",-0.259638573380037,1.12375430456986,12,NA,NA,NA
"control","ARM_SGP",0.305520606426908,1.55863267950101,19,NA,NA,NA
"control","ARM_TTO",-0.340030786829816,1.9106470198326,12,NA,NA,NA
"control","ARM_VEN",0.309585284967583,0.853936716785793,10,NA,NA,NA
"control","ARM_VGB",0.073205288368949,1.10924802583462,16,NA,NA,NA
"control","ARM_ZAF",0.00366008139567658,1.5970878154482,20,NA,NA,NA
"control","ARM_ZMB",-0.356013235519996,1.48539969926966,8,NA,NA,NA
"control","ASM_AUS",-0.116984195743496,1.50748265085081,20,NA,NA,NA
"control","ASM_BGD",-0.0176009143688387,0.794009831753825,15,NA,NA,NA
"control","ASM_BLR",0.36495771801738,0.838015319508595,10,NA,NA,NA
"control","ASM_BRB",-0.350632179958005,1.33779280411445,15,NA,NA,NA
"control","ASM_CAN",0.213407025522806,1.25827985112339,20,NA,NA,NA
"control","ASM_CZE",0.116263006349821,1.68572519467313,20,NA,NA,NA
"control","ASM_DMA",0.105646675203564,0.463123564790838,11,NA,NA,NA
"control","ASM_ECU",-0.0012944696698399,0.796786507285226,20,NA,NA,NA
"control","ASM_ETH",0.135861035934814,0.467597365298327,9,NA,NA,NA
"control","ASM_GHA",-0.0770379401430413,1.73492673119882,19,NA,NA,NA
"control","ASM_GRD",0.281746643280962,0.563115368626261,8,NA,NA,NA
"control","ASM_GUY",0.330830019309161,0.736760930081209,8,NA,NA,NA
"control","ASM_HUN",0.23143422945068,0.565866476418372,11,NA,NA,NA
"control","ASM_IDN",-0.134464688451174,0.842027674536166,20,NA,NA,NA
"control","ASM_JPN",-0.134718525925758,1.15452705127258,20,NA,NA,NA
"control","ASM_KNA",0.135298078085119,0.457568640996906,12,NA,NA,NA
"control","ASM_KOR",-0.220235528878613,0.906223621667028,20,NA,NA,NA
"control","ASM_LBN",0.104149127586251,0.754732002455617,15,NA,NA,NA
"control","ASM_MOZ",-0.156129717725882,1.27509423584966,12,NA,NA,NA
"control","ASM_MYS",-0.213689815551288,0.808388046851523,18,NA,NA,NA
"control","ASM_NAM",0.110596753299514,1.44104390306883,11,NA,NA,NA
"control","ASM_NGA",0.170882204415312,1.22322094806731,13,NA,NA,NA
"control","ASM_NZL",0.255371945002037,0.765439311786686,20,NA,NA,NA
"control","ASM_PHL",0.36776839964168,0.372372483563222,13,NA,NA,NA
"control","ASM_SGP",0.197151586153464,0.571249508848711,12,NA,NA,NA
"control","ASM_SVK",0.234675058950153,1.05273404117802,18,NA,NA,NA
"control","ASM_TGO",-0.173996173678659,0.946436504054197,10,NA,NA,NA
"control","ASM_THA",-0.210422971910468,1.33032390483064,20,NA,NA,NA
"control","ASM_TON",-0.157313418500862,1.46785453006907,15,NA,NA,NA
"control","ASM_TWN",0.104214255118632,0.633739882478541,19,NA,NA,NA
"control","ASM_TZA",0.212079655146809,1.30460933818962,20,NA,NA,NA
"control","ASM_URY",0.182875910923527,1.54494218746759,11,NA,NA,NA
"control","ASM_ZAF",0.464864670943838,0.745271413622291,20,NA,NA,NA
"control","ASM_ZMB",0.0716909302985266,0.712808649047513,12,NA,NA,NA
"control","ATA_CAN",0.0158755216531511,0.289814984369162,20,NA,NA,NA
"control","ATA_SDN",-0.0159441020675149,0.289374778108407,16,NA,NA,NA
"control","ATA_UKR",-0.107419128185788,0.933348499754248,13,NA,NA,NA
"control","ATA_ZAF",-0.481437113026415,1.21548159663322,19,NA,NA,NA
"control","ATF_MDA",0.323885220121744,0.194098862459056,8,NA,NA,NA
"control","ATG_ARG",-0.456054111590232,0.329288294203207,12,NA,NA,NA
"control","ATG_BGD",0.0385305455481876,0.94568403945377,15,NA,NA,NA
"control","ATG_CHL",0.125040301288364,0.907446394294091,10,NA,NA,NA
"control","ATG_MWI",-0.0572360678646168,1.07869658353178,11,NA,NA,NA
"control","ATG_SLV",-0.027039407418706,0.659332993885794,13,NA,NA,NA
"control","ATG_TCA",0.0659175963685873,1.36322759744577,9,NA,NA,NA
"control","AUS_ASM",-0.266212286353471,0.522498551257822,20,NA,NA,NA
"control","AUS_ERI",0.190003961685451,1.39877081457165,20,NA,NA,NA
"control","AUS_GUM",-0.0211021809305922,0.767929742178108,20,NA,NA,NA
"control","AUS_LSO",-0.319077525544809,0.886234824777976,20,NA,NA,NA
"control","AUS_MYT",-0.235004097229374,0.553994845793408,10,NA,NA,NA
"control","AUS_PSE",0.235264180339118,1.02902761804007,16,NA,NA,NA
"control","AUS_SPM",-0.356561610862345,0.529537744406583,8,NA,NA,NA
"control","AUS_UMI",0.863687113154633,1.02593753753681,14,NA,NA,NA
"control","AUT_BWA",-0.0847059916342872,0.444353642627009,15,NA,NA,NA
"control","AUT_LSO",0.0023585451397791,0.882276273519021,12,NA,NA,NA
"control","AUT_UMI",-0.370474404755828,1.11494574576153,9,NA,NA,NA
"control","AZE_BHR",0.35788144396101,0.98757995000311,15,NA,NA,NA
"control","AZE_CRI",0.321679673221031,1.7680704256055,12,NA,NA,NA
"control","AZE_ETH",0.274332221819684,1.59834816828062,14,NA,NA,NA
"control","AZE_GIB",-0.0266433382332329,0.759857799682436,11,NA,NA,NA
"control","AZE_GNQ",0.802395542929612,0.551399363529346,9,NA,NA,NA
"control","AZE_LUX",-0.0215770182069208,1.09482506592927,20,NA,NA,NA
"control","AZE_MOZ",-0.684059331401326,1.15055836303904,19,NA,NA,NA
"control","AZE_MWI",-0.266169401148837,0.708168863310144,14,NA,NA,NA
"control","AZE_NCL",-0.376595497162672,1.16053387925232,10,NA,NA,NA
"control","AZE_PYF",0.01650392899333,0.244095304982129,13,NA,NA,NA
"control","AZE_QAT",-0.15827134733933,0.654296402489527,20,NA,NA,NA
"control","AZE_SEN",0.174120240470007,1.32350431754992,11,NA,NA,NA
"control","AZE_TUN",-0.297602314564688,1.19350266741677,20,NA,NA,NA
"control","AZE_ZAF",-0.0749318557848405,0.666507485770388,20,NA,NA,NA
"control","AZE_ZWE",-0.0218406681900459,1.26410019450629,14,NA,NA,NA
"control","BDI_MOZ",-0.233620358048695,0.822955058936364,12,NA,NA,NA
"control","BEL_BWA",0.152146536985933,0.677346589390461,15,NA,NA,NA
"control","BEL_LSO",0.316328256278342,1.45616459389759,15,NA,NA,NA
"control","BEL_MHL",0.332487295385215,0.49268639469412,20,NA,NA,NA
"control","BEL_NAM",0.327556614498648,0.72221969692994,15,NA,NA,NA
"control","BEL_SWZ",-0.368377457169527,0.767122954215384,15,NA,NA,NA
"control","BEL_UMI",-0.187838038774606,1.43855028462834,20,NA,NA,NA
"control","BEL_VAT",0.297295571991474,1.16436885674456,20,NA,NA,NA
"control","BEN_COD",0.274308004556147,0.657878717657048,18,NA,NA,NA
"control","BEN_MWI",0.197397640261803,0.458886865140168,8,NA,NA,NA
"control","BEN_POL",0.153172070383514,0.771792872709136,18,NA,NA,NA
"control","BFA_LUX",0.0759953222708658,1.3832682106913,20,NA,NA,NA
"control","BFA_MOZ",-0.295086898531238,1.17827592864664,11,NA,NA,NA
"control","BFA_NIC",-0.0474731359056373,0.718006351288711,9,NA,NA,NA
"control","BGD_BWA",0.307695079749219,0.528000536286952,19,NA,NA,NA
"control","BGD_GUM",-0.138978662537196,0.928512062166646,13,NA,NA,NA
"control","BGD_MYT",-0.396598385371171,1.12559320412214,10,NA,NA,NA
"control","BGD_NAM",0.0474518107389231,0.610157595300186,19,NA,NA,NA
"control","BGD_PSE",-0.106709203320493,1.1135801962568,15,NA,NA,NA
"control","BGD_SWZ",0.296718429738461,0.814440393845939,20,NA,NA,NA
"control","BGR_BWA",-0.0794311513565077,0.590450702303495,15,NA,NA,NA
"control","BGR_NAM",0.371046396204678,1.09836396823479,15,NA,NA,NA
"control","BGR_SWZ",0.154551756296251,0.482443890858581,10,NA,NA,NA
"control","BHR_BWA",0.389218891293957,1.3496612350092,13,NA,NA,NA
"control","BHR_CAF",-0.221409051209425,0.988892756706212,9,NA,NA,NA
"control","BHR_KAZ",-0.0140971412919451,0.655028090274114,17,NA,NA,NA
"control","BHR_KHM",0.168073728188326,0.801886426005494,16,NA,NA,NA
"control","BHR_LAO",-0.0340186586206599,0.58229987045058,11,NA,NA,NA
"control","BHR_LUX",-0.0170729789191916,0.72928114022223,19,NA,NA,NA
"control","BHR_MAC",-0.00965799545526909,0.632984670568539,15,NA,NA,NA
"control","BHR_MOZ",-0.152215511709848,0.932679153968225,19,NA,NA,NA
"control","BHR_MRT",-0.10449054467726,0.785302600861998,20,NA,NA,NA
"control","BHR_VNM",0.023732699198304,1.25747420801362,20,NA,NA,NA
"control","BHS_BHR",-0.173445990250837,0.994387317741209,20,NA,NA,NA
"control","BHS_MOZ",0.354954490572356,0.636975855633898,20,NA,NA,NA
"control","BHS_NAM",0.312241532333874,1.30197795243142,12,NA,NA,NA
"control","BIH_BHR",-0.112753086938292,0.948896248275382,20,NA,NA,NA
"control","BIH_BRB",-0.160239381620064,0.635103087159991,18,NA,NA,NA
"control","BIH_KEN",-0.0834943605909145,0.81372408566671,19,NA,NA,NA
"control","BIH_KWT",0.0622928423623355,1.079863990184,20,NA,NA,NA
"control","BIH_NAM",0.191637739454347,0.712416333529444,13,NA,NA,NA
"control","BIH_PER",-0.191666785928571,0.749671011510486,20,NA,NA,NA
"control","BIH_QAT",0.00672736793018821,0.93518995100882,20,NA,NA,NA
"control","BIH_VEN",-0.23375528193819,0.814580131163303,11,NA,NA,NA
"control","BIH_ZAF",-0.334331700475418,0.633715212751079,20,NA,NA,NA
"control","BLR_BHR",-0.149133811305922,0.812124446220546,20,NA,NA,NA
"control","BLR_KEN",0.337497622676618,1.11578767780072,20,NA,NA,NA
"control","BLR_KHM",-0.191809290735925,1.25568096580949,20,NA,NA,NA
"control","BLR_LBY",-0.0867194995555365,1.45477733400165,19,NA,NA,NA
"control","BLR_MWI",-0.407447629658653,0.597075909950959,12,NA,NA,NA
"control","BLR_ZAF",-0.241903437896645,0.884437881098467,20,NA,NA,NA
"control","BLZ_ARM",0.211581705461479,0.39029375647621,10,NA,NA,NA
"control","BLZ_CMR",-0.0178871632781244,0.23647221466201,14,NA,NA,NA
"control","BLZ_LKA",0.120097973901164,1.92106853686486,16,NA,NA,NA
"control","BLZ_MKD",-0.249798281815379,1.12143559242083,15,NA,NA,NA
"control","BLZ_NAM",0.240090592558563,0.821235275812681,16,NA,NA,NA
"control","BLZ_VNM",0.514520131234918,0.662656657984804,18,NA,NA,NA
"control","BLZ_YEM",-0.42135573256612,1.58084767419115,9,NA,NA,NA
"control","BLZ_ZAF",-0.107293616069957,0.822490630728842,20,NA,NA,NA
"control","BMU_PYF",-0.12436542501639,1.42490088353376,8,NA,NA,NA
"control","BMU_TWN",0.0710284012487008,0.989739571359861,15,NA,NA,NA
"control","BMU_ZAF",-0.0293064426139937,1.00904948719357,20,NA,NA,NA
"control","BOL_MWI",-0.125047240858819,1.89828442303782,8,NA,NA,NA
"control","BOL_NCL",0.297845256363227,0.895367995678939,19,NA,NA,NA
"control","BOL_SUR",-0.116673859704716,0.651567586193007,12,NA,NA,NA
"control","BOL_ZMB",0.0904278408392821,1.15220649735582,9,NA,NA,NA
"control","BRA_BWA",0.373960952578683,1.59280692828199,15,NA,NA,NA
"control","BRA_FLK",0.0902874087628957,0.452547792009169,9,NA,NA,NA
"control","BRA_GUM",0.110391331754493,1.63178197366768,19,NA,NA,NA
"control","BRA_LSO",0.369186878337827,1.34690800757949,14,NA,NA,NA
"control","BRA_MNP",0.187742028241571,1.10320445629708,15,NA,NA,NA
"control","BRA_MYT",0.15859278194776,1.41756416102026,10,NA,NA,NA
"control","BRA_NAM",0.0458529206922918,2.05831285264727,15,NA,NA,NA
"control","BRA_PLW",-0.118599815934734,1.0257310182192,15,NA,NA,NA
"control","BRA_UMI",-0.0826081741068398,1.2408157555344,19,NA,NA,NA
"control","BRB_AZE",0.0874489285045565,0.516216904028485,16,NA,NA,NA
"control","BRB_BVT",-0.524558150976738,0.469003136736103,11,NA,NA,NA
"control","BRB_CIV",-0.129233205652009,0.871094275829049,12,NA,NA,NA
"control","BRB_KEN",0.703815822754785,1.18230398578584,16,NA,NA,NA
"control","BRB_MDA",0.181991892018004,0.704131148846941,16,NA,NA,NA
"control","BRB_STP",-0.280455629514914,0.881443637488573,10,NA,NA,NA
"control","BRB_SWZ",-0.0487821268736004,0.487536778224008,9,NA,NA,NA
"control","BRB_ZAF",-0.000446653340166382,0.841914736917349,20,NA,NA,NA
"control","BRN_AZE",-0.628040405844301,1.23746931851658,10,NA,NA,NA
"control","BRN_BGR",-0.480266690337146,1.24118932391826,11,NA,NA,NA
"control","BRN_ETH",-0.0544719731986189,1.64748423767514,9,NA,NA,NA
"control","BRN_MDV",-0.359850097001308,1.1597092173333,9,NA,NA,NA
"control","BRN_RUS",-0.227753063756375,0.835095220932057,20,NA,NA,NA
"control","BRN_SEN",-0.360811875897801,0.663265780136406,12,NA,NA,NA
"control","BRN_VEN",-0.123208598612578,0.96120707029285,15,NA,NA,NA
"control","BRN_ZAF",0.0535884820745097,0.753128317019434,20,NA,NA,NA
"control","BTN_FRO",0.299266390201569,0.810205936907175,8,NA,NA,NA
"control","BTN_IDN",0.0331499285920817,0.669699751363633,16,NA,NA,NA
"control","BVT_CAN",-0.252458642868265,0.749229154322963,19,NA,NA,NA
"control","BVT_CHE",-0.0775395584888994,2.20561348008518,8,NA,NA,NA
"control","BVT_LBN",0.0358462035261831,0.622052592804864,10,NA,NA,NA
"control","BVT_NGA",0.193624946138222,1.41502519541343,14,NA,NA,NA
"control","BVT_THA",0.191158490809062,0.633795322489406,8,NA,NA,NA
"control","BVT_VCT",-0.213014258561702,1.3321117756866,12,NA,NA,NA
"control","BWA_AND",0.0472888016623968,0.640608523632386,16,NA,NA,NA
"control","BWA_ARG",-0.0143264426845383,1.21487994621669,10,NA,NA,NA
"control","BWA_BEL",-0.163027919575277,1.12146907396704,15,NA,NA,NA
"control","BWA_BEN",0.114392483527831,1.09197962919848,10,NA,NA,NA
"control","BWA_BFA",-0.607550928960235,1.20871133859416,8,NA,NA,NA
"control","BWA_BGD",-0.218148089705205,0.925421607598332,11,NA,NA,NA
"control","BWA_BGR",-0.249465580623168,1.30279656874582,12,NA,NA,NA
"control","BWA_BRA",-0.0819682266836153,1.35533173610267,14,NA,NA,NA
"control","BWA_CIV",-0.241826807131555,1.08788997618702,13,NA,NA,NA
"control","BWA_CRI",-0.131961820836599,1.90026877114894,19,NA,NA,NA
"control","BWA_DZA",0.0195636586741041,0.945829969708143,18,NA,NA,NA
"control","BWA_ECU",0.114144365462046,0.839868543505506,8,NA,NA,NA
"control","BWA_ETH",0.0560672752800381,0.814429488408316,20,NA,NA,NA
"control","BWA_FIN",0.301980619321347,0.649992896548089,15,NA,NA,NA
"control","BWA_GHA",0.0764552052320636,1.1862570048469,20,NA,NA,NA
"control","BWA_GIN",0.00271456414080888,1.66061570319223,13,NA,NA,NA
"control","BWA_GRC",0.211516065656471,0.381034463587372,15,NA,NA,NA
"control","BWA_GUY",-0.255955584959208,1.2700485829746,14,NA,NA,NA
"control","BWA_HKG",0.0028576768618968,0.791990485246094,20,NA,NA,NA
"control","BWA_HUN",-0.393089349450034,0.578644874476694,13,NA,NA,NA
"control","BWA_IDN",-0.314062431939552,1.73945725610177,18,NA,NA,NA
"control","BWA_IRL",0.33718899892315,1.18958788393629,15,NA,NA,NA
"control","BWA_ISR",-0.337812640290295,0.936758747195147,20,NA,NA,NA
"control","BWA_NGA",-0.586715316398883,1.81629576106833,20,NA,NA,NA
"control","BWA_NZL",-0.151851726877274,0.442500411590212,20,NA,NA,NA
"control","BWA_PAK",-0.0297747207634088,1.50908754474053,20,NA,NA,NA
"control","BWA_PRT",0.462666054765468,0.78862452271995,15,NA,NA,NA
"control","BWA_QAT",-0.398594701403693,1.16926451469909,8,NA,NA,NA
"control","BWA_RUS",0.046278497040446,1.18093454234488,19,NA,NA,NA
"control","BWA_SDN",-0.100932498734183,0.706499433855238,20,NA,NA,NA
"control","BWA_SEN",-0.326974414808061,1.31749717399543,16,NA,NA,NA
"control","BWA_TUR",0.0899206945819826,0.889854737059839,17,NA,NA,NA
"control","BWA_UGA",-0.330182633113341,0.837839807903139,20,NA,NA,NA
"control","CAF_ALB",-0.0854418933004445,0.953684316662855,9,NA,NA,NA
"control","CAF_AND",-0.126754475980441,0.589929609708662,10,NA,NA,NA
"control","CAF_BHR",0.351028745979911,1.07213091873648,12,NA,NA,NA
"control","CAF_MKD",-0.205376091040197,0.87463789492808,17,NA,NA,NA
"control","CAF_NCL",-0.632779480899704,0.659987641646432,10,NA,NA,NA
"control","CAF_SLV",-0.0642632991557241,0.88827058275136,13,NA,NA,NA
"control","CAF_UKR",0.0177453938153032,0.556182981596657,18,NA,NA,NA
"control","CAN_ASM",0.0331374269086568,0.792701048383522,20,NA,NA,NA
"control","CAN_ATA",0.207810069904287,0.502645685409089,20,NA,NA,NA
"control","CAN_GUM",0.119047604754734,1.30528566438833,20,NA,NA,NA
"control","CAN_MYT",0.833175166842415,1.07174217508511,10,NA,NA,NA
"control","CAN_UMI",-0.118873817909858,0.778868659402523,20,NA,NA,NA
"control","CCK_CZE",-0.351212740230835,0.672654863453524,19,NA,NA,NA
"control","CCK_NGA",0.60713696528052,0.632366089842017,17,NA,NA,NA
"control","CCK_SLV",-0.400372009473871,0.331811143134843,13,NA,NA,NA
"control","CCK_ZAF",0.0708715093216003,0.948499222143031,20,NA,NA,NA
"control","CHE_AIA",-0.420828873488428,0.774001839902785,20,NA,NA,NA
"control","CHE_ATA",-0.306451471600222,0.48988377968827,8,NA,NA,NA
"control","CHE_BVT",0.134809411837706,0.831398994907978,16,NA,NA,NA
"control","CHE_ESH",-0.291563862105,1.07343441635097,9,NA,NA,NA
"control","CHE_HMD",-0.130524942744946,1.19461730276122,10,NA,NA,NA
"control","CHE_MYT",0.263966288432371,1.17532521262407,14,NA,NA,NA
"control","CHE_SMR",0.0947719512077558,1.11266291510227,20,NA,NA,NA
"control","CHE_UMI",0.27430022819836,0.809036946517393,20,NA,NA,NA
"control","CHE_VAT",0.209857269512739,0.367252469885767,20,NA,NA,NA
"control","CHE_WLF",0.0872664792798339,1.67138867143486,16,NA,NA,NA
"control","CHL_AIA",0.0916417165947403,1.30171827823278,20,NA,NA,NA
"control","CHL_BWA",0.324944424599877,1.24175483007601,17,NA,NA,NA
"control","CHL_LSO",-0.0571681636752124,1.45902401870275,9,NA,NA,NA
"control","CHL_MSR",0.777993866505824,1.09413343084557,11,NA,NA,NA
"control","CHL_MYT",-0.168441773428861,0.734787220035685,10,NA,NA,NA
"control","CHL_NAM",0.0381591249994046,1.24521121343503,20,NA,NA,NA
"control","CHL_SMR",0.370543681050249,0.862359132596644,11,NA,NA,NA
"control","CHN_AIA",0.275767036663037,0.879462300535711,8,NA,NA,NA
"control","CHN_MYT",0.0852092168321827,0.915494114890046,14,NA,NA,NA
"control","CHN_PSE",0.196879242893324,0.852687119281945,20,NA,NA,NA
"control","CHN_SMR",-0.0364145370662739,1.10586007485744,18,NA,NA,NA
"control","CHN_WLF",0.237086444396636,1.39671165826757,20,NA,NA,NA
"control","CIV_ATG",0.0243193438422603,0.951937040905554,16,NA,NA,NA
"control","CIV_AZE",0.208242263566537,0.886542921274706,17,NA,NA,NA
"control","CIV_BHR",0.115985997016493,1.13698112515934,19,NA,NA,NA
"control","CIV_BLZ",0.100288881348458,0.673277137271817,20,NA,NA,NA
"control","CIV_GUY",-0.406625145097227,0.272263813039484,10,NA,NA,NA
"control","CIV_IRN",-0.13454923722974,1.14829666498698,18,NA,NA,NA
"control","CIV_KAZ",0.304449032000334,1.04101254791888,20,NA,NA,NA
"control","CIV_KNA",0.232537982393331,0.468016977211954,12,NA,NA,NA
"control","CIV_MYT",-0.212295246769847,0.556639332054283,13,NA,NA,NA
"control","CIV_NAM",0.418322477403202,0.987206296550074,16,NA,NA,NA
"control","CIV_SWZ",-0.0621232981547152,0.378843244764524,12,NA,NA,NA
"control","CIV_VUT",0.255534556748715,1.14933920634201,20,NA,NA,NA
"control","CMR_GTM",0.324829081069982,0.802972131558575,11,NA,NA,NA
"control","CMR_MYT",0.209313850886205,1.64830212396077,10,NA,NA,NA
"control","CMR_NAM",-0.0616546283920803,1.21000955639182,18,NA,NA,NA
"control","CMR_NPL",-0.350445846541081,1.23492670517123,12,NA,NA,NA
"control","CMR_QAT",-0.0333492105593934,1.29007413240911,19,NA,NA,NA
"control","COD_BHR",-0.630632099697326,0.626326435790363,11,NA,NA,NA
"control","COD_BOL",-0.40681625566395,0.738845257596984,14,NA,NA,NA
"control","COD_BWA",0.0916545668565543,0.687493739735989,20,NA,NA,NA
"control","COD_CRI",-0.278115618452256,0.680368770129197,20,NA,NA,NA
"control","COD_KHM",0.0144337647120069,0.613726065983631,10,NA,NA,NA
"control","COD_LUX",-0.306683803740947,0.441954785239098,18,NA,NA,NA
"control","COD_MOZ",-0.393530981839058,0.917802967694864,11,NA,NA,NA
"control","COD_NER",0.249377209597713,0.953173707781703,16,NA,NA,NA
"control","COG_AZE",-0.0425928583062527,0.170650349241539,15,NA,NA,NA
"control","COG_MOZ",0.449708898176742,0.453214279506411,15,NA,NA,NA
"control","COG_NAM",0.150902799387739,1.0116084994562,20,NA,NA,NA
"control","COG_PAK",0.0397915318495541,0.743935071340874,17,NA,NA,NA
"control","COG_SLE",-0.218662040233475,0.239396835281027,8,NA,NA,NA
"control","COG_VNM",0.411006858961865,0.88880153248147,18,NA,NA,NA
"control","COK_MWI",-0.159889668580724,0.858222685351107,9,NA,NA,NA
"control","COK_VNM",-0.0388503473248184,0.890694428832319,11,NA,NA,NA
"control","COK_ZAF",-0.240565468330207,0.85770341938318,20,NA,NA,NA
"control","COL_MYT",0.0874527129802787,0.504514434578909,10,NA,NA,NA
"control","COM_BEL",0.168197997132743,1.10537743050375,17,NA,NA,NA
"control","COM_BGR",-0.10933970494777,0.42797969545328,11,NA,NA,NA
"control","COM_EST",-0.362759110129377,0.493024603046057,9,NA,NA,NA
"control","COM_KAZ",0.231785017891526,1.38242256249234,8,NA,NA,NA
"control","COM_MYT",0.146693588294209,0.729993842698126,14,NA,NA,NA
"control","CPV_MLT",0.378955999888557,0.792044178778212,8,NA,NA,NA
"control","CPV_MOZ",0.325446286697727,1.20308147992086,19,NA,NA,NA
"control","CPV_MRT",0.0444253821445063,0.709824947839181,11,NA,NA,NA
"control","CPV_SAU",-0.0598182502268619,0.528659338439318,9,NA,NA,NA
"control","CPV_SLV",0.427114848175782,1.11461002396785,14,NA,NA,NA
"control","CPV_UKR",0.453101448738387,0.621711858951013,9,NA,NA,NA
"control","CPV_VCT",-0.0634684348264562,0.714972200795414,13,NA,NA,NA
"control","CPV_ZAF",0.153168497088907,0.606400979218206,20,NA,NA,NA
"control","CRI_MWI",0.0917086469435709,0.901929301159046,16,NA,NA,NA
"control","CRI_TGO",0.31740206627587,1.10439083733513,14,NA,NA,NA
"control","CUB_AIA",0.237486560315981,1.10859698555675,8,NA,NA,NA
"control","CUB_ARM",0.0231549171578615,0.869491067658025,19,NA,NA,NA
"control","CUB_BHR",-0.00787902923581656,0.988553931410702,20,NA,NA,NA
"control","CUB_COG",-0.183415556252402,0.357470869210262,13,NA,NA,NA
"control","CUB_DMA",0.194464485297925,0.654878182735202,10,NA,NA,NA
"control","CUB_KWT",-0.314296903522176,1.41303776114341,17,NA,NA,NA
"control","CUB_LAO",0.167292033166738,0.979190565714793,12,NA,NA,NA
"control","CUB_MNG",0.346683018224215,1.47130545745938,14,NA,NA,NA
"control","CUB_MYT",0.367575464774466,1.99486492072275,9,NA,NA,NA
"control","CUB_NAM",0.158393379774069,0.601030568792874,19,NA,NA,NA
"control","CUB_QAT",0.356501062425255,1.53256981124739,16,NA,NA,NA
"control","CUB_UZB",-0.492022250250256,0.624587344789399,8,NA,NA,NA
"control","CXR_TWN",-0.185537112006532,1.06935765151272,9,NA,NA,NA
"control","CXR_ZAF",-0.182656207723238,0.613860528545405,20,NA,NA,NA
"control","CYM_AIA",0.22099848936685,1.58131883032808,8,NA,NA,NA
"control","CYM_IDN",0.493983262362486,1.20299786382151,18,NA,NA,NA
"control","CYM_MOZ",-0.65739473737917,1.8292322213235,13,NA,NA,NA
"control","CYM_TWN",-0.51963386741806,0.599949311918172,18,NA,NA,NA
"control","CYM_ZAF",0.366402666656846,1.31203111354184,20,NA,NA,NA
"control","CYP_BWA",-0.158877641092202,1.4936184479502,15,NA,NA,NA
"control","CYP_LSO",0.003521633749491,0.757507263165113,15,NA,NA,NA
"control","CYP_NAM",0.169736876180712,0.471012735350991,15,NA,NA,NA
"control","CYP_SWZ",-0.286554667945964,1.87223709880818,15,NA,NA,NA
"control","CZE_GUM",0.140652047877841,1.35495405632319,15,NA,NA,NA
"control","CZE_UMI",0.0420033551763686,1.1894492495217,16,NA,NA,NA
"control","DEU_UMI",-0.160548989193457,1.1050293356498,20,NA,NA,NA
"control","DJI_AUS",0.0928256180109602,2.13088237030649,16,NA,NA,NA
"control","DJI_BEN",-0.02011043184877,0.517124361987131,14,NA,NA,NA
"control","DJI_BGR",0.0974062084233946,0.897584766075857,11,NA,NA,NA
"control","DJI_BHR",0.275632995980335,1.24028719167311,18,NA,NA,NA
"control","DJI_CZE",0.542615006357063,1.44100693986336,18,NA,NA,NA
"control","DJI_MOZ",-0.496085076326837,1.31626306881743,8,NA,NA,NA
"control","DJI_PHL",-1.00823133470779,1.12994341529324,10,NA,NA,NA
"control","DJI_TWN",0.208699825811197,1.09353064239441,15,NA,NA,NA
"control","DMA_AZE",-0.23254529647321,1.16951531976238,11,NA,NA,NA
"control","DMA_MOZ",-0.0826795935587125,1.11185952162872,19,NA,NA,NA
"control","DMA_NAM",0.00036381288410466,0.909843270845233,9,NA,NA,NA
"control","DMA_NCL",0.00839534836213885,1.10222269893058,11,NA,NA,NA
"control","DMA_VNM",0.299226503724777,0.854010483109679,15,NA,NA,NA
"control","DNK_UMI",-0.161629780290579,0.879871634685772,15,NA,NA,NA
"control","DOM_JOR",0.259620509228574,1.6369123387316,18,NA,NA,NA
"control","DOM_KAZ",-0.479147299588313,0.672688773555894,20,NA,NA,NA
"control","DOM_MDG",0.466356893524508,1.39809666418114,18,NA,NA,NA
"control","DOM_MOZ",0.0702139091346293,0.422464216515044,13,NA,NA,NA
"control","DOM_QAT",0.310804706865237,0.917898781077049,17,NA,NA,NA
"control","DOM_SEN",-0.441675430864218,1.76584826985683,15,NA,NA,NA
"control","DZA_ATG",-0.00530305728046083,1.67302197316255,9,NA,NA,NA
"control","DZA_GNQ",0.534302174970493,1.12124050078179,11,NA,NA,NA
"control","DZA_KNA",-0.143234697490158,0.783079856837375,17,NA,NA,NA
"control","DZA_MYT",0.142268957423725,1.35374691067166,9,NA,NA,NA
"control","DZA_NAM",-0.298992972415765,2.24880625293475,8,NA,NA,NA
"control","DZA_ZAF",-0.0666801468311369,0.866641464992958,20,NA,NA,NA
"control","ECU_ASM",-0.215644872048455,0.68955059661966,14,NA,NA,NA
"control","ECU_BWA",-0.0491569681684689,0.893571258777233,12,NA,NA,NA
"control","ECU_MNG",0.199277324487639,0.641716096675993,10,NA,NA,NA
"control","ECU_MYT",-0.132012200659494,0.826014307841485,12,NA,NA,NA
"control","ECU_NAM",-0.0862362838670041,0.786357937440724,16,NA,NA,NA
"control","ECU_RWA",-0.201747713211496,0.777753788982457,17,NA,NA,NA
"control","EGY_MYT",-0.158825866594166,0.584114115182116,10,NA,NA,NA
"control","ERI_AUS",-0.418846490696098,1.2252780583776,19,NA,NA,NA
"control","ERI_LKA",0.205994182702622,1.53657606694303,11,NA,NA,NA
"control","ERI_SLV",0.504430615570336,0.285873035267675,9,NA,NA,NA
"control","ERI_THA",-0.152874478563442,0.771183913847266,20,NA,NA,NA
"control","ERI_ZAF",-0.220106567377818,0.746300232931527,20,NA,NA,NA
"control","ESH_CAN",-0.155318636191264,1.07761375184191,18,NA,NA,NA
"control","ESH_MEX",-0.00987293880850847,0.735404534982384,14,NA,NA,NA
"control","ESH_SDN",0.022653324598924,0.359597917166351,12,NA,NA,NA
"control","ESP_BWA",0.189714588090797,1.19009385781338,15,NA,NA,NA
"control","ESP_SWZ",0.0849632614363719,1.05193898579556,15,NA,NA,NA
"control","ESP_VAT",0.328661245764244,0.946189686872555,20,NA,NA,NA
"control","EST_IRQ",-0.0691996777687577,1.13903736262308,20,NA,NA,NA
"control","EST_MOZ",0.105769699665726,1.32248867935246,14,NA,NA,NA
"control","EST_NAM",0.353022384992879,0.50298596426094,14,NA,NA,NA
"control","EST_QAT",-0.24585221969946,1.22172777735592,20,NA,NA,NA
"control","EST_SYC",-0.184668289018587,1.01662875940513,10,NA,NA,NA
"control","ETH_BHS",0.219275048922783,2.17734626888499,8,NA,NA,NA
"control","ETH_BWA",-0.149106749720079,1.31341214118315,20,NA,NA,NA
"control","ETH_GUY",-0.182196237371788,0.786615503871307,8,NA,NA,NA
"control","ETH_MOZ",0.210676828251976,1.15542922432422,18,NA,NA,NA
"control","ETH_MRT",0.371665999927503,0.846248197242356,11,NA,NA,NA
"control","ETH_PNG",-0.414367803758647,0.694757726851753,8,NA,NA,NA
"control","ETH_QAT",-0.192565306173269,1.08581847994796,20,NA,NA,NA
"control","ETH_VEN",-0.129868227690948,1.47853415456568,15,NA,NA,NA
"control","FIN_BWA",-0.126990436415038,0.671541504700091,15,NA,NA,NA
"control","FIN_LSO",0.200426650720789,0.963587838017225,12,NA,NA,NA
"control","FIN_NAM",0.0452398535044521,0.453022224495446,15,NA,NA,NA
"control","FIN_SWZ",-0.304893962762726,0.52034847162002,15,NA,NA,NA
"control","FIN_VAT",-0.104818965562014,1.35151330610463,19,NA,NA,NA
"control","FJI_GTM",-0.0875977197744697,1.342261155887,14,NA,NA,NA
"control","FJI_HND",-0.0383463924893268,1.34756181980138,14,NA,NA,NA
"control","FJI_MKD",-0.349725925991866,0.949153474694166,10,NA,NA,NA
"control","FJI_OMN",0.206644169576118,1.23453046848988,10,NA,NA,NA
"control","FJI_PAK",-0.0319412243164589,0.776507605289038,17,NA,NA,NA
"control","FJI_UKR",0.0487002503100652,0.968348150547344,20,NA,NA,NA
"control","FJI_WLF",-0.0953078563128364,1.16257943746405,20,NA,NA,NA
"control","FJI_ZAF",-0.262066064877848,0.40285305046706,20,NA,NA,NA
"control","FLK_MDA",-0.174570892134181,0.574404174497624,13,NA,NA,NA
"control","FLK_NAM",-0.16779270919683,0.442069204003897,10,NA,NA,NA
"control","FLK_ZAF",-0.27134329100259,0.614003050913887,20,NA,NA,NA
"control","FRA_UMI",-0.399045271214463,0.843212765990541,19,NA,NA,NA
"control","FRO_CIV",0.268759238400585,1.13762805619117,13,NA,NA,NA
"control","FRO_PHL",0.33663856630883,0.587330696633852,17,NA,NA,NA
"control","FRO_ZAF",-0.248312593017683,1.17043783688391,20,NA,NA,NA
"control","FSM_HKG",-0.215176772328886,0.928094827998709,20,NA,NA,NA
"control","FSM_SVK",0.0270174394663522,1.12758777349834,15,NA,NA,NA
"control","GAB_ATG",-0.306144214180647,0.843316807374478,12,NA,NA,NA
"control","GAB_GRD",0.146412549398028,0.390519023157266,8,NA,NA,NA
"control","GAB_LCA",-0.0278006461974299,1.19039188775752,12,NA,NA,NA
"control","GAB_LTU",0.31669765553666,0.826027314449795,10,NA,NA,NA
"control","GAB_MYT",0.104980826884555,0.693171992218909,8,NA,NA,NA
"control","GAB_NAM",-0.283805917237572,0.678311875970935,18,NA,NA,NA
"control","GAB_QAT",-0.0497581495158999,0.981171924129889,19,NA,NA,NA
"control","GAB_SYC",-0.148692803788757,1.98380437026962,13,NA,NA,NA
"control","GBR_UMI",0.0497191528446454,0.684651567227286,17,NA,NA,NA
"control","GBR_VAT",0.150377162172134,0.595394459124152,20,NA,NA,NA
"control","GEO_BHS",0.216060792728939,1.81151468630704,9,NA,NA,NA
"control","GEO_BWA",0.445160506656138,1.36034567450671,14,NA,NA,NA
"control","GEO_CMR",0.198432703474154,0.839696817314688,20,NA,NA,NA
"control","GEO_CUB",0.384940590037915,3.9587524851963,9,NA,NA,NA
"control","GEO_GIN",0.034074987879213,0.84570900675632,10,NA,NA,NA
"control","GEO_KHM",-0.0780362011073192,0.941646331787908,14,NA,NA,NA
"control","GEO_KWT",-0.0095142244518774,0.530218806756781,18,NA,NA,NA
"control","GEO_LUX",0.347836957659337,0.59522541403566,11,NA,NA,NA
"control","GEO_MOZ",0.163181221659834,0.844389339654762,19,NA,NA,NA
"control","GEO_PRK",-0.201483289219092,0.27138710805304,10,NA,NA,NA
"control","GEO_RWA",-0.0529610501936065,1.20081422405495,16,NA,NA,NA
"control","GEO_TUN",0.177938648844041,1.81153092283895,17,NA,NA,NA
"control","GEO_YEM",0.118697860761912,0.417836057584707,12,NA,NA,NA
"control","GEO_ZAF",-0.0844245960710546,0.985834424214711,20,NA,NA,NA
"control","GHA_BHR",-0.0307551939811199,1.1946441276742,14,NA,NA,NA
"control","GHA_COD",0.140543143955398,0.881412547176077,15,NA,NA,NA
"control","GHA_LSO",-0.438523333801038,0.691423554555816,11,NA,NA,NA
"control","GHA_LUX",-0.0897919596825151,1.01107052980982,15,NA,NA,NA
"control","GHA_MYT",-0.218648347563142,0.763578517674014,9,NA,NA,NA
"control","GHA_NAM",0.211614262432927,1.01950554649737,20,NA,NA,NA
"control","GHA_STP",-0.00638557001639185,1.10697922381109,13,NA,NA,NA
"control","GHA_SWZ",-0.0157150417266414,0.514592454060919,20,NA,NA,NA
"control","GIB_BEN",-0.129952285863281,0.597515006602034,12,NA,NA,NA
"control","GIB_BLR",-0.422742025650578,1.41849831568684,14,NA,NA,NA
"control","GIB_MOZ",-0.0218668461284151,1.00063705798556,19,NA,NA,NA
"control","GIB_NAM",0.17953995419943,1.89933373655581,10,NA,NA,NA
"control","GIB_PRY",-0.245776800284872,0.964488370204219,13,NA,NA,NA
"control","GIB_ZAF",-0.108978594291411,0.81185937169883,20,NA,NA,NA
"control","GIN_AZE",0.146354352219009,1.1112418181775,9,NA,NA,NA
"control","GIN_ETH",-0.0172351572690967,0.923379769362188,18,NA,NA,NA
"control","GIN_LUX",-0.202879403177659,0.32440044095082,16,NA,NA,NA
"control","GIN_NAM",0.319766369988543,0.447869768997322,12,NA,NA,NA
"control","GMB_AGO",0.268116450404809,0.559229708461491,11,NA,NA,NA
"control","GMB_GEO",0.363397484465145,1.48502418035617,9,NA,NA,NA
"control","GMB_VNM",-0.240064326038508,0.927286342880578,19,NA,NA,NA
"control","GMB_ZAF",0.134365842090886,0.825424676030704,20,NA,NA,NA
"control","GNB_HRV",-0.519649492647879,1.70020719315908,10,NA,NA,NA
"control","GNB_MRT",-0.27761024222854,0.952670517150599,11,NA,NA,NA
"control","GNB_RUS",-0.453367076495041,1.07461982853829,19,NA,NA,NA
"control","GNQ_BRA",0.047548257383814,1.41922360433032,20,NA,NA,NA
"control","GNQ_ECU",0.0991244053587776,1.00813051911541,10,NA,NA,NA
"control","GNQ_LBN",-0.574379578505848,0.819756395458705,14,NA,NA,NA
"control","GNQ_NCL",-0.0356776317064157,0.200161909892221,10,NA,NA,NA
"control","GNQ_POL",0.435776090740212,1.27763639590356,11,NA,NA,NA
"control","GNQ_THA",0.0432913858302442,0.478200138001991,15,NA,NA,NA
"control","GNQ_ZAF",0.125563309502588,0.601828009004479,20,NA,NA,NA
"control","GRC_BWA",0.0737146131862825,1.58965453647365,15,NA,NA,NA
"control","GRC_LSO",-0.320334819781379,1.52865419668834,9,NA,NA,NA
"control","GRC_UMI",0.165961008195628,0.768704984326397,11,NA,NA,NA
"control","GRD_CUB",-0.378107775517504,0.202538552876036,8,NA,NA,NA
"control","GRD_GEO",0.130016157483168,0.769884946669364,8,NA,NA,NA
"control","GRD_HKG",-0.0434967355282457,2.23472504960277,9,NA,NA,NA
"control","GRD_KEN",-0.0364289842104274,1.78998653835681,11,NA,NA,NA
"control","GRD_NAM",0.183310611480552,0.675545726810318,11,NA,NA,NA
"control","GRL_LBN",-0.743685190955535,0.869328201168952,15,NA,NA,NA
"control","GRL_SDN",0.196567142814256,0.384739905559095,11,NA,NA,NA
"control","GRL_ZAF",0.0301573966949771,0.965433903405835,18,NA,NA,NA
"control","GTM_AIA",-0.234268489774335,0.96187334829084,16,NA,NA,NA
"control","GTM_GEO",-0.368424359195883,1.3811412409236,12,NA,NA,NA
"control","GTM_MDA",0.0185901242004603,0.958037414051139,20,NA,NA,NA
"control","GTM_MSR",-0.0972780811725053,0.626003823855629,19,NA,NA,NA
"control","GTM_NCL",-0.189893178403083,0.805667082516278,16,NA,NA,NA
"control","GTM_SWZ",0.276952464344296,1.84619928068384,17,NA,NA,NA
"control","GUM_AUS",0.596447613626155,1.38842403095004,20,NA,NA,NA
"control","GUM_CAN",-0.103439374715709,1.11599104059619,20,NA,NA,NA
"control","GUM_CZE",0.217248747308773,0.650473161468447,20,NA,NA,NA
"control","GUM_EST",0.632568993677023,1.3162945271783,9,NA,NA,NA
"control","GUM_GUY",-0.00321368175895031,0.492630947636246,13,NA,NA,NA
"control","GUM_IDN",0.204210585472264,1.2748023328914,19,NA,NA,NA
"control","GUM_JPN",-0.0626053425793654,0.780584034810878,20,NA,NA,NA
"control","GUM_KOR",0.147681962488871,0.564669146460956,20,NA,NA,NA
"control","GUM_MYS",-0.340400678297873,1.07344631736855,17,NA,NA,NA
"control","GUM_NZL",-0.144901448461624,1.28940964809529,20,NA,NA,NA
"control","GUM_PHL",0.146212326229283,0.771007057074143,20,NA,NA,NA
"control","GUM_RUS",-0.0137791824350526,0.662917583975822,9,NA,NA,NA
"control","GUM_SGP",-0.117462969265187,1.17467630935533,20,NA,NA,NA
"control","GUM_SVK",-0.0690679703148365,2.26984645278334,19,NA,NA,NA
"control","GUM_THA",0.0142935859447061,0.615196500589128,20,NA,NA,NA
"control","GUM_TWN",-0.169847102867432,0.679228150827755,18,NA,NA,NA
"control","GUM_ZAF",0.277669135899292,1.01904361660908,19,NA,NA,NA
"control","GUY_AFG",0.23055071671059,1.26771819901594,8,NA,NA,NA
"control","GUY_BHR",0.268251282488792,1.16156640164477,17,NA,NA,NA
"control","GUY_BIH",-0.206515752886804,0.944824010506877,17,NA,NA,NA
"control","GUY_QAT",0.384054550163771,1.21213970903683,8,NA,NA,NA
"control","GUY_SWZ",0.35899278012131,0.900534243123797,11,NA,NA,NA
"control","GUY_URY",0.0617384890112155,1.15264942980994,16,NA,NA,NA
"control","HKG_FSM",-0.377527448548932,0.912091442086601,20,NA,NA,NA
"control","HKG_LSO",-0.0865330053513306,0.591501962063488,20,NA,NA,NA
"control","HKG_MYT",-0.0988706520067263,0.848178741784998,10,NA,NA,NA
"control","HKG_NAM",-0.390734051547193,0.742642016551498,20,NA,NA,NA
"control","HKG_SWZ",-0.0710619484782294,0.48251176999656,20,NA,NA,NA
"control","HKG_UMI",0.0395311319461702,1.09942871287151,16,NA,NA,NA
"control","HMD_BEN",0.450716956463487,1.13427656306826,10,NA,NA,NA
"control","HMD_BGD",-0.283325032235512,1.05017116094854,10,NA,NA,NA
"control","HMD_KOR",-0.273655350919473,1.33307333283685,12,NA,NA,NA
"control","HMD_SDN",-0.705659936830544,1.37883587619267,11,NA,NA,NA
"control","HMD_THA",-0.180227523030622,1.30216490723404,14,NA,NA,NA
"control","HMD_USA",0.218023412596171,1.52476968424975,16,NA,NA,NA
"control","HND_MOZ",-0.215930207220438,1.39728576195018,15,NA,NA,NA
"control","HND_NAM",-0.455755396721598,0.459647881455149,9,NA,NA,NA
"control","HND_VNM",0.0308183123340207,0.820847695986018,20,NA,NA,NA
"control","HRV_MYT",-0.470876093094752,1.80081420661168,13,NA,NA,NA
"control","HTI_JOR",0.0833199861641585,1.57889715067315,9,NA,NA,NA
"control","HTI_ZAF",0.09584511046589,1.01688819673383,20,NA,NA,NA
"control","HUN_BWA",-0.0543391656693049,1.15688985153494,15,NA,NA,NA
"control","HUN_FSM",0.446121718449232,1.48077679945441,9,NA,NA,NA
"control","HUN_VAT",0.183688483413784,1.15374251857487,10,NA,NA,NA
"control","IDN_ASM",0.390517298465997,1.02379438132881,20,NA,NA,NA
"control","IDN_BWA",-0.0372043089656013,0.912202414401664,20,NA,NA,NA
"control","IDN_GUM",0.16067582790136,0.432665083924506,20,NA,NA,NA
"control","IDN_LSO",-0.125488732335048,0.983803700780286,20,NA,NA,NA
"control","IDN_MYT",0.347667909824139,1.02879919135196,12,NA,NA,NA
"control","IDN_PSE",0.071843806198098,0.82905236766883,19,NA,NA,NA
"control","IDN_SGS",0.125980391803107,0.807917406000975,12,NA,NA,NA
"control","IDN_SMR",0.227874587516657,0.961022502997287,15,NA,NA,NA
"control","IDN_UMI",-0.339404253224016,0.878088171792898,11,NA,NA,NA
"control","IDN_VAT",-0.470557129953328,1.08142183462432,16,NA,NA,NA
"control","IND_AIA",-0.129307479508678,0.565729692266663,20,NA,NA,NA
"control","IND_ASM",0.0329733607220157,1.0676334173489,20,NA,NA,NA
"control","IND_GUM",0.215717675051001,1.17869093228849,20,NA,NA,NA
"control","IND_MYT",0.283699056955544,1.31538089258103,10,NA,NA,NA
"control","IOT_BRB",-0.142861123995075,0.585687580283411,10,NA,NA,NA
"control","IOT_GUY",0.490213467662575,1.92298404186066,9,NA,NA,NA
"control","IOT_MKD",0.547616043045052,0.315695540998449,8,NA,NA,NA
"control","IOT_ZAF",-0.0334602223630594,1.1954706280676,19,NA,NA,NA
"control","IRL_BWA",0.0854566832972595,1.22112942294019,15,NA,NA,NA
"control","IRL_LSO",-0.174266756729027,0.635110340907853,15,NA,NA,NA
"control","IRL_NAM",0.344906731271489,1.15603454642063,15,NA,NA,NA
"control","IRL_SWZ",0.337746039913913,1.07571123922195,15,NA,NA,NA
"control","IRL_UMI",-0.202585895800119,0.634982013875304,17,NA,NA,NA
"control","IRL_VAT",-0.326924332842832,1.24243551607439,9,NA,NA,NA
"control","IRN_ATG",-0.315008486493844,1.05814237688273,11,NA,NA,NA
"control","IRN_BWA",0.20809671649708,0.963705293858182,15,NA,NA,NA
"control","IRN_COM",-0.106986168746139,1.34438705047433,12,NA,NA,NA
"control","IRN_CPV",0.256647177313816,0.353408932441348,10,NA,NA,NA
"control","IRN_MYT",-0.238613167477307,2.03487448723243,10,NA,NA,NA
"control","IRN_SWZ",0.124542455903876,1.14562747334858,18,NA,NA,NA
"control","IRQ_BEL",0.0486097872714902,1.49874947966676,19,NA,NA,NA
"control","IRQ_BHS",0.0911956165333443,0.342504310908177,8,NA,NA,NA
"control","IRQ_PYF",0.346583993799191,1.05264583880063,8,NA,NA,NA
"control","ISL_KHM",0.292513923676479,0.4634423602315,16,NA,NA,NA
"control","ISL_KWT",-0.00988480599545214,0.813314826408003,13,NA,NA,NA
"control","ISL_MYT",-0.455211275512407,0.746410061413675,10,NA,NA,NA
"control","ISR_BWA",0.209756988659441,1.62491165329845,20,NA,NA,NA
"control","ISR_MRT",-0.469437746606786,1.36578424488264,19,NA,NA,NA
"control","ISR_MYT",-0.241541384188048,0.392469632537867,13,NA,NA,NA
"control","ISR_NAM",0.122748656021722,0.426937511042743,20,NA,NA,NA
"control","ISR_SWZ",0.221449797860049,1.53439704582104,20,NA,NA,NA
"control","ISR_TCA",0.278882726284625,0.808511199570356,14,NA,NA,NA
"control","ISR_WLF",0.347204728481259,0.648178371931917,9,NA,NA,NA
"control","ISR_WSM",0.030580864189367,0.658407357533615,20,NA,NA,NA
"control","ITA_UMI",0.336349719787193,1.01100229743094,12,NA,NA,NA
"control","ITA_VAT",0.290104387721365,2.62165380281538,20,NA,NA,NA
"control","JAM_BHR",0.308092427503395,1.15001152622413,18,NA,NA,NA
"control","JAM_CMR",0.210956905625843,1.32636171486259,12,NA,NA,NA
"control","JAM_MLI",-0.288201873199177,0.705150894914552,10,NA,NA,NA
"control","JAM_MOZ",0.157968146204964,0.841219419459455,19,NA,NA,NA
"control","JAM_NAM",-0.0134728087511944,1.06893783168891,16,NA,NA,NA
"control","JAM_SWZ",-0.485962260168314,1.61440340083983,13,NA,NA,NA
"control","JAM_VNM",-0.104427643207377,0.72809812061274,18,NA,NA,NA
"control","JOR_DMA",-0.325746733374507,1.5484042034102,8,NA,NA,NA
"control","JOR_NAM",0.437657497798063,0.378173454960183,14,NA,NA,NA
"control","JOR_NCL",-0.156670555530872,1.06192399268852,16,NA,NA,NA
"control","JOR_SLV",-0.195110233852383,1.31733073964472,20,NA,NA,NA
"control","JPN_ASM",0.366894250033774,1.31959435651835,20,NA,NA,NA
"control","JPN_GUM",-0.158393112035961,1.10713262323973,20,NA,NA,NA
"control","JPN_MYT",-0.493613235829948,1.59880166291198,10,NA,NA,NA
"control","JPN_PSE",-0.346923317663693,0.883594573219367,20,NA,NA,NA
"control","KAZ_IRQ",-0.363329936749488,0.88733882086125,17,NA,NA,NA
"control","KAZ_ISL",-0.602328586098185,0.759249296188791,8,NA,NA,NA
"control","KAZ_ZAF",0.308752868342544,0.57930781685368,20,NA,NA,NA
"control","KEN_MYT",0.158582791269289,1.05257146499716,10,NA,NA,NA
"control","KGZ_CRI",-0.379921236224617,1.46315700600358,14,NA,NA,NA
"control","KGZ_JOR",-0.250465320854446,0.831865077567812,19,NA,NA,NA
"control","KGZ_OMN",-0.209866546942534,2.39943640952234,14,NA,NA,NA
"control","KGZ_VNM",0.326680719009558,1.42907222987608,11,NA,NA,NA
"control","KHM_ARE",-0.121810021050179,1.12691265782333,20,NA,NA,NA
"control","KHM_ARM",-0.0922096425320777,0.43806106666777,16,NA,NA,NA
"control","KHM_BHR",0.327751655554005,1.33514784077147,20,NA,NA,NA
"control","KHM_CMR",0.136520701344688,1.02643955306543,19,NA,NA,NA
"control","KHM_CUB",0.332978623140355,0.227593700502466,8,NA,NA,NA
"control","KHM_GUY",-0.316351144145241,1.11543015393974,9,NA,NA,NA
"control","KHM_IRN",0.00844330608604271,1.22926986823477,12,NA,NA,NA
"control","KHM_JAM",0.0695788578456953,0.885532684592799,17,NA,NA,NA
"control","KHM_LTU",-0.50971571787432,0.658975163535176,20,NA,NA,NA
"control","KHM_LUX",0.00612067170476408,1.40814324138311,20,NA,NA,NA
"control","KHM_MAR",-0.0146718612167639,0.945545213773251,20,NA,NA,NA
"control","KHM_MKD",0.120143369813381,0.587163396073393,20,NA,NA,NA
"control","KHM_MRT",-0.140693512524547,1.09343868465383,18,NA,NA,NA
"control","KHM_MYT",-0.214752840602782,0.871385000709777,13,NA,NA,NA
"control","KHM_NAM",-0.0393103385634952,0.694297768227956,11,NA,NA,NA
"control","KHM_NIC",-0.155491894950159,1.13166993361687,20,NA,NA,NA
"control","KHM_PNG",-0.333075886109633,0.730434914234354,17,NA,NA,NA
"control","KHM_PRK",-0.00784892329356685,0.635305999977383,18,NA,NA,NA
"control","KHM_SWZ",0.050688175706034,1.02107283348173,19,NA,NA,NA
"control","KHM_TUN",-0.000277872045250172,1.30067383448288,20,NA,NA,NA
"control","KIR_BRA",0.120852520096742,0.706052226708661,13,NA,NA,NA
"control","KIR_CHN",-0.526163460952539,0.86100751326212,16,NA,NA,NA
"control","KIR_MOZ",-0.497987693304855,1.01530672870982,9,NA,NA,NA
"control","KIR_SVK",0.196462891281366,0.912939938138714,11,NA,NA,NA
"control","KIR_SVN",0.178899099643506,1.11634436853199,18,NA,NA,NA
"control","KIR_ZAF",-0.178287831349434,0.380367332423938,20,NA,NA,NA
"control","KNA_NAM",-0.0528495468872216,0.868687161236475,9,NA,NA,NA
"control","KOR_ASM",0.378169319937575,1.13081255863622,20,NA,NA,NA
"control","KOR_ATA",0.265224346959982,0.916415064856655,14,NA,NA,NA
"control","KOR_GUM",-0.187410101080479,1.11735694133258,20,NA,NA,NA
"control","KOR_MYT",-0.109186212095789,0.839777132815119,14,NA,NA,NA
"control","KOR_NAM",0.15384456812897,0.849632064220705,20,NA,NA,NA
"control","KOR_PSE",0.305619187399902,1.3194458295545,20,NA,NA,NA
"control","KOR_SMR",0.185256468226538,0.791882497716316,20,NA,NA,NA
"control","KOR_UMI",-0.376997736162477,1.44599235978005,9,NA,NA,NA
"control","KOR_VAT",0.886062176829791,1.9572600302787,12,NA,NA,NA
"control","KWT_AFG",-0.334248788266564,0.536188311626916,18,NA,NA,NA
"control","KWT_BIH",0.151219462294473,0.818205759091246,20,NA,NA,NA
"control","KWT_BLR",0.426004443517064,1.09085575151416,16,NA,NA,NA
"control","KWT_DJI",0.114145777452054,1.00576704517441,18,NA,NA,NA
"control","KWT_ERI",0.646620216333437,1.10902397044789,14,NA,NA,NA
"control","KWT_FJI",-0.319443507637838,1.29732396138636,16,NA,NA,NA
"control","KWT_KGZ",0.536347314377962,0.997993579567751,14,NA,NA,NA
"control","KWT_KHM",-0.00964671166670612,0.874930825717415,17,NA,NA,NA
"control","KWT_LBR",-0.000381770686535804,1.05230687911093,14,NA,NA,NA
"control","KWT_MMR",0.0363028843764002,0.942514503474914,17,NA,NA,NA
"control","KWT_MRT",-0.357843640184316,0.496010122670914,19,NA,NA,NA
"control","KWT_SLE",0.263211408844395,1.48985696626042,17,NA,NA,NA
"control","KWT_SOM",-0.150448114600128,0.886733302780315,18,NA,NA,NA
"control","KWT_TCD",0.129945530812046,1.04860804205672,16,NA,NA,NA
"control","KWT_VNM",-0.0745090666626435,1.10906297912654,20,NA,NA,NA
"control","LAO_BHR",0.0262178690480792,0.532280992861651,11,NA,NA,NA
"control","LAO_BRA",0.250765280474198,0.85522896806598,20,NA,NA,NA
"control","LAO_BRB",-0.538860908178065,0.547813972574408,16,NA,NA,NA
"control","LAO_KAZ",-0.191302638902782,0.843080245033664,20,NA,NA,NA
"control","LAO_KWT",0.00611905917114616,0.568007121259901,17,NA,NA,NA
"control","LAO_LUX",0.281043475128406,0.958536082155694,19,NA,NA,NA
"control","LAO_MDA",-0.153473482080437,0.894352090010393,16,NA,NA,NA
"control","LAO_MDG",-0.200947720729053,1.33727603099421,12,NA,NA,NA
"control","LAO_NPL",-0.0520499892264808,1.68026787118647,10,NA,NA,NA
"control","LAO_SEN",-0.380203924234989,0.606146934292155,12,NA,NA,NA
"control","LAO_TTO",0.217039503328639,0.322367726213415,16,NA,NA,NA
"control","LBN_ABW",0.399162940365206,0.775100346245895,18,NA,NA,NA
"control","LBN_AND",-0.529861294012753,0.593953293395902,19,NA,NA,NA
"control","LBN_BDI",-0.0609644438134638,1.03673531615431,19,NA,NA,NA
"control","LBN_GRD",0.333580176615127,0.864945942378731,18,NA,NA,NA
"control","LBN_SWZ",-0.0306502241279023,1.52722405364228,13,NA,NA,NA
"control","LBR_KWT",0.21815499976356,0.624342416777036,12,NA,NA,NA
"control","LBR_SVK",-0.18233923364922,0.601882285696449,10,NA,NA,NA
"control","LBR_UGA",-0.283977809467381,1.50660761506532,17,NA,NA,NA
"control","LBR_VNM",-0.483918017321116,0.815232199207523,16,NA,NA,NA
"control","LBY_ALB",-0.0926326852585348,0.901198555130112,10,NA,NA,NA
"control","LBY_BLR",0.0792682170089801,1.04554055436619,16,NA,NA,NA
"control","LBY_LTU",0.528700387048024,0.880217009137826,14,NA,NA,NA
"control","LBY_LUX",0.0537597349418415,1.25206684674014,13,NA,NA,NA
"control","LBY_MYT",0.0561823954348007,2.35297366271187,8,NA,NA,NA
"control","LBY_ZAF",-0.183381279581869,1.20748534422994,20,NA,NA,NA
"control","LCA_HND",-0.0358769338008101,0.627971888952459,16,NA,NA,NA
"control","LCA_NGA",-0.162326289976389,0.800382910746857,11,NA,NA,NA
"control","LCA_ZAF",-0.237813587831491,1.3938947363209,19,NA,NA,NA
"control","LKA_ASM",0.0567111343786071,0.538798126786386,16,NA,NA,NA
"control","LKA_GUM",0.343704357109188,1.01658692501328,18,NA,NA,NA
"control","LKA_MNP",0.163897571392474,0.537844526110007,8,NA,NA,NA
"control","LKA_MYT",-0.118565691807804,1.00214442793957,10,NA,NA,NA
"control","LKA_WLF",0.707787297563896,1.56200400101986,8,NA,NA,NA
"control","LSO_BEL",0.313619195448226,1.39199767446239,15,NA,NA,NA
"control","LSO_BRA",-0.146054738036767,2.31521336496655,12,NA,NA,NA
"control","LSO_CAN",0.0641869466893451,1.26497975777264,20,NA,NA,NA
"control","LSO_CHN",0.174236051097224,0.429109847061115,19,NA,NA,NA
"control","LSO_COL",-0.109048071300415,0.783126740544746,17,NA,NA,NA
"control","LSO_CZE",0.105518846744996,1.83050544371865,14,NA,NA,NA
"control","LSO_DZA",-0.0956414890230206,0.99476938538287,16,NA,NA,NA
"control","LSO_ESP",0.470852394399149,0.531423767127786,13,NA,NA,NA
"control","LSO_ETH",0.257186902048608,0.749947793710379,18,NA,NA,NA
"control","LSO_GHA",0.334271847411172,0.382912952690248,11,NA,NA,NA
"control","LSO_IRL",-0.0672391331134659,0.752582482425031,15,NA,NA,NA
"control","LSO_KOR",-0.208151946633659,1.25275297454211,19,NA,NA,NA
"control","LSO_KWT",0.0359209935443986,0.976777745244553,14,NA,NA,NA
"control","LSO_LBN",0.187025791325475,0.697487853485375,17,NA,NA,NA
"control","LSO_LKA",-0.459742040060315,1.15394821206392,8,NA,NA,NA
"control","LSO_MEX",-0.150009289668025,0.51591452448278,20,NA,NA,NA
"control","LSO_NZL",-0.189248796644574,1.88083181189277,16,NA,NA,NA
"control","LSO_PHL",0.177553430936028,0.68177052553623,15,NA,NA,NA
"control","LSO_ROU",0.00939403427343963,1.12097132202349,8,NA,NA,NA
"control","LSO_SVN",0.274182144402591,0.830039706615765,9,NA,NA,NA
"control","LSO_TUR",0.231800588532631,1.3933285072235,15,NA,NA,NA
"control","LSO_TWN",-0.296588391000532,1.00567601003977,20,NA,NA,NA
"control","LSO_URY",0.501493539965744,0.934921980040717,10,NA,NA,NA
"control","LTU_BHR",0.183138126537726,1.20042311927947,20,NA,NA,NA
"control","LTU_MHL",-0.171553286923749,1.12829798860698,20,NA,NA,NA
"control","LTU_MOZ",0.226164341612435,0.762776912712579,13,NA,NA,NA
"control","LTU_NAM",0.429227903362174,1.29967624047511,15,NA,NA,NA
"control","LTU_TGO",0.0461803561782653,1.10007753548376,19,NA,NA,NA
"control","LTU_TZA",-0.307170665195396,1.05752834838203,20,NA,NA,NA
"control","LUX_BWA",0.238092348410705,0.815002400444993,14,NA,NA,NA
"control","LUX_GIB",-0.0273369826628999,1.12755172919693,19,NA,NA,NA
"control","LUX_IRQ",-0.20340321668347,1.20931484461141,19,NA,NA,NA
"control","LUX_KHM",0.0345825189556376,0.442674751319916,20,NA,NA,NA
"control","LUX_KIR",-0.0715581454871491,1.39585114559041,9,NA,NA,NA
"control","LUX_NAM",0.228784669941622,1.38504339243164,15,NA,NA,NA
"control","LUX_PRY",0.268197430309124,1.13460377451954,19,NA,NA,NA
"control","LUX_SWZ",-0.20971827760894,0.805662542914654,11,NA,NA,NA
"control","LUX_VUT",0.0958163074983828,1.97068193240174,8,NA,NA,NA
"control","LVA_BDI",0.163835590969647,0.665226035899587,12,NA,NA,NA
"control","LVA_GMB",-0.165700738215746,1.17714544171629,20,NA,NA,NA
"control","LVA_NAM",0.0308772290458453,1.08474385923419,14,NA,NA,NA
"control","LVA_QAT",-0.560779891448797,0.662017511231025,20,NA,NA,NA
"control","LVA_RWA",-0.047115577087899,1.31124141520861,11,NA,NA,NA
"control","MAC_ATG",-0.631138053400486,0.228920214488147,8,NA,NA,NA
"control","MAC_GIN",0.761812989248427,0.460250554694975,8,NA,NA,NA
"control","MAC_GRD",0.169260002435604,1.19619300934464,9,NA,NA,NA
"control","MAC_LUX",0.0593205783305774,0.680277311616953,20,NA,NA,NA
"control","MAC_MYT",-0.381073269969074,0.482412408032704,9,NA,NA,NA
"control","MAC_ZAF",0.3709460168234,1.08934137600896,20,NA,NA,NA
"control","MAR_ATG",0.298795026043016,0.480846408168078,15,NA,NA,NA
"control","MAR_BHS",-0.229622957605999,1.54972400691267,16,NA,NA,NA
"control","MAR_KHM",0.199125529466663,0.612795299368179,19,NA,NA,NA
"control","MAR_MYT",0.15001837177359,1.29633980109043,14,NA,NA,NA
"control","MAR_NAM",0.0983440617975254,0.64536534797069,20,NA,NA,NA
"control","MAR_SWZ",0.189021879412555,0.784047141330434,15,NA,NA,NA
"control","MAR_WLF",0.218149830102335,0.854947616005966,18,NA,NA,NA
"control","MDA_BFA",-0.0538631520595443,1.34701346339532,9,NA,NA,NA
"control","MDA_CUB",0.0491708140536017,0.876201689975106,9,NA,NA,NA
"control","MDA_KEN",-0.190208822085651,0.889637691396004,16,NA,NA,NA
"control","MDA_KHM",-0.479415994741228,0.56047297200141,11,NA,NA,NA
"control","MDA_KWT",0.235652890959443,0.510469735290891,17,NA,NA,NA
"control","MDA_MAC",0.129184801387151,1.06302438676411,18,NA,NA,NA
"control","MDA_ZMB",0.0662869926330995,0.789873812029418,10,NA,NA,NA
"control","MDG_MDV",0.166486238119921,0.52034905987505,11,NA,NA,NA
"control","MDG_MMR",0.128833186060399,0.604533208016885,8,NA,NA,NA
"control","MDG_MYT",-0.0448117171244194,0.997328748780708,14,NA,NA,NA
"control","MDV_ARG",0.163246794801061,0.623630513127061,8,NA,NA,NA
"control","MDV_EGY",0.200042317272897,0.944659521237929,13,NA,NA,NA
"control","MDV_MWI",0.419535094928139,1.07895667495668,9,NA,NA,NA
"control","MDV_OMN",0.117056656916331,1.76082401127443,11,NA,NA,NA
"control","MDV_QAT",0.0530045101493964,1.62868428900331,14,NA,NA,NA
"control","MDV_ROU",0.0120490784801132,0.74163393582058,13,NA,NA,NA
"control","MDV_VNM",-0.0563124311674998,0.797623356498705,17,NA,NA,NA
"control","MEX_GUM",-0.0435587322444667,0.851059423841528,15,NA,NA,NA
"control","MEX_MYT",-0.153049395066266,1.03504950142105,10,NA,NA,NA
"control","MEX_SMR",0.247513102396363,1.43716887765256,12,NA,NA,NA
"control","MEX_SWZ",-0.18170224694404,0.890362380891822,20,NA,NA,NA
"control","MHL_BGD",0.364432193550051,2.11554023382331,13,NA,NA,NA
"control","MHL_CRI",-0.116479176073426,0.631238834579442,11,NA,NA,NA
"control","MHL_ESP",-0.379686035774245,0.814150854290719,20,NA,NA,NA
"control","MHL_HUN",0.205683986620953,1.20838672360367,11,NA,NA,NA
"control","MHL_NGA",0.160586559220453,1.49963256297473,15,NA,NA,NA
"control","MHL_ROU",0.101491553393063,0.811466271300238,10,NA,NA,NA
"control","MHL_TWN",0.252069333055287,0.624950465886725,19,NA,NA,NA
"control","MHL_ZAF",0.134558777806305,0.814468062662222,20,NA,NA,NA
"control","MKD_AGO",-0.11997138563235,2.86437847887495,9,NA,NA,NA
"control","MKD_BLZ",-0.149614928053134,1.08479448060657,9,NA,NA,NA
"control","MKD_KHM",0.302666318490462,0.891388689068377,8,NA,NA,NA
"control","MKD_NAM",0.352174173608096,1.24209655581849,8,NA,NA,NA
"control","MKD_NCL",-0.149488299315726,1.4428620460755,16,NA,NA,NA
"control","MKD_SMR",-0.265436871634868,0.900923479560325,8,NA,NA,NA
"control","MKD_TJK",0.40390457591416,1.04488147303025,11,NA,NA,NA
"control","MLI_BDI",0.116502028479479,0.70111664099247,19,NA,NA,NA
"control","MLI_CRI",-0.38778300459418,1.31486746245938,12,NA,NA,NA
"control","MLI_MKD",0.482151658643604,1.06644325019824,18,NA,NA,NA
"control","MLI_NAM",-0.412922272567587,0.681623066596695,10,NA,NA,NA
"control","MLI_PYF",-0.0322287621846924,0.834358689037659,19,NA,NA,NA
"control","MLI_VNM",-0.144866987064152,1.08157857436141,20,NA,NA,NA
"control","MLT_MOZ",0.329731669876955,0.654069619458265,14,NA,NA,NA
"control","MLT_MRT",0.397075028386644,0.73424567620711,20,NA,NA,NA
"control","MLT_NAM",-0.079401749691872,0.831723800492956,14,NA,NA,NA
"control","MLT_SWZ",0.321871757496004,0.428627484063589,11,NA,NA,NA
"control","MMR_ALB",-0.010484045436935,0.667237236383594,17,NA,NA,NA
"control","MMR_BHR",0.0910754343622616,1.06427702923052,20,NA,NA,NA
"control","MMR_LTU",-0.436025773122475,1.01520962698657,17,NA,NA,NA
"control","MMR_LUX",0.428182621904297,0.741855122114194,17,NA,NA,NA
"control","MMR_LVA",0.305100210949696,0.622164003152624,18,NA,NA,NA
"control","MMR_QAT",-0.00450390485286963,0.876960472266702,19,NA,NA,NA
"control","MNG_ECU",0.414722816649604,1.24512181479769,8,NA,NA,NA
"control","MNG_KHM",0.272710677885401,0.731927008969571,16,NA,NA,NA
"control","MNG_MDA",-0.187998028387024,1.55436817759619,16,NA,NA,NA
"control","MNG_PNG",0.145640044929726,2.2532528713532,8,NA,NA,NA
"control","MNG_ZAF",0.0407984909375429,0.748101442648175,20,NA,NA,NA
"control","MNP_NGA",0.225078775231466,0.636782394755765,9,NA,NA,NA
"control","MNP_SVK",-0.262050545841262,1.65147853763721,16,NA,NA,NA
"control","MNP_TWN",-0.0426737102282731,1.16053747474137,18,NA,NA,NA
"control","MNP_ZAF",-0.361488770677168,0.686606890229617,19,NA,NA,NA
"control","MOZ_AGO",-0.128765296736127,1.02047193696087,20,NA,NA,NA
"control","MOZ_BLR",-0.342671391825635,0.760967163046481,14,NA,NA,NA
"control","MOZ_COD",0.405717661129709,0.77785874352446,13,NA,NA,NA
"control","MOZ_GTM",-0.139391870738713,1.04195598548549,16,NA,NA,NA
"control","MOZ_HND",-0.430314915936461,1.41853010068761,16,NA,NA,NA
"control","MOZ_KHM",0.190233746818009,1.2715399449462,19,NA,NA,NA
"control","MOZ_NCL",0.130883155489813,0.686464240626888,8,NA,NA,NA
"control","MRT_BHR",0.0471683043640163,0.702505285891455,18,NA,NA,NA
"control","MRT_MLT",-0.160555823652766,1.20183339615172,15,NA,NA,NA
"control","MRT_MOZ",-0.0343474721341086,0.906383490640141,18,NA,NA,NA
"control","MRT_NCL",-0.130036583428361,1.58482936354021,16,NA,NA,NA
"control","MRT_OMN",-0.181048184040151,0.898118967708144,13,NA,NA,NA
"control","MRT_QAT",0.35645626285478,1.7058185332892,11,NA,NA,NA
"control","MRT_VNM",0.283504023634119,0.778479793694991,16,NA,NA,NA
"control","MSR_GTM",-0.330755104418713,0.682678943082092,12,NA,NA,NA
"control","MSR_MKD",-0.247204304825248,1.5960358565285,10,NA,NA,NA
"control","MSR_PER",-0.00148968102192184,0.821642974904239,19,NA,NA,NA
"control","MSR_THA",0.531258552728485,0.511902818297227,20,NA,NA,NA
"control","MSR_VGB",0.0501439868662672,0.358519615827769,13,NA,NA,NA
"control","MSR_ZAF",0.160010848556812,0.870927901259404,19,NA,NA,NA
"control","MUS_BLZ",-0.500026460491258,1.4007875748714,15,NA,NA,NA
"control","MUS_MYT",0.036367094793549,1.26543409733989,14,NA,NA,NA
"control","MWI_GEO",-0.237780112230805,0.978892942883174,16,NA,NA,NA
"control","MWI_KAZ",-0.363988330580174,1.49889530361554,20,NA,NA,NA
"control","MWI_LUX",0.34252881890492,0.954893526508802,19,NA,NA,NA
"control","MWI_NCL",-0.7150011298531,1.41100941333981,9,NA,NA,NA
"control","MYS_ASM",0.121184225751534,1.35386939372079,20,NA,NA,NA
"control","MYS_GUM",-0.0689082975066925,0.948516982061024,20,NA,NA,NA
"control","MYS_LSO",0.112955052114329,0.41927174573092,20,NA,NA,NA
"control","MYS_MYT",0.489518221493912,0.765617889067651,14,NA,NA,NA
"control","MYS_PSE",0.121387118151123,0.912826554630556,20,NA,NA,NA
"control","MYS_VAT",-0.432669932211254,1.2029615438878,16,NA,NA,NA
"control","MYS_WLF",-0.169887527652398,1.45178269210192,20,NA,NA,NA
"control","MYT_COM",-0.25146049248483,1.04573013872856,14,NA,NA,NA
"control","MYT_MDG",-0.0279874334623059,1.93610863552928,14,NA,NA,NA
"control","MYT_MUS",0.382290024309272,0.814020304185536,14,NA,NA,NA
"control","MYT_SGP",-0.00701202962472531,1.58766349767127,9,NA,NA,NA
"control","MYT_ZAF",-0.252446131895113,0.660813662057993,14,NA,NA,NA
"control","NAM_AIA",-0.190274557450311,0.891932793545847,20,NA,NA,NA
"control","NAM_ALB",-0.0463488611606954,1.21283541865146,15,NA,NA,NA
"control","NAM_AND",0.125720640421041,0.492107346336926,20,NA,NA,NA
"control","NAM_ANT",0.0513203618910588,1.74990672856194,10,NA,NA,NA
"control","NAM_ASM",-0.164129484696465,1.61707498546309,13,NA,NA,NA
"control","NAM_ATG",0.177418375440225,1.52928491848921,20,NA,NA,NA
"control","NAM_BEL",0.162924097942687,1.32728202812142,15,NA,NA,NA
"control","NAM_BEN",0.332273871604524,0.647329125868829,16,NA,NA,NA
"control","NAM_BGD",0.174984356471972,1.13522248437269,18,NA,NA,NA
"control","NAM_BGR",-0.16564534718039,0.685306160971895,15,NA,NA,NA
"control","NAM_BHR",0.112570366343454,0.850728820541259,14,NA,NA,NA
"control","NAM_BLR",0.144420161031722,0.864245615851215,19,NA,NA,NA
"control","NAM_BRB",0.0209367469620464,1.10081038593821,19,NA,NA,NA
"control","NAM_CAF",0.0803959349814341,1.00894151115924,19,NA,NA,NA
"control","NAM_CIV",0.0497352720815912,1.38066949015612,20,NA,NA,NA
"control","NAM_CMR",-0.293897873784169,0.878354765906723,20,NA,NA,NA
"control","NAM_COL",-0.367878310080086,1.29965711154169,20,NA,NA,NA
"control","NAM_CPV",-0.327781481737949,1.53202754855006,10,NA,NA,NA
"control","NAM_CUB",0.257053318535325,1.67104132777966,18,NA,NA,NA
"control","NAM_CYP",-0.349000086641433,0.646923478067273,15,NA,NA,NA
"control","NAM_DOM",-0.374897860215971,0.567970154222594,19,NA,NA,NA
"control","NAM_EST",-0.296176903449695,0.900415394808033,15,NA,NA,NA
"control","NAM_GHA",0.13306016147242,0.78815781081703,20,NA,NA,NA
"control","NAM_GIN",-0.0498736535247714,0.50842915954545,18,NA,NA,NA
"control","NAM_GMB",-0.239583286301062,0.550475428702504,14,NA,NA,NA
"control","NAM_GRD",0.382734870906607,1.09249404510104,14,NA,NA,NA
"control","NAM_HTI",0.0488439745647213,1.00027446476854,9,NA,NA,NA
"control","NAM_IRN",-0.327637022506271,0.309139464559186,15,NA,NA,NA
"control","NAM_JAM",0.0831753224379093,1.23530744273212,9,NA,NA,NA
"control","NAM_JOR",-0.530593996003301,1.17388053103217,20,NA,NA,NA
"control","NAM_KHM",-0.182766082673253,0.529442506635933,18,NA,NA,NA
"control","NAM_KNA",-0.107133377806218,1.19963672025364,14,NA,NA,NA
"control","NAM_LKA",0.328052235943436,0.886122102928626,16,NA,NA,NA
"control","NAM_LUX",0.416112564940004,0.808826310976374,15,NA,NA,NA
"control","NAM_MAC",0.22770395225881,0.553740655720693,12,NA,NA,NA
"control","NAM_MLI",-0.0558465015264968,0.791786700034744,17,NA,NA,NA
"control","NAM_MMR",0.114305708927994,0.397370041756454,8,NA,NA,NA
"control","NAM_MRT",0.308707796039311,0.840785849627856,17,NA,NA,NA
"control","NAM_MYT",-0.277932466463616,1.50708787691028,8,NA,NA,NA
"control","NAM_NER",-0.056659151786538,0.970604163754624,20,NA,NA,NA
"control","NAM_NGA",0.00220961772498156,0.606328709293918,20,NA,NA,NA
"control","NAM_PAK",-0.0878683644331572,0.51545755944557,18,NA,NA,NA
"control","NAM_PAN",-0.10229314322897,1.15298379481517,20,NA,NA,NA
"control","NAM_PHL",-0.376874651969946,0.984473875158732,20,NA,NA,NA
"control","NAM_PNG",0.182009073380312,2.72766137363889,8,NA,NA,NA
"control","NAM_PRK",-0.187419506012764,1.04694504728851,9,NA,NA,NA
"control","NAM_PYF",-0.278848802983058,1.5171253487436,14,NA,NA,NA
"control","NAM_QAT",0.0807549306765018,1.10330224189213,17,NA,NA,NA
"control","NAM_SEN",-0.132045441437719,2.27889575590039,19,NA,NA,NA
"control","NAM_SGP",0.158407726725847,1.28916137180343,20,NA,NA,NA
"control","NAM_SLV",0.431993065582962,1.56096090429094,15,NA,NA,NA
"control","NAM_SOM",0.241697107585649,0.736779583610707,19,NA,NA,NA
"control","NAM_STP",0.580556616250667,0.866762379118008,14,NA,NA,NA
"control","NAM_SUR",0.141776848250362,0.815655080887711,19,NA,NA,NA
"control","NAM_TUN",-0.279313204849482,2.11667149324626,16,NA,NA,NA
"control","NAM_TWN",0.0468467868484185,0.54285775399427,20,NA,NA,NA
"control","NAM_URY",0.258633261823214,0.791359810692053,13,NA,NA,NA
"control","NAM_VCT",0.0376418489626953,0.620277736460796,20,NA,NA,NA
"control","NCL_BGD",0.382044747922437,2.14236575059568,14,NA,NA,NA
"control","NCL_BRA",-0.447747973504071,0.454251920029001,19,NA,NA,NA
"control","NCL_CMR",-0.421736338520019,0.614157045860363,12,NA,NA,NA
"control","NCL_GRD",0.0845064302803952,0.465213498713033,10,NA,NA,NA
"control","NCL_KHM",0.610509549125547,0.59141577993553,10,NA,NA,NA
"control","NCL_MAC",0.288807352496414,0.686854243572529,9,NA,NA,NA
"control","NCL_MOZ",-0.4964594134906,0.713221173207546,11,NA,NA,NA
"control","NCL_MWI",-0.348648222673774,0.782928149080303,8,NA,NA,NA
"control","NCL_NAM",0.487893482807987,0.959374066752253,13,NA,NA,NA
"control","NCL_NGA",-0.0353930312709106,0.566156640248717,18,NA,NA,NA
"control","NCL_PER",-0.293759869850916,0.579493822891304,17,NA,NA,NA
"control","NCL_RUS",-0.246501525022544,1.07567812087268,17,NA,NA,NA
"control","NCL_SYC",0.515090598540723,1.0395002646042,10,NA,NA,NA
"control","NCL_TGO",-0.185291400173988,0.531518302329965,8,NA,NA,NA
"control","NCL_TON",-0.02864438199232,1.02818441343633,14,NA,NA,NA
"control","NCL_TUR",-0.255631107081269,0.880664767370343,15,NA,NA,NA
"control","NCL_VNM",0.0472859158124328,0.866233237684482,16,NA,NA,NA
"control","NCL_ZAF",0.179289897701822,0.864089759715179,20,NA,NA,NA
"control","NCL_ZMB",-0.3184542397826,2.54432443967501,10,NA,NA,NA
"control","NER_HKG",-0.067721518227208,0.889148359744372,20,NA,NA,NA
"control","NER_JOR",-0.387698199815403,2.10279425841718,13,NA,NA,NA
"control","NER_LUX",0.389590023693149,0.982898279961841,19,NA,NA,NA
"control","NER_MDG",-0.276538695932624,0.758497798265344,12,NA,NA,NA
"control","NER_NAM",-0.309306843292905,0.422251783699642,18,NA,NA,NA
"control","NER_PER",-0.00245911494462741,1.13168742736169,19,NA,NA,NA
"control","NER_QAT",-0.0256734758279302,0.430561231679655,13,NA,NA,NA
"control","NER_VNM",0.293662748342598,1.20912363581712,17,NA,NA,NA
"control","NFK_KHM",-0.530975547470502,1.16650659085321,9,NA,NA,NA
"control","NGA_AND",0.156702891900123,2.17863880793464,13,NA,NA,NA
"control","NGA_ATG",-0.446451561814719,1.34144417275223,16,NA,NA,NA
"control","NGA_BHR",-0.0523164567962617,1.03404946206603,19,NA,NA,NA
"control","NGA_GNQ",-0.108310887625089,1.42847214139251,15,NA,NA,NA
"control","NGA_NAM",0.0602905923022792,0.828814149641451,20,NA,NA,NA
"control","NGA_QAT",-0.00667409061998447,1.10179682856985,20,NA,NA,NA
"control","NGA_SLV",0.585491501158606,1.30431321056405,15,NA,NA,NA
"control","NGA_SWZ",0.0110828303391461,0.970570459634932,17,NA,NA,NA
"control","NIC_MKD",0.0973813157215323,0.872783261747758,19,NA,NA,NA
"control","NIC_NAM",0.0619614078175327,0.720919151765165,14,NA,NA,NA
"control","NIC_NCL",0.365184558367538,0.593878904194793,18,NA,NA,NA
"control","NIU_TWN",0.247980263393294,1.24855264397913,14,NA,NA,NA
"control","NIU_ZAF",-0.215285952357772,0.790017313930856,20,NA,NA,NA
"control","NLD_UMI",0.193317852828648,0.640970419564798,20,NA,NA,NA
"control","NLD_VAT",-0.433117396161796,0.828392135842213,20,NA,NA,NA
"control","NOR_GUM",-0.145494763263104,0.95463848955708,20,NA,NA,NA
"control","NOR_MYT",0.525714407578935,0.536751034605672,10,NA,NA,NA
"control","NOR_UMI",-0.184281781717802,0.375829033132703,9,NA,NA,NA
"control","NPL_AZE",-0.153063996146777,1.07748334124497,12,NA,NA,NA
"control","NPL_KGZ",0.507970889958443,1.67530688360363,9,NA,NA,NA
"control","NPL_LTU",0.142736921200573,0.759196914935046,20,NA,NA,NA
"control","NPL_MNG",0.0779408415902097,1.08498178065373,16,NA,NA,NA
"control","NPL_MOZ",-0.746998914879322,0.547477794235019,9,NA,NA,NA
"control","NPL_MWI",0.0458476369741726,0.709469138172365,11,NA,NA,NA
"control","NPL_VEN",0.234238204807633,0.47645573916591,10,NA,NA,NA
"control","NPL_VNM",-0.278140531221105,0.735178957847016,19,NA,NA,NA
"control","NRU_FIN",-0.66095454133538,0.594896439211455,12,NA,NA,NA
"control","NZL_ASM",-0.302786344127579,0.771274242935881,20,NA,NA,NA
"control","NZL_BWA",-0.186357293527465,1.25083697535026,20,NA,NA,NA
"control","NZL_CAF",-0.17041819005704,1.75182525096882,14,NA,NA,NA
"control","NZL_GUM",0.0132689234712482,0.64795424549873,20,NA,NA,NA
"control","NZL_MYT",-0.00978717804689453,0.980793658446413,14,NA,NA,NA
"control","NZL_NAM",0.365572561544943,1.10860951246932,20,NA,NA,NA
"control","NZL_PSE",-0.0703327376940961,0.540334973074779,16,NA,NA,NA
"control","NZL_TCA",-0.21469741434537,1.2395151595971,20,NA,NA,NA
"control","OMN_BRB",0.0493737137658066,0.962276908327076,15,NA,NA,NA
"control","OMN_HND",0.027926421616621,0.846946431310385,14,NA,NA,NA
"control","OMN_LUX",0.0899922878823523,1.28712365318938,20,NA,NA,NA
"control","OMN_MDA",0.195376071794963,0.745221620413188,14,NA,NA,NA
"control","OMN_MKD",0.216334113654643,0.590801824512043,19,NA,NA,NA
"control","OMN_SUR",-0.383679497535361,0.777311532446926,9,NA,NA,NA
"control","OMN_SWZ",-0.448458102858252,1.78865905453936,10,NA,NA,NA
"control","PAK_AIA",0.0727661344007873,0.697007199827141,16,NA,NA,NA
"control","PAK_MYT",-0.127621110592676,1.18689299202575,14,NA,NA,NA
"control","PAK_WLF",-0.415254207193816,0.251732658191554,9,NA,NA,NA
"control","PAN_AIA",-0.0242471992400757,0.502461444407675,8,NA,NA,NA
"control","PAN_BHR",0.109912990087697,0.762281119106445,19,NA,NA,NA
"control","PAN_BIH",0.338044323661922,1.47866576729073,18,NA,NA,NA
"control","PAN_KHM",0.0704213891687382,0.765233973582577,15,NA,NA,NA
"control","PAN_MOZ",0.0328741912958028,0.75600885164769,20,NA,NA,NA
"control","PAN_NAM",-0.466972636896497,0.986442225433568,19,NA,NA,NA
"control","PAN_PNG",-0.212421292463603,0.628815635098688,8,NA,NA,NA
"control","PAN_PYF",0.0512335647421404,0.707631846281421,17,NA,NA,NA
"control","PAN_SWZ",0.219410800253657,1.95005596667949,9,NA,NA,NA
"control","PAN_VNM",-0.22811523019078,0.834639222779962,20,NA,NA,NA
"control","PCN_SGP",0.864287980884586,0.494819030767797,9,NA,NA,NA
"control","PCN_THA",-0.342358299242733,1.39789563302171,17,NA,NA,NA
"control","PER_AIA",0.1991126405396,0.78024743147053,12,NA,NA,NA
"control","PER_KGZ",0.190588781234335,1.03579709107461,19,NA,NA,NA
"control","PER_MYT",0.167663365816085,2.11833822665176,10,NA,NA,NA
"control","PER_NAM",0.10027540703462,0.760645772487832,18,NA,NA,NA
"control","PHL_ALB",0.218761147598866,1.40661860831655,20,NA,NA,NA
"control","PHL_ASM",0.055779156913705,1.37929167975192,20,NA,NA,NA
"control","PHL_GUM",0.0353704596470979,0.854803252070102,20,NA,NA,NA
"control","PHL_KGZ",0.0102504992679667,1.03469543725371,20,NA,NA,NA
"control","PHL_KNA",0.372784833064953,1.13644437427397,17,NA,NA,NA
"control","PHL_LSO",-0.211365564241999,0.570865054974281,18,NA,NA,NA
"control","PHL_MYT",-0.343252122291683,1.02739970286371,12,NA,NA,NA
"control","PHL_NAM",0.433418403108179,0.955833011070127,20,NA,NA,NA
"control","PHL_SWZ",0.0839548441532749,0.98150242370211,20,NA,NA,NA
"control","PHL_UMI",0.452805910756983,0.650598527482058,17,NA,NA,NA
"control","PHL_WLF",-0.134644826764884,1.05326512888684,10,NA,NA,NA
"control","PLW_CRI",0.141535274200218,0.665861126976644,12,NA,NA,NA
"control","PLW_IRL",-0.538845618805752,0.537120717981338,9,NA,NA,NA
"control","PLW_SGP",0.0695547016816698,0.949169459290729,9,NA,NA,NA
"control","PLW_TWN",-0.180410491829323,0.664557390424732,18,NA,NA,NA
"control","PNG_ARG",-0.0590170094805114,0.924044271163154,18,NA,NA,NA
"control","PNG_KAZ",-0.013772938706514,1.24306162096609,14,NA,NA,NA
"control","PNG_MDG",0.454325057642039,0.369938314115241,8,NA,NA,NA
"control","PNG_MWI",-0.15715399683402,0.384181765246907,10,NA,NA,NA
"control","PNG_NAM",-0.400987333103278,0.978610250823298,8,NA,NA,NA
"control","PNG_VNM",-0.193658208233693,0.807214726292644,18,NA,NA,NA
"control","PNG_WLF",0.142127717963888,0.238739644724004,8,NA,NA,NA
"control","PNG_ZMB",-0.0551686736304803,0.709709340884866,9,NA,NA,NA
"control","POL_BWA",-0.361567011307173,1.37970984157658,15,NA,NA,NA
"control","POL_NAM",-0.084839191908285,0.71209593113666,15,NA,NA,NA
"control","POL_TKL",-0.166657444594369,0.385252686725741,9,NA,NA,NA
"control","POL_VAT",0.0794507356657672,0.945545352121188,18,NA,NA,NA
"control","POL_WSM",-0.012050278818958,0.529028281133983,19,NA,NA,NA
"control","PRK_KHM",0.111610470641461,0.87844447948533,20,NA,NA,NA
"control","PRK_MRT",-0.110783169412233,0.773280743407311,20,NA,NA,NA
"control","PRK_MWI",0.10960148987422,0.704433246277325,18,NA,NA,NA
"control","PRK_MYT",-0.198205093519495,0.955460418682665,10,NA,NA,NA
"control","PRK_NAM",0.00811628410046921,0.432066354471304,13,NA,NA,NA
"control","PRK_SWZ",-0.938922902009141,0.615158681554709,9,NA,NA,NA
"control","PRK_ZAF",-0.0929415780219414,0.587597063159707,20,NA,NA,NA
"control","PRT_LSO",0.810672315191658,1.06436562490892,9,NA,NA,NA
"control","PRT_MNP",-0.305332194284461,1.26223554466161,16,NA,NA,NA
"control","PRY_ABW",0.0807777218048838,1.04648939279119,20,NA,NA,NA
"control","PRY_BHR",-0.274481219979043,0.734472285831602,18,NA,NA,NA
"control","PRY_EST",0.0392722238771342,0.520855856245354,16,NA,NA,NA
"control","PRY_LUX",-0.0440925438113384,0.811846590988243,17,NA,NA,NA
"control","PRY_MOZ",-0.00512227022617853,1.06087952076611,20,NA,NA,NA
"control","PRY_TJK",-0.257023150108924,1.37322673808185,11,NA,NA,NA
"control","PRY_VGB",-0.0781896116009886,1.34316120233307,12,NA,NA,NA
"control","PSE_CHN",-0.00292508195024474,0.881968524113979,20,NA,NA,NA
"control","PSE_CIV",-0.114597260118906,0.881724339147194,12,NA,NA,NA
"control","PSE_IDN",0.0576216941133575,0.654402073351417,18,NA,NA,NA
"control","PSE_KOR",-0.147530140145305,0.504671221176588,20,NA,NA,NA
"control","PSE_RUS",0.0343517633739409,1.05922555387403,17,NA,NA,NA
"control","PSE_USA",-0.445062546101951,1.31131344730697,20,NA,NA,NA
"control","PYF_BHR",0.548343361886137,0.615196054286315,9,NA,NA,NA
"control","PYF_MOZ",-0.0331153844809829,0.642189640785052,8,NA,NA,NA
"control","PYF_ZAF",0.086841853114947,0.62914203219525,19,NA,NA,NA
"control","QAT_AFG",-0.191128726457398,0.671280616157733,13,NA,NA,NA
"control","QAT_AGO",-0.22635033363995,1.36468158558023,17,NA,NA,NA
"control","QAT_BIH",0.146652902677947,1.14615565932118,17,NA,NA,NA
"control","QAT_BLR",-0.03192331692939,0.651715906646422,16,NA,NA,NA
"control","QAT_BRB",0.359388948024146,0.704832452050117,14,NA,NA,NA
"control","QAT_CUB",0.260098609356085,0.765647028936337,9,NA,NA,NA
"control","QAT_ERI",0.347618101195254,0.792932701410499,11,NA,NA,NA
"control","QAT_FJI",0.0654667066091771,1.07242729749217,15,NA,NA,NA
"control","QAT_KNA",-0.276058068363626,0.948140265486407,15,NA,NA,NA
"control","QAT_LUX",-0.369292714040417,0.861564082580171,18,NA,NA,NA
"control","QAT_MLT",0.227508900653254,0.932228973840918,18,NA,NA,NA
"control","QAT_MOZ",-0.433911089725095,1.01719738974299,20,NA,NA,NA
"control","QAT_MRT",-0.126558693753301,0.697108843061713,19,NA,NA,NA
"control","QAT_NAM",0.0474569176418845,1.23837413296711,12,NA,NA,NA
"control","QAT_NER",-0.0928852548250376,0.982929765321619,14,NA,NA,NA
"control","QAT_PAN",0.170019911036708,0.966089247660221,14,NA,NA,NA
"control","QAT_PNG",-0.265506704340421,1.52915567520804,10,NA,NA,NA
"control","QAT_POL",-0.118860062059557,1.19557900974086,17,NA,NA,NA
"control","QAT_PRK",0.0160117784037478,0.767783381172733,10,NA,NA,NA
"control","QAT_SLE",0.241798392491947,0.803602650905704,15,NA,NA,NA
"control","QAT_SOM",-0.331135461233493,1.01030767220314,14,NA,NA,NA
"control","QAT_TKM",-0.276211923915126,1.18909610921724,12,NA,NA,NA
"control","QAT_VNM",0.605616699377093,0.842592861455387,20,NA,NA,NA
"control","QAT_ZAF",0.33477467640621,0.953910729611104,20,NA,NA,NA
"control","QAT_ZWE",-0.141189136967321,1.04038731003434,20,NA,NA,NA
"control","ROU_BWA",-0.49870027956922,1.61066593891757,14,NA,NA,NA
"control","ROU_NAM",0.124078998919661,0.763638666926324,14,NA,NA,NA
"control","RUS_BWA",-0.0383473864371429,0.699163253464607,20,NA,NA,NA
"control","RUS_MYT",0.294545972147552,0.583347745292599,13,NA,NA,NA
"control","RUS_NAM",-0.0706727428721963,0.662750643668911,20,NA,NA,NA
"control","RUS_SOM",-0.0107004347268099,1.07945547306792,15,NA,NA,NA
"control","RWA_GIN",-0.0300165252466107,1.47308254593146,14,NA,NA,NA
"control","RWA_LKA",-0.0566347116910297,0.707631812660321,13,NA,NA,NA
"control","RWA_LUX",0.0313653181503089,0.695486986050327,20,NA,NA,NA
"control","RWA_QAT",0.157286038560068,1.39549595551757,9,NA,NA,NA
"control","RWA_SGP",0.0925839285350473,1.49974388587301,16,NA,NA,NA
"control","RWA_VNM",0.44211971995381,1.11807668976316,17,NA,NA,NA
"control","SAU_AIA",-0.207186616211861,0.671582790606339,10,NA,NA,NA
"control","SAU_BWA",0.0613225635760581,0.969947291372364,19,NA,NA,NA
"control","SAU_MYT",-0.229966934562845,0.604653561351919,10,NA,NA,NA
"control","SAU_NAM",-0.0490953397721777,1.20898573815501,20,NA,NA,NA
"control","SDN_ATG",-0.761131124449892,0.51932886622844,8,NA,NA,NA
"control","SDN_KAZ",-0.163867651424836,0.57669794041261,17,NA,NA,NA
"control","SDN_KGZ",-0.165400851559109,1.5823092448824,8,NA,NA,NA
"control","SDN_LCA",0.173230089607572,1.26911749459166,9,NA,NA,NA
"control","SDN_NER",-0.166550512110427,1.04918607541227,13,NA,NA,NA
"control","SEN_GTM",0.0887721417564592,0.568716618528079,17,NA,NA,NA
"control","SEN_MYT",-0.00793140185532462,0.630939163084003,10,NA,NA,NA
"control","SEN_NAM",0.322380740500863,1.32355491529686,19,NA,NA,NA
"control","SEN_NIC",0.366428558789767,1.29251564717408,16,NA,NA,NA
"control","SEN_PRY",0.207578380820765,0.775055995437306,13,NA,NA,NA
"control","SGP_ASM",0.175590472470005,1.82134402988948,12,NA,NA,NA
"control","SGP_GUM",0.128068252571245,0.8744729793143,20,NA,NA,NA
"control","SGP_LSO",-0.341821681965203,0.805287331478337,15,NA,NA,NA
"control","SGP_MSR",-0.243672244519904,0.691333938121867,17,NA,NA,NA
"control","SGP_MYT",-0.28104786883332,0.839563305890471,13,NA,NA,NA
"control","SGP_NAM",-0.111320523875564,0.817371693689698,20,NA,NA,NA
"control","SGP_UMI",0.376079982832156,2.59757649501478,10,NA,NA,NA
"control","SGS_IDN",-0.0496008294673327,1.05204429614809,18,NA,NA,NA
"control","SGS_KOR",-0.207728887967516,2.02919243853075,19,NA,NA,NA
"control","SGS_TWN",0.30567854250239,1.13556109518626,10,NA,NA,NA
"control","SHN_IND",0.129431684985052,1.2937932974911,15,NA,NA,NA
"control","SHN_MUS",-0.192855920277101,0.545121740526204,12,NA,NA,NA
"control","SHN_NGA",0.118587035855794,1.93413992854921,14,NA,NA,NA
"control","SHN_NZL",0.0853699093078759,1.41510211416027,18,NA,NA,NA
"control","SHN_THA",0.155610211909241,0.482404647004956,19,NA,NA,NA
"control","SHN_TWN",-0.656873574395509,0.991853059610384,13,NA,NA,NA
"control","SHN_UKR",-0.357667189660231,0.77306246936887,12,NA,NA,NA
"control","SHN_ZAF",-0.00286066535422432,1.20603887964162,20,NA,NA,NA
"control","SLB_BEL",-0.199557989755442,0.83775566558461,20,NA,NA,NA
"control","SLB_VNM",-7.62463778002084e-05,0.804926966630849,19,NA,NA,NA
"control","SLE_BGR",0.234032126019474,2.14047737783453,12,NA,NA,NA
"control","SLE_BOL",0.0439442235631434,0.727495194100138,17,NA,NA,NA
"control","SLE_CHL",0.263048896216239,0.619590415458881,16,NA,NA,NA
"control","SLE_MDG",-0.0809514860258052,1.10392607777722,16,NA,NA,NA
"control","SLE_MOZ",0.159044965802385,0.704237576510066,10,NA,NA,NA
"control","SLE_MYT",0.496940164969803,0.960320692466662,10,NA,NA,NA
"control","SLE_PER",0.196193265275068,1.21814380890764,20,NA,NA,NA
"control","SLE_SUR",0.396015080862165,0.951474019010142,13,NA,NA,NA
"control","SLE_VNM",0.173362486023626,1.0235210193117,19,NA,NA,NA
"control","SLV_AIA",0.129582445138744,2.03830325171288,9,NA,NA,NA
"control","SLV_BHR",0.0481200542389504,0.919231654168842,16,NA,NA,NA
"control","SLV_FJI",0.221140661237665,2.31330063747553,14,NA,NA,NA
"control","SLV_JOR",-0.0505847141937419,1.34484087499264,19,NA,NA,NA
"control","SLV_KEN",-0.497855958442386,0.904923053890208,13,NA,NA,NA
"control","SLV_KHM",-0.220094919971553,2.19914962658553,17,NA,NA,NA
"control","SLV_LVA",-0.407743543127477,0.580359340073922,8,NA,NA,NA
"control","SLV_MLI",-0.0943387597989758,0.743057992666874,9,NA,NA,NA
"control","SLV_NAM",-0.2439740095269,0.67275235152878,9,NA,NA,NA
"control","SLV_NER",-0.488529829254916,1.08114171598562,9,NA,NA,NA
"control","SLV_QAT",-0.2654604785059,0.824608948557206,15,NA,NA,NA
"control","SMR_AND",-0.12301341661491,0.541456511784523,13,NA,NA,NA
"control","SMR_BHR",-0.0381855793349444,0.641001047509406,11,NA,NA,NA
"control","SMR_BRA",0.410115525827734,1.30442984789314,20,NA,NA,NA
"control","SMR_CHE",-0.162787961563504,1.29837728230753,20,NA,NA,NA
"control","SMR_CHL",0.0958086888495302,0.307174007223924,20,NA,NA,NA
"control","SMR_COL",0.308582157338741,0.903132259283381,19,NA,NA,NA
"control","SMR_DZA",0.324301440330155,0.814116814312704,16,NA,NA,NA
"control","SMR_EGY",-0.0867448542605985,1.05964580916787,18,NA,NA,NA
"control","SMR_GEO",0.441684528921481,1.33385249113247,20,NA,NA,NA
"control","SMR_IDN",0.361348367585082,1.38605977706605,16,NA,NA,NA
"control","SMR_ISL",0.125366060908747,0.855002089198897,15,NA,NA,NA
"control","SMR_KOR",0.566700936401525,1.62848495652448,20,NA,NA,NA
"control","SMR_LBN",-0.0363155917887677,1.35357098216142,20,NA,NA,NA
"control","SMR_MEX",-0.111863591092736,1.09547373897885,20,NA,NA,NA
"control","SMR_MKD",-0.171699981332287,0.417378944672324,15,NA,NA,NA
"control","SMR_NOR",0.85729943901238,1.18769695036539,17,NA,NA,NA
"control","SMR_TWN",-0.0381808896200793,0.773912947010131,16,NA,NA,NA
"control","SMR_UKR",-0.00106190722448324,0.388519456040024,16,NA,NA,NA
"control","SMR_URY",-0.587577030049537,0.955219081554735,14,NA,NA,NA
"control","SMR_USA",-0.0358078736082925,0.972103122440104,20,NA,NA,NA
"control","SMR_ZAF",0.0769775437792417,1.07425714456968,20,NA,NA,NA
"control","SOM_BHR",-0.248418659900817,0.980026807199389,20,NA,NA,NA
"control","SOM_CRI",-0.00436942403835786,1.81622137976829,10,NA,NA,NA
"control","SOM_KAZ",-0.0989096183373566,1.14864945013765,13,NA,NA,NA
"control","SOM_MOZ",0.222153157675342,0.962578697676802,8,NA,NA,NA
"control","SOM_NGA",-0.0799423469091339,0.572189551940435,15,NA,NA,NA
"control","STP_BEL",0.123267868932178,0.803986566961214,20,NA,NA,NA
"control","STP_BLZ",0.156545643431436,1.00947710188894,8,NA,NA,NA
"control","STP_BRA",-0.384122588585799,0.851050225717236,15,NA,NA,NA
"control","STP_CPV",-0.0586704717120688,0.696543572040946,16,NA,NA,NA
"control","STP_ETH",-0.219756230113365,0.651757262635846,15,NA,NA,NA
"control","STP_GRD",-0.0334532900473145,0.619779389371577,8,NA,NA,NA
"control","STP_MKD",0.0238737473647791,0.829257374414855,11,NA,NA,NA
"control","STP_SGP",0.316775461338714,1.40371450028423,10,NA,NA,NA
"control","STP_SVN",0.201399113481722,1.18840340021564,18,NA,NA,NA
"control","STP_ZMB",0.114395684232527,1.31786939308516,12,NA,NA,NA
"control","SUR_AZE",-0.379567199195053,0.924060674870499,8,NA,NA,NA
"control","SUR_BHR",0.0135408910331193,1.11271944474916,13,NA,NA,NA
"control","SUR_MOZ",0.225758950920431,0.742391814307547,8,NA,NA,NA
"control","SUR_MRT",-0.33623608547797,1.10944441824112,12,NA,NA,NA
"control","SUR_NAM",0.149535813419413,1.05382885220661,13,NA,NA,NA
"control","SUR_PYF",0.170416811772035,1.00408377941099,20,NA,NA,NA
"control","SUR_VNM",-0.036548239758547,1.33530813055095,19,NA,NA,NA
"control","SVK_BWA",0.121016452211336,0.795308493210674,13,NA,NA,NA
"control","SVK_COM",0.116786057395927,0.530244497618969,13,NA,NA,NA
"control","SVK_FSM",-0.0448316118132789,0.740044651701653,16,NA,NA,NA
"control","SVK_GUM",-0.196135284027232,0.8704328732162,9,NA,NA,NA
"control","SVK_NAM",0.0436510684545178,1.07801451466688,15,NA,NA,NA
"control","SVN_HTI",-0.254772117501534,0.824698623375501,18,NA,NA,NA
"control","SVN_LAO",0.224380682487048,1.20106353506041,17,NA,NA,NA
"control","SVN_MWI",-0.158052604542341,0.457324204786972,16,NA,NA,NA
"control","SVN_NIC",-0.344373637209433,1.96501288294314,12,NA,NA,NA
"control","SWE_LSO",0.0532198979751713,1.86165865130349,15,NA,NA,NA
"control","SWE_NAM",0.14989028281505,0.862171193201596,15,NA,NA,NA
"control","SWE_SWZ",-0.0872478319621915,0.840492288195268,15,NA,NA,NA
"control","SWE_UMI",0.164139184470666,1.00405671270769,20,NA,NA,NA
"control","SWZ_ARE",0.0149306707869603,0.486008176650575,17,NA,NA,NA
"control","SWZ_ARG",-0.0721592512591961,1.08963270366655,8,NA,NA,NA
"control","SWZ_ATG",-0.365645668629631,1.90630714034434,15,NA,NA,NA
"control","SWZ_BEL",0.122949525392385,0.938975110809728,15,NA,NA,NA
"control","SWZ_BEN",0.330817634432452,0.511196452431367,20,NA,NA,NA
"control","SWZ_BGR",-0.293674645823948,0.987463578612198,15,NA,NA,NA
"control","SWZ_BMU",-0.218185858551505,1.20262806112999,10,NA,NA,NA
"control","SWZ_BOL",-0.0383711507474489,0.888490467714162,19,NA,NA,NA
"control","SWZ_BRA",-0.447111585182934,2.00194267177292,15,NA,NA,NA
"control","SWZ_BRB",-0.139333415105721,0.868994353987162,20,NA,NA,NA
"control","SWZ_CHL",-0.25498445312648,0.721756022440054,16,NA,NA,NA
"control","SWZ_CIV",-0.04877288157471,1.20492114061162,19,NA,NA,NA
"control","SWZ_CMR",0.130694469795858,1.76118232586175,20,NA,NA,NA
"control","SWZ_COL",-0.227048569548958,1.01438801643105,20,NA,NA,NA
"control","SWZ_CRI",0.00284087119990723,1.13246369927143,19,NA,NA,NA
"control","SWZ_CUB",0.0825539975781108,1.48087156812341,9,NA,NA,NA
"control","SWZ_CYP",-0.271675711122569,0.72945283407618,15,NA,NA,NA
"control","SWZ_DMA",0.308964389674682,0.379775910038753,13,NA,NA,NA
"control","SWZ_DZA",-0.141585018356883,0.833672369071431,18,NA,NA,NA
"control","SWZ_GAB",-0.661925637689258,0.775947370499995,14,NA,NA,NA
"control","SWZ_GHA",0.111544646613797,0.915083884702447,19,NA,NA,NA
"control","SWZ_GUY",-0.386697287288089,1.08567407690743,20,NA,NA,NA
"control","SWZ_HKG",-0.136807547076754,0.93971351262631,20,NA,NA,NA
"control","SWZ_IND",-0.0746147013537008,1.66296713062123,20,NA,NA,NA
"control","SWZ_IRN",0.0912192488666739,0.775397659965547,10,NA,NA,NA
"control","SWZ_ISR",-0.124942814903701,1.13333013438232,19,NA,NA,NA
"control","SWZ_KNA",0.12551988139102,0.502732788152805,17,NA,NA,NA
"control","SWZ_LCA",0.499131335992669,0.890171081629599,19,NA,NA,NA
"control","SWZ_LKA",-0.315985696481837,0.639875955943297,19,NA,NA,NA
"control","SWZ_MDA",-0.0165002823062229,0.981010524568449,19,NA,NA,NA
"control","SWZ_MEX",-0.125200092011393,0.610913460197848,20,NA,NA,NA
"control","SWZ_MKD",0.0514941986460204,1.43089150531339,13,NA,NA,NA
"control","SWZ_NER",0.387024664630746,0.956068211827298,17,NA,NA,NA
"control","SWZ_NGA",-0.204053926020923,0.978101152951297,18,NA,NA,NA
"control","SWZ_PER",-0.211345183211257,0.445623418572461,20,NA,NA,NA
"control","SWZ_PHL",-0.527583087451468,0.688257313324665,18,NA,NA,NA
"control","SWZ_PYF",0.130440668857655,1.03965994476562,17,NA,NA,NA
"control","SWZ_SVK",0.0712531852068781,0.994896217154026,15,NA,NA,NA
"control","SWZ_TTO",0.0644203740577346,1.59092500506404,16,NA,NA,NA
"control","SWZ_TUN",-0.536878141093643,0.653736708334476,17,NA,NA,NA
"control","SWZ_UKR",-0.103244092546532,1.2733917517341,17,NA,NA,NA
"control","SWZ_VCT",-0.0163232980964809,0.888446624496892,20,NA,NA,NA
"control","SYC_BGD",0.260384513596229,0.852545065922038,12,NA,NA,NA
"control","SYC_BLZ",-0.479107768756171,0.420747962274909,11,NA,NA,NA
"control","SYC_BOL",0.814863047044606,0.486588964852483,12,NA,NA,NA
"control","SYC_GRD",0.00311176493334855,0.783404662766899,8,NA,NA,NA
"control","SYC_ISL",0.0452541685276188,1.24099843333726,15,NA,NA,NA
"control","SYC_MDV",0.00984755889163067,0.753334040588855,19,NA,NA,NA
"control","SYC_MKD",0.318319855030826,0.836906468589602,15,NA,NA,NA
"control","SYC_MYT",0.325028698204489,1.67847002527658,11,NA,NA,NA
"control","SYC_OMN",-0.439911692156328,0.714235078727894,10,NA,NA,NA
"control","SYC_QAT",-0.243878042300453,0.974140580785273,12,NA,NA,NA
"control","SYR_ATG",0.437744007623396,0.816502584582802,15,NA,NA,NA
"control","SYR_BRB",0.0244486835872283,0.604427425611213,15,NA,NA,NA
"control","SYR_FJI",-0.565914357002201,0.24498536959306,13,NA,NA,NA
"control","SYR_KHM",-0.486551550970904,0.747166033749157,10,NA,NA,NA
"control","SYR_MOZ",0.05222067454094,0.75294739787752,19,NA,NA,NA
"control","SYR_MRT",0.139550468075491,0.394107857573862,20,NA,NA,NA
"control","SYR_NIC",-0.622333328313343,1.04776814490673,17,NA,NA,NA
"control","SYR_VNM",-0.294771157189829,0.640893516195057,18,NA,NA,NA
"control","TCA_ATG",-0.341896082431342,0.967670675713828,11,NA,NA,NA
"control","TCA_GUY",-0.104581254149195,1.14777905427056,16,NA,NA,NA
"control","TCA_KOR",0.0975331906394806,0.93602786242856,19,NA,NA,NA
"control","TCA_MOZ",-0.125742973168362,1.37549245099949,15,NA,NA,NA
"control","TCA_NER",-0.252818991789945,0.638622153123154,15,NA,NA,NA
"control","TCA_TWN",-0.197338059975042,0.687050940044173,11,NA,NA,NA
"control","TCD_BRB",-0.300200757055766,1.13107178763482,10,NA,NA,NA
"control","TCD_SGP",0.498075072218202,0.679518376135248,11,NA,NA,NA
"control","TCD_UKR",0.26788718802621,0.867717455732015,10,NA,NA,NA
"control","TGO_DOM",0.616873040262145,1.33613770665244,9,NA,NA,NA
"control","TGO_KHM",0.189293099744375,0.371843913206584,12,NA,NA,NA
"control","TGO_MKD",-0.42020705669097,0.712454258657475,12,NA,NA,NA
"control","TGO_MWI",0.959375125783728,0.724911136814403,9,NA,NA,NA
"control","TGO_NAM",-0.366664863798769,0.929683652432367,9,NA,NA,NA
"control","TGO_SWZ",0.376364564703046,1.08215910580092,13,NA,NA,NA
"control","TGO_ZMB",0.169204037464464,0.771665657491092,17,NA,NA,NA
"control","THA_ASM",0.104080275830645,1.21309088476593,20,NA,NA,NA
"control","THA_ERI",0.112658724371871,1.45292705095638,20,NA,NA,NA
"control","THA_GNQ",0.192381396868463,1.20880509780699,20,NA,NA,NA
"control","THA_GUM",0.136927438060784,0.796644192198874,20,NA,NA,NA
"control","THA_HMD",0.113978014574389,1.36438762275718,13,NA,NA,NA
"control","THA_MYT",-0.247228032654679,0.60298927041834,14,NA,NA,NA
"control","THA_SPM",-0.248829525457134,1.24255195931937,8,NA,NA,NA
"control","THA_TKL",0.102998310272635,0.731893241011058,18,NA,NA,NA
"control","THA_UMI",0.0929187077061119,0.524723377223445,19,NA,NA,NA
"control","THA_WLF",-0.0809337248390402,1.59731825814911,20,NA,NA,NA
"control","TJK_FRO",-0.855953966618966,0.879884819117388,10,NA,NA,NA
"control","TJK_VNM",0.204520340699862,0.624773428895984,15,NA,NA,NA
"control","TKL_MWI",0.230156732513455,1.33675259772433,15,NA,NA,NA
"control","TKL_THA",0.178200649532749,0.735920133248312,20,NA,NA,NA
"control","TKL_TWN",0.227235794521122,0.963061949460594,18,NA,NA,NA
"control","TKM_DZA",0.727543449592557,0.813881760929202,8,NA,NA,NA
"control","TKM_ECU",-0.252011205382785,1.48853517210682,12,NA,NA,NA
"control","TKM_HKG",0.122078255133854,0.899960760978492,14,NA,NA,NA
"control","TKM_KWT",0.06623965608616,0.896091901389535,17,NA,NA,NA
"control","TKM_PER",-0.0327846991873499,0.297849146261765,17,NA,NA,NA
"control","TKM_QAT",-0.586720031126051,0.797757056084014,11,NA,NA,NA
"control","TKM_TUN",0.0829463760479962,1.99336099727718,15,NA,NA,NA
"control","TKM_ZAF",0.375294121458026,1.36898889708107,20,NA,NA,NA
"control","TON_ASM",0.119246445032464,2.2103035777216,15,NA,NA,NA
"control","TON_CHN",0.146888928988982,1.04595665840168,20,NA,NA,NA
"control","TON_NCL",0.463570806334092,0.831506512365296,9,NA,NA,NA
"control","TON_NGA",-0.183346411775414,0.449576931326753,11,NA,NA,NA
"control","TON_POL",0.246729685495168,1.10155831104774,15,NA,NA,NA
"control","TON_ZAF",-0.0768381474213234,1.23550297634337,19,NA,NA,NA
"control","TTO_ARM",-0.119188704597836,0.682789273356919,11,NA,NA,NA
"control","TTO_AZE",0.143553776074955,1.02552029692349,19,NA,NA,NA
"control","TTO_BLR",-0.643610692842578,1.9500746722828,17,NA,NA,NA
"control","TTO_NAM",0.000585000386319011,0.917848141166031,19,NA,NA,NA
"control","TTO_SMR",0.37412322245798,1.25338863112137,13,NA,NA,NA
"control","TTO_ZAF",0.0622028008286108,1.35197145501825,20,NA,NA,NA
"control","TUN_KGZ",-0.01529400492066,0.657871912782252,18,NA,NA,NA
"control","TUN_MDA",0.0549928457819974,1.38771068378156,20,NA,NA,NA
"control","TUN_MYT",0.169294172274904,1.90237644848264,10,NA,NA,NA
"control","TUN_SWZ",-0.328457105842997,0.990596990784479,10,NA,NA,NA
"control","TUN_VCT",0.0434573539893651,0.653677223196714,20,NA,NA,NA
"control","TUR_BWA",0.0440010716378244,1.38634835840904,20,NA,NA,NA
"control","TUR_LSO",0.0665351551957981,1.05914913630515,20,NA,NA,NA
"control","TUR_MYT",0.263447142553445,1.62022494078506,14,NA,NA,NA
"control","TUR_UMI",0.293159351504519,0.556031395491358,20,NA,NA,NA
"control","TUR_WLF",0.0190818041910464,0.795544946386541,19,NA,NA,NA
"control","TUV_NGA",-0.0620712488325641,1.61616479276517,14,NA,NA,NA
"control","TWN_ABW",0.20500126747118,1.13018993172018,19,NA,NA,NA
"control","TWN_ASM",0.452014634792063,1.25762572082517,19,NA,NA,NA
"control","TWN_CCK",-0.017985029923711,0.332201264286322,8,NA,NA,NA
"control","TWN_CYM",-0.0399708772146072,0.893939180191068,19,NA,NA,NA
"control","TWN_FSM",0.069188941718933,0.434188177399167,20,NA,NA,NA
"control","TWN_GIB",0.00982004754515261,0.576542324938274,19,NA,NA,NA
"control","TWN_GUM",0.491803572845659,1.38507232923972,18,NA,NA,NA
"control","TWN_IOT",0.379620223276109,1.19031857376464,11,NA,NA,NA
"control","TWN_LSO",-0.286795816138614,0.692430167772357,20,NA,NA,NA
"control","TWN_MHL",0.334216472705204,1.60141603626575,19,NA,NA,NA
"control","TWN_MNP",0.393134200866603,0.736467918946762,19,NA,NA,NA
"control","TWN_MYT",-0.321684521066777,2.11785414225285,14,NA,NA,NA
"control","TWN_NAM",0.0410783479213294,1.45409536148189,20,NA,NA,NA
"control","TWN_NFK",0.0490655346173225,1.35591811691204,14,NA,NA,NA
"control","TWN_PCN",0.151541513934722,0.958093523759064,9,NA,NA,NA
"control","TWN_PLW",0.0731311925071687,1.28148232344927,19,NA,NA,NA
"control","TWN_SHN",0.0271110364490849,1.15241790948443,13,NA,NA,NA
"control","TWN_SMR",0.378084554148269,1.39470269345216,17,NA,NA,NA
"control","TWN_TCA",-0.500623284458999,0.390407571973278,11,NA,NA,NA
"control","TWN_TKL",-0.206757887412069,1.37211983219294,10,NA,NA,NA
"control","TWN_UMI",-0.268501671482512,0.563458968815216,11,NA,NA,NA
"control","TWN_VAT",-0.00346882653838607,0.997771920602468,10,NA,NA,NA
"control","TWN_VGB",0.210855218852593,1.07669290462894,19,NA,NA,NA
"control","TWN_WLF",0.0923328740571878,1.07597280818812,12,NA,NA,NA
"control","TZA_AIA",-0.0411314624419718,1.27317419895429,8,NA,NA,NA
"control","TZA_BIH",0.240572767452084,0.647962554530745,20,NA,NA,NA
"control","TZA_BLR",0.20014218828373,0.802867835780305,20,NA,NA,NA
"control","TZA_EST",-0.308203071352294,1.60472482834168,20,NA,NA,NA
"control","TZA_KAZ",0.0177791604009304,1.13156823612293,19,NA,NA,NA
"control","TZA_LUX",-0.301207766249309,0.783121439947578,20,NA,NA,NA
"control","TZA_MYT",0.391034207656062,1.06241535989021,10,NA,NA,NA
"control","TZA_TKL",0.0186270959326264,1.25384166642906,13,NA,NA,NA
"control","UGA_GUY",-0.394666393682368,1.05455101901774,8,NA,NA,NA
"control","UGA_LSO",-0.053433392656867,1.66436946292449,9,NA,NA,NA
"control","UGA_MYT",0.0310076920560013,1.55147533933149,8,NA,NA,NA
"control","UKR_FJI",0.584601540238044,0.978910830158157,19,NA,NA,NA
"control","UKR_GMB",0.518274700872797,0.953643194795988,20,NA,NA,NA
"control","UKR_MYT",-0.239975352504729,1.54684533888933,11,NA,NA,NA
"control","UKR_NAM",-0.150597023856828,0.875066495261686,20,NA,NA,NA
"control","UKR_SMR",0.258580837054952,0.928384721158127,16,NA,NA,NA
"control","UKR_STP",-0.689899964016429,0.634669836978057,13,NA,NA,NA
"control","UKR_SWZ",-0.137825163554248,0.663846524319424,14,NA,NA,NA
"control","UMI_AUS",0.083929198279004,1.06161259163645,18,NA,NA,NA
"control","UMI_AUT",0.0913635568596984,2.02993580460491,20,NA,NA,NA
"control","UMI_BEL",-0.384074701340632,1.38264543898131,16,NA,NA,NA
"control","UMI_BEN",-0.370920923922589,0.950962783594746,11,NA,NA,NA
"control","UMI_BGR",0.0740801476264314,1.97556639206428,11,NA,NA,NA
"control","UMI_BRA",0.175844063180424,0.873765544520789,20,NA,NA,NA
"control","UMI_CAN",0.134318772846794,0.68898808206955,20,NA,NA,NA
"control","UMI_CHE",0.127386116434469,1.92909987036766,10,NA,NA,NA
"control","UMI_CZE",0.0024735250637205,0.55191129382225,20,NA,NA,NA
"control","UMI_DEU",-0.0149702238030806,1.21851486032549,17,NA,NA,NA
"control","UMI_FRA",-0.0478497649221974,0.880311782991518,19,NA,NA,NA
"control","UMI_GBR",-0.780105260043402,0.851552044581113,17,NA,NA,NA
"control","UMI_HKG",0.148229113794154,0.273096218895052,9,NA,NA,NA
"control","UMI_IRL",0.239433378865885,0.421893742356564,18,NA,NA,NA
"control","UMI_ITA",-0.17013672045111,0.98343128967834,15,NA,NA,NA
"control","UMI_KHM",-0.263397066566828,0.694343238131189,8,NA,NA,NA
"control","UMI_KNA",-0.14248926040539,0.62588185784847,16,NA,NA,NA
"control","UMI_KOR",-0.0512206133252128,0.79523020071103,20,NA,NA,NA
"control","UMI_LBN",-0.031610829636616,1.38766988657505,11,NA,NA,NA
"control","UMI_MEX",0.0264240944945966,1.47336428800688,8,NA,NA,NA
"control","UMI_MOZ",0.432210206357805,1.12360900678311,20,NA,NA,NA
"control","UMI_NGA",-0.182309100848037,0.866459654775926,14,NA,NA,NA
"control","UMI_NLD",-0.202896972340417,0.626933617263283,13,NA,NA,NA
"control","UMI_PHL",-0.392766073137343,0.899059870438104,17,NA,NA,NA
"control","UMI_SDN",0.560838441517102,0.660737990522732,15,NA,NA,NA
"control","UMI_SGP",0.121453619911865,0.930511118081634,11,NA,NA,NA
"control","UMI_SVK",-0.199758949841259,0.405413752154292,20,NA,NA,NA
"control","UMI_THA",0.359613650298913,0.72154560337141,19,NA,NA,NA
"control","UMI_TUR",0.234803871925721,0.886987656855827,20,NA,NA,NA
"control","UMI_TZA",-0.0842692757230469,0.304198341446013,10,NA,NA,NA
"control","UMI_ZAF",-0.144201389833984,1.30821716729517,18,NA,NA,NA
"control","UMI_ZMB",-0.240494282977624,0.664136846870383,13,NA,NA,NA
"control","URY_BEN",-0.042286679563543,1.00177700630392,20,NA,NA,NA
"control","URY_NAM",-0.155884583736075,0.896840237010752,14,NA,NA,NA
"control","URY_PSE",0.14956350135912,0.645224849352297,15,NA,NA,NA
"control","URY_VUT",0.270405375192281,0.748306056688559,12,NA,NA,NA
"control","USA_HMD",0.148775412927319,0.622469678837762,20,NA,NA,NA
"control","USA_MYT",-0.168142688683925,1.31408645766152,14,NA,NA,NA
"control","USA_PSE",-0.0499483792734424,1.03548836973451,20,NA,NA,NA
"control","USA_SMR",-0.116328574657411,1.02252330957028,20,NA,NA,NA
"control","USA_VAT",0.296698197097959,0.649056018584139,20,NA,NA,NA
"control","UZB_BGD",-0.0620059202886469,1.22840039604161,17,NA,NA,NA
"control","UZB_FRO",0.0250889095300704,1.11216462864539,9,NA,NA,NA
"control","UZB_MOZ",0.0376035711949655,0.845376954016885,12,NA,NA,NA
"control","UZB_VNM",-0.0374130810401974,1.27436287282655,20,NA,NA,NA
"control","UZB_ZAF",0.0651720849397057,1.23884123028134,20,NA,NA,NA
"control","VAT_BEL",-0.083758630410383,1.14018833366614,16,NA,NA,NA
"control","VAT_BGD",0.174958296361258,0.436688808046211,11,NA,NA,NA
"control","VAT_BRA",-0.539498936335649,0.631404427575002,10,NA,NA,NA
"control","VAT_CHE",0.241440847198193,1.0232285709322,18,NA,NA,NA
"control","VAT_COL",-0.416805949679567,1.15856636733119,13,NA,NA,NA
"control","VAT_CZE",-0.131137260068018,0.768738173966673,17,NA,NA,NA
"control","VAT_ECU",0.083649405731928,0.573384695896048,9,NA,NA,NA
"control","VAT_ESP",-0.0461857881840699,0.967739393047864,20,NA,NA,NA
"control","VAT_ETH",-0.274396873625943,0.593717884532644,15,NA,NA,NA
"control","VAT_GBR",0.0113631783614433,0.585816141961088,18,NA,NA,NA
"control","VAT_IRL",-0.0524906966171842,0.742501743445597,19,NA,NA,NA
"control","VAT_ITA",-0.0466020530877522,1.44654091062167,20,NA,NA,NA
"control","VAT_MEX",-0.31821775498661,0.930168479141307,13,NA,NA,NA
"control","VAT_NGA",-0.0834489170749238,0.834722633203737,15,NA,NA,NA
"control","VAT_SVK",-0.176700578383941,0.486810846054741,17,NA,NA,NA
"control","VAT_SVN",0.0797165030879493,1.01640002635063,16,NA,NA,NA
"control","VAT_TWN",-0.276064435551347,0.602871184245292,14,NA,NA,NA
"control","VAT_USA",-0.011269475013309,1.14613131674243,20,NA,NA,NA
"control","VAT_ZAF",-0.0247916113979807,0.964926944024674,19,NA,NA,NA
"control","VCT_LBN",0.260569352321246,1.98739756843088,10,NA,NA,NA
"control","VCT_NAM",0.194820119327528,0.863352457897135,12,NA,NA,NA
"control","VCT_NGA",0.123889718836997,0.447814499849344,13,NA,NA,NA
"control","VCT_THA",-0.104995589363294,0.407344816083374,18,NA,NA,NA
"control","VEN_KHM",0.189431504486682,0.737959814066665,8,NA,NA,NA
"control","VEN_MDA",-0.0526730288693213,1.18069265932375,18,NA,NA,NA
"control","VEN_QAT",0.485639674115108,0.511059301002638,17,NA,NA,NA
"control","VGB_AIA",-0.117258764682392,1.15779804882719,8,NA,NA,NA
"control","VGB_ARM",0.115762205686071,0.991914536130748,15,NA,NA,NA
"control","VGB_BLZ",-0.137520198008888,0.987024677722038,8,NA,NA,NA
"control","VGB_TWN",0.0243798579055089,0.964219002139539,19,NA,NA,NA
"control","VGB_ZAF",-0.191675351850009,1.06732160312129,20,NA,NA,NA
"control","VNM_AGO",0.386095659514897,0.813285972120755,20,NA,NA,NA
"control","VNM_AIA",-0.429022152001542,0.885383809549624,8,NA,NA,NA
"control","VNM_BHR",-0.140893335112036,0.647028488275665,20,NA,NA,NA
"control","VNM_BHS",-0.173117480749239,0.977994635823144,18,NA,NA,NA
"control","VNM_BIH",-0.213520501823192,0.529421858738922,20,NA,NA,NA
"control","VNM_BWA",-0.472364233961699,1.02703846051284,19,NA,NA,NA
"control","VNM_COD",0.20089178650189,1.2533816921827,18,NA,NA,NA
"control","VNM_DJI",0.0704214918792157,0.792112232910742,15,NA,NA,NA
"control","VNM_DOM",-0.0957241181643585,0.445745799981935,20,NA,NA,NA
"control","VNM_FJI",-0.0455696275459537,0.918416267066728,20,NA,NA,NA
"control","VNM_GNB",0.263886447840905,0.529260015200738,14,NA,NA,NA
"control","VNM_GUM",0.573708854586939,1.11754956175106,12,NA,NA,NA
"control","VNM_HTI",0.00866358943173418,1.27227845409462,16,NA,NA,NA
"control","VNM_KGZ",-0.315563062463788,0.575900082650974,15,NA,NA,NA
"control","VNM_LBR",-0.292954808620465,0.767014370829656,18,NA,NA,NA
"control","VNM_LSO",0.0039668830322342,1.43239493242508,14,NA,NA,NA
"control","VNM_MRT",-0.379430729768723,1.28352755081094,19,NA,NA,NA
"control","VNM_MYT",-0.124039420304536,0.884495695353241,10,NA,NA,NA
"control","VNM_NAM",-0.185239468707539,1.05872819131808,20,NA,NA,NA
"control","VNM_NRU",-0.0561529883370742,1.21255370985184,9,NA,NA,NA
"control","VNM_PLW",-0.539097671975114,0.963101862984364,17,NA,NA,NA
"control","VNM_SLE",0.187259209174068,1.00725091976725,19,NA,NA,NA
"control","VNM_SOM",-0.230258635948743,0.771451612733246,8,NA,NA,NA
"control","VNM_SUR",-0.305489301002959,0.90601340278969,20,NA,NA,NA
"control","VNM_SWZ",-0.015803369542384,1.26972482204905,17,NA,NA,NA
"control","VNM_TJK",-0.0337499754386132,1.39044797508913,13,NA,NA,NA
"control","VNM_UZB",-0.148635079473722,1.18550818988882,19,NA,NA,NA
"control","VNM_VUT",-0.0231211459919584,0.287992138450537,16,NA,NA,NA
"control","VNM_YEM",-0.179388135820806,0.734143600452728,20,NA,NA,NA
"control","VUT_IDN",-0.21063735913449,0.852007269486797,18,NA,NA,NA
"control","VUT_NGA",0.0976653443217025,0.697215506703659,11,NA,NA,NA
"control","VUT_UKR",0.680488851465654,1.44166446605803,9,NA,NA,NA
"control","VUT_VCT",0.311457783277189,0.647423618134139,9,NA,NA,NA
"control","WLF_AUS",-0.427523507786563,0.538292584639515,8,NA,NA,NA
"control","WLF_THA",-0.0765219197081394,0.955542489210088,15,NA,NA,NA
"control","WSM_AND",-0.256475056892067,0.746160693303848,11,NA,NA,NA
"control","WSM_BEL",-0.620037391666273,1.64762788419402,16,NA,NA,NA
"control","WSM_EGY",-0.0138852244474278,0.688557641758263,8,NA,NA,NA
"control","WSM_LKA",0.2320064280481,0.267000691499824,10,NA,NA,NA
"control","WSM_NGA",-0.133606810376748,0.607866966355764,11,NA,NA,NA
"control","WSM_PYF",-0.216522786187993,1.00446968531459,17,NA,NA,NA
"control","WSM_ZAF",0.0651174616647014,0.731971265945902,18,NA,NA,NA
"control","YEM_MOZ",-0.219721187152716,0.951058899664237,17,NA,NA,NA
"control","YEM_SLE",-0.00260474385720532,2.19410207015395,11,NA,NA,NA
"control","YEM_VNM",0.216365314366692,0.966454401226272,17,NA,NA,NA
"control","YEM_ZAF",-0.0286891993337802,1.16880720068975,20,NA,NA,NA
"control","ZAF_ABW",-0.0651210610252539,0.89017511548354,20,NA,NA,NA
"control","ZAF_AFG",-0.297788532390443,0.696231669915973,20,NA,NA,NA
"control","ZAF_AIA",-0.0938809071983954,0.702935722934595,16,NA,NA,NA
"control","ZAF_AND",0.118935667296301,1.51863908254487,20,NA,NA,NA
"control","ZAF_ANT",-0.273484283803319,1.97844356902617,11,NA,NA,NA
"control","ZAF_ASM",0.0356666796208143,0.878001140049122,19,NA,NA,NA
"control","ZAF_ATA",0.441472897097849,1.15996196917587,20,NA,NA,NA
"control","ZAF_BMU",-0.16117227250903,1.0423472536081,20,NA,NA,NA
"control","ZAF_BRB",0.0204842464339819,0.807891073319971,20,NA,NA,NA
"control","ZAF_CCK",0.41372918950031,0.60952292208082,11,NA,NA,NA
"control","ZAF_COK",0.0562560966496856,0.401337131551444,19,NA,NA,NA
"control","ZAF_CYM",0.153126355763603,0.644596285544957,20,NA,NA,NA
"control","ZAF_ERI",0.0474865067764911,1.17182104782418,20,NA,NA,NA
"control","ZAF_FJI",-0.102263726420846,0.893243517449243,20,NA,NA,NA
"control","ZAF_FLK",0.0625492461235105,1.67609129635989,19,NA,NA,NA
"control","ZAF_FSM",0.326425224409968,1.84486656204131,16,NA,NA,NA
"control","ZAF_GIB",-0.168872873936216,0.8591667115471,20,NA,NA,NA
"control","ZAF_GNB",-0.260463886357905,1.34238055211779,20,NA,NA,NA
"control","ZAF_GNQ",0.137601446722953,0.857619149630511,20,NA,NA,NA
"control","ZAF_GUM",0.3782178004293,1.08189059825414,19,NA,NA,NA
"control","ZAF_GUY",-0.187169140555513,1.4643535221743,20,NA,NA,NA
"control","ZAF_HMD",0.348246774039559,0.356448644644209,10,NA,NA,NA
"control","ZAF_HTI",-0.170190198335864,1.13497764566535,20,NA,NA,NA
"control","ZAF_LAO",0.111395371059303,1.34087633507587,20,NA,NA,NA
"control","ZAF_MHL",-0.365568799216735,0.820826258873984,20,NA,NA,NA
"control","ZAF_MNG",-0.436222180802799,1.02027752062299,20,NA,NA,NA
"control","ZAF_MNP",-0.040950063867888,1.20993919983228,17,NA,NA,NA
"control","ZAF_MSR",0.284867834538389,1.32280831628019,14,NA,NA,NA
"control","ZAF_MYT",-0.0774345766653774,1.5537960468921,14,NA,NA,NA
"control","ZAF_NCL",0.101062589338339,1.31872248853491,20,NA,NA,NA
"control","ZAF_NIU",0.145846086042639,1.15605007335422,10,NA,NA,NA
"control","ZAF_PCN",-0.293785482497286,1.35158723287851,9,NA,NA,NA
"control","ZAF_PLW",-0.212739020407379,0.892568564312577,13,NA,NA,NA
"control","ZAF_PYF",-0.0242503199832891,0.964030679673969,20,NA,NA,NA
"control","ZAF_SHN",-0.269884451684021,0.883158434806613,20,NA,NA,NA
"control","ZAF_SMR",0.141167587364192,1.43721273816879,16,NA,NA,NA
"control","ZAF_TCA",0.205757996366898,1.33620678235351,20,NA,NA,NA
"control","ZAF_TJK",-0.467988927032331,1.2012748357156,20,NA,NA,NA
"control","ZAF_TKM",0.00914299511917141,0.951469393756457,18,NA,NA,NA
"control","ZAF_TON",0.0602131481557695,0.418634032623233,20,NA,NA,NA
"control","ZAF_UZB",-0.132648785765605,1.67371334010655,20,NA,NA,NA
"control","ZAF_VGB",-0.68855415706154,0.986605040024585,20,NA,NA,NA
"control","ZAF_WLF",-0.156945499580979,1.09648302104085,11,NA,NA,NA
"control","ZMB_AZE",0.142425317324584,1.42781158092121,10,NA,NA,NA
"control","ZMB_BHR",-0.064968040053334,1.54860904066889,12,NA,NA,NA
"control","ZMB_MRT",0.535584996350513,1.73486917108559,15,NA,NA,NA
"control","ZMB_NPL",0.492666323087164,1.22237663443036,9,NA,NA,NA
"control","ZMB_QAT",0.2121685796589,1.61661871871406,10,NA,NA,NA
"control","ZWE_ANT",-0.00960544611553087,0.993324914036738,9,NA,NA,NA
"control","ZWE_KHM",-0.278914875673048,1.89574296660617,13,NA,NA,NA
"control","ZWE_LUX",-0.0725636968475449,2.28726450783805,11,NA,NA,NA
"control","ZWE_NCL",-0.464213651823502,1.74775929050578,13,NA,NA,NA
"control","ZWE_PYF",0.205986593695318,1.06284388482397,13,NA,NA,NA
"control","ZWE_QAT",0.0195413396303461,1.25201921722575,16,NA,NA,NA
"control","ABW_CAN",-0.145387428550272,0.646511307489216,19,NA,NA,NA
"control","ABW_RWA",0.347737118191916,0.744030039081189,11,NA,NA,NA
"control","AFG_GEO",-0.347064253290176,0.715865557340401,15,NA,NA,NA
"control","AFG_ISR",0.211054362533612,0.822781447374099,17,NA,NA,NA
"control","AFG_KHM",0.389013517774717,1.32207477118022,8,NA,NA,NA
"control","AFG_MOZ",-0.399291561047692,1.06432580353522,19,NA,NA,NA
"control","AGO_BEN",0.444431477522585,0.723596179291814,16,NA,NA,NA
"control","AGO_HRV",0.145459904943039,0.623285713597277,14,NA,NA,NA
"control","AGO_LUX",-0.336936036588728,0.84820935522044,12,NA,NA,NA
"control","AGO_OMN",-0.533555647247384,1.30673803191804,8,NA,NA,NA
"control","AIA_BRA",0.206752119756583,0.707349281334598,17,NA,NA,NA
"control","AIA_IND",0.247436709948206,0.999501750414969,9,NA,NA,NA
"control","AIA_KGZ",-0.475558297141243,0.6910480424743,11,NA,NA,NA
"control","AIA_MSR",-0.106742883597496,0.444154243401049,13,NA,NA,NA
"control","ALB_BDI",0.0793140923507355,0.54946953865786,12,NA,NA,NA
"control","ALB_BRB",-0.188593830372177,0.988355084442596,19,NA,NA,NA
"control","ALB_DOM",0.0573294086795368,0.598704487229519,19,NA,NA,NA
"control","ALB_KAZ",0.135378446330869,0.864342674881167,17,NA,NA,NA
"control","ALB_KEN",-0.281094632974056,1.5200136218712,16,NA,NA,NA
"control","ALB_SYR",-0.244578211266054,1.1130081843956,12,NA,NA,NA
"control","AND_FRO",-0.21919892666457,2.2700188888403,9,NA,NA,NA
"control","AND_GIN",0.132465641397961,0.974677376425174,10,NA,NA,NA
"control","AND_JOR",0.089159390288051,1.6438566067973,13,NA,NA,NA
"control","AND_KWT",0.569370483457125,0.684048237219889,12,NA,NA,NA
"control","AND_MRT",-0.0172054571131493,0.700922563513473,19,NA,NA,NA
"control","AND_NAM",-0.116173538407134,0.874424330315315,18,NA,NA,NA
"control","AND_RWA",-0.164683190633448,0.880305504296498,17,NA,NA,NA
"control","AND_WSM",0.435282397885067,0.40968694608812,8,NA,NA,NA
"control","ANT_NAM",0.181362345491096,0.598621316534727,8,NA,NA,NA
"control","ARM_AND",-0.167298271663282,0.717356513541841,12,NA,NA,NA
"control","ARM_LKA",-0.203226742527756,0.919767899964512,14,NA,NA,NA
"control","ARM_MLI",-0.159169495685047,1.00935184593981,10,NA,NA,NA
"control","ARM_NAM",-0.661291656087004,0.5140594541422,12,NA,NA,NA
"control","ARM_PHL",-0.0321758607694353,0.706069799617376,14,NA,NA,NA
"control","ASM_BRA",0.409859110045672,1.05430095239145,17,NA,NA,NA
"control","ASM_COL",-0.0489187867148357,0.913394398596407,12,NA,NA,NA
"control","ASM_DEU",-0.188820054904068,2.00701026973242,17,NA,NA,NA
"control","ASM_ESP",0.015715950082088,0.875598534671505,19,NA,NA,NA
"control","ASM_EST",-0.0904448457016452,1.15372860343484,10,NA,NA,NA
"control","ASM_FRA",0.343648460624396,1.15347331745014,19,NA,NA,NA
"control","ASM_IRL",0.139741098962338,1.07475223146513,19,NA,NA,NA
"control","ASM_LKA",-0.145415350827797,1.32053148492239,14,NA,NA,NA
"control","ASM_NLD",0.458673187784132,0.644082169687662,11,NA,NA,NA
"control","ASM_PER",-0.447557229458828,1.2841258552965,16,NA,NA,NA
"control","ASM_PRT",-0.392944477790207,0.68576970465825,8,NA,NA,NA
"control","ASM_RUS",0.188545768684409,0.677518054763686,16,NA,NA,NA
"control","ASM_RWA",0.304259655195625,0.807306235019129,16,NA,NA,NA
"control","ASM_ZWE",0.220123391705339,0.558286723190411,8,NA,NA,NA
"control","ATA_CHE",0.294242426980846,1.14703569142773,8,NA,NA,NA
"control","ATA_CRI",-0.252591134072247,0.797613411512155,14,NA,NA,NA
"control","ATA_HRV",0.511619659048529,1.22914908090023,8,NA,NA,NA
"control","ATA_NGA",-0.40067375937289,0.531540169032515,13,NA,NA,NA
"control","ATA_TUR",-0.384760022426746,1.66186604147943,12,NA,NA,NA
"control","ATF_CRI",-0.504080361330122,0.429540267565399,10,NA,NA,NA
"control","ATF_PHL",0.19659169926098,1.13606470607207,9,NA,NA,NA
"control","ATG_HND",-0.0272013701900073,0.666669951985242,15,NA,NA,NA
"control","ATG_NAM",-0.281894401020943,1.85925799990876,8,NA,NA,NA
"control","ATG_PER",0.359621702073072,0.371492702256958,15,NA,NA,NA
"control","ATG_TUN",0.139062280564659,1.2261054760557,18,NA,NA,NA
"control","AUT_GUM",-0.202733510110229,0.966816708393763,18,NA,NA,NA
"control","AZE_BIH",0.125133829882374,1.49940819367089,19,NA,NA,NA
"control","AZE_CMR",-0.156112392464559,0.657981323678417,17,NA,NA,NA
"control","AZE_TTO",-0.335810125066277,1.16874179724099,16,NA,NA,NA
"control","BDI_LUX",0.0813582096312026,0.678518208334692,11,NA,NA,NA
"control","BDI_MRT",-0.0121864244583617,1.24456661090798,9,NA,NA,NA
"control","BDI_SEN",-0.187886475555402,0.865442369907273,15,NA,NA,NA
"control","BEL_CXR",-0.189382473009924,0.52724038416934,10,NA,NA,NA
"control","BEL_GUM",-0.013492889760212,1.16046632682787,19,NA,NA,NA
"control","BEN_CRI",0.0382608396210326,2.0678770442839,14,NA,NA,NA
"control","BEN_GNQ",-0.137627531933322,0.884585748330238,18,NA,NA,NA
"control","BEN_KAZ",-0.0188651052210179,1.05943111837391,13,NA,NA,NA
"control","BFA_BGR",0.390507061344364,0.83799061556086,14,NA,NA,NA
"control","BFA_DOM",0.161184815950652,0.735477451472141,14,NA,NA,NA
"control","BFA_MYT",-0.587900416911639,0.423146635843206,8,NA,NA,NA
"control","BGD_LSO",0.228795484797841,0.666197551417739,12,NA,NA,NA
"control","BGR_TCD",0.0211399296545476,0.681560558142633,17,NA,NA,NA
"control","BGR_TON",-0.170472306306013,0.61351156832885,8,NA,NA,NA
"control","BGR_VUT",0.336102424756996,0.726322303107444,12,NA,NA,NA
"control","BHR_AFG",0.0625881706031788,1.11780967112444,18,NA,NA,NA
"control","BHR_GMB",-0.387628299601935,0.329939516201329,8,NA,NA,NA
"control","BHR_JAM",-0.262741404041203,1.64757552884356,8,NA,NA,NA
"control","BHR_KNA",0.207069286803021,1.02244343824512,9,NA,NA,NA
"control","BHR_LCA",-0.0245784342841618,1.39919117751752,11,NA,NA,NA
"control","BHR_NCL",0.347884570317847,0.612481280477038,8,NA,NA,NA
"control","BHR_PAN",0.0458788469378034,0.823793578536553,10,NA,NA,NA
"control","BHR_PRK",-0.0111147989513089,1.53329820539417,11,NA,NA,NA
"control","BHR_RWA",0.388482132302141,1.14224281424982,19,NA,NA,NA
"control","BHS_KAZ",-0.00680398948839641,0.948335453469765,19,NA,NA,NA
"control","BHS_VNM",0.160548156901307,0.813654107224225,13,NA,NA,NA
"control","BIH_AZE",0.463501361148735,0.469173593902549,18,NA,NA,NA
"control","BIH_KAZ",0.350000784896681,0.802014090386521,19,NA,NA,NA
"control","BIH_MAC",0.203835549688618,1.48379523392584,17,NA,NA,NA
"control","BIH_MOZ",0.00930245586288667,1.05681381230583,14,NA,NA,NA
"control","BIH_NCL",-0.0673235948602506,0.565374819585296,18,NA,NA,NA
"control","BIH_VNM",0.219973155510334,0.842500518369357,17,NA,NA,NA
"control","BIH_ZWE",-0.321048204194651,0.814567507171578,17,NA,NA,NA
"control","BLR_DJI",-0.187624824189211,0.584878285793966,11,NA,NA,NA
"control","BLR_GIB",-0.0406326673737658,1.05944795325806,17,NA,NA,NA
"control","BLR_MDG",0.220895370666198,1.03739260851548,17,NA,NA,NA
"control","BLR_MMR",-0.0704628437632111,0.881686547168755,18,NA,NA,NA
"control","BLR_NCL",-0.0743495103281513,0.519127315400057,17,NA,NA,NA
"control","BLR_NPL",0.1920711306034,1.34355456164959,19,NA,NA,NA
"control","BLR_PRY",-0.0899059539779366,0.975588117202042,16,NA,NA,NA
"control","BLR_RWA",0.272021515123425,2.56980458765668,10,NA,NA,NA
"control","BLR_TCD",-0.532904866928493,0.727044139976135,13,NA,NA,NA
"control","BLZ_EGY",0.141919637475971,1.39795292411336,11,NA,NA,NA
"control","BLZ_KEN",0.017588887167136,1.50683963920774,13,NA,NA,NA
"control","BLZ_MDA",-0.10090382929388,0.704708580788572,15,NA,NA,NA
"control","BLZ_MOZ",0.39426293600562,1.95947295133048,13,NA,NA,NA
"control","BMU_DOM",-0.192151192687255,1.03367246051152,19,NA,NA,NA
"control","BMU_MKD",-0.505317741106613,1.35353469901927,8,NA,NA,NA
"control","BMU_MUS",-0.170132157104238,1.09302850141899,15,NA,NA,NA
"control","BMU_TZA",0.0159716415375425,1.02702500334912,17,NA,NA,NA
"control","BOL_AND",0.197421948542405,0.857167829328763,14,NA,NA,NA
"control","BOL_BLR",-0.0669990558723714,1.01353096598496,19,NA,NA,NA
"control","BOL_KEN",0.209590582187281,0.412828346388929,10,NA,NA,NA
"control","BOL_SWZ",-0.338625788542751,2.13692869144454,8,NA,NA,NA
"control","BRA_NIU",-0.217603094754742,1.16470027041856,11,NA,NA,NA
"control","BRB_ARM",-0.264444819712009,1.10364459072439,11,NA,NA,NA
"control","BRB_BLR",0.323793696070707,0.885968978589142,19,NA,NA,NA
"control","BRB_MAC",0.495222284400024,0.85199191367162,10,NA,NA,NA
"control","BRB_NCL",0.586880831547036,0.539063662146184,15,NA,NA,NA
"control","BRN_AND",0.232361806996828,0.751053118152969,13,NA,NA,NA
"control","BRN_ARG",-0.291536446279045,0.814504571756142,13,NA,NA,NA
"control","BRN_DOM",0.391558198607987,1.66579987768819,17,NA,NA,NA
"control","BRN_DZA",-0.330629374943286,0.800133648080416,17,NA,NA,NA
"control","BRN_GHA",-0.0293391557488105,0.852441705534669,16,NA,NA,NA
"control","BRN_KAZ",-0.226115820242891,1.35467039795614,10,NA,NA,NA
"control","BRN_KWT",0.0322826110309735,1.402167012008,16,NA,NA,NA
"control","BRN_LUX",0.27781942222786,1.2867105800532,18,NA,NA,NA
"control","BRN_MWI",0.206265322159583,1.24898557860612,9,NA,NA,NA
"control","BRN_PRK",-0.416908733010671,0.336700029358638,12,NA,NA,NA
"control","BRN_PYF",-0.0864733774997924,0.685294563921337,11,NA,NA,NA
"control","BTN_BHR",0.465077111676593,1.25962171302476,13,NA,NA,NA
"control","BTN_DOM",0.412180354854813,0.844480541037503,12,NA,NA,NA
"control","BTN_HND",0.18950870225497,0.55410449764063,8,NA,NA,NA
"control","BTN_PRT",0.0163411275822495,1.11080064637185,11,NA,NA,NA
"control","BVT_ESP",-0.283459510515404,0.976299721355614,12,NA,NA,NA
"control","BVT_ZAF",-0.369338010534433,0.435371261764954,16,NA,NA,NA
"control","BWA_DOM",0.19928118519001,0.989870075254141,15,NA,NA,NA
"control","BWA_GEO",0.183793561599457,1.27851979514082,9,NA,NA,NA
"control","BWA_HRV",0.430157679932839,0.607587472918576,14,NA,NA,NA
"control","BWA_IRN",0.322036556752873,1.20835083118747,15,NA,NA,NA
"control","BWA_KAZ",-0.273935371916855,0.542801167291327,9,NA,NA,NA
"control","BWA_LUX",0.0473792628787518,1.32591130788707,9,NA,NA,NA
"control","BWA_OMN",0.029183093888428,0.875059992352012,11,NA,NA,NA
"control","BWA_SLV",-0.124397285617157,1.10856362222161,8,NA,NA,NA
"control","BWA_SVK",-0.258600153438041,0.720647036793887,14,NA,NA,NA
"control","BWA_TUN",-0.0930178558771682,1.34936535674027,19,NA,NA,NA
"control","CAF_LTU",-0.0349980373037812,1.037584543839,8,NA,NA,NA
"control","CAF_MDA",0.560580942980565,0.964613269446653,12,NA,NA,NA
"control","CAF_VNM",0.208581048207754,1.02986336546076,16,NA,NA,NA
"control","CAN_ABW",-0.0172434060563053,0.899330839216156,19,NA,NA,NA
"control","CAN_CXR",-0.16578102029816,0.817968069008626,19,NA,NA,NA
"control","CAN_ERI",-0.208583172110631,1.22022952561775,19,NA,NA,NA
"control","CCK_GBR",0.0105226080940681,1.86931143859693,18,NA,NA,NA
"control","CCK_MDG",0.19440812072131,0.905541246868264,13,NA,NA,NA
"control","CCK_NIC",0.258699589374785,1.10793274538653,9,NA,NA,NA
"control","CCK_NZL",-0.124011560640869,0.702806366629957,15,NA,NA,NA
"control","CHE_ATF",-0.218509224116796,0.86126747098197,17,NA,NA,NA
"control","CHE_NIU",0.0874509629472661,0.755687582752188,12,NA,NA,NA
"control","CHE_SGS",0.299248889925329,1.3701390901238,16,NA,NA,NA
"control","CHL_BIH",-0.114029473543765,1.14979042763566,19,NA,NA,NA
"control","CMR_BHR",-0.655621732960395,0.843038115407363,13,NA,NA,NA
"control","CMR_BLZ",0.58122981131131,0.604098443526941,8,NA,NA,NA
"control","CMR_KAZ",-0.102181260046642,0.703605359172926,12,NA,NA,NA
"control","COD_BRN",0.321518053020307,0.969443416223323,8,NA,NA,NA
"control","COD_PYF",-0.304403303765264,0.844598601239199,13,NA,NA,NA
"control","COD_QAT",-0.00255300308650114,0.690287555063843,11,NA,NA,NA
"control","COD_URY",0.550889718411958,1.48686322060101,11,NA,NA,NA
"control","COD_VNM",0.591725435969597,0.975229106141644,8,NA,NA,NA
"control","COG_BRB",0.429664516922536,0.963869754900706,11,NA,NA,NA
"control","COG_DOM",0.100520831808999,0.653581924922475,11,NA,NA,NA
"control","COG_FRO",0.00615377206580935,0.817302093837636,8,NA,NA,NA
"control","COG_LUX",0.0833436125551847,1.01490015434496,16,NA,NA,NA
"control","COG_OMN",-0.426052847501903,1.52152416357251,15,NA,NA,NA
"control","COG_SYC",0.34474526668585,1.1267515516302,15,NA,NA,NA
"control","COG_UKR",-0.0730560381088168,0.54374736285394,18,NA,NA,NA
"control","COK_DOM",0.199242822878666,1.60372263836134,11,NA,NA,NA
"control","COK_HRV",0.15538197319027,1.58558731513182,11,NA,NA,NA
"control","COL_GUM",0.0630588412682859,0.822006013986208,12,NA,NA,NA
"control","COM_LBN",-0.2323282886062,0.458404482632244,13,NA,NA,NA
"control","CPV_DOM",0.101647670832416,0.679721943614966,19,NA,NA,NA
"control","CPV_HND",-0.561630784173371,0.798563253044778,14,NA,NA,NA
"control","CPV_LUX",-0.239531930646297,1.19684262535031,16,NA,NA,NA
"control","CPV_MKD",-0.30382840559263,0.852865590825275,8,NA,NA,NA
"control","CPV_NZL",0.244847855029034,0.697162417362084,15,NA,NA,NA
"control","CPV_TWN",0.347732684951539,1.28651553367469,18,NA,NA,NA
"control","CRI_LUX",-0.236619231719918,0.466335979467174,11,NA,NA,NA
"control","CRI_MYT",-0.0928482349417267,0.942275723908505,9,NA,NA,NA
"control","CUB_BRN",-0.0209357743814856,0.995999966100548,13,NA,NA,NA
"control","CXR_CAN",-0.427104601553887,1.00247082270937,19,NA,NA,NA
"control","CXR_FRA",-0.0333320555445158,1.48539481908819,17,NA,NA,NA
"control","CXR_GBR",0.170420496742694,0.643883631593818,17,NA,NA,NA
"control","CYM_SUR",0.496063506334122,0.533247797741525,8,NA,NA,NA
"control","CYM_VEN",0.0500413349899266,0.450078040541705,8,NA,NA,NA
"control","CZE_ASM",0.274439291278922,1.29275214719896,8,NA,NA,NA
"control","DEU_ASM",0.0210520599818788,0.467436848053789,19,NA,NA,NA
"control","DEU_BVT",0.616260055188053,0.744469198901965,13,NA,NA,NA
"control","DEU_CXR",0.236234733081459,0.995273225311085,12,NA,NA,NA
"control","DEU_GUM",0.367863985597987,0.689207573635935,19,NA,NA,NA
"control","DEU_NFK",-0.300826968454514,1.27891294086002,19,NA,NA,NA
"control","DEU_NIU",-0.0154328427844224,0.698650837735434,11,NA,NA,NA
"control","DEU_TKL",0.0645068886322771,1.63109670878686,19,NA,NA,NA
"control","DJI_MRT",-0.643697417659036,0.763418770380164,8,NA,NA,NA
"control","DJI_ZAF",-0.396573741828972,0.918065894298313,19,NA,NA,NA
"control","DMA_ARM",-0.0541072084957571,0.601900273134541,13,NA,NA,NA
"control","DMA_MDA",-0.0624885471560149,0.863375655261378,18,NA,NA,NA
"control","DNK_ASM",-0.190152921484461,0.919941917641556,19,NA,NA,NA
"control","DNK_BVT",-0.183246370456674,0.510987660931576,10,NA,NA,NA
"control","DNK_GUM",0.085055119056123,0.748813686213965,19,NA,NA,NA
"control","DNK_TKL",0.1129576109501,1.02268649696237,17,NA,NA,NA
"control","DNK_VAT",-0.171053990800748,0.902794078749853,8,NA,NA,NA
"control","DOM_ARM",0.00163584808121923,0.714305916847837,19,NA,NA,NA
"control","DOM_COG",0.213887592125223,0.700709623183981,8,NA,NA,NA
"control","DOM_KEN",0.195581559495787,0.701531405347517,14,NA,NA,NA
"control","DOM_NAM",0.184616582180996,1.65580397619504,17,NA,NA,NA
"control","DOM_NCL",-0.191487654171997,0.56456102526948,15,NA,NA,NA
"control","DZA_BWA",-0.404139050290003,0.39097173942585,11,NA,NA,NA
"control","DZA_CPV",0.0363660957052549,0.562611949019569,18,NA,NA,NA
"control","DZA_GTM",0.171547293739766,0.616547822789451,16,NA,NA,NA
"control","EGY_BWA",0.249373998921276,0.812693380310017,19,NA,NA,NA
"control","EGY_PNG",-0.00733749368786773,0.445389411997179,11,NA,NA,NA
"control","ERI_CAN",-0.0117470483441454,1.01446441583819,19,NA,NA,NA
"control","ERI_DZA",-0.349751668671899,0.539028792219019,10,NA,NA,NA
"control","ERI_HRV",-0.204874964766053,1.93773635868034,9,NA,NA,NA
"control","ERI_MOZ",0.279028124506109,0.631316641761622,13,NA,NA,NA
"control","ERI_RUS",0.39298816039524,1.16779725197317,18,NA,NA,NA
"control","ESH_DOM",0.0642839049527794,0.701624636703925,15,NA,NA,NA
"control","ESP_ASM",-0.0575861325201843,0.903847958402766,19,NA,NA,NA
"control","ESP_GUM",0.0376402892554071,0.853842988586822,19,NA,NA,NA
"control","EST_MWI",0.205907852646801,0.985243025745035,13,NA,NA,NA
"control","ETH_BRB",0.0212908000293049,0.800260934417126,8,NA,NA,NA
"control","ETH_CRI",0.174545736999715,0.738097360754697,14,NA,NA,NA
"control","ETH_CUB",0.592177948457746,0.78959012880619,9,NA,NA,NA
"control","ETH_DOM",-0.447608725319396,0.890835330468245,18,NA,NA,NA
"control","ETH_MAC",0.0131254189224742,1.43186598143583,15,NA,NA,NA
"control","ETH_PAN",0.103707130487877,0.848870351270379,11,NA,NA,NA
"control","FIN_ASM",0.511496578148705,1.03198558489018,10,NA,NA,NA
"control","FIN_GUM",0.0210018228858494,0.689822133378737,19,NA,NA,NA
"control","FIN_UMI",-0.10078482758611,0.644316897399766,10,NA,NA,NA
"control","FJI_EGY",-0.822095397430906,1.38703271781583,8,NA,NA,NA
"control","FJI_KAZ",-0.0340132398093382,1.54042238851839,10,NA,NA,NA
"control","FJI_NAM",0.172532499229765,1.48075597772788,17,NA,NA,NA
"control","FJI_QAT",0.0384059073150357,1.00643643152055,12,NA,NA,NA
"control","FJI_SYC",0.0129413061251932,1.21241094040356,9,NA,NA,NA
"control","FLK_MEX",0.139492223835933,0.275152677822806,11,NA,NA,NA
"control","FLK_RUS",-0.17965604503359,1.20581007037496,16,NA,NA,NA
"control","FRA_ASM",-0.172179374740826,0.975000845816089,19,NA,NA,NA
"control","FRA_CXR",-0.211425275116554,0.719862981409407,10,NA,NA,NA
"control","FRA_GUM",0.103876423087227,0.586143109372569,19,NA,NA,NA
"control","FRA_NFK",-0.2195549364534,1.233251233904,14,NA,NA,NA
"control","FRA_TKL",-0.31920620452908,1.07784344023836,19,NA,NA,NA
"control","FRO_KAZ",0.129908680273788,1.7619555984292,13,NA,NA,NA
"control","FRO_VNM",0.311852219657033,0.80681983946918,9,NA,NA,NA
"control","FSM_COL",0.113758935816154,0.869911504729667,11,NA,NA,NA
"control","FSM_CZE",0.518421412279915,1.4373183109481,11,NA,NA,NA
"control","FSM_DNK",-0.296002747174848,1.08372544352885,9,NA,NA,NA
"control","FSM_GTM",-0.616306372666529,1.59582939304314,8,NA,NA,NA
"control","GAB_BHR",0.438272419993562,0.843174744778184,13,NA,NA,NA
"control","GAB_BIH",0.205342060912537,1.03097533321543,15,NA,NA,NA
"control","GAB_HND",0.233634433217577,1.04525081223926,10,NA,NA,NA
"control","GAB_KAZ",0.211033379372197,1.09566181797962,10,NA,NA,NA
"control","GAB_KNA",0.393794622652817,0.294138161716836,8,NA,NA,NA
"control","GBR_BVT",-0.378434593054195,1.28940581349577,18,NA,NA,NA
"control","GBR_CCK",0.0937966190609994,0.715287778146923,19,NA,NA,NA
"control","GBR_CXR",0.125844865585422,0.968896994727251,15,NA,NA,NA
"control","GBR_GUM",-0.093383524565531,0.621180510690814,19,NA,NA,NA
"control","GBR_HMD",0.215089885853367,0.678167014675721,15,NA,NA,NA
"control","GBR_NFK",-0.0201938218523805,1.15499007898053,17,NA,NA,NA
"control","GBR_TKL",-0.183373528469616,1.3198457201475,10,NA,NA,NA
"control","GEO_BHR",0.182617397413614,2.00094659634736,12,NA,NA,NA
"control","GEO_GHA",0.0625523995277503,1.00425841474868,17,NA,NA,NA
"control","GEO_GIB",-0.193155613866713,1.43814688423404,15,NA,NA,NA
"control","GEO_GMB",-0.10796911740604,1.0296760703607,10,NA,NA,NA
"control","GEO_GTM",-0.249995592815684,1.14097938590147,18,NA,NA,NA
"control","GEO_LBY",-0.498292055607816,1.96338992188968,14,NA,NA,NA
"control","GEO_MAC",0.459871315337243,0.623121323728475,9,NA,NA,NA
"control","GEO_MYT",0.17257205500502,0.426748672847214,8,NA,NA,NA
"control","GEO_NER",0.243840501126624,0.501815289847176,14,NA,NA,NA
"control","GEO_PHL",0.0163111820817731,1.23523629581909,17,NA,NA,NA
"control","GIB_CPV",0.394174480041289,0.444717003382214,8,NA,NA,NA
"control","GIB_SEN",-0.0644552391938114,0.763851590687293,10,NA,NA,NA
"control","GIN_BDI",0.417921433589148,1.3371751223325,12,NA,NA,NA
"control","GIN_GNQ",0.393518564435747,0.402920582146787,8,NA,NA,NA
"control","GIN_KAZ",-0.248353415399913,0.747153480320081,11,NA,NA,NA
"control","GIN_MWI",0.104030169381725,1.25937523070102,17,NA,NA,NA
"control","GMB_DOM",-0.36467111411083,1.12792191225763,16,NA,NA,NA
"control","GMB_EST",0.189584096143441,1.74014023354727,8,NA,NA,NA
"control","GMB_NAM",0.180405515082833,0.527996483133351,8,NA,NA,NA
"control","GNQ_MUS",-0.228717195704765,1.34525536797232,8,NA,NA,NA
"control","GNQ_SGP",-0.203486585254702,0.821444190401703,11,NA,NA,NA
"control","GNQ_SVK",0.262863275881184,0.961287742652694,11,NA,NA,NA
"control","GRD_BHR",0.301565073477535,1.51073951218754,8,NA,NA,NA
"control","GRD_ECU",0.272578446833448,0.882323448654204,9,NA,NA,NA
"control","GRD_VNM",-0.0315825694330104,1.30272954402543,9,NA,NA,NA
"control","GRL_IND",-0.234637377847509,0.793108028449306,16,NA,NA,NA
"control","GRL_KAZ",0.416619025566166,0.904606578608038,12,NA,NA,NA
"control","GTM_AZE",-0.14502452883899,1.18878935577434,11,NA,NA,NA
"control","GTM_KAZ",0.0987289099417954,0.672155772140198,19,NA,NA,NA
"control","GTM_KGZ",-0.109943965953253,1.24407368731896,14,NA,NA,NA
"control","GTM_KHM",0.114891032280469,1.10087019385619,14,NA,NA,NA
"control","GTM_MOZ",0.159094329671345,0.741372356540112,13,NA,NA,NA
"control","GTM_NER",0.2077759739182,1.27929490106386,16,NA,NA,NA
"control","GTM_VNM",0.00275050634097234,1.07884315589044,19,NA,NA,NA
"control","GUM_AUT",0.0843595586426669,0.504667545819101,17,NA,NA,NA
"control","GUM_DEU",-0.318423204768282,0.804198342636137,17,NA,NA,NA
"control","GUM_DNK",0.197476148027213,0.73054433684588,14,NA,NA,NA
"control","GUM_FRA",0.240208695600614,0.754296671687352,19,NA,NA,NA
"control","GUM_GBR",-0.0902377909454352,0.736500323272066,19,NA,NA,NA
"control","GUM_MEX",-0.0395543176222265,0.294218821675763,11,NA,NA,NA
"control","GUM_NGA",0.212558533404014,1.03273927712786,14,NA,NA,NA
"control","GUM_SVN",0.106496879179717,0.740098418723336,15,NA,NA,NA
"control","GUY_KEN",0.131987563061223,0.697749924341471,11,NA,NA,NA
"control","GUY_NCL",0.140286301046028,0.903271505448148,16,NA,NA,NA
"control","GUY_UGA",0.0572634634360521,0.724392710295985,10,NA,NA,NA
"control","HMD_CAN",0.0473055145223058,0.834164178346035,19,NA,NA,NA
"control","HMD_FRA",0.330089952206832,0.745161952813705,9,NA,NA,NA
"control","HMD_SVN",-0.414062725886315,0.705231505091937,13,NA,NA,NA
"control","HND_AZE",0.096052504264894,1.05428442490521,11,NA,NA,NA
"control","HND_NCL",0.174060638584467,0.812935027225396,15,NA,NA,NA
"control","HND_SEN",0.107504990799806,1.38772891742779,18,NA,NA,NA
"control","HRV_MHL",0.111715101380133,1.72506858412338,19,NA,NA,NA
"control","HRV_NAM",0.544923163563538,0.899926732460252,13,NA,NA,NA
"control","HTI_KEN",-0.255301469879835,1.33745225623637,11,NA,NA,NA
"control","HTI_LTU",0.0184755994877625,1.12551669212211,15,NA,NA,NA
"control","HTI_MDG",-0.279786329293317,0.843978049216058,9,NA,NA,NA
"control","HTI_NGA",0.461612927582445,0.51874329266532,10,NA,NA,NA
"control","HTI_UKR",0.211920194698255,1.27375984515877,19,NA,NA,NA
"control","HTI_VNM",0.581790176636989,0.91947830962447,16,NA,NA,NA
"control","IOT_DOM",-0.10490419929919,1.37111460564274,13,NA,NA,NA
"control","IOT_FRO",0.0644648189192892,1.62559301805523,8,NA,NA,NA
"control","IOT_HRV",-1.0843570314608,1.06861182275139,9,NA,NA,NA
"control","IOT_MOZ",-0.403212369492773,0.855292689771495,11,NA,NA,NA
"control","IOT_TWN",-0.120439099051496,0.623989623630725,9,NA,NA,NA
"control","IRN_ISR",-0.379521417239334,1.41750716845797,11,NA,NA,NA
"control","IRN_SUR",0.204081704591876,0.263509516875555,11,NA,NA,NA
"control","IRQ_ARM",-0.0411485280978473,1.45131106173551,15,NA,NA,NA
"control","IRQ_DOM",0.144010382536946,0.718977329491545,16,NA,NA,NA
"control","IRQ_KAZ",-0.121161841502918,0.369526122363461,11,NA,NA,NA
"control","IRQ_LUX",0.298466039650091,0.646137346266165,10,NA,NA,NA
"control","IRQ_NCL",0.0600558895472307,0.371076115005909,11,NA,NA,NA
"control","ISR_BHR",-0.170531444651139,1.7128240870629,15,NA,NA,NA
"control","ISR_LBN",-0.519955307665125,1.31920301378207,11,NA,NA,NA
"control","ISR_MOZ",0.0714528248221975,0.889846384016366,19,NA,NA,NA
"control","ISR_STP",-0.124554616956323,0.600839936718347,11,NA,NA,NA
"control","ITA_NFK",-0.17426217382436,0.947591248244982,15,NA,NA,NA
"control","JOR_KHM",0.0119176554251041,0.817070977026393,19,NA,NA,NA
"control","JOR_LSO",0.633347900844782,0.501043986634286,11,NA,NA,NA
"control","JOR_MNG",-0.374949807085269,0.91148108868367,13,NA,NA,NA
"control","KAZ_AGO",-0.101725834115273,0.998222880351836,19,NA,NA,NA
"control","KAZ_BHR",0.491297733015148,0.845150486022487,17,NA,NA,NA
"control","KAZ_COG",-0.385878454875918,1.21667080732031,17,NA,NA,NA
"control","KAZ_MLT",-0.315570331107559,0.973543875232256,15,NA,NA,NA
"control","KEN_BLR",0.0621546882011502,0.822771829153454,19,NA,NA,NA
"control","KEN_DOM",-0.0208307462710359,1.30542575462899,19,NA,NA,NA
"control","KEN_NIC",-0.156205324502313,0.947351788778898,19,NA,NA,NA
"control","KEN_PAN",0.114662617460919,0.645853598158936,16,NA,NA,NA
"control","KEN_PNG",-0.29509499591088,1.57367255415248,14,NA,NA,NA
"control","KEN_SMR",-0.129509277797518,0.624105761683358,12,NA,NA,NA
"control","KGZ_ALB",0.371047334062542,1.24263141404337,16,NA,NA,NA
"control","KGZ_HND",0.166057518958448,0.540449446702206,8,NA,NA,NA
"control","KGZ_IRQ",0.00191935974027377,0.868212773369323,19,NA,NA,NA
"control","KGZ_TUN",0.116953154157853,0.470695454411512,18,NA,NA,NA
"control","KHM_BOL",-0.00541013969765245,0.517703354547371,18,NA,NA,NA
"control","KHM_BRB",0.102101902137514,1.52358510470008,19,NA,NA,NA
"control","KHM_DOM",-0.0550908445875622,1.16234944508941,17,NA,NA,NA
"control","KHM_FJI",-0.0637712853267273,0.617612023242132,14,NA,NA,NA
"control","KHM_GEO",-0.388698798791245,1.39224353062176,17,NA,NA,NA
"control","KHM_HND",0.279564214735807,0.907697148750736,17,NA,NA,NA
"control","KHM_KAZ",-0.133155418461114,0.736525233880296,19,NA,NA,NA
"control","KHM_KEN",0.331505245891452,1.08938097946009,17,NA,NA,NA
"control","KHM_KGZ",-0.358633038150203,0.782335235583153,15,NA,NA,NA
"control","KHM_KNA",0.513776824681688,0.813476914116773,12,NA,NA,NA
"control","KHM_LSO",-0.173595989937349,0.807096610046215,11,NA,NA,NA
"control","KHM_MDV",-0.0274360785365345,1.17363052989678,13,NA,NA,NA
"control","KHM_MOZ",-0.330462066667425,1.36491465423213,18,NA,NA,NA
"control","KHM_PRY",-0.022563402439109,1.46495640124351,17,NA,NA,NA
"control","KHM_SYC",-0.456832835178597,1.23636751300971,13,NA,NA,NA
"control","KHM_WSM",0.608042629490339,0.494943385292823,8,NA,NA,NA
"control","KIR_BEL",0.349110616783579,0.826726247726479,11,NA,NA,NA
"control","KIR_RUS",-0.140572126701065,0.813020314199953,16,NA,NA,NA
"control","KIR_VNM",0.504606957163557,1.16597117296707,12,NA,NA,NA
"control","KWT_AGO",-0.0856784159893323,1.5916495502503,18,NA,NA,NA
"control","KWT_DOM",0.0259961967150107,0.787156444537677,16,NA,NA,NA
"control","KWT_JAM",-0.211764122561371,0.832517462977973,8,NA,NA,NA
"control","KWT_NAM",0.0141124969115718,0.462362552878356,14,NA,NA,NA
"control","KWT_NCL",0.00560668932089467,0.870395295211365,11,NA,NA,NA
"control","KWT_UZB",0.439680493323612,1.15876347853709,14,NA,NA,NA
"control","LAO_DOM",-0.353957136602827,1.46668482970159,13,NA,NA,NA
"control","LAO_ISR",-0.155280243590465,1.37798193076436,17,NA,NA,NA
"control","LAO_MOZ",0.209717304433909,1.22364519249855,10,NA,NA,NA
"control","LBN_DOM",-0.219042927054273,0.666965655340121,19,NA,NA,NA
"control","LBN_HTI",0.0609637989769673,0.777341623880118,15,NA,NA,NA
"control","LBN_NAM",-0.298159919888583,1.01565003570642,18,NA,NA,NA
"control","LBR_CMR",-0.289685279574148,1.23405610184355,10,NA,NA,NA
"control","LBR_DOM",-0.3894938476278,1.22324500034001,17,NA,NA,NA
"control","LBR_KNA",0.189064741082314,0.426459346683829,9,NA,NA,NA
"control","LBY_AZE",-0.198531082939298,0.215113336882447,10,NA,NA,NA
"control","LBY_KAZ",0.219092150686142,0.641505948066975,9,NA,NA,NA
"control","LBY_PYF",-0.0592494820503483,0.847476234151481,11,NA,NA,NA
"control","LCA_ECU",0.0448873749293764,2.41364041853724,11,NA,NA,NA
"control","LCA_PAK",-0.035556010429468,1.47453458073725,10,NA,NA,NA
"control","LCA_PHL",-0.022621916749794,0.581881025147773,10,NA,NA,NA
"control","LKA_GNB",0.292357924958748,1.05301821059587,15,NA,NA,NA
"control","LKA_PLW",0.0297615583626516,0.566265305103828,10,NA,NA,NA
"control","LKA_PSE",-0.0152880620465591,0.98835417121025,18,NA,NA,NA
"control","LSO_BGD",0.135350919402475,0.826411346744425,14,NA,NA,NA
"control","LSO_BHR",-0.102198893497192,1.69917988175171,10,NA,NA,NA
"control","LSO_BLR",-0.5129842879714,1.6419579234936,9,NA,NA,NA
"control","LSO_BRB",-0.403620405983655,0.847820208640078,12,NA,NA,NA
"control","LSO_CIV",-0.444765645804403,0.585751884444746,10,NA,NA,NA
"control","LSO_HKG",0.145757970779263,0.612280640263395,19,NA,NA,NA
"control","LSO_KEN",0.0091801024550086,1.07743221887126,19,NA,NA,NA
"control","LSO_NGA",-0.201090233574285,1.0082576857879,12,NA,NA,NA
"control","LSO_UGA",0.264274520050981,1.23111356673145,16,NA,NA,NA
"control","LSO_VNM",0.402637974494258,1.83088857369282,11,NA,NA,NA
"control","LTU_BFA",0.145654293069043,1.05849579490194,19,NA,NA,NA
"control","LTU_COG",0.0288413270249661,0.708513897728608,18,NA,NA,NA
"control","LTU_NPL",-0.00262851859548478,1.31743150444639,19,NA,NA,NA
"control","LTU_RWA",-0.224994469908356,0.927619056143394,15,NA,NA,NA
"control","LTU_VUT",0.299920957682448,0.942564820382012,14,NA,NA,NA
"control","LTU_ZMB",-0.166812846394151,1.20989170576198,15,NA,NA,NA
"control","LUX_LSO",-0.429418912889099,0.749842559885004,8,NA,NA,NA
"control","LVA_CMR",-0.415733853599802,0.707166017776941,11,NA,NA,NA
"control","LVA_CPV",0.323518523050201,2.18670983041691,8,NA,NA,NA
"control","LVA_ERI",0.42063958992878,1.06561045700406,10,NA,NA,NA
"control","LVA_GIN",0.470043848337503,0.527243163098873,16,NA,NA,NA
"control","LVA_MMR",-0.225166812281094,1.0220318069197,13,NA,NA,NA
"control","LVA_SYC",0.0108024556154622,1.50154619387531,10,NA,NA,NA
"control","MAC_ALB",0.157506892437176,0.823916154159941,12,NA,NA,NA
"control","MAC_GUM",-0.494663434633789,0.697680033138042,9,NA,NA,NA
"control","MAC_MDA",0.221649607411158,1.18235620507159,19,NA,NA,NA
"control","MAR_BWA",0.0908491305631124,1.11790416382742,16,NA,NA,NA
"control","MAR_UZB",-0.0169545175412517,0.78995664416679,14,NA,NA,NA
"control","MDA_GIB",0.129348292316111,0.815344551201456,12,NA,NA,NA
"control","MDA_LBR",0.175312006136646,0.598828119560301,10,NA,NA,NA
"control","MDA_NCL",-0.590647603518715,1.1603462497028,16,NA,NA,NA
"control","MDA_NIC",0.49376332791141,0.754711351890194,14,NA,NA,NA
"control","MDA_SLE",0.00247717336055854,0.392355506573328,8,NA,NA,NA
"control","MDG_MAC",0.194615476985481,0.687276999164348,16,NA,NA,NA
"control","MDG_VCT",0.457016773947,1.0140850269471,11,NA,NA,NA
"control","MDV_ISL",0.638637954267939,0.828613225745372,12,NA,NA,NA
"control","MDV_KAZ",-0.106914376866064,0.319364080998831,8,NA,NA,NA
"control","MDV_NCL",-0.15821080454763,0.841530707966277,11,NA,NA,NA
"control","MDV_PER",-0.265025012343272,0.777447576758866,12,NA,NA,NA
"control","MEX_LSO",0.142101120340931,0.864683911942792,12,NA,NA,NA
"control","MKD_BOL",0.230986737791044,1.06367737619267,16,NA,NA,NA
"control","MKD_NER",0.4804274604315,0.843181582252691,8,NA,NA,NA
"control","MKD_SEN",-0.0764209189149267,1.70303948711887,8,NA,NA,NA
"control","MKD_VNM",-0.326313073333679,1.16226059487847,18,NA,NA,NA
"control","MLI_BLR",0.167495734933847,1.01245235430034,13,NA,NA,NA
"control","MLI_COD",0.205866590305458,0.672327249265698,9,NA,NA,NA
"control","MLI_LUX",0.0823915956919387,0.598169337364611,17,NA,NA,NA
"control","MLI_LVA",0.38722845635163,1.40965060972,10,NA,NA,NA
"control","MLI_MYT",0.0962401298451532,0.770146814445508,9,NA,NA,NA
"control","MLI_OMN",-0.394209508013143,1.03188849206902,8,NA,NA,NA
"control","MLI_UKR",-0.151827886250142,1.57204257840551,18,NA,NA,NA
"control","MMR_MKD",0.194695181715663,1.54495147652653,19,NA,NA,NA
"control","MMR_MLI",0.224320788920273,0.649885911518409,12,NA,NA,NA
"control","MMR_NER",0.253981253004866,1.77316325619325,12,NA,NA,NA
"control","MNG_AZE",0.156619336704952,0.54306297889676,13,NA,NA,NA
"control","MNG_DOM",-0.163761512432389,2.21983296637351,13,NA,NA,NA
"control","MNG_FRO",-0.117820702678446,0.378384578365173,9,NA,NA,NA
"control","MNG_KEN",-0.0418347865816007,1.02614214551434,14,NA,NA,NA
"control","MNG_NCL",0.421369565473725,0.716640235776781,13,NA,NA,NA
"control","MNG_SYR",-0.222984738736168,0.308625418457913,10,NA,NA,NA
"control","MNP_HRV",-0.164594743141108,0.830489966823286,11,NA,NA,NA
"control","MNP_RUS",-0.0962440075682753,0.562367387402214,15,NA,NA,NA
"control","MNP_UKR",-0.270581636222786,0.830335860481331,9,NA,NA,NA
"control","MOZ_ALB",-0.241736091515648,1.23648837031005,11,NA,NA,NA
"control","MOZ_KAZ",0.0133982362363367,0.749964272067152,17,NA,NA,NA
"control","MOZ_LTU",-0.374627721801518,1.08729921399019,14,NA,NA,NA
"control","MOZ_MDA",0.47513590753561,0.83003257185662,8,NA,NA,NA
"control","MOZ_MNP",0.395255211025346,1.33849322325334,10,NA,NA,NA
"control","MOZ_WSM",0.233672790665774,0.854575170576613,9,NA,NA,NA
"control","MRT_ISR",-0.248741802396756,2.08364134622141,19,NA,NA,NA
"control","MRT_LUX",-0.117861556620088,0.691630368773032,16,NA,NA,NA
"control","MRT_NAM",-0.418689512995788,0.663089529620743,14,NA,NA,NA
"control","MRT_PRK",0.153238655702922,0.610912551483774,14,NA,NA,NA
"control","MSR_BEN",0.368349238627053,0.482418547399447,8,NA,NA,NA
"control","MSR_BOL",-0.0840866005305542,0.733578068512553,10,NA,NA,NA
"control","MSR_BRA",0.177376199310428,0.686986131897218,13,NA,NA,NA
"control","MSR_HRV",0.349317428735447,1.0922588216649,10,NA,NA,NA
"control","MUS_MMR",0.136673771877082,1.216070839389,12,NA,NA,NA
"control","MUS_SLE",0.44609345242746,1.05547314464013,16,NA,NA,NA
"control","MWI_AZE",0.0647690940532459,0.961490149236356,15,NA,NA,NA
"control","MWI_BLR",0.249744892823076,0.887566309013562,18,NA,NA,NA
"control","MWI_EST",0.0317067971371058,1.23349354932076,13,NA,NA,NA
"control","MWI_FRO",0.218778607769363,0.753633922281612,9,NA,NA,NA
"control","MWI_KHM",-0.304719410987246,1.02635611574367,16,NA,NA,NA
"control","MWI_MDA",-0.353287953207719,1.20756813533414,12,NA,NA,NA
"control","MWI_NER",0.300409793024651,1.06760598761614,15,NA,NA,NA
"control","MWI_PRK",-0.3930009287482,0.875417409608802,9,NA,NA,NA
"control","MWI_SLV",0.293242122853495,0.82583748516921,11,NA,NA,NA
"control","MWI_VNM",0.142378607746091,0.890381295199927,17,NA,NA,NA
"control","MYS_SGS",0.455935013559479,0.840685020276057,11,NA,NA,NA
"control","MYT_RUS",-0.133819826993853,0.474555733644334,9,NA,NA,NA
"control","MYT_TUR",0.0210186620530142,0.302434198591067,8,NA,NA,NA
"control","MYT_USA",0.337849352948318,1.09479983854183,12,NA,NA,NA
"control","NAM_BMU",-0.130684916476027,0.51910133906284,11,NA,NA,NA
"control","NAM_CRI",0.145802683509324,1.62341375151127,16,NA,NA,NA
"control","NAM_FLK",0.140515347332978,0.933185096940665,11,NA,NA,NA
"control","NAM_GEO",-0.126229810865334,1.48290944865636,14,NA,NA,NA
"control","NAM_GUY",-0.295017208857043,1.20454709550988,18,NA,NA,NA
"control","NAM_LBR",-0.263996705964689,1.28285763763939,18,NA,NA,NA
"control","NAM_NIC",0.0186570408006624,1.45258796774592,16,NA,NA,NA
"control","NAM_PER",0.23357866183047,1.97147231466033,19,NA,NA,NA
"control","NAM_TGO",0.217329357788233,1.00657944971251,14,NA,NA,NA
"control","NAM_TTO",-0.370660823938495,0.83695415913546,15,NA,NA,NA
"control","NAM_VNM",-0.044322751453407,1.35031535262132,19,NA,NA,NA
"control","NAM_WSM",-0.407078087612537,1.79347278209519,12,NA,NA,NA
"control","NCL_HRV",0.251467938314229,1.7674195669693,9,NA,NA,NA
"control","NCL_ISR",0.0315677893085165,1.03278272449116,13,NA,NA,NA
"control","NCL_MUS",0.123065034155677,1.57025141922443,16,NA,NA,NA
"control","NER_BOL",-0.201685663402884,1.22966208237147,18,NA,NA,NA
"control","NER_DOM",-0.115917004647296,0.611233271459169,14,NA,NA,NA
"control","NER_MKD",0.301295156313378,0.873881822470809,14,NA,NA,NA
"control","NER_NCL",0.421215281817415,1.30065963897137,14,NA,NA,NA
"control","NFK_ESP",-0.0115489564253016,1.25743969506107,11,NA,NA,NA
"control","NFK_FRA",-0.144564522096915,0.732625064812677,18,NA,NA,NA
"control","NGA_AZE",0.170523351197609,1.73819717865709,16,NA,NA,NA
"control","NIC_BIH",-0.0637991184097537,0.782337067512774,16,NA,NA,NA
"control","NIC_KAZ",0.184383440939054,1.03368772839368,17,NA,NA,NA
"control","NIC_MRT",-0.172225944021789,1.67195668473521,8,NA,NA,NA
"control","NIU_DEU",0.228462414961563,0.88489332492114,18,NA,NA,NA
"control","NIU_FRA",0.186886073061899,1.57178069903418,16,NA,NA,NA
"control","NIU_IRL",-0.17568457923307,0.994884682156735,14,NA,NA,NA
"control","NLD_ASM",-0.20843015108512,0.838087295806497,16,NA,NA,NA
"control","NLD_BVT",0.0206455570433626,0.975934519815137,18,NA,NA,NA
"control","NLD_GUM",-0.250153532681893,1.09629201750418,19,NA,NA,NA
"control","NLD_HMD",-0.0286770960230297,1.64110878943259,8,NA,NA,NA
"control","NLD_NIU",0.419350705469077,0.831682307553068,11,NA,NA,NA
"control","NLD_TKL",0.236088842899271,0.881272047656743,19,NA,NA,NA
"control","NOR_ASM",0.319339583410051,0.475617560253069,8,NA,NA,NA
"control","NOR_SMR",-0.400389346708884,0.757249054191514,18,NA,NA,NA
"control","NPL_BRB",-0.246080532287288,0.866988494868564,12,NA,NA,NA
"control","NPL_KAZ",0.0627057291674152,0.596761920641537,15,NA,NA,NA
"control","NPL_QAT",-0.103090975024933,1.03927596862317,19,NA,NA,NA
"control","NRU_AND",0.15024242573828,1.20541731443805,9,NA,NA,NA
"control","NRU_BLR",-0.674506674666588,1.78104064232694,9,NA,NA,NA
"control","NRU_DOM",0.462238513686875,0.541468941383046,15,NA,NA,NA
"control","NRU_PER",0.465049331611278,0.46734244693029,10,NA,NA,NA
"control","NZL_ATA",-0.247425785633019,0.624258739820503,17,NA,NA,NA
"control","NZL_LSO",0.0241855209391511,1.28473854744837,14,NA,NA,NA
"control","OMN_DOM",0.0682153601855759,0.795048958758715,16,NA,NA,NA
"control","OMN_NCL",-0.353755068235632,0.586787682443345,10,NA,NA,NA
"control","PAN_KEN",0.46723351048537,0.990184825228027,18,NA,NA,NA
"control","PAN_MRT",0.133699089149451,0.782361155236807,11,NA,NA,NA
"control","PCN_NIC",0.0375186821667041,0.283754560294596,13,NA,NA,NA
"control","PCN_RUS",-0.704822555058871,0.634706079187355,9,NA,NA,NA
"control","PCN_TUR",0.151737629587049,0.554900170282823,10,NA,NA,NA
"control","PCN_ZAF",-0.11794056551923,0.547338283535503,17,NA,NA,NA
"control","PER_DJI",0.0420966034843962,0.812845427555709,11,NA,NA,NA
"control","PER_MWI",-0.0527809287612738,1.58110461593829,16,NA,NA,NA
"control","PHL_BWA",0.161808085242432,0.794087847925641,19,NA,NA,NA
"control","PHL_CXR",0.149574907722911,2.04202995153706,8,NA,NA,NA
"control","PHL_GEO",0.378876574943456,1.06052730857277,19,NA,NA,NA
"control","PHL_IOT",0.428739958361708,0.739292022491051,11,NA,NA,NA
"control","PLW_NZL",0.380355780980968,1.56328165808835,12,NA,NA,NA
"control","PNG_CMR",-0.0623376066557232,0.538801835210615,10,NA,NA,NA
"control","PNG_KHM",0.0369455792775527,1.27227504063991,9,NA,NA,NA
"control","POL_GUM",-0.00116616959311043,0.869872710208589,16,NA,NA,NA
"control","PRK_BDI",-0.491346370976558,1.31633672267387,16,NA,NA,NA
"control","PRK_KWT",-0.0849571119243999,1.27407311163384,12,NA,NA,NA
"control","PRK_LSO",-0.482965980741763,0.269944823094763,8,NA,NA,NA
"control","PRT_ASM",0.131013053746586,1.05674378091668,11,NA,NA,NA
"control","PRT_CXR",-0.18722632805288,0.584836746860478,8,NA,NA,NA
"control","PRT_GUM",0.157031081850776,1.09761530334787,13,NA,NA,NA
"control","PRT_UMI",-0.0994683484462591,1.44234811587873,14,NA,NA,NA
"control","PRY_BLR",0.0183197640521101,0.986439062648383,17,NA,NA,NA
"control","PRY_TZA",0.349504411005857,0.554986741855925,14,NA,NA,NA
"control","PSE_COL",-0.279157003605112,1.42863164021643,16,NA,NA,NA
"control","PSE_MEX",-0.0989782635693473,0.481499320373759,9,NA,NA,NA
"control","PYF_ASM",0.0701469818715797,1.20326322418305,18,NA,NA,NA
"control","PYF_COK",0.00534584352965799,1.27532973621424,19,NA,NA,NA
"control","PYF_GUM",-0.400566986888008,0.979976661938748,8,NA,NA,NA
"control","PYF_PNG",0.387855404767274,1.04291035136302,11,NA,NA,NA
"control","QAT_DOM",-0.0019597704020812,0.780421987541253,18,NA,NA,NA
"control","QAT_HND",0.537470334567284,0.593613810801478,14,NA,NA,NA
"control","QAT_NIC",-0.275282500614929,0.407765884966498,12,NA,NA,NA
"control","QAT_PRY",-0.0340158479268226,1.11324135600107,12,NA,NA,NA
"control","ROU_MDV",-0.178295964040197,1.26918855872488,17,NA,NA,NA
"control","RUS_ABW",-0.328997258451604,1.74752400050055,16,NA,NA,NA
"control","RWA_ISL",0.578206112118338,0.586861503478675,13,NA,NA,NA
"control","RWA_TGO",0.145922473019921,0.780699281214515,14,NA,NA,NA
"control","SAU_DOM",-0.2708979029359,1.40941901557856,19,NA,NA,NA
"control","SAU_NCL",0.230125344794391,1.0256249838241,16,NA,NA,NA
"control","SAU_STP",-0.380689820366455,1.02262001136297,19,NA,NA,NA
"control","SAU_SWZ",0.0213082602901972,0.638683972401812,17,NA,NA,NA
"control","SEN_ALB",0.0421304981281924,0.696277692898314,18,NA,NA,NA
"control","SEN_BLR",0.00674136339866471,1.54026151444889,19,NA,NA,NA
"control","SEN_COM",0.11792484814805,0.736798283315476,16,NA,NA,NA
"control","SEN_FRO",0.494015360737412,1.53740733130163,9,NA,NA,NA
"control","SEN_LCA",-0.602765465096423,1.95555183054176,8,NA,NA,NA
"control","SEN_MAC",-0.380039772954466,0.844373216198914,18,NA,NA,NA
"control","SEN_SUR",0.191035102689151,0.85768551925966,9,NA,NA,NA
"control","SHN_SEN",0.56031585465438,0.612099914625885,11,NA,NA,NA
"control","SHN_SGP",-0.260150790196896,0.531876737375557,10,NA,NA,NA
"control","SLB_ECU",-0.0519440659205817,1.72536903619607,12,NA,NA,NA
"control","SLB_HRV",0.0942648471251621,1.05519554347681,8,NA,NA,NA
"control","SLB_MEX",-0.298386023688805,0.612077245453594,12,NA,NA,NA
"control","SLB_RUS",0.162837812681761,0.981142920553389,16,NA,NA,NA
"control","SLE_AND",-0.0223845710650011,0.840871287347647,15,NA,NA,NA
"control","SLE_ARG",0.0484661985094387,1.01289877142213,18,NA,NA,NA
"control","SLE_HND",-0.326767832480835,0.794017785298759,15,NA,NA,NA
"control","SLE_LUX",-0.232819108459644,0.829055801860729,16,NA,NA,NA
"control","SLE_NCL",0.102713912514478,0.778852786136035,15,NA,NA,NA
"control","SLV_AGO",0.0508345171864802,0.557632214077015,12,NA,NA,NA
"control","SLV_NCL",-0.71669339703306,1.38836003553692,15,NA,NA,NA
"control","SLV_RWA",0.0350453700442392,0.533418243990705,10,NA,NA,NA
"control","SMR_CHN",-0.141782684912485,1.90162430695234,16,NA,NA,NA
"control","SMR_GTM",-0.444368812536747,1.35887604630944,8,NA,NA,NA
"control","SMR_MDA",-0.0118968041486248,1.37464212731389,14,NA,NA,NA
"control","SMR_NGA",-0.494178794663183,1.31675415417653,8,NA,NA,NA
"control","SOM_CIV",0.405058230589734,1.13580791501494,15,NA,NA,NA
"control","SOM_GUY",-0.318485650899955,0.958907326374639,8,NA,NA,NA
"control","SOM_RUS",-0.0988042122484538,2.71426053851787,15,NA,NA,NA
"control","SPM_THA",0.847318864310091,1.31968089127193,8,NA,NA,NA
"control","SPM_ZAF",0.695568183718819,0.458516265069698,12,NA,NA,NA
"control","STP_CIV",-0.805785778413464,1.1248553203179,8,NA,NA,NA
"control","STP_CMR",0.301214179240965,0.847070482463736,17,NA,NA,NA
"control","STP_DOM",-0.137990746372333,1.65847741896528,19,NA,NA,NA
"control","STP_GNQ",-0.245697071656498,1.01315271646686,8,NA,NA,NA
"control","STP_GTM",0.0158717056411266,0.851706103636331,8,NA,NA,NA
"control","SUR_ARE",-0.387576662928376,0.462924860106306,18,NA,NA,NA
"control","SUR_CIV",-0.428320385782618,0.71323104859951,14,NA,NA,NA
"control","SUR_KEN",0.200812267953911,0.860862933531522,16,NA,NA,NA
"control","SUR_NCL",0.0704051309211687,0.876077650583931,13,NA,NA,NA
"control","SVK_MDV",0.290031414011333,0.860290518994354,15,NA,NA,NA
"control","SVK_VUT",0.187739739684354,1.2108021700593,8,NA,NA,NA
"control","SWE_VAT",-0.433718637942991,1.03566547377103,16,NA,NA,NA
"control","SWZ_BFA",-0.207642236642692,0.800238739592237,15,NA,NA,NA
"control","SWZ_BLZ",0.466609619909919,0.79880381991235,11,NA,NA,NA
"control","SWZ_BRN",0.158634737156713,1.03209764958685,18,NA,NA,NA
"control","SWZ_DOM",0.141888733938511,1.26313176535594,19,NA,NA,NA
"control","SWZ_GTM",-0.186725396862438,0.966362334202267,19,NA,NA,NA
"control","SWZ_KAZ",0.171867699420528,0.517584898819462,15,NA,NA,NA
"control","SWZ_KHM",0.0482013514791384,0.733417837854965,18,NA,NA,NA
"control","SWZ_LTU",0.00725526977929297,0.646021024644734,12,NA,NA,NA
"control","SWZ_MLI",-0.139464229621076,0.391964776282967,19,NA,NA,NA
"control","SWZ_MYT",0.18309289443298,0.772974937672295,8,NA,NA,NA
"control","SWZ_NCL",0.305748069446862,1.06040825784927,14,NA,NA,NA
"control","SWZ_TGO",-0.287468203922788,1.59796918913724,15,NA,NA,NA
"control","SYC_CRI",0.0770626016967728,0.679338959696039,11,NA,NA,NA
"control","SYC_IRN",0.0738458244042238,1.45685388890964,13,NA,NA,NA
"control","SYC_KAZ",-0.075176436932303,1.47711775806987,19,NA,NA,NA
"control","SYC_KWT",-0.14831726979825,0.638846161991699,14,NA,NA,NA
"control","SYC_POL",0.129733429987378,0.554733256841598,9,NA,NA,NA
"control","SYC_VNM",0.116683648224474,1.15906910000287,11,NA,NA,NA
"control","SYR_DOM",-0.270005984468895,0.675073591870238,19,NA,NA,NA
"control","SYR_ISR",0.237938263543275,1.35628655542814,8,NA,NA,NA
"control","SYR_MYT",-0.728367997413777,0.923921636245428,8,NA,NA,NA
"control","SYR_UZB",-0.650142023968058,0.553145551384928,13,NA,NA,NA
"control","SYR_VCT",-0.402317428800156,0.731381051103466,15,NA,NA,NA
"control","TCA_MLI",0.416934449768696,1.854605381532,11,NA,NA,NA
"control","TCA_ZAF",0.026551368016406,1.03323663566629,18,NA,NA,NA
"control","TCD_CYP",-0.00535554567582364,0.752469484575716,14,NA,NA,NA
"control","TCD_MOZ",-0.395448505060073,0.595218634535651,15,NA,NA,NA
"control","TCD_VNM",-0.412027297563788,0.319060469352319,8,NA,NA,NA
"control","TGO_DJI",-0.434827952738299,0.626645184210053,10,NA,NA,NA
"control","TGO_ISL",-0.0346806486242182,0.931734116298485,9,NA,NA,NA
"control","TGO_JOR",-0.550342908858227,0.896262918717955,11,NA,NA,NA
"control","TGO_LTU",-0.0911744918258787,0.782675661251567,9,NA,NA,NA
"control","TGO_LUX",0.334322607653728,1.09175602044698,16,NA,NA,NA
"control","TGO_MMR",-0.451817836928609,0.709299686379497,10,NA,NA,NA
"control","TGO_NIC",0.384460055505094,0.647354087357429,11,NA,NA,NA
"control","TJK_PER",-0.074922845994587,0.702819366915626,10,NA,NA,NA
"control","TKL_ALB",0.104374483966773,0.648646458411245,10,NA,NA,NA
"control","TKL_DEU",-0.103290002585584,0.387128072057284,18,NA,NA,NA
"control","TKL_DNK",-0.117245360642864,1.24377413576781,18,NA,NA,NA
"control","TKL_ESP",0.28515246198679,1.42171080650929,19,NA,NA,NA
"control","TKL_FRA",-0.132703512272417,1.13883082568117,19,NA,NA,NA
"control","TKL_GBR",-0.317472137667374,1.4052533933877,10,NA,NA,NA
"control","TKL_HRV",-0.441151203881636,0.951542728558617,8,NA,NA,NA
"control","TKL_IRL",0.0398177452956021,0.68926429233099,19,NA,NA,NA
"control","TKL_MOZ",0.370183905138499,0.779672121198358,10,NA,NA,NA
"control","TKL_NLD",-0.0756645291385468,1.13622337193278,17,NA,NA,NA
"control","TKL_RWA",0.227747963251126,0.963909856527352,16,NA,NA,NA
"control","TKM_HND",0.820558728060086,0.571284499218395,8,NA,NA,NA
"control","TKM_LUX",-0.00139697818505469,1.09382864018299,16,NA,NA,NA
"control","TKM_SLV",0.0520198349995503,1.13210742512309,10,NA,NA,NA
"control","TON_BRA",0.0012948296844132,0.562437979421196,13,NA,NA,NA
"control","TON_LUX",-0.0430710920002522,1.31888523499047,12,NA,NA,NA
"control","TON_MDA",-0.113273719442274,1.67248443946887,8,NA,NA,NA
"control","TTO_GNQ",0.405073656910248,1.93291720395049,8,NA,NA,NA
"control","TTO_NCL",0.13606224364399,1.44046191821724,12,NA,NA,NA
"control","TTO_YEM",0.170604606632474,1.13414239555708,10,NA,NA,NA
"control","TUN_AFG",0.077682423483645,0.593319639675866,17,NA,NA,NA
"control","TUN_KHM",-0.400860419423172,1.34372350204577,16,NA,NA,NA
"control","TUN_MNG",-0.0200801467397234,1.25464821357559,12,NA,NA,NA
"control","TUN_NAM",-0.251846849434669,1.78140491134757,13,NA,NA,NA
"control","TUN_TKM",0.318019413270603,0.848531251795615,10,NA,NA,NA
"control","TUR_ERI",0.0970238830304185,0.841797798885901,19,NA,NA,NA
"control","TUR_TUV",-0.477761352263277,0.468969289406128,15,NA,NA,NA
"control","TUV_BEN",0.108352224999625,1.51058692447755,9,NA,NA,NA
"control","TUV_THA",0.485212335581633,1.20618133270305,13,NA,NA,NA
"control","TZA_DOM",-0.403166412774302,0.807468704241887,18,NA,NA,NA
"control","TZA_HND",-0.185867239918614,1.58988319587169,13,NA,NA,NA
"control","TZA_NCL",0.318030114083386,1.21376058265628,11,NA,NA,NA
"control","UGA_DOM",0.288874977114668,0.610660653186748,19,NA,NA,NA
"control","UGA_KAZ",-0.144639084709129,0.664511461243406,15,NA,NA,NA
"control","UGA_LBR",-0.328684149340734,1.15605628815744,13,NA,NA,NA
"control","UGA_LUX",0.0860265076980221,1.36753661190929,19,NA,NA,NA
"control","UGA_MDA",-0.0473014202668999,1.6831956442934,15,NA,NA,NA
"control","UGA_PRK",-0.139135263634644,0.582304140982841,15,NA,NA,NA
"control","UKR_SOM",0.0853816248646697,0.851819321765715,17,NA,NA,NA
"control","UKR_WSM",0.0271396869127528,0.524286319231661,10,NA,NA,NA
"control","UMI_ECU",-0.0992430645304717,0.179746724796694,8,NA,NA,NA
"control","UMI_ESP",-0.661974618871987,0.934172008806091,15,NA,NA,NA
"control","UMI_IDN",0.0826518032240844,0.540538179956831,13,NA,NA,NA
"control","UMI_NCL",-0.280016821666848,1.18740588453879,8,NA,NA,NA
"control","UMI_NER",0.0101149703958331,0.960321714379103,8,NA,NA,NA
"control","UMI_PER",-0.210269634875265,0.426524413283683,15,NA,NA,NA
"control","UMI_SWE",-0.213927444106662,1.36213294299456,18,NA,NA,NA
"control","URY_BMU",-0.02115408087097,1.04052230025846,14,NA,NA,NA
"control","URY_KHM",0.000264618346380468,1.53186199956435,17,NA,NA,NA
"control","URY_LUX",0.231817040924678,1.02797115025454,19,NA,NA,NA
"control","UZB_BOL",0.0389490657766191,1.96348523223585,12,NA,NA,NA
"control","UZB_HND",0.0656700615789315,0.866258643998405,9,NA,NA,NA
"control","VAT_IDN",-0.333133056319717,0.853877571547418,16,NA,NA,NA
"control","VAT_KOR",-0.0656553265693281,1.21184693178,19,NA,NA,NA
"control","VAT_LBN",0.198297197615968,0.656276160669482,16,NA,NA,NA
"control","VAT_MOZ",-0.142135821898164,1.06524236809958,13,NA,NA,NA
"control","VAT_NLD",-0.00748965569143167,1.50393053465678,15,NA,NA,NA
"control","VAT_POL",-0.0375879860646863,1.22596022648378,16,NA,NA,NA
"control","VAT_SDN",-0.333568153817763,1.13353474141954,16,NA,NA,NA
"control","VCT_DOM",0.115076616293797,1.1419501513114,18,NA,NA,NA
"control","VCT_MOZ",0.116218071392739,0.827070658056621,13,NA,NA,NA
"control","VCT_PER",0.577752930696842,0.792599458418062,9,NA,NA,NA
"control","VCT_UGA",0.27091527203518,1.20103337135001,11,NA,NA,NA
"control","VEN_LUX",-0.00539716543748263,0.49402783186947,19,NA,NA,NA
"control","VEN_NCL",0.0360693889320029,2.07315832070946,15,NA,NA,NA
"control","VGB_DOM",-0.13252895976192,0.892293109560789,19,NA,NA,NA
"control","VGB_KHM",-0.445370034141389,1.51812701043282,12,NA,NA,NA
"control","VGB_SGP",0.229656176509707,0.749156253992982,11,NA,NA,NA
"control","VNM_COK",-0.123643459883275,0.364622171762521,8,NA,NA,NA
"control","VNM_FSM",-0.329451415654368,0.327879010178814,12,NA,NA,NA
"control","VNM_MHL",0.35904606821901,0.620073429501765,10,NA,NA,NA
"control","VNM_SLB",-0.27928841821282,0.880742906843781,17,NA,NA,NA
"control","VNM_TKM",-0.0385350424134105,1.01160845366511,12,NA,NA,NA
"control","VNM_TON",-0.0793871521344688,0.900013675931852,14,NA,NA,NA
"control","VNM_WSM",0.170343754062304,0.399431732444534,19,NA,NA,NA
"control","VUT_BRA",-0.303170327726072,0.824534581960928,15,NA,NA,NA
"control","VUT_EGY",0.167676910723093,1.26831137018271,16,NA,NA,NA
"control","WLF_NIC",-0.280143819572762,0.922408242100697,11,NA,NA,NA
"control","WSM_SAU",-0.573173618439366,2.39391432987261,14,NA,NA,NA
"control","WSM_TKL",-0.0259078428889855,1.13134999322181,19,NA,NA,NA
"control","WSM_VNM",0.252503044947714,0.710795847645725,9,NA,NA,NA
"control","YEM_CIV",-0.1479737381416,0.727535301157427,14,NA,NA,NA
"control","YEM_DOM",0.145754232505997,1.05939817662672,18,NA,NA,NA
"control","YEM_LUX",-0.31519054359992,0.829375182018312,13,NA,NA,NA
"control","YEM_MRT",0.0740982201453004,1.10618303517621,14,NA,NA,NA
"control","YEM_TTO",0.083206881702524,0.818131888696928,11,NA,NA,NA
"control","YEM_ZWE",-0.251075640978005,0.672671021098465,13,NA,NA,NA
"control","ZAF_NFK",0.286576520255751,0.713110990372301,13,NA,NA,NA
"control","ZAF_SLB",-0.19528097144974,0.76849956892815,19,NA,NA,NA
"control","ZAF_SPM",-0.257544341408787,0.746375732684808,10,NA,NA,NA
"control","ZAF_VUT",-0.0181947186103285,1.36404240507117,19,NA,NA,NA
"control","ZAF_WSM",-0.144933578314441,0.794216790538305,19,NA,NA,NA
"control","ZMB_ARM",0.518658352332367,1.16592842387231,12,NA,NA,NA
"control","ZMB_MDA",-0.620568971445194,0.644487718305899,11,NA,NA,NA
"control","ZMB_SLE",0.271528576711455,0.956040092046836,14,NA,NA,NA
"control","ABW_DOM",0.270196013692162,0.742552967995384,18,NA,NA,NA
"control","ABW_TWN",0.0392058917802953,0.922240656700678,12,NA,NA,NA
"control","AFG_DOM",0.305829852714689,0.736457059792904,18,NA,NA,NA
"control","AFG_FJI",-0.20765085890467,0.990828266412419,11,NA,NA,NA
"control","AGO_AZE",0.0937239811381235,0.651952774775657,16,NA,NA,NA
"control","AGO_BLR",-0.070302545701136,0.919343596725299,10,NA,NA,NA
"control","AGO_BRN",0.238346426277014,0.748280736193374,9,NA,NA,NA
"control","AGO_DOM",-0.354729680818508,1.27483155276112,14,NA,NA,NA
"control","AGO_KAZ",0.236753838133034,0.828043119042037,15,NA,NA,NA
"control","AGO_NZL",0.0501630636916968,0.421305745469056,17,NA,NA,NA
"control","AIA_FJI",-0.0807458173573321,1.00072992256768,18,NA,NA,NA
"control","AIA_PER",-0.147615712694547,1.92812589765386,10,NA,NA,NA
"control","AIA_SDN",-0.328610571135677,1.09138236304165,11,NA,NA,NA
"control","ALB_BEN",-0.185421400005926,1.03542387527063,16,NA,NA,NA
"control","ALB_MWI",-0.13351128791089,1.29649526003369,9,NA,NA,NA
"control","ALB_NER",-0.0487477297145704,0.560142737980498,15,NA,NA,NA
"control","AND_ARM",-0.369152372559903,1.17049476162604,16,NA,NA,NA
"control","AND_BHR",-0.699710421190971,0.736571024025094,11,NA,NA,NA
"control","AND_BWA",0.0364273718887776,1.11073402084934,17,NA,NA,NA
"control","AND_FJI",-0.121640391922876,0.874385993522294,10,NA,NA,NA
"control","AND_IRN",0.344550363392016,1.78852629876554,12,NA,NA,NA
"control","AND_KEN",-0.0227037726416946,1.10991566575898,13,NA,NA,NA
"control","AND_PYF",0.291530788894362,0.749843600310453,15,NA,NA,NA
"control","ANT_FJI",0.209472941285565,1.80875385805779,9,NA,NA,NA
"control","ARE_AGO",0.0703888853299281,0.94751279606359,16,NA,NA,NA
"control","ARE_BWA",-0.198773126403684,1.37224164486004,18,NA,NA,NA
"control","ARE_DOM",0.0617910195904859,1.19549513690128,18,NA,NA,NA
"control","ARE_ERI",-0.2815203999642,0.915361002316736,13,NA,NA,NA
"control","ARE_LBR",-0.438359295277158,0.9122041031529,13,NA,NA,NA
"control","ARE_SLE",0.100037275521089,1.58013245383632,13,NA,NA,NA
"control","ARE_SLV",0.251578691660999,0.971200268995877,18,NA,NA,NA
"control","ARE_TJK",-0.209537160290539,1.07040597521989,13,NA,NA,NA
"control","ARE_UZB",-0.468948996640912,1.36658916751837,13,NA,NA,NA
"control","ARE_VCT",0.307211731812647,0.69452310682742,17,NA,NA,NA
"control","ARE_WSM",0.493455630762296,1.26381246200628,14,NA,NA,NA
"control","ARG_TJK",-0.000199118472529199,0.892275494357296,15,NA,NA,NA
"control","ARM_GAB",0.0890681971094962,0.867573319307744,11,NA,NA,NA
"control","ARM_HND",-0.156374730774617,1.06695076255252,14,NA,NA,NA
"control","ARM_ISL",0.0587724191070592,1.12873804731771,11,NA,NA,NA
"control","ARM_NGA",-0.266488179023011,0.749022127268901,11,NA,NA,NA
"control","ARM_PAN",-0.0764895560054068,0.826390919697892,14,NA,NA,NA
"control","ARM_SEN",0.334224083923662,0.937367890261063,17,NA,NA,NA
"control","ARM_UGA",-0.198713380639318,0.639481453105323,9,NA,NA,NA
"control","ASM_AUT",0.184363028980151,0.516711930281142,13,NA,NA,NA
"control","ASM_BOL",0.0268580136989032,0.905578100647614,12,NA,NA,NA
"control","ASM_CRI",-0.0188344729595517,0.700119497700023,18,NA,NA,NA
"control","ASM_FJI",0.014702639948926,0.778216904256216,18,NA,NA,NA
"control","ASM_GBR",0.0782080483777124,1.36698740212692,18,NA,NA,NA
"control","ASM_HKG",0.430078412466663,0.52302977497031,12,NA,NA,NA
"control","ASM_HRV",0.210140905083067,1.36156313311452,8,NA,NA,NA
"control","ASM_IND",-0.075671219436061,1.10107589618893,17,NA,NA,NA
"control","ASM_SDN",0.506662904768993,1.53088881064535,16,NA,NA,NA
"control","ASM_SVN",-0.0575911081900351,0.879043773641669,17,NA,NA,NA
"control","ASM_TTO",0.272610264532588,0.680611121549002,8,NA,NA,NA
"control","ASM_TUR",-0.125815087676908,0.662007300723922,18,NA,NA,NA
"control","ASM_WSM",0.07286073077283,0.65590789230686,18,NA,NA,NA
"control","ATA_FJI",-0.455806337720264,1.24236389168568,14,NA,NA,NA
"control","ATA_KOR",0.0048349968502349,1.85582674139524,14,NA,NA,NA
"control","ATA_MKD",-0.120526237132594,1.36566620002429,9,NA,NA,NA
"control","ATA_NZL",-0.310306852995434,0.744715551307519,14,NA,NA,NA
"control","ATG_FJI",-0.137842417618228,0.994854755724963,15,NA,NA,NA
"control","ATG_KEN",-0.0389911545368961,0.263838601786152,12,NA,NA,NA
"control","ATG_UKR",-0.0154675681287638,1.35202355366465,11,NA,NA,NA
"control","AUS_TLS",-0.198333281112374,0.765148572515348,18,NA,NA,NA
"control","AUT_ASM",0.141219573190827,1.30756793592282,12,NA,NA,NA
"control","AUT_TLS",-0.306870557256127,1.16348120183819,16,NA,NA,NA
"control","AZE_CHL",0.189959675549569,1.41251868358606,13,NA,NA,NA
"control","AZE_COG",0.173943955293098,1.33034010799922,14,NA,NA,NA
"control","AZE_GHA",-0.28484257099719,1.67508922656459,15,NA,NA,NA
"control","AZE_NER",-0.250703041458554,0.813909844636466,14,NA,NA,NA
"control","AZE_NPL",-0.124962651244471,0.172486994887868,8,NA,NA,NA
"control","AZE_RWA",0.0567854718082742,1.02731652603258,13,NA,NA,NA
"control","AZE_SLE",0.193990119080376,1.13833998515918,8,NA,NA,NA
"control","AZE_YEM",-0.174552994931471,1.19932935811491,11,NA,NA,NA
"control","BDI_DOM",0.276614860780091,1.34286618789915,16,NA,NA,NA
"control","BDI_UKR",0.104152262970614,0.809870504956046,16,NA,NA,NA
"control","BDI_VNM",-0.0372645975241853,1.41337986587404,11,NA,NA,NA
"control","BEL_ASM",-0.0386648092764583,0.487446687514768,17,NA,NA,NA
"control","BEL_NFK",-0.147592897663137,0.421406085996206,14,NA,NA,NA
"control","BEL_TLS",0.102698486298026,1.39369705684204,18,NA,NA,NA
"control","BEN_BDI",0.17311504733872,0.897083492318396,12,NA,NA,NA
"control","BEN_COM",0.262012721441506,0.145206966155786,8,NA,NA,NA
"control","BEN_DOM",-0.0748901064129187,0.861441296336232,14,NA,NA,NA
"control","BEN_LTU",0.237146117746695,1.14400716189481,13,NA,NA,NA
"control","BFA_BHR",-0.293864494780027,0.715677877503811,10,NA,NA,NA
"control","BFA_GNQ",-0.168416875702079,1.43724443353075,9,NA,NA,NA
"control","BFA_UKR",-0.084532165184113,0.893971839270516,14,NA,NA,NA
"control","BFA_VNM",0.19258667121,0.525350041022526,15,NA,NA,NA
"control","BGD_ASM",-0.221849413522475,0.371915602720262,12,NA,NA,NA
"control","BGD_BIH",-0.303145527259501,0.567756115223998,18,NA,NA,NA
"control","BGD_MHL",0.227791409138748,0.977116385297365,11,NA,NA,NA
"control","BGD_NRU",-0.434179580589012,0.701119274813395,11,NA,NA,NA
"control","BHR_DOM",0.486608997781665,1.18342565289417,16,NA,NA,NA
"control","BHR_MDA",-0.228921094075763,2.0357842481545,10,NA,NA,NA
"control","BHR_MKD",0.201121368644952,0.984403083074564,16,NA,NA,NA
"control","BHR_MNG",0.274378723582843,1.41164346890727,11,NA,NA,NA
"control","BHR_SOM",0.157883109440155,0.5701452737645,12,NA,NA,NA
"control","BHR_SWZ",-0.335754551165754,0.506657545987881,13,NA,NA,NA
"control","BHS_MAC",0.874122748138367,0.361877514523763,11,NA,NA,NA
"control","BIH_BGD",-0.140602501310708,1.08238540117463,17,NA,NA,NA
"control","BIH_BWA",-0.455836982136669,0.753368403542479,10,NA,NA,NA
"control","BIH_DOM",0.238332891377657,1.04175959123265,17,NA,NA,NA
"control","BIH_GUY",-0.522576842458304,1.01229589205486,12,NA,NA,NA
"control","BIH_HND",0.50620507495843,1.35212119422372,15,NA,NA,NA
"control","BIH_MDG",-0.106271837325394,0.877005740794676,16,NA,NA,NA
"control","BLR_BFA",-0.210296744617516,1.08698637864915,17,NA,NA,NA
"control","BLR_BLZ",-0.279314176358195,0.874525843950358,16,NA,NA,NA
"control","BLR_BWA",-0.0982683881888971,1.88460123485988,11,NA,NA,NA
"control","BLR_HND",-0.374274989721364,1.22062250568754,12,NA,NA,NA
"control","BLR_SLE",0.235649495366653,1.05295041871114,17,NA,NA,NA
"control","BLZ_ARE",-0.111834052902338,1.10460176660723,16,NA,NA,NA
"control","BLZ_BHR",-0.28532775516479,1.81435747231872,16,NA,NA,NA
"control","BLZ_FJI",0.443403371787187,0.473143283478323,17,NA,NA,NA
"control","BMU_MOZ",0.0758603861699213,1.32816187184891,9,NA,NA,NA
"control","BOL_RWA",0.122921087646083,0.330598777806865,10,NA,NA,NA
"control","BRA_SMR",-0.370962521880639,1.08523189087437,18,NA,NA,NA
"control","BRB_AGO",-0.318055473722068,1.68724721088509,12,NA,NA,NA
"control","BRB_CMR",0.561184354627138,0.903523736518331,15,NA,NA,NA
"control","BRB_FJI",-0.260116939964151,1.08828180539509,13,NA,NA,NA
"control","BRN_FJI",0.0060320503058361,0.915442482790117,18,NA,NA,NA
"control","BRN_LBY",-0.0856702781267685,0.866913014973171,8,NA,NA,NA
"control","BRN_MLT",0.0278995413972575,0.628525961999606,8,NA,NA,NA
"control","BRN_NIC",0.46739049727761,2.20140455887616,9,NA,NA,NA
"control","BTN_NZL",-0.329733820765519,1.69369373517141,16,NA,NA,NA
"control","BVT_DOM",-0.410107520249453,0.948328471895226,15,NA,NA,NA
"control","BVT_IRL",0.288000890901697,0.408037929378206,13,NA,NA,NA
"control","BVT_KOR",-0.56801997084041,1.30562790316791,9,NA,NA,NA
"control","BVT_LUX",-0.0827808896256031,0.581415150085307,13,NA,NA,NA
"control","BVT_POL",-0.126166298580238,1.03536975077043,9,NA,NA,NA
"control","BWA_ARE",-0.0834008122792999,0.850727727674929,18,NA,NA,NA
"control","BWA_CMR",0.374160516984044,1.20978370331429,16,NA,NA,NA
"control","BWA_COG",0.281999148625508,0.765510376951882,15,NA,NA,NA
"control","BWA_EGY",-0.0594336027631165,0.649125488372326,15,NA,NA,NA
"control","BWA_HND",0.0266779311828215,1.6187444033843,9,NA,NA,NA
"control","BWA_LKA",0.302381815825741,1.0902528432774,17,NA,NA,NA
"control","BWA_MAR",0.115838877002434,1.07631579318086,14,NA,NA,NA
"control","BWA_MLI",0.320820743323266,1.18047708081411,18,NA,NA,NA
"control","BWA_NER",-0.223691897883047,0.66281059639359,8,NA,NA,NA
"control","BWA_PER",-0.0897932438488818,1.30177492647899,11,NA,NA,NA
"control","BWA_PHL",0.498961230893104,0.74348559715354,12,NA,NA,NA
"control","BWA_SLE",0.486896691757489,1.43823101324115,10,NA,NA,NA
"control","BWA_UKR",0.138352112393225,0.974324325724276,17,NA,NA,NA
"control","BWA_UMI",0.546877034997292,1.21073992901413,8,NA,NA,NA
"control","CAF_AZE",-0.256882444559017,1.24385805435442,9,NA,NA,NA
"control","CAN_TLS",0.214783171790735,1.55003795194926,18,NA,NA,NA
"control","CCK_DOM",0.652521900377454,0.743722395164047,11,NA,NA,NA
"control","CCK_IND",0.325377237854722,0.749655623778641,8,NA,NA,NA
"control","CCK_RUS",0.112244749299477,0.854586528039832,10,NA,NA,NA
"control","CCK_UKR",0.224829831498016,0.755981487140483,9,NA,NA,NA
"control","CCK_ZWE",0.478978359358943,1.03998128520964,8,NA,NA,NA
"control","CHE_TLS",0.0655598421801735,1.27260748424796,18,NA,NA,NA
"control","CIV_BWA",-0.0741959359799119,1.40175205350461,14,NA,NA,NA
"control","CMR_FJI",0.300165655603688,1.02085214853345,17,NA,NA,NA
"control","CMR_KHM",-0.108699293985903,0.4295745375531,14,NA,NA,NA
"control","CMR_YEM",-0.33915702792561,0.724093364567293,15,NA,NA,NA
"control","COD_LTU",-0.108145891555891,1.0298018068809,14,NA,NA,NA
"control","COG_ARE",0.285524473965566,1.21124038124349,16,NA,NA,NA
"control","COG_ARM",-0.285578758450628,1.06032330421898,12,NA,NA,NA
"control","COG_BWA",-0.612966522633675,0.921645998751674,10,NA,NA,NA
"control","COG_LKA",0.0803884556199845,1.11912942299878,10,NA,NA,NA
"control","COK_MOZ",0.102761277529172,1.14084175052321,8,NA,NA,NA
"control","COK_MUS",0.247469576204461,1.00576415921696,18,NA,NA,NA
"control","COK_PYF",-0.116526865178401,1.23069754278349,15,NA,NA,NA
"control","COK_TUR",-0.0307463766097053,0.631901245964031,12,NA,NA,NA
"control","COK_TWN",-0.0552239321827469,0.811872526766159,15,NA,NA,NA
"control","COL_MDV",-0.208376026750729,0.780042988089063,15,NA,NA,NA
"control","COL_NAM",-0.592267345515256,2.19082715905031,12,NA,NA,NA
"control","COL_PSE",-0.171618347389195,1.51945674070067,17,NA,NA,NA
"control","COM_UKR",-0.0599735096130614,0.898683373080442,18,NA,NA,NA
"control","CPV_CHN",0.0896051526829864,1.25105425393616,16,NA,NA,NA
"control","CPV_FIN",-0.468080947197714,0.676814901845502,14,NA,NA,NA
"control","CRI_BWA",-0.0337596937148867,1.64310741930682,10,NA,NA,NA
"control","CRI_GEO",0.272435029908648,0.68326568019402,14,NA,NA,NA
"control","CRI_GUM",-0.0365712903244861,1.01207361414296,18,NA,NA,NA
"control","CUB_FJI",-0.110485203970755,0.894222284638649,12,NA,NA,NA
"control","CUB_GEO",-0.536190995714322,0.879413245355048,16,NA,NA,NA
"control","CUB_KEN",0.358797388230197,0.809816369367705,11,NA,NA,NA
"control","CXR_AUT",0.152267144535142,1.05353461554794,14,NA,NA,NA
"control","CXR_DEU",0.174420214382557,1.40759057047143,12,NA,NA,NA
"control","CXR_ECU",0.479242271661392,0.635391897518534,8,NA,NA,NA
"control","CXR_ITA",0.44022044938259,0.746848930841708,12,NA,NA,NA
"control","CXR_TUR",0.0347014203018516,1.44804400419168,16,NA,NA,NA
"control","CYM_BWA",0.0356507751546188,0.880924115565161,9,NA,NA,NA
"control","CZE_LSO",-0.236732191517545,1.09201658495196,10,NA,NA,NA
"control","CZE_TLS",-0.0953889993596039,0.544219802515467,10,NA,NA,NA
"control","CZE_VAT",-0.174039930957758,0.392759239658952,9,NA,NA,NA
"control","DEU_HMD",0.386623091251002,1.02030191102268,10,NA,NA,NA
"control","DEU_TLS",-0.0697322011649642,1.41470881661253,18,NA,NA,NA
"control","DJI_CMR",-0.882508592165401,1.41755803108833,9,NA,NA,NA
"control","DJI_LBN",0.431959971742385,0.318945014311222,12,NA,NA,NA
"control","DMA_DZA",-0.0622742724302555,1.1284173067947,14,NA,NA,NA
"control","DMA_FJI",0.194982764575902,0.745177588156942,8,NA,NA,NA
"control","DMA_GEO",0.121480104116494,0.967741045627702,8,NA,NA,NA
"control","DNK_CXR",0.578816555000626,0.0678203236597051,8,NA,NA,NA
"control","DNK_TLS",-0.463388845409113,0.726353885629014,18,NA,NA,NA
"control","DOM_BIH",-0.458724837160325,1.07770018553682,18,NA,NA,NA
"control","DOM_GEO",-0.151107633963957,1.11787282387701,15,NA,NA,NA
"control","DOM_KHM",0.0776533946702078,1.12057669792733,13,NA,NA,NA
"control","DOM_TKM",0.153719983975785,1.51781262284743,8,NA,NA,NA
"control","DOM_VNM",0.352037508615389,1.65795969715441,18,NA,NA,NA
"control","DZA_AZE",-0.117843602024756,1.26192472585064,17,NA,NA,NA
"control","ECU_BIH",-0.203077923320916,1.73757460747926,18,NA,NA,NA
"control","ECU_YEM",0.373742888723424,1.32238689793535,18,NA,NA,NA
"control","EGY_BLZ",0.308105937224196,0.99056483850069,12,NA,NA,NA
"control","EGY_LSO",0.146346032434521,1.58084298437378,12,NA,NA,NA
"control","EGY_SMR",0.142224559444044,0.760523298487136,8,NA,NA,NA
"control","ERI_ARE",0.200365278897551,1.95445075499472,13,NA,NA,NA
"control","ERI_BHR",0.534331912356696,1.29014511441524,10,NA,NA,NA
"control","ERI_DOM",-0.106157476335352,1.03936232939687,14,NA,NA,NA
"control","ERI_FJI",-0.206521022685849,0.614783474342344,14,NA,NA,NA
"control","ERI_TUR",0.274659382808068,0.469927891402212,15,NA,NA,NA
"control","EST_BDI",0.623161949570334,1.43582543321746,8,NA,NA,NA
"control","EST_NIC",0.0808453394523933,1.60333866518702,10,NA,NA,NA
"control","ETH_ALB",-0.0105500230801436,1.76156871339144,18,NA,NA,NA
"control","ETH_LSO",0.294583291178781,1.10235848141733,16,NA,NA,NA
"control","ETH_MMR",-0.243236500640006,1.39457220738671,13,NA,NA,NA
"control","ETH_MYT",0.374174418086387,1.60969271137817,8,NA,NA,NA
"control","ETH_SLE",0.0283433762865799,0.572794256631173,16,NA,NA,NA
"control","FJI_AIA",0.0191141842606029,1.2037622247468,11,NA,NA,NA
"control","FJI_ARM",-0.529331168207295,0.496512444899184,10,NA,NA,NA
"control","FJI_ASM",-0.193626822244189,0.798120456027103,18,NA,NA,NA
"control","FJI_ATF",0.265969675328879,0.555350593046312,11,NA,NA,NA
"control","FJI_BHR",-0.038362651774262,1.59184526194171,11,NA,NA,NA
"control","FJI_CIV",-0.437508683749882,0.725561463984494,12,NA,NA,NA
"control","FJI_CXR",0.076857378410425,0.55950622116098,17,NA,NA,NA
"control","FJI_DOM",-0.00625978966657412,0.741470088735144,18,NA,NA,NA
"control","FJI_FRO",-0.0699738891043087,0.638559642545097,8,NA,NA,NA
"control","FJI_GUM",0.14128475178502,1.8957201948801,18,NA,NA,NA
"control","FJI_KEN",-0.15682218611595,0.703658894474388,14,NA,NA,NA
"control","FJI_KHM",-0.471357442085786,1.61563161684776,10,NA,NA,NA
"control","FJI_MAR",-0.386959817458601,2.57383779362295,11,NA,NA,NA
"control","FJI_MNG",-0.14492588033523,1.66254044453022,9,NA,NA,NA
"control","FJI_MOZ",0.190927565161361,1.12449610114169,16,NA,NA,NA
"control","FJI_MUS",0.211842251958806,1.66686990423169,18,NA,NA,NA
"control","FJI_NFK",0.0928499645223198,0.858012740947136,18,NA,NA,NA
"control","FJI_PLW",0.237488263258942,0.961208952146949,18,NA,NA,NA
"control","FJI_SLE",0.494050766344642,1.11943878955776,9,NA,NA,NA
"control","FJI_SWZ",0.100058956221635,0.508967099180345,14,NA,NA,NA
"control","FJI_TLS",0.60818703949853,0.809131708807616,18,NA,NA,NA
"control","FJI_VNM",0.259428869034827,0.738135148340484,18,NA,NA,NA
"control","FLK_UKR",0.132396180090261,1.00717081315632,18,NA,NA,NA
"control","FRA_TLS",-0.00546326639878024,1.61721397620177,18,NA,NA,NA
"control","FSM_DOM",0.106437342080827,0.883057723068134,15,NA,NA,NA
"control","FSM_GUM",0.0797733170652715,1.62136586639606,12,NA,NA,NA
"control","FSM_MNP",-0.100224973899042,1.14042630283737,12,NA,NA,NA
"control","FSM_ZAF",0.172811229628587,1.2996422043728,11,NA,NA,NA
"control","GAB_LBY",0.00710367116400894,1.28525763555456,8,NA,NA,NA
"control","GBR_ASM",0.290005051606998,0.695926958410399,18,NA,NA,NA
"control","GBR_TLS",-0.0694050978581864,0.884823287442432,18,NA,NA,NA
"control","GEO_BGD",-0.00857663347363241,0.629722237217641,17,NA,NA,NA
"control","GEO_BLZ",0.449170055027707,0.760533936207679,12,NA,NA,NA
"control","GEO_DOM",0.102824771540918,0.696562398330471,18,NA,NA,NA
"control","GEO_FJI",0.0533306135611573,0.499353994631861,17,NA,NA,NA
"control","GEO_NAM",0.156030825154557,0.709890356447867,14,NA,NA,NA
"control","GEO_UGA",-0.760114092076347,0.431010672832993,18,NA,NA,NA
"control","GHA_FJI",0.00897414919656528,1.13956680673633,16,NA,NA,NA
"control","GIN_BLR",0.106532137584517,0.786882580050298,12,NA,NA,NA
"control","GIN_MYT",-0.22812990523018,0.577508178873337,8,NA,NA,NA
"control","GIN_QAT",0.376738546131456,1.41255676653849,8,NA,NA,NA
"control","GMB_NIC",0.089841327268179,2.19548940168262,15,NA,NA,NA
"control","GNB_BGR",-0.099375976809328,0.316048142401724,8,NA,NA,NA
"control","GNB_DNK",-0.315152694016016,0.509798870652414,10,NA,NA,NA
"control","GNB_MYS",-0.237730379724419,1.89846006779079,10,NA,NA,NA
"control","GNQ_HND",-0.337882383033229,0.590035838382296,9,NA,NA,NA
"control","GNQ_IND",0.0802741192318083,1.21750286454121,17,NA,NA,NA
"control","GNQ_UKR",-0.199368114989283,0.959874334773728,10,NA,NA,NA
"control","GRD_BWA",-0.274836225100959,1.60871678258214,11,NA,NA,NA
"control","GRD_KAZ",-0.196670315848407,1.11317636070578,9,NA,NA,NA
"control","GRD_MWI",-0.131202357393841,0.500404493271124,10,NA,NA,NA
"control","GRD_TUR",-0.699408545414684,1.06633782707036,12,NA,NA,NA
"control","GRD_ZMB",0.376892501507327,0.492080275355049,8,NA,NA,NA
"control","GRL_DOM",-0.150129059550338,0.587017902693325,12,NA,NA,NA
"control","GTM_ARM",-0.218278772642349,0.94925674390728,15,NA,NA,NA
"control","GTM_COG",-0.14012917722485,0.539147272102204,9,NA,NA,NA
"control","GTM_CYM",0.0761780424530475,0.612952618423022,18,NA,NA,NA
"control","GUM_BEL",-0.452515982562595,0.843492674716839,14,NA,NA,NA
"control","GUM_DOM",0.221765464493831,0.4308887309839,10,NA,NA,NA
"control","GUM_ECU",0.490148422806447,1.2218066032278,10,NA,NA,NA
"control","GUM_ESP",-0.235628789860128,0.895848491207913,18,NA,NA,NA
"control","GUM_FSM",-0.114935260301789,1.02740167104771,12,NA,NA,NA
"control","GUM_GTM",-0.152170030108568,0.454271564907783,11,NA,NA,NA
"control","GUM_HKG",0.263705769165688,1.37683604038986,18,NA,NA,NA
"control","GUM_IND",0.416924486130054,0.57894054612037,9,NA,NA,NA
"control","GUM_ITA",0.171099553779353,1.19229337752445,18,NA,NA,NA
"control","GUM_NLD",0.370122625034173,1.2087785569385,16,NA,NA,NA
"control","GUY_JOR",0.242448748155164,0.513217944556245,15,NA,NA,NA
"control","GUY_NAM",-0.6275751870103,0.736351691179562,8,NA,NA,NA
"control","GUY_TON",0.354368718625049,1.53923846463491,10,NA,NA,NA
"control","HKG_ASM",0.0287291695981316,0.695941102546378,18,NA,NA,NA
"control","HKG_GUM",-0.0510976776494378,0.816339508996352,18,NA,NA,NA
"control","HKG_MHL",-0.0562894056792161,0.818482409093067,18,NA,NA,NA
"control","HKG_MNP",0.161656363295551,0.757933805903119,18,NA,NA,NA
"control","HKG_SMR",0.075750878705716,0.774863796807153,17,NA,NA,NA
"control","HKG_TKL",-0.15838577268804,0.880371574506144,13,NA,NA,NA
"control","HMD_TWN",-0.482246290256415,0.169612300368474,8,NA,NA,NA
"control","HND_BIH",-0.559898794122232,1.01683006698077,18,NA,NA,NA
"control","HND_KGZ",0.103954310674446,0.869993298125954,14,NA,NA,NA
"control","HND_KHM",0.031657162685552,1.15794498987355,13,NA,NA,NA
"control","HTI_KAZ",-0.079681408165129,0.821780980168219,15,NA,NA,NA
"control","HTI_KWT",-0.372110109541659,0.435089785483429,13,NA,NA,NA
"control","HTI_LUX",-0.2215510584754,1.08992603468174,11,NA,NA,NA
"control","HTI_NCL",-0.458991793940945,1.61159177288035,10,NA,NA,NA
"control","HUN_ASM",0.133159366522769,1.58953684380973,12,NA,NA,NA
"control","IDN_TLS",-0.0848693480412342,0.749573423094192,18,NA,NA,NA
"control","IND_MHL",-0.228516510691147,0.503170510135417,18,NA,NA,NA
"control","IND_TLS",-0.0408879844865475,1.07317223468955,18,NA,NA,NA
"control","IOT_TZA",0.474834562774177,0.967720240908743,10,NA,NA,NA
"control","IOT_UKR",0.117137578051245,1.23206970003031,12,NA,NA,NA
"control","IRN_DOM",-0.079547583378898,0.4369941467656,17,NA,NA,NA
"control","IRN_KHM",0.123961680961351,0.957104459790933,18,NA,NA,NA
"control","IRQ_AZE",-0.146591857358625,1.67323056218015,16,NA,NA,NA
"control","IRQ_EST",0.707933520193075,0.735629121767722,8,NA,NA,NA
"control","IRQ_GEO",0.327617452903215,0.656410825819734,18,NA,NA,NA
"control","ISR_BTN",0.416109344495302,1.35863574438257,16,NA,NA,NA
"control","ITA_ASM",0.340086180088136,0.788670400340837,18,NA,NA,NA
"control","ITA_CXR",0.817990688128584,0.946086514850917,9,NA,NA,NA
"control","ITA_GUM",0.186524395933092,0.376806565686862,18,NA,NA,NA
"control","ITA_NIU",0.58711901589169,0.686455823355107,8,NA,NA,NA
"control","ITA_TKL",-0.611166129259256,1.12750472540145,18,NA,NA,NA
"control","ITA_TLS",-0.169733550710558,0.740964602501391,18,NA,NA,NA
"control","JAM_BWA",0.0122765167973954,0.754095627011492,16,NA,NA,NA
"control","JAM_KHM",0.104768733436807,0.873102705969526,12,NA,NA,NA
"control","JAM_WSM",0.160363046156046,0.949573239126554,14,NA,NA,NA
"control","JPN_TLS",0.0167557128859371,1.79467611468894,18,NA,NA,NA
"control","KAZ_NAM",-0.192193714239647,1.01371208363118,11,NA,NA,NA
"control","KAZ_SYC",-0.273537375475131,1.26052285979493,12,NA,NA,NA
"control","KEN_ARM",-0.0238830407395686,1.22188021109284,18,NA,NA,NA
"control","KEN_GEO",0.0405999520969198,1.86555189347084,18,NA,NA,NA
"control","KEN_GUY",-0.259638538893474,0.526753189428359,17,NA,NA,NA
"control","KEN_KHM",-0.186001244068557,1.63406909054384,18,NA,NA,NA
"control","KEN_SUR",0.394316411817047,0.86943682808603,10,NA,NA,NA
"control","KGZ_NIC",-0.52013834945803,0.82795429404135,8,NA,NA,NA
"control","KGZ_UGA",-0.173619851468788,1.86482554367312,13,NA,NA,NA
"control","KHM_AGO",0.0375326787039975,1.56288269839905,18,NA,NA,NA
"control","KHM_ALB",0.531067143833271,0.801855245509712,18,NA,NA,NA
"control","KHM_BLZ",-0.242308959374886,0.530238581772866,16,NA,NA,NA
"control","KHM_GTM",-0.264428239437795,0.624234804836592,17,NA,NA,NA
"control","KHM_IRQ",0.124710186604917,0.470084221332368,14,NA,NA,NA
"control","KHM_MDG",0.177043936931548,1.92108896576693,17,NA,NA,NA
"control","KHM_MWI",-0.0552141833295501,1.77137050306365,12,NA,NA,NA
"control","KHM_NER",-0.184888010083022,0.432028037213346,15,NA,NA,NA
"control","KHM_SLE",-0.289071687644517,1.84640218813228,13,NA,NA,NA
"control","KHM_SOM",0.160428285838342,1.39691745135326,8,NA,NA,NA
"control","KHM_SYR",-0.107432897794279,0.932052472624641,11,NA,NA,NA
"control","KHM_VCT",-0.372171042347118,1.73739797917568,16,NA,NA,NA
"control","KIR_IDN",-0.357059215679571,1.33041926329958,15,NA,NA,NA
"control","KNA_ALB",-0.0265312020827646,0.943595213708328,12,NA,NA,NA
"control","KOR_BVT",0.0998835094750674,2.23371895954655,9,NA,NA,NA
"control","KOR_TLS",-0.151642310887668,0.740856875847564,18,NA,NA,NA
"control","KWT_TJK",-0.100968323973907,0.918261371074342,9,NA,NA,NA
"control","LAO_ARE",0.506850712939642,0.409911758810113,14,NA,NA,NA
"control","LBN_ASM",0.654855678741873,1.4146568085816,9,NA,NA,NA
"control","LBN_BHS",-0.457738520567252,1.43921972190946,13,NA,NA,NA
"control","LBN_BWA",0.20951895605928,1.16752553716908,18,NA,NA,NA
"control","LBR_ARE",0.282349679659449,0.39565006467735,11,NA,NA,NA
"control","LBR_PHL",0.31725243456417,0.875012135954423,15,NA,NA,NA
"control","LBR_TZA",0.266252528657104,0.31830195719035,17,NA,NA,NA
"control","LBY_DOM",-0.181937915025477,0.866070587953487,16,NA,NA,NA
"control","LBY_GEO",-0.515336420737681,0.821478071500544,11,NA,NA,NA
"control","LBY_RUS",-0.0568874585496774,0.875613004801146,18,NA,NA,NA
"control","LCA_VNM",0.27282615772522,0.95981194332059,8,NA,NA,NA
"control","LKA_NAM",0.325984791854645,0.753901130966284,18,NA,NA,NA
"control","LKA_TON",-0.191223161031911,0.678487334631954,10,NA,NA,NA
"control","LSO_DOM",-0.157122942814154,0.919313892349382,15,NA,NA,NA
"control","LSO_HND",-0.409430378812965,1.06882937873115,11,NA,NA,NA
"control","LSO_MYS",0.280848430262266,1.51050327761291,14,NA,NA,NA
"control","LSO_SLV",-0.30588096231944,0.492967287886359,13,NA,NA,NA
"control","LTU_GMB",-0.0342403817512247,0.782642710061101,18,NA,NA,NA
"control","LTU_GNQ",0.454049383469568,1.17991531992171,16,NA,NA,NA
"control","LTU_LBY",0.233504566499147,0.92655987069467,18,NA,NA,NA
"control","LTU_MWI",0.456289164116904,0.628233849130855,13,NA,NA,NA
"control","LTU_PRY",0.0239228285082985,1.05704077611671,18,NA,NA,NA
"control","LUX_MNG",-0.294622247396965,1.00546831265351,18,NA,NA,NA
"control","LVA_BFA",-0.194228904970952,1.14669983987375,14,NA,NA,NA
"control","LVA_COM",0.344186348698601,0.461552778380803,11,NA,NA,NA
"control","LVA_LBY",-0.0817272341773597,0.618104278197522,18,NA,NA,NA
"control","LVA_MOZ",0.0797049583394523,3.07339343599057,13,NA,NA,NA
"control","LVA_NPL",-0.11160877758203,1.40113942848471,18,NA,NA,NA
"control","MAC_NAM",0.159081375389091,1.2762158619989,10,NA,NA,NA
"control","MDA_BHR",0.189495440660171,0.791617387259977,15,NA,NA,NA
"control","MDA_FRO",0.375004968564039,0.617947706841463,8,NA,NA,NA
"control","MDA_SWZ",-0.250433950466935,0.758671271500976,12,NA,NA,NA
"control","MDG_MNG",-0.363906305794246,1.18026588318825,10,NA,NA,NA
"control","MDG_TCD",-0.0781263921549083,0.989067507656191,11,NA,NA,NA
"control","MDG_UKR",0.183271812236269,1.05789831597241,18,NA,NA,NA
"control","MHL_BEL",0.129801946367515,1.48258383064601,14,NA,NA,NA
"control","MHL_DNK",0.187464249876778,1.57623344499441,14,NA,NA,NA
"control","MHL_ECU",0.194234363103351,0.713449704320899,13,NA,NA,NA
"control","MHL_HKG",-0.0919826945031374,0.893196920546674,17,NA,NA,NA
"control","MHL_LVA",0.00846083680412872,1.23742646238446,12,NA,NA,NA
"control","MHL_NIC",-0.753924370267615,2.02622354535148,8,NA,NA,NA
"control","MHL_RUS",0.382850884919249,0.723297320414429,18,NA,NA,NA
"control","MHL_TUR",0.0313813630645177,0.746963790163014,15,NA,NA,NA
"control","MHL_VNM",-0.314825986576103,0.400542686284101,10,NA,NA,NA
"control","MLI_FJI",-0.387068093096642,0.903284734694585,14,NA,NA,NA
"control","MLI_HND",0.0426660605418328,1.23054595504073,16,NA,NA,NA
"control","MLI_IRN",0.202801437587561,0.963994439034296,8,NA,NA,NA
"control","MLI_KAZ",0.0786070712923943,1.06138046307731,13,NA,NA,NA
"control","MLT_BDI",0.216422716411469,0.999989826629055,10,NA,NA,NA
"control","MLT_BWA",0.489741123286684,1.00796025690727,11,NA,NA,NA
"control","MLT_ERI",0.128821228338153,1.19052734960914,12,NA,NA,NA
"control","MMR_DOM",-0.0474444484000402,0.345165799710603,18,NA,NA,NA
"control","MMR_MDA",-0.213512247802738,0.492518412040746,18,NA,NA,NA
"control","MNG_BHR",0.195525822550643,0.906215624395029,12,NA,NA,NA
"control","MNG_LTU",0.134733592654808,1.02719782908018,16,NA,NA,NA
"control","MNG_NIC",0.321763623524404,0.629792770612489,9,NA,NA,NA
"control","MNG_TZA",0.172566093672339,0.453101017227219,14,NA,NA,NA
"control","MNP_HKG",0.0667220685650198,0.473791297884843,18,NA,NA,NA
"control","MNP_MOZ",-0.476218917319431,1.24023321521102,11,NA,NA,NA
"control","MNP_NIC",-0.14047165621793,1.33171403383347,11,NA,NA,NA
"control","MNP_TUR",0.293372514456646,1.37857524228254,18,NA,NA,NA
"control","MOZ_BHR",-0.0737406926663867,0.941800813643438,17,NA,NA,NA
"control","MOZ_BHS",0.211782876708183,0.872553144886282,12,NA,NA,NA
"control","MOZ_FJI",-0.0275190605114196,0.809083699233903,18,NA,NA,NA
"control","MOZ_TCD",0.144053462402084,0.489874851968668,10,NA,NA,NA
"control","MRT_JOR",-0.459118302318802,0.577282319920831,17,NA,NA,NA
"control","MRT_MDG",0.117476405586922,1.43610540082273,13,NA,NA,NA
"control","MRT_ZMB",-0.235414480099317,0.639969136154858,12,NA,NA,NA
"control","MSR_HND",0.582953187111284,2.21507150510508,8,NA,NA,NA
"control","MSR_RUS",0.152515027884598,0.859037778399468,16,NA,NA,NA
"control","MSR_TUR",-0.350474033243613,0.757988543908951,11,NA,NA,NA
"control","MUS_AZE",0.0401101757297761,0.576650606506631,14,NA,NA,NA
"control","MUS_CPV",-0.563408291049855,0.516268235238131,10,NA,NA,NA
"control","MUS_WSM",-0.318683599079774,0.99710978039037,12,NA,NA,NA
"control","MYS_TLS",-0.0246010540366415,0.723207226495304,18,NA,NA,NA
"control","MYS_UMI",0.354485226271997,1.02809057157401,15,NA,NA,NA
"control","MYT_CHE",-0.699932782633728,0.551815510808953,8,NA,NA,NA
"control","MYT_HRV",-0.420936323209842,0.502939777920615,11,NA,NA,NA
"control","MYT_THA",0.619461888616325,1.275677766146,9,NA,NA,NA
"control","NAM_ATA",-0.126441462221936,1.02777919924235,13,NA,NA,NA
"control","NAM_BOL",0.0930681417467421,1.53125756268464,14,NA,NA,NA
"control","NAM_ECU",-0.464587114644451,0.740583411853354,13,NA,NA,NA
"control","NAM_FJI",-0.0859551507005762,0.478798819783366,18,NA,NA,NA
"control","NAM_KAZ",0.00854087827062523,1.38854507985144,14,NA,NA,NA
"control","NAM_LCA",0.312011091828722,0.846570416159162,13,NA,NA,NA
"control","NAM_MNG",-0.0381107930898308,0.667632262641941,9,NA,NA,NA
"control","NAM_VGB",0.444545130472081,0.92726892363907,11,NA,NA,NA
"control","NCL_CIV",0.06501412943198,1.82287691532705,14,NA,NA,NA
"control","NCL_DOM",-0.320778281725476,0.904628195694963,17,NA,NA,NA
"control","NCL_MAR",0.391447528169906,1.07170788099437,13,NA,NA,NA
"control","NCL_MKD",-0.395885879295532,1.90358785087815,9,NA,NA,NA
"control","NCL_MYT",-0.216047175462719,0.420266698666375,8,NA,NA,NA
"control","NCL_SAU",0.17460614018325,0.352611340029444,10,NA,NA,NA
"control","NER_AND",-0.17537812423325,0.213393239925431,11,NA,NA,NA
"control","NER_BWA",-0.18669507214487,1.1523684304068,14,NA,NA,NA
"control","NER_NIC",-0.262410499475173,1.44395908344097,11,NA,NA,NA
"control","NER_SYC",-0.180671207235648,0.494094179838357,10,NA,NA,NA
"control","NER_VEN",-0.0784012072676367,0.702126318836671,12,NA,NA,NA
"control","NFK_FJI",0.446206302263134,1.6626932286714,11,NA,NA,NA
"control","NFK_MOZ",0.114694587163343,2.20199657048058,8,NA,NA,NA
"control","NGA_SYC",-0.133442789555007,0.863784485278634,14,NA,NA,NA
"control","NIC_KHM",0.114286748923807,1.06993882564225,15,NA,NA,NA
"control","NLD_CXR",-0.247898495313108,1.00446963122443,11,NA,NA,NA
"control","NLD_NFK",-0.107042781180622,1.51626866455643,12,NA,NA,NA
"control","NLD_TLS",-0.258045594542193,0.98389271952247,18,NA,NA,NA
"control","NOR_TLS",0.265455432196374,0.928754138167128,16,NA,NA,NA
"control","NPL_DOM",-0.379210967097772,0.998269824585348,15,NA,NA,NA
"control","NPL_NAM",0.0135736222779478,0.515572656617363,11,NA,NA,NA
"control","NPL_SEN",0.1727678925351,1.05006702275743,8,NA,NA,NA
"control","NPL_ZMB",-0.0934707240005861,0.437303465795824,12,NA,NA,NA
"control","NRU_BHR",-0.0566689792618792,1.34626770561615,11,NA,NA,NA
"control","NZL_TLS",-0.0379973250495253,1.06683026012133,18,NA,NA,NA
"control","OMN_BWA",0.230211108931994,1.27569196852533,16,NA,NA,NA
"control","OMN_NAM",-0.163880184853429,0.938302338877094,10,NA,NA,NA
"control","PAK_MSR",0.0692810315674112,1.12434866498339,12,NA,NA,NA
"control","PAN_FJI",0.356676070212534,1.15945621157713,15,NA,NA,NA
"control","PCN_FJI",-0.0233627603476147,0.816898722420823,8,NA,NA,NA
"control","PCN_TWN",0.209018126155453,1.38764001663825,12,NA,NA,NA
"control","PCN_VEN",0.0914703165421987,0.539558621393416,9,NA,NA,NA
"control","PER_MRT",-0.221006876317442,1.05068857645303,18,NA,NA,NA
"control","PER_UMI",0.721912122637457,0.718490956981407,8,NA,NA,NA
"control","PHL_ARM",-0.60552456494488,0.871578489372863,17,NA,NA,NA
"control","PHL_GMB",0.00200643424713934,0.769912461793321,15,NA,NA,NA
"control","PHL_MNP",-0.379425693700514,1.10308428073525,11,NA,NA,NA
"control","PHL_TJK",-0.0397524484704567,0.948448322592349,17,NA,NA,NA
"control","PHL_TKM",-0.532482337385435,0.936855865824708,13,NA,NA,NA
"control","PHL_TLS",0.112020363703079,0.711120132472145,18,NA,NA,NA
"control","PLW_CZE",-0.21709542718667,0.625439337276934,12,NA,NA,NA
"control","PLW_SVK",-0.311618017470415,0.872298251621318,10,NA,NA,NA
"control","PNG_SEN",0.501574014857268,1.255956927098,11,NA,NA,NA
"control","POL_ASM",-0.142176921052881,1.9795701582349,12,NA,NA,NA
"control","POL_TLS",-0.367580353348591,1.11095876858633,13,NA,NA,NA
"control","PRK_BWA",-0.153436857824651,0.652411527548971,10,NA,NA,NA
"control","PRK_FJI",-0.241477632265293,0.816835665863907,18,NA,NA,NA
"control","PRK_WSM",0.0426895413251251,0.414548111433978,18,NA,NA,NA
"control","PRT_TLS",-0.0293311934036666,0.613797534461502,18,NA,NA,NA
"control","PRY_CMR",0.776326249218685,0.416311206884227,12,NA,NA,NA
"control","PRY_HTI",-0.411591108584683,0.433363781760076,11,NA,NA,NA
"control","PRY_NAM",0.234634169459046,1.35863917484539,10,NA,NA,NA
"control","PRY_NCL",0.126782187493377,2.07764377320997,14,NA,NA,NA
"control","PSE_MYS",0.0908675492131093,0.817887730521849,15,NA,NA,NA
"control","PYF_DOM",0.239595213904658,0.708999493766333,17,NA,NA,NA
"control","PYF_PAN",-0.0775660657378843,0.805616380054061,11,NA,NA,NA
"control","PYF_VNM",-0.0620069881867452,1.29838036652002,17,NA,NA,NA
"control","QAT_ALB",0.31968205528655,1.46438504226984,10,NA,NA,NA
"control","QAT_AND",0.222111144958954,0.653216074855255,10,NA,NA,NA
"control","QAT_COG",0.0622745338997343,1.42303221796422,15,NA,NA,NA
"control","QAT_ISR",-0.17325039907269,0.788634518914545,12,NA,NA,NA
"control","QAT_MWI",-0.0107972806427738,0.955035187314565,18,NA,NA,NA
"control","RUS_BTN",-0.362238294821205,0.189758916487639,10,NA,NA,NA
"control","RUS_FJI",-0.354397154976236,1.38713499146521,16,NA,NA,NA
"control","RUS_IOT",-0.414524048933582,1.62381767343337,9,NA,NA,NA
"control","RUS_TLS",0.575381445779345,0.963811982681519,9,NA,NA,NA
"control","RWA_ARG",-0.37998458847532,0.347086113875625,9,NA,NA,NA
"control","RWA_MAR",0.101266814924666,0.964840772221473,16,NA,NA,NA
"control","RWA_MOZ",-0.188464570939263,1.51349658382642,13,NA,NA,NA
"control","RWA_TCD",0.161234137484825,0.525704739718255,12,NA,NA,NA
"control","SDN_FJI",0.141257798260837,1.46785092993178,15,NA,NA,NA
"control","SDN_SUR",0.386543379276578,1.55094676112635,9,NA,NA,NA
"control","SEN_HND",0.368218374060631,1.11197881939457,17,NA,NA,NA
"control","SEN_KAZ",-0.1173609884759,0.955291910985519,17,NA,NA,NA
"control","SEN_UKR",-0.0745231262903963,1.19474084999357,18,NA,NA,NA
"control","SGP_TLS",0.00443833822627528,1.31873642164778,12,NA,NA,NA
"control","SGS_DOM",0.143602065727648,0.924591173215604,9,NA,NA,NA
"control","SGS_TUR",-0.153566535239209,0.687540942076576,14,NA,NA,NA
"control","SHN_FJI",-0.10979085868493,0.61057646972714,18,NA,NA,NA
"control","SLB_BHR",-0.160323513709802,0.718557243490446,10,NA,NA,NA
"control","SLB_UKR",-0.23350664139446,1.10326402955019,9,NA,NA,NA
"control","SLE_ARE",-0.0597088180879618,0.503648040989452,12,NA,NA,NA
"control","SLE_BLR",-0.119946474192926,0.825866097360951,12,NA,NA,NA
"control","SLE_ECU",0.457746588614586,0.253987843726664,12,NA,NA,NA
"control","SLE_FJI",0.185221836197295,0.760710343203207,13,NA,NA,NA
"control","SLE_NAM",0.564952035697233,1.07799949838711,9,NA,NA,NA
"control","SLE_QAT",0.388191809400293,1.19182784631135,8,NA,NA,NA
"control","SLE_VEN",0.715396304256008,0.611476926649501,8,NA,NA,NA
"control","SLV_SEN",-0.0607936418763354,0.434944226691438,11,NA,NA,NA
"control","SMR_NIC",-0.300769449753303,1.04306020590386,8,NA,NA,NA
"control","SMR_NZL",0.487338148933489,0.686343884572154,15,NA,NA,NA
"control","SMR_PER",0.100917304460486,0.976723637902101,15,NA,NA,NA
"control","SOM_BEL",-0.222901744311451,1.23241568600542,12,NA,NA,NA
"control","SUR_MLI",0.0893715648671644,1.11609066408897,11,NA,NA,NA
"control","SUR_PAK",-0.209434502567165,1.77461988523309,17,NA,NA,NA
"control","SVK_SWZ",-0.156642175615369,0.464883439951716,10,NA,NA,NA
"control","SVN_CPV",-0.102211848601241,0.930704688946825,14,NA,NA,NA
"control","SVN_NAM",0.0545693601027389,1.08916905813237,13,NA,NA,NA
"control","SWZ_AND",-0.278516387613389,1.04152050117253,11,NA,NA,NA
"control","SWZ_BHR",0.0131707489176968,1.06407537110618,8,NA,NA,NA
"control","SWZ_BLR",0.263328777752122,0.930132821482191,14,NA,NA,NA
"control","SWZ_ECU",-0.0698601951787008,0.676183395315699,17,NA,NA,NA
"control","SWZ_FJI",-0.108786610337521,1.11953979903972,18,NA,NA,NA
"control","SWZ_MRT",0.0803784807008169,1.16277149469696,14,NA,NA,NA
"control","SWZ_NIC",-0.462796907037758,1.22615355424841,18,NA,NA,NA
"control","SYC_FJI",0.118015460297033,1.2792042640101,11,NA,NA,NA
"control","SYC_GTM",-0.418045105095679,0.732406422559094,14,NA,NA,NA
"control","SYR_SLE",-0.112531039516419,1.35020492286475,9,NA,NA,NA
"control","SYR_SLV",-0.314215306726475,0.609705504140465,13,NA,NA,NA
"control","TCD_ARE",-0.235042468525095,1.0684085686445,13,NA,NA,NA
"control","TGO_NCL",0.217883362179122,1.20183670254806,11,NA,NA,NA
"control","THA_TLS",0.118712678010203,0.703837028837025,18,NA,NA,NA
"control","TJK_BHR",-0.285816072610867,1.43617105682255,8,NA,NA,NA
"control","TJK_KWT",-0.237735435567355,0.501615220197595,14,NA,NA,NA
"control","TKL_BEL",0.465774202573763,0.644505954431656,13,NA,NA,NA
"control","TKL_BGD",-0.447924950545914,0.430653332624287,13,NA,NA,NA
"control","TKL_DOM",0.166327892529878,0.212531145809599,8,NA,NA,NA
"control","TKL_ECU",0.385447673535878,1.56760819290409,10,NA,NA,NA
"control","TKL_HKG",0.010631798844543,0.560820822141885,13,NA,NA,NA
"control","TKM_BHR",-0.0839326080821453,0.605583428441131,12,NA,NA,NA
"control","TLS_AUS",-0.0924088870755827,0.984398546450617,18,NA,NA,NA
"control","TLS_AUT",-0.175296478341147,0.740788031963282,10,NA,NA,NA
"control","TLS_BHR",0.101290194484197,0.754541003132314,8,NA,NA,NA
"control","TLS_CAN",-0.0358056897117351,0.774557772926076,17,NA,NA,NA
"control","TLS_CHE",0.0932210252253723,1.05750041304923,10,NA,NA,NA
"control","TLS_CIV",0.301882908103687,0.538630570257069,9,NA,NA,NA
"control","TLS_CPV",0.560080639921397,0.313008863747648,10,NA,NA,NA
"control","TLS_DEU",-0.160030839037324,0.660630138755259,13,NA,NA,NA
"control","TLS_DNK",0.112838282466057,0.884581102731693,16,NA,NA,NA
"control","TLS_FIN",-0.239441643068963,1.42185631213811,11,NA,NA,NA
"control","TLS_FJI",0.545460705354713,0.636508407382839,13,NA,NA,NA
"control","TLS_FRA",0.00610114348339846,0.481759142960405,18,NA,NA,NA
"control","TLS_GBR",0.0375792901270258,0.844609401317958,18,NA,NA,NA
"control","TLS_IDN",-0.395833359012394,2.06557658106877,18,NA,NA,NA
"control","TLS_ITA",0.16629711059049,1.64548172333364,10,NA,NA,NA
"control","TLS_JPN",-0.194724849088735,1.70045710368553,18,NA,NA,NA
"control","TLS_MOZ",-0.0575643007878388,0.58806028570565,15,NA,NA,NA
"control","TLS_MYS",0.0715439580406615,0.885707610880469,18,NA,NA,NA
"control","TLS_NGA",0.344697023030346,1.40170554516236,9,NA,NA,NA
"control","TLS_PRT",-0.353196001962542,0.695143765304236,18,NA,NA,NA
"control","TLS_RUS",-0.0790205988444491,0.681321410393061,18,NA,NA,NA
"control","TLS_SEN",-0.136744152864097,0.650766362798129,15,NA,NA,NA
"control","TLS_SGP",0.610098297770276,0.887954925598371,12,NA,NA,NA
"control","TLS_SVN",0.0797768576025392,1.45801737996591,16,NA,NA,NA
"control","TLS_SWE",0.241313029538896,2.37624722691399,13,NA,NA,NA
"control","TLS_THA",0.238468166296546,1.45458453056147,18,NA,NA,NA
"control","TLS_TWN",-0.129024694604074,0.611771489639107,16,NA,NA,NA
"control","TLS_VNM",-0.0612159032609552,1.43801400765222,12,NA,NA,NA
"control","TLS_ZAF",0.0216285771459629,0.842339866663408,18,NA,NA,NA
"control","TTO_UMI",0.278106429469425,0.797008674943967,8,NA,NA,NA
"control","TUN_BWA",0.349474866843981,1.02751989586947,14,NA,NA,NA
"control","TUN_LSO",-0.0522220158718919,1.70158438807909,11,NA,NA,NA
"control","TUN_SLV",0.216063566102451,0.819413137825706,13,NA,NA,NA
"control","TUN_SYC",-0.185879246024384,1.22832595273259,13,NA,NA,NA
"control","TUR_ASM",0.126937298286681,1.92859884639544,18,NA,NA,NA
"control","TUR_COK",0.0506518298230897,0.845726012040032,17,NA,NA,NA
"control","TUR_MHL",0.285941233621676,1.66281895303418,18,NA,NA,NA
"control","TUR_MNP",-0.643065304204401,0.857247444061012,12,NA,NA,NA
"control","TUR_SGS",-0.316823609030723,0.571165641668498,9,NA,NA,NA
"control","TUV_MEX",-0.291101760643721,0.471965592424851,11,NA,NA,NA
"control","TUV_ZAF",-0.0875279864631041,1.47204960673018,15,NA,NA,NA
"control","TWN_FLK",-0.153350956070858,0.603394353252715,11,NA,NA,NA
"control","TWN_TLS",-0.0888483244632424,0.796874876522977,17,NA,NA,NA
"control","TZA_AFG",0.389504652578795,0.881794287257793,9,NA,NA,NA
"control","TZA_AZE",-0.0742263759166646,0.963263829173944,15,NA,NA,NA
"control","UKR_BWA",0.305375552219753,0.79345016801897,18,NA,NA,NA
"control","UMI_BWA",0.0494985383024122,0.911086612495966,10,NA,NA,NA
"control","UMI_DOM",-0.211639358604117,0.68899149825105,8,NA,NA,NA
"control","UMI_FJI",0.268222801255692,0.589014935961926,9,NA,NA,NA
"control","UMI_HRV",0.382115385062188,0.703618864099961,9,NA,NA,NA
"control","URY_MDV",0.403875378488295,0.9999534210106,15,NA,NA,NA
"control","URY_MYT",-0.0562361225015151,1.29703214516001,10,NA,NA,NA
"control","URY_NPL",-0.0836826045426456,0.886191662121852,11,NA,NA,NA
"control","URY_SYC",-0.269719530788557,0.475967586587113,14,NA,NA,NA
"control","USA_TLS",0.0585439419651316,1.82064442693618,18,NA,NA,NA
"control","UZB_ARE",-0.132285870324545,0.751241183292885,13,NA,NA,NA
"control","UZB_BHR",-0.401472736358362,0.85858425352077,14,NA,NA,NA
"control","UZB_MUS",-0.262360521727562,1.14466442752172,8,NA,NA,NA
"control","UZB_NIC",-0.166649347225272,0.792371075919491,9,NA,NA,NA
"control","UZB_VEN",-0.262677917696465,1.07812274690267,12,NA,NA,NA
"control","VAT_BOL",-0.201183081432873,0.412101155694311,11,NA,NA,NA
"control","VAT_GUY",0.0832489910660571,2.3296615511488,10,NA,NA,NA
"control","VAT_MYS",0.37840103816341,0.558015969918171,11,NA,NA,NA
"control","VAT_PER",0.129205217323379,1.44122865181849,10,NA,NA,NA
"control","VAT_SWE",0.705770884846952,0.482167905447437,9,NA,NA,NA
"control","VCT_RUS",-0.17013363784959,1.3661922842023,17,NA,NA,NA
"control","VEN_ARM",-0.217839876115276,1.25246175336529,11,NA,NA,NA
"control","VEN_BIH",-0.525576244071647,0.802453058995119,17,NA,NA,NA
"control","VEN_FJI",0.38496486209197,0.628762755766636,9,NA,NA,NA
"control","VEN_FRO",0.622749960904663,1.34153146737711,8,NA,NA,NA
"control","VEN_MRT",0.181999756281637,0.92178862102024,10,NA,NA,NA
"control","VGB_FJI",-0.219105170583863,0.88383723753696,12,NA,NA,NA
"control","VGB_NAM",0.0890014020815564,0.759866584367295,17,NA,NA,NA
"control","VGB_SLV",-0.0846450683500523,0.695342126100418,17,NA,NA,NA
"control","VNM_TLS",-0.12243463258639,0.598044884513715,15,NA,NA,NA
"control","VUT_MUS",-0.0327800778294841,0.710830150173201,10,NA,NA,NA
"control","VUT_VNM",-0.609339478553768,1.21807519869016,10,NA,NA,NA
"control","WSM_ASM",0.116638667157462,1.31880099842178,18,NA,NA,NA
"control","YEM_AZE",0.20702046411508,0.919240394515538,10,NA,NA,NA
"control","YEM_KNA",-0.638489621593459,0.811250014042439,10,NA,NA,NA
"control","YEM_SEN",-0.0220702177720029,1.04031453124127,12,NA,NA,NA
"control","ZAF_TLS",-0.163219580327368,0.812062141147091,18,NA,NA,NA
"control","ZAF_TUV",-0.775389474173361,0.62238919637771,16,NA,NA,NA
"control","ZAF_VAT",-0.405623574332035,2.22800186786909,9,NA,NA,NA
"control","ZMB_LVA",0.0342804150741752,0.440047437856142,9,NA,NA,NA
"control","ZWE_BIH",-0.578847455191595,0.482656713940613,18,NA,NA,NA
"control","ZWE_MDA",0.354343190289756,0.520207243043464,15,NA,NA,NA
"control","ABW_ARG",0.188691015670705,0.86026736017756,12,NA,NA,NA
"control","ABW_GHA",-0.0706723237751149,2.53270646057069,10,NA,NA,NA
"control","AGO_MRT",0.131422018297127,1.10468597996473,15,NA,NA,NA
"control","AIA_LKA",-0.801733946930132,1.84749611185135,9,NA,NA,NA
"control","AIA_NGA",-0.00980987259169912,0.513553482264399,12,NA,NA,NA
"control","ALB_AZE",0.226351879623435,0.991860990352839,11,NA,NA,NA
"control","ALB_CPV",0.201485433779899,0.555153515574024,10,NA,NA,NA
"control","ALB_LBY",0.28144734374917,1.04525690898623,8,NA,NA,NA
"control","ALB_PAK",0.310835540869213,0.666716771561866,15,NA,NA,NA
"control","AND_AGO",0.277539470518322,1.82836430058769,15,NA,NA,NA
"control","AND_BIH",-0.384202420138096,0.566718463224851,17,NA,NA,NA
"control","AND_CPV",0.200209662846755,0.306970240068773,13,NA,NA,NA
"control","AND_NER",-0.0570877093608918,1.15386499030651,13,NA,NA,NA
"control","AND_NPL",0.155525279283601,1.24042981593793,11,NA,NA,NA
"control","ARE_BIH",-0.097672215892741,0.893791763308034,17,NA,NA,NA
"control","ARE_COD",-0.0541641315248511,0.571441480853075,12,NA,NA,NA
"control","ARG_ABW",-0.0786796395552196,1.12718864525504,17,NA,NA,NA
"control","ARM_BLZ",0.121623258945801,1.14073591560014,14,NA,NA,NA
"control","ARM_CMR",0.452811023199727,1.17068969736678,9,NA,NA,NA
"control","ARM_DOM",0.296940931682902,1.64241056312666,13,NA,NA,NA
"control","ARM_GHA",-0.0512547111860289,0.808756674249504,13,NA,NA,NA
"control","ARM_KEN",0.0724162003932797,1.20829102726437,15,NA,NA,NA
"control","ASM_DNK",0.18633740489824,0.692645290731214,17,NA,NA,NA
"control","ASM_ITA",0.383731139958608,0.703005693118458,17,NA,NA,NA
"control","ASM_KEN",0.00937541195237227,0.45296272051647,13,NA,NA,NA
"control","ATA_LBN",0.0770814510700779,0.691669836180574,9,NA,NA,NA
"control","ATA_TZA",-0.274014737177117,0.604737792132394,10,NA,NA,NA
"control","ATF_GHA",0.312537835890116,1.67804173823872,8,NA,NA,NA
"control","ATF_SGP",-0.158348785655521,1.34591754051718,12,NA,NA,NA
"control","ATG_ALB",0.762248259628924,0.924759533300683,11,NA,NA,NA
"control","ATG_BIH",0.416782177836945,1.71350920918607,14,NA,NA,NA
"control","ATG_IND",0.485334049808745,1.5421029872437,16,NA,NA,NA
"control","ATG_MAR",-0.152768133941454,1.78709774694791,8,NA,NA,NA
"control","AUS_ATA",0.0795759772539808,1.21270666942991,17,NA,NA,NA
"control","AZE_BFA",0.531413145763851,2.72423266142602,8,NA,NA,NA
"control","AZE_GAB",0.398393034312023,1.02705863786577,15,NA,NA,NA
"control","AZE_GIN",-0.479290785443088,1.65181475156989,10,NA,NA,NA
"control","AZE_LBY",0.0425068724461788,0.662891430225028,14,NA,NA,NA
"control","AZE_SYC",-0.185547248299078,1.36777566987991,11,NA,NA,NA
"control","AZE_UGA",0.146746376182202,0.906911545552265,11,NA,NA,NA
"control","BDI_HKG",0.276292347769859,1.02877818802625,17,NA,NA,NA
"control","BEN_BIH",0.0940646336820402,0.492395225748987,13,NA,NA,NA
"control","BGD_SUR",0.329164657350467,0.655601630920733,16,NA,NA,NA
"control","BGD_TLS",0.119070763764984,0.44571562060945,13,NA,NA,NA
"control","BGD_UZB",-0.0391680704982474,0.701809795880956,15,NA,NA,NA
"control","BHR_BIH",-0.107970662836094,0.974786627623553,16,NA,NA,NA
"control","BHR_LBR",0.272744325176722,0.819812984427662,16,NA,NA,NA
"control","BHR_MYT",0.434487460232914,0.879189152733449,8,NA,NA,NA
"control","BHS_BIH",-0.317532982236149,0.640820390232112,13,NA,NA,NA
"control","BHS_MNG",0.82355327067039,1.78040622626215,9,NA,NA,NA
"control","BIH_AFG",0.0168121482688486,0.926356948568457,17,NA,NA,NA
"control","BIH_CIV",0.0188384257411736,0.593420594590916,17,NA,NA,NA
"control","BIH_COG",0.102935483633316,0.609206488623402,16,NA,NA,NA
"control","BIH_ETH",0.0181877979851788,2.19746472424921,17,NA,NA,NA
"control","BIH_GHA",-0.300366680996445,1.04649906500517,16,NA,NA,NA
"control","BIH_GIB",-0.106834641565758,1.15130296444753,10,NA,NA,NA
"control","BIH_GRL",-0.0404996712124805,0.861412414424781,14,NA,NA,NA
"control","BIH_HTI",0.461544983329332,1.68127654593709,12,NA,NA,NA
"control","BIH_IRQ",0.0415333925742712,1.14801706837685,17,NA,NA,NA
"control","BIH_KGZ",-0.112931584285589,1.14340542941049,17,NA,NA,NA
"control","BIH_LBY",0.0716569059029675,1.10912320951446,17,NA,NA,NA
"control","BIH_NIC",0.0543426294512666,0.362723040965623,16,NA,NA,NA
"control","BIH_NPL",0.336693445968134,1.00525285004873,14,NA,NA,NA
"control","BIH_SDN",-0.117827963002678,0.815013302213351,17,NA,NA,NA
"control","BIH_SLE",0.335258465543931,0.525621037405412,16,NA,NA,NA
"control","BIH_SUR",-0.143290031095607,0.700643070212715,15,NA,NA,NA
"control","BIH_SWZ",0.110772009059801,0.780884029327934,16,NA,NA,NA
"control","BIH_SYC",-0.185494729333075,0.811860172667711,16,NA,NA,NA
"control","BIH_SYR",0.245492615129123,0.810587696738583,16,NA,NA,NA
"control","BIH_THA",-0.329270051164118,0.544662901776186,17,NA,NA,NA
"control","BIH_UZB",0.150362664719985,0.99408143933356,8,NA,NA,NA
"control","BIH_YEM",0.186270967042655,0.812243311622905,17,NA,NA,NA
"control","BLR_GMB",0.0688300976121662,0.890420062795006,8,NA,NA,NA
"control","BLR_MOZ",-0.0997896177989264,1.32494412189212,16,NA,NA,NA
"control","BLR_QAT",-0.338311390339027,1.00559695241291,15,NA,NA,NA
"control","BLR_VCT",-0.413216570769779,1.1568558912713,8,NA,NA,NA
"control","BLZ_AZE",0.17303647961227,1.43404578641516,15,NA,NA,NA
"control","BLZ_BLR",0.321562856836964,0.81043744347635,11,NA,NA,NA
"control","BLZ_PRY",0.109321019277569,0.796047351314426,12,NA,NA,NA
"control","BMU_BIH",0.279076575078589,1.76468091091335,8,NA,NA,NA
"control","BMU_KAZ",0.0125465365642965,1.08086383437704,14,NA,NA,NA
"control","BMU_KEN",0.303127012020636,0.841860007153436,10,NA,NA,NA
"control","BMU_PAK",0.130379715774567,0.382832319212968,17,NA,NA,NA
"control","BOL_BIH",-0.165392351181367,1.21276346078524,17,NA,NA,NA
"control","BRA_ERI",-0.0322241726086497,1.02257760694728,17,NA,NA,NA
"control","BRA_TJK",0.107825149592767,0.748413823046253,17,NA,NA,NA
"control","BRB_BWA",0.270065577146631,1.46966318040652,8,NA,NA,NA
"control","BRB_GRL",-0.0461381833350698,0.994268417733589,13,NA,NA,NA
"control","BRB_SYC",-1.0023404225364e-05,0.567135986049381,12,NA,NA,NA
"control","BRB_VNM",0.248563508864794,0.7191088507227,15,NA,NA,NA
"control","BRN_IRQ",0.0107313218620674,0.548094652436414,8,NA,NA,NA
"control","BRN_KEN",-0.332096791119727,0.556118014736797,10,NA,NA,NA
"control","BRN_URY",-0.295277433514655,1.34480211534375,8,NA,NA,NA
"control","BRN_WSM",-0.441746823872483,1.04222756736143,10,NA,NA,NA
"control","BVT_CRI",0.0519088759357232,0.881128603407109,11,NA,NA,NA
"control","BVT_CZE",0.644759906289784,0.628277185124911,14,NA,NA,NA
"control","BVT_NLD",-0.15444275899262,0.90460427157196,15,NA,NA,NA
"control","BWA_ATG",-0.169510283290617,0.641957132318151,11,NA,NA,NA
"control","BWA_BIH",0.315713477966041,1.17577778078772,13,NA,NA,NA
"control","BWA_ERI",0.370916383159907,2.17494092044949,12,NA,NA,NA
"control","BWA_GRD",-0.0846620081033808,0.806855555672435,9,NA,NA,NA
"control","BWA_MNG",0.553532605907081,1.30962371906264,11,NA,NA,NA
"control","BWA_RWA",0.32229953563109,1.21876826175939,17,NA,NA,NA
"control","BWA_TTO",0.119529650334275,1.60269682180915,11,NA,NA,NA
"control","CAF_BIH",0.07082272267992,1.35350571514901,17,NA,NA,NA
"control","CAF_KWT",0.024905330046071,0.688064653444825,11,NA,NA,NA
"control","CAF_TZA",-0.209946346633173,0.857455914036528,11,NA,NA,NA
"control","CAF_YEM",0.229955718455384,0.41170597318752,15,NA,NA,NA
"control","CAN_HMD",-0.299462714297421,1.55630946940186,12,NA,NA,NA
"control","CCK_BIH",0.22463538342502,1.4140630048101,12,NA,NA,NA
"control","CCK_GUY",0.28311187210979,0.950337174908183,9,NA,NA,NA
"control","CCK_LKA",-0.195116140556428,0.844455837556428,10,NA,NA,NA
"control","CCK_LUX",0.664609888156598,0.946183501955914,10,NA,NA,NA
"control","CHL_ATF",0.284327484391246,0.829893073993999,17,NA,NA,NA
"control","CHN_TLS",-0.169408938671659,0.946862328808872,17,NA,NA,NA
"control","CIV_BIH",0.0880411842783853,0.695248385768575,17,NA,NA,NA
"control","CMR_BIH",-0.148709199390981,0.760677809445919,17,NA,NA,NA
"control","CMR_BWA",-0.00997824041447839,1.31314483873981,15,NA,NA,NA
"control","CMR_GEO",0.0181072375770263,1.30624834278555,12,NA,NA,NA
"control","CMR_MDA",-0.122057716555271,0.755806753214976,12,NA,NA,NA
"control","COG_BIH",-0.214300475346292,0.702821261162818,17,NA,NA,NA
"control","COG_VCT",-0.0188284032288389,0.490378585126017,9,NA,NA,NA
"control","COK_BIH",-0.657033379689862,1.06148120173847,16,NA,NA,NA
"control","COL_SWZ",0.331195987090324,1.14289865210416,15,NA,NA,NA
"control","COM_CIV",0.0596353534457157,0.920738366831465,9,NA,NA,NA
"control","COM_DOM",-0.0705959451642197,1.21405477644871,12,NA,NA,NA
"control","CPV_URY",0.0762503506357914,0.313028495209914,8,NA,NA,NA
"control","CRI_BIH",0.0391817969924366,1.42062310953643,17,NA,NA,NA
"control","CRI_MDV",0.296302022320583,0.737791418129596,14,NA,NA,NA
"control","CRI_MOZ",-0.0228546999820541,1.32458568181471,15,NA,NA,NA
"control","CRI_SYC",-0.285206686766357,0.974078583992402,13,NA,NA,NA
"control","CUB_BIH",0.336880246719475,0.67249583044837,16,NA,NA,NA
"control","CUB_GRL",-0.199612248181459,1.33668993204862,14,NA,NA,NA
"control","CXR_BIH",0.55006526984654,2.13070680677141,11,NA,NA,NA
"control","CXR_RUS",-0.273115281807791,1.07275752898422,8,NA,NA,NA
"control","CXR_TZA",-0.00291945123715429,0.852007854840348,10,NA,NA,NA
"control","CYM_DOM",-0.427201957926173,1.05989203632036,16,NA,NA,NA
"control","CYM_ECU",-0.193846797452048,0.916791273805963,8,NA,NA,NA
"control","CYP_TLS",0.617972779345831,0.512834762122098,11,NA,NA,NA
"control","CZE_GNQ",0.120603173999541,0.992008755325909,17,NA,NA,NA
"control","DJI_GHA",0.164041354733615,1.06204530091162,12,NA,NA,NA
"control","DJI_LUX",-0.445299042687894,0.69117991630421,11,NA,NA,NA
"control","DJI_NER",-0.370561796260708,1.25059926004219,9,NA,NA,NA
"control","DJI_TUN",-0.317908354554946,0.657650511203977,13,NA,NA,NA
"control","DMA_KEN",-0.0300733934186289,1.39769212383803,10,NA,NA,NA
"control","DMA_MNG",-0.0889699922031426,1.3290133304648,10,NA,NA,NA
"control","DMA_PRY",-0.227531544245514,0.869162392806483,14,NA,NA,NA
"control","DOM_ALB",0.13873415278933,0.840177475106493,15,NA,NA,NA
"control","DOM_IRN",-0.313597591090769,1.1190200506626,9,NA,NA,NA
"control","DOM_MNG",0.0957286872492655,0.734017293133512,14,NA,NA,NA
"control","DOM_MRT",-0.514804878582799,0.427278796873471,8,NA,NA,NA
"control","DOM_NPL",0.459941634650829,1.04274831529716,12,NA,NA,NA
"control","DOM_SWZ",0.10583573569218,1.03358210420586,15,NA,NA,NA
"control","DOM_ZWE",-0.280843113110238,0.226848711680648,8,NA,NA,NA
"control","DZA_BIH",0.2393975624511,0.334948616206731,17,NA,NA,NA
"control","DZA_BLR",0.175919163750929,1.13184622782806,15,NA,NA,NA
"control","DZA_COD",0.177161449564202,1.59362513374983,12,NA,NA,NA
"control","DZA_NPL",-0.217457641148679,0.597133893607375,10,NA,NA,NA
"control","ECU_COG",0.363993416050442,1.6888478465357,16,NA,NA,NA
"control","ECU_GNQ",-0.0687208903200692,0.80526996151963,8,NA,NA,NA
"control","ECU_NPL",0.0120664083962697,1.24009272774047,13,NA,NA,NA
"control","ECU_TJK",-0.139696157605211,1.24663234867563,12,NA,NA,NA
"control","ERI_IND",-0.227216337644484,0.582652251073613,16,NA,NA,NA
"control","ERI_KWT",0.367951895169422,0.516486426718843,11,NA,NA,NA
"control","ERI_MAR",-0.126521977329747,1.50404373669786,8,NA,NA,NA
"control","ERI_NZL",0.0639856210862764,0.964844033768889,17,NA,NA,NA
"control","ERI_PAK",0.54997542669392,0.885191494169143,16,NA,NA,NA
"control","ERI_ROU",0.303589632172976,0.626566455870896,8,NA,NA,NA
"control","ESH_PAK",-0.069596313445804,0.745672058799209,11,NA,NA,NA
"control","ESH_THA",-0.765185201620957,0.698717712330571,11,NA,NA,NA
"control","EST_SWZ",0.128759148857313,0.466120673112952,9,NA,NA,NA
"control","ETH_BIH",-0.259666850145296,0.507228489358663,17,NA,NA,NA
"control","ETH_GEO",0.348895005271484,1.07530128885895,17,NA,NA,NA
"control","ETH_SYR",-0.0577093659599664,1.08990260050057,15,NA,NA,NA
"control","FJI_AND",-0.156256642866876,2.12477833164865,11,NA,NA,NA
"control","FJI_IRN",0.190141782285491,1.19164036377387,8,NA,NA,NA
"control","FLK_BIH",0.0154641465814036,0.639648624332923,17,NA,NA,NA
"control","FLK_BRA",-0.104597832652054,1.24079562036014,15,NA,NA,NA
"control","FLK_GRL",0.432972141330094,0.494205145898589,11,NA,NA,NA
"control","FLK_PAK",-0.321754957763812,1.44930097479894,12,NA,NA,NA
"control","FRO_SAU",-0.184014341420872,2.13591166105342,8,NA,NA,NA
"control","GAB_AZE",0.0576244559166893,0.906262007375391,10,NA,NA,NA
"control","GAB_DOM",0.0679152429756908,1.80296866068406,17,NA,NA,NA
"control","GAB_FJI",0.25737029242144,0.193951067817718,8,NA,NA,NA
"control","GEO_BEN",0.113812022279436,1.17158501925686,14,NA,NA,NA
"control","GEO_BIH",0.181344671115438,0.359076251103034,17,NA,NA,NA
"control","GEO_KEN",-0.08851906511123,0.785815652855452,14,NA,NA,NA
"control","GEO_NCL",-0.40072774303024,0.415119817655693,13,NA,NA,NA
"control","GEO_QAT",-0.0550918404328418,1.39598744393081,16,NA,NA,NA
"control","GHA_BIH",0.182725138066405,0.528839775425069,17,NA,NA,NA
"control","GHA_MAC",0.315474160738288,0.806871783086466,9,NA,NA,NA
"control","GIB_BIH",-0.0509033862488303,1.48334016962773,13,NA,NA,NA
"control","GIB_DOM",-0.211950383912043,0.758664781132811,16,NA,NA,NA
"control","GIB_GUY",-0.163317512160617,0.685424591779297,10,NA,NA,NA
"control","GIB_KEN",0.115355780263182,0.668069438508307,10,NA,NA,NA
"control","GIB_PAK",0.297048677945626,0.770313241792253,16,NA,NA,NA
"control","GIN_NPL",0.31902384080661,0.907903073639768,10,NA,NA,NA
"control","GMB_FSM",0.00957180256379776,2.03372889434304,10,NA,NA,NA
"control","GMB_MKD",0.18997822170945,0.963079113697727,9,NA,NA,NA
"control","GNB_CZE",-0.165899709148644,0.786291703503196,9,NA,NA,NA
"control","GNB_DOM",-0.0696784601704256,0.717151385121703,9,NA,NA,NA
"control","GNB_LBN",-0.366238074271011,0.740120213219859,9,NA,NA,NA
"control","GNQ_AUS",0.141592403198153,1.59625162059548,14,NA,NA,NA
"control","GNQ_MRT",0.277770452722457,1.1274896855159,9,NA,NA,NA
"control","GRC_GUM",-0.456598433585061,1.7133657508094,15,NA,NA,NA
"control","GRD_PRY",0.4727141764516,0.867588707295015,8,NA,NA,NA
"control","GRL_BIH",0.145726964605418,0.868671038925516,11,NA,NA,NA
"control","GRL_PAK",0.206572603165772,0.638346441464525,14,NA,NA,NA
"control","GTM_AGO",0.256704887220582,0.917784613344797,14,NA,NA,NA
"control","GTM_BIH",0.096200845017042,1.02055047673927,17,NA,NA,NA
"control","GTM_MMR",-0.122884728650269,0.591442845455144,11,NA,NA,NA
"control","GUM_FIN",-0.0197947350000556,1.04979804703554,12,NA,NA,NA
"control","GUM_FJI",0.193584722520431,1.17325255610037,13,NA,NA,NA
"control","GUM_IRL",-0.400975404259832,0.915549194961896,16,NA,NA,NA
"control","GUM_WSM",0.365038411335346,0.638520616003876,10,NA,NA,NA
"control","GUY_BVT",0.0161243178605007,0.591368345961965,8,NA,NA,NA
"control","HKG_STP",0.180828512351228,1.1238818942994,17,NA,NA,NA
"control","HMD_CZE",-0.511970690544475,2.02772563337709,10,NA,NA,NA
"control","HND_KEN",-0.15563018353673,1.30845973878249,12,NA,NA,NA
"control","HND_LUX",-0.498921813605421,0.357571482581696,8,NA,NA,NA
"control","HND_SYC",-0.136859039378156,0.855473914175532,9,NA,NA,NA
"control","HTI_BIH",-0.127359907898482,0.5947960436968,17,NA,NA,NA
"control","HTI_MKD",-0.400594885519,1.38997352494411,10,NA,NA,NA
"control","HTI_SEN",-0.0147690008120485,1.11203907221755,8,NA,NA,NA
"control","IND_ABW",0.0801910656349657,0.565042019641854,17,NA,NA,NA
"control","IND_ERI",0.376770939950702,0.742518369561607,17,NA,NA,NA
"control","IND_FSM",0.0996703412001618,0.608097824716446,17,NA,NA,NA
"control","IND_MNP",-0.0577129136073394,1.05079560461673,17,NA,NA,NA
"control","IOT_BIH",-0.243850857871654,0.346758681061683,13,NA,NA,NA
"control","IOT_KAZ",-0.272126688678858,0.883485151153814,9,NA,NA,NA
"control","IOT_NZL",0.277834910973192,0.942116330593559,16,NA,NA,NA
"control","ISL_NPL",-0.135193514160457,0.825430340253431,13,NA,NA,NA
"control","ISR_AFG",0.165471339857075,0.621466573818136,16,NA,NA,NA
"control","ISR_DZA",-0.13853268541605,1.1230209831348,10,NA,NA,NA
"control","ISR_FLK",-0.411414474779171,0.591812827546694,13,NA,NA,NA
"control","ISR_IRQ",-0.155975712343733,1.12157019374804,11,NA,NA,NA
"control","ITA_BVT",0.590001893066223,0.737912626957767,11,NA,NA,NA
"control","JAM_BIH",0.304357871367745,1.44973138678727,11,NA,NA,NA
"control","JAM_MNG",0.281533056093483,0.873659584074935,10,NA,NA,NA
"control","JOR_BWA",-0.4119963391781,1.60937658958566,12,NA,NA,NA
"control","JOR_MDV",-0.00742112941295298,1.28051546058626,17,NA,NA,NA
"control","KAZ_BIH",-0.314036327174127,0.743471652680701,17,NA,NA,NA
"control","KAZ_BOL",-0.0581587713952842,1.4363951735085,15,NA,NA,NA
"control","KAZ_GAB",-0.0202598873691873,1.23261377815572,15,NA,NA,NA
"control","KAZ_GNQ",0.131244535948029,0.658349627490821,9,NA,NA,NA
"control","KAZ_SEN",-0.0727814760512641,0.647443722368189,16,NA,NA,NA
"control","KAZ_TCD",0.466735050659155,0.624982811425234,10,NA,NA,NA
"control","KAZ_UGA",0.0690956923546938,2.01820927382335,12,NA,NA,NA
"control","KEN_ATG",-0.0461041618602991,0.719429341643098,14,NA,NA,NA
"control","KEN_BTN",-0.0792686710614615,0.155519614263957,12,NA,NA,NA
"control","KEN_LAO",0.373557116511109,0.756830597613546,9,NA,NA,NA
"control","KEN_MDA",-0.0441304037690853,1.24154215825142,17,NA,NA,NA
"control","KEN_MNG",0.43424483984782,0.880864431088311,11,NA,NA,NA
"control","KEN_NRU",-0.195734323278743,1.48770046432555,8,NA,NA,NA
"control","KEN_SLB",0.719726252102115,1.2314708613836,9,NA,NA,NA
"control","KEN_UZB",0.320106700131078,1.06774623357236,11,NA,NA,NA
"control","KGZ_BGD",-0.00695076259017128,0.697137305176056,13,NA,NA,NA
"control","KGZ_BIH",-0.228488877345125,0.828112627845879,17,NA,NA,NA
"control","KGZ_BOL",0.473219035277377,1.0733963656815,12,NA,NA,NA
"control","KGZ_ECU",-0.120714453674537,0.742142666197719,10,NA,NA,NA
"control","KGZ_GHA",-0.762821532521088,0.69945101806954,12,NA,NA,NA
"control","KGZ_KEN",-0.396274528558142,1.51324684231831,13,NA,NA,NA
"control","KGZ_KWT",0.435120886183281,0.824302007666934,17,NA,NA,NA
"control","KGZ_LBY",0.0397988832181315,0.893931676434851,9,NA,NA,NA
"control","KHM_AFG",-0.578066749405621,1.28492306618978,12,NA,NA,NA
"control","KHM_BIH",-0.230752975031492,1.24399391991409,17,NA,NA,NA
"control","KIR_BIH",0.00280405319576693,0.212284176218424,15,NA,NA,NA
"control","KIR_DOM",0.150095938740518,1.00937096705999,13,NA,NA,NA
"control","KNA_BIH",0.0855374009399853,0.511654028916433,16,NA,NA,NA
"control","KNA_PER",0.0697928981331786,1.44656045229354,13,NA,NA,NA
"control","KNA_UKR",-0.0624993103293227,1.03768952215682,12,NA,NA,NA
"control","KNA_ZWE",0.688967496374924,0.986734867692257,8,NA,NA,NA
"control","KOR_SGS",-0.0287244163610199,0.740281327360608,13,NA,NA,NA
"control","KWT_BRB",0.0736026807703415,0.765220790647154,8,NA,NA,NA
"control","KWT_GNB",0.0853366187078657,0.375040185772257,10,NA,NA,NA
"control","KWT_LSO",-0.0978268522018802,1.24264913678395,10,NA,NA,NA
"control","KWT_NIC",-0.14960043149774,0.667730317149113,11,NA,NA,NA
"control","LAO_BIH",0.2283428262129,0.952297966726913,17,NA,NA,NA
"control","LAO_BLR",-0.22508847888394,0.692402782054578,17,NA,NA,NA
"control","LAO_MAR",0.0925860123633176,0.914389332648423,17,NA,NA,NA
"control","LAO_MNG",0.507012834567833,0.910535929345685,9,NA,NA,NA
"control","LBN_FJI",-0.225380440165397,1.41081290935699,8,NA,NA,NA
"control","LBN_KNA",0.1154400880629,0.451503542261193,11,NA,NA,NA
"control","LBN_STP",0.269875688027698,0.656561099944634,17,NA,NA,NA
"control","LBY_HKG",0.017330915397069,1.00047817912221,15,NA,NA,NA
"control","LCA_RUS",0.451415369898749,1.02298931896941,16,NA,NA,NA
"control","LSO_KAZ",0.185713756530787,0.696492929043808,14,NA,NA,NA
"control","LUX_GUM",0.215422195641784,1.17910423729208,16,NA,NA,NA
"control","LVA_BWA",-0.196901762712092,1.29089120624221,10,NA,NA,NA
"control","LVA_COK",0.0403642076925074,0.950435255376999,11,NA,NA,NA
"control","LVA_ETH",0.179236831346632,0.72082784164928,17,NA,NA,NA
"control","LVA_GAB",0.382655835645998,1.56002892708989,14,NA,NA,NA
"control","MAC_FJI",-0.1261484204385,0.782889462239661,16,NA,NA,NA
"control","MAC_KAZ",-0.242284936138664,0.348089135803157,17,NA,NA,NA
"control","MAR_FSM",-0.165875044330443,1.57355161670342,10,NA,NA,NA
"control","MAR_STP",0.272329073396422,0.612338963380196,10,NA,NA,NA
"control","MAR_TJK",-0.527721592320132,0.829471619615526,8,NA,NA,NA
"control","MDA_MEX",-0.228838272634758,0.877757227145002,17,NA,NA,NA
"control","MDA_ZWE",0.0597790664536275,3.06826792542988,10,NA,NA,NA
"control","MDG_AFG",-0.0306394858881432,1.39106902303308,11,NA,NA,NA
"control","MDG_BIH",-0.555099429924565,1.45041858036011,17,NA,NA,NA
"control","MDG_BMU",0.571194847055495,1.79227318013375,11,NA,NA,NA
"control","MDV_DOM",-0.138095278011641,1.05270725887453,11,NA,NA,NA
"control","MDV_MAC",-0.28546051432254,1.93118166003841,8,NA,NA,NA
"control","MHL_GHA",-0.239004801098594,0.362693064285378,11,NA,NA,NA
"control","MHL_LTU",0.379727131197716,2.0226601535087,8,NA,NA,NA
"control","MHL_NCL",-0.0108585784665508,1.01849277724168,9,NA,NA,NA
"control","MKD_BGD",-0.103809635682676,0.597985396398828,14,NA,NA,NA
"control","MKD_LKA",-0.177872471855706,1.59083693082998,12,NA,NA,NA
"control","MKD_SUR",-0.162768333418587,0.917478981057343,14,NA,NA,NA
"control","MLI_BHR",0.121395216509135,1.12918875932634,14,NA,NA,NA
"control","MLI_BIH",-0.209702600136171,1.21712178567452,17,NA,NA,NA
"control","MLI_BWA",0.222775274439593,0.614730371410808,12,NA,NA,NA
"control","MLI_NPL",-0.375045640572341,0.958459169770077,10,NA,NA,NA
"control","MLT_IRQ",-0.45595041957853,0.913126731831932,17,NA,NA,NA
"control","MLT_STP",0.340997578591653,0.90911870039703,12,NA,NA,NA
"control","MLT_VAT",-0.167010645779249,0.766345646808059,10,NA,NA,NA
"control","MMR_BIH",-0.0309634469319564,1.71761665362048,17,NA,NA,NA
"control","MMR_MNG",-0.068777178986087,0.499286920422289,10,NA,NA,NA
"control","MNG_CRI",0.124558690513865,0.670593617081673,9,NA,NA,NA
"control","MNG_FJI",0.272291180383808,0.846501029319161,17,NA,NA,NA
"control","MNG_IRN",-0.0299864114899824,0.559447850078142,10,NA,NA,NA
"control","MNG_LVA",0.350596000264882,1.95555397561384,12,NA,NA,NA
"control","MNP_FSM",-0.0811889608014778,0.328406522689545,11,NA,NA,NA
"control","MOZ_AFG",-0.131973885183507,0.786863542521961,13,NA,NA,NA
"control","MOZ_BIH",-0.0755413885102953,0.868467417145841,16,NA,NA,NA
"control","MOZ_MNG",0.613969616064713,1.19803383079779,9,NA,NA,NA
"control","MOZ_PAN",-0.151505273125152,1.06075165233617,13,NA,NA,NA
"control","MRT_BIH",-0.0652138144991752,1.14677912783374,17,NA,NA,NA
"control","MRT_BRB",0.675239741335566,0.634171372052832,8,NA,NA,NA
"control","MRT_IND",0.0208141150094735,0.973899641743941,17,NA,NA,NA
"control","MRT_SYR",-0.356897197140108,1.12826844812821,11,NA,NA,NA
"control","MUS_BIH",0.0768882919530685,0.805594196749751,17,NA,NA,NA
"control","MWI_ARM",-0.213875814909911,1.21186192088205,15,NA,NA,NA
"control","MWI_BRN",-0.0964691092975032,1.04421603490911,14,NA,NA,NA
"control","MWI_HTI",-0.0502083960986549,0.60343223821022,10,NA,NA,NA
"control","NAM_DZA",-0.0626618979460189,1.11219530609563,17,NA,NA,NA
"control","NAM_GRL",0.0690313090191496,0.843322080017495,14,NA,NA,NA
"control","NAM_MHL",0.021010702248825,0.952845560298707,14,NA,NA,NA
"control","NAM_MKD",-0.294310695565807,0.888187645280148,10,NA,NA,NA
"control","NAM_SHN",0.37168362427787,1.0448456333726,16,NA,NA,NA
"control","NCL_BIH",0.346991166871832,1.2763436845054,13,NA,NA,NA
"control","NCL_COM",0.407101567466136,1.42577712248664,9,NA,NA,NA
"control","NER_ALB",0.0375059833963544,0.496409966053207,8,NA,NA,NA
"control","NER_BHR",-0.133033586331074,0.955206772883718,13,NA,NA,NA
"control","NER_BIH",0.0911621529978361,0.985448663137327,16,NA,NA,NA
"control","NER_FJI",0.518803109784955,1.23787091412233,13,NA,NA,NA
"control","NER_NPL",0.184629887693669,1.23502166509295,8,NA,NA,NA
"control","NER_PRY",-0.029752174628637,0.538981521701412,8,NA,NA,NA
"control","NER_UKR",-0.247871051055742,2.012581598131,15,NA,NA,NA
"control","NFK_IRL",-0.420903197413773,0.840534795325008,14,NA,NA,NA
"control","NGA_DOM",-0.0349351304030062,1.19860316059185,15,NA,NA,NA
"control","NIC_VCT",0.0914819877237458,1.23426140862006,14,NA,NA,NA
"control","NPL_MDA",0.517048028442744,1.28322922223516,14,NA,NA,NA
"control","NPL_MDG",-0.530197031186165,2.00312043429265,13,NA,NA,NA
"control","NRU_KAZ",-0.223931193372505,0.763576343267958,14,NA,NA,NA
"control","NRU_KEN",-0.828842473687001,0.602809662666811,9,NA,NA,NA
"control","NRU_MOZ",-0.414364098196998,0.675325681554222,9,NA,NA,NA
"control","NRU_MUS",0.30017171683277,0.555577903899163,12,NA,NA,NA
"control","NRU_PAK",0.59987664663643,0.695925844096548,13,NA,NA,NA
"control","OMN_BLZ",-0.450315403533,1.79420317397438,8,NA,NA,NA
"control","PAK_ABW",-0.121816381201405,0.670406267800648,17,NA,NA,NA
"control","PAK_AGO",-0.129323131635519,0.335789355070633,17,NA,NA,NA
"control","PAK_ERI",0.0179403655497643,0.894053046979014,16,NA,NA,NA
"control","PAK_ESH",-0.571550475483524,1.37269046415449,11,NA,NA,NA
"control","PAK_FSM",-0.185927283899392,0.579534382752389,12,NA,NA,NA
"control","PAK_GIB",-0.0417179303190221,1.82500898561176,14,NA,NA,NA
"control","PAK_GUM",-0.0370806780648816,1.56825274242422,16,NA,NA,NA
"control","PAK_PLW",-0.0204342254111186,1.04828976143777,12,NA,NA,NA
"control","PAK_TLS",0.142541553028585,0.508586227236014,13,NA,NA,NA
"control","PAK_TON",0.565361270545007,0.515472050567,16,NA,NA,NA
"control","PAN_WSM",0.0313311397504915,0.351304978247792,11,NA,NA,NA
"control","PER_ASM",0.00816007370164131,0.930444085747737,13,NA,NA,NA
"control","PER_GUM",0.000483211181691395,0.877735398290877,12,NA,NA,NA
"control","PER_VGB",-0.0283092851015562,1.33596770580135,17,NA,NA,NA
"control","PHL_MSR",-0.403035146098158,1.33662529090147,8,NA,NA,NA
"control","PLW_FSM",0.38148827685753,0.659186530429962,16,NA,NA,NA
"control","PNG_BIH",-0.359759000206952,2.58123763979791,10,NA,NA,NA
"control","POL_FSM",0.385397000221691,1.11121918624753,14,NA,NA,NA
"control","PRK_BIH",-0.214478954051642,1.16593599002557,17,NA,NA,NA
"control","PRK_COM",1.1333951114505,0.82001225473009,8,NA,NA,NA
"control","PRK_YEM",-0.214980354575102,0.821756808567093,15,NA,NA,NA
"control","PRY_GEO",0.220821034996811,1.11829724191242,13,NA,NA,NA
"control","PRY_GNQ",0.0601779174037272,0.647923261084128,17,NA,NA,NA
"control","PRY_KEN",0.440552177128551,0.418825827757466,8,NA,NA,NA
"control","PRY_LBY",-0.511583576692324,0.659918358399977,13,NA,NA,NA
"control","PRY_PSE",-0.0658281934159333,1.50891642795946,17,NA,NA,NA
"control","PRY_SLE",0.294793209536015,0.401237314342439,10,NA,NA,NA
"control","PRY_SUR",0.00237651438646313,0.550857562386592,15,NA,NA,NA
"control","PRY_UGA",-0.213205372067986,0.425832217193492,9,NA,NA,NA
"control","PRY_ZWE",-0.0430542557423147,0.643714642336183,14,NA,NA,NA
"control","PSE_AZE",0.418950720654643,1.6507843048245,9,NA,NA,NA
"control","PYF_BIH",0.743328952008639,0.931762389445444,9,NA,NA,NA
"control","PYF_TUR",-0.318021892493526,0.924365541537624,13,NA,NA,NA
"control","QAT_COM",0.233674433179043,1.10046467388011,15,NA,NA,NA
"control","QAT_KHM",-0.10047102429734,1.37576059345141,14,NA,NA,NA
"control","RUS_FLK",0.0949285684550401,1.39721079391997,9,NA,NA,NA
"control","RUS_SWZ",0.249105353000647,1.12064834961463,14,NA,NA,NA
"control","RWA_BHR",0.0111894951955891,1.15305576398774,14,NA,NA,NA
"control","SAU_FSM",-0.268529240197187,1.54152995642394,12,NA,NA,NA
"control","SAU_LSO",0.215389402661348,0.437391420849502,17,NA,NA,NA
"control","SDN_BIH",0.152388590619419,0.824339448991075,17,NA,NA,NA
"control","SDN_NPL",-0.285461130891623,0.707009626292902,12,NA,NA,NA
"control","SDN_VCT",0.0332509582515719,0.862139844675887,12,NA,NA,NA
"control","SEN_BWA",-0.241335671500713,1.15934130260768,17,NA,NA,NA
"control","SEN_FSM",-0.197567557245362,0.344731397060265,11,NA,NA,NA
"control","SGP_STP",0.43906629715696,1.25718059718163,9,NA,NA,NA
"control","SHN_BIH",-0.0279827367443929,0.646934218777795,16,NA,NA,NA
"control","SHN_PER",0.172195422302525,1.35139849810496,17,NA,NA,NA
"control","SHN_VEN",-0.354267209446841,1.186074202657,8,NA,NA,NA
"control","SLB_MUS",-0.16741418675413,0.681864009963917,9,NA,NA,NA
"control","SLE_ARM",0.654675795734804,0.685655461085383,15,NA,NA,NA
"control","SLE_BIH",0.474139318651071,1.29479196906507,17,NA,NA,NA
"control","SLE_PYF",0.130754137162948,1.11205827484559,17,NA,NA,NA
"control","SLV_BIH",-0.653784332818038,1.27365686391272,17,NA,NA,NA
"control","SLV_GEO",0.123223509789428,1.08555110558068,9,NA,NA,NA
"control","SLV_GRL",0.232450511409549,0.512801253583842,14,NA,NA,NA
"control","SMR_BIH",-0.141085226322842,0.868286192142733,14,NA,NA,NA
"control","SMR_CRI",0.123807829474033,0.451755251338805,11,NA,NA,NA
"control","SMR_KAZ",0.102546415945588,1.11001661257342,17,NA,NA,NA
"control","SMR_KWT",-0.0577533725916476,0.685366441502836,13,NA,NA,NA
"control","SMR_PAK",-0.237596115183964,0.654443651528445,10,NA,NA,NA
"control","SMR_SAU",0.0635604737091254,0.59323098929857,16,NA,NA,NA
"control","SOM_BIH",-0.557405577998777,0.945692127107063,11,NA,NA,NA
"control","STP_BIH",0.328159543921792,0.480893916985896,17,NA,NA,NA
"control","STP_HKG",0.258589132119326,0.47320529204396,10,NA,NA,NA
"control","STP_IND",-0.0512845641209586,1.44799693774278,11,NA,NA,NA
"control","SUR_BIH",0.22918764305927,1.68715490829621,17,NA,NA,NA
"control","SUR_FJI",-0.140024901558514,0.877419179472794,13,NA,NA,NA
"control","SUR_URY",-0.312912602314905,0.467420827058975,12,NA,NA,NA
"control","SWE_TLS",0.060776403208806,0.977598021213018,16,NA,NA,NA
"control","SWZ_ALB",-0.193343165114941,1.37130167785897,11,NA,NA,NA
"control","SWZ_BIH",-0.578397175213683,0.197044654385864,17,NA,NA,NA
"control","SWZ_PAN",0.0584270345672531,0.719164825198751,9,NA,NA,NA
"control","SWZ_WSM",-0.614224689685377,0.423385417011841,9,NA,NA,NA
"control","SYC_AZE",0.156331978625047,0.518080562020973,14,NA,NA,NA
"control","SYC_BIH",0.057256045024007,1.23310491781521,17,NA,NA,NA
"control","SYC_GEO",-0.0043187884754533,1.14095667977687,15,NA,NA,NA
"control","SYR_AGO",-0.116297752561158,0.772527640987888,15,NA,NA,NA
"control","SYR_BIH",0.108159585257815,0.736165422423674,17,NA,NA,NA
"control","SYR_COD",0.381752836077588,0.957175341005338,11,NA,NA,NA
"control","SYR_COG",0.0629489885300617,1.5210704296926,12,NA,NA,NA
"control","SYR_GIN",-0.214120918544526,1.80444761987062,11,NA,NA,NA
"control","SYR_LBR",-0.331080814351879,0.38987936692494,8,NA,NA,NA
"control","TCA_BEN",0.335167491595306,1.15082598959296,13,NA,NA,NA
"control","TCA_GRD",0.273816507918554,0.487349573945705,10,NA,NA,NA
"control","TCA_LKA",-0.488984380020249,0.960626531641235,9,NA,NA,NA
"control","TCA_PYF",0.242575820684581,0.912222455960054,8,NA,NA,NA
"control","TCD_LUX",-0.123267031331402,0.95578204695805,12,NA,NA,NA
"control","TGO_BIH",0.00790007320548025,0.928509858283306,10,NA,NA,NA
"control","TGO_BRB",-0.457003603169321,0.985168553635106,9,NA,NA,NA
"control","TGO_NPL",0.0394160524417388,1.04874788342774,11,NA,NA,NA
"control","THA_BIH",-0.0332252297958985,1.81588251802161,17,NA,NA,NA
"control","TJK_BGD",-0.110624300021993,0.95544902273518,9,NA,NA,NA
"control","TJK_BIH",-0.261260795351455,1.16729086990519,17,NA,NA,NA
"control","TJK_LUX",0.334074006904398,1.60551520630079,15,NA,NA,NA
"control","TKL_BIH",0.327353459214348,0.597620594261928,13,NA,NA,NA
"control","TKL_ITA",0.221191228804602,1.1412316333806,17,NA,NA,NA
"control","TKL_KAZ",0.540864812117826,0.834751236754392,8,NA,NA,NA
"control","TKM_DOM",0.560000322592621,0.915881934495896,13,NA,NA,NA
"control","TLS_BEL",-0.0320384512865029,0.890830720381651,15,NA,NA,NA
"control","TLS_CHN",-0.205782411190971,1.18354888822466,17,NA,NA,NA
"control","TLS_CRI",-0.0420436998238091,2.21032757544918,8,NA,NA,NA
"control","TLS_IND",-0.122026014515527,1.15590574016399,16,NA,NA,NA
"control","TLS_NLD",0.0400222784507569,1.74828982637875,12,NA,NA,NA
"control","TLS_NZL",-0.00589709578476855,0.603607643095351,17,NA,NA,NA
"control","TLS_PAK",-0.1728708749802,0.630904561366003,12,NA,NA,NA
"control","TLS_PER",0.346310974872805,1.5637766183982,10,NA,NA,NA
"control","TLS_USA",-0.485603283827587,1.10949240506651,11,NA,NA,NA
"control","TTO_BWA",0.178848026897195,0.768868653831284,17,NA,NA,NA
"control","TTO_ETH",-0.0473840295458305,1.11327284009029,13,NA,NA,NA
"control","TUN_FJI",0.173752972015508,1.14891434407801,14,NA,NA,NA
"control","TUR_FSM",0.0979281950970249,1.34156404056384,8,NA,NA,NA
"control","TUR_GUM",-0.261972348907445,1.34057058254318,17,NA,NA,NA
"control","TUR_TLS",-0.191212640541635,0.596969234276856,15,NA,NA,NA
"control","TUV_BIH",0.000210224429369458,0.677142368790029,15,NA,NA,NA
"control","TUV_IND",-0.117740162534997,1.04736121071837,11,NA,NA,NA
"control","TZA_CAF",-0.113964209256669,0.989546971655654,14,NA,NA,NA
"control","UGA_BIH",0.265594401382864,1.3288204971438,17,NA,NA,NA
"control","UGA_CPV",-0.174451198808381,1.37818947895488,11,NA,NA,NA
"control","UGA_GEO",-0.118204854106023,1.44990630480415,13,NA,NA,NA
"control","UGA_VCT",-0.123608024899522,1.63846645617717,14,NA,NA,NA
"control","UKR_FSM",-0.385937965915189,0.89668401264198,9,NA,NA,NA
"control","UKR_MDV",-0.062066330759111,1.58702784551486,15,NA,NA,NA
"control","UMI_CRI",-0.00079600840144356,0.668140159609624,8,NA,NA,NA
"control","UMI_RUS",-0.14199063092033,0.670317736826306,15,NA,NA,NA
"control","URY_MHL",-0.0481080145555238,0.605352151312345,13,NA,NA,NA
"control","URY_MLI",0.149971360595917,0.956919775618834,16,NA,NA,NA
"control","UZB_BIH",0.162562643968873,0.990184485665352,17,NA,NA,NA
"control","UZB_DOM",0.240946983961159,0.892185777613262,13,NA,NA,NA
"control","UZB_SYR",-0.373597482854164,1.37031725908495,10,NA,NA,NA
"control","VAT_CHN",0.0404002319288977,0.480489838829103,12,NA,NA,NA
"control","VAT_FIN",-0.190307877227666,1.18533866629458,8,NA,NA,NA
"control","VEN_MNG",0.0895570554656256,1.72754853922448,9,NA,NA,NA
"control","VGB_BIH",0.235427083206628,0.731911637640549,15,NA,NA,NA
"control","VGB_ZWE",0.127079475346339,1.17809521912821,17,NA,NA,NA
"control","VUT_BIH",-0.416823334914358,1.54746697107095,8,NA,NA,NA
"control","VUT_DOM",0.397700829744552,0.774515015347356,13,NA,NA,NA
"control","VUT_PHL",0.156111515481728,1.22407319304479,15,NA,NA,NA
"control","WLF_FJI",-0.142248995205834,0.667903466173568,15,NA,NA,NA
"control","WSM_DOM",0.147085555148039,0.920916222570489,9,NA,NA,NA
"control","WSM_ECU",0.171096452689585,1.31756378564116,13,NA,NA,NA
"control","WSM_IRL",0.0355574608868314,0.925121921458899,15,NA,NA,NA
"control","WSM_LUX",0.219274830470819,1.76996364061079,11,NA,NA,NA
"control","WSM_PAK",-0.0664825660091019,1.81991665044474,15,NA,NA,NA
"control","ZAF_GRL",0.360198352754947,1.25601056912163,17,NA,NA,NA
"control","ZAF_UMI",0.350696678442434,1.04515700001626,16,NA,NA,NA
"control","ZMB_ATG",0.300687486364394,0.595046596239819,8,NA,NA,NA
"control","ABW_YEM",0.0123640951075386,1.40976916397229,14,NA,NA,NA
"control","AFG_BIH",0.385392518925424,1.15709411910301,16,NA,NA,NA
"control","AFG_SYC",-0.275373845216523,0.437380907328331,14,NA,NA,NA
"control","AGO_KWT",0.208253669221883,0.451574459616102,12,NA,NA,NA
"control","AGO_POL",0.459000622259736,1.32440727380818,16,NA,NA,NA
"control","AGO_QAT",-0.0384195200922146,0.696298382427983,11,NA,NA,NA
"control","AIA_CHL",-0.0850886773776908,1.31794605258514,8,NA,NA,NA
"control","AIA_MOZ",-0.0282142748626929,0.972939458094471,12,NA,NA,NA
"control","ALB_KGZ",-0.133055183040228,0.742591079697072,10,NA,NA,NA
"control","ALB_MNG",0.28093410699059,0.89842283810849,8,NA,NA,NA
"control","ALB_SWZ",0.378069149391179,1.41789248964817,9,NA,NA,NA
"control","ALB_SYC",0.0674644482401065,1.28387421972237,11,NA,NA,NA
"control","ALB_VCT",-0.166660131525893,1.45000066141345,11,NA,NA,NA
"control","ALB_YEM",0.394640275615245,0.796590512280608,11,NA,NA,NA
"control","AND_ISL",-0.527850539968337,0.837158532357002,11,NA,NA,NA
"control","AND_LKA",-0.252486083380538,0.839368136178717,14,NA,NA,NA
"control","AND_MDA",0.611449543865085,0.919252470341544,16,NA,NA,NA
"control","AND_PRY",-0.438168058712426,1.02853082985057,10,NA,NA,NA
"control","AND_UZB",-0.118620203343026,0.850450886083706,8,NA,NA,NA
"control","AND_YEM",-0.0602553112994329,0.944371043884746,14,NA,NA,NA
"control","ARE_MSR",-0.0250657823377036,1.22103358156638,15,NA,NA,NA
"control","ARE_STP",0.165101331303725,1.63952482666775,16,NA,NA,NA
"control","ARG_WSM",-0.235402685567538,0.519855849687681,8,NA,NA,NA
"control","ARM_BGD",0.654008603224526,1.26526164082965,8,NA,NA,NA
"control","ARM_CIV",-0.274247411556061,0.851222873696376,11,NA,NA,NA
"control","ARM_LBY",-0.322725901598622,0.608239133567838,8,NA,NA,NA
"control","ARM_MNG",-0.226780525664508,0.531017537493514,14,NA,NA,NA
"control","ARM_YEM",0.330302776907641,0.971390239153582,15,NA,NA,NA
"control","ASM_BIH",0.200799800533656,1.57203756553459,10,NA,NA,NA
"control","ASM_FIN",-0.153149324108971,0.855373803669552,8,NA,NA,NA
"control","ASM_LUX",-0.455684746087389,0.614720696461572,13,NA,NA,NA
"control","ASM_NIC",0.0417400331409716,1.1388013465116,8,NA,NA,NA
"control","ASM_POL",-0.176521945903787,0.762351941368879,16,NA,NA,NA
"control","ASM_SWE",0.187997719875494,0.951685867252917,14,NA,NA,NA
"control","ASM_VCT",-0.139029896453022,0.974506423567579,10,NA,NA,NA
"control","ASM_YEM",0.15626432771939,0.443487545809613,13,NA,NA,NA
"control","ATA_TWN",0.494991499218437,1.47126363462493,8,NA,NA,NA
"control","ATF_BIH",-0.183587790613632,0.904430555745293,8,NA,NA,NA
"control","ATF_CHL",0.313956078714641,1.21057112351352,13,NA,NA,NA
"control","ATG_CMR",-0.0547492170075396,0.560791514182851,12,NA,NA,NA
"control","ATG_MDA",0.115076423103945,1.45659655980021,14,NA,NA,NA
"control","ATG_MOZ",0.152359383197863,1.67723359886724,16,NA,NA,NA
"control","ATG_RUS",0.0919793177807095,0.874001417005729,15,NA,NA,NA
"control","AUT_VAT",0.465277176991247,0.962719092354627,16,NA,NA,NA
"control","AZE_MLI",0.0983462566706095,0.573472799298665,10,NA,NA,NA
"control","BDI_BLR",0.104693348045079,2.14559379725614,10,NA,NA,NA
"control","BDI_ISR",0.71127205786562,0.750562280227415,11,NA,NA,NA
"control","BEL_BVT",-0.343050588502832,0.252272314037208,11,NA,NA,NA
"control","BEL_TKL",-0.0803478938463191,1.72464046794897,16,NA,NA,NA
"control","BFA_YEM",0.449107289983979,1.17150783176687,8,NA,NA,NA
"control","BGD_ARM",0.170453091300738,0.687824625166684,15,NA,NA,NA
"control","BGD_STP",0.100743170862312,0.595473871539082,10,NA,NA,NA
"control","BGD_TKL",-0.461645828715291,0.654295729007017,11,NA,NA,NA
"control","BHR_ARM",-0.598325238558875,1.01696079659124,14,NA,NA,NA
"control","BHR_DJI",0.163965487879619,0.945975952853982,16,NA,NA,NA
"control","BHR_MMR",0.36205863617818,1.09479505912158,11,NA,NA,NA
"control","BHR_VUT",0.591397562514855,0.992244833716999,9,NA,NA,NA
"control","BHS_KGZ",0.223621473360159,0.624351501600051,14,NA,NA,NA
"control","BIH_AGO",0.179350883893569,0.82917383114139,15,NA,NA,NA
"control","BIH_CUB",-0.293455494177018,1.15249864073714,11,NA,NA,NA
"control","BIH_KHM",-0.0670393491779656,0.785052734508483,10,NA,NA,NA
"control","BIH_MUS",-0.358609119661977,0.838237896895889,16,NA,NA,NA
"control","BIH_PAN",0.338704484171026,1.88414091051176,8,NA,NA,NA
"control","BIH_PRY",-0.28494729982663,1.34719716871873,14,NA,NA,NA
"control","BIH_TGO",-0.0309131670844701,0.443519529435912,14,NA,NA,NA
"control","BIH_UGA",0.0237809618966889,1.17166644892948,12,NA,NA,NA
"control","BIH_VCT",0.0899450762515263,1.914801673869,14,NA,NA,NA
"control","BIH_VGB",-0.399866667785851,0.499069390778505,11,NA,NA,NA
"control","BLR_NAM",-0.0717392663761123,0.684964104349397,9,NA,NA,NA
"control","BLR_NER",-0.114371723480909,0.766320461763937,14,NA,NA,NA
"control","BLR_OMN",-0.0131308555170851,0.596448776379978,16,NA,NA,NA
"control","BOL_LUX",0.169277911574334,1.50971503701696,15,NA,NA,NA
"control","BOL_MAC",-0.399982935048841,0.782177562003012,15,NA,NA,NA
"control","BOL_VCT",-0.202474995273267,0.817090105244717,11,NA,NA,NA
"control","BRA_ASM",-0.235811950076548,1.39864812785858,15,NA,NA,NA
"control","BRA_TLS",-0.281892328033144,1.09273576995383,15,NA,NA,NA
"control","BRB_BIH",0.166676828560722,0.779408388042246,16,NA,NA,NA
"control","BRN_JOR",-0.131819418741394,0.683834728935079,12,NA,NA,NA
"control","BTN_RWA",0.153100286735809,1.17136349137948,9,NA,NA,NA
"control","BWA_GMB",-0.23350746478282,1.66683087016129,12,NA,NA,NA
"control","BWA_LBN",0.204439675430098,1.50197479888275,10,NA,NA,NA
"control","CCK_POL",-0.0540309023478758,0.7206671518503,16,NA,NA,NA
"control","CCK_SWE",-0.178256093170363,1.16872977199539,12,NA,NA,NA
"control","CHL_ABW",0.0862246782470717,0.529026919576252,16,NA,NA,NA
"control","CHN_VAT",0.123358503564448,0.652428113205231,12,NA,NA,NA
"control","CMR_ALB",0.256328537981529,2.41954676100813,15,NA,NA,NA
"control","COD_DOM",-0.28449676409482,1.0330651456892,16,NA,NA,NA
"control","COD_VCT",0.0627353255873753,1.07446484321413,14,NA,NA,NA
"control","COG_LBY",-0.284685787527111,0.887038521193112,11,NA,NA,NA
"control","COG_MDA",0.407336996388796,0.893573931282065,8,NA,NA,NA
"control","COG_SLV",-0.0206420290915731,0.555286889966353,8,NA,NA,NA
"control","COG_URY",-0.251330306391419,0.580758348235374,13,NA,NA,NA
"control","COK_UKR",-0.529325888211498,1.61698721080358,8,NA,NA,NA
"control","COL_COD",-0.161319688653928,1.03536684143421,13,NA,NA,NA
"control","COL_FSM",-0.0115554580087252,1.86434600861668,8,NA,NA,NA
"control","COM_BRB",0.507212619120767,1.7622643395793,10,NA,NA,NA
"control","COM_FJI",0.210151644248003,1.76857598328136,13,NA,NA,NA
"control","CPV_BIH",-0.325542618704781,1.21044074264619,10,NA,NA,NA
"control","CPV_BLR",-0.521149729529532,2.63633862939138,8,NA,NA,NA
"control","CRI_PSE",-0.546084530265384,0.420699481809993,14,NA,NA,NA
"control","CRI_UMI",1.12010344134453,0.414609017011344,9,NA,NA,NA
"control","CUB_NER",-0.107628940568945,0.48061536854393,11,NA,NA,NA
"control","CXR_PAK",0.442475086531004,0.466834891141944,14,NA,NA,NA
"control","CYM_PRY",0.1617549855136,1.44144756301783,8,NA,NA,NA
"control","DJI_BIH",-0.406119352583084,0.570707258096693,10,NA,NA,NA
"control","DJI_DOM",0.144094199902669,0.605844323151831,9,NA,NA,NA
"control","DJI_GTM",-0.522420810829068,1.1545178842415,14,NA,NA,NA
"control","DJI_HRV",0.251885187433381,0.412879200581435,8,NA,NA,NA
"control","DJI_MAR",0.136081470455235,1.26531492636279,9,NA,NA,NA
"control","DMA_BIH",-0.322038847627884,1.46489462023074,15,NA,NA,NA
"control","DMA_PAK",0.0342088357388694,1.12292863879369,11,NA,NA,NA
"control","DNK_NFK",0.212110165790142,1.00178387724175,9,NA,NA,NA
"control","DOM_IRQ",0.3893891933862,1.74311019795238,14,NA,NA,NA
"control","DOM_SYR",0.1752907322528,1.17764345079597,8,NA,NA,NA
"control","DZA_NZL",0.133208097936093,1.1613646749854,14,NA,NA,NA
"control","ECU_MRT",0.106378035539513,0.751355110581129,12,NA,NA,NA
"control","ERI_BGD",0.132617826000993,1.08481603195288,8,NA,NA,NA
"control","ERI_BRB",-0.0941738152778365,1.36925535061239,12,NA,NA,NA
"control","ESP_TLS",-0.363931888044884,0.99668210973401,16,NA,NA,NA
"control","ETH_FJI",0.218968281741916,2.20915930817937,9,NA,NA,NA
"control","ETH_IRQ",-0.0908173162220074,1.12409123195484,13,NA,NA,NA
"control","ETH_KAZ",-0.0306126081513324,1.22690484819607,16,NA,NA,NA
"control","ETH_LUX",-0.0341311856897628,0.895035582656539,14,NA,NA,NA
"control","ETH_STP",0.203696253639063,1.54671529399494,9,NA,NA,NA
"control","FIN_PLW",-0.0725220270805219,1.008212730388,12,NA,NA,NA
"control","FIN_TLS",-0.423324360950106,0.827286385428598,12,NA,NA,NA
"control","FJI_BIH",0.00789779533510248,1.13517398052662,16,NA,NA,NA
"control","FJI_DMA",-0.324576828512368,0.886599679596138,14,NA,NA,NA
"control","FRO_BIH",-0.357590070067882,1.58454637184442,14,NA,NA,NA
"control","FSM_CHL",0.638003970450514,0.750992972442382,11,NA,NA,NA
"control","GAB_ALB",0.0766296793917113,0.480044100438718,10,NA,NA,NA
"control","GAB_KHM",0.224510341365994,1.41700632358238,9,NA,NA,NA
"control","GEO_CHL",-0.362477135386765,0.985091661812064,15,NA,NA,NA
"control","GEO_NPL",-0.00541734956763873,2.23898412252032,12,NA,NA,NA
"control","GEO_SYC",-0.0327241729727421,1.0608755911688,13,NA,NA,NA
"control","GEO_TON",-0.12277138437099,0.564452944854131,8,NA,NA,NA
"control","GEO_VCT",-0.0307704080157651,1.11168576770414,16,NA,NA,NA
"control","GIB_CHL",0.239311368213558,0.763662991263666,11,NA,NA,NA
"control","GIB_LUX",0.424599300005707,0.84633045475506,14,NA,NA,NA
"control","GIN_ARM",0.512239698104662,0.869667778944044,12,NA,NA,NA
"control","GIN_BIH",-0.534292813731006,0.614142321495007,14,NA,NA,NA
"control","GIN_BWA",0.0104620524157022,1.98555507387305,9,NA,NA,NA
"control","GIN_DOM",-0.0027399165532904,1.44169818303137,11,NA,NA,NA
"control","GIN_MDA",0.0451555154926423,0.783413538093312,9,NA,NA,NA
"control","GMB_DZA",-0.567340959906272,0.767646652442013,8,NA,NA,NA
"control","GMB_FJI",-0.274212005662189,0.908652640340484,13,NA,NA,NA
"control","GMB_HND",-0.426751591211651,0.843753131055579,13,NA,NA,NA
"control","GMB_SVK",0.146052678892962,0.434489686527476,9,NA,NA,NA
"control","GMB_SYC",0.0664948493741437,1.38904395332563,8,NA,NA,NA
"control","GNB_SVK",0.416487565764926,0.588688592665539,8,NA,NA,NA
"control","GNQ_NER",-0.324910265611314,1.0564297758795,11,NA,NA,NA
"control","GNQ_STP",-0.410261909632839,0.295697665469788,13,NA,NA,NA
"control","GRD_BIH",0.0297981965882911,1.31887930413652,8,NA,NA,NA
"control","GRL_HKG",0.542076663028835,0.32802645561181,8,NA,NA,NA
"control","GRL_MKD",0.253342549112079,1.1646604354288,9,NA,NA,NA
"control","GUM_PER",-0.284350954695605,1.19562005326264,9,NA,NA,NA
"control","GUM_POL",0.231699403803892,1.14872789392127,15,NA,NA,NA
"control","GUM_SDN",0.548350190623702,0.708440847188288,8,NA,NA,NA
"control","GUM_SWE",-0.187327874978097,0.812695539027634,13,NA,NA,NA
"control","GUY_COG",-0.22185425607329,1.20439607611336,8,NA,NA,NA
"control","HKG_VAT",0.325442398885356,0.527160421341528,13,NA,NA,NA
"control","HMD_CRI",-0.384077066944561,1.47872068733704,9,NA,NA,NA
"control","HMD_GBR",-0.393924472288018,1.31998648840306,9,NA,NA,NA
"control","HMD_MEX",0.786738811868674,0.374180145925933,8,NA,NA,NA
"control","HMD_POL",-0.248279600792685,0.594620369045155,10,NA,NA,NA
"control","HMD_SVK",0.0686711830634538,0.53097211697625,15,NA,NA,NA
"control","HMD_ZAF",0.0847910778225194,0.789516295567242,9,NA,NA,NA
"control","HTI_MOZ",-0.474819049913746,1.45210522559912,11,NA,NA,NA
"control","IND_ATA",0.501293655651636,0.739758408729599,11,NA,NA,NA
"control","IND_HMD",-0.230925026905779,1.39529855882822,11,NA,NA,NA
"control","IND_UMI",-0.22481852685179,1.03817105376574,13,NA,NA,NA
"control","IOT_LKA",-0.170524297157756,0.544678163672261,8,NA,NA,NA
"control","IRL_TLS",0.00887256994347979,0.893301557395862,10,NA,NA,NA
"control","IRN_MNG",-0.207934540104262,0.779713193658625,12,NA,NA,NA
"control","IRQ_BIH",-0.144450138219485,0.373046759198288,11,NA,NA,NA
"control","IRQ_POL",0.0588868046957204,0.886802003176912,16,NA,NA,NA
"control","IRQ_UKR",-0.376458830069331,1.30152781151653,15,NA,NA,NA
"control","ISL_FSM",-0.178897401822465,1.59232304352151,8,NA,NA,NA
"control","ISL_SYR",0.219567621019698,0.476496404878824,10,NA,NA,NA
"control","ISR_LBY",-0.253064088516775,1.03960351466609,10,NA,NA,NA
"control","ISR_LSO",0.36371090075285,1.25720101338554,16,NA,NA,NA
"control","ISR_SLB",0.202881439896145,0.687555251018105,14,NA,NA,NA
"control","ISR_VUT",-0.266394083473871,1.00030556667304,14,NA,NA,NA
"control","JAM_GUM",0.30708230366858,0.543829393080067,12,NA,NA,NA
"control","JOR_HTI",0.275593280792386,0.372789669655405,11,NA,NA,NA
"control","KAZ_BRN",0.44371952785618,2.2891943570148,14,NA,NA,NA
"control","KAZ_KHM",-0.419914757429843,1.09882032547762,9,NA,NA,NA
"control","KAZ_LBY",-0.0174556382888029,1.24069157748762,15,NA,NA,NA
"control","KAZ_TGO",-0.122325744678117,0.826374502106366,8,NA,NA,NA
"control","KEN_ASM",0.243089072915227,0.933388685535688,11,NA,NA,NA
"control","KEN_FSM",0.264893815137705,0.345309833805179,9,NA,NA,NA
"control","KEN_HTI",0.371199952324005,1.44417977717664,12,NA,NA,NA
"control","KEN_PLW",-0.242089268456808,1.3956272314551,10,NA,NA,NA
"control","KEN_VCT",0.575692189037618,1.13929846030669,14,NA,NA,NA
"control","KGZ_BEN",0.334231608909646,0.226208847285757,8,NA,NA,NA
"control","KGZ_DOM",0.25084143505083,1.02505730471601,15,NA,NA,NA
"control","KGZ_MLT",-0.229254829399996,0.462697800724849,9,NA,NA,NA
"control","KGZ_PHL",-0.184304937046425,1.20711229627148,15,NA,NA,NA
"control","KGZ_QAT",0.281070458907012,1.05436363691629,15,NA,NA,NA
"control","KHM_MNG",0.0606682251328249,1.89723715620916,13,NA,NA,NA
"control","KHM_TLS",-0.0683142954945958,0.325544228698108,8,NA,NA,NA
"control","KHM_YEM",0.134059028270935,2.17110030181059,9,NA,NA,NA
"control","KIR_CRI",0.0634110787755904,0.371787141731117,13,NA,NA,NA
"control","KIR_PAK",-0.410261770496964,0.85206239814745,11,NA,NA,NA
"control","KIR_POL",-0.484454507199541,0.826472702209431,12,NA,NA,NA
"control","KNA_BDI",0.257005554952262,0.6088472326173,9,NA,NA,NA
"control","KNA_BOL",0.465770907799645,0.58393041701647,8,NA,NA,NA
"control","KWT_BWA",-0.0491172742662449,0.894285414153093,10,NA,NA,NA
"control","LAO_BOL",0.0857132865453527,1.22529787535228,15,NA,NA,NA
"control","LAO_YEM",0.0435127829601563,1.12688325018003,12,NA,NA,NA
"control","LBN_KHM",-0.563540888973363,0.813706891366084,14,NA,NA,NA
"control","LBR_BOL",0.150083077013973,0.297334722228319,10,NA,NA,NA
"control","LBR_MWI",0.0883721892893032,0.468637754433061,11,NA,NA,NA
"control","LBR_YEM",-0.167252207388169,0.792787887292248,8,NA,NA,NA
"control","LBY_BIH",-0.320210193337313,0.827661268736944,16,NA,NA,NA
"control","LBY_USA",0.308979778709494,0.702091131718653,16,NA,NA,NA
"control","LCA_NIC",0.614195207260994,0.581646109524559,8,NA,NA,NA
"control","LCA_SWZ",-0.394474905496691,0.177274600843679,9,NA,NA,NA
"control","LIE_RUS",0.207591464787417,1.15886446296479,8,NA,NA,NA
"control","LKA_ERI",-0.0777202967365291,0.493220676560566,10,NA,NA,NA
"control","LKA_MSR",-0.0876973861012865,0.833050741799976,8,NA,NA,NA
"control","LKA_TLS",0.540843315539065,0.638561958278743,13,NA,NA,NA
"control","LKA_UMI",-0.0785132589280214,0.490264498909918,15,NA,NA,NA
"control","LSO_JOR",-0.167433854255663,0.925342734316078,8,NA,NA,NA
"control","LSO_MKD",-0.11908105841659,1.0765401248642,9,NA,NA,NA
"control","LSO_NIC",-0.340895662840603,0.909382655526345,14,NA,NA,NA
"control","LSO_PER",0.206804907022914,1.07287780135092,16,NA,NA,NA
"control","LSO_POL",0.589551610709384,0.52406926159513,11,NA,NA,NA
"control","LSO_PRY",0.377767792283615,1.29029007635863,8,NA,NA,NA
"control","LSO_RUS",-0.254792099932576,0.730771152829742,16,NA,NA,NA
"control","LSO_SVK",0.503289091281327,0.996200665604131,10,NA,NA,NA
"control","LUX_TLS",-0.270693737237522,1.94063367398234,8,NA,NA,NA
"control","LVA_ZMB",0.362441554054105,0.572558500629199,16,NA,NA,NA
"control","MAR_MNG",0.38385170046452,0.754155090906002,11,NA,NA,NA
"control","MDA_CRI",-0.245631850717739,0.863645247817577,13,NA,NA,NA
"control","MDA_DOM",0.0762148501689119,0.872251858150902,14,NA,NA,NA
"control","MDA_ETH",-0.095486162554581,0.843956099497541,11,NA,NA,NA
"control","MDA_IRQ",-0.199230221613723,0.91433489979204,16,NA,NA,NA
"control","MDA_QAT",-0.26516796564358,0.798170586489202,10,NA,NA,NA
"control","MDA_SDN",0.140440313134886,0.560584339039316,16,NA,NA,NA
"control","MDG_KGZ",-0.354517794611728,0.452547261573201,11,NA,NA,NA
"control","MEX_PSE",-0.0826071683278564,1.00201670666944,15,NA,NA,NA
"control","MEX_SLB",0.413029486214475,1.60038199444402,13,NA,NA,NA
"control","MHL_IND",0.509512365995588,1.26761437643372,16,NA,NA,NA
"control","MHL_NAM",-0.0178058909257102,0.553462124293605,11,NA,NA,NA
"control","MHL_SVN",-0.174593294599885,1.22859945225224,13,NA,NA,NA
"control","MLI_KNA",0.139793284847501,0.904135118269086,12,NA,NA,NA
"control","MLT_MNG",-0.0438496585407172,1.29607825421919,13,NA,NA,NA
"control","MMR_BWA",0.0697543336494021,1.59381905499207,14,NA,NA,NA
"control","MMR_KAZ",-0.156625147180797,0.911670318749816,16,NA,NA,NA
"control","MMR_PNG",0.591217766559218,0.491032689859999,9,NA,NA,NA
"control","MMR_SYR",0.171499338212722,1.2644878432348,10,NA,NA,NA
"control","MNG_BIH",0.0553585288489326,1.47586527100522,16,NA,NA,NA
"control","MNG_BOL",0.121905797719478,0.556010113915089,12,NA,NA,NA
"control","MNG_MAR",-0.268679595964186,1.55499331209641,14,NA,NA,NA
"control","MNG_PRY",-0.327315499845683,0.689360309797013,9,NA,NA,NA
"control","MNP_CZE",0.107790892027142,0.593558839790009,14,NA,NA,NA
"control","MNP_PAK",-0.646937489681797,0.913448494772698,12,NA,NA,NA
"control","MNP_POL",-0.253288452319198,1.84603633867532,15,NA,NA,NA
"control","MOZ_VUT",-0.190091988745569,0.366770386941316,8,NA,NA,NA
"control","MOZ_YEM",0.16968710822004,0.592613257116849,8,NA,NA,NA
"control","MRT_BDI",0.0713004804729079,0.710202373211729,12,NA,NA,NA
"control","MRT_COM",-0.314948457446356,0.888275341183058,10,NA,NA,NA
"control","MRT_ECU",0.671603667755421,1.23364278485426,11,NA,NA,NA
"control","MRT_SYC",0.180227029560916,0.336150362758313,12,NA,NA,NA
"control","MSR_PAK",-0.155546503980192,0.959724568769792,14,NA,NA,NA
"control","MSR_PRY",-0.23498363328386,0.643102871358609,12,NA,NA,NA
"control","MUS_AFG",0.127114124751734,0.542550140149824,8,NA,NA,NA
"control","MUS_VAT",-0.423982365927577,0.649499132272128,9,NA,NA,NA
"control","MWI_ALB",-0.163220784373929,1.69475703817545,9,NA,NA,NA
"control","NAM_BFA",-0.50172888837475,1.4211930132823,10,NA,NA,NA
"control","NAM_IOT",-0.620633604324004,1.17848492377623,12,NA,NA,NA
"control","NAM_IRQ",-0.150897183854877,0.652025865453826,9,NA,NA,NA
"control","NAM_LBY",-0.109936279916247,1.29438551026301,12,NA,NA,NA
"control","NAM_NCL",0.231248752818995,0.752729770039274,12,NA,NA,NA
"control","NCL_GTM",-0.0758726877480045,0.494687453343497,10,NA,NA,NA
"control","NCL_YEM",-0.29098284320038,1.11666058359811,12,NA,NA,NA
"control","NER_BRN",-0.379024695889143,0.782763506518154,9,NA,NA,NA
"control","NER_ECU",-0.205060548585778,1.24502879803685,11,NA,NA,NA
"control","NER_HRV",0.6256538728577,0.683790546461741,10,NA,NA,NA
"control","NFK_PAK",0.00689413129876514,0.722302942969337,15,NA,NA,NA
"control","NFK_ZAF",0.0183872359456765,0.938425826717595,12,NA,NA,NA
"control","NGA_BIH",-0.364722403055188,1.11060297753675,16,NA,NA,NA
"control","NIC_FJI",0.421345895762541,1.70610673095702,14,NA,NA,NA
"control","NIC_MNG",-0.260222732416221,0.766047390703759,10,NA,NA,NA
"control","NIC_SYC",0.0229150682498891,0.644341777602853,10,NA,NA,NA
"control","NIU_POL",0.301631971174116,1.46612759261376,16,NA,NA,NA
"control","NIU_SWE",-0.342014648855909,0.767318290271603,10,NA,NA,NA
"control","NPL_BIH",-0.0296039109538473,2.24121690862727,16,NA,NA,NA
"control","NPL_NIC",-0.109053343753667,1.26925093728691,13,NA,NA,NA
"control","NPL_PRY",-0.580822726495912,0.298056062005951,8,NA,NA,NA
"control","NRU_CHN",-0.23931621065631,1.45197688302587,12,NA,NA,NA
"control","OMN_GNQ",-0.12795769132193,2.03569431516074,11,NA,NA,NA
"control","OMN_PNG",0.139981456732353,0.987987751181835,13,NA,NA,NA
"control","OMN_PRY",-0.207327396462042,1.05759970615184,14,NA,NA,NA
"control","PAN_PSE",-0.342086792434099,2.88591426639364,12,NA,NA,NA
"control","PCN_IND",-0.0667888211024937,1.46549356680168,10,NA,NA,NA
"control","PCN_PAK",0.270548996332921,1.5447572027657,14,NA,NA,NA
"control","PER_GNB",0.459115331170394,1.18435598441019,11,NA,NA,NA
"control","PER_KHM",0.0880961985025426,0.73902415709062,15,NA,NA,NA
"control","PHL_AIA",-0.417856549391684,0.313776574310323,8,NA,NA,NA
"control","PLW_DOM",-0.328627754428401,0.97875301047949,13,NA,NA,NA
"control","PLW_PAK",-0.450108389405546,1.4444012891619,12,NA,NA,NA
"control","PLW_TUR",0.0858036138271801,1.23216206174273,11,NA,NA,NA
"control","PNG_BOL",-0.57633596499259,0.788922859547936,8,NA,NA,NA
"control","POL_BVT",-0.455628334894968,0.721684958088264,8,NA,NA,NA
"control","POL_GNQ",0.0371050712213246,0.748246805320262,16,NA,NA,NA
"control","PRY_ARM",-0.206720556300551,0.997574054369208,16,NA,NA,NA
"control","PRY_BIH",0.429298290115555,0.986797040633472,15,NA,NA,NA
"control","PRY_GMB",0.275961566608939,0.538868764474983,14,NA,NA,NA
"control","PYF_IND",-0.193875018265454,1.14143915446329,16,NA,NA,NA
"control","QAT_BWA",-0.0490515781192036,0.633719543080001,14,NA,NA,NA
"control","QAT_CPV",-0.604982302920758,1.37458782346605,12,NA,NA,NA
"control","QAT_EST",0.0131929082518606,1.56101170773851,15,NA,NA,NA
"control","QAT_RWA",0.242297699512236,1.13588703905072,15,NA,NA,NA
"control","QAT_SYC",0.124178462044067,0.497347299185869,16,NA,NA,NA
"control","RUS_LSO",-0.0626927434191709,0.73026918841972,10,NA,NA,NA
"control","RWA_BIH",-0.0804712775097821,0.617988667848054,13,NA,NA,NA
"control","RWA_CAF",-0.0818701643381918,1.6956279975416,11,NA,NA,NA
"control","RWA_KWT",0.218245172347443,0.95239347488162,12,NA,NA,NA
"control","RWA_PRK",-0.492933456247677,0.681194221132839,8,NA,NA,NA
"control","RWA_SLE",-0.0730106768717696,0.491986256963359,10,NA,NA,NA
"control","SDN_PRY",-0.159679830561583,1.25826004548801,10,NA,NA,NA
"control","SEN_AFG",-0.0595685548873554,0.753848870352445,16,NA,NA,NA
"control","SEN_ARM",-0.353818709339382,1.09607127075892,14,NA,NA,NA
"control","SEN_AZE",-0.498703321317759,1.12196465139045,8,NA,NA,NA
"control","SEN_BIH",-0.097181278592427,0.967497587081533,16,NA,NA,NA
"control","SEN_BRN",-0.0511194835227502,1.08907289550609,16,NA,NA,NA
"control","SEN_FJI",0.381467827100412,0.968660819437839,15,NA,NA,NA
"control","SEN_GEO",-0.247417989878023,0.613868923406981,16,NA,NA,NA
"control","SEN_KIR",-0.0251959289633086,0.774201879905722,11,NA,NA,NA
"control","SEN_QAT",-0.260676241752825,1.19669663415102,15,NA,NA,NA
"control","SEN_TLS",0.108003519545617,1.23255632099734,11,NA,NA,NA
"control","SHN_NAM",-0.577749338599771,1.15989001112896,8,NA,NA,NA
"control","SHN_YEM",-0.105918275561707,0.846255633953833,9,NA,NA,NA
"control","SLB_YEM",-0.300665326119411,1.10872988826355,8,NA,NA,NA
"control","SLE_BWA",-0.494562840138949,0.952587383368557,11,NA,NA,NA
"control","SOM_BLR",-0.280895330670935,2.21257606032803,9,NA,NA,NA
"control","SOM_HND",-0.302819348360898,0.926604471110896,9,NA,NA,NA
"control","SPM_CHN",0.190891336617162,0.43889803257448,8,NA,NA,NA
"control","SPM_MEX",0.167622604469346,0.658976134651677,10,NA,NA,NA
"control","SPM_PRY",-0.170774453318384,0.618605688081345,14,NA,NA,NA
"control","STP_MEX",-0.177037512896962,1.50483559150346,10,NA,NA,NA
"control","STP_PAK",0.00986488249018498,0.516556099894525,12,NA,NA,NA
"control","STP_VCT",-0.134630858676722,1.48836595482935,12,NA,NA,NA
"control","SUR_BFA",0.324925975754902,0.470666121011207,9,NA,NA,NA
"control","SUR_MDA",0.0323421339918161,0.862389534773155,14,NA,NA,NA
"control","SVN_HMD",0.177308551462583,1.67111891599224,9,NA,NA,NA
"control","SVN_SWZ",0.166341258493878,2.20748077331696,9,NA,NA,NA
"control","SWE_ASM",-0.448826940602754,0.999151261928365,14,NA,NA,NA
"control","SWE_COK",-0.182046258593549,0.706358029401392,13,NA,NA,NA
"control","SWE_GUM",0.282128666471474,1.77784100555433,16,NA,NA,NA
"control","SWE_TKL",-0.400143167451845,0.967165510243804,16,NA,NA,NA
"control","SWZ_CAF",-0.104084892163923,0.867658931519093,9,NA,NA,NA
"control","SWZ_VNM",-0.399683398515248,0.873773804435616,11,NA,NA,NA
"control","SWZ_YEM",-0.0586215608090602,1.2576589825471,14,NA,NA,NA
"control","SYC_KNA",-0.208021854789314,1.66197884705515,14,NA,NA,NA
"control","SYC_SEN",-0.0422668624252616,0.887677703806766,11,NA,NA,NA
"control","SYR_RWA",-0.4521811682915,0.936398196492897,13,NA,NA,NA
"control","TCA_BFA",-0.208771310608371,1.74415017308299,13,NA,NA,NA
"control","TCA_BIH",0.124216193720885,1.12334225324562,10,NA,NA,NA
"control","TCA_NAM",-0.440763588040983,0.774219827415369,9,NA,NA,NA
"control","TCA_PAK",-0.00682735422609556,0.504335263659239,12,NA,NA,NA
"control","TCA_ZWE",-0.212356015092408,0.833238315582774,12,NA,NA,NA
"control","TCD_BIH",0.0260639954659149,0.180177704438287,9,NA,NA,NA
"control","TCD_DOM",0.146245574587881,0.859361047374163,16,NA,NA,NA
"control","TGO_LVA",0.0217201615701703,0.921777172994388,10,NA,NA,NA
"control","TGO_YEM",-0.0810844224212998,1.40745193022087,10,NA,NA,NA
"control","THA_ESH",-0.369035027510234,1.08118820804872,8,NA,NA,NA
"control","TJK_ARG",0.410969628257916,2.15402641295582,9,NA,NA,NA
"control","TJK_YEM",0.531730930750642,0.417797668880933,8,NA,NA,NA
"control","TKL_CRI",-0.214952731575762,1.51717975379503,8,NA,NA,NA
"control","TKL_LUX",0.739116041420653,0.473486864316029,13,NA,NA,NA
"control","TKL_MDG",0.0708989004105497,0.660219169577085,9,NA,NA,NA
"control","TKL_PAK",0.236815818972099,0.778186273429313,10,NA,NA,NA
"control","TKL_ROU",-0.162937422092028,0.800912287759819,11,NA,NA,NA
"control","TKL_SWE",-0.170442932111652,1.54347562321764,16,NA,NA,NA
"control","TKL_UKR",0.116222891935436,1.58121429842326,11,NA,NA,NA
"control","TKL_VCT",-0.215053920810533,0.971258933939776,11,NA,NA,NA
"control","TKM_BIH",0.294350255911851,0.653609962987202,14,NA,NA,NA
"control","TKM_CRI",-0.150390731385155,0.628923178092691,11,NA,NA,NA
"control","TKM_ISL",-0.216630193404922,0.597605371185662,9,NA,NA,NA
"control","TKM_NIC",-0.0261468709702233,0.98521640750627,11,NA,NA,NA
"control","TLS_AGO",0.383562164677722,1.22429940532096,13,NA,NA,NA
"control","TLS_BRA",-0.102114917300359,1.08052045934159,14,NA,NA,NA
"control","TLS_CZE",-0.0990896874903751,0.945849569605963,14,NA,NA,NA
"control","TLS_ECU",-0.254536475669204,0.9067737827122,8,NA,NA,NA
"control","TLS_ESP",-0.0587946978224909,1.01960493022786,15,NA,NA,NA
"control","TLS_ETH",-0.0584736310108103,2.02809386304918,12,NA,NA,NA
"control","TLS_IRL",0.261169213186245,1.47379295027076,13,NA,NA,NA
"control","TLS_KOR",-0.144544114105074,1.18448507581483,16,NA,NA,NA
"control","TLS_PHL",0.364418706915839,1.20274661930424,13,NA,NA,NA
"control","TLS_POL",-0.492456347207013,0.675870163877086,16,NA,NA,NA
"control","TLS_SDN",-0.0141754640463077,0.976983989472584,8,NA,NA,NA
"control","TLS_ZMB",-0.443220259713186,0.577356842010905,11,NA,NA,NA
"control","TLS_ZWE",0.00799562238874981,0.947208866056775,11,NA,NA,NA
"control","TON_ARG",0.86650545348364,0.746912787668362,8,NA,NA,NA
"control","TUN_ARM",-0.117553847975941,1.14175807343922,15,NA,NA,NA
"control","TUR_PLW",0.259080611272789,0.994159937319735,12,NA,NA,NA
"control","TUV_KNA",-0.212167630621394,0.950780786700674,12,NA,NA,NA
"control","TUV_MKD",0.109228468128788,1.12557291294673,14,NA,NA,NA
"control","TZA_KGZ",0.182390841937784,0.748343726335197,10,NA,NA,NA
"control","UGA_BRB",-0.0462805809565088,0.761507450418522,15,NA,NA,NA
"control","UGA_SLV",-0.160090545396736,1.00571073039805,14,NA,NA,NA
"control","UKR_COM",-0.356929924745465,0.892266751226542,16,NA,NA,NA
"control","UMI_BIH",0.486518499182163,0.618135217612878,14,NA,NA,NA
"control","UMI_BRN",0.0456316335020297,0.615338043748551,12,NA,NA,NA
"control","UMI_CIV",-0.382360900585632,0.566291832404066,8,NA,NA,NA
"control","UMI_FIN",0.169063693139459,1.43506285095457,13,NA,NA,NA
"control","UMI_LKA",-0.460685624399166,0.370294639997208,13,NA,NA,NA
"control","UMI_ROU",0.26608039152705,0.718173564255822,9,NA,NA,NA
"control","UMI_SVN",0.108087808663688,0.867766584665342,16,NA,NA,NA
"control","UMI_TWN",-0.155597867268416,0.659348622675116,15,NA,NA,NA
"control","URY_GIB",-0.134516714060792,0.697100451501718,8,NA,NA,NA
"control","UZB_YEM",0.0361344397655916,1.06029793583811,10,NA,NA,NA
"control","VAT_AUT",0.0170587543355164,1.46734670444554,16,NA,NA,NA
"control","VAT_HKG",0.776428758940975,1.32765017819061,10,NA,NA,NA
"control","VGB_BHS",0.265946228027914,1.15015453260225,14,NA,NA,NA
"control","VGB_MOZ",-0.365274970930085,1.04400352789659,15,NA,NA,NA
"control","VUT_SYC",0.00370413671971347,1.40624402925565,8,NA,NA,NA
"control","WSM_TUR",-0.479707108679592,1.48716494594182,10,NA,NA,NA
"control","YEM_ABW",-0.15879938786789,0.382667072292333,10,NA,NA,NA
"control","YEM_AGO",0.697073998848291,0.767832158136568,10,NA,NA,NA
"control","YEM_AND",0.242592626310061,1.64042230911373,13,NA,NA,NA
"control","YEM_ARM",0.649761011352243,0.546914769845877,9,NA,NA,NA
"control","YEM_BIH",0.0113592511720026,2.33057018162475,9,NA,NA,NA
"control","YEM_LBR",-0.23954114871239,1.70471256715864,9,NA,NA,NA
"control","YEM_NIC",0.133357421989969,0.337890924616239,10,NA,NA,NA
"control","ZMB_BIH",-0.0371074878888904,0.860419365819201,12,NA,NA,NA
"control","ZMB_URY",0.0938858732845782,1.0343395766425,10,NA,NA,NA
"control","ZWE_AFG",-0.135472471326359,0.971561825502643,14,NA,NA,NA
"control","ABW_CHL",-0.0207757626987701,0.976155903906324,13,NA,NA,NA
"control","ABW_SAU",-0.0522673058399557,1.15781351724075,15,NA,NA,NA
"control","AFG_SRB",0.392640280285551,0.753336689116647,14,NA,NA,NA
"control","AGO_ARE",-0.182300042806621,0.788681798000786,14,NA,NA,NA
"control","AGO_PAK",0.245160153904148,0.816961328798509,15,NA,NA,NA
"control","AGO_SRB",0.309059283607301,1.08697229666255,12,NA,NA,NA
"control","AIA_NZL",0.0620984977736991,0.933983917296824,15,NA,NA,NA
"control","AIA_PAK",-0.324806552666261,0.740180818801658,12,NA,NA,NA
"control","ALB_ARM",0.0193584179456251,0.342055448632239,15,NA,NA,NA
"control","ALB_IRQ",-0.197021572126893,0.902919520087768,12,NA,NA,NA
"control","ALB_MRT",-0.126356775479608,1.07532048887295,10,NA,NA,NA
"control","AND_AZE",0.182676840461482,0.692300822043776,14,NA,NA,NA
"control","AND_BDI",0.0265306177992861,1.38393731165428,12,NA,NA,NA
"control","AND_MAC",-0.190657311604803,0.884526065129053,8,NA,NA,NA
"control","AND_SMR",0.0723901145248398,1.05616551900847,9,NA,NA,NA
"control","AND_SYC",0.099696140678721,1.08602143645162,11,NA,NA,NA
"control","ARE_ABW",-0.0598705927326843,1.13538944731259,11,NA,NA,NA
"control","ARE_AIA",-0.41707889711574,0.902885584992211,12,NA,NA,NA
"control","ARE_ATG",0.61198210809299,0.692410921726828,14,NA,NA,NA
"control","ARE_BHS",-0.0403231883109715,0.602968645070364,11,NA,NA,NA
"control","ARE_CAF",-0.181898474348081,0.979397132369944,14,NA,NA,NA
"control","ARE_COK",-0.247730372413934,0.802842189177101,8,NA,NA,NA
"control","ARE_GNQ",0.363126151725334,1.11903393563638,11,NA,NA,NA
"control","ARE_GUM",0.375236781235509,0.936999531784087,10,NA,NA,NA
"control","ARE_HTI",0.270958421092685,1.79555849093474,11,NA,NA,NA
"control","ARE_LAO",0.247263291250463,1.58993492099549,12,NA,NA,NA
"control","ARE_SLB",0.108347505723977,2.3433401899499,13,NA,NA,NA
"control","ARE_SRB",-0.210435414123262,0.690139924459938,15,NA,NA,NA
"control","ARE_TCD",0.342986232494395,1.60591044959824,11,NA,NA,NA
"control","ARE_TLS",-0.130694002269312,1.20309416341077,9,NA,NA,NA
"control","ARE_TON",0.157608461513181,0.599817514662599,14,NA,NA,NA
"control","ARE_VUT",-0.128653285504694,0.818021624781568,15,NA,NA,NA
"control","ARG_SRB",0.281822611241003,0.925478840227296,15,NA,NA,NA
"control","ARM_AGO",-0.167967260649228,0.789596258746174,10,NA,NA,NA
"control","ARM_ETH",-0.260256386548848,0.812953135215362,9,NA,NA,NA
"control","ARM_RWA",-0.132584848886608,1.30661747736699,12,NA,NA,NA
"control","ARM_SRB",0.233028397879962,0.476289491495037,15,NA,NA,NA
"control","ASM_BDI",0.809089651047886,2.53522655288919,8,NA,NA,NA
"control","ASM_MDA",-0.233164035347238,0.937925815597953,9,NA,NA,NA
"control","ASM_PAK",-0.126585072357816,0.640123777689361,15,NA,NA,NA
"control","ASM_UKR",-0.048647366733485,0.608955791617217,11,NA,NA,NA
"control","ATA_AUS",0.203295929369744,0.380038268332945,13,NA,NA,NA
"control","ATF_DOM",0.381677716467018,1.98794115628243,8,NA,NA,NA
"control","ATF_PAK",-0.0291855949021848,1.05199716673154,15,NA,NA,NA
"control","ATG_COG",-0.228304574467415,1.40233110471556,9,NA,NA,NA
"control","ATG_COM",-0.234147166947331,0.385979809463941,9,NA,NA,NA
"control","ATG_MMR",0.0415181869925225,0.787066603780945,11,NA,NA,NA
"control","ATG_PAK",0.282242387831152,0.985572596018274,13,NA,NA,NA
"control","ATG_SEN",0.460611378716516,1.12190613819027,12,NA,NA,NA
"control","ATG_SYC",0.0819569818162661,1.40782705577923,11,NA,NA,NA
"control","AUS_SRB",-0.102049395240831,0.83234782490587,15,NA,NA,NA
"control","AZE_BDI",0.317508663092212,0.662678799706192,8,NA,NA,NA
"control","AZE_SDN",0.0771255398727179,0.644442915616621,13,NA,NA,NA
"control","AZE_SRB",-0.280556676499042,1.19959023108386,15,NA,NA,NA
"control","BDI_CAF",0.166216596363555,0.618935081436076,8,NA,NA,NA
"control","BFA_SRB",-0.0739266728015084,0.960851220401613,13,NA,NA,NA
"control","BGR_COK",-0.28544692291802,0.657434604740423,10,NA,NA,NA
"control","BHR_BLR",0.119400129142597,0.813740869479125,15,NA,NA,NA
"control","BHR_SRB",0.330679635967704,0.766797595529908,15,NA,NA,NA
"control","BHS_SRB",-0.0975975923872419,1.60731776216366,15,NA,NA,NA
"control","BIH_BEN",-0.207111000780009,0.851543203646738,12,NA,NA,NA
"control","BIH_LBR",0.402249517338237,1.48451064247995,10,NA,NA,NA
"control","BLR_SRB",0.489009106447445,0.902652309812883,15,NA,NA,NA
"control","BLZ_BIH",-0.0551122456617409,0.603306519658412,13,NA,NA,NA
"control","BLZ_NCL",-0.448515236167474,2.47042126022964,10,NA,NA,NA
"control","BLZ_SRB",0.240356955958077,0.957489100252287,15,NA,NA,NA
"control","BMU_CHL",0.0601919900466341,1.00020785232347,13,NA,NA,NA
"control","BMU_SRB",-0.2648347306931,0.819033632234614,10,NA,NA,NA
"control","BRA_MHL",0.316167228207878,0.514597606693752,13,NA,NA,NA
"control","BRB_PRK",-0.136816722167001,0.863721376608126,10,NA,NA,NA
"control","BTN_BIH",0.99260420728741,0.762264817534583,8,NA,NA,NA
"control","BVT_FRA",0.187249912513588,0.701643160052746,15,NA,NA,NA
"control","BVT_PAK",-0.182870984132188,0.548364366428404,15,NA,NA,NA
"control","BWA_MRT",0.358450086587363,1.07638879261978,12,NA,NA,NA
"control","BWA_SRB",-0.140669921023128,1.05012916520771,13,NA,NA,NA
"control","BWA_VNM",0.210608361878405,1.4327233052035,11,NA,NA,NA
"control","CAN_SRB",-0.044104536942573,1.40097527112836,15,NA,NA,NA
"control","CCK_PAK",-0.0478009382320312,0.568931079230436,15,NA,NA,NA
"control","CCK_TTO",-0.00498266309898143,1.37171163605647,8,NA,NA,NA
"control","CHL_COK",-0.261731261606457,0.530786908442317,13,NA,NA,NA
"control","CHL_CYM",0.130187187882332,1.09435563787319,15,NA,NA,NA
"control","CHL_GUM",-0.268365025643713,0.848502263396974,15,NA,NA,NA
"control","CHL_TCA",-0.256970388506812,1.30152572284767,15,NA,NA,NA
"control","CHN_SPM",0.0452967267033798,1.2462792984971,12,NA,NA,NA
"control","CHN_SRB",-0.0164827583030665,0.56373857590914,15,NA,NA,NA
"control","CIV_SRB",0.169449114330531,0.804417910511684,15,NA,NA,NA
"control","CMR_SRB",0.454773083174682,1.3229120722041,15,NA,NA,NA
"control","COD_BIH",0.160094481857213,0.654534175701421,14,NA,NA,NA
"control","COG_BHR",0.286784114829429,1.29895494604679,11,NA,NA,NA
"control","COG_GTM",-0.0717634074823077,0.886691579605041,10,NA,NA,NA
"control","COG_IRN",-0.0320600052391781,1.00092216592286,8,NA,NA,NA
"control","COG_LVA",0.12792407861272,2.25737734177125,11,NA,NA,NA
"control","COG_PYF",-0.221637292575248,2.07418442599096,11,NA,NA,NA
"control","COG_SRB",-0.459802807499192,1.61595439536671,15,NA,NA,NA
"control","COK_IND",-0.269709985927764,0.962792012290689,8,NA,NA,NA
"control","COK_SWE",-0.323081119188542,0.692566199876666,14,NA,NA,NA
"control","COK_TTO",0.0330773710475906,0.987082964962207,8,NA,NA,NA
"control","COL_DJI",-0.505709128937416,0.972004647177176,13,NA,NA,NA
"control","COL_SRB",0.138114438960307,1.64049931456069,15,NA,NA,NA
"control","COL_TKM",-0.474739357068442,1.2790532015994,9,NA,NA,NA
"control","COM_MDA",-0.0597481069508139,0.971132982725238,12,NA,NA,NA
"control","COM_MOZ",0.290142030248112,0.494354226061246,8,NA,NA,NA
"control","CPV_BRB",0.367684429781144,0.880739567407456,12,NA,NA,NA
"control","CPV_KHM",0.374131074285922,0.464856923504996,9,NA,NA,NA
"control","CPV_LKA",-0.177621012308751,1.84571846276788,9,NA,NA,NA
"control","CPV_PAK",0.263125308077861,0.91038160899951,13,NA,NA,NA
"control","CRI_SRB",0.141141917477834,0.656648478269739,15,NA,NA,NA
"control","CUB_SRB",0.620185949973902,0.715364495949443,15,NA,NA,NA
"control","CXR_CHE",-0.46443323111315,1.51026213193279,8,NA,NA,NA
"control","CXR_ESP",0.290332771829435,0.778005405703291,10,NA,NA,NA
"control","CXR_IRL",-0.127287250253711,1.14607293126098,15,NA,NA,NA
"control","CXR_NLD",0.0622175603003911,0.65108838942618,12,NA,NA,NA
"control","CYM_CHL",0.341275699828765,0.696849060434896,12,NA,NA,NA
"control","CYM_PAK",-0.339454396837021,1.09790790094354,14,NA,NA,NA
"control","CYM_SRB",0.174433245152446,0.647652314910683,10,NA,NA,NA
"control","DJI_CIV",-0.405660359755758,0.386025210046378,9,NA,NA,NA
"control","DJI_LKA",0.375147808659065,1.3536181031622,12,NA,NA,NA
"control","DMA_ARE",-0.542621671017683,0.972392035011022,12,NA,NA,NA
"control","DMA_ETH",-0.275047976205177,0.641088771318597,12,NA,NA,NA
"control","DMA_SRB",0.0382554066710441,1.05929626974579,15,NA,NA,NA
"control","DOM_AGO",-0.0203175553862141,0.223118617241585,14,NA,NA,NA
"control","DOM_FJI",-0.456043685441604,0.717163058489275,9,NA,NA,NA
"control","DOM_SRB",-0.224266923096455,0.726251245433841,15,NA,NA,NA
"control","DZA_DJI",0.419233085980032,0.836540055188659,9,NA,NA,NA
"control","DZA_RWA",-0.0493403304218932,0.927560087655443,14,NA,NA,NA
"control","DZA_SRB",-0.172501535842339,1.08112237337276,15,NA,NA,NA
"control","DZA_SWZ",-0.267881643262337,0.4288885589323,9,NA,NA,NA
"control","DZA_SYC",0.166616562584892,1.62184092587943,10,NA,NA,NA
"control","ECU_SRB",-0.304907782803648,1.65461261603025,15,NA,NA,NA
"control","ETH_ARM",-0.0660377941018011,0.788282550710253,15,NA,NA,NA
"control","ETH_GNQ",-0.229368975630192,1.28914292391161,13,NA,NA,NA
"control","ETH_KGZ",-0.206826000620374,0.443336669535509,11,NA,NA,NA
"control","ETH_KHM",-0.0165470262764798,1.81029949667404,12,NA,NA,NA
"control","ETH_LAO",0.0809332345136999,1.01411071674087,9,NA,NA,NA
"control","ETH_MDA",-0.203269709226414,0.764275242559012,14,NA,NA,NA
"control","ETH_MNG",0.132638864485757,0.940583874713287,10,NA,NA,NA
"control","ETH_SRB",0.213805331990243,0.392768493438499,15,NA,NA,NA
"control","FJI_ATG",0.0422659435096181,1.31765551604938,14,NA,NA,NA
"control","FJI_IRQ",-0.0600939810934249,1.07126243493098,8,NA,NA,NA
"control","FJI_SRB",0.271583730176293,1.07068812165357,13,NA,NA,NA
"control","FJI_TKL",-0.0805086025406989,0.538613945545261,14,NA,NA,NA
"control","FRO_PAK",-0.256674257840385,0.33991981305842,14,NA,NA,NA
"control","FSM_PAK",0.0334722950479954,1.43978459431605,9,NA,NA,NA
"control","GAB_SLV",0.117323503151422,1.12155827973591,10,NA,NA,NA
"control","GAB_SWZ",-0.272752686599469,0.884286149528629,9,NA,NA,NA
"control","GEO_BDI",0.287373756475921,0.941556482275894,14,NA,NA,NA
"control","GEO_SRB",-0.0167214038918611,1.08887751010689,15,NA,NA,NA
"control","GHA_AZE",-0.233220843194188,1.12394004335701,12,NA,NA,NA
"control","GHA_SRB",-0.261910244954355,1.06758177031144,15,NA,NA,NA
"control","GIB_IND",-0.0619153394049146,0.877899742729166,12,NA,NA,NA
"control","GIB_SRB",0.0101335436205762,1.47820501242384,10,NA,NA,NA
"control","GMB_SWZ",0.192019913130286,0.575682158324592,9,NA,NA,NA
"control","GRD_PAK",0.35157108555639,0.526821056681253,14,NA,NA,NA
"control","GRD_SRB",0.331528897369793,1.06041620286207,15,NA,NA,NA
"control","GTM_IRQ",0.0930546857043663,1.13095639355298,12,NA,NA,NA
"control","GUM_ATG",-0.133617530896868,0.932827416790036,10,NA,NA,NA
"control","GUM_PYF",0.0156222743952645,0.9729916846182,8,NA,NA,NA
"control","GUM_SLV",-0.118953205895452,0.756454565359792,12,NA,NA,NA
"control","GUM_SRB",-0.276362891074877,1.30308900254749,9,NA,NA,NA
"control","GUY_CIV",0.420771610815483,0.688613070960928,9,NA,NA,NA
"control","HKG_SRB",0.319442167113723,0.961516910179658,15,NA,NA,NA
"control","HMD_PAK",0.158214297778403,1.37040995583779,14,NA,NA,NA
"control","HND_SRB",-0.0597997972351153,1.07893364729267,15,NA,NA,NA
"control","HRV_MDV",-0.491238844726782,0.750492494499879,13,NA,NA,NA
"control","HTI_MDA",-0.0945941414651245,1.41886686788624,13,NA,NA,NA
"control","IDN_SRB",-0.194660452543599,0.618816811578798,15,NA,NA,NA
"control","IND_SRB",0.128331428937793,0.975177127908277,15,NA,NA,NA
"control","IOT_PAK",-0.024670880657764,0.988794809362183,14,NA,NA,NA
"control","IRN_SRB",0.215812895084352,0.576593621695099,15,NA,NA,NA
"control","IRQ_SRB",-0.37432103429509,1.54925463123122,15,NA,NA,NA
"control","ISR_AGO",-0.0939281777390466,0.742008780535712,15,NA,NA,NA
"control","ISR_TON",0.190606906361136,0.563419948375993,12,NA,NA,NA
"control","ISR_TUV",-0.227231756285148,1.30967773399787,8,NA,NA,NA
"control","JAM_SRB",-0.110628449215275,1.90572199758019,14,NA,NA,NA
"control","JAM_TON",-0.429281540547979,1.33914197067948,9,NA,NA,NA
"control","JOR_SRB",-0.0643224487786094,0.706997937380882,15,NA,NA,NA
"control","JPN_ABW",0.0075239910241946,0.389903341228946,11,NA,NA,NA
"control","JPN_SRB",-0.149527559128377,1.95204750544131,15,NA,NA,NA
"control","KAZ_PNG",-0.197332809018744,0.388739207428904,10,NA,NA,NA
"control","KAZ_SRB",-0.0960789159723395,0.553179700465169,15,NA,NA,NA
"control","KEN_SRB",0.3160777129835,1.50618757837602,15,NA,NA,NA
"control","KGZ_BHR",-0.423385100117896,1.22064633634618,15,NA,NA,NA
"control","KGZ_CHL",-0.230419836768441,1.71323254490367,14,NA,NA,NA
"control","KGZ_ETH",-0.419676740151781,1.66241699531974,9,NA,NA,NA
"control","KGZ_ISL",-0.455806306361609,1.58423202304069,8,NA,NA,NA
"control","KGZ_MOZ",0.121009383828311,0.845156113675361,13,NA,NA,NA
"control","KGZ_NGA",-0.166239376794676,0.34062265161283,10,NA,NA,NA
"control","KGZ_NPL",0.39718023927682,0.363558339885933,11,NA,NA,NA
"control","KGZ_SRB",0.418443738913137,1.09896284462664,15,NA,NA,NA
"control","KHM_BMU",-0.157273841822927,1.9493566170065,11,NA,NA,NA
"control","KHM_BWA",0.0696487477869544,0.818541227144542,9,NA,NA,NA
"control","KHM_COG",0.0454216317262607,1.2955852436359,13,NA,NA,NA
"control","KHM_GIN",0.117261032521067,1.62367904500173,13,NA,NA,NA
"control","KHM_GRD",-0.536248095013374,0.887442467552662,8,NA,NA,NA
"control","KHM_HTI",-0.0658584301361417,0.538010931995275,12,NA,NA,NA
"control","KHM_SRB",-0.168096143526422,1.22337302459693,15,NA,NA,NA
"control","KNA_NCL",0.468276404559564,1.54085898155348,8,NA,NA,NA
"control","KNA_PAK",-0.387041468488806,1.13175041986708,11,NA,NA,NA
"control","KNA_SRB",0.20175915913015,0.319804962667242,15,NA,NA,NA
"control","KWT_MDA",0.30893734769776,0.924189803920802,11,NA,NA,NA
"control","KWT_SRB",-0.0417308696800542,1.12029650510096,15,NA,NA,NA
"control","LAO_CMR",0.042015774204758,1.31133969488441,10,NA,NA,NA
"control","LAO_FJI",0.766540836843223,1.48990424296432,8,NA,NA,NA
"control","LAO_SRB",0.273746026627463,0.370219288349648,15,NA,NA,NA
"control","LBN_SRB",-0.352652785318438,0.825706342012774,15,NA,NA,NA
"control","LBN_TJK",0.148387658330174,1.31849217163683,12,NA,NA,NA
"control","LBR_NAM",-0.388198253687209,0.935118055133137,10,NA,NA,NA
"control","LBR_RWA",0.0270221101181839,1.7454911342333,14,NA,NA,NA
"control","LBR_SRB",-0.028991716940046,0.755588168777951,14,NA,NA,NA
"control","LBY_MDA",-0.191475377576227,1.42883097602081,8,NA,NA,NA
"control","LBY_NZL",0.456154876663745,0.861551270215531,9,NA,NA,NA
"control","LBY_SRB",0.364577158315826,0.252578493796316,13,NA,NA,NA
"control","LCA_ISR",-0.193686149136829,1.43813067409796,9,NA,NA,NA
"control","LKA_SRB",0.104679062192414,0.996001089885489,15,NA,NA,NA
"control","LSO_BOL",0.0406841503353787,0.720709931881638,11,NA,NA,NA
"control","LSO_IDN",0.145288567395097,1.208724551333,12,NA,NA,NA
"control","LSO_NCL",-0.187462429782031,0.871379069869261,8,NA,NA,NA
"control","LSO_TUN",0.24591370235068,0.368738521305948,9,NA,NA,NA
"control","LSO_UKR",0.256640647565653,0.565154053838928,12,NA,NA,NA
"control","LTU_COM",0.0844302855188372,1.58606430012842,14,NA,NA,NA
"control","LVA_DJI",-0.145058624878315,1.43386182651299,15,NA,NA,NA
"control","LVA_MDV",0.0441531212796964,1.14986693915529,15,NA,NA,NA
"control","MAC_SRB",0.315429290734399,1.03905179473311,15,NA,NA,NA
"control","MAR_MDV",-0.372583081710975,1.12832894209417,14,NA,NA,NA
"control","MAR_SRB",0.0419195396464057,0.63230385190949,15,NA,NA,NA
"control","MDA_BEN",0.343451135066929,0.532540500316051,9,NA,NA,NA
"control","MDA_BLZ",0.0884589226567988,0.42396572905357,8,NA,NA,NA
"control","MDA_CIV",-0.236401842941564,1.15351276164115,14,NA,NA,NA
"control","MDA_MDG",0.368967305961229,0.974312144544143,8,NA,NA,NA
"control","MDA_NPL",-0.0352613962319532,0.463629066210715,10,NA,NA,NA
"control","MDA_SMR",-0.0368874902434668,0.600980194500773,9,NA,NA,NA
"control","MDV_MUS",0.252805023128583,0.688898673588892,15,NA,NA,NA
"control","MHL_AZE",0.389299159809504,0.943012971821009,12,NA,NA,NA
"control","MHL_EGY",-0.316452667186413,0.93599584306729,10,NA,NA,NA
"control","MHL_KAZ",0.537719190530006,1.3641922309279,8,NA,NA,NA
"control","MHL_MEX",0.53073539990334,1.05442271591756,9,NA,NA,NA
"control","MHL_PAK",0.0347838247801232,1.15565533310795,12,NA,NA,NA
"control","MHL_SRB",-0.187506953826221,0.354177763995365,12,NA,NA,NA
"control","MKD_RWA",0.157897569195144,0.723225914144194,8,NA,NA,NA
"control","MKD_TZA",0.0946529169943383,0.940539878134594,10,NA,NA,NA
"control","MLI_DOM",-0.112520735185517,0.882176678046461,9,NA,NA,NA
"control","MLI_FSM",-0.333767304824387,0.53083108455641,8,NA,NA,NA
"control","MLI_MDA",-0.159746561259553,0.910541648902146,14,NA,NA,NA
"control","MLI_QAT",-0.0173675162598362,1.60450534780086,12,NA,NA,NA
"control","MMR_SRB",-0.088450521834422,0.392653350621451,15,NA,NA,NA
"control","MNP_CHL",0.166577757886019,0.661245778797966,8,NA,NA,NA
"control","MNP_MUS",0.030200276705204,1.40512946736786,8,NA,NA,NA
"control","MOZ_ATG",-0.0613223184301817,0.480319763675726,9,NA,NA,NA
"control","MRT_ARE",0.0552146634526389,1.1194833201527,12,NA,NA,NA
"control","MSR_IND",0.113889734708982,1.59436788467194,9,NA,NA,NA
"control","MUS_SRB",0.109083837158542,0.724918339578661,15,NA,NA,NA
"control","MYS_SRB",-0.336529193231005,0.818387266031692,15,NA,NA,NA
"control","MYT_PAK",-0.0126864589834943,1.14811146170593,8,NA,NA,NA
"control","NAM_ARM",-0.28302565296904,0.682877445953786,13,NA,NA,NA
"control","NAM_COK",0.124073402103321,0.574179305559553,11,NA,NA,NA
"control","NAM_GTM",0.477884608141862,0.664854416591118,12,NA,NA,NA
"control","NAM_MDA",-0.135012662546574,0.617255081593938,15,NA,NA,NA
"control","NAM_SRB",-0.223071501005845,0.765081818526084,15,NA,NA,NA
"control","NAM_VUT",-0.188734106369952,0.980815237062055,15,NA,NA,NA
"control","NCL_ASM",0.152590089158844,0.580876455778161,11,NA,NA,NA
"control","NCL_CHL",-0.0202269281322554,1.93242361795782,13,NA,NA,NA
"control","NCL_SLV",0.0489761586314709,0.573093139751992,12,NA,NA,NA
"control","NER_ATG",0.190515734536527,1.08779286100587,10,NA,NA,NA
"control","NER_AZE",-0.401110922824323,1.93941852652433,8,NA,NA,NA
"control","NER_MDA",-0.148207199035438,1.40539604293209,13,NA,NA,NA
"control","NER_SRB",-0.00936337599923263,0.681586794667108,15,NA,NA,NA
"control","NFK_BEN",-0.121489576952571,0.395291121081895,10,NA,NA,NA
"control","NFK_POL",0.166627638735963,1.32531178458609,11,NA,NA,NA
"control","NFK_SVK",-0.514179184289099,1.57556057804454,8,NA,NA,NA
"control","NGA_KGZ",0.304275022241737,1.03784258001788,12,NA,NA,NA
"control","NGA_SRB",-0.513449993139815,0.506860830677146,15,NA,NA,NA
"control","NIC_ALB",0.0813774306751831,0.566990169960047,10,NA,NA,NA
"control","NIU_BIH",0.272584778754489,0.578648259979416,14,NA,NA,NA
"control","NIU_LBN",-0.123605212549655,0.64994247831732,9,NA,NA,NA
"control","NIU_TUR",-0.0282588909314262,0.956133775266836,15,NA,NA,NA
"control","NPL_GEO",-0.089014715343618,0.544449371706028,15,NA,NA,NA
"control","NPL_SRB",0.103854254299055,0.55495625329721,15,NA,NA,NA
"control","NRU_BIH",-0.288414767011327,0.889072249838896,12,NA,NA,NA
"control","NZL_SRB",0.280062818298714,1.78952622746621,15,NA,NA,NA
"control","OMN_SRB",0.178297959944572,0.609513867158774,15,NA,NA,NA
"control","PAK_ASM",0.0716990662595108,1.51019582616619,9,NA,NA,NA
"control","PAK_COK",0.314678852161807,0.8510827619744,13,NA,NA,NA
"control","PAK_CYM",0.546875713373871,1.08763379988355,15,NA,NA,NA
"control","PAK_HMD",0.314104646823899,1.11897208699942,8,NA,NA,NA
"control","PAK_PSE",-0.135981967274212,0.813347974746096,13,NA,NA,NA
"control","PAK_SLB",0.334700089021921,1.47283337275527,12,NA,NA,NA
"control","PAK_STP",0.385258858238043,0.852682346978583,14,NA,NA,NA
"control","PAK_UMI",0.329293678966496,0.474046413251986,9,NA,NA,NA
"control","PAK_VGB",-0.135395985763198,0.418921669498115,13,NA,NA,NA
"control","PAK_VUT",-0.236116524409463,1.15798642983344,11,NA,NA,NA
"control","PAN_BDI",-0.125581059051472,1.31814253631904,9,NA,NA,NA
"control","PAN_MLI",-0.0216640488825438,1.48794297219486,11,NA,NA,NA
"control","PAN_SRB",-0.0738453872386538,0.962987757453837,15,NA,NA,NA
"control","PAN_YEM",0.379567306805174,1.71444565934793,9,NA,NA,NA
"control","PCN_BIH",0.0935527226315504,1.62311474254921,9,NA,NA,NA
"control","PCN_SLV",-0.0863052757620122,0.446317910429556,13,NA,NA,NA
"control","PHL_SLE",-0.064785975752981,0.613858723150228,14,NA,NA,NA
"control","PLW_ZAF",0.384114035728773,0.971053841786381,9,NA,NA,NA
"control","PRK_ARE",-0.0644351772545308,0.952959455814622,11,NA,NA,NA
"control","PRK_QAT",-0.0644231750461774,1.33282745853142,8,NA,NA,NA
"control","PRK_RWA",-0.181912080711426,0.394734125101047,15,NA,NA,NA
"control","PRK_SRB",-0.461137131074712,1.20823897569724,15,NA,NA,NA
"control","PRY_AZE",0.145944268229217,1.24345938399516,12,NA,NA,NA
"control","PRY_DMA",0.0769105109837734,0.765144872553644,13,NA,NA,NA
"control","PRY_MDV",-0.0119898722935741,1.22242002051315,8,NA,NA,NA
"control","PRY_SYC",0.258015309803072,1.25298988341273,14,NA,NA,NA
"control","PSE_BIH",0.0995168422419361,1.00159956324226,8,NA,NA,NA
"control","PSE_JPN",-0.0067548886775981,1.05660693309124,15,NA,NA,NA
"control","PYF_LKA",-0.0932264179707378,1.545655075228,8,NA,NA,NA
"control","PYF_PAK",-0.043928199084731,0.59637037196846,11,NA,NA,NA
"control","PYF_SRB",-0.110311863452842,1.19689420239897,13,NA,NA,NA
"control","QAT_BTN",0.35583073901699,2.82181169061055,9,NA,NA,NA
"control","QAT_COD",-0.231620033756785,0.5607367509908,13,NA,NA,NA
"control","QAT_MAC",0.0720488966893188,0.509671591949175,10,NA,NA,NA
"control","QAT_SRB",0.309057117478251,1.38676763934116,15,NA,NA,NA
"control","QAT_SWZ",-0.00790372316977017,2.06832737538661,15,NA,NA,NA
"control","RUS_SMR",0.249483259116975,1.17917089870849,15,NA,NA,NA
"control","RUS_TON",0.24499676620592,0.824528645803904,11,NA,NA,NA
"control","RWA_ARM",-0.101902487021245,0.962149007548396,9,NA,NA,NA
"control","RWA_BWA",0.044688811620709,0.852176785256474,10,NA,NA,NA
"control","RWA_GAB",-0.264436125741726,1.55855635969715,10,NA,NA,NA
"control","SAU_ABW",-0.258648853695889,1.00684916829476,11,NA,NA,NA
"control","SAU_BTN",-0.273332230249203,1.60122794144819,9,NA,NA,NA
"control","SAU_SRB",-0.0569009042521877,0.448235413375731,15,NA,NA,NA
"control","SDN_SRB",0.512163531659988,1.15860609996679,15,NA,NA,NA
"control","SEN_ATG",-0.0823815450760049,0.6403193393091,15,NA,NA,NA
"control","SGP_SRB",0.352531515983276,0.759248151542175,15,NA,NA,NA
"control","SHN_NIC",-0.048421698175158,1.14192527342558,9,NA,NA,NA
"control","SHN_PAK",-0.241964058055232,0.609550168690523,10,NA,NA,NA
"control","SLB_KEN",-0.466209153651667,1.60399556336286,8,NA,NA,NA
"control","SLB_PAK",0.399830847945249,1.18322165313516,13,NA,NA,NA
"control","SLE_ATG",0.56392189500398,0.477462092608794,8,NA,NA,NA
"control","SLE_MDA",0.302892853483678,1.62332908390102,15,NA,NA,NA
"control","SLV_ARM",-0.153960757637773,1.1841811667144,15,NA,NA,NA
"control","SLV_MDA",-0.204578376051047,0.729606146427174,14,NA,NA,NA
"control","SLV_MOZ",-0.289761757503809,0.655546280017842,10,NA,NA,NA
"control","SMR_NCL",0.0239776563520315,0.545037729909148,10,NA,NA,NA
"control","SMR_RUS",0.0698921614045848,0.89946736532573,15,NA,NA,NA
"control","SMR_SRB",0.224988367838133,1.14781925978983,14,NA,NA,NA
"control","SOM_PYF",-0.397155577003003,0.706572317665558,15,NA,NA,NA
"control","SRB_AFG",0.308949794851816,1.39415344408339,15,NA,NA,NA
"control","SRB_AGO",-0.0169744728048229,1.35883414476272,15,NA,NA,NA
"control","SRB_AND",0.0297342539142104,0.642510657381157,14,NA,NA,NA
"control","SRB_ARE",0.346545617029905,0.760883453519024,15,NA,NA,NA
"control","SRB_ARG",-0.162156756026198,1.37527070711623,15,NA,NA,NA
"control","SRB_ARM",-0.00787244335721565,1.63342273860544,15,NA,NA,NA
"control","SRB_AUS",-0.146553238201278,0.566559892776957,15,NA,NA,NA
"control","SRB_AZE",0.0585473094158246,1.26812523285964,15,NA,NA,NA
"control","SRB_BEN",0.63130816893532,0.955172429799677,15,NA,NA,NA
"control","SRB_BHR",0.175635852109274,0.736519997146972,15,NA,NA,NA
"control","SRB_BHS",-0.327956954389434,1.14461839546534,9,NA,NA,NA
"control","SRB_BLR",0.0812962304237763,1.56290853232866,15,NA,NA,NA
"control","SRB_BLZ",0.273856959525093,0.947846286081252,15,NA,NA,NA
"control","SRB_BMU",-0.113521207603969,1.83742029641198,15,NA,NA,NA
"control","SRB_BOL",-0.31311407248124,0.654425641766664,15,NA,NA,NA
"control","SRB_BWA",0.201401244198629,1.28230293612643,15,NA,NA,NA
"control","SRB_CAN",-0.0873923077088783,0.906603969048746,15,NA,NA,NA
"control","SRB_CHN",0.167995837163014,0.560846779210354,15,NA,NA,NA
"control","SRB_CIV",0.174524147630011,1.1925622344608,15,NA,NA,NA
"control","SRB_CMR",-0.0900543382405737,0.850203495231499,15,NA,NA,NA
"control","SRB_COG",0.208611454292001,1.09695561390745,15,NA,NA,NA
"control","SRB_COM",-0.247591994098641,0.50278628523493,8,NA,NA,NA
"control","SRB_CUB",0.434082048838842,0.824331096762701,12,NA,NA,NA
"control","SRB_CYM",-0.0897309378098695,0.947272110157015,10,NA,NA,NA
"control","SRB_DMA",-0.241245085230868,0.731298973083738,8,NA,NA,NA
"control","SRB_DOM",-0.105721576930762,0.733445409662546,15,NA,NA,NA
"control","SRB_DZA",-0.456912471994546,1.16499156889161,15,NA,NA,NA
"control","SRB_GAB",-0.0140946088002212,0.921293917810283,15,NA,NA,NA
"control","SRB_GEO",-0.288826186102043,1.13519227029574,15,NA,NA,NA
"control","SRB_GHA",0.534975625376321,0.90617778683565,15,NA,NA,NA
"control","SRB_GIB",-0.0540030486817919,0.528952236413407,14,NA,NA,NA
"control","SRB_GIN",0.505449978153827,1.18229308758491,15,NA,NA,NA
"control","SRB_GNQ",0.190163229737967,0.626987872228139,15,NA,NA,NA
"control","SRB_HKG",0.434960256573486,0.818575949608505,15,NA,NA,NA
"control","SRB_IDN",-0.654374181618924,1.01853246970024,15,NA,NA,NA
"control","SRB_IND",0.331153273644317,0.932389570945398,15,NA,NA,NA
"control","SRB_IRN",0.490066869593595,1.17538334336448,15,NA,NA,NA
"control","SRB_IRQ",0.0332613515297065,0.805224587801286,15,NA,NA,NA
"control","SRB_JOR",-0.156395574716417,1.42493319695713,15,NA,NA,NA
"control","SRB_JPN",0.223736494274438,0.626349491676022,15,NA,NA,NA
"control","SRB_KAZ",0.143015022332747,0.837472835946771,15,NA,NA,NA
"control","SRB_KEN",0.169374787784489,0.936779813676009,15,NA,NA,NA
"control","SRB_KGZ",-0.0994851443921309,0.694387028181707,15,NA,NA,NA
"control","SRB_KWT",0.271486252897084,1.48480327573419,15,NA,NA,NA
"control","SRB_LBN",0.160929106699325,1.17207703459522,15,NA,NA,NA
"control","SRB_LBR",0.112618880151473,1.26200369127237,13,NA,NA,NA
"control","SRB_LBY",-0.0222394002722771,0.628098814342621,15,NA,NA,NA
"control","SRB_MAC",0.0359931009600572,0.613027436695731,15,NA,NA,NA
"control","SRB_MAR",-0.112884032814088,0.9885460730868,15,NA,NA,NA
"control","SRB_MHL",0.0864401849059169,0.805380506715363,11,NA,NA,NA
"control","SRB_MNG",-0.597687363784847,1.39235280897024,15,NA,NA,NA
"control","SRB_MYS",-0.268226120900016,0.716884880651832,15,NA,NA,NA
"control","SRB_NCL",0.439498018481525,1.18723432611313,15,NA,NA,NA
"control","SRB_NGA",0.359885689199223,0.778324475511687,15,NA,NA,NA
"control","SRB_NZL",0.00903292458648413,1.19031962645472,15,NA,NA,NA
"control","SRB_OMN",-0.102709511060015,1.33090218303377,15,NA,NA,NA
"control","SRB_PAN",-0.309814775728524,0.604337187544232,15,NA,NA,NA
"control","SRB_PNG",0.53994923620761,1.17112143962743,8,NA,NA,NA
"control","SRB_PRK",0.0578285026915903,1.41274061263022,8,NA,NA,NA
"control","SRB_QAT",0.191919055042396,0.531971500388352,15,NA,NA,NA
"control","SRB_SAU",-0.0861501153713716,1.64310552971475,15,NA,NA,NA
"control","SRB_SDN",-0.446280993511017,1.15941726675366,15,NA,NA,NA
"control","SRB_SGP",-0.0659227255564709,0.703647931493719,15,NA,NA,NA
"control","SRB_SMR",-0.0936042255609165,1.06677425512021,14,NA,NA,NA
"control","SRB_SOM",0.530881552602644,0.658439915974665,11,NA,NA,NA
"control","SRB_SYC",-0.0688260559547215,0.738048522861659,15,NA,NA,NA
"control","SRB_THA",-0.0097453626020038,1.40244271620362,15,NA,NA,NA
"control","SRB_TZA",0.153622260313372,0.576926356093052,15,NA,NA,NA
"control","SRB_UGA",0.260414515719288,1.66887372328365,15,NA,NA,NA
"control","SRB_UKR",0.128069556842845,1.11626905566874,15,NA,NA,NA
"control","SRB_USA",-0.178231676305063,0.428816713378066,15,NA,NA,NA
"control","SRB_UZB",-0.135381568476307,1.14137899727885,15,NA,NA,NA
"control","SRB_VAT",-0.476033804224876,0.155234703638655,9,NA,NA,NA
"control","SRB_VCT",-0.0445908829929934,1.49321622794001,13,NA,NA,NA
"control","SRB_VGB",-0.405803269398569,0.530721132819268,15,NA,NA,NA
"control","SRB_ZAF",-0.482209531958678,0.644272397118573,15,NA,NA,NA
"control","SRB_ZMB",-0.202094651700139,0.437114638267632,15,NA,NA,NA
"control","SRB_ZWE",0.370919229886976,0.74349926565873,15,NA,NA,NA
"control","STP_KNA",0.0163987366718222,0.622493756966443,8,NA,NA,NA
"control","SUR_MKD",0.101566368445075,0.620077600029064,15,NA,NA,NA
"control","SUR_YEM",0.013907026628027,0.548502141215282,11,NA,NA,NA
"control","SVN_VAT",-0.787090250398737,1.33936219786276,8,NA,NA,NA
"control","SWZ_BTN",0.175810824071427,0.944461709680077,9,NA,NA,NA
"control","SWZ_SRB",0.608798440627284,1.30943813950061,15,NA,NA,NA
"control","SYC_MNG",-0.168915207327855,1.05130330917872,11,NA,NA,NA
"control","SYC_NIC",-0.221561344880835,1.58391774077789,10,NA,NA,NA
"control","SYC_SRB",0.0216612382185665,0.577524622041307,15,NA,NA,NA
"control","SYC_URY",-0.462795112013094,0.84782307532117,12,NA,NA,NA
"control","SYR_SRB",-0.248649030436302,1.86512360977178,15,NA,NA,NA
"control","TCA_FJI",-0.665670201859175,1.39671133764543,11,NA,NA,NA
"control","TCA_MRT",0.478428889288592,0.963106818060494,9,NA,NA,NA
"control","THA_SRB",-0.299775438685525,1.39702789855127,15,NA,NA,NA
"control","TJK_DOM",0.0610150409172044,1.12617642910746,11,NA,NA,NA
"control","TJK_SRB",-0.0165690765533118,1.25312236526344,15,NA,NA,NA
"control","TKL_BDI",-0.218797078975745,0.907834349911871,9,NA,NA,NA
"control","TKL_MDA",0.114206182713516,1.44240612872224,14,NA,NA,NA
"control","TKL_MKD",-0.043632084687579,1.28512485886852,11,NA,NA,NA
"control","TKL_NCL",0.0883116430610739,0.597821271174504,9,NA,NA,NA
"control","TKL_YEM",0.226587352570997,1.38899129730462,11,NA,NA,NA
"control","TKM_ETH",0.501464869039358,0.563292806967369,12,NA,NA,NA
"control","TKM_SRB",-0.0293803056603596,1.01127283955372,15,NA,NA,NA
"control","TLS_BIH",0.0448141961047732,0.599202142672955,8,NA,NA,NA
"control","TLS_BOL",-0.0866224361121595,1.70237737164793,11,NA,NA,NA
"control","TLS_MEX",0.670446071148713,0.843099388064005,9,NA,NA,NA
"control","TLS_UKR",-0.258598228722145,0.359274240598978,8,NA,NA,NA
"control","TON_BHS",-0.14048590234615,1.07767653693681,8,NA,NA,NA
"control","TTO_MNG",-0.0417010609422379,0.407497284534973,8,NA,NA,NA
"control","TUN_MDV",-0.0439978809391601,1.06839385056178,15,NA,NA,NA
"control","TUV_PAK",0.809538310629089,1.42395053398596,11,NA,NA,NA
"control","UGA_ARM",-8.83962966682953e-05,0.958533248194194,15,NA,NA,NA
"control","UGA_SRB",-0.516775372848531,0.714675266455161,15,NA,NA,NA
"control","UKR_ABW",-0.0337237122124701,1.31338409883194,13,NA,NA,NA
"control","UKR_SRB",-0.0199536739953212,0.772811677768866,15,NA,NA,NA
"control","UMI_CMR",-0.245282930712257,0.862984783953089,11,NA,NA,NA
"control","UMI_DNK",0.04469125588658,0.54360250326035,14,NA,NA,NA
"control","UMI_GRC",-0.385757399703992,2.26251401078614,9,NA,NA,NA
"control","UMI_PAK",-0.109753448218726,1.39002222316189,15,NA,NA,NA
"control","UMI_RWA",-0.506274066358281,0.467177913312437,11,NA,NA,NA
"control","URY_COM",0.198650163587771,1.42181251459877,8,NA,NA,NA
"control","USA_SRB",-0.0624224851084961,0.890041249296653,15,NA,NA,NA
"control","UZB_SRB",0.0391738507336898,1.15339769649616,15,NA,NA,NA
"control","VCT_BIH",-0.18370728467189,0.541859833224743,9,NA,NA,NA
"control","VEN_MWI",-0.215340590463134,0.729045765153765,12,NA,NA,NA
"control","VEN_SRB",-0.437647902164406,0.887981884666276,15,NA,NA,NA
"control","VEN_SYC",-0.573462219489648,0.911838859463042,11,NA,NA,NA
"control","VGB_KGZ",0.102872422238998,0.797575484646485,15,NA,NA,NA
"control","VGB_PAK",0.141663790166129,1.45520280927034,15,NA,NA,NA
"control","VGB_SAU",0.0689101943734781,1.88822957713738,15,NA,NA,NA
"control","VGB_SRB",-0.124336337685905,0.672630640820893,14,NA,NA,NA
"control","VGB_ZMB",-0.145561679599903,0.85482849288798,14,NA,NA,NA
"control","VNM_AFG",-0.100479957964026,0.648129224043602,11,NA,NA,NA
"control","VNM_SRB",-0.00546079344550664,0.668065519671623,15,NA,NA,NA
"control","VUT_ARE",0.308208369963076,0.857320495796253,11,NA,NA,NA
"control","VUT_PAK",-0.0585940886559865,0.653438607805801,15,NA,NA,NA
"control","VUT_SRB",0.258681785163879,0.211255345102505,8,NA,NA,NA
"control","WLF_IND",-0.207579482929368,0.621607273843593,12,NA,NA,NA
"control","WSM_ISR",-0.0129980014446165,1.37381424289563,12,NA,NA,NA
"control","YEM_MDV",0.0506217589719073,1.34668021466799,9,NA,NA,NA
"control","YEM_SRB",0.443235782692837,0.792457530485906,12,NA,NA,NA
"control","ZAF_SRB",-0.143059142301064,1.53519457666807,15,NA,NA,NA
"control","ZMB_DOM",-0.0147141703482035,0.937098104345552,14,NA,NA,NA
"control","ZMB_LBR",-0.0579108012866039,0.537689624312356,8,NA,NA,NA
"control","ABW_PAK",-0.109415150611388,0.70821732282857,11,NA,NA,NA
"control","AFG_MNE",-0.271138217263129,1.27496202078283,11,NA,NA,NA
"control","AFG_SDN",0.106449818548835,0.989756042352552,12,NA,NA,NA
"control","ALB_SLE",0.0370245299420578,1.68350409983245,10,NA,NA,NA
"control","ALB_TJK",-0.492383503242293,0.365940235213058,8,NA,NA,NA
"control","AND_MNE",-0.308340339703325,0.845700589355099,14,NA,NA,NA
"control","AND_SRB",0.291474667561267,1.05265608684119,14,NA,NA,NA
"control","ARE_MNE",0.157152254502586,0.948976229666869,14,NA,NA,NA
"control","ARG_MNE",0.13376807930658,1.10203606835353,14,NA,NA,NA
"control","ARM_AFG",0.129059800284027,1.32084720200533,9,NA,NA,NA
"control","ARM_BEN",-0.198541968678357,1.10012953311357,11,NA,NA,NA
"control","ARM_BIH",-0.0297107416235062,0.891883449815168,14,NA,NA,NA
"control","ARM_TUN",0.389116623782698,1.20657252491048,12,NA,NA,NA
"control","ASM_CHE",0.224759137588626,1.1037889417918,9,NA,NA,NA
"control","ASM_KAZ",0.186063817010773,0.780954130976356,9,NA,NA,NA
"control","ASM_KWT",0.21530919704111,1.85931096873152,11,NA,NA,NA
"control","ASM_MUS",-0.0417591276815875,1.12804069537103,11,NA,NA,NA
"control","ASM_NER",-0.186519352670768,0.392671805730972,12,NA,NA,NA
"control","ASM_SRB",-0.0318292841526139,1.35776472762291,10,NA,NA,NA
"control","ASM_TUN",0.451097775605574,1.15195548797477,10,NA,NA,NA
"control","ATG_BLR",-0.448021633456315,0.533668896872049,8,NA,NA,NA
"control","ATG_SRB",0.0121227000852994,0.67701944000405,13,NA,NA,NA
"control","AUS_MNE",-0.189163341734144,0.550731970709302,14,NA,NA,NA
"control","AZE_FJI",0.152775571626137,0.196112841626844,10,NA,NA,NA
"control","BEN_MNE",0.333629299586569,0.835043594225489,11,NA,NA,NA
"control","BFA_BDI",-0.084142613443494,0.904769869963196,10,NA,NA,NA
"control","BFA_MNE",-0.381645130127892,1.82804393109091,9,NA,NA,NA
"control","BGD_MNE",0.176704654601036,0.557886149680983,14,NA,NA,NA
"control","BGD_TJK",-0.691754029840908,0.778506737167368,13,NA,NA,NA
"control","BHR_COG",0.268890852953586,0.72592996264292,9,NA,NA,NA
"control","BHR_FJI",0.614192215952737,0.514638747302128,8,NA,NA,NA
"control","BHS_MNE",-0.00426022327183027,1.00157164785095,14,NA,NA,NA
"control","BIH_KNA",-0.163225664725989,0.650205639434848,10,NA,NA,NA
"control","BIH_MLI",0.526181999284829,0.562970303384376,10,NA,NA,NA
"control","BIH_NER",0.345800129942836,0.711549031111867,13,NA,NA,NA
"control","BIH_NGA",-0.501757523563123,0.529768643217694,14,NA,NA,NA
"control","BIH_SEN",-0.488051072505058,1.08634941181864,12,NA,NA,NA
"control","BIH_TJK",-0.0966227011767891,1.28944908284068,12,NA,NA,NA
"control","BLR_BMU",0.611287992984309,1.18310233015261,9,NA,NA,NA
"control","BLR_BRN",-0.464033446363773,1.30813600172726,8,NA,NA,NA
"control","BLR_CYM",-0.156355762522236,0.330635214281685,12,NA,NA,NA
"control","BLR_DMA",-0.035424622887845,1.62390193415509,12,NA,NA,NA
"control","BLR_MHL",-0.138995250760379,0.777200864352996,9,NA,NA,NA
"control","BLR_MNE",-0.0594324533292847,0.965372063106941,14,NA,NA,NA
"control","BLR_PNG",0.215582762561294,1.01034488324623,10,NA,NA,NA
"control","BLR_PSE",0.0493704882448431,1.63926147822447,14,NA,NA,NA
"control","BLR_SMR",0.0500517610009385,1.14267207997866,12,NA,NA,NA
"control","BLZ_MNE",-0.556527546572398,1.14036873508804,10,NA,NA,NA
"control","BOL_SRB",0.250047891549381,1.56516881969823,14,NA,NA,NA
"control","BRA_MNE",0.0415620599447461,1.05798386290244,14,NA,NA,NA
"control","BRB_MNE",-0.668953281015851,0.449171255603484,11,NA,NA,NA
"control","BRB_SRB",0.179188282818093,1.17635573480548,14,NA,NA,NA
"control","BRB_VUT",-0.00890374339010082,0.571519151184663,9,NA,NA,NA
"control","BRN_CRI",0.370229027200192,1.03610561602244,10,NA,NA,NA
"control","BRN_SRB",0.2882731789369,0.375617431414372,14,NA,NA,NA
"control","BTN_KWT",0.0288033769107026,0.904257241254446,11,NA,NA,NA
"control","BTN_SRB",-0.310527045018848,0.509639695074633,10,NA,NA,NA
"control","BWA_ARM",-0.232724883431094,0.696440445459138,10,NA,NA,NA
"control","CAF_DOM",-0.0962840921975885,0.965294084556215,13,NA,NA,NA
"control","CAF_SRB",0.273556678018499,0.860551043965683,14,NA,NA,NA
"control","CAN_MNE",0.0235317903591827,0.919909802657382,14,NA,NA,NA
"control","CCK_FJI",-0.0399729610080907,1.05479279739722,9,NA,NA,NA
"control","CCK_KAZ",-0.356417291506578,1.36006494699749,10,NA,NA,NA
"control","CCK_MNE",0.00767623146733998,0.542156751738164,12,NA,NA,NA
"control","CCK_SRB",-0.254966229721614,0.561571575377431,10,NA,NA,NA
"control","CCK_TWN",-0.632519489798729,1.27654262471691,13,NA,NA,NA
"control","CHE_ASM",-0.146907381192542,0.815267193823363,14,NA,NA,NA
"control","CHE_GUM",-0.250588461392735,0.535496652713732,14,NA,NA,NA
"control","CHL_MNE",0.286935593909235,1.45346642159551,14,NA,NA,NA
"control","CHN_MNE",0.548191805852573,1.48493458699229,14,NA,NA,NA
"control","CIV_ARM",-0.076627556281532,0.714149942285104,14,NA,NA,NA
"control","CIV_FJI",0.31049890316145,0.238302351449332,8,NA,NA,NA
"control","CIV_MNE",0.0547373386869386,0.756577219341339,14,NA,NA,NA
"control","CMR_ARM",0.436255630462252,2.48983492811878,13,NA,NA,NA
"control","CMR_BRN",-0.258350393974662,0.542274260585884,9,NA,NA,NA
"control","COD_MNE",-0.0596560142996767,0.365599758311808,11,NA,NA,NA
"control","COD_SRB",0.392910895271438,1.45040746516485,14,NA,NA,NA
"control","COG_BRN",0.126637562175274,1.41219033843013,11,NA,NA,NA
"control","COG_KWT",-0.274076596074608,1.03359570250835,14,NA,NA,NA
"control","COG_MNE",-0.0639009878647168,2.00406955571506,8,NA,NA,NA
"control","COG_PER",0.641000911227338,1.39004644184214,12,NA,NA,NA
"control","COK_MKD",-0.109760417487566,0.532308696425825,10,NA,NA,NA
"control","COK_SRB",-0.00744935670298788,0.78511088877196,10,NA,NA,NA
"control","COL_MNE",-0.341034961398222,1.85099391776364,14,NA,NA,NA
"control","COM_BIH",-0.0898226620681975,2.07177195859567,12,NA,NA,NA
"control","COM_KWT",-0.80194132663218,0.851774108571753,10,NA,NA,NA
"control","COM_SRB",-0.044101182959023,0.391024626276809,11,NA,NA,NA
"control","CRI_MNE",0.00247991070886217,1.22524765815378,14,NA,NA,NA
"control","CUB_MNE",-0.134238219147435,1.61630489138788,14,NA,NA,NA
"control","CUB_RWA",-0.00119659269444077,0.731800048490535,11,NA,NA,NA
"control","CXR_BEL",0.23431224029413,0.780805169339579,9,NA,NA,NA
"control","CXR_FJI",0.553397286999417,0.649243677271008,9,NA,NA,NA
"control","CXR_SRB",-0.103313294861499,0.188618378210243,8,NA,NA,NA
"control","DJI_CRI",-0.192406020338437,0.60287853678401,8,NA,NA,NA
"control","DJI_NZL",-0.00298912665909728,1.36686231180894,14,NA,NA,NA
"control","DMA_KGZ",0.673290500991251,1.24467290145347,14,NA,NA,NA
"control","DMA_MNE",-0.593651595248947,1.23061973510395,14,NA,NA,NA
"control","DOM_KGZ",-0.182066883078153,0.939404717046006,14,NA,NA,NA
"control","DOM_LBR",0.60191377665508,0.699704034950683,14,NA,NA,NA
"control","DOM_MLI",-0.157439965986375,0.724138303251505,9,NA,NA,NA
"control","DZA_SLE",0.566014895314026,1.10076190090608,13,NA,NA,NA
"control","ECU_MNE",-0.078639656389723,0.981440336305258,14,NA,NA,NA
"control","EGY_MNE",-0.100095156801186,1.27382071146672,14,NA,NA,NA
"control","ERI_BLR",-0.00919436582642962,0.605350781324211,10,NA,NA,NA
"control","ERI_NGA",-0.330965172171109,1.56164306835224,14,NA,NA,NA
"control","EST_BFA",-0.244898229467436,1.1592565870687,13,NA,NA,NA
"control","EST_MDV",0.354937798143453,1.08226292172473,12,NA,NA,NA
"control","ETH_MNE",-0.147439048965352,0.814282286869461,13,NA,NA,NA
"control","FLK_MNE",-0.390584392590842,0.421534218244771,14,NA,NA,NA
"control","FLK_SRB",-0.11709093353288,1.15024876224078,14,NA,NA,NA
"control","FRO_SRB",-0.278230153769333,0.747451847375894,13,NA,NA,NA
"control","GAB_GUY",-0.0357379974372616,0.921459870740319,11,NA,NA,NA
"control","GAB_SRB",-0.210025201241951,0.285281308870341,14,NA,NA,NA
"control","GEO_CIV",-0.288119640692548,1.04365662203908,14,NA,NA,NA
"control","GEO_LCA",0.20945011315055,0.97152842736202,8,NA,NA,NA
"control","GEO_MDG",-0.0770347983115391,0.873789338255829,14,NA,NA,NA
"control","GEO_MNE",-0.330253895604739,1.47910059460922,14,NA,NA,NA
"control","GEO_SDN",-0.412937159193797,1.44914336347783,14,NA,NA,NA
"control","GEO_SLE",-0.101814625338795,0.614116065738989,11,NA,NA,NA
"control","GHA_GEO",-0.0705457561596474,1.24278082929224,10,NA,NA,NA
"control","GHA_KHM",0.554775777782572,1.13102769504277,10,NA,NA,NA
"control","GHA_MNE",0.823625426870058,0.873831928930349,14,NA,NA,NA
"control","GHA_TCD",0.145259854591455,0.726355745791616,14,NA,NA,NA
"control","GIB_MNE",-0.355932568329903,2.18715092367317,9,NA,NA,NA
"control","GIN_KWT",-0.445378536706225,2.53989231344061,11,NA,NA,NA
"control","GIN_MNE",-0.254660818784883,0.389086171630784,9,NA,NA,NA
"control","GIN_SRB",-0.0853261857047307,1.07571673911952,14,NA,NA,NA
"control","GMB_ARG",0.230635321395184,0.762356380825748,11,NA,NA,NA
"control","GMB_MNE",-0.36379533898135,0.641029971262758,11,NA,NA,NA
"control","GMB_SRB",0.0988727154429615,0.878161805819929,9,NA,NA,NA
"control","GNB_SDN",0.332640303573648,0.284792811957665,9,NA,NA,NA
"control","GNQ_CPV",-0.0419064787829062,0.82807567596809,10,NA,NA,NA
"control","GRD_MNE",-0.156498200355675,0.542536503340068,10,NA,NA,NA
"control","GRL_CRI",-0.413317551204275,1.014956557311,10,NA,NA,NA
"control","GTM_SRB",-0.205044667530419,0.940659995066443,14,NA,NA,NA
"control","GTM_SYC",0.316251610027647,0.699131058156675,11,NA,NA,NA
"control","GTM_TCA",-0.109570079976395,1.15772803551147,8,NA,NA,NA
"control","GUM_CHE",0.120252218454581,1.74117945635743,14,NA,NA,NA
"control","GUM_NCL",-0.200035602741249,1.47350210409951,8,NA,NA,NA
"control","GUM_RWA",-0.231543820472134,1.26574405374648,10,NA,NA,NA
"control","GUM_VCT",0.0589066260002828,1.21346706409159,12,NA,NA,NA
"control","GUY_MNE",-0.121751276411216,0.506858660237295,10,NA,NA,NA
"control","GUY_SRB",0.0934300781425706,0.407121712951331,13,NA,NA,NA
"control","HKG_MNE",0.0345161120168384,0.680105044443191,14,NA,NA,NA
"control","HND_ARM",-0.0354445482996169,1.04983264851873,14,NA,NA,NA
"control","HND_MNE",-0.495799385150101,0.843310072642993,14,NA,NA,NA
"control","HTI_ARM",-0.519146489162301,0.85290927680671,12,NA,NA,NA
"control","HTI_SRB",0.11890586566701,0.81387014572008,14,NA,NA,NA
"control","HUN_VUT",-0.0699323656786818,1.31711624596382,9,NA,NA,NA
"control","IDN_MNE",0.0202928057615081,0.819109319387657,14,NA,NA,NA
"control","IND_MNE",-0.237288937545083,1.27374578463453,14,NA,NA,NA
"control","IRL_GUM",0.145925535509343,1.09843227302775,14,NA,NA,NA
"control","IRN_MNE",0.0320355870202482,1.63604456116543,14,NA,NA,NA
"control","IRQ_BLR",-0.232939347723663,1.4815417265594,11,NA,NA,NA
"control","IRQ_MNE",-0.0121861645603302,1.84989573811921,10,NA,NA,NA
"control","ISL_AGO",-0.363650793231832,0.609228256026365,13,NA,NA,NA
"control","ISL_LAO",0.126559690958054,0.520083959594946,11,NA,NA,NA
"control","ISL_MDV",0.00517752005008122,0.812290100427038,8,NA,NA,NA
"control","ISL_MHL",-0.0769938088399134,1.79415679341217,11,NA,NA,NA
"control","ISR_KIR",-0.611146536126609,0.851293761178607,10,NA,NA,NA
"control","ISR_MNE",-0.0617602636627044,1.46422451772164,14,NA,NA,NA
"control","JAM_ARM",0.432234997221721,1.79771075135974,12,NA,NA,NA
"control","JAM_KGZ",-0.0591574019262372,0.903419579215732,13,NA,NA,NA
"control","JAM_MNE",0.250354294178768,0.970513922308699,14,NA,NA,NA
"control","JAM_QAT",-0.104130488333506,0.669606933956778,9,NA,NA,NA
"control","JOR_MNE",-0.299518790319876,1.10524086987067,14,NA,NA,NA
"control","JPN_MNE",0.132368221866449,1.3335345796801,14,NA,NA,NA
"control","KAZ_MNE",-0.145295108660824,0.752834798054254,14,NA,NA,NA
"control","KEN_MNE",-0.223931163618415,0.559080156110657,13,NA,NA,NA
"control","KGZ_MNE",-0.594704917559884,1.10901658489165,14,NA,NA,NA
"control","KGZ_SDN",0.543873590142455,0.740699978719754,10,NA,NA,NA
"control","KHM_ATG",-0.39942780339444,0.486330381998558,12,NA,NA,NA
"control","KHM_MNE",0.385316979934112,0.483443779289174,14,NA,NA,NA
"control","KIR_SRB",-0.0737165841672014,1.13819493388462,12,NA,NA,NA
"control","KOR_MNE",-0.0816927830176923,0.918512212830993,14,NA,NA,NA
"control","LAO_ARM",0.131320790947893,1.32489726629397,14,NA,NA,NA
"control","LAO_MDV",0.3436751234799,0.741830545961344,10,NA,NA,NA
"control","LAO_MNE",0.148182320274235,1.20617784604387,14,NA,NA,NA
"control","LAO_NAM",0.0256940466578631,0.693421213255787,8,NA,NA,NA
"control","LAO_VEN",-0.0351556689728551,1.23148612372958,8,NA,NA,NA
"control","LBN_MMR",0.236841489784513,0.943218056462678,12,NA,NA,NA
"control","LBN_MNE",0.307395614655629,1.64568879362795,14,NA,NA,NA
"control","LBR_BIH",0.49365662376356,0.954885479955026,9,NA,NA,NA
"control","LCA_AND",-0.138481368670909,1.81329275439688,8,NA,NA,NA
"control","LKA_MNE",0.0588713813582704,1.26672609184368,14,NA,NA,NA
"control","LKA_TKL",0.118084861538505,0.842643651155947,8,NA,NA,NA
"control","LSO_ARM",0.31713338895336,0.751253051252138,10,NA,NA,NA
"control","LSO_CRI",0.181080191495679,1.0154266199522,13,NA,NA,NA
"control","LSO_RWA",0.174735153018553,0.529915225622285,8,NA,NA,NA
"control","LSO_SDN",0.664526867422784,1.19084632642366,8,NA,NA,NA
"control","LTU_CPV",0.258358043994573,0.757157901274265,13,NA,NA,NA
"control","LTU_HTI",-0.319773743324882,2.34135413148882,12,NA,NA,NA
"control","LTU_MDV",0.31315833722045,1.11780906526485,13,NA,NA,NA
"control","LVA_BRN",-0.0213965923450727,1.54980100976007,10,NA,NA,NA
"control","LVA_MWI",0.446726030045725,0.681304463352163,12,NA,NA,NA
"control","MAC_ARM",-0.299179528212853,1.84436309826715,11,NA,NA,NA
"control","MAC_MNE",0.113022146880514,0.827081844854565,14,NA,NA,NA
"control","MAR_MNE",-0.000852550491455832,1.39850798553133,14,NA,NA,NA
"control","MDG_ARM",-0.349314014396035,0.702403564438644,14,NA,NA,NA
"control","MDG_MNE",0.45582946998001,0.800583186521814,14,NA,NA,NA
"control","MDG_SRB",-0.302844134571972,0.661565399051177,14,NA,NA,NA
"control","MDV_BIH",0.28090742600306,1.01310846649862,8,NA,NA,NA
"control","MDV_BLR",-0.158612497934048,0.881829911712729,9,NA,NA,NA
"control","MDV_BRN",-0.0975143483215373,1.57319665621776,12,NA,NA,NA
"control","MDV_IRN",0.106858701300486,0.695590000791333,10,NA,NA,NA
"control","MDV_SRB",-0.244181780303332,1.47330546216604,12,NA,NA,NA
"control","MEX_MNE",-0.0164364182480773,0.646415015521741,14,NA,NA,NA
"control","MHL_LKA",0.192009555759076,1.6517941669077,10,NA,NA,NA
"control","MHL_PER",0.364504226342384,0.651999704230239,14,NA,NA,NA
"control","MKD_COG",0.306551397901062,0.87013121313553,10,NA,NA,NA
"control","MKD_DOM",0.239129304422669,0.695517369750287,13,NA,NA,NA
"control","MLI_KHM",0.213529368614346,0.328274241026123,10,NA,NA,NA
"control","MLI_KIR",-0.452013838690921,0.974702422154083,10,NA,NA,NA
"control","MLI_MNE",-0.0913818914329697,1.80215961019882,8,NA,NA,NA
"control","MLI_SRB",0.0579456567571193,0.475960802050516,14,NA,NA,NA
"control","MLT_RWA",-0.267065477157285,0.733769688082259,11,NA,NA,NA
"control","MLT_TCD",0.129031795020898,0.709234821248936,14,NA,NA,NA
"control","MMR_ARM",0.00643911270032741,0.232960373120687,13,NA,NA,NA
"control","MMR_MNE",-0.0134160060581166,0.438757272278419,14,NA,NA,NA
"control","MNE_AFG",0.513476999111458,0.947178551709034,8,NA,NA,NA
"control","MNE_ARE",0.248545323180018,0.757034213056927,13,NA,NA,NA
"control","MNE_AUS",0.400627317681979,1.57885916466885,14,NA,NA,NA
"control","MNE_BLR",0.196606150388531,0.811345249063925,14,NA,NA,NA
"control","MNE_CAN",-0.230676781153351,0.993678827783893,14,NA,NA,NA
"control","MNE_CHL",0.261905287362311,1.30932985411224,11,NA,NA,NA
"control","MNE_EGY",-0.443582554720445,0.643457157273022,14,NA,NA,NA
"control","MNE_GIB",0.0805801351602107,1.4617782310565,9,NA,NA,NA
"control","MNE_HKG",0.0435105631232193,0.446198260850188,14,NA,NA,NA
"control","MNE_ISR",0.0776010501046624,1.43783228854683,14,NA,NA,NA
"control","MNE_JPN",-0.235267948581027,0.565957538357951,14,NA,NA,NA
"control","MNE_LBY",0.221649039979003,0.613526598011159,11,NA,NA,NA
"control","MNE_MYS",-0.086358377592165,1.05644305617589,13,NA,NA,NA
"control","MNE_NZL",0.00426043283049644,1.02978616338285,13,NA,NA,NA
"control","MNE_RUS",-0.00511745305076128,0.622220837468534,14,NA,NA,NA
"control","MNE_THA",-0.236643903089653,0.653752488833133,13,NA,NA,NA
"control","MNE_TWN",0.260875936285644,0.59408267998435,13,NA,NA,NA
"control","MNE_USA",0.110858713294726,1.18760130914121,14,NA,NA,NA
"control","MNE_VGB",-0.0540030531515832,0.235914854458379,8,NA,NA,NA
"control","MNG_GHA",0.337356884326149,0.822768453264643,8,NA,NA,NA
"control","MNG_SRB",0.0924516783076231,0.599653809293476,13,NA,NA,NA
"control","MOZ_DOM",-0.675044835646969,0.988345922065272,12,NA,NA,NA
"control","MOZ_MAC",0.207998068311521,0.639168202022903,10,NA,NA,NA
"control","MOZ_SRB",-0.231864952353064,1.55551226313495,14,NA,NA,NA
"control","MRT_ARM",-0.232983931081384,0.842639791313571,14,NA,NA,NA
"control","MRT_MNE",-0.227211397496019,1.10793927151077,13,NA,NA,NA
"control","MRT_SRB",0.236062847102921,1.01493010761853,14,NA,NA,NA
"control","MSR_MNE",-0.289593277542195,2.04500904172078,8,NA,NA,NA
"control","MUS_ARM",0.170088947607568,1.18253561816924,14,NA,NA,NA
"control","MUS_MNE",-0.188830170058352,0.649942185110023,14,NA,NA,NA
"control","MWI_QAT",0.49189286923339,1.27325619390113,9,NA,NA,NA
"control","MWI_SRB",0.0884286148095771,0.736640909892745,14,NA,NA,NA
"control","MYS_MNE",0.064784817399879,1.80406791197683,14,NA,NA,NA
"control","NAM_BTN",-0.712492406611886,0.855049983192532,12,NA,NA,NA
"control","NAM_GNQ",0.0953516121256978,0.84436323290329,12,NA,NA,NA
"control","NAM_KIR",0.0252960103886261,0.342750662315213,8,NA,NA,NA
"control","NAM_MNE",-0.0262489108678125,0.621702755064709,13,NA,NA,NA
"control","NCL_ARE",-0.193562852791238,0.551415222057132,14,NA,NA,NA
"control","NCL_GUY",-0.0806562778970907,0.777587484074012,12,NA,NA,NA
"control","NCL_KEN",0.272934234903742,1.07853265141536,11,NA,NA,NA
"control","NCL_PRY",0.351572267835654,2.03669048914483,9,NA,NA,NA
"control","NCL_SDN",0.252462532323039,0.51092975133195,9,NA,NA,NA
"control","NCL_SRB",0.106523217554204,1.26113584724804,11,NA,NA,NA
"control","NER_SLV",0.118933248558159,1.51259591923093,10,NA,NA,NA
"control","NFK_CRI",0.466233098721534,1.64079215649853,8,NA,NA,NA
"control","NFK_NER",-0.217681369290844,1.18896050220651,11,NA,NA,NA
"control","NGA_MNE",-0.335168409913773,0.358415516599338,12,NA,NA,NA
"control","NIC_ARM",0.0915199394819836,1.70050787801715,14,NA,NA,NA
"control","NIC_MHL",0.420543220604198,0.817710344581065,10,NA,NA,NA
"control","NIC_NPL",0.175366733513078,1.2198439463558,13,NA,NA,NA
"control","NIC_SRB",-0.298154248510904,0.594101581401205,14,NA,NA,NA
"control","NIU_ESP",0.325082834845394,1.2179277563248,8,NA,NA,NA
"control","NIU_IND",0.131380822207919,0.309525937609408,10,NA,NA,NA
"control","NIU_SRB",0.42583479256412,0.927488247176033,14,NA,NA,NA
"control","NPL_FJI",0.26898857871852,0.46445478764226,13,NA,NA,NA
"control","NPL_MNE",-0.0592209173760566,1.26831275732203,12,NA,NA,NA
"control","NRU_SRB",0.260888988292351,0.922397383458246,10,NA,NA,NA
"control","NZL_MNE",-0.369980925809484,0.3708992255745,14,NA,NA,NA
"control","OMN_MNE",0.442981007531415,1.10205292605714,10,NA,NA,NA
"control","PAK_MNE",0.277759198022865,1.07622013652917,14,NA,NA,NA
"control","PAN_COD",-0.14175381274709,0.725756181836539,11,NA,NA,NA
"control","PAN_MNE",0.200150125523785,0.686618926839703,14,NA,NA,NA
"control","PCN_SRB",0.0877702773115479,1.33804597609904,9,NA,NA,NA
"control","PER_MNE",0.0691507140940018,0.943763404240742,14,NA,NA,NA
"control","PHL_MNE",-0.0242631697958275,1.21745398434804,14,NA,NA,NA
"control","PLW_MNE",-0.327039380299687,1.16638959253506,8,NA,NA,NA
"control","PNG_SRB",-0.264997490454674,1.16800839811148,11,NA,NA,NA
"control","POL_GNB",-0.46548557162305,1.09791233951488,14,NA,NA,NA
"control","PRK_MNE",0.658464879052203,0.652977088732123,14,NA,NA,NA
"control","PRY_GNB",0.616145602495793,0.756160671294428,8,NA,NA,NA
"control","PRY_MNE",-0.355244457528475,0.899492151906168,13,NA,NA,NA
"control","PSE_GRL",0.167579546260781,0.392046493419597,9,NA,NA,NA
"control","PSE_KAZ",0.171619034762166,0.641151974767083,14,NA,NA,NA
"control","PSE_NIC",0.375293879205082,1.46904094725309,9,NA,NA,NA
"control","ROU_GUM",-0.170928245879204,1.33618321505266,11,NA,NA,NA
"control","RUS_MNE",-0.528875685651563,1.98388738130926,14,NA,NA,NA
"control","RUS_PLW",0.30601898937525,1.73692186107042,12,NA,NA,NA
"control","RUS_PSE",-0.171863917328173,1.2278234012529,14,NA,NA,NA
"control","RUS_VAT",-0.779246268429507,0.402838538582092,8,NA,NA,NA
"control","RWA_BOL",-0.44929461826113,0.901900010691172,9,NA,NA,NA
"control","RWA_PYF",-0.016094994789385,0.796320029613014,10,NA,NA,NA
"control","RWA_SRB",0.255337234942911,0.807691477474466,12,NA,NA,NA
"control","SAU_MNE",0.197291225904857,1.03216672366857,14,NA,NA,NA
"control","SDN_LUX",0.23257246326314,1.17030154133704,11,NA,NA,NA
"control","SDN_MNE",0.360261839114075,0.421379710096413,13,NA,NA,NA
"control","SEN_MNE",0.292612728507813,0.93880053775486,14,NA,NA,NA
"control","SEN_SRB",-0.3659512648399,0.766520448717235,14,NA,NA,NA
"control","SGP_MNE",0.210835971384916,0.746513535315228,14,NA,NA,NA
"control","SGS_NZL",0.643528428386605,0.955147106312137,10,NA,NA,NA
"control","SGS_SDN",-0.070386981595189,0.8033421149429,11,NA,NA,NA
"control","SHN_KWT",-0.404679388462851,1.86830532783051,10,NA,NA,NA
"control","SHN_MNE",-0.0856872443056922,1.78242518315082,8,NA,NA,NA
"control","SHN_SRB",0.189948427834871,1.72935411002625,14,NA,NA,NA
"control","SLE_CRI",-0.00919334795709503,0.718346865884526,11,NA,NA,NA
"control","SLE_SRB",-0.494138390974619,0.759512037126458,14,NA,NA,NA
"control","SLV_LBY",0.314594301591189,0.899724320747073,8,NA,NA,NA
"control","SLV_SRB",-0.18682839192528,0.583815454872426,14,NA,NA,NA
"control","SMR_ARG",-0.838395675636247,0.564116350419302,14,NA,NA,NA
"control","SMR_BLR",-0.351726263578651,0.563904846073394,14,NA,NA,NA
"control","SMR_MNE",-0.34479627024832,0.979487710069185,14,NA,NA,NA
"control","SMR_MUS",-0.55351341298484,0.531328494100522,14,NA,NA,NA
"control","SMR_TUR",-0.303268618934858,0.673886685023955,14,NA,NA,NA
"control","SOM_DOM",0.0316807506178809,1.21591681221843,8,NA,NA,NA
"control","SOM_MNE",0.172095223066306,1.19361035985758,8,NA,NA,NA
"control","SPM_SDN",0.28652636836701,0.90113857246231,13,NA,NA,NA
"control","SRB_BFA",0.136498592325445,0.885762407267524,13,NA,NA,NA
"control","SRB_BRB",-0.764701843838747,0.479020162307047,11,NA,NA,NA
"control","SRB_BRN",-0.202609025520211,1.18035151122043,12,NA,NA,NA
"control","SRB_CAF",0.580780958493154,2.52088846357224,8,NA,NA,NA
"control","SRB_COL",-0.282095509272363,0.805747824822732,14,NA,NA,NA
"control","SRB_CPV",0.0388065162293928,0.961544015120371,8,NA,NA,NA
"control","SRB_CRI",-0.213130872952436,0.904686390031435,14,NA,NA,NA
"control","SRB_ECU",0.115393725059893,0.701702054560497,14,NA,NA,NA
"control","SRB_ETH",0.165867787587054,1.35485733880291,14,NA,NA,NA
"control","SRB_FJI",-0.120165640285269,1.08834025174055,12,NA,NA,NA
"control","SRB_FRO",0.168218302671862,0.293006138045612,11,NA,NA,NA
"control","SRB_GRL",-0.395575748576618,1.44470109821628,13,NA,NA,NA
"control","SRB_GTM",0.485556385986148,1.07725459409555,14,NA,NA,NA
"control","SRB_GUY",0.288225506294292,1.31889360991737,10,NA,NA,NA
"control","SRB_HND",0.411150677019004,1.55192887828624,14,NA,NA,NA
"control","SRB_HTI",-0.249422403217528,1.19501119643627,11,NA,NA,NA
"control","SRB_JAM",-0.0598610488847106,1.16527435945491,13,NA,NA,NA
"control","SRB_KHM",0.0132912682937941,0.389558439665817,12,NA,NA,NA
"control","SRB_KNA",0.169667247094837,0.362882491095109,12,NA,NA,NA
"control","SRB_LKA",0.0394059647607155,1.74077944051153,14,NA,NA,NA
"control","SRB_MDG",-0.0500815603364708,0.274623855457701,14,NA,NA,NA
"control","SRB_MDV",0.0170140553019443,0.998983746425078,11,NA,NA,NA
"control","SRB_MLI",0.21568993068445,1.26576881390081,11,NA,NA,NA
"control","SRB_MMR",0.0344962403983761,0.490730456952,14,NA,NA,NA
"control","SRB_MOZ",-0.176030534707331,0.469947436672615,14,NA,NA,NA
"control","SRB_MUS",0.0964271243024918,0.542387633769702,14,NA,NA,NA
"control","SRB_MWI",-0.112495928424065,0.830095218528962,10,NA,NA,NA
"control","SRB_NAM",-0.521616821350643,0.906632888527045,14,NA,NA,NA
"control","SRB_NER",0.112578646301262,0.927053040356457,14,NA,NA,NA
"control","SRB_NIC",0.531808204838857,1.06272850295358,14,NA,NA,NA
"control","SRB_NPL",0.443007155764001,0.714830701270053,13,NA,NA,NA
"control","SRB_PYF",-0.255456281886128,0.756960359053365,14,NA,NA,NA
"control","SRB_RWA",0.324605617357913,1.34124036675908,14,NA,NA,NA
"control","SRB_SEN",0.252814055686739,0.890865482085246,14,NA,NA,NA
"control","SRB_SLE",0.161221159571624,1.09201119355181,14,NA,NA,NA
"control","SRB_SLV",0.025364328761707,1.3618212513457,14,NA,NA,NA
"control","SRB_SUR",-0.101468436019631,1.26058130958712,14,NA,NA,NA
"control","SRB_SWZ",-0.0598919371004275,1.9209116006058,11,NA,NA,NA
"control","SRB_SYR",-0.248850496773135,1.3768595357901,13,NA,NA,NA
"control","SRB_TGO",0.192723737389524,0.815713676874113,12,NA,NA,NA
"control","SRB_TJK",-0.0153048457017002,1.87196627627162,14,NA,NA,NA
"control","SRB_TKM",0.426712468377598,1.13542558293472,13,NA,NA,NA
"control","SRB_TTO",-0.0266955978166869,1.03479237968633,14,NA,NA,NA
"control","SRB_TWN",-0.108876418836564,1.6833661519477,14,NA,NA,NA
"control","SRB_VEN",0.551882878152309,0.717906477351375,13,NA,NA,NA
"control","SRB_VNM",-0.217582033872824,1.31124296246035,14,NA,NA,NA
"control","SRB_YEM",-0.0983090309256459,0.755656368682244,14,NA,NA,NA
"control","STP_MDA",-0.327047966017847,0.465365402279313,9,NA,NA,NA
"control","STP_SRB",-0.0926897631835288,0.454166350815769,12,NA,NA,NA
"control","STP_TUN",0.236518561444579,1.59223013331854,9,NA,NA,NA
"control","SUR_KWT",-0.299264798347016,0.849624534260225,12,NA,NA,NA
"control","SUR_MNE",0.439139683706059,1.35381519330451,12,NA,NA,NA
"control","SUR_SRB",0.0605799962077612,1.13237677170061,14,NA,NA,NA
"control","SWE_CCK",0.298497075018385,1.55740963636041,8,NA,NA,NA
"control","SWZ_ARM",0.301843237879638,0.797721899695446,10,NA,NA,NA
"control","SWZ_LUX",0.443073441623762,1.10098887181039,8,NA,NA,NA
"control","SWZ_MNE",-0.233801062115038,0.652933538920178,14,NA,NA,NA
"control","SYC_MDA",-0.135604133519944,2.09835672196568,9,NA,NA,NA
"control","SYR_MNE",0.0132161996805746,1.35552671230153,13,NA,NA,NA
"control","TCA_CAF",-0.316363032557996,1.16974357048785,13,NA,NA,NA
"control","TCA_MNE",0.892581377551371,0.626884924750483,8,NA,NA,NA
"control","TCA_SRB",-0.129654521021611,1.04551180365469,12,NA,NA,NA
"control","TCA_TUR",-0.25333172978041,0.385552636391804,12,NA,NA,NA
"control","TGO_ARM",0.0548914365940711,0.4856477260041,11,NA,NA,NA
"control","TGO_SRB",0.117958864351941,0.852867448984983,13,NA,NA,NA
"control","THA_MNE",0.153924286912381,0.981846840891753,14,NA,NA,NA
"control","TJK_ARM",-0.338674129505988,0.817105882857141,8,NA,NA,NA
"control","TJK_MNE",0.950403729950378,0.629458078361457,14,NA,NA,NA
"control","TJK_SYC",-0.247803369365938,1.79960499145899,11,NA,NA,NA
"control","TKL_BLR",0.847931045055821,0.77780266710794,11,NA,NA,NA
"control","TKL_MNE",-0.319250948810301,0.905133035288832,9,NA,NA,NA
"control","TKL_NIC",0.0949563268152586,1.12137668418456,14,NA,NA,NA
"control","TKL_SRB",-0.279788910772431,1.22334168951183,14,NA,NA,NA
"control","TKM_GHA",-0.355837793451847,1.35465331228067,8,NA,NA,NA
"control","TKM_MNE",0.0211420912704637,1.32831231216525,14,NA,NA,NA
"control","TKM_NGA",0.0779610967249388,0.636452373188496,10,NA,NA,NA
"control","TKM_SDN",0.126306083379583,1.13266784723329,11,NA,NA,NA
"control","TLS_MNE",-0.0288107190680711,1.58296017737978,8,NA,NA,NA
"control","TTO_MNE",0.0288997354780332,1.84951392024692,13,NA,NA,NA
"control","TTO_SRB",0.542573709378656,0.724859705624964,14,NA,NA,NA
"control","TUN_MNE",-0.142937523039245,0.930069911870474,14,NA,NA,NA
"control","TUR_ATF",-0.146752129946546,1.24995078255237,14,NA,NA,NA
"control","TUR_SMR",-0.0623389110791395,1.32841343966881,14,NA,NA,NA
"control","TUV_SRB",-0.243149734089257,1.35323866798421,13,NA,NA,NA
"control","TUV_TWN",0.0652664609213229,0.782244470711953,10,NA,NA,NA
"control","TWN_ATA",-0.0428863649370883,0.937306601600522,13,NA,NA,NA
"control","TWN_MNE",-0.0159358935918881,1.29089055456195,14,NA,NA,NA
"control","TWN_SRB",-0.367692925684485,1.18543587981496,14,NA,NA,NA
"control","TZA_KHM",-0.133957176706675,0.86642071012081,14,NA,NA,NA
"control","TZA_MDA",0.0224649490330813,1.24465825890643,14,NA,NA,NA
"control","TZA_SLV",-0.361930704628343,0.623032396000641,10,NA,NA,NA
"control","TZA_SRB",0.245937203476236,0.557490631391126,14,NA,NA,NA
"control","UGA_GRL",0.296644483485783,1.61871360013201,9,NA,NA,NA
"control","UGA_IRQ",0.454034742222711,0.671112836845439,9,NA,NA,NA
"control","UGA_MNE",0.239228126265072,0.602655184692637,12,NA,NA,NA
"control","UGA_URY",0.454796612785208,0.565383496755549,8,NA,NA,NA
"control","UMI_BOL",0.0569538522891938,1.33335846782786,11,NA,NA,NA
"control","UMI_NZL",0.165866432339327,1.41831372404208,13,NA,NA,NA
"control","UMI_POL",-0.053101781234582,1.05067147012465,14,NA,NA,NA
"control","URY_GNB",0.198666987437928,0.807640292598788,12,NA,NA,NA
"control","URY_MNE",0.496122399077391,1.1135878478326,14,NA,NA,NA
"control","USA_MNE",0.240132655601756,1.07378598361373,14,NA,NA,NA
"control","UZB_SDN",-0.120624329984043,0.621345010725903,12,NA,NA,NA
"control","VAT_RUS",-0.259335529557632,0.429567388782738,13,NA,NA,NA
"control","VAT_SRB",0.18982317837919,2.85448395911408,8,NA,NA,NA
"control","VCT_SLV",0.0857769287872095,0.794622569658389,9,NA,NA,NA
"control","VCT_SRB",0.239756686924267,0.863191800034693,10,NA,NA,NA
"control","VEN_MNE",0.214900167757561,1.1053943315867,14,NA,NA,NA
"control","VEN_SWZ",-0.224631011875384,1.77857487285463,9,NA,NA,NA
"control","VGB_MNE",-0.467108109782675,0.987247727240797,11,NA,NA,NA
"control","VGB_NGA",-0.302706275632458,0.703147246207894,14,NA,NA,NA
"control","VGB_RWA",-0.472838358258679,0.75542435392936,11,NA,NA,NA
"control","VGB_SYC",-0.37360835117551,1.22704317579035,12,NA,NA,NA
"control","VNM_MNE",-0.292504335142759,0.704485039297361,14,NA,NA,NA
"control","WLF_PAK",0.00265633585241169,0.53515441790172,8,NA,NA,NA
"control","WLF_ZAF",-0.0208448495717106,1.4510641425462,9,NA,NA,NA
"control","WSM_KWT",-0.534605617571759,1.11054376700924,9,NA,NA,NA
"control","YEM_BLR",0.174675530425498,0.878095218927192,14,NA,NA,NA
"control","YEM_KAZ",0.0671852966574979,1.01647102471581,11,NA,NA,NA
"control","ZAF_MNE",0.167253552398504,0.753551717879693,14,NA,NA,NA
"control","ZMB_MNE",0.406777944480607,0.736431765917783,14,NA,NA,NA
"control","ZMB_SRB",0.642705217619567,1.12515169364522,14,NA,NA,NA
"control","ZWE_SRB",-0.0920465305448889,1.52936718229162,14,NA,NA,NA
"control","ABW_AGO",-0.611984272891085,1.12516590973484,8,NA,NA,NA
"control","ABW_RUS",0.423764948569744,0.645026141018613,12,NA,NA,NA
"control","AFG_AGO",-0.0364958985017801,1.41990180412887,12,NA,NA,NA
"control","AIA_CRI",0.573923396852446,0.940149840466845,10,NA,NA,NA
"control","AND_BEN",-0.0967312778421861,0.720067830856554,11,NA,NA,NA
"control","AND_COG",0.000200058120566109,0.609949134116721,9,NA,NA,NA
"control","AND_TGO",-0.411711341304354,0.74413861484507,9,NA,NA,NA
"control","ARE_FSM",0.00947037753119508,0.67369131645979,8,NA,NA,NA
"control","ARM_MRT",0.4091056800618,0.706429413115398,9,NA,NA,NA
"control","ASM_CMR",-0.35145767828872,1.71495102749248,9,NA,NA,NA
"control","ASM_DOM",0.382683160434639,0.940213410125546,8,NA,NA,NA
"control","ATF_MNE",-0.751369989762791,1.34121441492037,8,NA,NA,NA
"control","ATG_AGO",-0.43972135999483,0.973603609549252,12,NA,NA,NA
"control","ATG_HKG",-0.425894507252479,1.19835638713379,10,NA,NA,NA
"control","ATG_KWT",-0.145126362823428,1.79836568876222,8,NA,NA,NA
"control","ATG_NIC",0.406890058235706,1.65154195154789,9,NA,NA,NA
"control","AZE_MNE",-0.0278099880326814,1.94254530841016,13,NA,NA,NA
"control","BDI_BMU",-0.540937512445449,0.502604783854469,8,NA,NA,NA
"control","BHR_AGO",-0.659795695047134,0.885291237532463,13,NA,NA,NA
"control","BHR_GUY",-0.099620849792256,0.907629387471371,13,NA,NA,NA
"control","BHS_AGO",-0.0737504681018979,0.885517881271683,13,NA,NA,NA
"control","BIH_CMR",-0.466409894080575,1.07410938892132,13,NA,NA,NA
"control","BIH_FJI",0.271422209104997,0.777498294765241,9,NA,NA,NA
"control","BIH_LCA",-0.172222156701915,0.329898617405842,9,NA,NA,NA
"control","BIH_MNG",0.299396257061958,1.01307280365576,13,NA,NA,NA
"control","BIH_MRT",0.191103049064898,0.930297202449751,12,NA,NA,NA
"control","BIH_PSE",-0.0444820841359466,2.92529998136218,13,NA,NA,NA
"control","BLR_FJI",-0.345475283576499,1.13855100246866,9,NA,NA,NA
"control","BLR_GUY",0.293901155100218,1.20817701820432,12,NA,NA,NA
"control","BLR_LAO",-0.470828391421546,1.29946548793054,12,NA,NA,NA
"control","BLZ_AGO",0.382754655231393,1.12345953318825,11,NA,NA,NA
"control","BLZ_KHM",-0.62332662308624,0.935469702197224,9,NA,NA,NA
"control","BOL_MNE",0.328836564810437,1.80503865500172,13,NA,NA,NA
"control","BRA_PSE",-0.209686339813681,3.18787764824122,13,NA,NA,NA
"control","BRN_AGO",-0.072361056131019,1.38836355290053,11,NA,NA,NA
"control","BRN_MKD",0.066669174863007,0.770229084007871,9,NA,NA,NA
"control","BTN_AGO",-0.0612124062129934,0.408602863685127,10,NA,NA,NA
"control","BTN_ARE",0.537573130787446,1.05540029103921,8,NA,NA,NA
"control","BTN_NER",0.381828162348587,0.777435073825808,9,NA,NA,NA
"control","CAF_TCA",-0.0499124228405498,0.790681300131165,12,NA,NA,NA
"control","CAN_PLW",0.154908177777938,1.48092014516935,12,NA,NA,NA
"control","CAN_PSE",-0.160716705791955,1.77004536812248,13,NA,NA,NA
"control","CHL_UZB",0.215314358718666,0.470456080869312,9,NA,NA,NA
"control","CMR_ATG",-0.238239083404299,0.492481849904874,13,NA,NA,NA
"control","CMR_PSE",0.339277462915874,2.18282887925935,10,NA,NA,NA
"control","CMR_SWZ",0.035068375531494,1.12928338122163,10,NA,NA,NA
"control","COG_LBR",-0.306150330214537,1.14452226090307,8,NA,NA,NA
"control","COG_PRK",-0.0470168403712614,0.376555338323103,8,NA,NA,NA
"control","COG_PSE",0.531258489277719,0.874024766666648,13,NA,NA,NA
"control","COG_QAT",0.0573575590666806,2.1863718735513,11,NA,NA,NA
"control","CPV_ARE",-0.273232697890604,0.834746926374306,11,NA,NA,NA
"control","CPV_KWT",0.330559501755148,0.908082377378386,11,NA,NA,NA
"control","CPV_SRB",0.123013537757947,0.565633056540893,11,NA,NA,NA
"control","CXR_ETH",0.406669787154083,0.61645651292744,12,NA,NA,NA
"control","CXR_SWE",-0.302875856027167,0.146539233488579,10,NA,NA,NA
"control","CYP_VUT",-0.142108637765764,0.794513702598423,10,NA,NA,NA
"control","DEU_VAT",0.149848989294976,0.986355180761704,13,NA,NA,NA
"control","DJI_KWT",-0.153336868755136,1.67810995613824,10,NA,NA,NA
"control","DMA_AGO",0.0621473520698211,0.573729258192854,11,NA,NA,NA
"control","DMA_BHR",-0.177184847906335,0.684829924631341,12,NA,NA,NA
"control","DOM_ETH",-0.297511021404375,0.603973988870478,11,NA,NA,NA
"control","DZA_MNE",-0.114114149008335,1.10119827958137,13,NA,NA,NA
"control","ECU_TKM",-0.146397369376952,0.173666642659197,8,NA,NA,NA
"control","ERI_SRB",0.372176928913646,1.49551537706766,10,NA,NA,NA
"control","ETH_AFG",0.0658924724649565,0.677096325055805,11,NA,NA,NA
"control","ETH_CAF",-0.00734288150276248,0.202272127054076,9,NA,NA,NA
"control","FLK_MUS",0.0449535388047082,1.47713506618487,8,NA,NA,NA
"control","FRA_VAT",-0.512053136175841,1.25865267645221,13,NA,NA,NA
"control","FRO_ARE",-0.209087738734413,0.540660950523069,9,NA,NA,NA
"control","FRO_MNE",0.387971272128068,0.902706363016425,11,NA,NA,NA
"control","FRO_MOZ",-0.0520634795807474,0.521954773004682,8,NA,NA,NA
"control","FSM_PLW",-0.0926275207307984,1.33749537925306,12,NA,NA,NA
"control","FSM_SAU",-0.188817429369718,0.26966200453554,8,NA,NA,NA
"control","GAB_PSE",-0.319636095687664,0.966814808740565,12,NA,NA,NA
"control","GEO_BFA",-0.194645544777805,0.749267163838321,10,NA,NA,NA
"control","GEO_PLW",0.49221150516934,1.13822556387243,10,NA,NA,NA
"control","GHA_KNA",-0.33250572314017,1.83788676183303,8,NA,NA,NA
"control","GHA_PSE",-0.19234418860612,1.44094020651672,12,NA,NA,NA
"control","GIB_AGO",0.297853442173227,0.422748505673435,11,NA,NA,NA
"control","GMB_ISR",-0.227503638304663,0.795998985361604,11,NA,NA,NA
"control","GMB_PLW",0.266116313547582,1.96540565169561,10,NA,NA,NA
"control","GNB_AGO",0.890132760141691,0.868342850958527,9,NA,NA,NA
"control","GNB_KWT",0.0976837663396664,1.31412029055508,8,NA,NA,NA
"control","GNB_MNE",-0.27213463850142,0.735315633925498,11,NA,NA,NA
"control","GNQ_AGO",-0.168496188133614,1.03856597243805,12,NA,NA,NA
"control","GNQ_ARE",-0.18288763178617,0.433135756599694,10,NA,NA,NA
"control","GNQ_KWT",-0.145804511370956,0.417859382015787,9,NA,NA,NA
"control","GRD_CMR",0.151212877368476,0.179696905963979,8,NA,NA,NA
"control","GRL_SAU",0.138497465944706,1.06874414544783,8,NA,NA,NA
"control","GTM_MNE",-0.396167435974227,1.77697821001593,13,NA,NA,NA
"control","GUM_BRB",-0.455879962981782,0.733755053982478,9,NA,NA,NA
"control","GUM_PLW",0.736396051322167,1.08881476808965,12,NA,NA,NA
"control","HKG_PLW",0.0266681577132298,0.751324082860382,12,NA,NA,NA
"control","HKG_PSE",-0.510052981466474,1.38633955138731,13,NA,NA,NA
"control","HND_AGO",0.642693113353047,0.370967479547009,12,NA,NA,NA
"control","HND_PLW",-0.322155874736311,1.03154508154606,9,NA,NA,NA
"control","HTI_AGO",0.485947404324293,1.43653640809375,8,NA,NA,NA
"control","HTI_MNE",0.16758593985397,0.863392559609932,11,NA,NA,NA
"control","HUN_PLW",-0.267404995826582,0.760408285334566,10,NA,NA,NA
"control","IND_PSE",-0.132066029761422,0.826778823376709,13,NA,NA,NA
"control","IRL_CXR",0.511848269672122,0.476619358619066,10,NA,NA,NA
"control","IRL_TKL",0.051352462213967,0.286371224478728,13,NA,NA,NA
"control","IRQ_AGO",-0.280290123024837,0.859971341617484,12,NA,NA,NA
"control","IRQ_LTU",0.224498636744591,1.16150553572073,10,NA,NA,NA
"control","ISR_PSE",0.0676667148851316,1.74535589034712,13,NA,NA,NA
"control","JAM_AGO",0.110381608866052,1.24058914484693,10,NA,NA,NA
"control","KEN_PSE",-0.0158253814591566,0.906649745966605,13,NA,NA,NA
"control","KGZ_AGO",-0.162857494506166,0.809825795159466,12,NA,NA,NA
"control","KGZ_URY",0.400164306943946,2.33504389833093,8,NA,NA,NA
"control","KHM_BHS",-0.054395341107367,1.81953743952226,9,NA,NA,NA
"control","KHM_PSE",-0.638838756569408,0.990910485816278,9,NA,NA,NA
"control","KIR_ARE",-0.561446829897061,0.698878365848459,8,NA,NA,NA
"control","KIR_ECU",-0.273234648628269,0.973902872267367,11,NA,NA,NA
"control","KNA_AGO",0.329295214669653,1.05964426632865,10,NA,NA,NA
"control","KWT_SWZ",0.552009815095367,1.18486064087335,13,NA,NA,NA
"control","LAO_AGO",-0.0915546655385253,1.11350993371213,12,NA,NA,NA
"control","LAO_OMN",0.285740515193107,1.25676844944845,10,NA,NA,NA
"control","LBR_AGO",0.263498732894856,0.676982959158928,12,NA,NA,NA
"control","LBR_COG",0.173759553185188,0.753908880813917,11,NA,NA,NA
"control","LBY_COG",-0.424639375411133,0.80010993316997,13,NA,NA,NA
"control","LCA_SAU",-0.165274638229194,1.03290345287729,11,NA,NA,NA
"control","LKA_COM",-0.297263712497451,1.59316575471765,12,NA,NA,NA
"control","LSO_AGO",0.132076484018172,0.545592005946429,8,NA,NA,NA
"control","LSO_SRB",0.103411627323768,0.88406343051174,13,NA,NA,NA
"control","LSO_TTO",0.0362570140040999,1.18826249829545,8,NA,NA,NA
"control","LVA_SOM",-0.366371028022896,0.693388017922311,12,NA,NA,NA
"control","MAR_LAO",-0.183685787689367,1.217305015472,8,NA,NA,NA
"control","MAR_SMR",-0.206456540373127,1.74216158998168,9,NA,NA,NA
"control","MDA_TZA",-0.166172192826477,0.708289672579838,11,NA,NA,NA
"control","MHL_AGO",-0.45204693614266,1.23811493045053,9,NA,NA,NA
"control","MHL_TZA",0.10697476526882,0.532817971116685,10,NA,NA,NA
"control","MKD_PSE",0.384450641465582,0.783468442538114,9,NA,NA,NA
"control","MMR_ATG",0.313310122979456,0.646412437401358,8,NA,NA,NA
"control","MNE_ARG",0.27858024306213,1.24138193298875,10,NA,NA,NA
"control","MNE_BRA",-0.292497603874517,1.2893709469146,13,NA,NA,NA
"control","MNE_CHN",0.188831812592394,1.10950320435098,13,NA,NA,NA
"control","MNE_KAZ",-0.30152828709414,0.742133292831033,11,NA,NA,NA
"control","MNE_KOR",0.111708749168563,1.19810128723609,13,NA,NA,NA
"control","MNE_PAN",0.437363093571018,0.368841679025933,9,NA,NA,NA
"control","MNE_PYF",0.168152473420597,0.702832309975538,13,NA,NA,NA
"control","MNE_SGP",0.115890101638295,1.12697175727639,10,NA,NA,NA
"control","MNG_AGO",0.122662235714356,0.805451736579404,8,NA,NA,NA
"control","MNG_MNE",0.0151828479420557,1.01737770693081,8,NA,NA,NA
"control","MNG_SDN",0.185018296300121,0.343277971695756,9,NA,NA,NA
"control","MNP_IND",0.291262109000243,0.559339609991452,9,NA,NA,NA
"control","MNP_PLW",-0.21555054891518,1.34636817985237,12,NA,NA,NA
"control","MOZ_AZE",-0.752097066637443,1.40935718403774,10,NA,NA,NA
"control","MOZ_MNE",0.359411143482272,1.32754833953018,9,NA,NA,NA
"control","MRT_AGO",0.0442838941364402,0.411125001985823,13,NA,NA,NA
"control","MRT_AZE",0.195161960576576,0.637308891904548,8,NA,NA,NA
"control","MRT_DOM",-0.0475250582953961,0.887295513047275,13,NA,NA,NA
"control","MSR_KWT",-0.0548151346402677,0.847832044832828,10,NA,NA,NA
"control","MSR_MDA",-0.0924203460195054,1.14996349795244,8,NA,NA,NA
"control","MWI_AND",-0.577770249260505,1.65181712391477,9,NA,NA,NA
"control","NAM_NPL",-0.196313951045622,1.04722580685949,12,NA,NA,NA
"control","NAM_PSE",0.825705317182614,0.754403703003849,11,NA,NA,NA
"control","NCL_AGO",0.360107003646477,0.918840683730121,10,NA,NA,NA
"control","NCL_KWT",0.442374696442639,0.359735537507746,11,NA,NA,NA
"control","NCL_NER",0.440663458286581,0.926324000412666,9,NA,NA,NA
"control","NER_ARM",-0.00739193458797352,0.602585094016415,12,NA,NA,NA
"control","NER_NFK",-0.137847076114002,1.73773802490106,10,NA,NA,NA
"control","NER_PLW",-0.604620121608707,0.398106778010909,8,NA,NA,NA
"control","NFK_DOM",-0.0991667284876766,0.910018514655351,10,NA,NA,NA
"control","NGA_AFG",-0.354528949590021,0.642248133146985,8,NA,NA,NA
"control","NGA_FJI",0.227667951172402,0.957031461895881,8,NA,NA,NA
"control","NGA_KHM",0.292496421544297,0.649972302173924,10,NA,NA,NA
"control","NIC_MNE",0.0848306254435459,1.36283884295582,12,NA,NA,NA
"control","NIC_PSE",-0.171322933200979,1.15086700139407,8,NA,NA,NA
"control","NRU_AGO",0.0239684471055621,0.907012827945194,12,NA,NA,NA
"control","NRU_KWT",-0.760520032602161,0.662981736285064,10,NA,NA,NA
"control","NRU_QAT",0.282149916983883,3.07094257489431,9,NA,NA,NA
"control","NRU_SEN",-0.20221268002089,1.58168482974235,9,NA,NA,NA
"control","NZL_SMR",0.741351500342088,0.586615344319054,11,NA,NA,NA
"control","OMN_SLV",0.349758347530967,0.912027675669874,13,NA,NA,NA
"control","PAN_COG",-0.176928525254791,0.861857417942696,11,NA,NA,NA
"control","PAN_PLW",0.191822131763457,1.44298644970088,9,NA,NA,NA
"control","PCN_AGO",0.192827548587893,0.677452948692825,8,NA,NA,NA
"control","PHL_PSE",0.0208330678258462,1.18497652264018,13,NA,NA,NA
"control","PNG_AGO",-0.229757551494794,1.42857169938289,12,NA,NA,NA
"control","POL_UMI",-0.12279451925418,1.64663112108916,13,NA,NA,NA
"control","PRK_AGO",-0.417044886455803,0.577871348441912,12,NA,NA,NA
"control","PRK_PSE",-0.290597231023806,1.22564694478456,9,NA,NA,NA
"control","PSE_AUS",0.13956897376191,1.02734539068652,12,NA,NA,NA
"control","PSE_BRA",-0.460014258327047,0.514002386709503,11,NA,NA,NA
"control","PSE_CAN",0.384078441659961,0.879373697037218,13,NA,NA,NA
"control","PSE_ISR",-0.0768305290725464,1.80471113834425,13,NA,NA,NA
"control","PSE_NZL",-0.00317717857136584,0.780013078400204,11,NA,NA,NA
"control","PSE_TWN",0.0293691650180737,1.07869760971962,9,NA,NA,NA
"control","PSE_UKR",0.363943248844322,0.65557430626004,12,NA,NA,NA
"control","PYF_MNE",0.312861023184728,1.05543848437477,11,NA,NA,NA
"control","QAT_GEO",0.0324546451763504,0.684700296952736,12,NA,NA,NA
"control","QAT_KGZ",0.158148118389548,1.01345221499249,11,NA,NA,NA
"control","QAT_MNG",-0.426730618731353,0.55821062970319,8,NA,NA,NA
"control","ROU_ASM",-0.325721190012839,1.08260577353028,8,NA,NA,NA
"control","RUS_GUM",0.326327817835114,0.837404736833128,11,NA,NA,NA
"control","RUS_KIR",0.157033305180028,0.61576274002097,8,NA,NA,NA
"control","SAU_GNB",0.153836181269868,0.819162521171588,13,NA,NA,NA
"control","SAU_PLW",-0.0814340242147302,0.820325992675072,8,NA,NA,NA
"control","SDN_AFG",-0.159278204789751,2.76676226410977,9,NA,NA,NA
"control","SEN_PLW",0.390482920823943,0.953802917707676,10,NA,NA,NA
"control","SGP_PSE",-0.295783169343821,1.14898689893296,13,NA,NA,NA
"control","SGS_PAK",0.0732323893113542,0.683903018501062,11,NA,NA,NA
"control","SHN_AGO",-0.0152581507262339,0.44818679099379,8,NA,NA,NA
"control","SHN_RUS",0.377873419672464,0.533161699331239,11,NA,NA,NA
"control","SLE_AGO",-0.0523319976990886,1.23873456587144,12,NA,NA,NA
"control","SLE_AZE",-0.34706676718603,1.23156617456964,8,NA,NA,NA
"control","SLE_MNE",-0.173949160943904,0.786751533082348,11,NA,NA,NA
"control","SLE_MRT",0.674471224733244,0.43050995349736,8,NA,NA,NA
"control","SLV_TCA",-0.172648383156193,1.31785773372725,9,NA,NA,NA
"control","SMR_ALB",-0.0490110173298489,1.74479329574867,12,NA,NA,NA
"control","SMR_ARE",-0.381229898700575,0.435059183343802,10,NA,NA,NA
"control","SMR_ARM",0.00554274322335026,0.990916792014103,13,NA,NA,NA
"control","SMR_AZE",-0.0722688454331004,0.996858175554187,13,NA,NA,NA
"control","SMR_HKG",0.169586405277844,1.31745253069706,13,NA,NA,NA
"control","SMR_SLV",-0.135945730713703,1.0219043701557,8,NA,NA,NA
"control","SMR_THA",0.0223884713516892,0.698790019862149,13,NA,NA,NA
"control","SMR_VCT",-0.109452825340285,1.60327536928079,12,NA,NA,NA
"control","SRB_COD",0.0502167183460516,1.22830378658504,12,NA,NA,NA
"control","SRB_MRT",-0.134733781498311,1.24579657448057,12,NA,NA,NA
"control","SRB_PSE",-0.206656548253569,0.269518776243011,12,NA,NA,NA
"control","SUR_AGO",-0.0642180371903063,0.957101092343911,11,NA,NA,NA
"control","SVK_PLW",0.22323334336594,1.25692328581011,11,NA,NA,NA
"control","SWZ_GIN",-0.231613419106386,0.874333732015101,8,NA,NA,NA
"control","SYC_ECU",0.119559953942696,0.711943388838293,11,NA,NA,NA
"control","SYC_MNE",0.0826564664756083,0.841542074959788,10,NA,NA,NA
"control","TCA_KHM",-0.386049079468639,1.69262862866029,9,NA,NA,NA
"control","TCA_NIC",0.393191070883624,0.694272093734271,12,NA,NA,NA
"control","TCA_NZL",-0.169792760036004,1.38844187081064,10,NA,NA,NA
"control","THA_PSE",0.296130122379802,0.656570520717916,13,NA,NA,NA
"control","THA_SMR",-0.177919333235758,1.18855357412859,13,NA,NA,NA
"control","THA_VAT",0.422155800084923,1.76194536438678,12,NA,NA,NA
"control","TKL_AGO",0.0686651804474605,0.768101661676263,11,NA,NA,NA
"control","TKL_BFA",-0.486008161278813,0.835593315276984,8,NA,NA,NA
"control","TKL_CMR",0.0636927104770549,1.03346732081737,10,NA,NA,NA
"control","TLS_SRB",-0.446382355429793,1.15725277779708,12,NA,NA,NA
"control","TLS_VCT",-0.423217961738775,0.787404390101084,9,NA,NA,NA
"control","TON_PAK",-0.889671997233724,1.43497651162365,8,NA,NA,NA
"control","TON_PHL",-0.463838574378754,0.886652432533064,11,NA,NA,NA
"control","TUN_VUT",-0.0831649966274852,1.04563120028171,10,NA,NA,NA
"control","TWN_PSE",-0.563100949120059,0.501306657362856,13,NA,NA,NA
"control","TZA_PSE",-0.236977468919157,0.675361070815379,9,NA,NA,NA
"control","TZA_URY",0.0243809376901937,0.564796912709213,8,NA,NA,NA
"control","UKR_PLW",0.624577514766442,0.855235364468342,10,NA,NA,NA
"control","UKR_PSE",-0.116511631745147,1.61314232374124,13,NA,NA,NA
"control","UMI_AGO",0.0627009219198324,0.947775749097516,11,NA,NA,NA
"control","UMI_GUY",-0.0726113164157648,1.28639025179638,8,NA,NA,NA
"control","UMI_LUX",-0.0751949821905609,1.5970449691964,12,NA,NA,NA
"control","UMI_MNE",0.0795226751723425,0.407204926578455,8,NA,NA,NA
"control","UMI_VCT",0.169055565385776,1.81034149747017,11,NA,NA,NA
"control","UZB_ETH",-0.0140641640119768,1.21547677246491,11,NA,NA,NA
"control","UZB_MNE",-0.0436146892280996,0.863047034114853,10,NA,NA,NA
"control","VAT_AGO",0.0511928120101615,0.449997414868524,8,NA,NA,NA
"control","VAT_DEU",-0.492701707644587,0.858766925900124,13,NA,NA,NA
"control","VAT_FRA",0.0538473443050314,1.41425264562257,13,NA,NA,NA
"control","VAT_KWT",-0.710930485594956,0.658752351981838,9,NA,NA,NA
"control","VAT_NIC",-0.400574734514816,0.677061354962308,9,NA,NA,NA
"control","VAT_PAK",0.439608949417901,1.09577903101402,9,NA,NA,NA
"control","VAT_THA",0.306242989868138,0.493083711995781,13,NA,NA,NA
"control","VAT_TUR",0.0442532975667694,1.13757088548113,9,NA,NA,NA
"control","VAT_VCT",-0.0322438070219958,0.482639432670363,10,NA,NA,NA
"control","VCT_AGO",-0.19370608057035,0.630132813835712,9,NA,NA,NA
"control","VCT_LKA",-0.247596484803479,0.555495961468032,8,NA,NA,NA
"control","VCT_SLE",0.0763628225980773,0.55407923601939,10,NA,NA,NA
"control","VGB_AGO",0.268801991924371,0.438150222931941,12,NA,NA,NA
"control","VNM_PSE",0.00355629117082761,1.11216833040225,13,NA,NA,NA
"control","VUT_MNE",0.185562733985548,0.56891868201468,8,NA,NA,NA
"control","WSM_PSE",0.155496067029514,0.903487951650307,9,NA,NA,NA
"control","ZAF_PSE",-0.498371346345706,0.782649121393573,13,NA,NA,NA
"control","ZWE_MNE",0.155799642787269,0.344858448152483,11,NA,NA,NA
"control","ABW_IND",-0.580667201057931,1.27254196572391,12,NA,NA,NA
"control","ABW_SYC",0.051132643715368,0.77368228837742,10,NA,NA,NA
"control","AFG_IRQ",0.237632031799209,0.575963185107823,9,NA,NA,NA
"control","AIA_ARE",-0.392228625960702,0.770247343307888,9,NA,NA,NA
"control","AIA_URY",0.140209977293841,1.42964634128153,9,NA,NA,NA
"control","ALB_QAT",0.0784639844483404,0.389757435032614,10,NA,NA,NA
"control","AND_COM",-0.171890651366477,0.928347364358465,12,NA,NA,NA
"control","AND_GMB",-0.194391517334416,0.378444388419073,11,NA,NA,NA
"control","AND_SWZ",-0.848110981954198,1.06775772782753,12,NA,NA,NA
"control","ARE_KIR",-0.674856465573298,1.50736541097236,9,NA,NA,NA
"control","ASM_BEL",-0.398941973549943,0.393688189758535,12,NA,NA,NA
"control","AZE_CIV",-0.382591665142275,1.6370210409342,9,NA,NA,NA
"control","AZE_SWZ",-0.014654541008636,1.46910446269987,12,NA,NA,NA
"control","BDI_SRB",0.353042693002297,0.715530198725874,8,NA,NA,NA
"control","BEN_ARM",0.14325434406179,1.14030561856357,8,NA,NA,NA
"control","BFA_SYC",-0.250127337685172,1.36395448270807,8,NA,NA,NA
"control","BGD_PLW",-0.720029170578932,0.899371486096331,9,NA,NA,NA
"control","BGR_PLW",-0.00456677268293454,1.03026492779097,8,NA,NA,NA
"control","BHR_MNE",0.245438720575021,1.32846087576221,10,NA,NA,NA
"control","BHR_NAM",0.290478311579281,0.767807863452766,11,NA,NA,NA
"control","BHS_PRK",0.385471483643167,1.40013268258778,9,NA,NA,NA
"control","BIH_MMR",-0.225394060963884,0.926102652130749,10,NA,NA,NA
"control","BIH_RWA",-0.518025223572551,0.978241007950761,12,NA,NA,NA
"control","BLR_SOM",0.0605268092495947,0.647178894359103,9,NA,NA,NA
"control","BRA_PCN",-0.0966804287280156,0.624690910862509,9,NA,NA,NA
"control","BRB_KWT",0.450107595237084,0.902604638427889,10,NA,NA,NA
"control","BTN_LUX",-0.409033777346327,0.828266814637132,11,NA,NA,NA
"control","BWA_BDI",-0.0395067071280021,0.83921908628847,8,NA,NA,NA
"control","CAF_ARE",-0.162438820055971,0.464238813760144,11,NA,NA,NA
"control","CHL_PSE",0.0996610038300576,1.16799661310595,10,NA,NA,NA
"control","CIV_PSE",-0.283361662516168,0.950244400084205,12,NA,NA,NA
"control","COD_ARM",-0.435423679134728,1.38020709557061,8,NA,NA,NA
"control","COK_LUX",-0.715622070733825,1.11905052863394,12,NA,NA,NA
"control","CRI_KHM",-0.193416325187686,1.77903141082032,10,NA,NA,NA
"control","CRI_SWZ",0.0824538263858649,1.68172539605392,8,NA,NA,NA
"control","CRI_WSM",0.229424588146955,0.404260298463214,10,NA,NA,NA
"control","CXR_LUX",-0.156186031927714,0.802110492969352,9,NA,NA,NA
"control","CYM_SYC",0.275689468492284,0.503608077097236,10,NA,NA,NA
"control","ECU_COD",-0.933141183497868,1.8261974660654,10,NA,NA,NA
"control","ECU_MDV",-0.0516208780840819,1.01270796500664,12,NA,NA,NA
"control","ERI_BFA",0.0246758710926699,0.479986167653773,8,NA,NA,NA
"control","ERI_CMR",-0.371491675465219,0.465915474186527,11,NA,NA,NA
"control","ERI_LUX",-0.393897593458901,0.792285415858254,9,NA,NA,NA
"control","FJI_GRL",-0.373142908075844,0.649311464914981,11,NA,NA,NA
"control","FRO_ATG",0.0252304519520662,0.677645335881652,8,NA,NA,NA
"control","FSM_TWN",0.276162196898615,0.561224516407171,12,NA,NA,NA
"control","GAB_ARM",0.208473426535353,0.547075778645414,9,NA,NA,NA
"control","GEO_CPV",0.432607242950613,1.38575276354824,9,NA,NA,NA
"control","GEO_PRY",0.115190203465357,0.947013495076073,12,NA,NA,NA
"control","GNB_BLR",0.202046809146803,0.992888035189758,8,NA,NA,NA
"control","GNQ_MYS",0.395750034136381,1.41035083360833,11,NA,NA,NA
"control","GRD_ARM",-0.011088168663039,0.708823886510174,8,NA,NA,NA
"control","GRD_EGY",0.180557100829926,1.04081845034323,12,NA,NA,NA
"control","GRD_SYC",-0.178553889165374,1.18441142235158,9,NA,NA,NA
"control","GTM_PSE",0.0196235928077471,0.416655852334499,10,NA,NA,NA
"control","GTM_RWA",0.356876699335189,1.05048944916113,12,NA,NA,NA
"control","GUM_NIC",-0.144425570504357,0.936074180413592,12,NA,NA,NA
"control","HND_PSE",0.139292751947682,1.61974716957057,8,NA,NA,NA
"control","HTI_BHR",-0.600839765129547,0.68397123441256,10,NA,NA,NA
"control","HTI_BLR",-0.017806150271941,0.759850573395433,11,NA,NA,NA
"control","HTI_RWA",0.403108542646394,0.6191443384246,12,NA,NA,NA
"control","KHM_RWA",-0.342979866078584,1.17743202599624,12,NA,NA,NA
"control","KNA_SLV",0.120302736100231,1.23135964235408,11,NA,NA,NA
"control","KNA_URY",-0.809199004173963,0.743942080330114,9,NA,NA,NA
"control","KWT_MNE",-0.19668839784723,1.59160777957818,12,NA,NA,NA
"control","LAO_SWZ",0.342785970659461,1.54167427376227,9,NA,NA,NA
"control","LAO_SYC",0.0970812509036278,1.25884480952122,9,NA,NA,NA
"control","LBR_LUX",0.202461205971087,1.02778454935499,9,NA,NA,NA
"control","LBR_MOZ",0.356966875204464,1.63109723058507,9,NA,NA,NA
"control","LBR_MRT",-0.558380220616526,1.16831965547767,9,NA,NA,NA
"control","LSO_ARE",0.107067014876764,2.15799088126766,11,NA,NA,NA
"control","LSO_MAR",-0.326902888977548,1.40186638038109,9,NA,NA,NA
"control","LVA_TCD",0.32002083455013,0.461419535805281,9,NA,NA,NA
"control","MAR_DMA",0.0727076497369823,0.912976542591701,9,NA,NA,NA
"control","MDA_CMR",-0.303347863272757,1.04016019687409,9,NA,NA,NA
"control","MDA_COM",0.492445375024157,0.586862748758754,8,NA,NA,NA
"control","MDG_AZE",0.0916954897312542,1.1488412394407,11,NA,NA,NA
"control","MDG_BRN",-0.197818592226823,0.728059799633773,12,NA,NA,NA
"control","MHL_PLW",0.341223660884294,0.822025551753679,10,NA,NA,NA
"control","MLI_PLW",0.480071118977462,0.33696989647836,9,NA,NA,NA
"control","MMR_AZE",0.069596608253685,1.10318741030294,9,NA,NA,NA
"control","MNE_ARM",-0.22603441514462,0.915290198717808,11,NA,NA,NA
"control","MNE_BOL",0.408151604096344,2.19446802451426,11,NA,NA,NA
"control","MNE_PER",-0.235408440144219,0.893774993764852,11,NA,NA,NA
"control","MNE_ZAF",-0.310732074701977,0.297126555813212,8,NA,NA,NA
"control","MRT_ALB",0.540710461141574,0.970408548512008,9,NA,NA,NA
"control","MRT_VEN",-0.203362938452994,0.90136022669629,9,NA,NA,NA
"control","MSR_SLV",-0.176713396006636,0.416751697744562,12,NA,NA,NA
"control","MSR_SRB",-0.170258664661609,1.30596150333822,8,NA,NA,NA
"control","MUS_MNG",0.108157168615488,0.688944578021263,8,NA,NA,NA
"control","NAM_GIB",-0.117725643209928,0.965140762351751,9,NA,NA,NA
"control","NAM_SLB",0.230591306804569,1.62110883561965,8,NA,NA,NA
"control","NCL_PLW",0.466620511278933,0.540958821293308,10,NA,NA,NA
"control","NER_PSE",-0.305266220053196,2.25963848866015,9,NA,NA,NA
"control","NER_VCT",0.0549688129591943,0.268074222388402,9,NA,NA,NA
"control","NIC_BHR",-0.191298253163258,1.03592132603,12,NA,NA,NA
"control","NIC_MDA",0.284967397626983,1.12840006306845,11,NA,NA,NA
"control","NIU_LUX",0.0722080265267008,0.63841885107408,9,NA,NA,NA
"control","NIU_SYC",-0.554199008898351,0.914787323439933,10,NA,NA,NA
"control","NRU_LUX",-0.0313253080836026,0.410927544609772,11,NA,NA,NA
"control","PLW_FJI",0.397404796135328,0.767469110327017,9,NA,NA,NA
"control","PSE_BLR",0.324968764609861,1.5441397833418,10,NA,NA,NA
"control","PSE_BOL",0.214546719927549,0.514964027589666,8,NA,NA,NA
"control","SAU_MHL",0.245401665474276,1.01893854362001,8,NA,NA,NA
"control","SAU_TON",0.511912983760092,0.75406643750614,9,NA,NA,NA
"control","SDN_ARM",-0.110940362638713,1.16678753615156,10,NA,NA,NA
"control","SEN_BHS",-0.093756192411473,1.1686931935537,8,NA,NA,NA
"control","SEN_SLV",-0.0664187496813602,1.14587822450674,12,NA,NA,NA
"control","SEN_SWZ",-0.167231226439484,1.02776186438131,11,NA,NA,NA
"control","SHN_SYC",-0.656231225124192,1.14223036815889,9,NA,NA,NA
"control","SLE_DOM",-0.530777449302175,0.947704180842187,12,NA,NA,NA
"control","SLE_KIR",0.186642270493645,0.262324981433395,9,NA,NA,NA
"control","SLE_NIC",0.372792024171222,0.586399262773493,12,NA,NA,NA
"control","SLE_PSE",0.236053411759906,0.644331210959067,10,NA,NA,NA
"control","SLE_SYC",0.0632325364802264,1.15780348980013,11,NA,NA,NA
"control","SLV_MNE",-0.448658392052632,0.456737026523907,12,NA,NA,NA
"control","SMR_BOL",0.170217978246768,0.69838447416407,11,NA,NA,NA
"control","SMR_ISR",-0.148722657046713,0.869375792123971,12,NA,NA,NA
"control","SMR_SYC",0.00580181436925031,0.67047022956662,10,NA,NA,NA
"control","SOM_LUX",0.0904464626818302,1.70664720044269,12,NA,NA,NA
"control","SRB_GMB",0.20056584109673,0.695807275218473,9,NA,NA,NA
"control","STP_KWT",0.685362011131583,0.420960243866537,8,NA,NA,NA
"control","STP_LUX",0.172476740726757,0.696992926205836,9,NA,NA,NA
"control","SUR_SYC",-0.340920643988648,0.717141347978286,11,NA,NA,NA
"control","SWZ_GMB",0.0368569769429748,0.889157650314818,11,NA,NA,NA
"control","SWZ_JOR",-0.195632560366901,1.11038920875451,10,NA,NA,NA
"control","SWZ_MAC",-0.112470430666862,2.25616980918108,8,NA,NA,NA
"control","SWZ_PSE",-0.177358396436617,0.743242516114925,11,NA,NA,NA
"control","SWZ_SLV",-0.445849682610793,2.21387132974083,9,NA,NA,NA
"control","SWZ_TON",-0.339522781343006,0.814862100443573,8,NA,NA,NA
"control","SYR_SYC",-0.346265527943458,1.48271097917678,10,NA,NA,NA
"control","TCA_COM",-0.302843234106035,0.430504759046533,12,NA,NA,NA
"control","TCA_SYC",0.238967424246898,1.17313656897156,10,NA,NA,NA
"control","TCD_ISR",-0.0621799444575884,0.730031810052253,9,NA,NA,NA
"control","TGO_LAO",0.337245110121051,0.194227340940582,9,NA,NA,NA
"control","TKL_BEN",-0.097048079368926,1.67233130465228,11,NA,NA,NA
"control","TKL_SYC",0.424493427714335,0.454381874477558,11,NA,NA,NA
"control","TLS_SAU",0.426668726414774,1.8291664466922,9,NA,NA,NA
"control","TUR_KIR",0.440215365048457,0.340416985592011,12,NA,NA,NA
"control","TUV_LUX",-0.354060281601396,0.979446530460928,10,NA,NA,NA
"control","UZB_NGA",-0.794217395705971,0.187998533200426,9,NA,NA,NA
"control","VAT_KHM",-0.133201053799194,1.26359186546492,11,NA,NA,NA
"control","VAT_LUX",0.247588734237855,0.863389489101024,9,NA,NA,NA
"control","VAT_MNE",-0.137663368927738,1.38697315858743,8,NA,NA,NA
"control","VCT_FJI",0.563396326514628,1.58568366279031,8,NA,NA,NA
"control","AFG_ARM",-0.153873424193082,2.09219289367396,11,NA,NA,NA
"control","AGO_BHS",-0.286497586311585,0.909521409324154,9,NA,NA,NA
"control","ALB_OMN",0.254938560056317,0.70086853860256,9,NA,NA,NA
"control","AND_JAM",-0.231759380212149,2.30991003776885,10,NA,NA,NA
"control","ARE_PLW",0.124696458977529,0.563744899010673,11,NA,NA,NA
"control","ARM_MNE",-0.336184581039204,0.817742644563246,11,NA,NA,NA
"control","ASM_NPL",-0.21271177821702,1.05634017406456,9,NA,NA,NA
"control","ASM_SLB",-0.0339320011298353,0.827455973162123,8,NA,NA,NA
"control","ATA_IND",-0.247233633981028,1.08091080079975,8,NA,NA,NA
"control","AZE_BMU",-0.28718889438666,0.76300334144663,11,NA,NA,NA
"control","BFA_CHL",-0.78604087602781,1.79278707077455,8,NA,NA,NA
"control","BFA_NZL",-0.302284127342008,0.431822243681183,10,NA,NA,NA
"control","BGR_TLS",0.231952281744721,0.390406609569262,9,NA,NA,NA
"control","BIH_SMR",0.506270179947973,1.82517197291125,11,NA,NA,NA
"control","BLR_GNQ",0.114005268210383,0.607407465262775,9,NA,NA,NA
"control","BLZ_NPL",-0.245920296931506,0.482682753217256,9,NA,NA,NA
"control","BOL_ARM",-0.367907635814507,1.16734744895524,10,NA,NA,NA
"control","BRN_BIH",0.626559077381876,0.718349531610208,11,NA,NA,NA
"control","CCK_NPL",0.185837408849833,0.311889999964689,10,NA,NA,NA
"control","CCK_ZMB",0.216777906107547,0.335296062225629,10,NA,NA,NA
"control","CIV_NPL",0.614716194542469,0.844417855858414,8,NA,NA,NA
"control","CIV_PLW",0.080868347612196,1.16444376739571,10,NA,NA,NA
"control","CMR_MNE",0.346034750692637,0.909266399754112,11,NA,NA,NA
"control","COG_KGZ",-0.0780609359559506,1.35997743417854,8,NA,NA,NA
"control","COM_CHL",-0.344986023898474,0.858770609780431,10,NA,NA,NA
"control","COM_NPL",-0.339672120481042,0.591003916975714,11,NA,NA,NA
"control","CRI_UZB",-0.151846952079823,1.04797730431609,8,NA,NA,NA
"control","CXR_BRN",0.012169654563588,1.24585881143523,11,NA,NA,NA
"control","DOM_PSE",0.643071370008356,1.75982001772717,9,NA,NA,NA
"control","ECU_PSE",0.117786956474305,0.418325126690181,10,NA,NA,NA
"control","EST_RWA",0.104320055956871,1.20795203622649,11,NA,NA,NA
"control","ETH_PSE",0.341200718456751,0.567017578954418,10,NA,NA,NA
"control","FJI_NIC",0.0922833938328587,2.14353811281139,9,NA,NA,NA
"control","FSM_BEL",-0.243188728029018,0.797105793075108,10,NA,NA,NA
"control","GEO_ATG",0.225044757407913,0.327969692572909,8,NA,NA,NA
"control","GEO_PSE",-0.353732600743432,0.887788267373885,11,NA,NA,NA
"control","GIB_BLZ",0.13313920300207,1.57231899169674,9,NA,NA,NA
"control","GRC_VAT",0.33264218358817,0.316990759218286,8,NA,NA,NA
"control","HTI_CIV",-0.296719909304107,1.77154233670234,8,NA,NA,NA
"control","HTI_NPL",-0.745376837139588,0.883729326257308,10,NA,NA,NA
"control","IOT_NPL",-0.539889586862878,1.69282708207498,10,NA,NA,NA
"control","ISR_GUM",-0.367867060323979,1.95167032528781,9,NA,NA,NA
"control","ISR_SOM",0.20113994830495,0.517153705538966,9,NA,NA,NA
"control","KAZ_NPL",-0.791922606925243,0.934390213925675,10,NA,NA,NA
"control","LAO_MRT",0.709350748832528,0.927703530506426,9,NA,NA,NA
"control","LAO_PRY",0.365457760782716,0.286060519185883,9,NA,NA,NA
"control","LBR_NPL",-0.150397148898214,1.00098724956002,8,NA,NA,NA
"control","LCA_KAZ",0.304115923789761,0.480405722039405,9,NA,NA,NA
"control","MAR_KNA",0.87133441936555,1.53093628107697,9,NA,NA,NA
"control","MDA_BRB",-0.58978913524916,0.715242178521873,8,NA,NA,NA
"control","MDV_MNE",0.978847610114605,0.933319025185701,9,NA,NA,NA
"control","MNE_CYM",0.227187297466463,1.1369204281372,9,NA,NA,NA
"control","MNE_MAR",0.222297260773339,2.39747966936015,11,NA,NA,NA
"control","MNE_MEX",0.283254772370919,0.47992753930142,11,NA,NA,NA
"control","MNE_SAU",0.0187973890148551,0.456452679247714,11,NA,NA,NA
"control","MNE_SEN",0.133547681512754,0.561783567622641,11,NA,NA,NA
"control","MRT_LBY",0.537675858167504,1.00955363319604,10,NA,NA,NA
"control","MSR_DOM",-0.29027755158149,0.533817449914719,9,NA,NA,NA
"control","NCL_MMR",-0.120876468424223,0.864304058733477,8,NA,NA,NA
"control","NCL_NPL",-0.301163267451263,1.25523550890568,10,NA,NA,NA
"control","NPL_BHS",-0.132124362626456,0.609289778380133,9,NA,NA,NA
"control","PER_PSE",0.508552770849831,2.07645526214692,10,NA,NA,NA
"control","PLW_IND",0.097070536702193,0.94573106568376,8,NA,NA,NA
"control","PLW_MOZ",-0.634363565794688,0.684594731581743,9,NA,NA,NA
"control","POL_PLW",0.246742490957106,1.12682428409742,8,NA,NA,NA
"control","PSE_ZAF",0.298028945628182,0.991472395721258,8,NA,NA,NA
"control","RUS_COK",-0.579623637771684,0.389014653756495,9,NA,NA,NA
"control","SEN_NPL",0.310467278806712,1.31320813689529,10,NA,NA,NA
"control","SLB_BRN",-0.673208887067612,0.51804696248912,8,NA,NA,NA
"control","SLE_NPL",0.203852442582831,0.342343770256298,10,NA,NA,NA
"control","SMR_MAR",-0.721895065511939,0.959330543250313,10,NA,NA,NA
"control","SOM_BRN",-0.176591390649563,0.787501613832292,10,NA,NA,NA
"control","SUR_EGY",-0.0396443923242221,0.608544618935978,11,NA,NA,NA
"control","SVK_UMI",0.18024185453634,1.12130546024929,8,NA,NA,NA
"control","SWZ_AZE",0.452735642641134,0.62973822584798,9,NA,NA,NA
"control","SYC_NPL",0.111497601002418,0.384426216200709,9,NA,NA,NA
"control","TCA_PHL",-0.39290921647336,0.763950215136913,9,NA,NA,NA
"control","TLS_NIC",-0.0205395175381345,0.449754190708207,8,NA,NA,NA
"control","TUV_MOZ",0.0942291883727526,0.506066231498776,9,NA,NA,NA
"control","TZA_VGB",0.0310587435097821,0.733396366439163,8,NA,NA,NA
"control","UGA_UZB",-0.328358865146048,0.411995492347002,8,NA,NA,NA
"control","UMI_ATG",0.176355459344788,0.740961991149065,9,NA,NA,NA
"control","URY_MNG",-0.390395399053687,1.18703641737923,8,NA,NA,NA
"control","VEN_NPL",-0.427904805309589,2.07069770746243,10,NA,NA,NA
"control","VEN_PSE",-0.492487165219002,0.560962752766756,8,NA,NA,NA
"control","VUT_BRB",-0.706124446229858,1.11218574664694,8,NA,NA,NA
"control","VUT_LUX",0.11449308654446,0.725618127176912,10,NA,NA,NA
"control","AIA_BHR",-0.495348708718213,1.01138377864854,9,NA,NA,NA
"control","ALB_CYM",0.213882097459563,0.274019766416323,8,NA,NA,NA
"control","ASM_MMR",0.482135409457356,1.56516240928454,8,NA,NA,NA
"control","ASM_MRT",-0.0483050765847178,0.811641758803046,10,NA,NA,NA
"control","ATG_BHR",0.0551268441353776,0.750902711270218,10,NA,NA,NA
"control","AZE_ABW",0.0656794814570037,0.815181815827934,10,NA,NA,NA
"control","BIH_BMU",-0.242718179745012,0.255711282147436,10,NA,NA,NA
"control","BIH_MWI",-0.238244979646497,1.46140214848964,10,NA,NA,NA
"control","BLZ_MMR",-0.379444283112721,1.55993525309826,10,NA,NA,NA
"control","BRN_MOZ",0.812053534654005,0.932916229176749,9,NA,NA,NA
"control","CCK_MWI",-0.0247556976367398,0.59710243291563,9,NA,NA,NA
"control","CIV_KIR",-0.0728585619723591,0.852964108267248,9,NA,NA,NA
"control","CIV_MHL",-0.678786402336304,2.77341136401909,10,NA,NA,NA
"control","COM_BHR",0.142291004322777,0.984653936191165,10,NA,NA,NA
"control","COM_BMU",0.440779788700114,0.677672507465502,8,NA,NA,NA
"control","CPV_MMR",0.522566463656588,1.62729772324488,10,NA,NA,NA
"control","CRI_COD",0.550305370879501,0.999462441518897,8,NA,NA,NA
"control","CUW_GMB",0.412935408136006,0.664338304336567,10,NA,NA,NA
"control","CXR_BHR",0.000215661432916875,2.66110697178304,8,NA,NA,NA
"control","CXR_MOZ",-0.241181305188828,0.278180547037012,9,NA,NA,NA
"control","DMA_MAR",0.181951791276098,1.01455565773953,10,NA,NA,NA
"control","ERI_MLT",-0.231211877599999,0.696483952983519,8,NA,NA,NA
"control","GEO_BMU",0.198274028760421,0.996794137532491,10,NA,NA,NA
"control","GEO_MRT",-0.416707968530822,0.271293826095387,8,NA,NA,NA
"control","GIN_BHR",0.540153833234464,0.810940552810362,10,NA,NA,NA
"control","GMB_BHR",-0.383636714053252,3.24022223293274,8,NA,NA,NA
"control","GRC_PLW",-0.262603086890634,1.13557372663935,10,NA,NA,NA
"control","GTM_MRT",0.297294066971203,1.20000851428939,8,NA,NA,NA
"control","HTI_BMU",0.241687444194091,1.13760944818971,10,NA,NA,NA
"control","JOR_SWZ",-0.062122187050698,0.210155070674539,9,NA,NA,NA
"control","KGZ_CIV",0.172717125079828,1.85421728791067,9,NA,NA,NA
"control","KNA_SYC",0.263349567619498,0.29746332119943,9,NA,NA,NA
"control","KWT_COD",1.02379446494001,0.744894944803795,8,NA,NA,NA
"control","LAO_SLV",-0.387988351030369,0.324977621241741,10,NA,NA,NA
"control","LSO_BIH",-0.503818903299526,1.10963920851826,9,NA,NA,NA
"control","LSO_CMR",-0.169618607458941,0.763910500400135,8,NA,NA,NA
"control","LTU_BRN",-0.558629851095815,2.15396235472828,9,NA,NA,NA
"control","MHL_BHR",-0.241894965188213,0.488685738972844,9,NA,NA,NA
"control","MKD_GNQ",-0.145151762914964,1.00342422620636,9,NA,NA,NA
"control","MLI_ARM",-0.420712375128103,1.53957218460043,10,NA,NA,NA
"control","MLI_SYC",0.22584909871076,1.04012734836068,9,NA,NA,NA
"control","MMR_GEO",-0.166233250789626,0.993019022150478,8,NA,NA,NA
"control","MMR_PAN",1.08144565006874,2.13471480243577,9,NA,NA,NA
"control","MNE_AGO",0.0926554453361397,0.890266771763389,8,NA,NA,NA
"control","MNE_AZE",0.700840948366452,1.45889051025335,9,NA,NA,NA
"control","MNE_NGA",0.64066513238334,1.30239747964859,9,NA,NA,NA
"control","MNP_PHL",-0.273422583155425,2.16081756158905,8,NA,NA,NA
"control","MRT_SLV",-0.239553328028976,1.36334566541748,10,NA,NA,NA
"control","NCL_BHR",0.610729638946007,0.753890281894533,9,NA,NA,NA
"control","NER_BLR",0.261870643239129,0.940099509154658,9,NA,NA,NA
"control","NER_MMR",0.0116250785038719,1.1755282331641,9,NA,NA,NA
"control","NGA_LSO",-0.259631153859515,1.55147295780562,10,NA,NA,NA
"control","NIU_BOL",-0.0904487831449476,1.16027846133907,8,NA,NA,NA
"control","NPL_ATG",0.0730184001406284,0.866407706693644,9,NA,NA,NA
"control","NRU_SYC",0.559473936146951,0.56666478699679,9,NA,NA,NA
"control","PNG_MMR",0.0330357510038279,0.617328668655659,8,NA,NA,NA
"control","PRK_LAO",-0.456202581782254,0.911319373677773,10,NA,NA,NA
"control","PRY_NPL",0.159766588530278,0.920613896476346,8,NA,NA,NA
"control","PSE_BMU",-0.251926476450184,1.46682608048366,10,NA,NA,NA
"control","PSE_IND",0.108685055740893,0.610179948756022,8,NA,NA,NA
"control","PSE_THA",-0.161879255906911,1.36342952520689,8,NA,NA,NA
"control","QAT_GMB",0.187886786227154,1.0337147363075,10,NA,NA,NA
"control","SHN_BHR",0.0234146964794084,0.630674900159466,10,NA,NA,NA
"control","SLE_BDI",-0.203047904852838,1.04078691316793,8,NA,NA,NA
"control","SLE_BHR",-0.469292830815233,0.410852419487799,9,NA,NA,NA
"control","SLE_MMR",0.417344490510277,0.362246550468872,9,NA,NA,NA
"control","SLE_SLV",-0.398839678183272,0.434589921558559,10,NA,NA,NA
"control","SLV_NPL",-0.703721262851798,0.488206599227257,10,NA,NA,NA
"control","SMR_PRY",-0.417325315198214,0.529235299529142,10,NA,NA,NA
"control","STP_BHR",-0.0318444679648821,1.24501069574933,9,NA,NA,NA
"control","SWZ_LAO",-0.357038910466184,1.88098954541581,9,NA,NA,NA
"control","SWZ_MMR",-0.225922069399702,0.762223640939993,10,NA,NA,NA
"control","SYC_PSE",-0.200236034278198,0.985971206620961,9,NA,NA,NA
"control","TCA_BDI",0.563541729415469,2.14125668875007,9,NA,NA,NA
"control","TCD_BHR",-0.0350339509032805,1.80968236732228,8,NA,NA,NA
"control","TKL_MMR",0.282854174189279,0.288460029112802,10,NA,NA,NA
"control","TKL_MRT",0.559858530584753,0.86670211708084,9,NA,NA,NA
"control","TKL_RUS",-0.277842493024474,0.68765603893335,10,NA,NA,NA
"control","TLS_STP",-0.444156435965035,0.541958576674391,9,NA,NA,NA
"control","TTO_LAO",-0.0419921144263374,1.87346893977341,9,NA,NA,NA
"control","TZA_MNE",-0.0960903899633715,0.683959257676007,10,NA,NA,NA
"control","UMI_BMU",-0.23318854699252,0.530510406189401,10,NA,NA,NA
"control","VAT_BHR",-0.363537523042945,0.653833732103497,10,NA,NA,NA
"control","VAT_LKA",-0.279441549093634,0.828755558739765,9,NA,NA,NA
"control","VCT_BRN",0.255651908383626,0.361020923671246,8,NA,NA,NA
"control","VCT_MWI",0.221940375474924,0.630304937696477,9,NA,NA,NA
"control","VUT_MRT",0.0333885876589551,0.601080509897056,10,NA,NA,NA
"control","WLF_SYC",-0.425150550556985,0.997294225732131,8,NA,NA,NA
"control","YEM_MMR",-0.238270649020376,0.600618957005847,9,NA,NA,NA
"control","ABW_CUW",0.570669213273259,0.616258237992944,9,NA,NA,NA
"control","ABW_KWT",-0.203297800355116,1.49403885971685,8,NA,NA,NA
"control","AND_QAT",-0.0227615466210111,0.856240339246558,9,NA,NA,NA
"control","ARG_CUW",0.181141707668048,0.551808454576709,9,NA,NA,NA
"control","ARG_SLB",0.169456651468629,0.558587873081758,8,NA,NA,NA
"control","ATG_CUW",-0.0296903979955454,0.345490708116749,9,NA,NA,NA
"control","AUS_CUW",-0.0960141316838841,1.09661143665668,9,NA,NA,NA
"control","BFA_BIH",-0.207461155477928,1.09180429263787,8,NA,NA,NA
"control","BHR_COD",0.161891616568817,1.36676026108721,8,NA,NA,NA
"control","BHS_KWT",0.250161196058565,1.07909750327298,8,NA,NA,NA
"control","BIH_GMB",-0.202310829539351,0.363929756179013,9,NA,NA,NA
"control","BRA_CUW",-0.330881787328923,1.80620499933292,9,NA,NA,NA
"control","BRB_CUW",-0.0852156012857641,1.13726399358286,9,NA,NA,NA
"control","CAN_CUW",0.603031232800682,1.10043213234948,9,NA,NA,NA
"control","CHE_CUW",-0.0825066473129527,1.22112144734418,9,NA,NA,NA
"control","CHL_CUW",0.168402772920782,1.43313365576046,9,NA,NA,NA
"control","CHN_BES",-0.122210138747603,0.964627608542097,8,NA,NA,NA
"control","CHN_CUW",0.0300920428876151,0.569293158658622,9,NA,NA,NA
"control","COG_IRQ",0.409150330576937,0.785717755509952,9,NA,NA,NA
"control","COL_CUW",-0.0679903757132429,1.67870251108857,9,NA,NA,NA
"control","CPV_NPL",0.291247191303811,0.426456951459315,8,NA,NA,NA
"control","CRI_CUW",0.241603321369751,0.949722034756941,9,NA,NA,NA
"control","CUW_ABW",0.188139145646586,1.52461072566541,9,NA,NA,NA
"control","CUW_AGO",-0.347686777891665,2.6756381019355,8,NA,NA,NA
"control","CUW_ARG",0.0235431333203115,0.557480484210145,9,NA,NA,NA
"control","CUW_ATG",-0.298845379424107,0.736734181140132,9,NA,NA,NA
"control","CUW_AUS",0.0435207971461046,0.41713468510031,9,NA,NA,NA
"control","CUW_BHS",0.207123643252133,0.569346267428413,8,NA,NA,NA
"control","CUW_BLZ",-0.0156724689040716,1.01334043564147,9,NA,NA,NA
"control","CUW_BMU",0.320304177555856,0.790888259905766,9,NA,NA,NA
"control","CUW_BOL",0.492646753296367,1.81250441008035,9,NA,NA,NA
"control","CUW_BRA",0.339122815659812,0.605994574814917,9,NA,NA,NA
"control","CUW_BRB",-0.388968755410679,1.58867847240968,9,NA,NA,NA
"control","CUW_CAN",0.0837866061262199,0.833624114471247,9,NA,NA,NA
"control","CUW_CHE",-0.182244544524521,0.650306070725584,9,NA,NA,NA
"control","CUW_CHL",-0.576914243439435,1.26020073447236,8,NA,NA,NA
"control","CUW_CHN",0.812736866105081,1.12376061846474,9,NA,NA,NA
"control","CUW_COL",-0.032732738557916,1.04291710159336,9,NA,NA,NA
"control","CUW_CRI",0.187288500410258,0.443237736751383,9,NA,NA,NA
"control","CUW_DOM",0.0535947413605474,1.03673032255628,9,NA,NA,NA
"control","CUW_ECU",-0.0662995915922876,1.16381911167347,9,NA,NA,NA
"control","CUW_FJI",-0.143005481455165,0.694377886925161,9,NA,NA,NA
"control","CUW_GHA",-0.100700064982871,1.08328767510191,9,NA,NA,NA
"control","CUW_GRD",0.352423854285666,0.73327832321246,9,NA,NA,NA
"control","CUW_GTM",0.608670728757757,1.10178820852882,9,NA,NA,NA
"control","CUW_GUY",0.373750723078015,0.99881499778236,9,NA,NA,NA
"control","CUW_HND",-0.212307894877218,1.13965669130735,8,NA,NA,NA
"control","CUW_IDN",-0.136357478925835,1.67942484851719,9,NA,NA,NA
"control","CUW_IND",0.128315411552637,1.35032198695466,9,NA,NA,NA
"control","CUW_JAM",-0.821957856307761,1.6911148685558,9,NA,NA,NA
"control","CUW_JPN",0.364358234738038,0.534032417414194,9,NA,NA,NA
"control","CUW_KOR",-0.161279255794492,1.451211883294,9,NA,NA,NA
"control","CUW_LCA",-0.234714807758436,1.21328894568758,9,NA,NA,NA
"control","CUW_MOZ",0.11932849489285,0.424392090349204,9,NA,NA,NA
"control","CUW_MYS",-0.579414090796672,0.505064158565017,9,NA,NA,NA
"control","CUW_NIC",-0.0354585849135554,1.56866819324832,9,NA,NA,NA
"control","CUW_NOR",-0.0679681164177113,0.862765809921124,9,NA,NA,NA
"control","CUW_PAK",0.149661224953412,1.36092760257183,9,NA,NA,NA
"control","CUW_PER",0.227806207689698,0.678663896865839,9,NA,NA,NA
"control","CUW_RUS",0.254441300458819,0.688367221435749,9,NA,NA,NA
"control","CUW_SAU",0.277608695589019,0.301536805382334,9,NA,NA,NA
"control","CUW_SGP",-0.231729171651207,0.510769355103926,9,NA,NA,NA
"control","CUW_SLV",0.150232156340634,1.29231972669678,9,NA,NA,NA
"control","CUW_SUR",0.277923236377095,0.668752882107396,9,NA,NA,NA
"control","CUW_SYC",0.331293282504704,0.95076754905027,9,NA,NA,NA
"control","CUW_THA",-0.375344360350589,0.47717249068376,9,NA,NA,NA
"control","CUW_TWN",-0.537104482010697,0.412472994562172,9,NA,NA,NA
"control","CUW_TZA",0.187069725850356,0.853698211390899,9,NA,NA,NA
"control","CUW_USA",-0.251478013561281,2.12184680214538,9,NA,NA,NA
"control","CUW_VCT",0.24121284933062,1.01524281280222,9,NA,NA,NA
"control","CUW_ZAF",-0.20267067288655,0.531647567027256,9,NA,NA,NA
"control","CUW_ZMB",-0.0234595967887655,0.534693246677134,9,NA,NA,NA
"control","CUW_ZWE",-0.314835764487024,1.07219719581211,8,NA,NA,NA
"control","DOM_CUW",-0.136103273290184,0.974779436490993,8,NA,NA,NA
"control","ECU_CUW",-0.241194578505477,1.14443631956207,9,NA,NA,NA
"control","GEO_SEN",0.150802887368544,2.34196685030912,9,NA,NA,NA
"control","GTM_CUW",0.264800860089493,1.73724447043693,9,NA,NA,NA
"control","GUY_CUW",-0.159128569087167,0.314661939065812,9,NA,NA,NA
"control","HND_CUW",-0.00610930719922659,0.84607233016561,8,NA,NA,NA
"control","IDN_CUW",-0.699279549942818,0.726944748982148,9,NA,NA,NA
"control","IND_CUW",0.104262204885348,1.02640729495407,9,NA,NA,NA
"control","ISR_CUW",-0.111497429042582,0.940170912973179,9,NA,NA,NA
"control","JAM_CUW",0.128973296064242,1.2085411587051,9,NA,NA,NA
"control","JAM_SXM",-0.108626295152591,0.958003766746024,9,NA,NA,NA
"control","JPN_CUW",0.0452259794693274,0.990440789649025,9,NA,NA,NA
"control","KHM_GUM",-0.0451828000854008,1.0956187566118,9,NA,NA,NA
"control","KNA_SGP",0.141471391152588,0.968615903912919,9,NA,NA,NA
"control","KOR_CUW",0.167249268302658,1.72304826989355,9,NA,NA,NA
"control","LCA_CUW",-0.538340763461624,0.116942526674593,8,NA,NA,NA
"control","LKA_CUW",-0.440807545934474,0.834699591043639,8,NA,NA,NA
"control","LSO_ECU",0.0239550242229221,0.558117989853626,8,NA,NA,NA
"control","MAR_CUW",-0.383142846068847,1.42049797839741,9,NA,NA,NA
"control","MEX_CUW",0.243174352571068,0.726492218529316,9,NA,NA,NA
"control","MHL_GRL",-0.609618129969922,1.19881330056821,8,NA,NA,NA
"control","MMR_KGZ",-0.920279919683961,1.04683301369007,9,NA,NA,NA
"control","MNE_IDN",0.366478386191757,0.480440105809999,8,NA,NA,NA
"control","MNE_LBN",0.224781548176623,1.04733874258459,9,NA,NA,NA
"control","MNE_PAK",-0.218840787571785,0.66985627412964,9,NA,NA,NA
"control","MOZ_CUW",-0.0647962448944553,0.894307196073248,9,NA,NA,NA
"control","MRT_COD",0.211732419689776,1.58077369437987,9,NA,NA,NA
"control","MRT_IRN",-0.161752661568633,1.15646568953689,8,NA,NA,NA
"control","MRT_LBR",-0.271537742418148,0.574815243664156,9,NA,NA,NA
"control","MYS_CUW",-0.104720132281581,0.870168805675269,9,NA,NA,NA
"control","NAM_CUW",-0.27238341923019,0.381566955086628,8,NA,NA,NA
"control","NGA_PSE",-0.273575252922553,1.19109718113687,9,NA,NA,NA
"control","NIC_CUW",0.149047038387598,1.00954618760336,9,NA,NA,NA
"control","NOR_CUW",-0.355848315156847,1.85476917837238,9,NA,NA,NA
"control","NOR_SXM",-0.478956557131777,1.4834328771198,9,NA,NA,NA
"control","NZL_CUW",-0.124849265949931,1.17860791219209,9,NA,NA,NA
"control","PER_CUW",0.101585420527698,1.36378269004423,9,NA,NA,NA
"control","PHL_CUW",0.709012652349469,0.66618682495857,9,NA,NA,NA
"control","POL_MNP",-0.166401791717819,0.770514748659904,8,NA,NA,NA
"control","PRT_VAT",0.279432723832935,0.557761596489515,8,NA,NA,NA
"control","PRY_CUW",0.341851710785084,1.40227082468135,9,NA,NA,NA
"control","PSE_MRT",0.217176489077592,0.326997435067429,8,NA,NA,NA
"control","QAT_MNE",-0.695300703742165,1.18442690758692,9,NA,NA,NA
"control","RUS_CUW",0.812527928708569,0.820244287869483,9,NA,NA,NA
"control","SGP_CUW",-0.285644345199577,0.753359467774334,9,NA,NA,NA
"control","SHN_BLR",0.390852472305896,1.03687393659011,8,NA,NA,NA
"control","SLE_COG",0.162070235461718,0.410676266888699,8,NA,NA,NA
"control","SLV_CUW",0.906871215850403,0.309899416596704,9,NA,NA,NA
"control","SMR_ECU",-0.0178858458941029,0.806904389047469,9,NA,NA,NA
"control","SUR_BLR",-0.163994817483111,0.570230409509731,8,NA,NA,NA
"control","SUR_CUW",0.125564630606538,0.341732135452668,9,NA,NA,NA
"control","SUR_NPL",-0.229411561429761,0.680027173413055,8,NA,NA,NA
"control","SXM_USA",-0.230813580320107,0.702555034597916,9,NA,NA,NA
"control","TCA_STP",-0.0345745490766611,2.30909253146982,8,NA,NA,NA
"control","THA_CUW",-0.520387151020632,0.580491662458366,9,NA,NA,NA
"control","TJK_PHL",0.120322076959837,0.982903921950605,8,NA,NA,NA
"control","TKL_SLV",-0.189289287315661,1.24617524866685,9,NA,NA,NA
"control","TUR_CUW",0.580291104568032,0.677255899856087,9,NA,NA,NA
"control","TWN_CUW",0.127050387577689,0.985847665808708,9,NA,NA,NA
"control","UGA_BMU",-0.334227992772309,1.60106944809149,8,NA,NA,NA
"control","URY_CUW",-0.234714644169635,0.805916059971166,9,NA,NA,NA
"control","USA_CUW",-0.589292872259683,0.824288185994845,9,NA,NA,NA
"control","USA_SXM",0.387335488614328,1.10623697266783,9,NA,NA,NA
"control","VCT_CUW",0.0537164939364961,1.56147682502228,9,NA,NA,NA
"control","VUT_BHR",0.395586805974786,0.255568983941458,9,NA,NA,NA
"control","WSM_BHR",-0.280432822717214,0.375070702950243,8,NA,NA,NA
"control","WSM_PRY",0.315419498332741,0.530788863138139,8,NA,NA,NA
"control","ZAF_CUW",0.226728604979529,0.968321640916242,9,NA,NA,NA
"control","ABW_ARE",0.141287377653132,0.983987476137821,8,NA,NA,NA
"control","ABW_JOR",0.458898209309952,1.49989036847137,8,NA,NA,NA
"control","AFG_MMR",0.591023716769725,1.75782356284057,8,NA,NA,NA
"control","ARE_CUW",-0.503615447048552,0.462591299300961,8,NA,NA,NA
"control","ARE_CYM",-0.392119237825582,0.50242305840397,8,NA,NA,NA
"control","ARE_GIB",0.104739640149313,1.33259023893235,8,NA,NA,NA
"control","ARE_GNB",-0.232118061185131,0.880377050391857,8,NA,NA,NA
"control","ARE_MNP",-0.064737399418026,0.322147051354064,8,NA,NA,NA
"control","ARE_VGB",-0.465542081352994,1.45739365129424,8,NA,NA,NA
"control","ATA_DOM",-0.303294220112179,0.553615425025342,8,NA,NA,NA
"control","AUS_SSD",-0.418966925808919,1.58268409220002,8,NA,NA,NA
"control","BHR_BHS",-0.461957282450241,1.37479499358421,8,NA,NA,NA
"control","BHR_MHL",0.59742999491561,0.664711938213551,8,NA,NA,NA
"control","BRB_BES",1.39235480663162,1.0069786783428,8,NA,NA,NA
"control","BRB_SXM",0.193336418570171,0.937593825282103,8,NA,NA,NA
"control","CHE_SSD",0.419824302057701,0.725146529141528,8,NA,NA,NA
"control","CHN_SSD",-0.272807227562948,1.04251051440535,8,NA,NA,NA
"control","CIV_CUW",0.113715044450781,1.89705907681001,8,NA,NA,NA
"control","CPV_BHR",0.900422951231459,0.396713683843037,8,NA,NA,NA
"control","CUW_ARE",0.410173589755142,0.78180580292295,8,NA,NA,NA
"control","CUW_PHL",-0.480604428626714,0.736692349896143,8,NA,NA,NA
"control","CYM_MNE",0.180073163524393,0.53087914427269,8,NA,NA,NA
"control","DOM_MHL",-0.464420850473195,2.16850945425457,8,NA,NA,NA
"control","GRD_ARE",0.341513114210982,0.892268027111651,8,NA,NA,NA
"control","GRL_MAR",-0.0619966307096466,2.38588428728522,8,NA,NA,NA
"control","HKG_SSD",0.249563705568798,0.608584783026127,8,NA,NA,NA
"control","JPN_SSD",-0.376930192693753,1.44055931019476,8,NA,NA,NA
"control","KOR_SSD",-0.0891124653699588,0.43050650298467,8,NA,NA,NA
"control","LVA_GUM",0.251024265976547,1.11812365227724,8,NA,NA,NA
"control","MDA_BMU",0.530984859895889,0.415324306621606,8,NA,NA,NA
"control","MHL_MOZ",-0.884634046215415,0.757352333802116,8,NA,NA,NA
"control","MMR_SWZ",-0.426330220473456,1.51993748198561,8,NA,NA,NA
"control","MNE_BGD",0.527003039543556,1.39708101916651,8,NA,NA,NA
"control","MSR_ARE",0.0990357377866783,1.58443559583605,8,NA,NA,NA
"control","MSR_BHR",0.240824986053204,1.08311858912375,8,NA,NA,NA
"control","NIU_BHR",0.217329362948559,1.40865483913711,8,NA,NA,NA
"control","NOR_SSD",0.0695109931195368,0.601511663810309,8,NA,NA,NA
"control","PSE_CRI",0.455895794430736,0.511775636484711,8,NA,NA,NA
"control","PSE_DOM",0.336105384970699,2.02743825776126,8,NA,NA,NA
"control","SGS_THA",-0.350018287719653,0.424043598091416,8,NA,NA,NA
"control","SMR_SGP",0.265810233753908,1.52110019950989,8,NA,NA,NA
"control","SSD_AUS",0.947024022853134,0.53882712339811,8,NA,NA,NA
"control","SSD_CHN",-0.0485264801147479,0.448834590958681,8,NA,NA,NA
"control","SSD_USA",-0.190280988747949,0.736285525288616,8,NA,NA,NA
"control","SXM_BRB",0.166528835373704,1.54468223498341,8,NA,NA,NA
"control","SXM_JAM",-0.54504450211939,0.639541269290189,8,NA,NA,NA
"control","TKL_ARE",0.0552056272508017,0.490008684796455,8,NA,NA,NA
"control","TKL_BHR",0.0468479477171476,0.856253329707498,8,NA,NA,NA
"control","TKL_CIV",-0.302421595969867,1.1374898785996,8,NA,NA,NA
"control","TKL_MAR",-0.464873135208265,1.12351200472173,8,NA,NA,NA
"control","URY_TJK",0.931506603785393,1.43025668119189,8,NA,NA,NA
"control","USA_SSD",-0.626876317280816,0.294138074837187,8,NA,NA,NA
"control","VAT_DOM",-0.508671611055273,0.864425578593341,8,NA,NA,NA
"control","VCT_RWA",0.184466251571722,1.52538112534335,8,NA,NA,NA
"control","VGB_ARE",-0.26273041248654,0.943035366036284,8,NA,NA,NA
"real","__SUMMARY__",-0.220088355622992,-0.196599862499929,27782,0.00515304980925588,0.00100999289459456,0.576978697664209
"control","__SUMMARY__",0.00285068559596608,-0.0042499762695907,27782,0.00436449695983847,0.00412103042813308,3.82835761827839e-05
